7
7
8
7
8
7
8
7
6
6
5
6
5
7
6
7
7
6
6
5
4
2
1
-1
0
-1
-2
-4
-6
-8
-10
-9
-10
-12
-11
-12
-13
-11
-9
-9
-9
-8
-9
-9
-9
-7
-8
-8
-9
-8
-8
-7
-7
-6
-5
-4
-2
0
2
4
6
7
9
10
10
10
11
10
10
10
9
8
7
8
7
7
6
8
9
12
14
15
17
17
16
14
13
12
11
9
8
6
5
4
2
0
0
-4
-5
-5
-6
-7
-8
-7
-6
-8
-8
-8
-9
-10
-11
-13
-14
-15
-16
-16
-17
-18
-17
-15
-15
-12
-12
-10
-9
-8
-4
-2
-1
-1
0
1
2
2
2
3
3
4
4
4
4
4
2
2
2
2
3
4
7
7
9
8
8
7
9
9
9
9
9
8
8
8
7
6
6
4
2
0
-1
-3
-3
-3
-2
-2
-2
-1
0
1
1
3
3
1
-1
-1
-3
-4
-4
-5
-6
-7
-6
-6
-8
-9
-10
-10
-9
-7
-6
-5
-3
-2
0
2
4
5
4
4
4
4
4
3
1
0
-2
-1
-2
-2
-4
-3
-3
-1
-1
-1
0
2
1
3
5
5
5
4
3
2
3
1
0
0
-3
-3
-1
-3
-5
-5
-7
-4
-3
-2
-1
-1
1
3
2
2
3
2
2
0
-1
-2
-3
-3
-3
-3
-2
-2
-1
-1
-1
0
1
3
4
3
6
6
8
8
9
9
8
7
8
8
7
4
3
1
0
-1
-1
-2
-2
-1
0
2
1
3
4
5
6
5
5
3
2
2
0
-1
-2
-3
-4
-5
-4
-5
-4
-5
-4
-4
-4
-5
-4
-4
-2
-1
-2
-2
-2
-1
-2
-3
-3
-4
-6
-8
-8
-8
-9
-7
-7
-6
-4
-3
1
2
5
5
6
7
8
8
7
6
6
4
3
1
1
-2
-2
-2
-3
-4
-4
-5
-5
-4
-5
-3
-3
-3
-3
-2
-2
-3
-3
-3
-4
-5
-5
-5
-6
-7
-7
-7
-7
-6
-6
-5
-5
-4
-2
-2
0
1
3
3
3
4
3
3
2
1
3
2
2
3
4
2
4
4
6
7
7
7
8
8
8
10
10
10
11
12
12
11
11
10
9
7
7
6
6
4
5
4
3
4
4
5
4
4
5
4
6
5
5
4
4
2
1
-1
-3
-3
-4
-5
-7
-6
-9
-10
-11
-11
-9
-9
-7
-8
-6
-4
-2
-2
-3
-3
-3
-3
-4
-5
-7
-8
-9
-10
-10
-11
-10
-10
-10
-7
-6
-4
-2
0
2
4
6
7
8
7
8
6
7
5
4
2
0
-2
-2
-2
-2
-2
-2
-2
-1
-2
-2
0
2
3
4
4
2
1
0
0
-3
-4
-6
-8
-7
-6
-5
-6
-6
-4
-3
-2
-3
-3
-4
-2
-2
0
1
1
2
2
2
1
1
2
2
1
0
0
0
-2
-1
-2
-2
-2
-1
0
1
2
4
5
5
6
7
7
6
7
8
7
6
5
5
4
4
4
3
2
1
0
0
0
-1
-3
-3
-2
-2
-1
-1
-1
-1
1
2
4
3
3
2
0
0
1
0
-2
-3
-3
-4
-4
-3
-3
-3
-2
0
1
3
2
3
2
2
2
2
1
1
-2
-2
-4
-3
-2
-2
-1
-1
-1
0
4
6
7
8
7
9
9
9
6
5
3
1
1
-1
-2
-4
-5
-6
-7
-5
-5
-4
-1
1
3
5
5
6
7
7
8
7
5
5
3
-1
-2
-4
-5
-8
-10
-10
-10
-9
-9
-9
-7
-7
-6
-5
-5
-4
-3
-2
-2
-3
-3
-3
-3
-4
-3
-5
-8
-6
-8
-8
-5
-5
-4
-3
-1
1
2
1
2
4
5
4
4
4
1
1
0
-1
-2
-3
-3
-3
-2
0
0
0
-1
-1
0
-1
1
2
3
2
2
2
4
4
3
3
2
5
6
5
5
6
6
5
4
4
3
4
4
4
3
3
5
4
4
4
4
3
2
1
1
1
2
2
2
1
1
0
1
2
1
0
0
0
0
0
2
2
2
2
2
4
4
5
4
3
2
2
1
1
2
0
-1
-1
-1
-1
0
0
1
3
4
7
7
10
8
8
8
7
7
6
3
2
-1
-2
-3
-6
-8
-9
-7
-7
-7
-8
-8
-6
-4
-2
-3
-3
-4
-4
-3
-3
-5
-8
-10
-11
-14
-14
-16
-17
-18
-19
-17
-16
-13
-13
-13
-13
-12
-10
-8
-6
-5
-6
-5
-3
-2
-2
-1
-1
-1
-2
-2
-2
-1
0
0
2
4
5
5
8
8
8
8
7
6
5
5
3
1
-1
-2
-3
-4
-5
-5
-4
-2
-1
0
2
4
7
8
8
10
8
10
12
12
10
9
10
10
11
10
10
10
9
9
9
11
11
12
12
13
14
16
16
17
17
16
15
17
16
16
15
13
12
10
10
8
5
2
1
-2
-2
-2
-3
-5
-5
-6
-6
-6
-7
-10
-11
-12
-13
-14
-14
-16
-17
-16
-18
-18
-19
-20
-20
-21
-20
-19
-17
-15
-13
-11
-10
-10
-10
-9
-7
-6
-6
-5
-5
-5
-4
-3
-2
-2
-3
-3
-2
-1
2
4
4
5
6
8
10
11
11
13
14
14
14
13
12
12
11
10
9
8
6
6
6
6
7
6
6
7
6
6
7
6
6
6
6
3
3
2
0
-2
-2
-4
-6
-6
-6
-7
-7
-8
-8
-8
-7
-8
-7
-6
-4
-4
-2
0
0
1
1
-1
-2
-3
-4
-4
-4
-5
-6
-7
-6
-6
-5
-4
-4
-4
-3
-2
-2
-1
-2
-2
-3
-4
-5
-6
-6
-7
-7
-7
-7
-7
-9
-7
-7
-7
-8
-8
-7
-7
-6
-3
-3
-3
-3
-3
0
1
1
2
3
3
2
2
2
2
4
4
4
6
7
9
8
8
8
8
8
8
8
8
8
8
7
7
8
8
8
9
8
9
9
9
8
9
10
10
10
9
10
12
10
9
7
8
7
8
9
10
8
9
9
7
7
6
6
4
3
3
2
3
3
3
2
1
0
0
0
0
-1
0
1
2
2
2
0
-2
-3
-4
-3
-4
-6
-9
-10
-11
-13
-14
-15
-15
-15
-13
-13
-12
-11
-11
-9
-7
-5
-3
-3
-4
-5
-5
-6
-7
-7
-8
-10
-11
-10
-10
-11
-11
-10
-9
-9
-8
-7
-5
-4
-4
-3
-5
-4
-5
-5
-4
-4
-5
-6
-6
-5
-5
-3
-2
-3
-3
-2
0
0
0
0
1
-2
-2
-2
0
0
-1
-2
-2
-1
-1
-1
-2
-1
-1
2
3
4
5
5
5
7
8
9
9
10
11
11
12
13
12
12
10
9
10
11
12
12
14
13
15
15
15
15
15
15
14
14
13
13
12
11
11
11
11
9
8
9
9
7
5
4
3
2
3
1
1
-1
-2
-2
-1
-3
-4
-6
-7
-9
-9
-9
-11
-11
-11
-11
-11
-11
-12
-11
-11
-12
-11
-10
-10
-11
-11
-11
-10
-10
-9
-8
-8
-8
-7
-4
-4
-3
-3
-3
-2
-3
-2
-2
-1
-2
-2
-3
-4
-4
-4
-1
0
0
2
1
1
2
3
4
2
1
0
-1
0
-2
-4
-3
-5
-7
-8
-8
-8
-9
-8
-5
-4
-3
-1
-3
-2
-3
-2
-2
-1
0
-2
-2
-2
-1
-1
0
-1
-2
-1
0
0
2
3
3
5
4
5
5
5
5
4
4
5
6
6
6
8
8
10
11
12
10
8
9
10
11
10
11
11
8
8
9
10
9
7
6
7
5
5
6
4
4
4
4
4
3
2
1
0
-2
-4
-5
-7
-6
-6
-5
-2
-2
0
-1
-1
-1
-1
-1
-1
-3
-4
-4
-3
-2
-2
-3
-4
-4
-4
-4
-5
-6
-7
-7
-6
-6
-7
-6
-5
-2
1
4
5
2
1
1
-1
-1
-1
-1
-4
-6
-8
-9
-9
-7
-5
-3
-4
-3
-3
-2
-1
2
2
2
3
2
0
-1
-1
-3
-5
-4
-5
-4
-3
-3
-3
-2
-3
-4
-4
-4
-2
0
1
4
6
6
6
6
4
4
2
-1
1
-3
-4
-5
-5
-5
-6
-5
-3
0
2
5
7
7
7
6
6
5
4
4
5
4
3
-1
-3
-4
-4
-3
-1
1
1
3
3
2
2
1
2
4
8
8
10
9
8
6
4
1
-1
-1
-1
-1
-2
-3
-2
-3
-1
-1
2
1
-1
-1
-3
-4
-5
-5
-5
-4
-4
-4
-3
-2
-2
-2
-2
-2
-3
-2
-5
-8
-9
-7
-5
-2
0
2
2
3
4
3
0
-1
1
1
2
5
7
8
8
8
7
5
4
3
2
-1
-3
-3
-4
-4
-5
-2
2
5
7
7
8
8
7
6
6
6
5
6
6
3
3
1
-2
-3
-6
-7
-9
-10
-9
-10
-8
-8
-5
0
3
6
8
9
9
8
6
3
-1
-4
-8
-9
-10
-10
-10
-8
-7
-6
-3
-2
0
1
0
0
1
3
5
5
5
6
4
0
-6
-11
-14
-15
-16
-16
-15
-14
-12
-13
-13
-9
-7
-4
0
4
8
9
11
11
11
8
8
6
6
5
5
2
0
-5
-7
-7
-7
-4
0
4
8
11
12
11
9
11
11
13
16
15
14
9
4
-1
-5
-5
-7
-5
-6
-7
-7
-7
-7
-2
2
8
12
14
18
18
17
15
14
12
10
11
10
10
12
14
12
7
4
1
-1
-3
-2
-1
0
-1
-1
-4
-7
-8
-7
-8
-9
-8
-9
-13
-15
-15
-18
-21
-22
-19
-17
-19
-19
-19
-19
-19
-16
-15
-14
-11
-10
-11
-12
-13
-14
-16
-16
-15
-14
-14
-12
-10
-11
-10
-9
-7
-6
-3
0
4
8
13
14
16
16
17
18
18
22
28
31
35
35
36
35
33
32
32
34
35
36
39
35
30
24
17
14
11
12
14
16
17
14
7
-2
-12
-18
-24
-26
-24
-21
-18
-16
-16
-17
-19
-20
-21
-20
-17
-14
-13
-12
-13
-18
-22
-26
-28
-27
-29
-28
-27
-28
-28
-29
-32
-35
-37
-39
-38
-36
-35
-32
-29
-26
-19
-17
-14
-10
-7
-3
0
6
10
15
22
28
35
43
50
53
54
50
46
43
45
47
51
56
62
62
58
56
53
53
57
60
59
55
45
32
20
7
-3
-8
-7
-5
-1
3
2
-4
-11
-20
-29
-35
-36
-37
-41
-46
-54
-62
-70
-76
-80
-80
-81
-80
-82
-89
-97
-106
-111
-115
-114
-113
-112
-111
-115
-118
-120
-118
-108
-94
-75
-53
-36
-23
-14
-5
5
19
41
64
87
108
120
120
111
110
117
136
162
188
207
214
209
200
188
184
187
195
201
203
197
183
166
149
136
130
128
132
136
136
128
113
97
78
66
60
58
56
54
49
33
8
-20
-50
-75
-98
-117
-142
-182
-232
-286
-340
-382
-403
-402
-390
-379
-382
-403
-443
-482
-500
-496
-465
-430
-406
-397
-405
-411
-404
-376
-312
-224
-121
-28
36
74
98
127
166
217
277
329
381
422
445
454
456
465
479
507
546
572
585
579
552
510
463
424
400
398
414
427
428
412
379
338
299
274
263
258
250
228
186
126
57
-5
-57
-89
-109
-127
-156
-200
-262
-338
-421
-501
-571
-623
-657
-683
-711
-750
-801
-860
-915
-951
-960
-943
-913
-886
-875
-875
-872
-843
-774
-669
-538
-395
-263
-157
-71
7
84
172
270
367
452
531
615
692
746
780
806
843
888
937
970
971
948
914
876
822
764
727
705
687
668
644
608
562
526
495
456
409
362
322
286
253
221
176
122
72
40
13
-25
-78
-142
-214
-298
-386
-467
-544
-613
-673
-736
-807
-877
-931
-973
-1009
-1042
-1074
-1103
-1124
-1139
-1145
-1144
-1126
-1093
-1051
-999
-922
-806
-651
-469
-295
-164
-75
5
79
149
244
388
573
762
900
934
876
802
789
844
943
1058
1151
1191
1154
1035
870
732
681
698
741
766
746
683
600
514
420
334
280
264
269
281
287
275
231
158
75
1
-47
-53
-22
6
-3
-71
-183
-318
-450
-550
-605
-636
-669
-726
-818
-937
-1057
-1155
-1209
-1224
-1217
-1193
-1179
-1185
-1209
-1226
-1213
-1167
-1105
-1030
-931
-790
-607
-407
-212
-42
109
227
298
334
396
556
799
1035
1164
1146
1042
946
899
908
979
1112
1265
1348
1307
1143
931
769
696
679
675
674
672
653
605
515
399
292
228
208
231
277
321
330
296
219
112
1
-76
-94
-77
-54
-57
-112
-226
-380
-536
-664
-755
-818
-860
-908
-982
-1081
-1185
-1286
-1370
-1419
-1419
-1389
-1358
-1342
-1337
-1328
-1309
-1267
-1198
-1101
-963
-771
-547
-326
-129
52
220
360
447
521
641
827
1025
1167
1220
1199
1172
1169
1162
1145
1156
1219
1291
1309
1250
1131
1014
919
825
723
635
599
592
585
561
499
424
364
318
280
266
284
294
266
223
172
108
45
6
-25
-69
-115
-171
-252
-355
-472
-581
-704
-826
-939
-1045
-1145
-1249
-1339
-1404
-1453
-1496
-1516
-1505
-1479
-1442
-1404
-1380
-1362
-1340
-1294
-1219
-1103
-923
-692
-445
-212
-8
165
302
414
539
708
945
1170
1296
1315
1265
1228
1229
1245
1252
1266
1333
1389
1374
1289
1175
1079
1027
989
879
721
633
612
585
543
497
421
328
296
287
254
242
272
280
231
160
84
-8
-79
-71
-28
-32
-99
-196
-331
-500
-612
-689
-801
-918
-1004
-1111
-1297
-1456
-1541
-1618
-1674
-1664
-1586
-1539
-1527
-1486
-1460
-1450
-1420
-1353
-1270
-1186
-1016
-777
-549
-314
-55
202
412
541
639
768
960
1225
1445
1542
1543
1530
1493
1373
1268
1249
1296
1407
1535
1541
1397
1256
1184
1060
877
758
689
624
607
622
569
433
338
283
194
150
198
265
301
312
279
166
6
-124
-181
-185
-175
-187
-231
-312
-457
-615
-749
-908
-1036
-1107
-1187
-1325
-1470
-1592
-1757
-1903
-1937
-1899
-1873
-1808
-1696
-1633
-1621
-1600
-1547
-1511
-1425
-1221
-985
-763
-542
-271
8
255
513
718
852
1018
1285
1493
1521
1535
1618
1660
1621
1570
1498
1372
1345
1459
1509
1431
1434
1534
1485
1277
1077
895
703
628
685
700
640
598
545
432
330
293
334
393
387
361
347
271
108
-8
-41
-128
-235
-283
-334
-421
-460
-472
-621
-845
-1041
-1236
-1451
-1621
-1694
-1787
-1910
-1978
-2039
-2121
-2164
-2064
-1917
-1819
-1725
-1628
-1569
-1546
-1453
-1290
-1115
-857
-475
-112
107
321
630
888
1071
1335
1597
1600
1542
1631
1659
1558
1559
1652
1554
1388
1383
1317
1142
1216
1469
1539
1514
1500
1267
838
613
553
411
409
618
710
646
626
563
324
196
314
400
353
353
402
332
186
37
-137
-342
-499
-509
-493
-507
-565
-727
-964
-1249
-1500
-1719
-1892
-2026
-2113
-2125
-2143
-2274
-2454
-2424
-2246
-2117
-1968
-1741
-1539
-1467
-1415
-1562
-2121
-1992
-725
613
1105
1254
1777
1846
1397
1248
1555
2134
2874
3239
2457
1440
1617
1855
1069
468
733
610
48
277
649
419
430
822
433
-299
-164
363
470
592
1210
1778
1977
2049
2055
1722
1096
680
661
831
955
1095
1040
431
-424
-1099
-1415
-1470
-1299
-979
-757
-808
-1150
-1625
-2121
-2439
-2560
-2545
-2357
-2008
-1610
-1641
-2099
-2458
-2636
-2665
-2450
-1780
-1099
-819
-667
-651
-1001
-1457
-1131
-230
491
1241
2384
3458
3787
3926
3753
2611
1251
524
356
261
585
1128
1057
501
-428
-1611
-2472
-2426
-1747
-910
341
1613
2354
2584
2512
2191
1711
1718
2220
2916
3530
3822
3714
2942
1539
-7
-1092
-1684
-2031
-1891
-1306
-964
-1021
-1237
-1609
-1985
-2125
-1769
-948
-105
476
734
641
16
-931
-1608
-1808
-1752
-1592
-1302
-1274
-1743
-2496
-3225
-3583
-3479
-2855
-1963
-1138
-546
-544
-1025
-1556
-1656
-1131
194
2208
3753
4395
4501
4213
3323
1881
768
293
292
533
768
972
757
47
-927
-1932
-2571
-2444
-1367
-27
1153
2203
2864
3003
2691
2176
1567
1261
1656
2384
3135
3526
3254
2206
438
-1235
-2235
-2469
-2214
-1642
-717
-115
-185
-547
-957
-1290
-1250
-696
83
759
1038
881
305
-647
-1605
-2329
-2613
-2420
-2143
-1965
-1981
-2312
-2880
-3449
-3583
-3239
-2516
-1527
-633
23
223
-311
-1131
-1274
-694
424
2490
4553
5183
4578
3787
2638
736
-619
-824
-322
432
1005
1257
917
153
-907
-2109
-2646
-2214
-966
562
2058
3185
3387
3046
2585
1933
1044
714
1455
2305
2866
3142
2887
1797
-185
-1818
-2528
-2596
-2204
-1406
-195
477
279
-171
-712
-1106
-1165
-824
-78
623
723
362
-55
-830
-1962
-2821
-2923
-2536
-2187
-1788
-1521
-1756
-2452
-3302
-3594
-3175
-2307
-1209
-180
601
596
-144
-833
-1100
-1153
-491
1483
3454
4389
5204
5878
4644
1847
-361
-1603
-1994
-1150
320
1524
2376
2354
608
-1710
-2953
-3428
-3190
-1343
1360
3281
4278
4741
4064
2130
293
-278
304
1295
2359
3480
4025
2919
635
-1227
-2523
-3568
-3582
-2242
-621
426
845
598
-158
-959
-1679
-1893
-1036
-95
212
457
564
-264
-1882
-2924
-3002
-2857
-2554
-1870
-1156
-1068
-1886
-2796
-3014
-2947
-2641
-1421
178
960
959
573
-191
-1052
-1530
-947
909
2940
4009
4976
6247
5378
2221
-294
-1561
-2358
-1999
-279
1420
2499
2876
1549
-951
-2584
-3249
-3536
-2267
542
2851
4120
5131
5016
2848
359
-601
-398
179
1321
2924
3900
3229
1088
-984
-2347
-3556
-3909
-2715
-877
368
779
802
245
-700
-1489
-1850
-1260
-359
110
531
705
8
-1567
-2894
-3091
-2761
-2436
-1851
-947
-763
-1673
-2610
-2770
-2371
-2147
-1383
208
1260
1398
933
362
-591
-1698
-1300
456
2286
3402
4759
6636
6126
2992
136
-1565
-2697
-2615
-1036
616
2185
3230
2027
-461
-2009
-2879
-3846
-3164
-497
1683
3145
4924
5615
3692
839
-529
-733
-747
-110
1565
3283
3301
1572
-84
-1235
-2890
-4239
-3602
-1832
-550
315
1033
1110
244
-973
-1706
-1542
-1020
-739
-158
598
374
-912
-2202
-2731
-2743
-2670
-2128
-996
-380
-965
-1820
-1834
-1661
-1885
-1470
-82
1187
1329
1104
776
-263
-1490
-1729
137
2417
3437
4838
6958
6935
3571
318
-1222
-2748
-3044
-1172
818
2241
3456
2734
-209
-2224
-3200
-4645
-4298
-1398
1139
2466
4339
5582
3819
951
-565
-842
-679
-92
1530
3420
4178
2633
266
-937
-2993
-5127
-4709
-2704
-1010
5
1267
1493
214
-986
-2234
-2475
-1553
-1080
-229
1098
1234
25
-1349
-2237
-2671
-2752
-2329
-1126
-127
-393
-1229
-1486
-1291
-1774
-1859
-638
460
1362
1803
1623
1131
-157
-1047
-379
1333
2540
3549
6366
7647
4506
925
-910
-2648
-3813
-2441
-174
1149
2806
3341
1083
-1260
-2393
-3811
-4490
-2495
174
1939
4423
6455
5159
1845
-318
-1097
-1707
-1617
-258
1791
3041
2159
610
-566
-2484
-4541
-4868
-3539
-2268
-947
891
1632
1028
-17
-1113
-1545
-1580
-1444
-744
228
608
-203
-1223
-1765
-2112
-2288
-2125
-1269
-459
-486
-729
-633
-573
-894
-678
156
755
1181
1111
762
449
-423
-1160
-359
1519
2730
4634
7716
7437
3743
818
-1136
-3224
-3584
-1246
958
2507
4147
3460
640
-1292
-2569
-4629
-5402
-3248
-501
1960
4966
6337
4229
1139
-453
-1379
-2070
-1563
311
2587
3428
2584
1337
-377
-2855
-4849
-4927
-3796
-2416
-392
1172
1342
658
-590
-1634
-2212
-2401
-1861
-765
306
396
-406
-1204
-1820
-2211
-2291
-1977
-1274
-780
-680
-622
-539
-545
-702
-710
-134
714
1396
1597
1085
346
-669
-978
568
2402
3623
5898
8358
6709
2249
-183
-1896
-4037
-3429
-464
1489
2933
4413
3084
-223
-2072
-3199
-4931
-5078
-2373
776
3123
5556
6312
3761
586
-932
-1773
-2284
-1406
770
2796
3249
2226
877
-964
-3568
-5350
-5081
-3706
-2113
-1
1454
1205
314
-791
-1925
-2606
-2733
-1971
-866
-40
205
-439
-1143
-1723
-2243
-2075
-1666
-1192
-655
-441
-208
-102
-126
-147
-434
-70
646
907
1154
1307
943
49
10
1244
2505
3570
5122
6730
6020
2990
439
-1056
-2386
-2276
-37
1509
2157
3415
2704
-225
-1900
-2577
-4126
-4597
-2184
734
2586
4330
4975
3236
579
-1038
-1515
-1440
-470
973
2273
3124
2099
47
-1544
-3451
-5165
-5167
-3685
-2082
-354
995
598
-289
-931
-2088
-2831
-2476
-1708
-863
-180
51
-206
-1029
-1833
-2006
-1846
-1622
-1136
-623
-495
-697
-789
-429
-296
-299
304
1254
1819
1181
383
-40
-551
118
1860
3693
5618
7876
8341
4884
1028
-1011
-2986
-3776
-1877
844
2807
4369
4170
1244
-1316
-2587
-4303
-5298
-3902
-1040
1461
3696
5526
4954
2235
-249
-1450
-2077
-2116
-757
1375
2857
2596
1255
-255
-2201
-4156
-5317
-4815
-3099
-1293
342
1117
1037
116
-1251
-2061
-2561
-2316
-1537
-930
-321
-469
-1127
-1648
-1928
-1843
-1717
-1200
-743
-676
-461
-434
-302
-91
-273
216
1224
1778
1908
1564
1071
59
-696
145
1800
3538
5580
7993
7759
3832
453
-1449
-3513
-3801
-1175
1334
3026
4835
3915
507
-1357
-2416
-4659
-5559
-3211
-202
1821
4166
5761
4269
1086
-952
-1733
-2208
-1835
-180
1905
2967
2272
868
-618
-2745
-4741
-5180
-4230
-2662
-761
690
998
573
-346
-1597
-2483
-2532
-2105
-1487
-733
-403
-638
-1327
-1750
-1673
-1618
-1412
-1112
-871
-851
-785
-388
-149
-8
-21
330
1604
1825
1095
1235
1099
-131
-156
1812
2886
4227
7706
8408
4757
1343
-589
-3012
-4150
-1810
814
2332
4286
4597
1677
-986
-1711
-3629
-5728
-4067
-740
1226
3370
5806
5151
1709
-671
-1557
-2170
-2067
-769
1396
2971
2553
1102
-149
-2022
-4340
-5218
-4441
-3206
-1484
335
886
780
96
-1446
-2323
-2260
-1898
-1603
-875
-238
-793
-1452
-1948
-1985
-1681
-1648
-1306
-1214
-1138
-1129
-1049
-432
-419
-178
232
951
2000
1622
1236
1138
590
212
1272
3316
3678
5201
7970
6212
1773
-714
-1876
-3190
-2667
168
2232
3808
4713
2787
-223
-1566
-2243
-3858
-3715
-783
1463
2597
4398
5303
3063
-289
-1749
-1810
-1756
-1425
-35
1970
2423
1031
-422
-1462
-2876
-4351
-4424
-3151
-1636
-335
387
582
401
-658
-1920
-2155
-1899
-1722
-1484
-1002
-868
-1585
-2192
-2407
-2060
-1506
-1315
-874
-794
-1106
-1310
-1217
-542
-529
-461
761
1934
2134
1493
1491
1016
-21
680
2114
3509
5563
8006
7350
2970
-337
-2124
-3672
-3214
-384
2474
4371
5570
3812
64
-1714
-2560
-4163
-4220
-1443
1512
3219
5192
6067
3521
-303
-2313
-2527
-2110
-1185
432
2384
3106
1461
-811
-2125
-3502
-4895
-4674
-2908
-1160
11
676
456
-249
-1388
-2521
-2365
-1508
-960
-840
-603
-742
-1973
-2984
-3139
-2465
-1520
-1042
-692
-773
-1353
-1963
-2181
-1490
-1037
-605
636
1600
2065
1720
1309
807
143
986
2761
4937
7513
8960
6813
1699
-2193
-4030
-4643
-2911
626
4012
6346
6352
2932
-1014
-2687
-4006
-5063
-3285
349
3159
4908
6245
5696
2397
-1205
-2578
-1981
-1198
-421
1004
2241
2109
394
-1563
-2392
-2930
-3829
-3740
-1984
-429
-339
-396
-175
-642
-1673
-2266
-1919
-1255
-1052
-1040
-1077
-1591
-2443
-2927
-2468
-1678
-1166
-835
-947
-1305
-1856
-2245
-1881
-1089
-423
-256
406
1141
657
251
593
447
48
1910
5364
7088
7882
7897
4720
-246
-3397
-4322
-3756
-243
3986
5406
5757
5282
1488
-3267
-4661
-4167
-3977
-1700
2566
5130
5282
4927
3516
453
-1736
-2015
-1018
911
2421
2432
1721
766
-1281
-3230
-3510
-3139
-2619
-1764
-1121
-883
-1016
-1600
-2061
-1966
-1816
-1815
-1246
-579
-802
-1225
-1941
-2731
-2720
-2204
-1301
-618
-360
-818
-2124
-2926
-3242
-3086
-2280
-979
546
698
292
58
-697
-335
518
908
2163
4818
6993
7065
7647
6783
1810
-2456
-3779
-3815
-2056
2135
5227
5342
4742
2522
-1540
-3717
-3276
-2696
-1818
1139
4095
4734
4497
3943
2299
172
-466
523
1442
1719
1020
-56
-980
-2173
-2842
-2370
-1441
-985
-1124
-1364
-1805
-2376
-2701
-2479
-1369
-452
-336
-342
-523
-1303
-2451
-2983
-2956
-2776
-2328
-1416
-415
-546
-1448
-2146
-2853
-3430
-3276
-2245
-990
-158
115
71
164
-487
-1361
-278
1062
1547
3484
6460
7763
7772
7382
4099
-803
-3094
-3470
-2735
870
5000
5740
4771
3625
120
-3768
-3991
-2280
-1232
550
3307
4490
3770
2780
1428
5
-68
1132
2681
3806
3691
1577
-1222
-3055
-4257
-4128
-2506
-722
463
450
-598
-2032
-3213
-3888
-3586
-1921
-428
38
158
-170
-1526
-2978
-3616
-3713
-3031
-1805
-569
55
-387
-1704
-3401
-4042
-3724
-2997
-1614
-588
128
288
-643
-1519
-1596
-854
-262
1196
4197
6013
7077
8914
9006
4804
-742
-3554
-4222
-2607
1517
4456
5136
5687
3747
-1897
-4875
-2810
-1133
-714
1829
4507
4098
2867
2562
1288
-354
130
2344
4521
5363
3603
481
-1681
-3637
-5282
-4437
-1927
-202
465
104
-1024
-1705
-2642
-3737
-2617
-261
304
-228
-323
-924
-2319
-3390
-3350
-2716
-2569
-2491
-1650
-889
-1541
-2822
-3191
-2935
-2595
-2198
-1419
-792
-1353
-1782
-1405
-1320
-1054
230
1108
1258
2896
5316
6293
7259
7773
4616
136
-1575
-2071
-2218
657
4341
4583
3409
2531
-419
-3487
-2607
-42
989
2050
3655
3672
2404
1561
941
459
1182
2908
4297
4848
3989
1524
-1111
-2971
-3817
-3314
-2173
-1191
-593
-803
-1577
-1905
-1707
-1785
-1340
-141
24
-718
-1393
-2142
-2819
-3002
-2804
-2474
-2058
-1974
-2176
-2153
-2301
-2968
-3476
-3140
-2418
-2056
-1550
-1260
-2046
-2574
-2113
-1802
-1235
1005
2607
2751
3890
4533
3859
4997
6740
4472
692
-338
-795
-905
1203
2880
2711
2760
2073
-1016
-2768
-736
1389
1659
2156
2943
2537
2270
2834
2424
1721
2146
2854
3265
3619
2863
851
-373
-1313
-2598
-2411
-1424
-1450
-1944
-2408
-2904
-2545
-1484
-944
-281
978
951
-563
-1632
-2313
-3107
-3252
-2803
-2264
-2203
-2511
-2613
-2753
-3031
-3430
-3582
-3264
-2656
-2056
-1925
-1952
-2232
-2614
-2006
-1162
-730
301
2249
3515
3780
3961
4310
5814
6448
3102
-1100
-1860
-770
111
1477
2542
2851
2948
1055
-2130
-2229
609
2519
3072
3340
2729
1897
2409
3038
2486
2454
3718
4568
4049
2297
125
-1044
-1082
-1139
-1105
-299
-9
-1215
-2782
-3709
-3561
-2444
-1352
-196
1103
1420
542
-730
-1543
-2024
-2575
-2586
-2192
-2414
-3390
-3953
-3787
-3654
-3379
-2829
-2489
-2571
-2800
-2795
-2451
-2359
-2683
-2312
-1500
-906
324
1358
1685
2842
4691
4992
4150
4515
3926
1171
-575
-736
-522
808
2396
1788
652
1171
980
-503
-46
2148
3092
3079
3043
2193
1507
2443
3721
4061
4318
4331
3304
2156
960
-459
-717
-110
-205
-605
-585
-1175
-2206
-2536
-2663
-2419
-1525
-1047
-919
-370
-222
-657
-675
-502
-887
-1674
-2354
-3022
-3791
-4389
-4443
-3885
-3354
-3271
-3174
-2926
-2688
-2810
-3139
-2825
-2416
-2340
-2106
-1903
-1533
-558
1063
2905
4660
6049
6205
5336
3313
116
-1820
-986
858
2093
2329
1238
-235
-926
-1313
-1033
1193
3857
4533
3737
2747
1713
1369
2266
3568
4583
5675
6330
5287
3091
955
-520
-788
-79
328
-69
-631
-1431
-2634
-3182
-2457
-1240
-230
-11
-740
-1441
-1657
-1586
-1005
-159
142
-408
-1409
-2616
-3758
-4238
-4140
-3698
-3325
-3693
-4255
-4244
-3873
-3565
-3110
-2436
-2378
-2623
-2553
-2638
-1956
-282
705
1576
3784
5450
5042
4920
4798
2049
-648
-631
132
1170
2477
1289
-1487
-1999
-1431
-1501
178
3419
4659
3748
2746
1901
1793
3180
4783
5179
5050
5269
4774
3399
2379
1483
839
1143
991
-397
-1421
-1806
-2492
-2583
-1574
-718
-113
176
-820
-1760
-1407
-1179
-1068
-346
5
-600
-1639
-2677
-3542
-3635
-3218
-3080
-3040
-3559
-4693
-5234
-4889
-4041
-3213
-2566
-2484
-3165
-3484
-3505
-2928
-786
988
1143
1485
3427
5234
4696
3203
2164
1827
2367
2169
608
-388
129
-8
-2087
-2957
-841
1479
2378
2376
1635
1153
2229
3562
3561
3860
5383
6047
5516
4868
4122
3696
3605
3000
1904
987
141
-901
-1761
-2274
-2135
-1260
-978
-1417
-1444
-1262
-987
-311
45
-253
-579
-798
-1004
-1307
-1847
-2304
-2326
-2369
-2758
-3250
-3919
-4645
-4914
-4704
-4301
-3861
-3665
-3918
-4229
-4121
-3707
-2813
-1439
-289
664
2202
3463
3510
3858
4426
3222
1784
1665
1315
1403
2263
545
-2839
-3118
-1748
-1884
-1136
1303
2403
2103
1731
1013
1374
4038
6230
5889
5135
5580
5935
5562
5002
3828
2474
2059
1486
63
-795
-999
-1538
-1936
-1849
-2003
-1877
-1177
-987
-737
250
757
548
365
-65
-905
-1461
-1520
-1744
-2105
-2216
-2554
-3276
-4185
-4962
-5075
-4501
-3656
-3548
-3995
-4032
-4332
-4601
-4114
-3041
-1468
-249
158
443
1725
3418
3809
3549
2897
1632
1389
1749
1418
1211
1118
-414
-2545
-2873
-2099
-1251
518
1893
1408
795
1092
1602
2778
4777
5726
5223
5161
5462
5301
5438
5367
4309
3350
2502
939
-224
-287
-649
-1367
-1311
-1342
-1811
-1674
-1523
-1293
66
1217
937
72
-608
-872
-819
-849
-1267
-1908
-2350
-2560
-2703
-3246
-4278
-4767
-4504
-4024
-3753
-4020
-4212
-4383
-4767
-4539
-3587
-2139
-840
-486
-373
514
2005
3028
3662
3883
2652
1170
762
778
1417
1871
315
-1718
-2069
-2052
-2378
-1216
639
1060
771
484
193
1542
4204
5243
4480
4091
4596
5517
6649
6951
5832
4471
3321
1827
652
326
177
-266
-1018
-1749
-2016
-1960
-1866
-1370
-196
767
692
32
-447
-379
-58
-77
-499
-1201
-1973
-2312
-2408
-2865
-3529
-4081
-4498
-4527
-4190
-4272
-4610
-4463
-4370
-4680
-4192
-2598
-1227
-862
-870
-326
1074
2614
3380
3092
2203
1672
1670
1440
960
809
164
-1126
-1605
-1565
-1739
-1046
181
213
-341
-139
366
1332
3162
4350
4165
3802
3993
4824
6237
7170
6674
5581
4432
3046
2203
1823
1183
458
-561
-1861
-2474
-2058
-1543
-1025
37
436
-70
-351
-538
-279
480
612
-25
-920
-1711
-2223
-2125
-1954
-2687
-3559
-4046
-4387
-4473
-4630
-4689
-4804
-5120
-5093
-4608
-3310
-1545
-711
-1147
-1161
232
1117
1440
2384
2650
2076
1722
1249
583
828
896
-1013
-2285
-1443
-991
-1046
-542
-108
-11
326
397
215
1328
3060
3759
3727
3628
4229
5587
6421
6118
5436
4866
4175
3723
3205
1997
997
356
-683
-1525
-1543
-1360
-1197
-532
-11
-207
-437
-246
297
619
340
-385
-1144
-1470
-1539
-1519
-1696
-2291
-2760
-3203
-3716
-4065
-4287
-4470
-4815
-4980
-5136
-5150
-4004
-2257
-1328
-1339
-1205
-401
629
1853
2200
1161
612
1299
1861
1740
1491
621
-939
-1642
-1740
-1923
-937
561
573
-374
-622
-129
824
2035
2265
1660
2052
3284
4269
5042
5628
5554
5037
4839
4682
4356
4210
3517
1997
649
16
-210
-527
-712
-749
-980
-1095
-949
-542
195
787
887
249
-764
-1330
-1448
-1196
-934
-1267
-2122
-3072
-3358
-3046
-2989
-3236
-3890
-4840
-5543
-5562
-4771
-3681
-2491
-1956
-2378
-1897
-108
1310
1868
1824
1054
269
599
1012
957
1651
1683
-390
-2056
-1971
-1528
-840
102
-78
-852
-649
-73
601
1971
2853
2333
1719
1900
2771
4237
5279
5166
4776
4442
4220
4356
4192
3391
2410
1363
245
-219
-12
-185
-374
-374
-852
-1104
-722
-232
370
855
521
-421
-1136
-1295
-1016
-811
-1219
-2055
-2825
-3240
-3115
-2678
-2702
-3189
-3822
-4681
-4939
-4238
-3407
-3022
-2956
-2430
-1260
-234
299
931
1721
1433
393
-37
-18
697
1503
258
-1705
-1548
-564
-748
-1020
-629
-406
-159
-19
-426
229
2271
3125
2311
1747
2081
2936
3789
3985
3760
3953
4427
4490
4212
3777
3141
2497
1761
1118
880
642
235
-72
-271
-432
-322
-72
0
131
135
-151
-425
-676
-743
-683
-811
-1262
-1968
-2528
-2914
-3003
-2687
-2669
-3046
-3579
-4042
-3932
-3556
-3111
-2803
-2821
-2423
-1630
-1098
-434
868
1796
1043
-106
-177
358
1084
954
-839
-2073
-1167
-415
-1069
-1164
-298
82
-123
-569
-824
285
2223
2702
1764
1434
2105
3056
3955
4150
3672
3497
3566
3551
3749
3834
3332
2541
1745
953
645
850
711
345
167
-222
-438
-17
325
294
178
-79
-524
-818
-705
-607
-773
-1093
-1799
-2499
-2683
-2620
-2606
-2796
-3127
-3547
-3820
-3491
-3072
-2818
-2185
-1544
-1501
-1957
-2061
-826
1134
1822
313
-1319
-783
718
992
-225
-1490
-1301
-724
-1516
-2471
-1585
344
919
-263
-1374
-797
1240
2718
2421
1605
1625
2311
3051
3601
3978
3983
3462
2903
2950
3484
3664
3155
2242
1288
738
657
802
895
684
281
-52
-27
334
651
651
359
85
-240
-727
-856
-611
-608
-1108
-1790
-2217
-2361
-2363
-2384
-2636
-3079
-3341
-3278
-3095
-2790
-2068
-1167
-957
-1624
-2005
-1080
663
1446
241
-1382
-1241
133
446
-725
-1519
-970
-494
-1484
-2843
-2441
-582
454
-412
-1714
-1253
748
2155
2118
1645
1784
2284
2668
3164
3752
4036
3643
2802
2480
2949
3559
3544
2627
1534
909
702
787
856
660
268
-208
-322
101
640
982
910
527
60
-390
-503
-392
-452
-698
-1157
-1759
-2228
-2178
-1659
-1608
-2212
-2657
-2750
-2741
-2677
-2229
-1280
-628
-1199
-2469
-2161
311
2017
891
-1538
-2397
-935
252
-860
-2268
-1500
-277
-1288
-3141
-2943
-726
959
81
-2188
-2571
-311
1714
1710
1154
1361
1860
2041
2220
3030
4046
4086
2928
1829
1951
2883
3476
3034
1922
1253
1128
1027
1120
1287
921
14
-621
-491
22
644
1115
946
361
-31
-114
-93
-150
-356
-766
-1298
-1725
-1882
-1723
-1554
-1526
-1431
-1524
-1975
-2247
-1744
-677
-221
-1180
-2472
-2053
137
1542
658
-1042
-1527
-694
-391
-1507
-2104
-978
-439
-2173
-3889
-3076
-626
891
32
-1991
-2358
-622
758
783
882
1462
1473
1005
1226
2496
3951
4292
3217
2047
1965
2637
3059
2743
1959
1267
908
890
1279
1731
1514
582
-302
-649
-482
53
531
435
-111
-449
-285
147
471
385
-171
-917
-1404
-1511
-1482
-1422
-1311
-1167
-1170
-1440
-1465
-628
429
316
-1003
-1909
-1290
75
563
-374
-1380
-1049
-321
-945
-2054
-1646
-515
-1006
-2974
-4054
-2989
-978
-180
-1144
-1989
-1282
-133
174
245
902
1464
1069
364
619
2004
3300
3373
2626
2152
2273
2651
2861
2699
2175
1330
493
304
924
1579
1452
780
259
75
163
417
475
3
-777
-1187
-855
-142
310
230
-148
-528
-777
-836
-805
-759
-601
-528
-897
-1252
-692
485
981
402
-401
-437
353
804
-22
-1266
-1466
-917
-1110
-2107
-2345
-1327
-706
-1717
-3168
-3277
-2077
-1121
-1450
-2287
-2162
-1052
-202
46
469
1118
1193
707
536
1101
1899
2155
1836
1605
1774
2029
2160
2255
2300
2050
1464
903
796
1059
1108
676
173
35
283
670
875
684
32
-769
-1050
-642
-126
-35
-371
-738
-748
-397
-60
9
79
227
26
-486
-425
599
1461
960
-350
-720
473
1781
1490
-114
-1146
-809
-527
-1407
-2247
-1737
-968
-1640
-3087
-3252
-1789
-491
-870
-2276
-2789
-1890
-868
-524
-301
192
439
223
235
934
1794
1958
1349
776
811
1246
1663
1844
1731
1359
959
837
1068
1402
1383
793
44
-301
-140
257
558
523
26
-614
-805
-444
-33
-5
-342
-770
-951
-715
-363
-229
30
562
696
185
-45
833
2121
2232
833
-318
296
1643
1676
421
-362
29
246
-841
-2023
-1511
-257
-817
-2990
-3939
-2519
-680
-586
-1980
-2808
-2111
-1084
-792
-678
-200
17
-380
-597
63
1243
1921
1613
910
580
722
1038
1269
1227
819
318
199
561
987
975
510
111
65
127
130
115
63
-142
-453
-580
-423
-263
-349
-531
-600
-573
-522
-482
-396
3
600
756
442
528
1402
2161
1982
1243
1099
1965
2639
1807
254
-97
762
896
-309
-1191
-650
45
-756
-2461
-2976
-1683
-458
-1001
-2428
-2711
-1692
-852
-833
-902
-553
-253
-341
-335
162
784
954
688
471
555
782
890
812
605
199
-281
-345
143
552
274
-353
-551
-185
230
332
166
-140
-523
-765
-644
-257
-25
-242
-661
-837
-644
-403
-442
-529
-183
363
570
567
1025
1907
2350
1838
1071
1394
2735
3235
1998
558
567
1363
1157
-123
-785
-118
293
-871
-2342
-2172
-765
-250
-1425
-2721
-2438
-1083
-451
-924
-1299
-1042
-757
-636
-245
389
718
544
189
70
326
679
748
475
39
-393
-613
-389
56
69
-539
-1083
-964
-498
-232
-164
-168
-360
-669
-785
-613
-368
-318
-540
-830
-843
-593
-454
-449
-154
399
651
456
439
1186
2222
2541
1980
1608
2246
3123
2887
1712
1156
1788
2092
909
-420
-190
759
449
-979
-1657
-817
191
-240
-1769
-2400
-1410
-407
-645
-1235
-1052
-543
-455
-509
-195
261
380
190
34
136
416
552
324
-57
-328
-573
-759
-627
-437
-713
-1198
-1244
-965
-908
-1003
-954
-955
-1189
-1350
-1154
-792
-621
-723
-892
-792
-452
-413
-719
-531
397
1095
941
657
1168
2161
2537
1975
1646
2443
3349
2856
1373
806
1849
2719
1669
-99
-185
1016
1005
-526
-1420
-605
505
247
-1055
-1585
-656
181
-382
-1319
-1201
-468
-213
-383
-335
37
327
308
154
114
177
164
-18
-305
-528
-629
-682
-676
-718
-1144
-1733
-1719
-1202
-1064
-1404
-1614
-1508
-1389
-1432
-1488
-1406
-1252
-1189
-1197
-1028
-621
-370
-514
-556
94
932
1080
784
1055
2069
2762
2294
1583
2155
3513
3591
2048
824
1267
2341
2025
412
-137
1126
1750
306
-1112
-578
775
902
-416
-1501
-977
281
457
-335
-593
-180
-46
-219
-140
193
389
274
44
-14
110
200
142
-100
-521
-1000
-1309
-1249
-974
-1017
-1543
-1918
-1697
-1369
-1428
-1676
-1821
-1839
-1783
-1675
-1514
-1450
-1515
-1506
-1307
-962
-725
-801
-866
-320
706
1223
936
790
1485
2590
2895
2100
1627
2531
3500
2873
1469
1164
2031
2393
1099
-484
-75
1570
1546
-243
-1025
87
1256
1003
-192
-746
-26
620
59
-564
-79
568
366
-128
-90
434
835
687
238
-16
-80
-237
-409
-436
-496
-806
-1237
-1445
-1365
-1376
-1680
-1899
-1746
-1596
-1799
-2019
-1964
-1851
-1794
-1753
-1876
-2080
-2019
-1662
-1288
-1125
-1186
-1068
-402
434
716
568
806
1758
2727
2568
1652
1762
3068
3532
2319
1101
1278
2229
2382
1055
-145
606
1908
1188
-690
-908
537
1399
709
-402
-422
592
1009
176
-407
169
739
413
-98
59
696
987
603
192
301
503
284
-160
-470
-624
-800
-1071
-1270
-1337
-1496
-1751
-1751
-1514
-1514
-1832
-2117
-2239
-2216
-2021
-1812
-1817
-1969
-2039
-1846
-1421
-1132
-1142
-1016
-414
254
449
462
912
1816
2419
2109
1591
2015
2978
3005
1992
1321
1656
2146
1674
443
2
973
1758
948
-356
-391
580
1068
520
-200
-157
352
387
-12
75
698
933
456
-16
165
772
1093
828
367
151
156
152
52
-121
-409
-856
-1250
-1338
-1287
-1431
-1699
-1840
-1923
-2054
-2092
-1975
-1888
-1899
-1944
-2004
-1993
-1871
-1756
-1671
-1518
-1327
-1095
-674
-75
359
473
578
997
1606
1917
1860
1903
2238
2419
2125
1700
1680
2005
1945
1184
520
698
1207
1141
554
184
353
688
678
414
418
664
588
136
-72
221
590
646
456
342
452
631
733
773
710
449
36
-327
-471
-437
-486
-766
-1125
-1381
-1586
-1726
-1646
-1481
-1565
-1888
-2135
-2153
-2017
-1838
-1725
-1725
-1783
-1806
-1695
-1407
-1082
-921
-870
-698
-367
-77
144
552
1178
1553
1361
1096
1423
2100
2231
1572
884
954
1536
1653
1069
679
986
1311
1042
590
621
1046
1218
835
446
631
1039
964
514
286
393
529
492
361
325
418
477
427
377
364
325
240
100
-138
-467
-779
-977
-1080
-1188
-1377
-1560
-1615
-1593
-1617
-1677
-1679
-1670
-1745
-1827
-1740
-1497
-1322
-1344
-1423
-1375
-1179
-912
-624
-333
-91
31
97
308
692
939
833
647
727
954
997
819
667
709
769
586
350
505
993
1300
1229
1116
1286
1626
1764
1569
1350
1341
1359
1206
1002
894
810
669
509
385
320
301
290
283
273
187
30
-75
-76
-97
-252
-486
-657
-750
-862
-1040
-1221
-1337
-1410
-1494
-1580
-1594
-1536
-1501
-1543
-1566
-1477
-1364
-1320
-1295
-1206
-1082
-981
-888
-739
-527
-324
-180
-54
105
227
252
252
301
332
276
200
216
331
441
522
660
922
1215
1393
1464
1568
1753
1936
2049
2129
2193
2138
1851
1404
1036
832
635
369
134
20
-13
-50
-116
-164
-147
-105
-110
-105
-5
96
34
-171
-362
-463
-519
-605
-750
-927
-1099
-1265
-1427
-1553
-1621
-1663
-1723
-1780
-1778
-1727
-1687
-1655
-1590
-1475
-1329
-1142
-901
-637
-393
-186
25
257
456
556
610
678
710
637
529
489
523
569
604
698
918
1198
1379
1469
1624
1872
2057
2065
1972
1878
1798
1651
1399
1118
891
687
453
223
53
-60
-176
-304
-365
-300
-185
-145
-187
-212
-184
-171
-215
-289
-345
-385
-466
-625
-822
-990
-1155
-1374
-1630
-1842
-1961
-2017
-2057
-2106
-2149
-2154
-2096
-1973
-1794
-1572
-1301
-977
-623
-263
75
390
680
911
1040
1118
1194
1233
1177
1039
915
858
848
831
828
894
1023
1132
1223
1376
1581
1728
1766
1765
1773
1752
1629
1408
1175
999
863
697
501
332
215
102
-27
-143
-229
-317
-421
-496
-507
-483
-498
-557
-602
-572
-504
-509
-621
-781
-916
-1038
-1179
-1346
-1528
-1713
-1900
-2076
-2221
-2304
-2317
-2276
-2191
-2046
-1824
-1523
-1169
-795
-442
-110
241
601
924
1169
1355
1485
1543
1527
1457
1368
1298
1253
1208
1170
1167
1173
1148
1121
1141
1201
1249
1265
1274
1277
1255
1174
1055
941
851
783
711
619
505
366
187
6
-116
-167
-221
-340
-501
-637
-704
-732
-783
-863
-899
-865
-819
-807
-837
-904
-1008
-1148
-1299
-1424
-1501
-1566
-1676
-1833
-1985
-2078
-2098
-2068
-2000
-1881
-1667
-1354
-976
-579
-179
217
588
907
1179
1441
1681
1861
1940
1933
1902
1896
1889
1839
1759
1671
1566
1453
1374
1328
1287
1215
1112
997
891
802
707
621
569
552
549
541
524
490
429
345
232
104
-29
-163
-316
-502
-703
-880
-989
-1060
-1120
-1171
-1210
-1247
-1301
-1365
-1417
-1433
-1434
-1462
-1527
-1599
-1655
-1704
-1761
-1810
-1840
-1846
-1797
-1684
-1517
-1314
-1091
-876
-653
-360
3
374
694
966
1212
1443
1661
1831
1933
1986
2030
2082
2141
2192
2197
2124
1980
1812
1664
1536
1407
1257
1070
858
647
467
336
254
214
205
208
225
245
246
229
201
155
94
17
-92
-259
-467
-672
-840
-980
-1114
-1246
-1355
-1424
-1482
-1561
-1658
-1748
-1803
-1817
-1813
-1810
-1807
-1814
-1822
-1806
-1749
-1657
-1558
-1449
-1302
-1097
-844
-592
-356
-116
124
337
535
753
989
1217
1412
1573
1737
1922
2096
2226
2316
2376
2393
2363
2310
2242
2142
1989
1788
1570
1340
1093
824
570
367
228
153
109
83
70
64
63
65
63
45
12
-38
-121
-252
-420
-601
-772
-927
-1079
-1244
-1421
-1594
-1765
-1919
-2044
-2135
-2186
-2209
-2220
-2212
-2178
-2127
-2085
-2041
-1964
-1825
-1626
-1397
-1159
-924
-702
-500
-295
-67
188
441
675
879
1065
1250
1428
1591
1760
1939
2111
2275
2443
2594
2676
2673
2608
2514
2411
2288
2124
1899
1632
1355
1096
872
695
550
411
275
162
83
27
-5
-21
-40
-78
-123
-173
-250
-363
-511
-681
-859
-1023
-1179
-1342
-1525
-1716
-1905
-2085
-2245
-2372
-2457
-2510
-2538
-2547
-2524
-2458
-2354
-2215
-2049
-1845
-1601
-1335
-1059
-784
-518
-269
-45
156
350
566
796
995
1146
1267
1391
1541
1713
1887
2049
2200
2324
2401
2435
2443
2431
2390
2322
2228
2096
1926
1710
1459
1204
979
794
657
556
467
367
255
147
64
8
-37
-82
-133
-201
-295
-403
-512
-630
-760
-903
-1071
-1263
-1475
-1696
-1924
-2144
-2338
-2485
-2573
-2618
-2650
-2674
-2687
-2665
-2591
-2445
-2228
-1952
-1645
-1325
-1001
-685
-385
-113
139
379
606
810
980
1111
1216
1309
1409
1543
1706
1872
2014
2126
2199
2242
2264
2266
2255
2225
2168
2075
1940
1766
1573
1391
1234
1102
993
894
783
662
548
444
360
298
242
178
105
27
-74
-200
-338
-482
-629
-774
-924
-1089
-1276
-1478
-1690
-1908
-2120
-2315
-2488
-2634
-2747
-2828
-2869
-2860
-2795
-2654
-2444
-2181
-1891
-1581
-1255
-918
-587
-287
-16
240
499
749
968
1136
1253
1343
1423
1503
1587
1680
1779
1863
1909
1922
1910
1901
1895
1873
1819
1740
1643
1528
1406
1286
1179
1092
1022
961
898
836
777
713
632
555
503
464
414
328
200
48
-112
-277
-441
-604
-778
-977
-1199
-1420
-1630
-1831
-2021
-2190
-2327
-2436
-2524
-2604
-2670
-2705
-2700
-2645
-2520
-2311
-2039
-1742
-1441
-1134
-818
-506
-207
86
373
633
849
1012
1138
1250
1357
1455
1530
1597
1661
1714
1735
1729
1704
1670
1640
1618
1590
1546
1485
1405
1315
1223
1143
1086
1045
1016
977
923
866
818
780
741
693
637
577
504
406
284
147
-9
-184
-370
-557
-753
-963
-1179
-1404
-1622
-1816
-1979
-2119
-2242
-2350
-2441
-2501
-2528
-2515
-2453
-2334
-2154
-1929
-1678
-1424
-1172
-920
-663
-406
-138
131
375
596
784
938
1061
1168
1263
1352
1436
1517
1578
1601
1598
1569
1534
1504
1476
1438
1382
1301
1198
1095
1013
952
901
861
841
829
815
797
776
748
715
680
648
613
561
476
352
203
40
-124
-297
-474
-660
-859
-1058
-1249
-1427
-1593
-1741
-1866
-1968
-2052
-2122
-2177
-2209
-2198
-2137
-2022
-1872
-1689
-1486
-1274
-1059
-846
-630
-410
-181
39
246
436
601
738
857
970
1079
1181
1270
1340
1384
1403
1403
1388
1368
1342
1304
1247
1181
1103
1010
902
796
713
662
631
605
580
559
547
545
548
548
553
560
551
512
449
364
244
98
-65
-238
-413
-589
-760
-923
-1076
-1219
-1353
-1465
-1555
-1624
-1686
-1735
-1763
-1766
-1738
-1673
-1568
-1440
-1299
-1147
-986
-812
-634
-460
-294
-122
59
244
418
573
711
835
943
1032
1104
1163
1203
1219
1224
1218
1205
1189
1172
1145
1098
1034
952
867
791
713
636
570
522
483
448
423
407
400
403
410
417
421
407
360
285
193
83
-53
-207
-370
-535
-700
-866
-1031
-1179
-1305
-1401
-1467
-1505
-1523
-1524
-1513
-1501
-1473
-1417
-1330
-1221
-1094
-959
-828
-701
-579
-459
-333
-187
-29
135
300
454
594
720
831
921
1000
1075
1145
1191
1206
1186
1149
1111
1079
1049
1012
966
901
823
739
662
592
526
462
408
363
329
297
271
253
238
227
216
208
190
153
93
6
-100
-219
-347
-491
-642
-789
-928
-1063
-1180
-1267
-1329
-1368
-1386
-1392
-1383
-1354
-1305
-1246
-1168
-1063
-937
-799
-663
-542
-438
-342
-244
-142
-21
116
256
394
522
631
730
816
897
970
1033
1080
1101
1099
1081
1056
1041
1036
1026
1000
963
910
838
754
667
586
518
471
437
406
375
339
296
256
228
211
198
176
144
94
22
-71
-183
-313
-455
-590
-716
-841
-959
-1074
-1186
-1280
-1347
-1387
-1404
-1398
-1373
-1327
-1262
-1175
-1070
-952
-824
-698
-581
-477
-376
-284
-197
-105
-5
103
213
328
434
530
618
703
785
850
899
936
964
984
996
1004
1014
1027
1036
1036
1021
992
941
871
790
710
642
578
507
429
354
286
225
175
133
100
68
34
-6
-52
-108
-182
-278
-381
-484
-589
-697
-808
-921
-1029
-1129
-1215
-1275
-1309
-1319
-1319
-1311
-1286
-1241
-1171
-1078
-966
-842
-714
-586
-466
-360
-263
-178
-99
-15
83
186
292
397
502
600
691
769
836
897
948
984
1010
1034
1052
1068
1080
1094
1103
1100
1082
1044
992
931
858
787
721
659
592
518
441
359
275
195
124
62
4
-55
-120
-193
-271
-358
-452
-552
-650
-748
-849
-951
-1053
-1155
-1253
-1333
-1394
-1432
-1445
-1437
-1418
-1378
-1316
-1236
-1132
-1008
-873
-740
-613
-494
-385
-282
-175
-67
48
175
305
431
543
636
708
766
818
870
922
977
1026
1063
1093
1116
1135
1152
1165
1173
1168
1148
1106
1046
978
910
849
798
748
688
618
543
460
368
276
182
91
1
-91
-191
-297
-406
-518
-631
-740
-838
-928
-1012
-1091
-1169
-1249
-1321
-1381
-1422
-1445
-1450
-1437
-1407
-1361
-1299
-1218
-1117
-1002
-882
-756
-631
-512
-397
-288
-186
-78
40
174
322
469
600
708
798
879
953
1020
1077
1125
1163
1189
1207
1211
1209
1209
1208
1196
1175
1145
1102
1049
983
910
844
790
739
687
631
569
494
407
314
222
132
35
-73
-199
-333
-473
-615
-758
-895
-1020
-1131
-1219
-1289
-1345
-1389
-1424
-1448
-1465
-1466
-1456
-1434
-1401
-1359
-1307
-1234
-1141
-1033
-918
-796
-678
-561
-447
-334
-225
-118
-4
119
257
408
559
697
820
928
1022
1105
1176
1238
1289
1322
1336
1336
1331
1325
1306
1274
1230
1182
1125
1060
986
906
826
762
712
667
622
570
510
441
368
290
206
115
12
-109
-244
-394
-554
-718
-874
-1019
-1146
-1252
-1339
-1409
-1465
-1508
-1540
-1559
-1562
-1546
-1512
-1463
-1408
-1348
-1284
-1209
-1116
-1008
-894
-777
-663
-549
-436
-319
-200
-81
43
178
328
480
625
756
879
992
1097
1192
1282
1362
1422
1454
1461
1451
1432
1405
1363
1308
1248
1183
1110
1026
937
848
768
705
662
631
606
576
533
482
422
348
259
162
50
-73
-206
-351
-500
-645
-789
-927
-1050
-1153
-1239
-1315
-1383
-1446
-1497
-1531
-1552
-1552
-1533
-1497
-1454
-1401
-1334
-1253
-1160
-1055
-945
-830
-713
-596
-484
-374
-258
-137
-10
127
274
425
563
688
801
906
1005
1095
1180
1259
1325
1368
1391
1396
1381
1348
1300
1237
1170
1100
1022
938
852
775
704
648
599
562
535
514
487
446
393
328
253
169
77
-26
-144
-272
-402
-528
-654
-781
-903
-1012
-1104
-1185
-1261
-1330
-1391
-1440
-1474
-1492
-1497
-1488
-1465
-1428
-1373
-1300
-1210
-1108
-998
-879
-749
-613
-479
-352
-230
-111
8
130
254
378
502
629
752
867
971
1057
1131
1192
1240
1274
1297
1310
1308
1287
1250
1196
1134
1069
1001
929
861
799
746
700
667
642
619
601
582
555
516
466
400
321
235
141
40
-66
-183
-303
-429
-554
-678
-798
-911
-1014
-1107
-1191
-1267
-1336
-1396
-1449
-1492
-1522
-1534
-1524
-1495
-1444
-1376
-1290
-1190
-1072
-941
-799
-652
-508
-378
-259
-144
-27
88
206
322
442
565
679
782
870
944
1005
1055
1092
1122
1141
1145
1137
1121
1104
1083
1055
1021
978
936
897
855
811
769
732
700
676
654
637
614
580
527
457
375
286
190
93
-6
-109
-215
-327
-444
-559
-671
-778
-882
-983
-1081
-1176
-1261
-1333
-1394
-1439
-1464
-1468
-1452
-1419
-1364
-1296
-1213
-1120
-1016
-900
-781
-657
-538
-422
-310
-198
-91
13
115
216
318
414
505
589
666
731
778
809
839
866
887
897
901
900
900
900
893
886
881
874
863
853
836
809
775
739
702
665
632
598
562
520
469
407
336
259
172
84
-5
-96
-188
-282
-374
-468
-565
-663
-760
-854
-940
-1018
-1083
-1133
-1163
-1172
-1165
-1142
-1105
-1054
-992
-922
-848
-770
-685
-599
-511
-416
-317
-219
-124
-38
42
114
180
238
286
332
380
427
467
505
536
562
587
610
629
641
647
648
652
658
663
666
665
661
656
647
635
613
579
539
496
450
409
371
331
291
255
217
176
128
73
10
-60
-130
-204
-280
-354
-422
-491
-560
-629
-697
-758
-806
-838
-859
-869
-865
-848
-820
-785
-744
-699
-652
-599
-544
-488
-430
-372
-312
-249
-184
-118
-55
-4
35
64
90
112
132
155
189
231
274
312
352
394
432
467
500
531
560
582
596
606
613
613
606
599
593
581
558
527
490
451
413
374
336
306
282
256
230
200
169
132
88
38
-23
-84
-147
-214
-278
-338
-389
-438
-483
-522
-555
-580
-595
-602
-606
-608
-607
-596
-576
-547
-516
-488
-457
-425
-393
-364
-337
-312
-288
-263
-237
-214
-189
-167
-151
-133
-104
-63
-15
38
96
156
218
278
332
382
427
466
500
530
559
582
594
594
591
583
571
555
537
516
492
469
444
416
386
357
332
310
284
256
221
183
133
77
17
-47
-107
-160
-208
-246
-279
-307
-331
-354
-377
-399
-415
-428
-445
-464
-478
-489
-495
-497
-493
-485
-474
-459
-448
-442
-438
-437
-429
-411
-386
-358
-331
-299
-262
-224
-183
-141
-95
-42
18
79
142
204
263
316
362
406
447
484
514
536
551
561
563
558
549
537
521
502
480
455
429
397
365
334
309
282
253
224
194
162
123
83
40
0
-40
-77
-110
-142
-173
-203
-231
-258
-284
-307
-331
-354
-378
-399
-420
-443
-467
-486
-497
-501
-503
-505
-502
-497
-488
-477
-460
-440
-417
-384
-344
-302
-258
-213
-169
-119
-62
-4
56
116
173
228
283
336
383
420
453
480
501
518
528
528
523
513
504
492
477
456
432
409
382
358
338
316
289
263
239
214
188
161
131
96
60
26
-6
-33
-58
-82
-105
-128
-153
-180
-208
-234
-267
-305
-346
-384
-423
-459
-490
-516
-536
-547
-548
-544
-531
-512
-492
-466
-435
-398
-357
-316
-273
-231
-186
-139
-89
-36
13
60
106
151
200
248
289
326
360
391
416
436
448
456
459
454
447
439
428
419
408
393
378
363
344
325
305
285
265
246
227
207
188
168
142
115
89
63
35
9
-16
-44
-74
-107
-141
-175
-213
-259
-309
-357
-399
-440
-477
-508
-530
-545
-551
-549
-539
-520
-501
-480
-454
-425
-392
-359
-325
-290
-250
-210
-170
-129
-88
-48
-8
33
71
108
142
176
206
233
258
278
296
313
327
337
343
348
350
350
347
341
338
335
325
312
301
291
279
264
248
231
216
202
188
172
154
136
120
103
85
59
31
0
-29
-56
-84
-119
-158
-195
-225
-254
-281
-302
-320
-329
-333
-332
-327
-318
-305
-289
-268
-245
-226
-209
-195
-182
-162
-139
-111
-82
-52
-26
-1
21
41
61
77
91
103
114
123
128
131
134
136
140
150
159
165
165
167
167
167
167
166
164
162
160
153
144
134
122
110
97
84
68
58
50
43
37
26
13
-4
-20
-38
-55
-76
-96
-113
-131
-149
-163
-175
-180
-183
-183
-183
-180
-177
-173
-166
-157
-150
-139
-124
-111
-94
-79
-65
-51
-34
-16
-2
11
24
39
52
64
73
78
80
80
75
71
71
72
73
76
81
85
88
92
94
96
95
94
93
93
89
81
67
53
43
35
29
19
7
-5
-16
-24
-32
-38
-42
-48
-48
-48
-48
-51
-56
-61
-65
-71
-76
-80
-83
-83
-78
-71
-65
-62
-58
-53
-50
-44
-39
-34
-29
-25
-14
-4
8
18
26
36
48
58
60
61
63
63
66
70
72
72
68
62
55
49
43
36
30
27
27
28
29
29
25
24
24
24
21
16
10
5
2
-6
-13
-15
-17
-18
-19
-22
-27
-33
-37
-41
-45
-45
-45
-47
-48
-48
-45
-39
-33
-30
-24
-19
-15
-9
-1
5
11
17
20
21
22
26
27
29
30
34
39
45
50
53
57
63
68
69
68
61
50
38
31
26
22
14
5
-4
-16
-28
-39
-49
-56
-61
-67
-70
-71
-72
-74
-80
-85
-87
-85
-85
-83
-80
-77
-71
-67
-65
-62
-61
-60
-58
-55
-54
-50
-47
-42
-39
-37
-36
-26
-14
-1
13
25
37
50
60
67
75
82
87
91
92
92
91
88
86
87
89
90
92
95
93
96
98
97
97
94
92
89
82
73
62
49
35
19
5
-7
-19
-33
-45
-57
-71
-85
-97
-107
-113
-115
-113
-109
-105
-104
-104
-102
-98
-92
-88
-83
-77
-71
-64
-62
-62
-58
-53
-48
-41
-35
-28
-23
-16
-8
2
13
24
38
53
67
81
92
101
107
114
117
118
119
119
120
117
116
117
119
119
117
115
113
110
107
100
94
84
79
72
62
49
34
16
-2
-19
-35
-53
-71
-89
-101
-112
-123
-135
-153
-165
-172
-175
-174
-169
-162
-159
-155
-152
-149
-144
-136
-127
-115
-105
-95
-87
-77
-68
-59
-51
-42
-29
-14
0
12
21
30
39
53
68
80
93
103
110
118
123
129
135
138
137
136
139
139
140
139
135
133
130
127
123
118
112
102
90
76
63
52
40
29
13
0
-13
-29
-42
-59
-76
-91
-102
-114
-128
-138
-146
-157
-170
-178
-183
-183
-180
-176
-172
-166
-158
-147
-136
-121
-108
-96
-81
-64
-50
-34
-18
-6
7
21
33
42
52
61
71
80
93
106
117
127
137
141
147
154
159
161
162
163
165
169
169
166
162
160
155
148
139
128
116
104
91
79
62
44
25
10
-4
-17
-32
-51
-68
-84
-101
-117
-136
-153
-164
-173
-180
-185
-191
-197
-204
-206
-206
-205
-199
-189
-179
-169
-155
-141
-126
-110
-96
-82
-67
-52
-35
-21
-6
8
23
37
48
59
67
76
89
101
111
120
129
138
147
156
162
167
170
171
171
172
172
169
165
161
156
151
145
138
129
116
103
87
76
63
49
33
15
-3
-22
-39
-57
-73
-88
-102
-117
-131
-146
-158
-171
-179
-185
-190
-195
-199
-202
-201
-198
-195
-191
-183
-174
-161
-146
-132
-119
-105
-91
-76
-58
-44
-30
-14
1
15
27
38
51
62
74
84
95
106
114
122
131
141
151
162
172
181
187
191
193
192
187
181
176
172
166
159
152
142
133
123
111
98
80
59
39
16
-3
-20
-37
-51
-66
-81
-92
-103
-115
-129
-142
-156
-170
-180
-186
-192
-195
-199
-200
-198
-195
-186
-180
-173
-165
-154
-138
-121
-106
-90
-76
-63
-48
-33
-19
-8
5
16
27
39
52
63
75
88
100
109
118
127
135
142
151
158
165
170
174
175
173
167
161
155
147
140
132
122
111
99
88
76
64
52
37
21
4
-12
-27
-41
-55
-67
-80
-92
-100
-112
-122
-132
-141
-150
-155
-158
-159
-162
-164
-164
-160
-153
-147
-142
-137
-128
-119
-108
-94
-79
-66
-54
-41
-30
-19
-11
1
11
24
37
50
61
75
88
99
113
125
133
137
140
144
145
147
148
149
152
154
154
150
147
143
137
130
121
109
96
83
71
58
45
31
19
8
-4
-18
-31
-46
-62
-77
-91
-106
-122
-137
-147
-154
-158
-161
-165
-172
-178
-180
-179
-176
-171
-165
-159
-152
-143
-132
-121
-111
-102
-90
-79
-67
-55
-41
-27
-12
2
17
33
46
57
69
79
91
103
114
127
138
149
156
161
164
165
167
167
166
163
161
158
153
149
144
138
131
122
109
97
81
70
56
45
32
19
6
-8
-21
-35
-51
-67
-80
-93
-105
-114
-125
-132
-137
-141
-145
-150
-153
-154
-153
-150
-148
-145
-137
-128
-117
-108
-101
-94
-89
-82
-74
-66
-57
-48
-38
-23
-6
10
24
36
49
59
69
77
83
92
100
107
111
114
120
126
132
134
135
135
133
131
131
127
121
114
109
105
98
89
80
68
58
48
36
23
10
-7
-21
-34
-46
-61
-76
-90
-104
-113
-121
-129
-135
-140
-142
-143
-143
-142
-142
-139
-137
-131
-126
-124
-123
-122
-123
-119
-111
-102
-92
-83
-71
-59
-47
-36
-23
-7
8
24
39
53
67
79
88
100
108
116
121
125
130
133
134
135
136
139
144
147
149
147
144
139
135
129
122
115
109
100
91
81
70
57
42
26
9
-7
-21
-34
-46
-56
-67
-77
-87
-95
-102
-108
-115
-117
-116
-116
-117
-119
-121
-122
-123
-125
-125
-126
-125
-124
-123
-118
-109
-101
-92
-79
-66
-52
-42
-30
-20
-7
5
16
31
46
57
71
82
89
96
99
103
105
106
107
109
114
115
115
115
114
110
107
104
99
94
89
81
73
64
56
48
41
31
22
13
3
-8
-19
-29
-37
-44
-51
-58
-66
-71
-77
-82
-86
-89
-91
-92
-91
-92
-93
-96
-100
-102
-102
-103
-104
-104
-101
-98
-93
-87
-81
-74
-65
-54
-43
-30
-21
-10
3
14
26
35
43
53
61
70
77
81
85
89
93
96
99
102
103
105
105
104
102
100
97
93
90
85
81
77
72
65
56
49
40
33
23
11
1
-11
-20
-29
-39
-46
-53
-61
-65
-72
-76
-79
-80
-82
-84
-86
-88
-91
-91
-91
-90
-88
-88
-84
-80
-76
-71
-66
-60
-53
-45
-35
-24
-15
-5
5
17
27
38
47
53
58
62
64
66
71
75
77
79
79
77
75
70
67
65
62
62
61
59
55
51
46
42
39
35
27
21
14
7
0
-6
-13
-21
-27
-33
-39
-46
-50
-55
-60
-63
-64
-66
-64
-61
-60
-58
-57
-56
-54
-52
-51
-50
-47
-42
-38
-35
-33
-30
-28
-25
-20
-14
-7
1
9
16
24
31
38
43
46
51
56
59
61
61
61
62
60
61
60
57
54
49
45
40
35
31
27
23
18
14
12
8
4
0
-4
-8
-13
-16
-19
-23
-25
-30
-35
-43
-49
-55
-59
-62
-63
-64
-66
-65
-65
-62
-61
-59
-56
-53
-47
-40
-35
-30
-25
-21
-16
-11
-4
1
6
9
13
16
20
23
27
32
38
41
43
46
45
45
47
49
52
56
58
59
59
58
54
52
49
46
41
39
36
32
29
23
15
9
7
2
-2
-6
-8
-11
-17
-22
-24
-27
-30
-36
-40
-42
-43
-45
-47
-50
-51
-51
-50
-47
-48
-48
-47
-44
-41
-36
-30
-26
-20
-16
-11
-3
3
7
9
11
12
15
18
22
24
27
30
35
36
37
36
39
42
44
46
48
50
49
47
45
39
35
31
29
27
22
17
11
8
6
2
-2
-8
-12
-16
-19
-22
-25
-28
-29
-34
-38
-40
-40
-41
-41
-42
-41
-39
-39
-38
-38
-35
-33
-29
-26
-22
-21
-20
-17
-12
-7
-2
4
9
12
15
19
22
25
29
32
32
31
31
31
33
32
31
30
32
30
29
27
28
28
29
28
26
25
21
18
13
10
5
2
-2
-7
-10
-14
-18
-23
-27
-31
-36
-39
-41
-45
-47
-48
-46
-45
-44
-42
-41
-42
-43
-45
-46
-44
-43
-40
-40
-39
-40
-38
-36
-32
-30
-24
-17
-11
-5
-2
5
11
17
23
31
38
42
46
49
53
59
64
64
66
67
67
65
65
63
60
58
56
55
53
53
52
49
46
41
35
29
25
21
14
9
5
-1
-8
-16
-21
-26
-30
-33
-36
-38
-41
-44
-45
-46
-45
-45
-45
-43
-43
-44
-47
-48
-48
-46
-46
-44
-43
-43
-42
-40
-36
-34
-32
-27
-23
-18
-12
-7
-1
6
10
18
22
27
29
33
35
39
41
42
43
41
40
40
41
42
42
39
38
37
34
30
26
25
21
18
16
12
10
8
6
5
5
2
-1
-3
-6
-10
-14
-15
-17
-19
-21
-22
-23
-26
-28
-30
-30
-30
-33
-32
-32
-34
-33
-33
-33
-33
-34
-36
-35
-32
-30
-26
-23
-21
-19
-16
-14
-10
-5
-1
2
4
8
13
15
19
22
25
27
30
34
36
36
35
34
35
37
39
40
40
38
36
34
30
26
23
20
19
17
14
13
11
9
8
8
5
4
2
-1
-6
-8
-13
-14
-15
-18
-20
-22
-23
-27
-31
-35
-37
-37
-38
-41
-44
-45
-47
-48
-48
-48
-46
-42
-39
-37
-29
-24
-22
-19
-16
-11
-6
-2
0
4
9
13
16
19
21
24
27
28
30
31
33
35
37
37
37
38
41
44
46
44
43
45
45
44
42
39
40
40
39
35
32
31
32
31
26
22
18
17
13
9
4
-1
-4
-6
-11
-15
-17
-19
-22
-27
-32
-35
-39
-44
-48
-50
-51
-51
-53
-53
-53
-54
-53
-52
-51
-49
-48
-46
-43
-40
-36
-32
-27
-24
-22
-17
-14
-10
-7
-6
-4
1
4
7
8
11
15
18
21
22
24
27
32
34
32
34
37
39
39
36
33
36
35
35
32
30
30
28
27
24
19
16
14
12
8
5
0
-2
-5
-9
-13
-16
-21
-24
-26
-28
-31
-35
-37
-37
-38
-40
-41
-40
-37
-35
-32
-30
-26
-23
-20
-16
-11
-8
-4
-1
4
6
8
9
13
16
17
17
18
23
24
26
27
28
31
34
37
40
41
42
43
46
47
49
49
49
48
47
46
46
47
44
41
37
35
31
27
23
18
12
9
6
1
-7
-16
-22
-27
-32
-37
-42
-46
-50
-54
-58
-58
-58
-59
-60
-60
-62
-62
-61
-59
-56
-55
-54
-51
-46
-46
-42
-43
-40
-35
-32
-30
-29
-26
-24
-19
-15
-12
-7
-3
0
4
11
17
20
22
28
36
44
48
52
56
60
62
62
62
62
63
63
63
59
55
52
50
46
40
35
30
30
29
22
15
13
10
4
-2
-9
-12
-15
-20
-27
-32
-37
-39
-42
-45
-49
-52
-53
-53
-57
-59
-58
-55
-50
-49
-50
-47
-42
-37
-34
-33
-28
-22
-18
-14
-13
-10
-7
-1
3
9
14
17
20
24
31
40
45
49
51
54
58
60
59
59
60
65
66
62
59
54
52
49
47
42
38
37
35
30
23
16
13
14
11
2
-4
-8
-10
-12
-18
-26
-30
-30
-33
-43
-51
-53
-55
-58
-64
-68
-68
-66
-68
-69
-69
-68
-66
-65
-65
-62
-58
-53
-49
-42
-33
-26
-22
-19
-15
-7
1
5
7
12
21
29
32
32
36
40
43
47
48
46
47
47
49
49
48
47
48
52
53
49
47
46
47
45
42
40
44
47
48
43
39
37
33
25
15
6
0
-6
-15
-24
-33
-39
-47
-50
-55
-58
-61
-66
-67
-65
-62
-61
-59
-58
-54
-49
-44
-43
-42
-37
-32
-27
-22
-19
-17
-13
-6
0
5
6
10
17
24
28
30
33
37
40
39
37
38
38
38
37
38
38
40
41
40
39
40
43
44
43
41
38
35
33
27
18
14
9
5
0
-7
-12
-15
-21
-25
-29
-33
-37
-41
-45
-48
-50
-54
-58
-58
-57
-55
-55
-55
-56
-53
-51
-48
-44
-39
-35
-30
-22
-15
-15
-13
-7
-3
4
5
6
11
18
21
23
27
32
36
40
44
45
47
52
54
55
53
52
51
51
49
44
42
43
42
38
34
33
34
31
27
25
23
22
16
8
3
0
-5
-10
-13
-14
-19
-24
-27
-30
-32
-34
-35
-35
-37
-41
-44
-45
-48
-49
-52
-52
-52
-52
-53
-50
-48
-45
-40
-36
-33
-31
-26
-20
-14
-11
-10
-6
0
2
5
10
13
18
20
23
28
33
38
37
38
42
46
52
51
50
48
48
48
47
43
40
36
32
30
27
20
15
9
3
1
-2
-3
-5
-8
-12
-15
-15
-16
-17
-20
-23
-24
-24
-25
-27
-29
-27
-24
-24
-25
-25
-25
-25
-25
-25
-24
-24
-25
-25
-23
-21
-20
-17
-16
-12
-7
-2
-1
1
2
5
10
14
16
16
19
22
25
24
24
22
23
25
27
25
20
18
17
16
14
11
11
11
6
2
1
-1
-3
-6
-6
-4
-6
-9
-14
-18
-17
-16
-15
-16
-18
-18
-15
-14
-18
-20
-16
-13
-10
-9
-9
-5
0
0
-1
3
4
5
5
5
3
1
5
7
7
8
12
14
15
19
20
24
32
35
34
34
35
36
36
34
33
30
30
28
24
18
16
14
11
8
4
1
-1
-2
-7
-12
-14
-14
-19
-25
-29
-30
-31
-38
-41
-40
-39
-38
-41
-43
-43
-37
-33
-32
-29
-25
-21
-17
-12
-15
-15
-11
-7
-6
-9
-11
-8
-5
-3
-4
-5
-2
2
3
4
6
11
14
20
23
25
30
34
37
39
42
45
49
48
48
49
49
46
41
36
31
28
27
20
13
6
-1
-9
-18
-28
-36
-40
-42
-48
-51
-51
-51
-52
-52
-50
-48
-44
-40
-38
-39
-38
-37
-34
-32
-31
-28
-23
-18
-16
-15
-9
-3
1
4
2
3
4
7
5
7
11
15
20
26
31
36
43
49
56
63
68
70
71
73
73
72
70
68
64
61
53
42
35
29
24
17
11
5
-3
-10
-16
-25
-30
-32
-34
-39
-44
-43
-44
-45
-46
-47
-44
-41
-40
-40
-38
-38
-36
-36
-36
-38
-40
-40
-39
-41
-45
-46
-44
-45
-46
-45
-44
-40
-33
-27
-21
-16
-8
-2
6
14
21
26
33
41
45
48
51
57
63
67
68
68
73
78
76
71
69
66
61
56
49
42
37
32
26
23
17
13
11
7
2
-4
-6
-11
-16
-19
-23
-28
-32
-37
-40
-44
-50
-56
-57
-57
-61
-65
-70
-75
-76
-74
-75
-80
-78
-72
-67
-62
-52
-47
-43
-36
-28
-22
-14
-6
1
8
16
26
34
40
42
44
54
65
71
69
68
76
82
82
82
78
75
77
77
73
70
69
71
70
66
60
51
44
38
30
19
9
9
7
1
-12
-21
-24
-24
-25
-34
-39
-41
-43
-47
-54
-61
-69
-72
-76
-81
-87
-90
-91
-93
-94
-96
-94
-90
-86
-85
-79
-67
-57
-50
-43
-36
-24
-11
-2
11
21
30
40
43
45
47
53
60
63
66
72
77
75
72
72
73
74
73
69
62
62
62
58
56
54
53
56
58
53
47
45
43
38
31
23
16
11
1
-7
-13
-19
-28
-35
-42
-47
-54
-61
-68
-71
-75
-77
-79
-82
-87
-90
-88
-85
-86
-83
-77
-70
-65
-62
-56
-49
-40
-30
-22
-14
-3
9
21
27
27
31
41
49
50
44
42
48
51
49
48
50
55
61
61
62
68
73
77
79
77
76
73
71
67
58
50
45
44
39
33
24
19
17
11
0
-12
-23
-29
-40
-53
-65
-76
-82
-89
-97
-107
-116
-118
-120
-125
-127
-126
-118
-111
-108
-108
-101
-88
-81
-76
-68
-54
-43
-34
-25
-18
-10
-1
10
20
30
43
58
68
76
83
89
98
104
106
105
110
111
111
110
107
105
107
108
105
101
100
99
97
92
84
75
70
63
55
42
33
23
16
9
-2
-11
-19
-26
-33
-39
-46
-51
-55
-60
-65
-71
-75
-75
-77
-80
-80
-80
-78
-73
-74
-74
-72
-68
-66
-64
-63
-61
-53
-49
-48
-49
-44
-38
-35
-31
-29
-26
-19
-15
-13
-7
0
6
10
16
21
26
30
36
44
48
51
55
60
62
64
65
67
69
70
68
66
64
59
60
58
50
42
35
26
20
10
0
-12
-25
-31
-36
-40
-43
-45
-49
-50
-50
-54
-56
-57
-56
-58
-61
-63
-63
-63
-62
-64
-65
-61
-53
-44
-42
-37
-32
-24
-17
-10
-4
0
6
15
19
20
27
35
42
47
46
47
54
58
60
57
61
65
67
70
71
72
73
74
68
66
67
65
59
53
46
38
35
32
24
14
7
5
3
-2
-7
-12
-16
-21
-28
-37
-43
-45
-47
-48
-49
-50
-53
-55
-55
-58
-63
-64
-64
-64
-65
-65
-66
-66
-67
-67
-64
-59
-49
-45
-40
-32
-22
-10
-6
-2
3
10
15
22
24
25
26
33
36
38
42
46
50
50
49
47
47
47
43
38
35
35
34
29
26
24
24
26
24
21
22
23
25
26
26
22
19
17
15
13
11
9
6
3
-2
-9
-17
-21
-25
-30
-35
-41
-44
-44
-43
-40
-42
-42
-39
-36
-34
-33
-31
-29
-26
-24
-25
-23
-21
-16
-13
-10
-6
1
4
6
12
14
15
14
17
19
20
18
18
22
23
27
29
32
33
34
33
35
41
43
40
38
38
37
37
35
32
28
28
31
25
18
10
6
1
-4
-14
-21
-27
-32
-35
-41
-46
-53
-56
-57
-58
-62
-67
-69
-68
-69
-68
-68
-69
-65
-60
-57
-51
-43
-38
-32
-30
-25
-22
-17
-12
-11
-7
-2
7
13
18
27
30
39
49
58
63
67
75
78
81
82
79
76
74
70
71
72
73
70
67
64
58
52
45
39
37
32
28
21
18
14
10
6
3
1
0
0
-1
-3
-7
-14
-21
-25
-33
-42
-50
-55
-62
-66
-74
-76
-76
-74
-76
-81
-85
-83
-79
-78
-75
-73
-70
-62
-53
-48
-43
-36
-31
-23
-13
-6
-1
3
6
12
14
18
22
26
30
35
38
42
51
57
61
61
66
74
79
76
77
75
74
75
73
67
61
57
54
51
45
37
29
23
17
13
9
7
-1
-3
-3
-5
-8
-15
-24
-31
-39
-47
-57
-68
-78
-87
-95
-101
-105
-105
-104
-100
-94
-87
-81
-77
-73
-65
-58
-49
-44
-39
-30
-26
-24
-23
-17
-13
-16
-12
-7
-3
-1
3
6
10
16
27
38
51
63
73
83
94
105
110
113
116
117
115
112
103
96
90
85
77
71
68
63
61
57
54
51
49
46
38
30
21
10
3
-3
-14
-27
-35
-41
-46
-52
-59
-62
-64
-63
-62
-61
-64
-64
-64
-65
-64
-63
-64
-66
-63
-64
-65
-65
-67
-65
-60
-57
-54
-53
-49
-44
-37
-29
-20
-8
2
12
18
25
30
34
35
37
43
43
45
43
44
45
42
38
36
34
31
29
28
28
28
28
26
25
23
22
19
16
14
10
9
7
2
-3
-5
-8
-18
-22
-24
-27
-27
-28
-28
-27
-27
-27
-30
-30
-33
-36
-37
-38
-34
-38
-39
-33
-25
-20
-12
-6
3
14
22
24
25
30
33
34
33
36
40
41
39
35
37
39
38
38
41
46
46
40
37
33
31
26
23
22
17
11
9
4
1
-3
-7
-10
-13
-16
-22
-28
-33
-33
-32
-36
-37
-38
-37
-37
-39
-43
-44
-42
-41
-42
-44
-44
-44
-42
-42
-43
-39
-34
-26
-22
-22
-18
-13
-9
-6
-2
-1
-2
0
3
4
2
1
5
10
11
14
16
20
26
31
36
40
44
50
52
54
54
55
57
57
57
54
49
44
38
32
27
24
21
16
16
14
8
2
0
2
4
4
7
5
3
5
3
-4
-7
-7
-7
-12
-14
-22
-25
-27
-31
-36
-40
-42
-43
-43
-47
-52
-51
-48
-43
-41
-38
-33
-26
-17
-13
-9
-6
0
3
5
6
5
4
5
6
5
5
4
6
11
15
14
15
16
15
16
17
16
19
19
14
12
11
12
10
9
8
4
3
4
5
4
4
4
4
4
6
5
5
2
0
-1
-3
-5
-11
-17
-21
-23
-25
-30
-33
-32
-28
-24
-20
-16
-8
0
7
11
14
17
23
27
25
24
26
28
27
21
17
17
16
13
4
-2
-4
-5
-6
-8
-11
-10
-9
-5
-3
-2
0
5
9
9
7
2
-1
0
-1
-4
-8
-7
-4
-4
-6
-10
-12
-10
-14
-21
-23
-24
-24
-23
-26
-24
-24
-23
-22
-20
-18
-14
-13
-12
-9
-3
1
2
3
5
9
12
16
16
20
25
28
29
30
31
29
29
26
23
23
23
26
28
28
31
31
31
32
29
25
22
23
23
22
20
19
18
18
16
14
13
15
14
11
9
11
7
-1
-5
-7
-10
-11
-15
-19
-21
-22
-25
-30
-33
-37
-40
-43
-48
-54
-56
-51
-48
-49
-48
-42
-43
-41
-39
-40
-39
-36
-35
-39
-40
-34
-32
-30
-26
-21
-21
-17
-12
-10
-8
-6
-4
1
8
12
13
17
25
31
33
33
35
38
39
41
43
45
44
40
40
39
39
38
37
37
37
37
35
34
32
31
34
35
33
31
30
28
23
18
14
8
3
-1
-7
-9
-12
-16
-23
-26
-27
-28
-31
-33
-34
-34
-31
-28
-29
-30
-25
-23
-24
-24
-20
-16
-17
-16
-13
-9
-6
-8
-9
-9
-6
-5
