-2
2
3
1
-1
0
1
0
-2
-1
2
-1
0
1
1
-2
3
0
-4
0
2
2
0
-3
-5
1
1
2
2
3
-2
1
0
-2
-1
-3
3
5
0
-2
-1
2
1
1
0
-4
-3
0
2
-1
-1
0
2
0
-1
1
-2
-4
3
5
-2
0
5
-4
-7
1
-2
-3
1
7
2
0
-3
3
-1
0
3
-3
-4
1
2
0
-2
4
4
-1
3
3
-4
-5
7
4
-7
-1
1
-1
-1
-3
-2
-5
0
5
-2
2
-2
-3
-2
2
2
-3
3
-1
0
-2
2
-1
-4
-2
0
5
3
-4
2
4
-2
-3
-3
-4
-2
2
2
4
0
2
3
3
4
-6
-8
-6
0
-6
5
-1
0
4
3
7
1
-4
2
0
3
-7
-6
3
4
-1
-4
5
2
0
0
4
-5
-6
-4
0
-3
-5
3
7
6
3
4
6
-4
-6
-2
-2
-2
-5
-1
5
0
1
5
5
6
0
2
-4
-5
-6
3
2
-9
-1
-1
1
0
-1
3
2
-1
5
5
-3
-7
-2
4
-5
4
17
3
-4
-3
6
-1
-12
-3
1
2
-6
-5
11
5
-11
-1
9
-4
-9
1
2
-9
-9
10
2
-11
7
17
6
0
8
11
-5
-14
5
-4
-13
-10
7
3
-1
10
2
-3
-2
4
2
-10
-1
2
0
-7
-7
5
2
7
6
-5
-5
-3
2
-1
-1
2
3
3
3
2
4
-8
-7
-2
-3
-15
-3
9
3
7
15
20
-3
-4
1
-8
-16
-11
-6
-1
-3
7
11
5
-3
5
8
-7
0
0
-4
-5
1
6
-6
-2
14
4
-10
4
3
-4
1
4
1
-11
-4
-2
-4
-6
11
13
0
3
5
3
-9
-5
-2
-7
-6
-2
2
-5
3
10
2
0
13
2
-2
-1
-6
0
7
1
-1
-6
-5
4
-3
5
-9
4
-3
-1
-2
8
0
-6
2
6
-3
1
4
-7
6
0
-4
5
2
-3
-5
0
-7
-16
0
-2
3
1
1
12
21
6
-6
-1
-6
-7
-9
-7
-3
-4
3
8
8
11
3
14
-4
0
-5
1
-3
-5
-9
-10
-2
3
-1
8
12
0
-6
4
-5
10
-12
-10
1
-2
9
6
10
0
-9
-14
0
2
4
-9
6
7
6
5
6
-6
-3
-1
8
8
-5
0
-2
-12
-7
-4
-14
-1
5
5
-1
-1
6
7
-3
10
-8
-6
2
1
1
3
0
16
7
-3
3
-11
-5
-13
3
-3
6
-10
-3
8
7
1
-7
2
-1
3
-5
11
-2
-7
8
4
-5
-11
-2
3
0
-7
-2
-13
-8
7
4
4
20
14
10
6
3
-8
-14
-15
-8
-6
-13
-2
5
13
10
5
9
15
3
-6
-2
-6
-5
-19
-2
-1
-8
7
4
4
1
18
-7
-5
-3
9
-3
-6
-12
-11
1
4
2
2
13
19
11
6
4
-20
0
-16
-3
-15
-19
-1
4
8
9
14
18
-13
8
1
-11
-7
-20
4
6
12
21
11
12
2
2
-9
-15
-25
-17
-14
-3
-2
12
32
32
22
4
-10
-22
-23
-37
-21
-18
-12
23
17
29
27
35
12
13
-1
-32
-21
-22
-17
-12
2
14
23
8
19
-5
9
-1
-14
-6
-7
-16
-9
4
11
4
34
13
-9
2
-10
-17
-20
-6
-15
-6
-1
-3
1
15
9
18
13
13
8
-4
-5
4
-12
-16
-8
-13
-9
12
15
-7
8
13
2
13
17
0
-28
7
8
-12
7
-7
-14
-8
6
-5
6
21
-18
5
28
5
13
14
-9
-19
-14
-9
-16
-18
4
-15
12
10
-9
-1
9
-15
20
-8
8
3
4
-1
-1
-21
-8
3
0
14
20
22
1
4
-8
-10
-5
8
-18
5
11
-17
20
-1
-18
-10
-14
-22
-9
4
-10
5
11
24
1
16
-4
-19
-5
13
15
8
36
16
-11
9
-4
-18
6
-10
-16
-30
3
5
-42
7
-20
28
6
32
-9
10
14
-40
-2
4
-11
-23
32
-4
-1
-28
-11
-14
-3
14
14
13
40
12
15
5
-9
-1
-2
15
10
-36
0
25
4
10
5
4
-8
-34
37
11
-32
-36
-7
-54
-24
3
-1
3
18
37
42
-1
-19
-31
-10
7
2
20
37
30
5
20
-38
-63
-20
12
39
39
77
59
15
-26
-75
-73
-65
-49
-4
14
64
42
48
-6
-9
-21
-2
6
17
-6
-28
28
6
9
-67
-22
-28
-33
-8
12
-10
43
43
104
28
35
25
-47
34
-77
-60
-50
-40
2
-23
21
8
12
-40
-23
27
36
20
43
42
18
-14
-26
-63
-107
-22
12
17
64
76
13
27
37
-64
-33
-56
-13
-10
61
31
-41
-58
-56
-76
-84
-5
6
1
17
65
15
0
29
86
56
65
121
7
12
-58
-1
-47
43
68
-15
-48
-14
-98
-76
-74
-71
-27
-8
103
-15
32
100
187
376
301
8
-88
-399
-393
-297
-172
-3
100
302
280
44
-60
-271
-295
-203
-42
-69
61
100
160
176
77
137
19
165
104
18
20
11
-11
26
100
15
-49
-122
-83
-163
50
-132
397
523
236
333
-259
-602
-838
-506
-336
-43
378
627
365
323
-43
-530
-613
-387
-145
-10
348
331
337
229
172
-17
-66
76
58
15
19
145
-12
88
91
15
-45
-138
-232
-239
-248
-178
-1
-74
28
41
46
-73
-12
34
-125
-14
106
41
-1
67
112
111
120
236
97
15
222
57
67
9
-63
-90
-169
-102
-3
-122
62
89
-18
-58
-64
-96
-227
-168
-50
-164
87
99
-11
58
73
58
22
75
50
12
-26
26
-20
-55
-12
46
28
50
63
113
78
65
79
-87
-67
-14
-120
-79
-18
95
38
62
21
-180
-62
26
-50
-18
28
-33
-93
-57
2
-209
9
32
19
57
-1
45
-58
-18
7
-51
15
33
2
11
16
23
89
157
78
181
131
115
34
-25
-85
-196
-75
-19
-85
-4
58
-25
3
-25
47
-55
0
8
-95
-107
20
32
-20
91
5
135
114
-56
54
-95
-92
-126
-136
-53
-81
29
229
84
51
78
-40
-132
55
92
65
61
96
139
2
156
50
-28
9
-17
-91
-51
-79
-59
-20
-20
-59
-103
-67
-98
-77
-163
-144
-97
6
-44
73
123
13
210
122
59
86
-1
96
-11
-33
42
-6
28
26
4
59
65
-24
-5
-186
-110
-134
-190
-103
-84
-68
60
156
74
27
-129
-94
-176
-132
-94
-44
92
257
114
118
68
31
-65
-69
61
70
125
98
125
115
127
110
15
89
-91
-113
4
-172
-86
-5
60
98
96
1
-24
-319
-234
-195
-13
214
157
79
72
-2
-85
-146
-89
-53
-79
161
56
128
23
114
83
-80
22
-154
-98
-134
-204
-73
-107
-3
222
127
151
191
26
-6
-135
-55
-96
81
81
41
33
209
95
39
73
-113
-166
-108
-63
-102
13
-50
95
131
220
27
-21
-192
-134
-161
-189
-127
-103
172
230
199
125
-104
-132
-60
-125
-58
-17
92
171
97
55
-100
-82
61
18
52
60
22
165
156
103
-124
-127
-103
-18
74
-2
13
11
32
-80
-147
-286
-182
-16
111
20
90
42
-3
-77
-75
-73
-66
123
8
64
27
5
118
59
83
214
119
-53
-80
16
44
55
69
-41
-13
-48
-79
-99
-104
-135
-72
347
308
15
-30
-321
-344
-341
-301
-119
6
297
241
17
48
-5
-211
-117
50
34
70
320
175
25
57
69
-146
50
145
-20
49
221
178
64
22
-141
-242
-234
-163
-187
-178
-46
98
72
125
55
58
17
-37
-123
-192
-9
205
97
191
165
37
91
-16
-73
-74
-91
96
133
51
-3
-90
-150
-170
-168
-115
-67
156
261
95
112
22
-301
-260
-198
-158
-97
-10
257
79
79
274
42
-51
129
26
-9
84
93
107
48
90
-31
-44
-88
-54
-89
-24
107
54
114
34
-48
-187
-205
-122
-156
-82
17
142
148
98
144
-34
-45
28
-19
-91
-78
29
-95
-12
136
26
57
24
-19
-85
-145
-61
-140
-104
-84
12
77
123
10
94
-12
-39
68
16
-37
102
118
67
-44
53
15
42
188
-72
-111
-105
-121
-76
-47
18
-12
33
15
-65
-97
-144
-147
3
47
72
186
115
15
-13
-29
-69
-45
18
93
101
216
129
61
40
-11
-14
-44
15
7
-58
-8
23
-42
-77
-91
-86
-116
-9
39
3
31
-13
52
-44
63
41
-52
48
-37
110
-11
-26
-57
-145
-26
25
59
58
81
36
-55
-22
-71
-71
-135
-7
68
29
145
16
-6
-27
88
32
37
64
-3
-27
74
-27
-117
-151
41
26
-28
81
35
21
27
0
-167
-151
-31
21
15
122
154
127
110
-45
-133
-83
-149
-69
9
5
78
161
47
12
-25
-61
-80
-77
25
-72
-21
122
50
87
66
-86
-107
-55
-131
-77
-29
57
129
134
144
6
-8
50
31
49
52
3
62
11
8
-123
-9
-39
-90
0
55
39
-67
-87
-194
-149
-157
-41
24
51
112
49
-10
9
-102
-166
-122
27
55
59
152
66
-1
80
62
43
71
-25
7
-89
-97
31
44
56
103
63
70
22
4
-53
-139
31
-33
-51
-3
-104
-88
-58
56
105
41
137
75
69
57
80
72
-54
116
100
-23
32
-24
-100
-39
65
98
-20
37
77
-52
-28
-68
-210
-138
-28
-75
-78
61
91
89
208
121
-25
-62
13
44
-8
108
46
-35
-20
-45
-180
-116
21
46
90
108
107
-90
-82
-148
-137
-81
-4
47
167
211
175
59
-87
-129
-102
-57
-118
25
53
94
85
8
-83
-62
-86
-28
-55
7
2
-46
-15
22
85
-25
12
-17
-50
-14
-17
103
89
205
161
86
118
40
28
-37
-90
-122
-93
-140
-197
-161
-59
-30
42
85
28
-14
-82
-139
-114
-76
-61
-7
11
27
-76
-81
-28
-71
-76
-22
-73
-119
-124
-160
-169
-169
-110
-43
-6
-32
23
23
-6
-23
-78
-130
-193
-153
-109
-152
-178
-195
-136
-88
-46
-47
20
53
137
120
-2
-40
-113
-28
-2
-76
6
75
120
139
150
112
96
192
189
107
51
-25
3
51
93
184
263
398
396
333
301
252
183
242
209
295
360
318
365
343
314
228
241
224
198
197
129
95
37
-50
-87
-116
-44
-50
-75
-65
-84
-42
-65
-62
-81
-92
-167
-166
-159
-118
-131
-128
-104
-153
-136
-205
-261
-345
-347
-370
-349
-331
-384
-419
-460
-425
-456
-401
-358
-312
-218
-174
-108
-57
-62
-101
-88
31
-58
-49
25
66
125
229
300
343
365
359
338
299
314
211
253
312
269
267
290
263
287
275
253
236
148
126
79
73
59
75
-2
-29
-34
-52
-75
-53
-85
-160
-79
-78
-75
-29
43
36
-74
-84
-158
-266
-251
-235
-225
-161
-120
-86
-40
49
-5
-23
40
-35
-146
-215
-195
-248
-180
-118
-107
-38
14
66
113
327
568
726
850
946
990
885
767
522
235
-10
-220
-419
-706
-754
-805
-895
-981
-948
-878
-939
-925
-870
-924
-944
-882
-900
-911
-781
-575
-477
-312
-20
192
434
661
833
871
918
969
812
672
581
489
382
353
354
347
374
466
438
415
427
350
212
86
31
-58
-123
-93
-36
9
166
430
574
748
1019
1154
1147
1173
1126
980
892
885
794
680
607
539
407
334
323
232
129
49
-57
-236
-356
-413
-486
-616
-629
-707
-733
-691
-627
-538
-536
-470
-430
-405
-442
-426
-494
-614
-593
-562
-602
-607
-519
-425
-410
-338
-269
-335
-331
-292
-338
-411
-367
-394
-505
-497
-392
-382
-380
-330
-348
-332
-339
-323
-327
-282
57
567
946
1305
1558
1679
1574
1392
1128
644
259
-52
-461
-915
-1093
-1230
-1501
-1643
-1564
-1557
-1617
-1531
-1472
-1638
-1702
-1553
-1634
-1783
-1672
-1417
-1297
-1028
-487
-55
338
882
1307
1363
1507
1652
1463
1210
1077
863
464
286
252
114
91
251
282
199
249
247
111
21
-2
-167
-316
-260
-182
-94
206
689
1103
1466
1931
2278
2431
2615
2665
2456
2242
2146
1949
1659
1484
1316
1105
986
955
894
730
564
368
90
-168
-387
-650
-863
-1017
-1140
-1206
-1096
-924
-752
-523
-261
-94
14
85
56
-31
-186
-342
-515
-607
-594
-525
-490
-475
-425
-371
-447
-540
-594
-776
-905
-1013
-1134
-1190
-1173
-1141
-1124
-1094
-977
-872
-762
-553
-367
-258
-184
-100
-24
-90
-168
-200
-288
-337
-377
-434
-506
-454
16
680
1229
1553
1817
2076
1936
1641
1315
733
124
-223
-653
-1329
-1609
-1552
-1813
-2093
-1909
-1773
-1943
-1920
-1651
-1912
-2207
-1947
-1972
-2238
-2081
-1634
-1592
-1302
-473
116
586
1366
2071
2086
2151
2456
2230
1739
1617
1439
779
394
428
267
131
306
379
189
282
433
86
-224
-288
-576
-1105
-1225
-1067
-1074
-808
-203
294
808
1604
2268
2711
3227
3662
3599
3437
3453
3245
2878
2684
2369
1865
1606
1506
1228
1029
932
623
222
-65
-349
-864
-1202
-1376
-1647
-1865
-1725
-1478
-1349
-1016
-567
-272
-74
243
440
470
491
461
198
-14
-23
-173
-299
-284
-242
-358
-423
-410
-569
-772
-858
-1013
-1301
-1421
-1429
-1483
-1557
-1472
-1377
-1312
-1096
-904
-794
-668
-446
-305
-286
-243
-214
-236
-209
-219
-333
-406
-406
-556
-710
-614
-40
719
1180
1488
1745
1914
1742
1452
1178
596
57
-268
-790
-1404
-1516
-1371
-1636
-1820
-1510
-1429
-1659
-1569
-1464
-1964
-2156
-1942
-2234
-2595
-2330
-1929
-1960
-1485
-456
208
794
1697
2205
2116
2287
2495
2051
1643
1590
1192
537
383
485
213
241
561
412
211
375
265
-339
-668
-813
-1416
-1913
-1867
-1792
-1707
-1157
-382
87
791
1820
2494
2916
3509
3957
3825
3708
3774
3621
3403
3336
3041
2541
2424
2427
2072
1698
1516
1034
322
-146
-600
-1191
-1597
-1751
-2024
-2151
-1807
-1479
-1238
-716
-130
149
377
745
911
886
968
908
636
549
619
436
221
240
135
-105
-221
-351
-643
-908
-1078
-1442
-1828
-1903
-1969
-2169
-2183
-2015
-2007
-1934
-1621
-1430
-1366
-1108
-903
-858
-705
-432
-413
-541
-517
-578
-766
-831
-864
-1037
-1020
-321
509
889
1194
1544
1691
1373
1052
725
-6
-591
-852
-1400
-2059
-2083
-1852
-2206
-2369
-1882
-1781
-1999
-1829
-1709
-2267
-2552
-2349
-2671
-3065
-2745
-2275
-2293
-1793
-666
75
742
1732
2355
2357
2633
2946
2536
2026
1984
1616
826
606
723
545
484
791
760
547
717
744
200
-206
-355
-972
-1593
-1623
-1522
-1497
-986
-142
417
1118
2147
2837
3198
3760
4162
4031
4006
4261
4137
3901
3897
3775
3341
3215
3303
2922
2535
2308
1765
865
287
-157
-928
-1477
-1672
-1955
-2212
-1940
-1511
-1332
-890
-192
98
244
664
950
911
990
1073
810
695
885
803
523
535
537
200
-56
-92
-374
-772
-975
-1280
-1681
-1792
-1783
-1908
-1948
-1776
-1718
-1823
-1670
-1524
-1530
-1404
-1230
-1165
-1161
-1030
-868
-859
-781
-720
-823
-877
-966
-1187
-1460
-1388
-668
146
622
989
1446
1666
1542
1332
1011
338
-293
-641
-1316
-2095
-2212
-2106
-2559
-2826
-2437
-2355
-2637
-2431
-2222
-2744
-3007
-2664
-2919
-3414
-3048
-2534
-2596
-2173
-917
-87
540
1622
2345
2386
2718
3142
2650
2067
2079
1688
777
469
636
383
266
590
509
294
541
554
-99
-484
-565
-1199
-1809
-1777
-1631
-1570
-972
-92
418
1238
2433
3131
3464
4035
4474
4343
4282
4383
4208
4026
4010
3770
3343
3400
3558
3187
2742
2410
1787
924
288
-329
-1144
-1735
-2046
-2461
-2675
-2334
-1914
-1655
-1102
-383
39
391
882
1104
1122
1339
1367
1101
1105
1342
1260
1043
1122
1134
856
713
596
143
-291
-506
-927
-1537
-1763
-1766
-2016
-2136
-1964
-1901
-1851
-1660
-1536
-1558
-1419
-1136
-1124
-1131
-936
-830
-927
-945
-876
-991
-1122
-1187
-1340
-1512
-1389
-524
577
1158
1533
1985
2233
1939
1544
1259
393
-407
-731
-1458
-2398
-2476
-2122
-2700
-3138
-2577
-2505
-2979
-2807
-2474
-3101
-3519
-3020
-3261
-3842
-3247
-2500
-2623
-2135
-623
222
668
1903
2824
2706
2900
3361
2737
1974
2076
1673
544
202
473
111
-94
388
368
-2
183
190
-647
-1230
-1238
-1807
-2489
-2359
-2121
-2119
-1506
-519
67
859
2145
2933
3184
3771
4309
4160
4076
4321
4137
3747
3788
3738
3339
3460
3784
3310
2679
2582
2132
1096
465
15
-919
-1638
-1856
-2289
-2658
-2250
-1743
-1607
-1042
-182
167
473
1095
1351
1270
1476
1638
1368
1342
1679
1560
1270
1405
1460
1174
1028
989
469
-89
-253
-632
-1250
-1507
-1554
-1889
-2064
-1871
-1828
-1943
-1791
-1632
-1732
-1623
-1351
-1284
-1303
-1049
-890
-1043
-1021
-899
-944
-1049
-1079
-1228
-1493
-1504
-984
140
1161
1671
2070
2454
2510
2165
1899
1375
365
-240
-699
-1698
-2406
-2161
-2201
-2917
-2884
-2468
-2851
-3124
-2615
-2774
-3665
-3578
-3308
-3987
-4055
-3042
-2626
-2627
-1517
-165
308
1267
2675
2998
2821
3234
3209
2228
1854
1907
1048
143
192
162
-338
-123
269
-115
-288
-107
-608
-1468
-1627
-1799
-2637
-2942
-2612
-2540
-2311
-1293
-298
347
1469
2625
3051
3480
4295
4617
4394
4422
4451
4066
3800
3798
3593
3368
3541
3511
3062
2761
2479
1739
836
212
-585
-1563
-2191
-2594
-2982
-3006
-2586
-2143
-1727
-1027
-219
389
981
1515
1757
1894
2104
2169
2078
2194
2364
2263
2139
2161
2116
1975
1832
1461
862
405
-30
-624
-1164
-1538
-1942
-2346
-2488
-2516
-2559
-2429
-2161
-2112
-2138
-1904
-1543
-1382
-1342
-1239
-1192
-1198
-1115
-1031
-1059
-1107
-1126
-1267
-1439
-1460
-909
357
1411
1809
2197
2745
2817
2483
2349
1822
711
96
-345
-1441
-2179
-1836
-1927
-2803
-2805
-2332
-2696
-2895
-2362
-2669
-3667
-3536
-3243
-4032
-4072
-2931
-2653
-2873
-1733
-338
96
1075
2572
2743
2400
2962
3038
2004
1694
1859
900
-146
-73
-53
-517
-231
207
-285
-587
-306
-767
-1670
-1775
-1926
-2828
-3244
-2907
-2851
-2649
-1583
-560
41
1119
2334
2850
3404
4349
4633
4350
4442
4458
4017
3859
3951
3624
3308
3539
3447
2947
2893
2781
1964
1163
663
-262
-1247
-1716
-2229
-2803
-2685
-2257
-2135
-1662
-678
14
510
1277
1766
1870
2219
2502
2314
2231
2447
2339
2068
2211
2296
2080
2032
1946
1427
845
459
-134
-888
-1358
-1809
-2489
-2899
-2956
-3032
-3021
-2735
-2482
-2375
-2077
-1729
-1574
-1306
-1067
-1181
-1324
-1253
-1209
-1297
-1236
-1175
-1376
-1434
-1362
-1455
-1457
-628
825
1659
1932
2358
2857
2911
2550
2238
1429
327
-113
-574
-1540
-1913
-1448
-1749
-2624
-2471
-2162
-2713
-3010
-2830
-3541
-4499
-4162
-3967
-4620
-4218
-3014
-2910
-2908
-1413
-42
466
1607
2842
2747
2586
3364
3298
2291
2263
2385
1258
443
823
770
237
470
484
-371
-654
-449
-1240
-2219
-2220
-2530
-3603
-3793
-3204
-3094
-2772
-1654
-860
-326
1013
2370
2850
3506
4504
4731
4527
4797
4932
4672
4823
4924
4367
4102
4483
4278
3557
3371
3026
1935
1095
558
-484
-1471
-1834
-2408
-3164
-2978
-2399
-2260
-1719
-611
77
516
1395
2005
2063
2489
2934
2630
2450
2794
2765
2481
2680
2824
2474
2290
2142
1417
638
201
-533
-1538
-2117
-2593
-3350
-3700
-3562
-3544
-3461
-3000
-2643
-2507
-2073
-1554
-1419
-1291
-1019
-1064
-1267
-1155
-979
-1078
-1105
-1018
-1178
-1348
-1302
-1403
-1700
-1372
-181
709
994
1531
2192
2349
2084
1878
1316
309
-63
-194
-1026
-1626
-1269
-1371
-2267
-2390
-2018
-2577
-3182
-3074
-3606
-4702
-4574
-4143
-4777
-4759
-3608
-3273
-3500
-2382
-837
-273
666
2188
2532
2395
3189
3509
2623
2445
2856
2027
983
1175
1271
711
817
1086
394
-46
237
-316
-1432
-1676
-1836
-2906
-3492
-3086
-2979
-2895
-1966
-986
-447
697
2225
2972
3481
4412
4824
4570
4673
4870
4574
4426
4570
4266
4004
4397
4475
3925
3597
3308
2406
1447
770
-206
-1251
-1853
-2479
-3096
-2923
-2326
-1999
-1419
-330
456
970
1719
2255
2325
2437
2523
2195
1994
2273
2347
2120
2203
2442
2307
2070
1898
1386
641
-26
-814
-1784
-2489
-2928
-3479
-3896
-3836
-3609
-3394
-2983
-2501
-2148
-1792
-1377
-1228
-1299
-1262
-1277
-1498
-1702
-1661
-1575
-1569
-1499
-1498
-1615
-1638
-1596
-1737
-1941
-1577
-394
604
1005
1520
2234
2447
2182
2055
1693
891
550
439
-411
-1199
-1041
-1256
-2301
-2616
-2395
-3061
-3821
-3775
-4109
-4982
-4856
-4365
-4762
-4699
-3599
-3152
-3196
-2093
-614
156
1182
2543
2898
2899
3631
3887
3183
2995
3181
2385
1482
1574
1639
1257
1341
1404
704
264
316
-325
-1350
-1746
-2128
-3128
-3683
-3469
-3362
-2999
-1967
-1092
-413
835
2268
3031
3653
4564
4946
4865
5079
5274
5101
5183
5468
5206
4909
5207
5289
4735
4231
3786
2690
1445
670
-279
-1448
-2112
-2470
-2939
-2909
-2225
-1677
-1207
-243
606
921
1402
1948
1923
1772
1970
1946
1681
1873
2177
2122
2174
2416
2278
1824
1503
934
-61
-871
-1578
-2515
-3289
-3654
-3987
-4263
-4096
-3768
-3557
-3169
-2610
-2279
-2069
-1763
-1617
-1747
-1831
-1844
-2001
-2116
-2028
-1971
-1936
-1846
-1829
-1871
-1850
-1848
-2024
-2171
-2053
-1295
-135
694
1211
1871
2515
2597
2403
2358
1903
1257
1071
582
-497
-1019
-918
-1615
-2557
-2573
-2744
-3615
-3984
-3895
-4470
-4897
-4334
-4158
-4513
-3853
-2793
-2591
-2134
-589
614
1228
2361
3390
3541
3765
4354
4136
3514
3544
3334
2469
2094
2259
2002
1518
1332
880
173
-173
-633
-1625
-2374
-2656
-3270
-3963
-3882
-3407
-2982
-2287
-1335
-424
693
2106
3032
3502
4167
4815
4992
5082
5404
5550
5651
5874
5806
5539
5639
5685
4954
4053
3435
2417
1106
237
-536
-1531
-2097
-2290
-2673
-2751
-2059
-1505
-1362
-747
46
343
684
1235
1332
1267
1669
1917
1734
1916
2366
2312
2019
2001
1774
1162
637
20
-894
-1732
-2356
-3017
-3574
-3783
-3919
-4150
-4115
-3817
-3521
-3154
-2748
-2499
-2361
-2115
-1929
-1903
-1887
-1862
-1840
-1862
-1938
-1945
-1859
-1796
-1915
-2027
-2043
-2112
-2199
-2266
-2367
-2272
-1248
237
1095
1793
2877
3629
3599
3522
3518
2772
1933
1602
738
-517
-832
-878
-1930
-2754
-2627
-2961
-3762
-3777
-3615
-4317
-4589
-3942
-3971
-4204
-3289
-2379
-2275
-1587
-112
815
1530
2805
3618
3616
3937
4363
3954
3514
3679
3297
2335
2014
2000
1543
1158
990
411
-329
-715
-1232
-2035
-2443
-2605
-3169
-3622
-3400
-3010
-2599
-1732
-624
267
1212
2302
3065
3712
4592
5279
5483
5684
6059
6186
6226
6387
6223
5770
5524
5189
4382
3565
2959
2044
925
95
-672
-1481
-1971
-2201
-2534
-2680
-2297
-1915
-1661
-1031
-323
71
467
923
1094
1275
1710
1837
1658
1783
1911
1625
1380
1245
751
43
-447
-1067
-1919
-2470
-2867
-3368
-3738
-3869
-3963
-4003
-3787
-3479
-3254
-2961
-2642
-2404
-2189
-1994
-1787
-1646
-1601
-1616
-1590
-1506
-1527
-1658
-1747
-1783
-1923
-2133
-2288
-2469
-2624
-2688
-2765
-2810
-2286
-786
696
1661
2724
3751
4196
4146
4031
3465
2313
1589
996
-257
-1256
-1351
-1622
-2479
-2643
-2347
-2802
-3253
-3024
-3208
-4054
-4049
-3625
-4093
-4131
-3091
-2413
-2216
-1124
417
1256
2265
3628
4117
4098
4572
4765
4080
3716
3744
3071
2238
2079
1968
1490
1260
1109
419
-207
-426
-927
-1770
-2195
-2459
-3062
-3336
-3008
-2559
-1991
-939
154
891
1879
3068
3944
4623
5350
5808
5845
5968
6163
6159
6169
6148
5845
5443
5225
4885
4122
3396
2646
1451
218
-597
-1240
-1926
-2285
-2403
-2593
-2511
-2044
-1617
-1299
-717
-124
52
260
678
952
1064
1249
1257
970
987
1118
908
605
374
-64
-731
-1234
-1682
-2207
-2554
-2840
-3323
-3660
-3684
-3684
-3667
-3442
-3195
-3109
-2940
-2712
-2570
-2400
-2242
-2299
-2368
-2213
-2096
-2200
-2283
-2319
-2431
-2566
-2658
-2794
-2915
-2831
-2739
-2710
-2605
-2427
-2208
-1912
-1160
294
1865
2968
3756
4392
4521
4097
3585
2899
1736
798
258
-621
-1464
-1514
-1505
-2105
-2356
-2125
-2485
-3044
-2951
-3137
-3986
-4067
-3494
-3516
-3335
-2270
-1497
-1056
207
1690
2361
3224
4529
4842
4462
4697
4834
4145
3800
3835
3165
2457
2533
2437
1813
1614
1536
733
-23
-328
-1038
-2036
-2425
-2710
-3453
-3613
-2970
-2447
-1893
-772
365
1176
2228
3341
3929
4456
5135
5315
5114
5337
5711
5739
5843
6043
5843
5502
5401
4952
3972
3094
2235
952
-303
-993
-1535
-2090
-2268
-2309
-2445
-2237
-1671
-1327
-1145
-747
-434
-420
-297
19
174
247
428
448
402
639
871
723
488
366
-48
-694
-1181
-1654
-2307
-2925
-3296
-3612
-3784
-3657
-3538
-3484
-3283
-3076
-3037
-2998
-2958
-3126
-3342
-3420
-3461
-3479
-3282
-3017
-2935
-2841
-2583
-2292
-2124
-2042
-1968
-1937
-1933
-1992
-1995
-1813
-1559
-1363
-1243
-1076
-598
592
2163
3103
3526
4025
4221
3665
2952
2461
1558
534
52
-487
-1201
-1094
-552
-846
-1330
-1074
-1214
-2172
-2637
-2644
-3287
-3852
-3472
-3189
-3111
-2163
-976
-483
212
1599
2498
2945
3849
4492
4283
4135
4277
3891
3427
3644
3701
3170
2843
2751
2339
1779
1377
672
-277
-929
-1635
-2601
-3183
-3221
-3236
-3173
-2618
-1792
-917
119
1158
1950
2712
3545
4050
4302
4653
5035
5230
5416
5740
5998
6175
6309
6140
5623
5048
4437
3511
2414
1414
420
-478
-1028
-1323
-1633
-1775
-1680
-1659
-1640
-1443
-1334
-1362
-1302
-1198
-1174
-1094
-868
-670
-478
-199
55
279
556
736
623
333
49
-365
-901
-1460
-2025
-2547
-2959
-3224
-3370
-3373
-3269
-3299
-3401
-3463
-3593
-3732
-3845
-4006
-4262
-4431
-4446
-4394
-4130
-3695
-3329
-3010
-2649
-2320
-2017
-1587
-1285
-1293
-1316
-1272
-1332
-1337
-1064
-788
-684
-526
-288
-148
-76
418
1616
2729
3224
3463
3722
3621
3057
2573
2069
1137
563
539
118
-288
129
376
-342
-705
-430
-973
-1881
-1930
-2031
-2878
-2976
-2309
-2316
-2130
-862
52
188
1149
2565
2926
3238
4274
4597
4090
4156
4348
3756
3364
3480
2964
2037
1770
1626
823
184
-92
-925
-1921
-2335
-2760
-3434
-3438
-2934
-2750
-2380
-1402
-547
128
1220
2319
2843
3381
4182
4649
4928
5445
5875
5982
6193
6392
6198
5954
5809
5261
4327
3557
2864
1854
889
236
-449
-1100
-1362
-1474
-1739
-1785
-1626
-1745
-1961
-1841
-1603
-1566
-1429
-1058
-851
-700
-315
-30
53
294
466
226
-15
-119
-462
-965
-1274
-1661
-2283
-2741
-2999
-3374
-3704
-3823
-4064
-4304
-4286
-4313
-4456
-4430
-4383
-4461
-4415
-4233
-4168
-4105
-3890
-3631
-3318
-2924
-2644
-2478
-2218
-1946
-1812
-1674
-1372
-1238
-1289
-1176
-905
-640
-333
58
286
404
582
703
679
1103
2382
3553
4035
4372
4728
4676
4118
3542
2878
1921
1436
1262
580
98
440
380
-618
-1116
-1004
-1639
-2581
-2790
-3015
-3638
-3419
-2655
-2438
-1802
-302
527
644
1648
3024
3458
3814
4594
4701
4199
4092
3933
3228
2938
2977
2217
1175
904
619
-354
-1088
-1426
-2140
-2933
-3252
-3395
-3428
-2996
-2430
-2140
-1527
-434
408
1071
2054
3057
3662
4224
4886
5344
5732
6206
6441
6337
6303
6299
5939
5421
4989
4322
3397
2549
1705
769
41
-522
-1257
-1890
-2028
-2047
-2254
-2201
-1919
-1846
-1853
-1683
-1504
-1392
-1121
-871
-837
-683
-398
-356
-366
-126
-77
-306
-401
-524
-915
-1247
-1575
-2274
-2995
-3434
-3946
-4618
-4957
-5001
-5154
-5189
-5060
-4969
-4766
-4346
-4114
-4139
-3983
-3758
-3708
-3629
-3361
-3073
-2761
-2296
-1835
-1443
-967
-537
-313
-171
-34
-1
-102
-183
-177
9
326
601
824
1061
1197
1322
1503
1597
1359
1504
2807
3916
4098
4368
5016
4975
4056
3466
2878
1781
1472
1425
428
-241
350
252
-1183
-1528
-1005
-1819
-2862
-2692
-2780
-3501
-2977
-2025
-2097
-1493
133
703
592
1759
2963
2809
2933
3627
3447
2909
3093
2902
2072
2115
2335
1364
416
484
216
-804
-1285
-1348
-1674
-1825
-1726
-1893
-1880
-1104
-621
-769
-324
614
1047
1300
2104
2944
3474
4115
4641
4812
5122
5568
5429
4932
4869
4816
4250
3730
3545
3095
2432
2044
1576
836
385
79
-656
-1273
-1308
-1508
-2074
-2228
-2123
-2303
-2428
-2296
-2245
-2121
-1745
-1605
-1695
-1493
-1198
-1199
-1179
-1018
-1112
-1370
-1481
-1680
-2095
-2418
-2722
-3241
-3751
-3940
-4051
-4209
-4214
-4136
-4042
-3930
-3780
-3657
-3508
-3344
-3303
-3263
-3189
-2934
-2519
-2046
-1595
-1181
-695
-261
6
190
368
499
519
405
318
422
710
1027
1284
1602
1961
2092
1999
1825
1560
1171
817
528
238
-82
562
2371
3629
4075
4558
5043
4505
3219
2367
1425
437
416
343
-653
-777
542
779
-160
-79
26
-1478
-2651
-2474
-3026
-3849
-3107
-2372
-2644
-1718
141
325
-32
1125
1914
1224
1203
1994
1918
1817
2451
2354
1737
2220
2710
1738
848
999
587
-402
-441
-167
-463
-621
-418
-650
-804
-239
-189
-807
-709
-77
-10
193
1249
2223
2773
3521
4249
4439
4675
5139
4923
4368
4329
4223
3651
3321
3336
2947
2321
1908
1270
390
-129
-598
-1592
-2404
-2700
-3130
-3612
-3517
-3278
-3471
-3604
-3511
-3478
-3330
-2929
-2709
-2703
-2366
-1925
-1882
-1772
-1373
-1254
-1507
-1782
-2107
-2470
-2610
-2681
-2930
-3053
-2886
-2912
-3017
-2760
-2499
-2635
-2871
-2965
-3091
-3104
-2865
-2675
-2456
-1928
-1386
-1037
-527
186
671
871
1065
1208
1147
1152
1213
1241
1462
1691
1768
1758
1879
2045
2015
1926
1702
1416
1189
918
709
585
562
447
250
120
15
711
2111
3120
3288
3458
3761
3225
2296
1689
1027
576
961
1257
771
739
1210
605
-574
-952
-1524
-3142
-4133
-4061
-4238
-4167
-3178
-2489
-2313
-1356
-318
-549
-726
75
416
176
776
1778
2222
2834
3743
3853
3637
3879
3588
2431
1830
1839
1143
237
113
181
10
105
150
-356
-628
-477
-710
-1045
-591
56
127
485
1371
2048
2418
2883
3186
3061
3146
3338
3101
2925
3220
3290
2851
2604
2422
1847
1192
639
-158
-1064
-1681
-2362
-2934
-2985
-2929
-3212
-3448
-3454
-3607
-3775
-3821
-3903
-3892
-3681
-3573
-3491
-2991
-2463
-2274
-2079
-1831
-1707
-1643
-1415
-1232
-1126
-918
-933
-1191
-1316
-1239
-1364
-1658
-1818
-1825
-1692
-1494
-1224
-908
-530
-177
-82
0
262
485
456
331
331
376
488
701
920
1214
1563
1696
1648
1732
1877
1964
1972
1874
1725
1582
1579
1477
1302
1238
1121
761
370
339
342
222
213
235
-2
-201
712
2272
3210
3426
3503
3385
2580
1721
1228
599
259
591
668
63
39
402
-489
-1852
-2360
-3020
-4468
-5133
-4692
-4508
-4079
-2822
-2012
-1919
-1199
-252
-509
-780
-75
479
655
1578
2899
3474
3973
4616
4261
3414
3387
3330
2245
1470
1559
1250
638
726
929
474
107
-173
-1071
-1790
-1662
-1649
-2026
-1671
-813
-487
-243
501
1037
1083
1224
1401
1300
1500
2069
2292
2476
3074
3456
3208
2907
2535
1746
871
197
-461
-1052
-1225
-1448
-1865
-2017
-2068
-2535
-3237
-3757
-4304
-4725
-4754
-4622
-4438
-3921
-3170
-2584
-2061
-1533
-1326
-1296
-1156
-1011
-970
-753
-305
46
310
685
934
907
933
980
759
415
195
51
-79
-72
36
44
136
306
296
215
326
446
371
337
421
563
753
964
1117
1151
1154
1190
1135
1033
1052
1098
972
773
586
377
168
-26
-288
-626
-848
-912
-917
-875
-727
-518
-384
-331
-296
-247
325
1523
2449
2582
2365
2370
2029
1154
484
104
-216
-408
-426
-573
-766
-799
-1262
-2230
-3022
-3409
-3783
-4084
-3890
-3359
-2649
-1814
-1093
-632
-243
59
114
119
409
1009
1769
2486
3147
3818
4305
4241
3732
3229
2782
2192
1455
973
801
617
329
101
18
-194
-655
-1285
-1978
-2450
-2610
-2552
-2364
-1947
-1364
-929
-592
-175
352
784
972
1100
1280
1612
2051
2428
2701
2830
2874
2692
2274
1711
1070
545
97
-371
-787
-922
-1018
-1389
-1761
-2009
-2313
-2759
-3141
-3336
-3333
-3132
-2927
-2723
-2307
-1716
-1233
-949
-671
-316
-7
271
588
945
1310
1553
1619
1528
1445
1357
1161
956
888
965
1026
1108
1312
1486
1381
1012
623
258
-122
-423
-571
-582
-538
-394
-193
35
341
548
497
192
-75
-252
-477
-742
-846
-737
-693
-700
-629
-454
-302
-196
-213
-341
-365
-315
-381
-486
-489
-489
-490
-446
-402
-346
-317
-386
-529
-456
15
680
1065
986
801
655
384
53
-221
-270
-78
315
640
720
604
239
-304
-848
-1291
-1615
-1801
-1735
-1480
-1131
-852
-676
-441
-308
-450
-731
-801
-617
-304
164
755
1342
1903
2373
2525
2355
2079
1757
1376
1074
917
846
788
705
584
348
-20
-448
-783
-1119
-1554
-1888
-1915
-1706
-1385
-926
-516
-213
61
216
213
204
312
487
701
965
1317
1658
1846
1894
1853
1755
1556
1315
1124
948
744
556
391
211
-13
-321
-674
-980
-1174
-1282
-1286
-1248
-1177
-982
-764
-710
-650
-487
-443
-408
-145
176
361
706
1223
1452
1409
1469
1431
1159
971
812
509
328
404
417
371
443
436
194
-51
-215
-410
-614
-684
-777
-886
-901
-808
-809
-909
-938
-868
-817
-733
-580
-530
-501
-537
-777
-1169
-1325
-1294
-1293
-1287
-1233
-1178
-946
-709
-714
-758
-635
-395
-291
-229
-232
-315
-371
-334
-249
-182
-105
-36
129
409
706
912
946
896
779
587
355
152
-55
-242
-199
23
139
158
183
180
119
5
-101
-169
-125
-22
155
513
919
1134
1073
914
863
904
933
897
939
1086
1176
1092
901
742
494
118
-279
-524
-548
-492
-434
-449
-422
-376
-506
-796
-1017
-1048
-1075
-1091
-993
-793
-458
-66
184
235
311
363
201
26
44
92
90
167
295
371
476
562
524
470
508
491
353
237
268
360
393
380
351
439
576
515
395
416
511
425
344
513
746
854
900
987
1049
1037
942
755
568
427
297
175
136
210
279
272
216
167
109
19
-100
-278
-497
-663
-746
-755
-714
-584
-456
-486
-602
-633
-688
-913
-1201
-1434
-1652
-1843
-1902
-1897
-1872
-1682
-1436
-1358
-1335
-1147
-957
-940
-898
-798
-808
-832
-679
-488
-337
-89
130
130
60
81
82
19
48
97
85
78
151
251
340
400
420
357
275
194
62
-68
-151
-206
-261
-233
-18
221
398
571
731
780
725
681
673
677
688
681
718
871
1076
1179
1213
1275
1259
1079
823
695
654
624
634
660
690
655
514
292
149
28
-237
-506
-575
-512
-464
-426
-380
-343
-249
-206
-361
-575
-644
-645
-642
-514
-235
29
160
250
279
215
66
-57
-136
-165
24
292
371
377
511
594
423
172
-25
-211
-254
-158
-7
159
436
652
664
666
641
434
123
-62
-167
-231
-156
16
127
209
249
203
129
115
-2
-220
-270
-142
-96
-151
-78
68
146
117
57
19
51
86
27
-83
-36
111
195
158
92
24
-248
-526
-599
-560
-630
-774
-754
-654
-602
-674
-846
-1086
-1247
-1308
-1370
-1480
-1457
-1214
-1013
-869
-732
-536
-353
-154
-87
-207
-361
-349
-263
-252
-305
-276
-188
-101
83
151
46
12
149
198
47
-34
3
-42
-78
-88
-158
-187
-18
200
338
459
625
793
907
977
1016
1016
1036
1072
1141
1176
1157
1130
1117
1175
1236
1236
1191
1117
983
868
667
299
-54
-241
-368
-539
-657
-698
-699
-720
-753
-797
-822
-775
-709
-648
-519
-349
-263
-186
-37
123
219
303
406
488
605
724
728
705
735
719
558
420
377
327
257
203
250
370
466
521
584
669
728
727
707
721
699
552
375
264
201
75
-79
-150
-156
-158
-178
-203
-289
-371
-462
-583
-712
-766
-762
-748
-667
-545
-486
-476
-381
-265
-189
-161
-163
-196
-233
-266
-332
-416
-398
-327
-379
-528
-603
-615
-700
-818
-977
-1185
-1357
-1402
-1400
-1405
-1308
-1121
-983
-927
-787
-607
-550
-576
-572
-501
-448
-326
-112
116
343
544
641
619
675
731
642
498
415
363
311
353
370
322
263
220
152
103
133
123
79
95
120
160
267
389
414
385
409
466
544
635
747
822
857
890
883
888
899
889
896
969
1062
1066
950
766
574
454
337
164
49
84
193
191
31
-238
-552
-831
-1057
-1216
-1298
-1254
-1113
-926
-744
-609
-498
-414
-352
-383
-408
-394
-381
-325
-179
25
152
207
209
178
129
84
13
27
191
407
596
767
1001
1192
1218
1156
1101
1055
936
809
764
814
923
959
902
819
774
620
257
-187
-521
-761
-887
-894
-827
-737
-672
-557
-410
-221
-106
-20
121
301
421
377
298
253
266
211
44
-184
-331
-406
-509
-672
-851
-944
-1043
-1183
-1413
-1608
-1677
-1697
-1743
-1807
-1797
-1712
-1625
-1561
-1430
-1234
-1044
-900
-730
-518
-311
-130
102
350
509
584
596
605
607
583
475
347
316
342
316
260
255
308
291
238
226
244
282
293
289
284
353
490
597
705
811
887
934
944
941
924
943
922
795
694
649
585
460
343
271
181
135
141
140
128
159
185
192
218
242
258
309
405
374
281
283
346
379
373
350
324
330
338
219
-2
-195
-378
-584
-768
-864
-910
-959
-960
-947
-957
-959
-960
-987
-1054
-1062
-997
-927
-822
-629
-355
-87
136
332
509
684
845
924
928
968
1073
1098
1045
1030
1044
998
905
838
703
512
339
185
-2
-211
-353
-451
-511
-543
-557
-553
-492
-378
-296
-202
-100
-66
-69
0
94
164
237
312
372
357
275
157
48
-10
-65
-174
-296
-367
-428
-520
-669
-841
-1009
-1139
-1218
-1260
-1213
-1085
-956
-851
-703
-538
-431
-425
-444
-454
-487
-487
-406
-250
-101
10
113
189
215
191
112
41
11
17
17
67
197
322
413
447
487
537
585
611
635
663
650
622
650
683
661
595
525
421
319
246
153
55
30
77
107
108
98
63
-8
-80
-161
-241
-266
-259
-240
-187
-67
48
125
183
204
241
352
480
562
616
702
793
842
832
778
693
583
469
356
309
305
278
195
96
28
-76
-219
-356
-521
-707
-839
-884
-896
-869
-792
-736
-687
-600
-463
-330
-205
-72
67
178
253
349
431
510
568
615
623
589
532
459
412
362
299
211
104
-38
-184
-295
-439
-623
-761
-836
-882
-888
-848
-824
-770
-628
-483
-352
-218
-87
-7
33
52
68
121
157
140
123
174
254
281
276
248
196
131
55
-64
-218
-309
-359
-475
-631
-709
-740
-792
-819
-822
-806
-748
-657
-568
-463
-334
-221
-138
-60
26
119
195
262
335
426
544
648
750
840
917
954
931
877
811
729
621
522
466
416
364
319
296
277
240
178
84
-25
-149
-234
-294
-332
-367
-381
-369
-344
-318
-307
-269
-210
-168
-180
-215
-220
-210
-218
-220
-156
-38
46
122
196
255
302
318
305
293
298
286
251
221
258
334
378
402
431
472
476
411
323
248
167
56
-62
-118
-104
-104
-108
-92
-50
-38
-49
-53
-91
-154
-204
-256
-332
-375
-317
-249
-189
-62
98
196
247
292
274
257
278
260
181
164
188
176
188
233
229
130
29
-80
-191
-273
-348
-457
-550
-563
-554
-576
-591
-546
-508
-474
-422
-343
-239
-107
-7
14
31
83
105
81
64
48
8
-32
-26
4
12
-4
-62
-150
-210
-267
-371
-483
-544
-580
-610
-611
-577
-491
-386
-272
-175
-82
-4
18
32
46
73
92
132
209
306
372
412
471
503
498
491
495
441
386
390
382
335
289
269
193
124
81
26
-38
-71
-61
-60
-26
22
65
88
112
130
100
56
29
11
-14
-23
-6
24
56
94
131
147
130
85
12
-35
-62
-84
-47
26
86
102
96
116
136
134
115
89
90
95
121
176
233
279
299
294
289
284
285
288
280
217
131
89
61
8
-80
-158
-223
-301
-358
-384
-370
-352
-359
-377
-378
-340
-309
-259
-183
-123
-104
-90
-24
46
99
138
167
174
175
160
125
87
35
-45
-132
-179
-195
-198
-194
-175
-169
-168
-158
-150
-144
-141
-156
-169
-142
-80
-11
59
141
218
275
292
296
277
237
198
155
129
114
82
28
-28
-100
-173
-220
-231
-237
-276
-281
-264
-264
-292
-320
-335
-358
-361
-343
-313
-276
-201
-111
-55
16
104
163
166
168
180
167
152
148
143
103
80
77
74
53
27
-1
-27
-70
-133
-168
-184
-197
-191
-128
-38
34
72
106
157
193
162
119
108
105
79
50
73
129
171
154
143
134
96
24
-44
-74
-58
-17
10
29
85
167
208
218
251
312
357
353
343
381
452
505
542
607
646
635
577
521
475
417
331
233
143
52
-29
-83
-134
-205
-258
-307
-344
-380
-411
-401
-371
-337
-338
-335
-320
-307
-286
-249
-211
-172
-112
-61
-30
7
22
0
-53
-100
-139
-193
-260
-296
-287
-288
-296
-306
-322
-346
-372
-390
-425
-444
-434
-440
-433
-373
-284
-219
-152
-65
-11
18
58
94
139
196
231
249
287
330
342
354
375
377
361
333
284
237
215
183
147
120
98
55
27
34
43
49
27
9
17
36
31
11
10
17
-12
-42
-23
-13
-9
12
1
-33
-47
-46
-66
-76
-64
-86
-129
-140
-123
-113
-87
-68
-85
-126
-161
-192
-206
-194
-182
-177
-163
-136
-117
-88
-70
-94
-144
-195
-235
-256
-249
-220
-170
-130
-94
-54
-29
-14
-4
10
31
63
108
177
244
297
352
422
457
442
439
452
437
415
412
403
391
373
360
302
236
191
148
93
46
31
19
1
-18
-6
2
13
22
35
85
177
273
351
450
538
569
566
557
524
455
393
319
243
213
197
165
115
83
31
-50
-148
-268
-395
-504
-603
-725
-838
-932
-997
-1047
-1082
-1066
-1014
-920
-800
-685
-581
-484
-394
-340
-315
-280
-240
-205
-156
-79
-12
48
126
216
290
344
362
359
350
313
235
166
126
84
35
23
47
85
124
154
177
196
224
216
190
158
122
83
61
85
111
137
165
194
213
223
218
186
138
76
17
-44
-98
-140
-166
-189
-203
-182
-161
-149
-137
-108
-106
-114
-114
-113
-106
-110
-108
-99
-90
-78
-43
-33
-40
-33
-1
17
37
54
42
29
2
-30
-66
-72
-69
-83
-59
14
91
147
197
241
259
241
209
184
160
127
94
72
64
70
58
47
35
11
-24
-46
-66
-83
-79
-54
-22
27
99
169
232
289
340
388
428
450
465
469
452
425
409
404
382
358
339
331
324
282
221
165
88
-17
-127
-221
-287
-358
-427
-472
-498
-526
-563
-566
-565
-577
-592
-608
-640
-666
-653
-623
-570
-499
-422
-340
-234
-127
-55
20
107
156
167
170
188
190
206
221
224
229
242
246
223
189
155
111
70
59
35
7
15
41
46
31
45
52
33
24
34
21
25
64
87
99
112
121
96
82
73
42
6
-1
-18
-46
-48
-58
-69
-97
-118
-128
-133
-136
-140
-114
-86
-61
-26
25
64
85
100
104
99
105
88
45
26
1
-40
-67
-74
-93
-114
-121
-135
-145
-126
-111
-104
-74
-49
-22
19
64
96
136
163
178
178
169
159
138
143
142
123
94
71
49
17
-2
-28
-74
-100
-107
-120
-126
-99
-73
-58
-14
36
77
119
164
191
207
219
227
245
274
284
277
286
286
269
238
206
155
95
59
21
-20
-46
-70
-102
-145
-187
-239
-301
-342
-368
-387
-401
-401
-375
-340
-314
-272
-205
-162
-123
-82
-25
36
62
67
73
97
106
112
137
154
154
145
129
124
115
89
34
-14
-54
-87
-104
-118
-117
-115
-121
-133
-139
-133
-125
-110
-83
-69
-56
-27
18
51
65
93
117
135
133
134
135
137
132
121
123
124
116
88
59
39
3
-43
-65
-86
-103
-111
-111
-111
-105
-98
-114
-115
-88
-72
-88
-103
-79
-50
-31
-19
-3
19
21
21
27
32
24
21
18
16
11
0
-25
-33
-33
-41
-37
-25
-14
-14
24
58
73
88
110
127
118
115
116
124
140
139
154
168
166
173
189
179
152
142
124
88
66
60
51
45
48
40
26
17
18
21
19
4
-7
-21
-48
-72
-93
-105
-118
-122
-110
-109
-114
-141
-180
-207
-225
-235
-220
-181
-135
-86
-47
-18
-4
-18
-53
-94
-113
-111
-106
-67
-12
44
102
150
179
178
162
126
76
41
15
1
2
33
64
80
85
69
42
-1
-54
-113
-152
-179
-195
-185
-152
-118
-85
-45
-20
-9
-2
5
-5
-11
5
44
73
86
125
158
171
177
185
192
188
173
169
157
133
103
65
20
-19
-49
-76
-90
-110
-118
-110
-108
-133
-156
-171
-182
-180
-169
-152
-127
-84
-57
-38
-9
15
25
26
22
18
13
10
18
25
21
1
-2
-10
-27
-31
-37
-52
-74
-90
-101
-94
-70
-52
-36
0
39
68
103
133
140
143
158
166
172
195
226
239
240
243
239
218
188
150
112
85
54
21
8
3
-17
-48
-70
-101
-134
-150
-161
-164
-137
-108
-97
-73
-46
-31
-47
-72
-82
-81
-92
-106
-84
-48
-28
-30
-28
-20
-4
7
14
16
19
22
15
12
-2
-26
-39
-35
-32
-25
-1
37
68
76
91
109
89
55
39
6
-37
-44
-49
-65
-72
-76
-86
-92
-97
-113
-118
-113
-112
-109
-83
-56
-42
-19
13
27
35
44
44
58
64
58
67
83
96
97
114
113
90
77
73
50
28
13
-11
-35
-52
-63
-85
-85
-87
-95
-88
-81
-73
-58
-50
-56
-38
-22
-13
-1
12
21
32
54
68
83
105
109
80
46
27
12
-15
-41
-42
-13
22
50
67
85
72
53
32
2
-35
-58
-48
-36
-11
20
51
80
94
84
67
62
43
27
38
48
48
65
73
65
64
49
13
-17
-32
-47
-57
-62
-69
-62
-62
-72
-79
-81
-97
-118
-119
-116
-101
-78
-55
-36
-6
17
21
22
26
26
22
27
28
25
22
21
18
9
1
-6
-8
-21
-18
-4
12
35
52
59
44
23
4
3
3
5
29
47
53
57
64
53
28
13
-8
-21
-30
-41
-51
-49
-52
-51
-51
-57
-50
-31
-18
-34
-23
-1
-3
-16
-17
-19
-24
-19
-10
6
13
5
13
22
12
-4
-6
-17
-38
-29
-19
-30
-34
-10
5
0
-5
1
9
14
3
-7
6
10
-10
-24
-16
-5
-7
-10
-5
15
31
37
42
40
18
-10
-23
-35
-57
-79
-76
-56
-32
-10
18
52
55
40
25
22
7
3
12
33
51
66
80
89
105
92
65
60
59
53
51
69
71
65
65
58
43
34
26
12
15
18
18
11
4
8
6
-14
-38
-50
-49
-58
-59
-36
-24
-25
-28
-18
-19
-40
-47
-49
-62
-92
-92
-83
-79
-79
-74
-59
-57
-47
-33
-20
-17
-11
-14
-18
-13
-14
-15
-21
-14
-1
10
34
61
78
90
85
70
68
52
14
-7
-17
-17
-16
-14
-6
2
2
-9
-23
-39
-44
-46
-51
-40
-21
3
27
39
37
35
31
20
4
-6
-5
0
7
6
18
30
13
-8
-9
-11
-22
-31
-22
-11
3
14
16
16
25
17
-10
-23
-26
-37
-51
-55
-44
-16
-7
-9
-9
12
17
6
3
2
-7
-17
-15
-12
0
13
20
21
27
39
48
47
44
44
35
27
27
30
21
1
-11
4
20
12
11
22
25
22
13
10
-3
-15
-28
-34
-24
-22
-24
-16
4
21
25
26
24
21
22
8
4
15
25
34
51
52
42
24
11
11
-2
-8
-12
-17
-21
-6
2
1
1
2
-3
-19
-23
-29
-48
-64
-67
-74
-74
-61
-39
-26
-15
0
12
14
19
24
13
-2
-16
-16
-17
-11
0
16
30
39
44
37
17
8
3
-16
-26
-32
-35
-30
-30
-39
-28
-10
-12
-20
-26
-21
-11
-13
-10
0
9
3
8
29
36
33
34
38
27
4
-7
-10
-23
-25
-16
-13
-6
-4
-12
-14
-3
-9
-25
-34
-33
-37
-33
-26
-22
-10
11
6
-1
11
5
7
9
7
-5
-10
1
7
7
10
24
30
27
29
31
27
22
26
43
52
49
49
48
41
38
36
22
21
41
46
32
23
30
30
4
-20
-14
-13
-45
-57
-36
-20
-19
-25
-13
6
-1
-20
-22
-25
-39
-30
-8
0
0
13
23
18
10
13
14
2
-19
-19
7
14
14
28
28
12
7
-3
-18
-18
-24
-35
-21
-6
-12
-15
-6
1
-5
-20
-38
-56
-59
-54
-52
-40
-37
-35
-22
-10
-3
17
32
23
24
30
24
15
17
20
4
9
28
36
37
43
43
38
33
19
5
-1
-10
-16
-13
-13
-21
-15
-4
0
3
0
-2
2
1
-6
-12
-6
-1
-4
-6
-16
-25
-10
-1
-9
-10
-11
-11
-21
-19
-24
-31
-41
-49
-36
-21
-18
-15
-10
-2
0
1
-1
0
3
-7
-14
-22
-23
-18
-7
9
16
26
32
47
57
50
47
44
45
37
25
29
34
30
22
19
21
16
11
-1
-12
-4
-1
-5
4
18
14
9
8
-4
-14
-24
-28
-24
-15
-13
-8
19
23
18
15
13
0
-7
-18
-26
-15
-7
0
11
32
39
44
23
6
5
-6
-26
-28
-9
-6
-1
8
31
23
5
-14
-27
-39
-50
-44
-39
-26
-10
-4
7
21
6
-17
-10
-3
-18
-23
-5
-5
-11
-9
-16
-18
-6
-1
-1
3
8
9
16
23
12
3
3
9
7
-4
-3
-2
-3
0
5
0
5
3
-4
-8
-9
-15
-27
-30
-30
-21
-16
-2
11
21
33
32
31
32
12
1
2
-5
-2
10
16
18
22
30
38
33
19
6
-10
-27
-31
-39
-44
-32
-22
-13
-9
-7
-14
-20
-9
-7
-16
-18
-14
-10
-11
-7
-8
-13
4
13
-1
2
14
18
12
6
12
7
-4
-5
14
6
-15
2
19
14
5
23
27
8
-1
10
7
7
22
34
26
24
23
17
16
10
10
9
2
-9
-4
1
0
7
2
-3
-4
6
2
-8
-13
-13
-9
-6
-12
-18
2
6
-6
0
7
0
-5
-6
-15
-11
-7
-20
-24
-19
-22
-15
5
18
6
10
19
17
1
-8
2
18
22
12
19
33
32
14
11
12
0
-20
-31
-26
-13
1
9
15
9
5
-7
-20
-29
-36
-31
-35
-37
