-8
-12
-16
-21
-25
-29
-31
-33
-35
-37
-37
-36
-34
-33
-31
-29
-28
-26
-24
-21
-20
-20
-19
-20
-21
-20
-18
-16
-15
-11
-8
-4
0
3
6
11
15
18
21
26
26
27
27
27
26
21
16
13
11
8
7
7
5
5
3
3
4
6
8
10
12
16
17
18
18
20
20
19
20
19
16
13
10
8
6
3
-1
-3
-4
-6
-8
-9
-8
-9
-11
-13
-14
-12
-8
-8
-7
-5
-7
-7
-9
-8
-10
-10
-13
-14
-17
-21
-24
-27
-27
-29
-29
-27
-25
-23
-19
-14
-11
-7
-4
-2
2
4
7
9
9
11
11
10
9
8
6
5
3
5
5
5
6
8
10
11
13
14
16
20
23
27
29
32
33
32
31
30
28
26
23
20
17
14
12
7
4
3
1
-2
-5
-6
-7
-7
-8
-8
-5
-6
-5
-7
-7
-6
-7
-7
-9
-10
-13
-16
-18
-20
-21
-24
-28
-28
-30
-28
-29
-27
-25
-23
-21
-20
-18
-14
-12
-13
-11
-10
-9
-9
-8
-6
-5
-4
-5
-3
-3
-3
-3
-1
1
2
3
6
9
12
13
16
21
24
26
28
30
29
30
30
31
28
26
23
20
18
16
13
10
6
4
2
3
3
2
0
-2
-1
-2
1
2
4
3
2
2
1
-2
-5
-10
-12
-14
-16
-19
-22
-24
-26
-26
-26
-26
-25
-25
-24
-22
-18
-16
-14
-13
-12
-12
-13
-11
-10
-6
-6
-6
-4
-3
-1
-2
1
3
5
5
7
10
15
17
18
21
24
24
25
27
29
30
28
28
27
27
25
23
22
19
16
15
17
16
12
9
8
9
7
4
0
-3
-4
-4
-4
-3
-4
-6
-8
-11
-14
-16
-18
-19
-22
-23
-24
-24
-27
-27
-27
-27
-27
-25
-23
-25
-23
-20
-18
-16
-16
-14
-12
-12
-12
-11
-10
-10
-10
-7
-7
-6
-7
-6
-5
-3
-2
0
2
4
6
7
10
12
12
15
19
22
26
28
31
32
32
30
31
30
27
25
23
21
21
21
22
21
20
18
17
16
14
14
10
9
8
7
6
4
2
-1
-4
-7
-9
-12
-14
-16
-18
-19
-18
-18
-17
-18
-17
-16
-15
-15
-15
-16
-20
-20
-19
-19
-20
-21
-22
-21
-22
-22
-20
-19
-18
-19
-17
-14
-13
-13
-12
-11
-9
-10
-8
-7
-6
-6
-5
-1
2
3
5
6
10
12
13
14
16
18
18
19
21
22
23
23
26
25
25
26
27
27
28
27
27
28
22
19
16
14
13
8
6
2
-2
-6
-8
-9
-11
-11
-12
-11
-11
-8
-6
-5
-2
-2
-1
-1
-2
-4
-5
-5
-6
-6
-7
-10
-11
-11
-12
-14
-13
-10
-10
-11
-11
-9
-9
-10
-11
-10
-8
-9
-7
-5
-2
-1
-3
-2
-2
0
-2
-2
-1
-3
-2
-1
2
4
6
5
6
9
8
9
9
12
13
13
14
14
14
13
10
10
8
9
6
5
2
-2
-4
-7
-8
-13
-12
-18
-18
-18
-17
-15
-14
-11
-12
-9
-6
-5
-1
-2
0
0
0
-1
-2
-2
-5
-6
-8
-10
-11
-13
-10
-10
-9
-7
-8
-7
-7
-7
-7
-4
-2
-2
-1
1
4
3
3
4
6
6
4
2
3
4
5
5
6
6
6
5
6
10
13
15
15
17
17
18
19
22
23
21
19
19
20
20
18
16
15
13
12
11
8
8
7
6
6
6
6
3
3
2
1
1
3
2
0
2
0
-1
-2
-5
-6
-8
-10
-12
-13
-11
-11
-13
-11
-13
-12
-12
-14
-15
-15
-14
-14
-11
-8
-7
-8
-7
-5
-4
-2
-2
-1
0
-2
-4
-4
-4
-5
-7
-6
-6
-5
-6
-5
-6
-4
-4
-6
-4
-5
-3
-3
-2
-1
-1
0
-2
0
3
1
2
1
2
2
1
2
4
6
7
6
8
7
7
7
6
5
4
4
5
4
1
-1
-1
-1
-4
-6
-6
-6
-5
-7
-8
-8
-10
-11
-9
-11
-10
-10
-10
-9
-6
-4
-2
-3
-2
1
4
4
5
6
8
7
7
9
10
9
9
10
13
12
11
11
10
11
9
7
4
1
0
-1
1
0
0
-3
-5
-6
-7
-7
-8
-8
-8
-8
-4
-3
-2
0
0
2
2
4
5
5
7
7
9
11
12
9
6
5
5
5
4
3
2
0
-1
-1
0
-3
-5
-6
-4
-4
-4
-2
0
1
0
1
1
2
1
-1
-1
0
0
0
-2
1
1
1
1
4
5
3
3
6
9
13
14
13
15
13
11
10
8
8
5
2
-1
-5
-8
-12
-12
-15
-18
-21
-22
-20
-18
-16
-16
-13
-14
-13
-11
-7
-4
-3
0
3
8
10
11
11
9
9
9
8
4
0
-1
-3
-4
-6
-9
-13
-17
-21
-23
-21
-20
-18
-16
-16
-16
-14
-12
-15
-14
-14
-16
-16
-16
-14
-12
-11
-9
-8
-3
-1
3
5
10
15
18
22
25
28
31
31
34
34
34
34
34
35
33
32
29
27
22
16
13
7
3
0
-2
-2
-5
-7
-7
-7
-5
-4
-2
-2
2
7
8
11
14
14
14
16
16
13
13
10
8
3
-4
-10
-15
-19
-24
-25
-27
-30
-35
-35
-34
-34
-32
-28
-25
-22
-21
-20
-19
-18
-19
-20
-20
-19
-20
-22
-25
-27
-24
-21
-19
-18
-16
-13
-10
-4
1
7
12
18
24
29
35
39
43
49
56
62
63
66
64
66
65
63
63
56
51
44
41
36
29
22
14
8
4
0
-2
-5
-7
-13
-14
-14
-15
-18
-24
-26
-29
-34
-36
-41
-46
-54
-60
-65
-69
-75
-82
-83
-85
-87
-89
-90
-91
-92
-89
-84
-80
-76
-72
-66
-61
-52
-43
-37
-28
-22
-15
-12
-6
1
6
11
16
21
27
32
34
39
44
51
57
63
71
79
88
98
106
116
128
138
146
153
159
166
173
178
181
181
179
174
166
156
147
137
122
105
88
74
61
48
34
20
5
-8
-21
-36
-49
-61
-76
-90
-103
-115
-130
-143
-155
-168
-180
-192
-202
-211
-221
-231
-237
-241
-246
-249
-248
-245
-241
-238
-233
-225
-217
-209
-198
-185
-172
-158
-143
-126
-103
-85
-63
-39
-14
10
32
55
78
98
115
134
153
169
185
200
217
233
249
262
275
287
299
310
321
331
334
338
341
342
340
335
327
318
308
294
280
264
245
222
196
169
142
112
82
49
16
-19
-54
-90
-124
-157
-188
-219
-247
-274
-297
-320
-339
-356
-372
-389
-405
-418
-430
-438
-446
-451
-455
-458
-458
-456
-449
-438
-427
-406
-385
-359
-332
-299
-262
-224
-183
-140
-96
-53
-12
30
69
108
148
183
218
250
278
306
331
357
382
407
431
455
478
496
510
527
538
549
552
554
551
540
527
508
490
469
445
425
402
379
352
322
291
255
218
175
130
87
40
-11
-61
-109
-157
-205
-250
-292
-333
-370
-407
-439
-469
-496
-520
-543
-563
-583
-600
-613
-623
-629
-632
-631
-629
-623
-613
-598
-579
-559
-534
-506
-475
-442
-409
-371
-331
-288
-245
-198
-149
-100
-47
5
58
111
161
214
263
315
363
407
450
483
513
541
567
590
608
624
636
648
656
659
661
655
646
631
612
589
567
543
519
498
476
455
429
401
370
336
301
260
216
171
122
72
21
-30
-80
-131
-182
-232
-279
-325
-371
-414
-458
-498
-537
-572
-602
-629
-651
-663
-669
-670
-666
-658
-643
-628
-610
-591
-570
-548
-526
-503
-481
-455
-432
-410
-388
-364
-338
-312
-284
-252
-218
-179
-137
-87
-31
27
92
158
227
293
355
412
464
511
552
588
619
642
656
663
664
661
654
643
629
609
583
552
520
488
455
429
407
392
382
374
370
364
357
343
325
300
270
233
190
145
97
48
-2
-54
-105
-156
-209
-263
-319
-376
-436
-493
-548
-596
-640
-674
-699
-712
-715
-709
-694
-674
-649
-619
-591
-562
-532
-506
-481
-458
-435
-414
-395
-378
-362
-347
-335
-320
-302
-284
-267
-246
-218
-184
-141
-92
-35
29
98
174
251
330
405
475
542
601
654
699
735
762
781
789
788
780
762
735
700
656
609
553
498
446
400
365
342
331
328
332
340
347
355
359
359
350
334
311
280
240
190
135
73
8
-65
-143
-224
-307
-391
-472
-551
-620
-682
-734
-775
-800
-810
-807
-789
-764
-728
-688
-643
-600
-559
-526
-500
-480
-470
-459
-454
-447
-442
-437
-430
-425
-419
-418
-411
-405
-391
-376
-352
-316
-272
-214
-147
-67
23
121
222
324
420
511
589
656
707
746
771
782
783
774
761
741
721
699
672
640
606
565
523
486
456
437
433
439
457
481
509
533
550
561
565
559
544
513
473
419
355
285
209
126
40
-53
-152
-252
-356
-452
-542
-617
-682
-736
-778
-810
-831
-847
-850
-845
-824
-792
-755
-713
-678
-648
-626
-612
-602
-595
-590
-589
-590
-593
-603
-609
-609
-604
-589
-573
-546
-517
-479
-434
-374
-299
-209
-106
6
123
239
351
458
559
646
724
785
829
853
855
847
824
795
769
748
728
705
677
640
597
558
524
506
501
512
537
569
615
669
720
764
792
803
786
745
682
604
514
411
301
187
68
-52
-172
-288
-400
-500
-588
-663
-725
-778
-820
-854
-878
-887
-876
-854
-817
-782
-749
-725
-712
-705
-703
-708
-718
-734
-762
-788
-815
-832
-838
-828
-803
-771
-728
-680
-627
-565
-496
-411
-311
-195
-67
69
213
345
466
568
656
727
778
815
834
834
817
789
763
739
723
714
704
690
671
648
624
602
594
598
611
639
681
737
796
855
909
945
949
919
858
771
664
549
430
313
200
89
-24
-135
-244
-353
-461
-559
-646
-725
-796
-851
-895
-922
-933
-924
-905
-882
-857
-840
-831
-827
-834
-849
-869
-891
-916
-941
-958
-972
-979
-979
-965
-932
-880
-806
-715
-612
-496
-372
-236
-90
65
220
365
487
583
654
707
747
778
804
814
806
783
752
714
674
639
594
547
501
467
448
457
504
577
672
782
902
1026
1136
1236
1302
1324
1309
1246
1148
1021
882
733
571
411
247
84
-66
-205
-336
-456
-569
-675
-760
-822
-852
-861
-844
-803
-763
-727
-696
-666
-653
-668
-710
-776
-851
-940
-1029
-1115
-1183
-1247
-1313
-1368
-1397
-1383
-1347
-1270
-1158
-1015
-855
-677
-467
-242
3
250
489
676
814
895
924
917
868
807
720
635
543
449
377
337
309
265
217
171
140
115
133
200
299
446
614
811
1037
1269
1469
1624
1713
1730
1669
1547
1386
1187
970
737
502
275
59
-133
-291
-430
-543
-638
-712
-749
-765
-736
-677
-595
-501
-421
-348
-287
-245
-229
-238
-284
-355
-463
-593
-718
-857
-990
-1129
-1268
-1388
-1492
-1542
-1555
-1519
-1432
-1302
-1134
-909
-627
-313
22
347
645
868
1002
1106
1132
1087
987
838
671
451
251
74
-83
-205
-312
-402
-476
-501
-489
-431
-337
-173
30
247
526
820
1139
1435
1681
1872
1965
1973
1883
1712
1483
1204
886
550
222
-98
-377
-618
-802
-930
-1022
-1046
-1032
-953
-818
-641
-416
-194
26
223
382
520
603
610
545
412
226
3
-243
-481
-714
-950
-1164
-1360
-1504
-1587
-1615
-1585
-1505
-1368
-1173
-935
-618
-261
105
508
870
1167
1360
1486
1538
1449
1273
1019
734
392
56
-265
-527
-720
-881
-986
-1071
-1053
-996
-900
-745
-527
-253
19
339
694
1068
1402
1682
1897
2005
1986
1828
1605
1311
947
540
120
-256
-614
-923
-1154
-1291
-1345
-1360
-1309
-1181
-986
-764
-518
-243
46
301
506
701
856
941
951
877
747
555
310
33
-266
-540
-832
-1122
-1352
-1510
-1610
-1645
-1561
-1390
-1175
-906
-541
-144
243
660
1073
1423
1650
1792
1841
1738
1525
1214
850
437
29
-365
-722
-977
-1164
-1298
-1397
-1387
-1309
-1201
-1029
-775
-443
-116
242
644
1066
1453
1768
2024
2175
2190
2046
1791
1446
1010
508
-29
-522
-974
-1367
-1677
-1864
-1916
-1883
-1763
-1537
-1217
-868
-510
-138
235
552
802
1006
1150
1228
1225
1147
1000
796
538
230
-90
-416
-742
-1076
-1358
-1570
-1708
-1751
-1669
-1463
-1186
-843
-441
47
507
964
1428
1835
2115
2210
2231
2089
1794
1376
903
408
-118
-581
-1021
-1336
-1553
-1692
-1762
-1744
-1596
-1413
-1172
-862
-467
-67
331
763
1198
1604
1901
2125
2253
2240
2068
1760
1374
909
369
-206
-738
-1215
-1623
-1954
-2156
-2191
-2113
-1937
-1644
-1253
-822
-406
7
403
724
960
1120
1222
1244
1202
1091
934
717
444
143
-210
-538
-890
-1224
-1522
-1729
-1830
-1846
-1709
-1437
-1066
-668
-180
361
882
1354
1820
2226
2424
2455
2386
2158
1766
1285
758
222
-328
-809
-1248
-1583
-1763
-1883
-1926
-1847
-1624
-1362
-1056
-669
-196
272
699
1158
1600
1981
2207
2336
2389
2280
2006
1619
1169
641
64
-530
-1076
-1565
-1971
-2279
-2456
-2450
-2296
-2034
-1652
-1152
-622
-117
344
763
1056
1190
1254
1248
1171
1026
854
661
407
128
-185
-502
-829
-1159
-1463
-1721
-1869
-1914
-1824
-1595
-1219
-771
-291
249
833
1370
1802
2240
2567
2669
2569
2383
2064
1562
997
423
-140
-688
-1165
-1565
-1816
-1921
-1946
-1889
-1715
-1415
-1087
-717
-287
211
697
1117
1535
1921
2198
2314
2330
2255
2001
1601
1140
639
94
-456
-963
-1414
-1788
-2075
-2275
-2320
-2193
-1953
-1633
-1198
-664
-151
305
725
1067
1250
1287
1250
1158
984
763
528
274
-33
-356
-668
-968
-1247
-1511
-1708
-1855
-1887
-1799
-1609
-1288
-858
-363
103
600
1141
1608
1973
2281
2529
2542
2352
2109
1729
1228
641
100
-425
-942
-1335
-1631
-1776
-1802
-1711
-1573
-1356
-1048
-721
-370
7
469
886
1240
1595
1920
2133
2157
2106
1954
1626
1184
715
244
-256
-713
-1101
-1431
-1683
-1854
-1944
-1933
-1774
-1523
-1227
-834
-385
54
431
767
1036
1163
1150
1079
976
796
569
321
74
-255
-590
-879
-1154
-1390
-1589
-1707
-1780
-1723
-1555
-1300
-961
-527
-47
334
800
1275
1642
1935
2194
2403
2296
2092
1839
1425
880
312
-170
-700
-1123
-1449
-1652
-1707
-1635
-1453
-1287
-997
-680
-378
-92
249
664
974
1251
1529
1790
1885
1838
1759
1565
1214
756
329
-100
-540
-905
-1200
-1410
-1555
-1630
-1628
-1514
-1287
-1039
-742
-372
24
363
625
863
1017
1035
929
820
717
527
312
104
-97
-376
-670
-898
-1126
-1312
-1452
-1535
-1546
-1441
-1238
-985
-624
-201
202
545
929
1282
1498
1691
1862
1919
1759
1543
1285
920
476
19
-349
-712
-999
-1231
-1323
-1259
-1151
-983
-790
-525
-279
-72
131
381
654
856
1032
1207
1361
1366
1268
1155
946
631
269
-61
-378
-693
-950
-1136
-1256
-1327
-1363
-1316
-1162
-948
-718
-441
-113
184
399
575
720
777
710
592
506
430
310
184
77
-82
-286
-487
-640
-779
-905
-964
-1017
-1006
-896
-722
-476
-161
177
462
737
1022
1247
1361
1472
1574
1495
1308
1099
868
546
156
-139
-389
-625
-814
-928
-922
-846
-740
-609
-439
-256
-94
17
143
346
513
642
775
925
999
935
852
731
498
204
-65
-318
-569
-799
-976
-1096
-1170
-1196
-1197
-1121
-948
-758
-554
-305
-35
175
308
438
503
460
345
233
163
63
-31
-99
-183
-314
-466
-576
-669
-741
-785
-791
-786
-729
-580
-403
-157
139
410
638
868
1099
1253
1343
1452
1468
1303
1116
916
652
311
-2
-204
-405
-560
-629
-621
-542
-422
-292
-153
13
164
267
335
476
639
726
807
915
984
932
823
722
548
285
19
-222
-477
-701
-870
-1004
-1103
-1146
-1144
-1114
-993
-812
-643
-465
-250
-52
57
137
219
213
117
14
-52
-115
-215
-283
-333
-440
-560
-656
-719
-764
-789
-770
-749
-712
-581
-405
-205
57
323
545
729
899
1026
1089
1175
1258
1170
1002
871
691
416
122
-66
-200
-343
-414
-397
-321
-190
-57
55
178
291
359
379
434
570
667
731
844
951
967
867
749
606
371
115
-90
-277
-467
-626
-738
-822
-882
-898
-881
-821
-685
-532
-391
-220
-54
30
39
52
43
-65
-204
-279
-312
-357
-401
-427
-488
-608
-722
-799
-838
-845
-803
-757
-731
-652
-510
-321
-106
147
371
541
721
850
920
972
1045
1019
829
654
522
336
79
-101
-169
-226
-264
-233
-119
8
127
223
303
407
483
507
524
607
714
768
825
920
970
901
778
651
467
213
-23
-201
-381
-548
-661
-730
-768
-782
-753
-683
-561
-407
-269
-148
-15
84
95
73
54
-29
-207
-365
-444
-509
-583
-632
-666
-744
-837
-866
-862
-855
-812
-747
-725
-705
-582
-384
-165
95
365
561
697
826
900
923
961
970
829
609
447
291
59
-159
-236
-257
-291
-263
-136
28
178
317
413
480
546
573
560
588
691
756
776
856
942
912
784
666
512
261
9
-171
-327
-489
-598
-656
-711
-741
-713
-646
-546
-385
-205
-66
54
171
211
167
117
41
-124
-326
-463
-552
-656
-727
-745
-792
-883
-928
-910
-892
-865
-792
-745
-738
-672
-510
-288
-18
270
488
643
797
902
923
934
948
822
558
336
194
14
-200
-311
-325
-340
-329
-217
-33
141
305
441
543
640
711
726
732
789
848
862
902
986
993
884
760
639
430
152
-84
-259
-440
-597
-679
-724
-756
-754
-702
-590
-410
-200
-14
147
301
389
370
309
226
49
-208
-417
-541
-662
-778
-834
-886
-989
-1076
-1070
-1001
-937
-892
-847
-829
-803
-691
-497
-230
85
372
577
743
896
972
977
975
915
719
489
323
162
-43
-212
-291
-352
-413
-395
-272
-97
83
266
425
556
652
685
687
719
781
800
794
852
925
902
823
742
590
330
57
-144
-316
-475
-583
-652
-726
-790
-799
-747
-635
-465
-260
-56
131
293
372
359
289
151
-65
-281
-414
-497
-592
-677
-745
-849
-973
-1027
-988
-913
-835
-764
-736
-733
-666
-496
-259
15
301
534
686
787
869
947
1002
980
830
621
458
316
127
-47
-130
-206
-342
-436
-378
-223
-63
103
278
432
534
588
632
703
790
853
901
981
1071
1082
997
888
745
487
167
-80
-262
-456
-625
-723
-815
-932
-995
-965
-863
-687
-458
-218
-3
174
278
301
289
231
90
-90
-219
-297
-397
-515
-615
-746
-932
-1060
-1061
-1012
-964
-905
-878
-917
-908
-755
-503
-188
181
495
686
826
947
1007
1044
1094
1031
827
645
528
344
108
-47
-154
-311
-457
-472
-370
-223
-52
119
262
383
484
542
600
720
843
904
967
1095
1181
1156
1094
999
788
481
193
-46
-276
-463
-604
-752
-916
-1033
-1078
-1069
-964
-749
-506
-301
-105
68
152
154
134
67
-69
-186
-234
-294
-396
-495
-623
-816
-973
-996
-949
-907
-845
-801
-867
-958
-911
-721
-485
-205
102
332
489
634
766
882
1002
1037
902
735
662
585
409
259
172
27
-176
-302
-292
-226
-109
40
155
231
318
406
462
548
703
860
976
1107
1249
1301
1271
1222
1106
858
588
379
153
-111
-311
-464
-676
-899
-1023
-1064
-1060
-955
-769
-594
-441
-272
-132
-63
-15
7
-48
-126
-139
-128
-183
-271
-379
-569
-788
-901
-907
-896
-873
-846
-899
-1006
-1016
-895
-705
-452
-157
82
233
373
517
631
751
838
800
687
633
623
550
448
374
256
57
-111
-154
-110
-19
104
205
245
269
309
351
437
602
773
879
973
1077
1107
1054
1016
966
800
579
414
265
78
-90
-223
-402
-613
-756
-826
-855
-797
-661
-545
-470
-363
-247
-184
-141
-99
-125
-216
-278
-305
-370
-466
-554
-675
-837
-927
-908
-851
-798
-748
-743
-801
-816
-719
-544
-343
-140
13
97
165
251
362
508
647
669
567
493
509
514
465
442
423
295
100
1
35
117
199
264
278
256
251
270
336
493
689
795
826
896
974
971
937
946
901
726
528
395
279
146
28
-96
-271
-456
-605
-710
-745
-691
-609
-555
-500
-427
-373
-343
-302
-271
-275
-276
-256
-257
-303
-377
-485
-625
-732
-755
-722
-681
-658
-681
-753
-807
-775
-656
-469
-275
-144
-101
-95
-55
32
163
336
481
509
443
420
482
556
597
630
631
527
370
272
273
308
314
282
214
147
105
104
176
321
469
544
591
679
782
847
887
920
888
763
616
503
422
332
222
70
-121
-328
-526
-672
-732
-723
-706
-696
-678
-659
-650
-630
-589
-553
-528
-485
-427
-384
-369
-379
-423
-493
-541
-542
-510
-475
-462
-490
-546
-580
-555
-469
-348
-238
-184
-197
-217
-188
-110
5
155
286
337
341
399
524
657
765
846
866
810
725
673
670
677
634
515
341
176
49
-12
12
104
192
226
237
280
366
476
605
720
777
760
695
628
581
545
484
372
210
16
-186
-355
-469
-540
-597
-650
-705
-765
-812
-835
-847
-861
-862
-834
-792
-746
-693
-644
-610
-580
-532
-455
-360
-269
-214
-209
-233
-253
-256
-244
-216
-214
-277
-389
-496
-557
-562
-487
-352
-213
-114
-38
68
226
442
691
929
1107
1184
1176
1128
1091
1076
1047
968
824
632
418
231
116
80
98
121
131
135
155
208
297
411
514
583
612
615
611
605
601
582
517
403
260
125
3
-101
-186
-274
-382
-509
-629
-732
-819
-890
-944
-979
-1001
-1003
-980
-933
-873
-808
-742
-672
-590
-502
-428
-379
-355
-353
-373
-398
-413
-423
-438
-473
-522
-570
-604
-604
-559
-474
-365
-249
-121
18
175
353
545
734
893
1011
1084
1113
1108
1081
1040
972
880
776
662
553
463
405
376
369
381
400
429
460
495
524
549
574
594
613
626
632
616
562
475
370
267
172
83
-5
-100
-206
-326
-450
-570
-678
-771
-851
-913
-960
-985
-984
-966
-933
-892
-851
-817
-786
-751
-716
-689
-674
-673
-689
-724
-766
-802
-826
-845
-853
-846
-826
-783
-709
-596
-447
-271
-70
134
342
545
736
908
1058
1180
1258
1287
1277
1235
1171
1090
1000
908
813
719
638
580
546
531
532
549
573
606
645
687
734
773
809
836
849
844
812
747
644
519
384
245
104
-40
-183
-330
-476
-614
-735
-835
-916
-975
-1014
-1032
-1029
-1011
-979
-942
-901
-860
-832
-812
-798
-790
-793
-808
-835
-878
-935
-996
-1047
-1090
-1114
-1116
-1095
-1057
-993
-897
-774
-617
-426
-214
8
231
449
644
824
982
1113
1209
1264
1275
1244
1186
1108
1024
939
858
785
717
659
617
592
582
587
613
649
694
740
784
825
859
887
904
907
889
838
756
657
547
430
302
167
26
-121
-270
-410
-534
-646
-745
-823
-880
-911
-917
-904
-880
-852
-822
-791
-762
-734
-714
-707
-720
-748
-789
-847
-912
-976
-1036
-1098
-1149
-1179
-1185
-1165
-1112
-1018
-896
-751
-587
-404
-206
-1
209
410
594
750
871
961
1019
1051
1052
1026
977
908
828
753
694
646
610
583
561
548
552
577
622
685
751
809
856
898
932
954
961
949
909
843
760
668
568
457
331
193
49
-96
-230
-348
-448
-533
-605
-658
-695
-708
-703
-685
-661
-633
-605
-585
-567
-556
-557
-570
-605
-657
-730
-811
-894
-977
-1052
-1116
-1165
-1200
-1210
-1189
-1133
-1036
-912
-765
-600
-423
-239
-55
126
295
443
557
639
692
724
739
740
727
695
648
594
542
503
481
471
470
479
496
526
568
628
692
757
814
856
887
903
904
885
846
791
721
640
553
453
347
228
108
-13
-126
-228
-313
-380
-431
-464
-482
-486
-481
-471
-460
-445
-430
-420
-412
-415
-429
-455
-494
-545
-606
-671
-736
-803
-863
-918
-961
-995
-1009
-999
-962
-893
-803
-689
-562
-427
-286
-142
2
143
269
374
457
518
557
584
597
600
589
566
535
497
463
437
422
417
426
444
474
513
560
610
661
708
749
776
793
797
788
767
736
695
643
577
502
412
315
208
94
-20
-129
-229
-320
-393
-447
-487
-508
-515
-506
-484
-453
-418
-378
-345
-322
-312
-316
-338
-380
-436
-501
-579
-658
-733
-803
-862
-908
-937
-944
-926
-883
-816
-725
-614
-492
-365
-235
-106
17
129
234
326
400
456
494
513
516
508
492
469
441
406
369
331
301
284
285
303
337
381
426
471
516
561
598
630
658
674
670
656
627
583
529
467
396
310
215
114
9
-94
-186
-263
-326
-373
-402
-417
-418
-406
-378
-340
-297
-246
-201
-166
-145
-141
-155
-187
-232
-289
-356
-431
-506
-582
-658
-722
-769
-794
-795
-773
-725
-658
-571
-471
-360
-240
-119
1
118
231
333
421
493
541
566
567
549
518
479
434
383
338
291
247
213
191
183
198
231
272
321
371
418
455
488
517
542
559
565
555
527
479
417
338
251
158
60
-38
-137
-230
-316
-394
-459
-503
-525
-526
-505
-466
-412
-355
-298
-244
-194
-153
-125
-115
-125
-159
-211
-281
-357
-433
-510
-580
-641
-686
-712
-717
-703
-668
-609
-534
-443
-339
-227
-108
10
126
235
336
427
498
558
600
620
618
596
558
507
452
395
343
300
265
241
230
234
251
283
327
376
422
462
492
513
526
528
518
498
464
416
354
282
201
111
16
-79
-170
-258
-337
-405
-464
-508
-538
-549
-542
-513
-465
-410
-356
-304
-259
-221
-191
-173
-169
-183
-214
-262
-320
-383
-445
-500
-547
-577
-591
-591
-575
-545
-498
-437
-362
-279
-188
-90
8
105
200
287
367
437
496
539
571
587
585
570
543
503
455
405
361
325
298
280
270
269
273
284
302
327
352
373
386
393
388
373
350
320
282
234
179
117
49
-25
-103
-181
-254
-318
-369
-409
-439
-461
-474
-478
-463
-427
-382
-330
-277
-228
-190
-162
-140
-128
-127
-138
-159
-195
-238
-285
-334
-376
-410
-432
-443
-441
-426
-399
-359
-310
-255
-193
-125
-53
21
96
166
229
290
342
386
423
446
458
459
449
427
396
361
323
285
256
233
220
212
212
214
217
224
232
244
260
274
284
284
278
261
235
205
169
128
81
32
-24
-80
-132
-182
-224
-257
-278
-289
-292
-290
-278
-263
-241
-211
-177
-143
-115
-93
-79
-79
-82
-97
-120
-151
-190
-231
-273
-309
-340
-360
-370
-373
-365
-347
-319
-283
-243
-197
-151
-104
-56
-6
45
91
133
169
201
229
247
263
270
267
256
240
221
199
181
164
147
138
135
138
148
160
175
189
202
214
225
235
245
250
246
231
205
175
139
101
62
18
-25
-67
-107
-140
-168
-184
-193
-189
-175
-152
-124
-97
-69
-43
-15
12
35
50
56
55
44
27
2
-30
-68
-106
-143
-176
-204
-225
-241
-250
-254
-249
-236
-214
-189
-158
-128
-98
-65
-33
1
31
60
84
102
114
119
116
105
91
72
50
27
8
-7
-22
-29
-30
-27
-15
-1
20
44
71
96
117
138
152
167
179
184
182
170
151
120
84
44
5
-32
-68
-99
-125
-144
-153
-152
-135
-111
-79
-43
-6
31
66
101
129
151
163
167
161
146
123
96
62
22
-17
-53
-89
-119
-144
-164
-178
-189
-195
-195
-189
-173
-152
-125
-96
-69
-39
-10
21
48
70
87
96
95
86
71
52
29
8
-10
-27
-42
-55
-63
-68
-67
-64
-56
-42
-23
4
33
62
88
108
122
133
140
145
145
137
121
96
69
40
12
-16
-41
-64
-83
-92
-96
-88
-76
-54
-24
11
53
94
133
161
182
191
185
175
156
135
109
80
52
20
-14
-47
-78
-107
-133
-154
-177
-197
-215
-228
-234
-228
-211
-187
-162
-136
-111
-88
-69
-53
-43
-38
-39
-41
-45
-51
-54
-61
-68
-74
-79
-83
-87
-87
-84
-74
-60
-41
-13
17
48
79
109
135
154
170
178
185
185
182
181
178
173
163
146
122
95
69
49
33
27
24
26
32
44
61
83
103
123
139
148
149
145
137
125
112
97
80
64
44
19
-8
-37
-67
-95
-118
-136
-146
-149
-147
-137
-122
-103
-86
-70
-60
-52
-47
-46
-48
-52
-59
-66
-73
-77
-79
-80
-83
-91
-96
-105
-115
-125
-133
-135
-134
-127
-115
-101
-87
-77
-69
-64
-58
-50
-38
-23
-11
2
12
21
31
40
47
49
50
47
40
35
33
31
34
43
53
66
79
91
103
114
123
134
145
155
162
170
173
173
169
162
153
138
122
100
79
59
39
23
10
0
-7
-11
-13
-17
-21
-28
-35
-44
-56
-66
-77
-82
-88
-93
-98
-105
-115
-124
-131
-136
-141
-144
-145
-146
-144
-139
-131
-119
-106
-93
-85
-76
-67
-57
-45
-32
-15
3
23
45
64
80
89
95
94
92
91
89
86
81
75
67
57
49
42
37
32
30
31
32
37
44
56
70
86
104
118
131
137
138
133
123
107
88
66
46
31
15
3
-5
-14
-22
-32
-39
-43
-48
-52
-57
-62
-69
-76
-82
-86
-90
-93
-97
-101
-104
-106
-109
-113
-117
-121
-124
-122
-120
-120
-118
-116
-115
-113
-111
-106
-97
-84
-72
-57
-42
-27
-14
1
16
30
43
52
60
67
69
72
74
74
70
69
66
63
61
59
61
63
69
78
93
110
129
149
168
185
198
209
219
225
229
227
220
206
191
176
158
140
121
100
79
57
35
10
-14
-37
-61
-80
-95
-110
-119
-127
-137
-146
-154
-163
-169
-174
-181
-191
-198
-207
-213
-219
-225
-228
-230
-234
-237
-234
-228
-221
-211
-200
-188
-171
-149
-126
-104
-79
-61
-43
-22
-6
12
28
42
53
61
66
67
66
64
59
57
56
59
63
70
82
95
112
130
154
182
208
235
255
270
281
287
290
287
283
273
258
240
218
194
169
142
112
84
57
31
9
-9
-22
-30
-35
-36
-36
-35
-32
-31
-30
-32
-36
-43
-53
-66
-81
-100
-120
-142
-168
-194
-219
-245
-267
-285
-299
-307
-307
-301
-286
-266
-243
-214
-180
-146
-110
-74
-44
-15
9
30
43
49
50
45
38
28
20
14
12
13
15
22
29
41
58
79
106
138
170
204
233
259
280
295
305
311
312
305
291
270
243
207
168
127
82
38
-1
-36
-63
-80
-87
-87
-80
-70
-55
-39
-23
-10
-1
2
-2
-12
-26
-46
-68
-94
-124
-157
-192
-228
-265
-296
-323
-344
-356
-362
-358
-348
-327
-297
-261
-217
-168
-115
-66
-19
23
52
70
73
68
55
38
19
-3
-24
-45
-62
-74
-79
-75
-61
-41
-10
28
71
115
162
210
257
300
340
372
395
409
413
408
394
375
350
322
293
258
221
181
144
111
86
69
63
67
77
95
118
142
165
186
201
207
205
194
170
138
95
42
-18
-84
-151
-217
-278
-335
-385
-427
-462
-488
-506
-515
-517
-509
-494
-468
-433
-396
-355
-315
-274
-238
-211
-192
-181
-181
-188
-198
-212
-227
-239
-246
-245
-235
-217
-192
-158
-114
-64
-2
64
133
204
268
332
384
428
460
484
498
502
498
483
460
428
390
347
301
258
216
180
154
135
128
127
135
151
172
195
220
246
267
281
290
288
276
251
215
169
114
50
-16
-84
-152
-214
-266
-308
-340
-360
-370
-372
-369
-359
-344
-324
-303
-279
-257
-234
-213
-199
-193
-197
-205
-223
-242
-262
-282
-301
-318
-335
-347
-353
-355
-350
-331
-300
-256
-203
-142
-78
-14
50
112
170
223
269
305
330
344
345
339
324
305
283
262
239
221
207
198
196
201
210
224
245
272
303
338
372
402
427
442
449
446
438
416
386
344
291
230
162
92
23
-44
-105
-160
-205
-243
-273
-298
-314
-324
-329
-327
-322
-314
-305
-299
-296
-299
-309
-322
-339
-360
-384
-409
-433
-457
-477
-491
-498
-501
-493
-477
-456
-425
-386
-342
-291
-234
-172
-105
-34
36
99
158
209
254
293
325
346
360
367
365
359
348
337
327
321
319
323
333
347
365
386
412
439
466
492
515
534
545
548
543
529
502
467
420
369
310
247
181
114
46
-17
-76
-130
-175
-216
-248
-274
-294
-308
-318
-324
-330
-335
-342
-354
-369
-388
-409
-434
-459
-487
-515
-542
-568
-590
-610
-622
-628
-628
-618
-599
-570
-531
-484
-432
-374
-314
-251
-189
-126
-62
-3
53
102
143
178
207
233
253
270
283
293
303
311
320
334
351
373
397
425
458
491
525
557
586
609
627
640
646
647
638
621
592
557
515
467
416
361
305
249
192
139
89
43
1
-36
-66
-94
-116
-137
-156
-177
-201
-228
-256
-285
-318
-353
-389
-425
-458
-488
-516
-544
-567
-587
-601
-611
-614
-609
-595
-575
-547
-512
-470
-425
-378
-331
-285
-238
-195
-155
-117
-82
-52
-23
1
21
39
53
70
86
104
123
144
167
191
219
247
277
310
343
374
403
428
449
466
477
483
481
474
459
442
420
395
365
336
307
278
251
226
202
182
162
143
126
109
95
80
66
50
33
12
-10
-36
-65
-95
-127
-161
-198
-233
-270
-307
-342
-374
-402
-422
-438
-448
-452
-452
-445
-435
-420
-402
-383
-358
-333
-308
-284
-262
-242
-223
-204
-184
-166
-145
-126
-107
-89
-70
-49
-24
4
34
67
102
138
174
210
242
273
300
325
347
369
388
400
407
406
399
390
379
366
353
338
322
305
291
275
260
246
231
218
208
197
186
173
156
135
110
85
58
32
5
-26
-59
-94
-129
-164
-200
-232
-261
-290
-314
-335
-353
-367
-376
-378
-377
-372
-364
-353
-343
-329
-314
-302
-289
-278
-265
-252
-240
-228
-216
-206
-197
-183
-168
-153
-134
-114
-92
-68
-42
-14
15
44
78
111
145
177
205
232
257
278
295
304
309
311
308
304
297
291
284
275
270
264
259
257
252
249
248
246
242
238
234
224
212
199
183
166
150
131
108
84
57
28
-2
-34
-66
-96
-128
-156
-180
-202
-220
-234
-245
-254
-261
-264
-268
-268
-266
-265
-261
-261
-263
-266
-269
-272
-272
-269
-263
-256
-248
-238
-229
-217
-203
-185
-164
-138
-111
-83
-53
-24
4
31
58
84
110
133
155
175
189
198
204
208
209
209
206
204
204
205
204
206
206
206
208
211
216
221
223
222
219
213
204
191
178
161
142
123
102
83
62
40
17
-6
-27
-48
-67
-83
-98
-108
-118
-128
-133
-138
-143
-147
-150
-151
-154
-156
-161
-167
-173
-179
-184
-189
-194
-199
-201
-202
-200
-195
-190
-181
-172
-159
-143
-128
-111
-91
-72
-54
-37
-19
-2
16
32
46
57
67
75
82
89
97
103
107
110
112
115
119
124
130
137
145
154
163
172
178
183
186
188
187
185
180
171
163
150
136
120
106
92
76
61
44
31
19
5
-6
-17
-26
-37
-45
-51
-56
-63
-69
-76
-82
-90
-98
-106
-116
-124
-133
-141
-150
-160
-168
-176
-180
-184
-184
-180
-175
-168
-159
-147
-133
-118
-103
-88
-73
-58
-45
-31
-22
-12
-4
4
12
19
26
35
42
49
54
60
65
70
77
84
93
101
107
113
120
128
133
140
146
148
148
146
145
141
135
127
114
102
91
81
71
62
50
38
31
24
20
18
16
11
6
2
-5
-12
-18
-25
-32
-41
-51
-61
-70
-82
-91
-99
-109
-119
-127
-135
-143
-147
-150
-151
-147
-145
-140
-132
-123
-115
-102
-89
-77
-65
-53
-45
-37
-30
-26
-22
-17
-11
-7
1
7
12
19
23
29
36
45
55
67
80
92
102
112
120
130
138
141
144
144
142
138
135
130
123
116
110
99
89
80
72
65
61
53
47
42
34
27
22
19
11
7
2
-5
-12
-21
-32
-42
-50
-58
-66
-73
-81
-89
-97
-106
-113
-122
-129
-135
-138
-138
-137
-133
-128
-123
-117
-111
-105
-98
-91
-84
-79
-74
-70
-68
-64
-60
-55
-48
-41
-34
-26
-20
-12
-7
0
9
16
26
31
39
46
54
63
70
78
85
90
96
97
99
99
99
96
92
89
86
84
85
86
85
83
82
79
81
83
82
83
82
77
73
70
65
61
56
50
40
32
25
18
12
7
-1
-5
-10
-15
-18
-25
-27
-30
-33
-35
-37
-38
-40
-40
-40
-43
-46
-51
-55
-61
-64
-68
-72
-78
-83
-86
-89
-90
-90
-88
-86
-83
-79
-74
-68
-64
-59
-55
-51
-47
-43
-37
-32
-27
-22
-19
-16
-11
-8
-5
-4
-3
0
1
3
8
13
17
24
29
35
41
46
53
58
62
66
69
69
69
71
68
65
62
58
55
52
48
45
41
37
34
29
26
24
23
23
23
22
21
19
16
14
14
12
9
6
2
-1
-5
-10
-17
-23
-29
-35
-38
-43
-45
-49
-51
-52
-51
-49
-46
-42
-37
-33
-29
-24
-20
-16
-11
-10
-9
-7
-7
-7
-5
-6
-5
-4
-3
0
2
5
6
8
10
13
16
18
19
20
17
13
12
12
11
9
9
8
7
6
2
0
-5
-8
-12
-14
-16
-17
-16
-15
-14
-13
-10
-6
-2
2
8
12
15
17
17
18
18
16
14
13
11
7
2
-1
-3
-7
-8
-10
-11
-12
-12
-12
-10
-9
-7
-4
0
4
6
8
8
7
5
4
4
2
0
-1
-4
-7
-9
-10
-10
-8
-3
0
1
5
7
10
13
14
14
14
12
9
6
5
1
-2
-3
-7
-8
-9
-10
-10
-10
-12
-15
-18
-19
-17
-14
-12
-6
-2
5
11
18
25
36
44
49
56
59
59
60
61
57
54
51
48
45
43
40
38
34
29
25
22
19
14
8
3
-4
-12
-20
-27
-35
-41
-48
-53
-58
-63
-66
-71
-73
-76
-77
-78
-78
-77
-75
-71
-67
-63
-60
-58
-53
-48
-43
-39
-33
-31
-30
-28
-29
-28
-29
-29
-32
-33
-33
-33
-33
-31
-29
-28
-25
-22
-18
-14
-8
0
6
13
20
28
36
46
55
64
72
82
89
97
104
108
111
112
109
108
106
104
105
102
101
98
96
95
91
86
78
71
63
54
45
37
27
15
4
-7
-17
-27
-37
-46
-53
-60
-64
-67
-70
-69
-68
-65
-63
-58
-55
-52
-47
-44
-42
-39
-37
-37
-36
-36
-36
-37
-40
-43
-48
-54
-59
-64
-69
-71
-73
-74
-75
-72
-69
-62
-56
-50
-45
-38
-34
-28
-22
-16
-9
-3
3
10
16
20
26
31
37
40
45
51
56
63
69
75
80
84
84
86
86
86
86
83
80
75
68
61
52
43
36
28
19
12
4
-1
-6
-11
-15
-18
-21
-23
-24
-24
-23
-21
-19
-16
-14
-12
-11
-10
-10
-11
-9
-11
-13
-15
-17
-19
-24
-28
-33
-40
-44
-48
-51
-54
-54
-54
-53
-51
-49
-47
-44
-40
-35
-30
-25
-19
-15
-10
-7
-5
-2
2
5
9
13
19
24
28
32
37
44
48
56
58
62
66
68
69
69
69
68
65
61
55
47
40
34
28
21
12
5
-3
-10
-16
-22
-26
-29
-32
-33
-34
-35
-35
-34
-33
-31
-29
-26
-23
-24
-24
-22
-22
-23
-23
-23
-24
-25
-27
-28
-29
-31
-32
-33
-32
-31
-31
-31
-34
-34
-34
-35
-33
-31
-30
-27
-24
-22
-21
-18
-16
-12
-7
-1
3
8
14
18
24
30
36
42
47
53
60
64
69
73
76
77
79
79
79
77
73
69
64
58
52
44
37
28
19
12
5
-1
-8
-11
-16
-20
-23
-23
-23
-22
-22
-22
-21
-21
-21
-20
-20
-20
-22
-23
-25
-28
-31
-34
-37
-38
-39
-40
-40
-38
-37
-35
-33
-33
-31
-31
-30
-31
-30
-31
-31
-30
-29
-28
-28
-27
-25
-23
-21
-19
-17
-14
-11
-8
-3
3
9
14
20
25
31
34
38
42
44
46
48
50
51
50
50
47
46
43
38
34
30
24
17
12
6
3
-1
-6
-8
-11
-12
-12
-12
-12
-12
-12
-13
-14
-14
-13
-12
-11
-9
-8
-7
-8
-8
-6
-5
-4
-3
-4
-3
-2
-3
-2
0
-1
-1
-3
-2
-1
-1
-1
-1
-2
-4
-6
-7
-9
-10
-9
-11
-10
-7
-8
-6
-6
-5
-4
-1
0
3
6
9
13
16
21
24
27
30
31
34
34
33
32
28
25
21
17
13
8
4
0
-4
-7
-9
-12
-16
-18
-21
-22
-23
-25
-26
-26
-28
-29
-29
-31
-29
-28
-27
-25
-23
-20
-18
-15
-12
-8
-5
-3
-1
1
0
1
1
0
-1
-3
-3
-4
-4
-2
0
1
2
3
4
2
2
2
1
2
2
2
3
2
3
3
4
4
5
7
8
12
16
17
20
23
25
28
28
29
30
30
29
28
26
24
22
17
14
9
5
2
-1
-3
-5
-8
-11
-13
-15
-17
-19
-22
-21
-21
-22
-22
-21
-21
-21
-18
-18
-14
-12
-8
-5
-3
-2
1
2
3
3
3
3
4
5
7
6
8
9
9
10
11
12
13
12
11
10
9
8
5
2
-2
-3
-6
-8
-9
-11
-11
-10
-8
-8
-5
-4
-2
1
3
5
8
10
11
12
11
10
10
9
8
6
5
2
-1
-5
-8
-10
-11
-13
-15
-17
-21
-23
-26
-25
-25
-24
-24
-24
-24
-22
-21
-17
-16
-13
-10
-7
-6
-4
-1
0
1
2
1
3
2
4
6
9
12
14
17
19
23
25
27
28
30
31
31
31
30
29
28
25
23
18
15
13
10
9
8
8
5
5
4
5
6
7
10
10
11
11
12
11
10
10
9
9
8
7
4
3
1
-2
-6
-11
-14
-18
-20
-22
-26
-29
-31
-33
-34
-36
-35
-35
-35
-35
-34
-33
-33
-32
-31
-30
-27
-27
-27
-24
-23
-22
-20
-19
-17
-16
-13
-11
-8
-7
-3
0
6
8
12
14
15
17
19
20
22
22
22
20
18
17
16
15
15
15
15
16
17
18
21
23
24
25
28
29
30
32
33
33
34
35
35
33
30
28
25
21
15
11
4
-1
-6
-12
-15
-20
-25
-29
-31
-33
-34
-34
-33
-34
-34
-35
-34
-33
-33
-32
-32
-31
-30
-28
-25
-24
-20
-18
-17
-14
-10
-7
-2
1
5
9
14
18
21
24
29
31
34
35
38
38
39
40
39
38
36
35
34
33
32
30
26
24
20
18
15
12
12
10
8
8
6
4
3
2
2
0
0
-3
-5
-6
-8
-10
-13
-16
-20
-25
-30
-35
-38
-42
-44
-46
-48
-49
-50
-49
-49
-49
-47
-46
-44
-42
-40
-38
-38
-36
-34
-31
-30
-27
-25
-21
-17
-12
-7
-3
1
7
12
16
22
28
33
36
40
42
44
45
46
47
46
46
43
44
42
40
38
36
34
31
28
25
24
21
21
19
17
17
14
12
10
10
8
6
6
5
2
2
1
0
-2
-4
-7
-8
-10
-12
-14
-16
-18
-20
-21
-22
-26
-26
-26
-26
-27
-26
-25
-23
-24
-25
-24
-25
-23
-23
-23
-23
-22
-21
-19
-18
-17
-14
-13
-9
-6
-3
0
4
7
10
13
16
18
20
21
22
23
25
27
27
28
28
26
25
25
22
21
21
18
15
14
12
12
9
9
8
9
9
8
9
9
10
