0
1
-1
0
1
1
1
2
2
3
2
2
2
1
2
3
3
3
3
4
4
5
5
5
6
6
6
5
6
6
6
7
7
7
6
5
4
4
4
4
4
4
4
4
3
2
1
2
1
0
0
-2
-2
-3
-3
-4
-4
-6
-6
-6
-6
-6
-5
-6
-6
-7
-8
-9
-10
-10
-10
-10
-10
-11
-11
-10
-11
-11
-12
-11
-10
-10
-10
-9
-9
-8
-7
-7
-5
-6
-5
-5
-5
-3
-2
-2
-1
-2
-2
-1
0
0
0
1
1
2
3
2
2
3
3
2
3
3
2
4
4
5
6
6
7
7
7
8
9
9
8
8
8
9
8
8
8
7
7
8
7
7
7
6
6
6
5
6
6
6
7
6
6
6
5
5
6
6
6
6
6
5
4
4
5
5
5
4
4
3
2
3
3
3
2
2
2
1
1
0
1
-1
0
-1
-1
-1
-1
0
-1
-1
-1
-3
-3
-4
-5
-4
-4
-4
-4
-6
-5
-5
-5
-6
-5
-5
-6
-6
-6
-6
-6
-7
-8
-8
-8
-8
-7
-7
-5
-5
-4
-3
-3
-3
-3
-4
-4
-3
-3
-3
-3
-4
-3
-2
-3
-2
-3
-2
-1
-1
-1
0
0
1
0
0
0
-2
-2
-3
-2
-1
-2
0
1
0
0
1
2
3
2
3
2
2
2
-1
1
-1
-2
-2
-1
-1
0
0
0
0
1
1
0
0
-1
-1
-2
-3
-1
-2
0
0
0
0
-1
-1
-1
0
-1
-2
-1
0
-1
0
0
-1
0
-1
-2
-1
-1
-2
-2
-1
-1
-1
-1
-2
-1
-1
-1
0
-1
-1
-1
-1
-1
0
2
1
2
2
2
4
3
4
5
5
5
7
6
6
6
7
7
7
7
7
7
8
9
8
9
9
9
10
10
10
11
11
10
10
10
9
9
7
7
6
5
4
2
1
3
3
3
3
1
-1
-2
-3
-1
-3
-2
-3
-3
-2
-4
-3
-2
-3
-4
-4
-5
-4
-4
-3
-1
-2
-4
-6
-6
-6
-5
-3
-4
-5
-7
-9
-10
-9
-9
-11
-12
-11
-11
-10
-7
-4
-4
-8
-12
-11
-9
-9
-10
-9
-7
-8
-10
-14
-8
-4
-4
-4
-5
-4
-3
-7
-9
-5
-6
-8
-13
-14
-10
-5
-7
-6
-2
-2
-4
-7
-5
-1
1
-1
-1
-1
-4
-5
-2
-1
3
6
7
12
13
11
11
13
13
13
14
14
15
12
8
9
11
9
8
10
13
16
15
12
16
18
17
17
17
20
22
18
14
14
14
14
14
15
16
16
11
5
5
7
10
13
11
11
7
0
-5
-6
-2
2
4
3
3
2
-1
-2
-1
1
2
1
-1
-2
-8
-12
-14
-15
-16
-18
-19
-15
-12
-12
-10
-4
-4
-7
-13
-15
-12
-15
-23
-25
-22
-22
-27
-28
-20
-11
-12
-18
-13
-8
-9
-12
-13
-9
-7
-19
-29
-22
-17
-14
-13
-11
-9
-13
-25
-26
-15
-9
-7
-9
-13
-10
-14
-18
-10
0
3
5
2
1
5
6
9
11
8
4
9
13
18
27
31
32
23
9
6
13
21
22
22
25
23
17
12
15
27
35
31
27
27
24
25
23
20
21
19
15
19
21
25
31
30
21
13
5
4
9
6
10
15
10
1
-11
-16
-13
-11
-9
4
11
7
-2
-16
-22
-23
-29
-19
0
1
-7
-21
-31
-27
-27
-19
15
32
13
-18
-39
-39
-29
-35
-23
20
33
7
-32
-61
-51
-38
-41
-15
24
34
17
-22
-45
-38
-34
-25
10
44
51
23
-19
-38
-28
-21
-11
13
35
36
3
-38
-43
-15
10
17
16
21
25
-2
-32
-29
7
43
32
5
10
18
6
-12
7
89
125
59
-34
-78
-75
-76
-80
-30
96
154
60
-63
-126
-93
-21
32
139
252
184
-23
-198
-228
-137
-47
3
106
219
138
-66
-196
-137
68
143
64
24
64
66
-48
-154
-114
36
107
25
-62
-21
72
75
-29
-78
-46
-14
-25
-86
-60
27
27
-34
-67
-36
21
23
-18
-10
23
25
3
-2
34
62
26
-46
-57
-27
-10
1
-5
0
10
-21
-49
-22
9
30
21
-3
9
17
10
12
28
41
25
-3
-11
16
44
51
39
28
21
18
15
23
37
46
47
25
5
7
16
20
10
-8
-18
-21
-30
-37
-26
-2
8
-10
-40
-44
-33
-27
-20
-14
11
27
8
-8
-3
15
28
26
20
12
-4
-25
-37
-19
10
35
39
15
-12
-48
-71
-55
-20
21
42
33
8
-24
-49
-57
-43
-12
17
24
11
-2
-7
-4
0
2
4
9
9
3
2
6
6
-1
-17
-19
-8
-1
-2
-15
-25
-25
-37
-49
-44
-26
-13
-20
-34
-32
-19
-7
-3
-1
4
4
-5
-21
-25
-19
-18
-25
-31
-25
-9
7
22
37
42
26
0
-18
-14
1
16
28
32
23
4
-18
-20
-1
24
44
46
35
27
11
-1
-4
-1
8
14
17
22
29
41
45
43
32
18
18
24
32
39
41
35
16
-7
-17
-11
8
24
33
28
20
9
0
7
20
31
31
21
9
-3
-6
-4
5
16
18
16
13
12
12
5
0
2
4
-1
-9
-9
-8
-11
-23
-35
-36
-34
-31
-32
-33
-34
-40
-49
-62
-68
-69
-76
-83
-85
-83
-76
-68
-55
-42
-28
-24
-22
-16
-9
0
6
10
17
25
27
22
26
32
42
56
56
61
71
72
70
62
61
56
54
51
42
39
32
31
30
27
27
21
16
17
20
19
21
32
43
45
37
29
28
32
37
41
49
62
68
61
49
34
24
9
-12
-24
-37
-58
-82
-110
-137
-161
-184
-203
-214
-219
-222
-222
-220
-212
-200
-195
-191
-182
-167
-145
-116
-81
-42
-2
30
53
73
98
120
145
159
168
175
168
156
144
139
143
143
142
139
135
134
123
115
105
97
94
94
98
104
109
116
121
126
131
139
154
165
173
169
165
157
143
126
107
84
56
25
-8
-40
-74
-114
-155
-198
-244
-296
-345
-378
-396
-414
-440
-466
-481
-490
-494
-491
-468
-426
-382
-346
-319
-287
-246
-195
-139
-73
-4
61
113
147
174
200
230
264
297
327
351
370
384
387
387
385
380
373
356
338
319
303
294
289
290
292
295
297
299
300
291
280
265
244
221
192
165
144
124
102
76
48
12
-34
-89
-145
-197
-249
-300
-347
-394
-446
-499
-554
-599
-637
-661
-676
-677
-673
-662
-650
-627
-588
-543
-490
-434
-372
-298
-226
-153
-79
-7
70
137
205
277
350
420
474
519
550
569
577
574
575
572
559
537
509
489
464
435
406
380
361
342
316
300
287
276
258
239
223
209
199
185
172
158
133
100
59
14
-30
-74
-124
-175
-229
-288
-349
-416
-482
-544
-604
-660
-716
-765
-803
-831
-847
-857
-857
-839
-806
-761
-709
-646
-575
-492
-404
-315
-221
-123
-21
79
168
256
343
430
509
574
630
675
709
725
726
727
722
701
671
622
574
528
484
444
412
388
366
336
307
282
258
239
222
213
207
190
172
150
125
102
71
42
15
-17
-54
-99
-148
-203
-259
-315
-373
-434
-493
-552
-610
-661
-711
-758
-803
-836
-854
-864
-863
-845
-810
-765
-715
-661
-599
-525
-436
-348
-253
-154
-51
55
149
245
342
445
542
622
695
754
799
824
831
834
827
800
764
720
674
622
566
514
464
421
380
339
307
275
247
221
196
177
156
135
116
99
86
70
51
35
14
-14
-49
-87
-127
-171
-221
-274
-328
-390
-453
-512
-568
-619
-669
-717
-762
-802
-831
-848
-853
-847
-828
-800
-762
-713
-654
-581
-498
-413
-321
-223
-122
-20
79
179
286
391
482
562
632
701
760
807
833
846
850
835
806
761
712
665
614
562
504
447
399
351
309
269
227
195
163
134
111
92
74
55
40
24
13
-1
-22
-42
-64
-88
-124
-169
-217
-263
-312
-369
-432
-494
-554
-614
-672
-729
-781
-824
-864
-891
-911
-921
-912
-891
-856
-811
-757
-688
-602
-508
-412
-309
-201
-88
26
135
247
359
468
568
658
741
811
867
912
944
961
960
938
910
871
825
772
711
655
602
554
507
457
417
379
349
323
294
267
243
224
208
187
166
142
123
104
79
47
11
-25
-66
-116
-178
-247
-317
-390
-466
-551
-638
-716
-788
-856
-923
-987
-1033
-1065
-1089
-1109
-1115
-1101
-1072
-1030
-978
-908
-819
-721
-616
-501
-380
-251
-124
-3
126
255
375
487
591
691
780
855
909
950
982
996
991
973
941
903
856
804
751
694
641
587
539
496
454
415
379
350
322
289
257
227
199
173
145
116
85
54
23
-14
-55
-102
-153
-209
-274
-345
-423
-503
-584
-662
-739
-814
-883
-945
-998
-1036
-1066
-1086
-1098
-1094
-1071
-1039
-994
-935
-858
-764
-665
-560
-444
-324
-196
-69
57
182
308
427
535
636
727
801
866
914
948
976
982
977
957
930
892
845
798
749
700
652
600
554
509
470
439
407
381
357
334
307
277
253
228
199
167
130
94
56
15
-30
-81
-138
-197
-264
-337
-412
-489
-565
-645
-721
-797
-867
-930
-990
-1032
-1059
-1079
-1090
-1085
-1067
-1033
-989
-935
-864
-778
-679
-574
-462
-342
-217
-91
28
146
265
379
489
587
673
747
806
853
887
911
918
912
897
873
840
800
752
705
658
615
570
531
497
465
441
421
401
384
367
351
334
314
291
265
236
205
170
127
79
26
-31
-95
-162
-238
-321
-407
-496
-585
-674
-763
-846
-921
-989
-1051
-1099
-1130
-1151
-1154
-1146
-1123
-1084
-1030
-961
-881
-786
-682
-568
-446
-317
-184
-55
73
200
325
442
547
641
725
797
855
897
928
948
951
942
924
897
864
818
768
719
668
619
568
526
489
453
419
390
365
344
318
292
269
244
213
180
145
107
67
22
-28
-82
-142
-204
-271
-342
-420
-499
-581
-664
-746
-825
-902
-969
-1028
-1079
-1120
-1144
-1156
-1154
-1139
-1110
-1064
-1006
-930
-843
-745
-637
-524
-406
-283
-155
-24
102
223
341
454
558
652
737
808
866
914
945
964
970
965
952
932
901
862
818
773
728
681
638
595
562
530
496
468
443
421
398
371
343
316
287
255
217
177
134
88
40
-15
-74
-137
-202
-271
-344
-422
-502
-580
-660
-738
-811
-878
-937
-992
-1036
-1068
-1087
-1096
-1092
-1074
-1044
-1001
-946
-879
-801
-715
-619
-517
-407
-293
-180
-65
50
162
269
364
454
537
611
677
727
767
799
820
831
829
821
808
786
757
723
690
659
627
594
563
535
510
484
462
443
422
400
377
352
326
295
261
224
183
140
93
41
-10
-66
-125
-188
-253
-320
-391
-467
-540
-610
-680
-744
-805
-861
-908
-944
-966
-979
-982
-971
-949
-913
-868
-813
-748
-674
-588
-500
-407
-309
-209
-106
-3
94
188
280
368
450
523
588
644
692
731
759
780
791
795
791
778
759
737
712
684
656
627
598
574
546
520
496
475
450
423
393
363
333
298
256
213
169
124
75
20
-37
-95
-155
-218
-282
-349
-420
-492
-563
-634
-705
-772
-833
-890
-939
-980
-1012
-1029
-1035
-1032
-1017
-989
-953
-904
-844
-777
-704
-622
-536
-445
-350
-253
-155
-58
37
129
217
303
384
458
524
582
633
674
708
733
748
756
759
753
741
724
706
686
665
644
622
603
584
563
543
524
505
488
465
440
411
382
350
313
273
230
185
138
89
34
-23
-84
-148
-212
-281
-351
-422
-493
-562
-629
-693
-752
-802
-843
-878
-904
-917
-923
-916
-899
-871
-835
-789
-736
-676
-607
-534
-456
-374
-290
-203
-120
-38
43
124
203
274
339
399
452
499
536
564
587
600
608
609
604
594
582
568
554
540
527
515
505
499
491
484
479
471
462
452
439
421
400
376
346
311
270
228
181
131
76
16
-47
-113
-180
-249
-319
-390
-462
-532
-598
-661
-719
-770
-810
-843
-864
-876
-879
-870
-848
-818
-780
-735
-682
-621
-554
-484
-413
-335
-255
-176
-99
-23
51
123
192
256
319
376
426
469
505
535
564
585
600
613
620
623
621
618
615
612
609
604
598
594
590
588
584
577
566
551
534
511
484
453
416
375
330
282
228
170
109
45
-23
-96
-172
-249
-329
-407
-487
-566
-642
-713
-778
-840
-891
-934
-967
-991
-1005
-1007
-999
-978
-949
-912
-866
-815
-756
-691
-621
-545
-468
-386
-306
-226
-146
-68
11
88
160
231
293
353
407
453
497
533
563
591
611
630
644
654
667
678
688
696
704
713
722
731
735
736
733
727
711
691
662
632
594
551
502
447
389
325
257
186
108
31
-51
-135
-220
-306
-392
-478
-560
-637
-709
-776
-832
-880
-917
-944
-965
-975
-975
-963
-942
-913
-875
-834
-784
-727
-669
-604
-533
-459
-384
-308
-231
-151
-74
2
76
147
215
278
334
386
433
475
511
544
570
592
609
626
641
654
667
679
688
699
707
714
721
722
721
714
700
681
654
623
582
537
485
427
364
298
225
148
69
-12
-97
-185
-272
-360
-447
-533
-616
-694
-768
-833
-891
-941
-982
-1010
-1030
-1042
-1041
-1029
-1008
-978
-943
-901
-851
-798
-740
-677
-612
-543
-472
-397
-325
-247
-168
-87
-7
70
148
222
295
359
421
481
534
582
625
664
701
735
765
795
824
851
875
896
914
930
941
946
943
934
916
890
856
815
766
712
652
587
517
444
367
287
202
118
31
-57
-146
-239
-331
-423
-512
-597
-678
-753
-821
-881
-933
-978
-1008
-1031
-1043
-1045
-1041
-1027
-1005
-977
-941
-899
-851
-800
-743
-682
-614
-545
-470
-390
-309
-225
-140
-57
28
111
193
271
344
413
476
536
588
641
687
730
770
807
840
872
899
923
943
956
962
964
958
944
921
889
848
800
743
679
609
536
457
376
292
205
115
24
-69
-162
-256
-349
-443
-534
-620
-704
-781
-855
-923
-979
-1026
-1066
-1092
-1111
-1122
-1120
-1111
-1096
-1069
-1037
-997
-952
-900
-842
-777
-705
-630
-548
-463
-372
-279
-182
-85
12
109
203
293
378
457
531
600
662
716
766
807
842
873
899
923
942
956
965
969
970
965
954
938
914
883
846
802
751
694
630
563
495
419
342
263
182
97
12
-74
-161
-248
-336
-424
-510
-594
-677
-756
-829
-895
-954
-1006
-1049
-1082
-1106
-1121
-1123
-1116
-1101
-1076
-1046
-1008
-960
-906
-847
-780
-708
-634
-554
-469
-383
-291
-195
-100
-3
92
183
272
362
443
520
593
658
718
772
819
860
897
926
951
972
990
1002
1012
1015
1011
1004
989
967
939
901
858
809
755
694
627
556
482
406
325
243
162
78
-6
-91
-179
-265
-353
-442
-529
-616
-697
-772
-844
-912
-970
-1019
-1059
-1089
-1111
-1121
-1123
-1117
-1101
-1076
-1045
-1006
-961
-911
-852
-788
-719
-643
-562
-477
-386
-291
-195
-98
0
95
194
286
373
455
532
605
671
730
783
830
873
910
942
970
991
1008
1020
1024
1023
1018
1005
987
962
928
887
840
789
730
667
599
527
454
378
298
217
134
50
-35
-124
-210
-298
-387
-474
-560
-645
-725
-800
-868
-932
-985
-1032
-1070
-1097
-1117
-1128
-1128
-1120
-1103
-1079
-1047
-1007
-962
-909
-849
-781
-706
-626
-540
-449
-353
-258
-157
-56
44
144
243
337
426
513
588
662
727
788
843
890
935
972
1003
1028
1047
1060
1067
1065
1057
1044
1024
998
965
926
879
825
766
701
631
555
477
394
307
220
131
40
-53
-147
-242
-340
-434
-527
-621
-712
-799
-880
-957
-1028
-1093
-1150
-1196
-1231
-1259
-1273
-1280
-1276
-1262
-1238
-1205
-1166
-1117
-1058
-994
-921
-841
-754
-660
-563
-460
-353
-244
-130
-20
91
200
307
410
507
602
687
768
844
910
973
1026
1074
1115
1147
1173
1192
1203
1208
1203
1192
1174
1147
1117
1077
1032
980
920
854
783
706
623
537
447
356
262
167
70
-28
-127
-226
-325
-426
-524
-620
-714
-805
-889
-967
-1039
-1102
-1159
-1205
-1240
-1266
-1282
-1287
-1280
-1265
-1240
-1205
-1162
-1113
-1054
-986
-910
-826
-736
-639
-536
-431
-322
-210
-99
13
125
235
340
442
538
628
711
789
860
926
986
1038
1085
1121
1153
1177
1193
1204
1205
1200
1187
1163
1136
1102
1060
1013
960
901
835
765
688
603
518
428
332
237
139
37
-64
-166
-269
-370
-471
-571
-669
-762
-853
-937
-1014
-1085
-1147
-1202
-1247
-1281
-1307
-1324
-1329
-1325
-1311
-1286
-1250
-1204
-1149
-1085
-1014
-932
-844
-749
-645
-536
-424
-308
-192
-77
39
153
265
377
483
582
678
767
849
924
993
1054
1106
1152
1186
1214
1233
1242
1243
1237
1223
1202
1175
1141
1101
1057
1007
948
887
818
745
667
585
498
407
312
210
111
8
-97
-203
-307
-413
-515
-614
-712
-805
-893
-977
-1055
-1125
-1189
-1244
-1291
-1331
-1361
-1380
-1391
-1391
-1378
-1357
-1323
-1278
-1223
-1160
-1085
-1002
-911
-814
-712
-604
-489
-372
-255
-135
-14
103
220
335
445
550
652
747
837
921
994
1063
1123
1175
1219
1254
1279
1294
1303
1303
1296
1281
1259
1230
1196
1156
1110
1060
1003
939
872
798
718
635
545
452
356
253
148
40
-68
-178
-288
-396
-503
-609
-710
-808
-903
-993
-1076
-1152
-1220
-1282
-1335
-1381
-1414
-1437
-1450
-1452
-1444
-1422
-1389
-1346
-1291
-1225
-1151
-1066
-975
-874
-767
-655
-538
-416
-293
-170
-45
79
199
319
433
544
652
755
850
935
1015
1085
1147
1202
1246
1281
1306
1323
1332
1331
1322
1305
1281
1248
1210
1164
1111
1053
988
918
842
761
676
586
491
393
290
186
77
-33
-144
-255
-366
-475
-579
-681
-778
-871
-957
-1036
-1110
-1175
-1233
-1283
-1325
-1358
-1382
-1395
-1400
-1393
-1373
-1344
-1303
-1253
-1189
-1117
-1035
-944
-847
-742
-633
-517
-397
-274
-146
-20
109
236
362
485
605
717
826
928
1021
1106
1182
1248
1307
1353
1390
1415
1432
1437
1433
1419
1395
1362
1321
1269
1211
1147
1074
996
913
825
730
634
531
424
317
206
93
-22
-136
-251
-364
-476
-584
-688
-788
-884
-976
-1058
-1135
-1205
-1267
-1323
-1368
-1404
-1432
-1450
-1458
-1459
-1447
-1427
-1396
-1354
-1303
-1239
-1168
-1087
-997
-900
-793
-680
-563
-442
-318
-189
-61
68
197
323
446
565
681
789
891
986
1072
1152
1220
1279
1330
1369
1400
1419
1428
1426
1414
1392
1361
1322
1274
1218
1154
1083
1005
922
834
740
645
543
439
334
226
118
9
-102
-211
-318
-424
-528
-629
-726
-819
-907
-990
-1067
-1134
-1195
-1246
-1289
-1325
-1353
-1371
-1381
-1381
-1371
-1353
-1326
-1290
-1243
-1189
-1125
-1053
-971
-882
-786
-682
-576
-464
-347
-231
-113
6
122
235
348
455
558
655
744
828
908
978
1040
1095
1140
1176
1205
1225
1233
1237
1230
1215
1193
1162
1124
1080
1028
971
907
839
766
688
607
522
434
345
255
163
72
-18
-107
-194
-279
-363
-444
-520
-595
-665
-730
-789
-843
-892
-934
-970
-996
-1018
-1032
-1037
-1035
-1025
-1009
-984
-953
-918
-875
-827
-772
-714
-648
-580
-508
-430
-349
-269
-184
-99
-14
72
155
236
314
388
459
526
588
644
695
740
779
811
838
859
874
882
884
880
870
853
832
804
770
734
691
646
597
544
488
428
366
303
239
174
110
46
-17
-80
-141
-200
-257
-311
-363
-413
-460
-504
-544
-581
-613
-641
-666
-684
-698
-710
-714
-713
-709
-698
-684
-663
-638
-609
-578
-541
-502
-460
-416
-367
-317
-266
-213
-160
-105
-49
5
61
115
168
218
268
314
357
398
436
470
500
529
552
572
587
597
604
607
603
598
587
575
556
536
512
485
453
419
384
346
307
267
224
180
138
94
48
4
-39
-82
-125
-165
-205
-244
-278
-310
-343
-371
-398
-421
-441
-460
-477
-489
-499
-505
-510
-510
-507
-499
-489
-475
-457
-434
-409
-380
-350
-317
-283
-247
-210
-174
-135
-96
-58
-17
21
58
97
135
170
204
238
270
298
325
348
370
387
402
411
419
425
425
424
420
412
402
388
373
354
333
308
281
254
224
194
162
128
96
63
28
-5
-39
-73
-106
-139
-170
-203
-231
-259
-285
-309
-331
-350
-366
-380
-393
-401
-405
-407
-407
-403
-397
-389
-377
-363
-345
-325
-303
-276
-249
-219
-185
-152
-117
-82
-48
-13
21
54
86
117
146
175
203
227
252
275
298
318
336
352
366
379
388
393
395
394
390
380
371
358
343
325
305
283
262
238
213
187
160
131
102
71
41
10
-22
-53
-83
-112
-140
-169
-193
-217
-242
-263
-282
-299
-314
-327
-337
-345
-349
-349
-347
-342
-334
-323
-310
-294
-274
-255
-233
-208
-183
-156
-127
-98
-67
-36
-4
27
57
90
119
149
176
202
226
246
263
280
293
302
312
319
321
324
322
320
315
308
299
285
271
253
233
211
186
161
135
105
77
47
18
-11
-39
-67
-93
-120
-144
-168
-191
-212
-233
-252
-268
-285
-297
-309
-316
-321
-325
-327
-325
-321
-313
-304
-293
-279
-264
-245
-224
-202
-177
-150
-121
-92
-63
-32
-1
31
62
91
121
148
176
201
224
244
263
281
295
309
319
326
330
333
330
326
319
308
296
282
265
247
225
201
177
152
125
98
71
44
15
-14
-42
-69
-95
-121
-148
-172
-196
-219
-240
-258
-273
-288
-299
-309
-316
-320
-322
-321
-319
-318
-312
-305
-295
-283
-269
-253
-235
-215
-195
-171
-147
-121
-95
-67
-40
-11
18
43
73
100
125
151
176
199
222
242
262
280
294
307
317
324
328
330
331
328
323
318
309
299
286
270
254
234
213
190
164
137
110
81
52
25
-4
-33
-59
-83
-109
-131
-153
-174
-192
-209
-226
-240
-253
-267
-277
-284
-290
-293
-294
-292
-288
-280
-272
-263
-248
-232
-217
-199
-182
-165
-147
-128
-110
-90
-71
-52
-30
-9
10
31
52
72
92
111
128
145
160
173
186
197
208
214
221
226
229
232
232
232
232
228
226
220
213
205
195
183
171
158
142
126
108
89
69
49
30
9
-13
-32
-53
-73
-92
-111
-128
-143
-159
-171
-183
-193
-202
-208
-213
-217
-219
-219
-219
-217
-214
-209
-202
-195
-184
-174
-160
-146
-133
-116
-100
-83
-67
-51
-35
-20
-3
12
26
42
54
68
83
96
110
124
135
146
158
167
177
185
192
197
203
206
209
210
211
211
211
207
205
201
196
190
181
172
161
150
138
124
109
93
76
58
41
22
4
-16
-37
-55
-75
-93
-110
-127
-142
-157
-171
-185
-196
-206
-215
-222
-228
-233
-235
-237
-236
-234
-230
-223
-216
-207
-197
-185
-171
-157
-143
-129
-115
-100
-85
-70
-56
-41
-27
-14
0
13
25
39
51
62
74
85
94
105
114
122
129
135
140
146
150
153
156
158
158
159
157
155
153
150
147
142
136
129
120
111
101
90
77
63
52
38
23
9
-5
-19
-34
-47
-61
-74
-87
-97
-107
-118
-128
-135
-142
-148
-153
-156
-158
-159
-158
-156
-151
-147
-140
-132
-123
-113
-101
-91
-80
-68
-56
-43
-29
-17
-5
6
17
27
38
46
55
66
74
82
91
97
103
109
114
119
125
128
133
137
141
143
145
147
147
147
146
141
139
135
130
125
119
110
102
94
84
75
63
50
37
23
9
-5
-18
-33
-47
-61
-74
-87
-99
-111
-121
-130
-138
-145
-149
-156
-158
-160
-162
-162
-162
-160
-156
-152
-148
-142
-134
-128
-119
-110
-100
-90
-81
-71
-61
-53
-42
-34
-24
-15
-6
4
14
23
32
42
52
60
69
77
84
93
100
107
112
117
120
123
126
129
130
130
132
130
128
126
122
118
114
109
103
94
87
78
69
60
50
40
30
18
6
-4
-16
-26
-34
-46
-55
-62
-71
-76
-83
-86
-89
-93
-94
-95
-96
-97
-97
-93
-92
-90
-87
-83
-82
-77
-72
-70
-65
-61
-57
-52
-48
-42
-37
-31
-25
-18
-10
-5
2
7
13
20
26
31
35
39
44
47
51
56
59
61
64
66
67
68
69
69
69
69
66
62
59
54
51
47
40
36
29
23
17
10
4
-4
-10
-17
-24
-31
-38
-45
-51
-56
-60
-63
-66
-68
-68
-68
-67
-65
-64
-61
-60
-58
-54
-49
-44
-42
-37
-31
-26
-21
-16
-10
-2
2
7
13
18
23
29
34
40
45
49
54
56
60
63
68
70
73
77
80
83
83
86
85
84
83
80
77
73
69
65
59
52
46
38
31
21
13
3
-6
-16
-26
-37
-48
-59
-71
-81
-91
-101
-110
-119
-126
-133
-139
-142
-145
-147
-146
-144
-140
-137
-134
-129
-125
-118
-111
-104
-95
-87
-78
-69
-59
-48
-38
-27
-16
-5
7
17
29
40
52
63
73
82
90
97
105
113
120
127
135
140
146
152
157
160
165
167
170
173
173
172
171
166
161
154
148
140
131
120
110
98
86
72
58
43
26
11
-5
-23
-39
-55
-71
-86
-100
-112
-124
-134
-145
-153
-160
-167
-173
-177
-180
-182
-183
-182
-179
-177
-173
-168
-161
-153
-144
-135
-124
-113
-98
-86
-73
-59
-44
-30
-15
-1
14
29
42
57
69
83
96
109
120
130
139
148
157
162
168
174
176
179
179
178
178
175
172
168
164
157
150
143
132
124
112
100
86
69
55
40
23
7
-11
-28
-45
-63
-80
-96
-112
-127
-142
-155
-166
-177
-186
-195
-201
-209
-215
-220
-223
-225
-227
-226
-226
-225
-220
-213
-207
-198
-187
-176
-163
-150
-135
-119
-102
-86
-69
-52
-33
-15
4
24
44
64
82
101
120
138
156
171
186
200
212
226
235
242
249
256
263
266
269
269
268
266
262
257
250
240
228
213
198
181
164
147
127
109
88
71
52
32
15
-5
-23
-41
-60
-78
-97
-113
-129
-146
-159
-173
-185
-194
-205
-213
-219
-226
-230
-233
-235
-238
-240
-238
-238
-235
-232
-229
-222
-216
-208
-197
-186
-175
-161
-148
-133
-117
-101
-86
-68
-51
-34
-15
3
21
38
56
72
89
106
121
135
148
159
168
177
186
195
200
205
209
211
211
211
208
206
200
194
184
174
163
150
137
123
109
94
79
65
50
35
22
8
-7
-20
-33
-47
-59
-71
-83
-92
-104
-112
-119
-126
-132
-137
-139
-142
-145
-146
-148
-147
-146
-144
-143
-141
-136
-131
-125
-119
-112
-102
-93
-83
-73
-62
-53
-41
-28
-16
-4
9
22
34
46
59
71
82
94
104
117
126
134
144
149
155
159
162
164
165
165
163
161
159
151
146
139
131
122
113
103
90
78
65
52
39
26
13
2
-13
-27
-40
-54
-67
-80
-90
-101
-112
-122
-132
-138
-146
-151
-154
-158
-160
-161
-161
-160
-159
-156
-153
-150
-146
-141
-132
-126
-118
-110
-99
-88
-77
-66
-53
-41
-28
-16
-4
8
20
32
44
56
69
81
93
105
115
125
135
145
152
160
166
170
174
176
176
176
174
171
167
163
156
149
142
133
121
110
98
84
69
55
39
24
7
-8
-23
-37
-52
-65
-76
-89
-102
-112
-123
-133
-141
-152
-159
-165
-170
-174
-178
-179
-183
-181
-180
-179
-175
-171
-166
-158
-151
-144
-134
-125
-113
-102
-91
-79
-66
-54
-42
-27
-14
-2
10
24
36
49
61
71
84
94
104
114
122
129
135
141
146
149
151
155
157
157
157
157
154
152
148
142
138
131
122
113
104
92
81
68
56
45
31
19
6
-7
-18
-29
-39
-49
-60
-67
-76
-84
-91
-99
-105
-110
-115
-119
-122
-123
-123
-122
-120
-116
-112
-107
-102
-95
-88
-79
-70
-63
-53
-45
-37
-28
-18
-7
3
14
25
35
46
54
63
73
79
87
93
98
103
106
111
115
116
120
122
124
126
127
126
126
122
118
113
108
101
93
83
73
62
52
42
29
17
5
-7
-21
-33
-47
-60
-75
-89
-101
-113
-126
-138
-150
-160
-171
-179
-188
-193
-197
-200
-202
-203
-203
-201
-198
-196
-190
-182
-176
-167
-157
-150
-140
-129
-117
-106
-94
-82
-68
-54
-41
-27
-10
5
20
36
52
68
82
99
113
128
141
155
168
181
191
199
208
214
221
226
228
231
233
234
232
231
227
222
217
210
201
194
183
172
159
146
134
121
106
91
76
60
46
29
15
-2
-18
-34
-49
-63
-77
-90
-102
-112
-124
-135
-144
-154
-163
-170
-176
-182
-186
-189
-192
-192
-190
-189
-186
-184
-180
-174
-168
-161
-153
-145
-136
-126
-116
-105
-92
-80
-69
-56
-42
-29
-16
-3
11
23
34
46
55
67
77
85
94
101
105
112
115
117
119
120
118
118
115
112
109
103
97
89
82
73
64
56
48
37
28
20
10
3
-4
-12
-21
-27
-36
-41
-47
-53
-57
-61
-65
-68
-69
-72
-74
-74
-76
-74
-73
-70
-69
-65
-62
-59
-55
-49
-43
-38
-30
-23
-15
-8
-2
6
14
22
31
39
47
54
65
72
80
88
94
101
106
113
118
121
125
125
127
127
125
123
120
117
112
106
100
92
85
76
66
57
45
35
23
11
-2
-13
-26
-38
-50
-62
-72
-84
-94
-103
-109
-116
-120
-127
-131
-135
-138
-141
-143
-143
-143
-143
-142
-140
-138
-136
-132
-129
-123
-119
-112
-105
-98
-91
-83
-74
-64
-54
-44
-34
-22
-12
-2
10
21
31
41
53
63
72
82
90
99
106
113
120
124
127
131
131
131
131
129
127
126
123
121
116
111
107
100
93
86
78
69
61
51
41
32
20
9
1
-8
-18
-25
-32
-40
-45
-51
-57
-62
-66
-69
-72
-75
-78
-80
-83
-84
-85
-85
-84
-82
-80
-77
-74
-68
-63
-57
-50
-45
-39
-32
-27
-21
-16
-8
-5
0
5
10
14
18
23
28
31
35
38
42
44
47
48
51
53
52
54
52
51
49
47
45
43
40
37
33
30
23
20
15
11
7
2
-2
-7
-12
-15
-19
-25
-29
-32
-35
-39
-41
-44
-46
-47
-48
-49
-49
-49
-50
-48
-47
-44
-43
-41
-36
-34
-30
-24
-19
-14
-10
-5
0
6
11
15
21
27
31
35
41
44
49
53
55
59
62
65
68
70
70
71
71
71
69
68
67
65
61
57
53
49
44
36
32
26
19
13
4
-2
-9
-18
-24
-28
-36
-43
-50
-56
-59
-65
-69
-72
-76
-80
-84
-86
-89
-89
-91
-92
-92
-90
-90
-87
-86
-84
-80
-76
-73
-69
-65
-61
-56
-53
-46
-40
-34
-26
-22
-15
-10
-2
4
9
17
22
29
36
40
46
52
56
60
65
69
72
76
77
80
82
83
83
84
83
82
82
80
78
75
70
66
63
58
54
49
43
37
32
26
21
17
12
6
0
-4
-9
-14
-16
-21
-23
-26
-28
-30
-33
-35
-35
-36
-35
-35
-34
-34
-33
-30
-28
-26
-24
-23
-21
-19
-16
-14
-12
-8
-5
-3
0
4
8
11
15
18
21
24
26
28
29
32
34
33
34
33
32
32
31
30
30
29
27
26
24
21
18
14
10
6
2
-3
-6
-11
-17
-20
-26
-30
-36
-40
-45
-50
-57
-61
-65
-70
-72
-76
-79
-81
-83
-83
-84
-84
-82
-81
-80
-76
-72
-69
-65
-61
-55
-49
-43
-37
-32
-27
-20
-13
-7
1
7
13
20
27
32
39
45
49
56
61
64
69
72
75
77
78
79
80
81
81
81
81
81
81
79
78
76
74
71
69
65
59
55
48
44
37
31
24
17
11
5
-2
-8
-15
-21
-28
-32
-38
-43
-47
-52
-56
-59
-62
-65
-66
-68
-71
-71
-72
-72
-71
-70
-67
-65
-62
-59
-54
-50
-46
-41
-36
-31
-26
-22
-16
-13
-7
-1
2
7
10
15
19
23
26
31
33
37
40
42
45
46
49
50
51
52
50
49
48
46
44
42
40
39
36
34
32
30
27
23
18
14
9
5
0
-6
-9
-13
-17
-21
-24
-27
-30
-33
-33
-36
-36
-37
-39
-39
-39
-41
-42
-41
-41
-42
-40
-38
-36
-34
-32
-29
-24
-21
-15
-11
-7
-2
2
7
11
14
19
22
26
30
33
36
40
44
46
49
52
53
56
56
57
57
58
57
57
55
53
52
48
45
42
38
34
30
26
21
16
11
4
1
-5
-10
-15
-19
-23
-29
-33
-39
-42
-45
-49
-53
-55
-57
-58
-60
-63
-63
-63
-63
-65
-63
-62
-62
-59
-58
-56
-53
-49
-45
-41
-37
-33
-29
-24
-19
-15
-10
-6
-2
3
6
11
16
21
26
32
37
42
46
49
53
57
60
60
62
63
62
62
60
60
57
55
53
49
46
43
40
37
32
29
25
21
17
13
8
3
-1
-7
-12
-17
-22
-25
-30
-32
-35
-37
-40
-42
-44
-44
-45
-46
-46
-47
-47
-48
-47
-48
-46
-45
-44
-43
-40
-39
-36
-32
-28
-24
-20
-17
-13
-10
-7
-4
0
4
6
9
11
15
16
19
21
24
27
27
32
33
35
37
37
38
38
39
38
37
36
36
35
32
32
29
26
23
21
18
14
11
7
3
-1
-4
-8
-12
-15
-20
-21
-24
-26
-28
-29
-33
-34
-35
-35
-36
-36
-36
-37
-36
-36
-36
-35
-34
-34
-31
-29
-27
-24
-22
-20
-16
-13
-9
-6
-3
1
4
7
10
14
17
20
23
26
29
31
34
39
41
43
46
48
51
52
53
55
56
57
58
55
55
54
52
50
48
45
43
38
34
32
29
25
21
17
14
12
9
5
1
-3
-7
-9
-13
-15
-19
-21
-25
-28
-29
-32
-33
-35
-37
-38
-38
-39
-39
-39
-39
-38
-39
-38
-38
-38
-37
-37
-36
-36
-34
-33
-30
-29
-26
-24
-20
-19
-16
-15
-13
-11
-9
-8
-7
-6
-6
-5
-2
-2
-1
-1
0
0
1
1
1
1
1
0
1
1
-1
-1
-2
-3
-3
-3
-4
-3
-3
-3
-3
-3
-3
-2
-3
-3
-2
-3
-2
-2
-2
-1
0
-1
2
2
4
5
5
8
8
10
11
13
13
15
15
16
17
19
21
23
25
27
28
31
32
34
34
35
35
36
37
37
36
35
36
34
33
32
29
27
26
23
21
19
15
14
10
8
5
2
-1
-3
-7
-9
-12
-16
-18
-21
-24
-26
-29
-32
-33
-35
-37
-39
-40
-41
-43
-45
-46
-45
-47
-49
-48
-49
-49
-50
-50
-49
-48
-48
-47
-46
-44
-42
-39
-37
-35
-33
-28
-26
-23
-18
-15
-11
-8
-4
-1
3
7
10
14
18
23
26
28
31
34
36
39
41
43
44
46
47
48
49
51
50
51
51
51
51
50
49
48
47
46
44
43
41
37
35
33
31
29
26
24
23
22
18
17
14
12
8
5
2
0
-2
-4
-7
-9
-11
-13
-15
-16
-18
-18
-19
-22
-24
-25
-27
-28
-30
-30
-31
-32
-33
-35
-35
-36
-35
-36
-35
-34
-33
-32
-30
-28
-27
-24
-22
-21
-19
-17
-15
-14
-12
-10
-8
-5
-3
-1
0
2
4
5
5
7
8
10
10
10
9
11
10
11
11
12
12
12
12
13
14
14
16
18
18
18
19
19
18
18
19
20
20
21
21
19
17
17
16
15
15
13
13
12
11
12
10
10
9
8
7
6
5
4
3
3
3
2
1
0
0
-1
-1
-2
-4
-4
-6
-6
-8
-7
-7
-7
-9
-9
-9
-10
-9
-12
-12
-11
-11
-11
-12
-12
-13
-14
-15
-15
-15
-16
-17
-18
-19
-20
-21
-22
-23
-23
-24
-23
-23
-22
-22
-20
-20
-20
-20
-21
-20
-21
-22
-22
-22
-21
-23
-22
-20
-19
-18
-17
-14
-12
-11
-9
-7
-7
-4
-3
-3
-2
-2
-1
-1
-2
0
0
1
1
2
4
5
5
7
8
9
11
12
13
13
13
15
15
17
18
17
19
17
21
22
24
26
27
29
31
32
32
33
31
31
30
29
28
27
26
24
24
23
23
21
20
19
18
17
17
17
17
17
16
15
15
14
12
11
9
9
8
7
6
6
3
3
2
-1
-3
-4
-6
-8
-9
-9
-11
-12
-13
-15
-16
-16
