-1
-1
-1
-1
-2
-1
-2
-1
-2
-4
-4
-3
-4
-4
-4
-4
-3
-2
-1
0
1
2
2
4
5
6
6
6
5
5
5
4
4
4
3
2
0
0
0
0
0
0
0
1
1
1
2
3
4
5
7
6
7
6
6
7
7
7
7
6
6
6
4
4
4
3
4
4
4
5
4
2
2
2
1
1
2
1
2
1
2
1
2
1
1
1
1
1
3
5
4
5
6
6
5
5
4
5
4
3
3
2
0
0
-1
-2
-2
-3
-1
-1
-1
-2
-1
-1
-2
-2
-2
-2
-2
-3
-2
-2
-2
-2
-3
-4
-3
-4
-4
-4
-4
-4
-3
-3
-3
-1
-1
1
1
3
3
4
4
5
7
5
7
7
6
7
6
5
5
5
6
7
5
6
7
7
5
5
4
5
4
3
2
1
1
2
1
1
1
1
0
-1
1
0
0
1
1
1
2
2
0
0
2
1
1
2
1
1
0
1
1
1
0
-1
-1
-2
-3
-2
-3
-3
-3
-3
-4
-4
-5
-5
-6
-7
-6
-8
-6
-7
-8
-7
-7
-7
-6
-5
-5
-5
-4
-5
-5
-5
-6
-6
-5
-5
-6
-7
-6
-6
-6
-7
-7
-7
-5
-3
-4
-3
-3
-2
-3
-2
-2
-3
-2
-2
-3
-4
-3
-3
-4
-5
-6
-7
-7
-8
-8
-8
-9
-8
-9
-9
-10
-9
-10
-9
-8
-7
-7
-6
-7
-7
-6
-6
-6
-3
-3
-2
0
0
0
1
2
4
6
6
6
7
8
7
6
6
6
3
3
3
5
7
7
9
10
10
9
8
9
9
8
4
5
6
3
6
5
5
7
7
5
6
6
5
5
3
1
-1
-2
-2
0
2
4
4
4
1
0
1
1
2
4
5
6
6
4
5
6
5
7
9
9
7
6
1
-1
-1
-4
-3
1
4
6
7
6
6
6
1
-1
0
-2
-4
-3
-5
-3
0
0
1
6
7
4
3
-1
-4
-4
-6
-5
-3
-3
-4
-4
-5
-7
-7
-12
-15
-15
-19
-19
-16
-13
-10
-7
-2
2
5
4
4
5
1
-3
1
4
6
8
9
11
14
13
11
15
15
11
10
7
4
2
0
1
8
9
5
8
10
7
10
15
18
21
22
20
23
24
23
26
32
32
29
25
19
19
17
10
9
8
0
-7
-5
-6
-8
-6
-11
-11
-11
-13
-14
-11
-12
-14
-16
-19
-20
-19
-21
-15
-6
-3
-5
-4
-7
-10
-10
-12
-11
-9
-12
-14
-13
-15
-19
-19
-19
-18
-19
-22
-21
-16
-16
-17
-16
-17
-18
-19
-19
-14
-11
-13
-12
-6
-8
-9
-5
-5
-3
1
2
-1
2
-2
-14
-16
-19
-23
-18
-14
-14
-14
-18
-23
-22
-19
-15
-4
4
0
-1
-3
-9
-11
-10
-6
-1
3
-3
-7
-9
-7
-3
-1
2
8
2
-9
-10
-3
2
10
19
17
17
13
1
0
9
13
17
19
12
10
10
7
9
23
36
41
38
26
14
10
3
-1
12
30
34
25
17
15
5
-8
-4
8
14
13
3
-13
-15
-10
-11
14
54
56
32
3
-32
-54
-58
-57
-36
9
37
42
40
24
15
36
37
9
-5
-16
-33
-51
-63
-45
0
42
48
40
29
10
-16
-45
-48
-26
-28
-32
-21
-18
-11
-4
8
42
71
61
37
31
35
28
19
25
39
58
41
-3
-2
33
54
86
136
125
64
-11
-95
-131
-114
-90
-23
67
108
109
44
-55
-91
-76
-53
-16
9
10
23
-15
-108
-110
-21
62
131
129
81
66
5
-100
-120
-58
-18
-9
10
-13
-49
-79
-145
-155
-97
-79
-83
-53
-31
-34
-45
-52
-43
2
23
4
15
23
24
59
69
68
87
84
59
28
10
21
48
53
42
53
35
-23
-61
-77
-60
-8
13
10
31
36
7
-9
4
25
40
39
10
-3
9
1
11
39
53
70
69
31
3
-6
-33
-67
-73
-55
-28
-17
-32
-33
-18
-29
-61
-81
-75
-63
-62
-63
-41
-3
8
-8
-2
18
23
19
13
10
20
8
-13
-11
4
13
21
18
15
30
31
12
-3
-3
-5
-23
-44
-49
-37
-24
-22
-16
5
23
24
18
28
39
32
13
0
-6
-11
-19
-17
11
43
52
42
35
27
11
-3
-19
-27
-16
-13
-21
-14
-9
-18
-20
-15
-6
5
8
7
4
-4
-20
-29
-24
-18
-8
0
6
12
8
-3
-9
-14
-24
-25
-25
-22
-13
-14
-22
-14
-13
-24
-22
-14
-9
2
11
11
15
13
2
6
20
28
42
51
45
41
36
30
35
45
49
54
58
53
44
39
30
22
15
6
7
13
13
21
24
18
15
9
1
-5
-4
-5
-2
1
-6
-9
-7
-11
-7
5
15
22
20
2
-15
-25
-37
-42
-33
-28
-30
-30
-31
-35
-37
-44
-49
-42
-44
-54
-58
-65
-72
-71
-68
-59
-37
-18
-9
2
5
2
0
0
-1
2
3
6
14
21
24
31
36
36
39
38
30
30
35
37
40
46
50
53
54
50
51
57
58
60
60
54
51
53
52
54
63
66
65
63
59
53
51
46
47
46
39
32
27
23
22
25
25
28
30
25
15
8
1
-9
-15
-17
-17
-21
-34
-44
-51
-61
-70
-72
-78
-83
-88
-98
-106
-106
-103
-102
-95
-89
-86
-82
-80
-75
-63
-56
-52
-43
-37
-30
-17
-4
6
20
26
20
9
-4
-13
-16
-17
-12
-3
1
-1
-1
-8
-14
-13
-12
-11
-9
-11
-19
-21
-17
-15
-7
4
16
27
32
30
30
27
20
17
17
16
19
23
24
18
10
-3
-18
-30
-48
-68
-87
-99
-114
-128
-140
-149
-151
-150
-147
-138
-131
-123
-112
-105
-97
-86
-70
-48
-24
3
31
59
82
100
114
129
144
162
179
191
207
216
215
214
211
209
210
215
218
218
215
212
203
194
185
179
175
169
170
172
169
161
156
150
141
132
122
112
98
81
59
38
14
-10
-37
-66
-95
-123
-154
-189
-223
-262
-303
-337
-366
-393
-412
-426
-438
-448
-457
-464
-469
-468
-456
-434
-407
-374
-337
-299
-267
-233
-199
-159
-117
-72
-26
18
59
100
139
174
211
248
276
305
334
358
377
395
413
428
439
447
450
453
452
447
443
438
431
424
408
392
377
358
333
306
272
232
186
138
92
46
1
-44
-84
-129
-177
-225
-275
-325
-370
-410
-449
-481
-512
-542
-567
-584
-601
-610
-612
-608
-598
-584
-565
-536
-498
-458
-410
-361
-314
-263
-206
-153
-100
-39
19
77
135
190
245
296
343
388
432
471
510
542
564
584
600
607
608
606
601
589
575
557
541
527
508
491
475
453
425
388
346
300
249
195
140
93
46
-5
-55
-108
-164
-219
-274
-328
-379
-431
-480
-526
-572
-613
-653
-684
-711
-730
-741
-750
-753
-744
-730
-708
-676
-642
-598
-549
-493
-439
-378
-312
-244
-172
-106
-36
38
101
161
225
284
340
392
440
482
520
551
575
594
604
605
601
587
571
556
538
515
494
478
461
442
423
401
378
351
318
282
246
203
159
113
70
33
-10
-53
-94
-136
-182
-228
-276
-324
-372
-421
-471
-517
-560
-601
-635
-660
-679
-692
-699
-697
-682
-660
-633
-596
-551
-501
-445
-384
-320
-249
-179
-106
-32
40
112
182
251
312
374
434
484
531
570
599
622
639
646
645
636
620
602
579
553
525
499
470
443
417
387
362
336
302
268
234
196
152
109
71
28
-15
-58
-101
-144
-189
-236
-286
-336
-383
-429
-478
-526
-574
-623
-669
-709
-744
-774
-796
-811
-815
-809
-794
-769
-731
-683
-625
-559
-489
-414
-330
-245
-160
-74
17
105
190
276
356
434
507
571
632
683
723
756
777
792
797
790
776
757
732
702
670
640
609
578
547
516
486
453
419
383
346
307
267
225
182
139
98
51
7
-38
-84
-132
-184
-239
-294
-351
-413
-473
-533
-589
-645
-695
-742
-786
-818
-846
-865
-871
-869
-853
-829
-792
-745
-689
-622
-548
-470
-385
-296
-204
-109
-14
78
168
255
341
420
493
558
619
670
709
740
762
773
776
768
753
732
707
679
646
613
581
549
519
484
454
424
389
353
315
273
227
181
133
86
38
-12
-61
-110
-161
-212
-269
-326
-382
-443
-509
-571
-631
-694
-756
-810
-861
-906
-943
-973
-990
-995
-990
-972
-942
-900
-849
-788
-717
-641
-556
-469
-382
-285
-188
-90
6
98
189
278
362
446
520
591
654
706
749
778
800
809
805
796
781
761
736
710
682
656
630
605
581
559
539
514
485
453
417
378
332
284
238
187
134
79
27
-24
-75
-127
-177
-231
-287
-351
-418
-489
-562
-633
-701
-763
-819
-862
-897
-916
-924
-921
-906
-878
-840
-791
-731
-662
-587
-508
-424
-341
-259
-175
-91
-6
77
160
243
323
404
483
553
620
679
726
759
777
780
770
747
719
688
658
627
597
573
549
526
503
482
466
447
430
415
392
363
327
286
240
188
135
77
26
-21
-69
-114
-156
-200
-246
-298
-357
-421
-491
-564
-636
-707
-771
-827
-876
-912
-928
-932
-923
-895
-850
-797
-734
-661
-586
-506
-421
-341
-256
-172
-93
-9
74
158
248
340
430
521
607
683
743
788
815
823
814
785
752
712
666
622
579
541
510
481
457
440
424
405
386
365
338
306
269
225
177
125
72
19
-31
-77
-116
-152
-186
-218
-247
-285
-327
-374
-433
-496
-564
-636
-709
-782
-848
-906
-949
-976
-985
-975
-945
-904
-848
-782
-707
-634
-555
-477
-400
-320
-239
-156
-74
11
101
192
286
381
476
565
646
716
771
812
835
838
828
802
768
725
677
634
594
560
535
516
501
487
474
455
427
397
356
309
260
206
153
102
53
8
-32
-68
-102
-133
-163
-194
-230
-269
-316
-370
-432
-503
-578
-655
-731
-799
-855
-898
-920
-924
-912
-877
-830
-773
-706
-632
-559
-483
-404
-328
-250
-170
-93
-11
75
160
250
339
428
516
598
672
736
792
830
849
852
839
811
772
718
662
608
554
508
466
430
400
376
351
322
292
256
216
173
125
76
27
-24
-72
-116
-157
-192
-224
-251
-277
-304
-333
-368
-411
-461
-519
-583
-649
-719
-782
-837
-882
-912
-928
-926
-905
-870
-820
-760
-691
-617
-543
-466
-391
-314
-237
-163
-84
-3
80
170
265
360
453
545
634
710
774
825
859
874
872
852
821
780
731
679
628
582
540
505
477
450
430
410
387
365
341
311
279
243
202
159
114
68
24
-19
-56
-92
-126
-159
-190
-225
-264
-308
-359
-418
-478
-542
-609
-668
-721
-766
-797
-812
-815
-799
-770
-726
-670
-605
-534
-463
-389
-313
-240
-165
-92
-17
60
137
218
300
384
466
544
615
678
728
763
782
783
768
737
696
648
595
540
487
440
399
365
336
315
293
270
245
216
181
138
92
40
-12
-64
-114
-164
-206
-243
-276
-303
-325
-348
-369
-393
-421
-456
-496
-544
-596
-654
-710
-763
-811
-851
-872
-879
-869
-840
-793
-732
-660
-580
-496
-409
-321
-233
-150
-65
14
92
174
251
330
412
493
574
653
727
792
848
890
916
929
925
903
871
829
776
719
663
608
558
512
468
432
397
361
325
285
239
188
134
77
20
-38
-94
-147
-194
-238
-277
-313
-348
-380
-415
-452
-492
-535
-583
-639
-696
-754
-812
-860
-901
-932
-947
-947
-932
-896
-847
-785
-715
-634
-551
-466
-376
-293
-207
-121
-41
42
124
206
289
374
458
538
618
693
756
811
850
874
886
876
854
818
770
715
655
593
533
479
428
384
345
309
274
241
207
170
130
86
41
-10
-61
-112
-163
-210
-254
-293
-328
-357
-385
-413
-437
-463
-491
-524
-559
-598
-638
-672
-707
-736
-754
-762
-757
-740
-706
-660
-603
-533
-456
-373
-284
-196
-106
-17
70
157
241
328
412
497
582
663
742
814
881
940
980
1007
1020
1016
997
959
910
847
779
705
627
554
482
412
349
289
233
180
128
76
25
-30
-87
-146
-201
-259
-316
-370
-422
-465
-503
-535
-560
-581
-600
-617
-636
-657
-680
-707
-735
-765
-795
-823
-844
-858
-864
-857
-837
-801
-753
-689
-616
-533
-441
-347
-248
-150
-55
41
136
224
312
397
480
560
642
718
787
857
911
955
989
1008
1012
1000
973
933
883
824
755
685
614
545
479
414
354
299
246
196
145
95
45
-9
-65
-122
-178
-236
-292
-343
-390
-433
-473
-508
-536
-565
-593
-619
-647
-677
-705
-740
-772
-801
-830
-853
-865
-869
-860
-836
-799
-748
-682
-608
-525
-432
-336
-237
-136
-39
56
153
245
332
418
500
580
659
735
806
871
933
980
1018
1042
1050
1047
1027
989
942
885
817
745
670
594
520
448
378
313
251
191
133
75
15
-46
-110
-176
-238
-304
-370
-432
-493
-551
-603
-651
-692
-729
-762
-791
-817
-841
-867
-889
-910
-931
-946
-956
-959
-951
-933
-903
-858
-801
-732
-652
-562
-467
-365
-260
-152
-46
59
163
263
361
456
546
635
718
797
874
943
1007
1063
1107
1141
1163
1169
1161
1139
1102
1054
996
930
858
784
708
633
558
486
415
347
278
209
139
67
-8
-84
-160
-238
-317
-394
-470
-539
-605
-665
-717
-764
-805
-839
-867
-891
-912
-931
-949
-964
-976
-985
-987
-982
-969
-945
-907
-859
-798
-723
-642
-553
-455
-356
-256
-152
-50
47
146
239
326
414
496
572
650
725
791
858
916
964
1008
1040
1060
1072
1072
1055
1029
993
944
892
832
766
703
638
572
507
441
375
307
240
169
97
21
-56
-132
-210
-289
-363
-437
-508
-572
-631
-682
-726
-765
-797
-822
-841
-859
-872
-884
-897
-901
-902
-900
-888
-869
-840
-798
-746
-680
-606
-522
-433
-339
-243
-147
-49
46
137
225
313
395
474
549
621
691
757
816
871
920
963
995
1019
1030
1028
1017
992
952
905
850
787
722
652
583
515
446
378
314
250
184
117
50
-20
-91
-161
-232
-304
-375
-442
-510
-573
-630
-682
-728
-768
-803
-831
-854
-872
-887
-900
-911
-919
-923
-926
-921
-909
-889
-860
-820
-773
-713
-644
-570
-487
-399
-311
-222
-131
-40
47
134
217
298
379
455
529
604
672
735
793
845
889
927
956
971
978
970
950
921
884
835
783
724
663
602
542
481
423
363
304
244
184
121
59
-6
-74
-138
-203
-269
-328
-389
-446
-495
-541
-582
-614
-642
-667
-683
-699
-711
-719
-727
-735
-737
-739
-737
-728
-713
-691
-657
-617
-571
-516
-455
-390
-319
-244
-171
-96
-19
56
131
206
277
346
413
477
540
597
653
703
748
789
822
849
867
874
874
862
841
813
775
732
685
634
579
524
469
412
355
298
240
182
123
62
1
-63
-126
-189
-251
-311
-368
-425
-476
-520
-564
-602
-632
-660
-682
-700
-718
-733
-744
-757
-764
-766
-766
-762
-747
-731
-707
-672
-633
-585
-527
-469
-404
-335
-263
-191
-118
-44
28
103
174
243
315
382
446
510
568
624
677
724
764
799
827
843
852
853
843
825
796
761
724
678
629
580
527
475
422
367
313
260
206
150
97
40
-18
-72
-125
-181
-232
-283
-330
-372
-413
-452
-483
-509
-537
-557
-575
-593
-606
-619
-633
-642
-647
-653
-651
-644
-635
-617
-593
-564
-527
-485
-441
-390
-334
-277
-215
-152
-87
-23
44
110
175
241
302
361
421
476
526
575
615
648
678
695
706
709
703
688
666
635
598
559
512
461
414
362
308
258
206
156
109
62
15
-27
-72
-115
-154
-193
-231
-264
-298
-330
-355
-378
-400
-418
-433
-448
-459
-470
-481
-490
-502
-513
-521
-528
-537
-541
-543
-541
-534
-520
-503
-478
-450
-414
-371
-325
-271
-213
-152
-91
-25
40
108
176
241
307
373
435
490
546
591
630
666
691
708
716
715
707
690
664
630
589
543
490
434
378
318
262
205
149
99
53
8
-32
-68
-101
-132
-158
-183
-205
-221
-236
-253
-264
-276
-287
-295
-304
-315
-323
-333
-347
-359
-373
-392
-406
-421
-439
-453
-465
-477
-484
-485
-484
-474
-456
-433
-402
-365
-321
-271
-216
-157
-94
-28
40
106
172
236
297
355
410
459
505
546
579
608
628
640
643
638
626
607
579
544
502
458
408
357
307
255
204
159
116
80
49
20
-3
-20
-37
-51
-63
-74
-87
-96
-107
-120
-128
-140
-152
-163
-174
-187
-199
-213
-230
-246
-266
-289
-311
-337
-365
-391
-418
-444
-464
-479
-489
-493
-486
-472
-448
-414
-377
-332
-279
-222
-164
-101
-38
25
90
152
210
268
318
362
404
441
468
494
510
517
521
516
502
485
460
425
389
350
306
266
227
185
151
122
93
74
62
48
41
39
34
33
34
30
25
20
10
-2
-12
-29
-47
-61
-81
-101
-121
-144
-170
-196
-226
-261
-295
-332
-370
-405
-439
-471
-494
-514
-526
-528
-524
-509
-481
-451
-414
-368
-320
-267
-209
-155
-98
-42
11
64
115
161
202
244
279
310
339
358
373
388
393
391
388
376
361
342
317
289
264
238
210
189
171
158
149
143
140
144
146
149
152
155
155
154
148
140
130
116
98
81
61
38
15
-10
-39
-65
-95
-126
-157
-192
-229
-264
-302
-335
-366
-393
-418
-433
-442
-445
-439
-426
-406
-380
-347
-312
-273
-231
-189
-147
-105
-63
-25
12
46
76
104
130
153
173
190
204
214
220
223
223
218
211
200
188
174
159
145
132
122
117
113
113
114
119
129
139
150
161
171
179
185
187
186
181
171
160
144
127
106
84
62
38
11
-17
-49
-81
-116
-151
-187
-221
-254
-286
-315
-340
-362
-374
-383
-388
-383
-372
-356
-334
-307
-279
-248
-213
-179
-143
-109
-75
-42
-11
21
48
74
97
118
138
154
169
181
191
198
203
205
205
206
204
200
199
195
191
191
195
198
206
214
222
236
248
258
269
278
286
291
291
289
282
270
253
235
215
189
160
129
96
61
24
-14
-52
-92
-130
-168
-206
-242
-273
-305
-333
-354
-372
-385
-392
-395
-394
-386
-374
-358
-334
-309
-282
-255
-225
-197
-168
-137
-111
-84
-56
-32
-11
11
31
46
62
75
89
100
110
116
124
129
134
142
147
153
159
165
171
179
185
193
203
209
218
226
233
240
244
247
247
243
236
224
209
189
165
137
107
72
37
-1
-41
-79
-118
-157
-191
-224
-255
-283
-308
-332
-352
-371
-385
-394
-401
-404
-403
-399
-391
-379
-366
-347
-328
-304
-279
-253
-224
-197
-168
-139
-114
-86
-58
-33
-10
16
39
63
87
109
131
156
179
202
225
246
267
286
308
326
341
356
371
380
394
402
411
419
424
427
427
426
420
412
397
377
352
322
287
247
204
157
109
61
14
-33
-76
-120
-159
-196
-230
-262
-290
-318
-343
-367
-387
-408
-425
-439
-454
-462
-470
-474
-474
-471
-466
-456
-443
-428
-409
-388
-366
-341
-315
-287
-259
-226
-192
-157
-118
-80
-38
4
49
93
138
182
223
263
301
332
364
391
415
436
454
467
478
486
493
496
497
496
491
485
476
461
448
428
404
378
348
313
277
240
199
161
119
77
39
-3
-44
-81
-119
-158
-192
-229
-266
-301
-335
-369
-400
-431
-461
-488
-510
-531
-548
-559
-567
-572
-573
-569
-562
-549
-532
-514
-489
-458
-426
-388
-344
-299
-251
-198
-144
-88
-29
27
85
143
193
244
293
334
375
411
443
472
499
519
539
558
570
580
586
589
589
587
578
566
553
533
511
486
459
430
398
364
329
294
255
216
176
134
93
50
6
-37
-82
-126
-170
-214
-256
-296
-336
-373
-407
-441
-468
-495
-520
-541
-559
-575
-587
-594
-598
-597
-591
-582
-566
-546
-520
-488
-452
-412
-367
-320
-271
-219
-167
-114
-61
-9
40
86
131
172
210
248
280
307
336
362
384
405
422
436
448
455
458
460
457
450
442
429
415
399
380
360
340
320
296
273
246
218
188
156
122
87
49
10
-30
-72
-114
-155
-195
-234
-270
-306
-339
-370
-398
-425
-446
-467
-486
-501
-517
-526
-534
-540
-540
-536
-528
-514
-494
-472
-442
-405
-370
-327
-282
-237
-189
-139
-91
-45
2
45
87
129
166
199
234
268
295
325
349
370
393
409
422
436
444
449
453
454
451
447
442
434
424
416
404
393
381
367
353
338
321
300
278
254
226
197
168
134
101
66
28
-10
-46
-83
-120
-155
-189
-222
-253
-281
-311
-336
-362
-382
-400
-418
-430
-438
-445
-444
-436
-428
-414
-392
-369
-343
-310
-277
-243
-204
-166
-130
-89
-51
-19
22
57
88
121
155
181
211
240
261
286
311
325
344
361
368
379
388
388
391
394
389
386
381
371
360
349
331
313
294
269
244
218
185
153
120
82
45
7
-35
-77
-114
-156
-196
-235
-275
-312
-348
-382
-415
-444
-470
-494
-513
-528
-540
-548
-552
-552
-547
-541
-531
-515
-498
-478
-452
-423
-393
-359
-323
-285
-242
-198
-153
-104
-56
-8
41
88
134
181
226
267
310
347
381
417
448
476
502
524
543
562
576
586
597
601
599
599
592
580
566
545
518
491
460
423
385
345
302
258
210
162
115
65
15
-36
-87
-137
-188
-237
-287
-333
-379
-424
-463
-499
-534
-562
-587
-610
-625
-636
-644
-647
-648
-644
-635
-621
-605
-585
-558
-533
-500
-464
-425
-381
-335
-286
-235
-180
-126
-69
-11
44
103
159
213
268
319
365
411
454
491
526
561
587
611
633
648
659
666
666
662
654
639
620
597
569
535
500
460
418
375
325
276
226
173
120
66
10
-45
-99
-153
-207
-260
-310
-359
-404
-446
-486
-522
-553
-582
-605
-625
-641
-652
-659
-660
-659
-651
-638
-622
-601
-575
-548
-513
-478
-441
-397
-350
-304
-254
-202
-148
-91
-33
24
84
140
198
254
308
360
410
458
500
541
578
608
635
658
672
685
693
694
692
685
671
654
635
609
580
548
510
468
424
375
324
274
216
159
102
42
-17
-76
-135
-192
-247
-301
-351
-397
-442
-483
-518
-551
-581
-605
-626
-644
-656
-665
-668
-666
-662
-652
-636
-618
-594
-566
-536
-501
-462
-421
-377
-329
-281
-232
-179
-126
-73
-19
34
88
143
196
248
299
348
393
438
479
515
552
580
602
622
636
645
649
648
642
633
619
599
578
555
524
493
460
421
381
339
293
245
198
146
97
47
-5
-56
-104
-154
-200
-244
-286
-325
-362
-396
-427
-454
-477
-498
-514
-527
-536
-539
-540
-538
-530
-518
-504
-485
-464
-440
-411
-381
-349
-312
-274
-235
-193
-149
-106
-62
-17
27
70
112
153
192
229
264
297
327
354
380
400
419
433
445
451
453
452
448
439
428
411
393
371
344
317
286
252
218
181
142
102
60
17
-24
-66
-108
-149
-189
-227
-262
-300
-334
-364
-394
-422
-446
-467
-485
-498
-509
-517
-519
-518
-514
-504
-491
-475
-452
-429
-401
-367
-333
-294
-254
-210
-164
-119
-72
-21
28
78
125
174
220
265
309
347
386
421
452
479
502
522
536
547
554
557
556
552
545
533
519
500
480
457
431
403
373
340
306
270
230
191
150
106
62
19
-27
-71
-115
-157
-197
-236
-273
-309
-345
-378
-407
-434
-458
-479
-495
-511
-523
-530
-534
-535
-529
-523
-510
-493
-472
-447
-421
-390
-355
-318
-279
-238
-194
-149
-105
-58
-10
37
84
132
178
222
262
302
339
372
403
431
454
474
489
501
508
514
513
507
500
488
474
454
433
407
379
347
313
276
237
197
156
114
70
28
-15
-58
-99
-140
-181
-218
-255
-290
-321
-351
-379
-404
-427
-444
-459
-472
-481
-488
-490
-488
-484
-477
-466
-449
-432
-410
-386
-358
-326
-291
-255
-215
-175
-130
-82
-35
13
63
114
164
213
262
307
352
394
432
469
502
531
556
576
594
606
614
618
616
611
600
584
565
541
512
478
440
400
354
305
255
201
146
93
35
-23
-79
-135
-189
-242
-293
-341
-386
-429
-468
-504
-537
-565
-589
-611
-627
-639
-650
-655
-656
-653
-647
-633
-618
-598
-575
-549
-518
-486
-451
-414
-373
-331
-287
-240
-192
-142
-93
-41
11
65
117
171
222
271
318
363
405
443
477
508
535
559
578
596
608
617
624
626
624
618
608
592
573
549
520
488
451
409
366
317
268
216
165
111
58
4
-48
-98
-147
-193
-235
-278
-316
-350
-382
-412
-437
-458
-478
-491
-502
-510
-511
-510
-503
-493
-481
-465
-445
-423
-401
-376
-350
-323
-291
-264
-232
-199
-166
-131
-97
-62
-25
11
48
84
120
153
188
219
246
274
301
322
344
362
376
390
401
409
414
419
420
416
412
402
390
374
353
330
304
274
242
207
171
132
93
53
13
-26
-66
-105
-144
-180
-217
-250
-281
-312
-339
-363
-386
-402
-416
-428
-431
-434
-431
-425
-414
-402
-387
-369
-348
-325
-300
-275
-249
-220
-191
-162
-130
-97
-66
-33
-1
32
65
96
125
156
183
209
235
258
280
303
321
338
355
370
383
394
403
409
415
417
418
416
412
403
392
379
361
342
320
296
269
240
212
178
147
113
80
48
13
-21
-53
-86
-118
-148
-176
-204
-230
-253
-276
-293
-307
-321
-329
-335
-339
-339
-335
-329
-323
-312
-301
-286
-270
-255
-236
-217
-197
-176
-155
-134
-113
-90
-71
-51
-29
-11
7
25
40
55
70
81
92
103
113
122
131
140
146
154
160
166
170
173
175
177
176
172
168
164
157
150
139
130
117
104
91
77
63
46
31
13
-4
-21
-39
-58
-74
-94
-112
-129
-147
-161
-175
-188
-199
-208
-214
-219
-219
-219
-218
-212
-208
-201
-189
-180
-169
-155
-142
-127
-111
-95
-78
-60
-44
-28
-10
6
20
38
51
63
77
87
98
107
115
122
128
133
137
141
145
147
150
154
156
157
156
156
156
155
151
147
142
137
131
125
117
109
100
88
79
71
58
48
37
23
10
-3
-18
-31
-43
-59
-72
-84
-98
-110
-120
-130
-139
-147
-153
-159
-163
-165
-167
-167
-164
-163
-159
-155
-148
-139
-130
-119
-107
-95
-84
-70
-56
-43
-29
-15
-1
13
25
37
50
62
74
86
97
107
116
124
132
139
146
154
158
161
165
167
167
168
166
165
164
160
156
152
148
143
140
133
127
121
113
104
93
84
71
57
44
29
13
-3
-19
-35
-51
-66
-81
-95
-109
-123
-137
-148
-159
-170
-179
-188
-196
-202
-207
-210
-211
-210
-210
-205
-200
-195
-186
-177
-168
-157
-146
-136
-125
-110
-99
-85
-68
-53
-36
-20
-4
12
30
46
61
75
89
102
115
127
137
147
157
164
172
179
186
192
196
200
202
204
206
206
204
202
199
195
188
181
172
160
147
135
122
107
91
75
58
41
23
6
-13
-32
-49
-64
-82
-98
-114
-127
-141
-153
-166
-178
-187
-196
-205
-213
-217
-222
-225
-223
-223
-220
-216
-211
-206
-198
-189
-181
-170
-158
-147
-136
-123
-111
-98
-83
-71
-57
-42
-29
-13
2
15
30
45
60
74
86
100
111
126
136
147
157
167
176
183
190
194
199
201
202
201
200
194
189
181
170
160
146
132
120
103
88
72
56
39
24
8
-9
-23
-39
-55
-69
-85
-102
-116
-129
-142
-153
-162
-173
-180
-186
-193
-197
-199
-201
-200
-198
-197
-191
-184
-177
-169
-157
-147
-135
-123
-110
-98
-83
-72
-59
-44
-30
-14
4
20
37
55
72
87
105
120
135
151
165
179
192
203
214
224
234
241
248
254
257
258
257
257
254
249
242
234
223
209
195
180
164
145
126
107
86
65
44
23
2
-18
-40
-59
-79
-98
-117
-133
-150
-165
-180
-193
-205
-215
-223
-231
-236
-240
-245
-247
-247
-247
-246
-244
-240
-234
-229
-222
-214
-203
-195
-184
-171
-160
-146
-131
-117
-101
-84
-68
-49
-30
-11
10
29
51
68
88
107
124
141
155
167
180
191
201
209
216
221
225
229
229
230
227
224
218
212
203
192
181
169
155
140
127
110
94
77
62
46
29
13
-3
-18
-33
-49
-61
-73
-86
-95
-106
-115
-124
-133
-139
-146
-150
-155
-157
-158
-158
-159
-158
-156
-151
-145
-139
-132
-125
-117
-107
-99
-88
-76
-64
-49
-36
-22
-7
8
23
37
50
64
77
90
101
113
123
132
143
150
157
163
169
170
174
175
174
172
169
163
157
151
142
133
122
110
97
85
69
55
41
25
9
-7
-23
-38
-55
-71
-85
-101
-116
-130
-143
-158
-170
-181
-191
-199
-206
-212
-218
-221
-222
-225
-225
-222
-220
-217
-212
-205
-196
-189
-181
-168
-156
-143
-128
-116
-100
-83
-67
-50
-34
-18
1
19
34
52
68
83
101
116
132
146
161
172
185
196
204
212
219
223
229
232
231
232
228
225
220
214
204
193
182
169
157
143
128
111
95
77
58
40
22
3
-14
-33
-51
-67
-84
-100
-114
-128
-141
-152
-162
-173
-181
-189
-196
-200
-202
-206
-205
-204
-202
-196
-190
-183
-173
-164
-153
-141
-129
-115
-102
-87
-72
-55
-41
-24
-7
11
28
45
62
79
96
113
130
144
158
173
185
194
203
210
217
223
224
226
224
223
220
215
209
201
192
181
170
158
142
127
110
92
74
53
34
15
-6
-26
-46
-66
-85
-102
-118
-136
-149
-163
-176
-187
-197
-205
-212
-217
-221
-222
-222
-220
-216
-209
-203
-194
-185
-174
-161
-148
-135
-119
-104
-89
-73
-56
-37
-19
0
19
37
57
73
91
108
125
140
156
170
184
195
205
213
221
228
232
237
240
241
242
241
237
233
222
211
198
183
165
148
129
106
88
67
45
23
1
-19
-43
-64
-88
-112
-130
-152
-171
-186
-202
-216
-227
-239
-249
-256
-264
-270
-275
-279
-279
-278
-276
-272
-264
-257
-246
-234
-220
-206
-192
-174
-157
-139
-120
-100
-82
-62
-41
-22
-3
14
32
50
68
86
101
117
132
147
162
176
189
201
212
222
228
234
236
240
242
242
241
238
233
225
216
205
192
178
161
146
129
110
90
72
51
30
9
-12
-32
-52
-72
-89
-105
-120
-134
-146
-159
-170
-177
-184
-190
-194
-199
-200
-197
-194
-189
-183
-175
-167
-156
-145
-132
-121
-109
-96
-83
-71
-59
-45
-32
-19
-6
6
19
32
46
59
71
80
91
101
109
118
125
131
137
141
145
148
151
151
154
153
152
153
151
148
144
139
131
125
117
105
94
82
68
55
41
27
12
-2
-17
-32
-46
-61
-74
-87
-99
-110
-120
-129
-136
-143
-147
-152
-157
-159
-161
-160
-157
-154
-151
-145
-141
-133
-125
-118
-109
-99
-87
-77
-64
-49
-35
-19
-4
14
30
47
62
74
85
93
101
107
111
117
120
123
127
130
134
138
141
143
147
151
154
154
156
156
156
152
148
144
137
129
119
109
97
85
73
62
51
40
28
16
5
-6
-17
-28
-39
-48
-59
-68
-77
-88
-98
-108
-118
-127
-137
-146
-153
-159
-162
-165
-165
-165
-162
-156
-149
-139
-130
-120
-108
-99
-89
-78
-68
-61
-51
-44
-37
-32
-26
-21
-15
-10
-3
4
9
18
24
31
36
40
45
46
48
50
50
49
48
48
47
47
48
46
46
48
49
49
51
51
50
49
49
46
45
43
42
41
37
32
29
27
22
18
15
11
8
3
-2
-7
-11
-15
-17
-20
-23
-25
-25
-25
-25
-25
-22
-23
-24
-24
-24
-25
-26
-29
-30
-33
-34
-33
-32
-30
-28
-26
-23
-20
-17
-14
-12
-8
-7
-5
-3
-3
-1
0
1
4
5
8
12
15
18
24
26
29
31
32
29
28
25
22
20
17
15
13
11
9
7
5
5
5
5
6
6
7
7
8
8
6
5
4
2
-1
-1
-4
-6
-9
-14
-18
-22
-26
-30
-32
-33
-35
-36
-37
-37
-36
-37
-37
-37
-38
-38
-39
-40
-39
-39
-38
-36
-34
-32
-30
-27
-21
-14
-9
-2
3
9
16
22
26
30
34
36
40
44
46
49
53
57
60
63
67
71
75
78
82
85
86
85
85
83
82
79
77
76
73
69
66
61
56
49
40
32
23
14
6
-2
-8
-13
-19
-23
-27
-30
-34
-36
-36
-38
-38
-38
-39
-40
-41
-43
-44
-47
-49
-51
-53
-52
-54
-54
-53
-52
-51
-50
-48
-46
-45
-45
-46
-45
-41
-39
-35
-30
-26
-19
-12
-5
4
11
19
27
35
40
46
51
56
59
62
62
65
63
61
60
58
57
56
54
51
48
43
39
32
26
18
11
2
-9
-18
-27
-36
-45
-55
-61
-70
-78
-84
-89
-94
-98
-102
-104
-104
-106
-105
-107
-106
-104
-103
-100
-98
-96
-92
-88
-81
-76
-70
-63
-55
-47
-38
-29
-19
-10
0
11
23
33
43
54
62
72
80
89
96
103
108
113
118
121
126
130
132
136
138
139
139
140
138
136
132
126
120
114
104
95
85
73
61
47
32
18
3
-12
-24
-38
-49
-61
-72
-80
-91
-99
-108
-115
-121
-127
-132
-135
-140
-143
-145
-148
-147
-148
-147
-145
-142
-139
-132
-126
-118
-110
-101
-90
-79
-67
-55
-43
-30
-18
-6
6
18
29
40
50
61
71
80
91
100
108
118
126
132
138
143
148
149
152
152
154
152
148
145
143
136
130
121
112
103
92
79
68
56
42
30
17
5
-8
-21
-31
-44
-54
-65
-76
-86
-95
-106
-112
-120
-126
-130
-135
-138
-140
-141
-139
-137
-134
-130
-125
-120
-112
-106
-96
-88
-79
-69
-60
-49
-40
-29
-21
-10
2
11
23
33
43
53
62
71
79
89
96
103
110
117
122
126
132
135
136
139
138
139
137
135
133
129
124
117
110
100
91
82
71
61
50
38
28
16
5
-7
-17
-29
-40
-51
-62
-72
-82
-92
-101
-108
-117
-123
-132
-136
-140
-143
-144
-145
-146
-143
-140
-135
-130
-124
-117
-109
-100
-90
-81
-71
-60
-49
-38
-27
-16
-4
8
18
29
41
51
60
70
79
85
94
102
107
113
119
123
125
128
129
129
127
123
120
114
108
102
96
88
80
70
62
51
39
29
19
7
-3
-14
-26
-35
-46
-56
-65
-76
-87
-96
-105
-113
-120
-125
-132
-136
-140
-142
-144
-144
-143
-141
-137
-134
-130
-125
-120
-113
-106
-97
-87
-78
-68
-58
-47
-35
-23
-10
4
18
31
44
57
69
84
94
105
116
126
135
142
148
153
157
160
161
163
162
161
157
154
149
142
136
128
119
110
102
92
81
69
56
43
30
15
3
-12
-26
-40
-55
-68
-82
-95
-106
-118
-129
-138
-145
-152
-157
-161
-166
-168
-170
-171
-171
-169
-166
-162
-156
-150
-142
-135
-126
-115
-103
-91
-77
-64
-48
-34
-17
0
16
32
48
65
81
97
111
125
137
151
162
171
180
187
193
197
200
202
201
199
196
190
186
180
172
162
150
138
125
110
95
79
63
45
27
9
-10
-28
-46
-63
-79
-97
-113
-128
-142
-154
-167
-179
-188
-197
-203
-209
-213
-217
-218
-218
-217
-214
-209
-203
-194
-183
-171
-156
-140
-125
-107
-90
-73
-54
-36
-16
4
23
43
60
79
96
113
130
146
162
177
191
204
215
225
234
239
242
247
248
248
247
242
237
230
221
212
202
189
176
163
146
130
113
94
75
55
34
12
-9
-32
-54
-75
-96
-116
-133
-153
-171
-187
-201
-215
-227
-238
-248
-254
-260
-262
-264
-264
-261
-257
-253
-246
-238
-230
-220
-209
-195
-181
-167
-150
-133
-114
-94
-73
-51
-31
-9
12
32
52
71
90
109
124
142
156
168
179
189
198
207
214
217
220
222
221
220
216
211
206
198
190
180
169
156
142
126
109
91
72
53
36
17
-2
-19
-37
-53
-70
-85
-99
-112
-125
-136
-147
-156
-164
-172
-178
-182
-185
-188
-190
-189
-188
-185
-181
-175
-167
-158
-148
-137
-125
-111
-96
-82
-68
-51
-35
-19
-2
14
30
46
61
76
91
106
119
130
143
152
160
168
175
180
184
186
187
187
184
181
178
173
166
158
149
140
132
121
108
96
84
68
54
38
24
9
-5
-21
-36
-49
-63
-75
-86
-100
-111
-123
-132
-142
-150
-157
-164
-170
-175
-178
-179
-180
-180
-179
-175
-170
-164
-158
-151
-141
-132
-121
-110
-98
-84
-70
-57
-44
-29
-14
1
17
31
46
61
73
85
96
108
117
126
134
142
148
154
160
162
165
166
167
166
164
162
158
154
149
143
135
127
118
109
98
85
72
59
47
34
18
5
-9
-21
-33
-45
-57
-68
-77
-86
-95
-102
-110
-117
-121
-128
-132
-136
-140
-140
-139
-140
-138
-133
-130
-126
-121
-115
-106
-98
-89
-79
-67
-57
-44
-33
-22
-11
1
13
25
34
45
55
65
74
83
91
99
107
113
119
125
130
134
134
135
135
136
134
130
126
120
113
104
97
88
76
64
53
41
30
17
5
-8
-18
-29
-40
-50
-61
-71
-80
-90
-99
-104
-111
-117
-123
-126
-130
-131
-132
-132
-130
-128
-126
-123
-119
-113
-109
-104
-98
-92
-87
-81
-75
-67
-60
-51
-41
-32
-24
-15
-6
3
12
20
28
38
45
52
59
66
73
79
83
88
91
94
96
97
99
98
97
97
94
93
89
85
82
76
70
65
60
54
47
40
33
26
19
13
6
-3
-9
-17
-24
-30
-37
-42
-48
-52
-56
-60
-63
-66
-67
-69
-70
-70
-70
-69
-68
-66
-63
-61
-56
-52
-48
-44
-39
-35
-29
-23
-16
-9
-4
2
9
14
21
27
34
39
42
46
48
52
55
58
60
62
63
63
65
62
62
61
59
58
56
52
47
44
39
36
32
28
23
18
11
4
-1
-7
-14
-18
-23
-30
-35
-40
-45
-49
-54
-57
-59
-63
-64
-66
-67
-68
-68
-67
-66
-64
-62
-59
-55
-52
-48
-45
-41
-38
-35
-29
-24
-20
-13
-7
-3
3
9
15
20
25
30
33
38
41
44
47
50
52
55
56
57
58
59
60
59
59
59
60
59
59
59
58
58
58
54
52
51
47
43
40
36
34
31
27
24
20
16
11
8
4
1
-3
-6
-9
-13
-15
-18
-21
-21
-23
-24
-26
-27
-27
-28
-29
-30
-29
-30
-31
-32
-33
-33
-32
-32
-32
-31
-31
-31
-30
-29
-28
-27
-25
-24
-22
-23
-22
-22
-21
-21
-18
-18
-17
-17
-17
-17
-16
-15
-15
-15
-12
-12
-12
-13
-13
-13
-12
-13
-14
-15
-16
-17
-18
-18
-20
-20
-21
-22
-22
-20
-21
-19
-18
-18
-17
-16
-13
-11
-10
-8
-5
-3
-1
1
4
7
9
12
14
16
18
18
18
19
20
20
22
23
23
26
26
28
28
28
28
30
30
30
29
29
30
29
29
28
27
26
26
26
24
22
22
19
17
15
13
10
10
7
5
5
3
2
1
-1
-3
-4
-6
-7
-10
-10
-11
-13
-14
-16
-16
-16
-17
-16
-15
-16
-15
-15
-14
-12
-12
-11
-10
-10
-9
-10
-8
-9
-8
-8
-7
-7
-7
-7
-6
-7
-7
-6
-6
-6
-7
-7
-6
-5
-5
-4
-4
-4
-3
-2
-1
0
0
-1
0
0
1
2
2
3
3
3
3
4
5
4
3
3
4
4
4
3
3
4
3
3
2
2
2
2
3
2
4
5
4
5
6
7
8
10
11
12
15
15
17
17
18
17
18
19
20
21
21
20
20
20
21
20
22
20
21
20
18
16
17
15
14
14
13
13
12
12
11
10
9
8
6
3
2
1
-2
-1
-3
-5
-6
-8
-9
-9
-10
-9
-10
-10
-11
-12
-13
-12
-13
-14
-13
-14
-15
-15
-15
-16
-16
-17
-17
-18
-17
-18
-17
-18
-17
-16
-16
-15
-15
-16
-16
-15
-15
-15
-15
-16
-17
-20
-21
-20
-20
-21
-20
-18
-18
-19
-18
-19
-19
-18
-18
-17
-16
-17
-16
-17
-17
-16
-16
-16
-14
-15
-15
-15
-14
-13
-12
-12
-11
-9
-8
-6
-3
-1
1
3
6
6
9
9
12
13
15
17
17
20
18
18
19
19
20
20
21
22
23
24
24
24
24
26
26
26
26
26
25
24
24
22
22
20
20
18
19
19
18
16
14
13
11
9
7
5
5
1
0
-1
-2
-3
-5
-6
-7
-8
-11
-11
-13
-14
-15
-16
-17
-18
-18
-19
-20
-20
-22
-22
-22
-21
-21
-20
-21
-20
-19
-19
-18
-15
-14
-14
-12
-10
-7
-6
-4
-4
-2
-2
1
1
4
5
6
8
8
11
12
13
15
16
17
19
19
20
20
19
19
18
19
18
17
15
15
15
15
14
14
13
12
10
9
7
6
7
6
7
6
6
5
4
2
2
1
-1
-2
-1
-3
-4
-4
-4
-5
-5
-5
-6
-6
-7
-5
-7
-5
-6
-6
-6
-5
-4
-3
-2
-1
-1
1
2
3
3
4
5
4
3
3
4
5
4
5
5
7
7
6
7
6
6
6
5
5
5
3
2
3
1
0
-1
-2
-2
-2
-2
-2
-3
-4
-3
-5
-6
-6
-8
-9
-10
-12
-13
-13
-14
-16
-17
-17
-18
-17
-18
-19
-18
-17
-18
-18
-18
-17
-16
-16
-15
-15
-13
-10
-8
-6
-4
-3
-2
1
2
4
7
8
9
12
14
15
18
18
18
18
18
18
18
19
17
17
17
17
18
16
15
14
13
13
11
10
8
8
7
4
4
4
3
1
1
0
0
-1
-3
-5
-7
-7
-7
-10
-12
-13
-15
-17
-20
-20
-22
-23
-24
-24
-25
-25
-23
-24
-24
-23
-24
-24
-23
-23
-21
-18
-17
-16
-15
-17
-14
-13
-12
-10
-9
-8
-5
-3
-1
1
2
3
5
6
7
8
10
12
12
12
12
13
12
11
12
11
13
13
12
11
9
10
10
11
11
11
10
9
8
7
5
5
5
3
2
2
-1
-1
-2
-4
-5
-5
-5
-6
-7
-7
-5
-6
-4
-5
-6
-5
-4
-5
-3
-2
-1
1
2
4
4
6
8
9
10
11
12
13
16
16
18
19
20
20
21
22
22
24
24
25
25
25
27
27
26
26
25
25
23
22
22
21
20
20
18
16
14
11
11
10
8
6
5
4
1
0
-2
-3
-5
-7
-9
-10
-10
-12
-14
-15
-16
-18
-19
-20
-20
-22
-23
-22
-24
-25
-25
-24
-24
-24
-24
-23
-23
-22
-21
-21
-19
-18
-18
-17
-16
-15
-12
-11
-10
-8
-6
-5
-4
-3
1
1
2
3
2
5
5
4
5
6
4
4
4
4
3
3
3
2
2
2
1
1
0
-1
1
0
-1
-2
-2
-2
-2
-4
-5
-6
-8
-8
-8
-10
-10
-10
-11
-11
-11
-11
-11
-10
-9
-9
-6
-4
-3
-2
0
3
2
4
6
6
7
9
10
10
11
11
12
13
14
13
16
16
17
16
16
16
16
17
16
16
17
16
16
