-12
-16
-22
-23
-23
-23
-13
-8
-7
-8
-12
-17
-12
-5
1
7
5
0
-9
-14
-12
-9
-6
-4
-8
-14
-12
-17
-15
-11
-12
-11
-8
-6
-12
-10
-11
-14
-14
-15
-11
-11
-12
-6
-3
4
6
3
4
7
6
2
5
9
7
10
13
17
20
16
15
14
7
11
11
8
11
10
10
12
7
10
7
7
10
12
10
6
5
2
5
6
10
9
9
13
10
7
4
13
18
21
18
11
13
12
13
17
16
16
22
15
12
9
8
13
13
10
8
6
-6
-13
-8
-13
-9
-11
-14
-10
-12
-11
-14
-17
-15
-13
-8
-4
-5
-8
-11
-15
-21
-19
-18
-17
-13
-10
-16
-18
-19
-24
-23
-25
-26
-27
-21
-18
-17
-14
-14
-18
-16
-9
-7
2
3
-2
2
0
-2
2
0
2
11
7
10
6
6
12
15
18
16
9
3
0
2
7
14
18
22
22
16
15
16
13
16
18
21
20
16
9
2
-1
3
7
4
7
6
4
4
3
2
8
4
1
-2
-11
-11
-16
-19
-18
-15
-9
-4
-4
1
6
6
-2
-5
-11
-11
-7
-11
-13
-11
-10
-10
-8
-5
-4
-3
-1
7
9
7
7
4
8
10
7
6
5
-1
-2
-3
-4
-2
4
7
10
14
8
2
-4
-8
-10
-7
0
9
13
16
20
17
7
5
8
8
12
8
7
13
10
9
1
-3
-1
-5
-6
-2
-3
-7
-14
-14
-12
-13
-12
-12
-11
-10
-12
-14
-12
-12
-8
-6
-7
-7
-9
-8
-1
0
7
4
-1
-2
-11
-9
-9
-7
-2
-6
-8
-2
-3
-3
0
-1
3
4
-3
-16
-26
-28
-18
-10
-2
6
5
4
-1
-10
-6
0
-2
5
5
4
6
1
5
11
15
21
12
4
6
4
4
-4
-8
-4
-5
-1
1
2
12
17
17
22
19
20
24
18
16
13
7
4
-1
-6
4
8
15
20
14
12
11
8
6
8
13
14
10
0
-9
-12
-10
-4
2
3
2
-3
-7
-10
-13
-6
-9
-9
-4
-9
-14
-14
-15
-13
-6
-5
-2
-7
-9
-12
-10
-6
-4
0
-1
-2
-2
-7
-4
-3
-3
2
-2
-3
-7
-19
-24
-20
-11
-5
1
-2
-5
-4
-9
2
3
2
1
-6
-12
-13
-13
-7
4
11
10
3
1
-4
-4
-3
0
0
-1
-4
-2
-3
-2
2
1
6
3
-1
0
-2
3
14
16
15
15
8
8
10
14
15
13
15
12
4
-4
-3
-3
-5
-2
4
8
11
10
12
10
1
0
-1
5
13
16
17
14
11
6
9
8
2
0
-6
-11
-8
-5
2
6
1
-4
-8
-10
-2
-2
11
10
3
1
-14
-9
-6
-11
-11
-16
-19
-10
-10
-3
-8
-16
-15
-25
-18
-18
-12
0
3
9
11
6
9
5
7
8
0
5
-6
-8
0
-3
5
3
-1
6
7
10
10
3
9
3
-1
0
-6
2
3
9
13
6
8
5
1
12
10
10
12
-5
-2
-9
-9
0
-12
-2
-6
-7
1
-13
-6
-9
-12
4
-6
-1
-4
-9
2
-4
1
7
4
11
1
-2
-2
-6
11
11
15
17
5
7
-1
6
17
7
9
-5
-11
-2
-12
-1
0
-6
4
-7
-9
-11
-16
-5
-5
4
7
2
5
-8
-7
-1
-3
7
2
-1
-4
-16
-9
-12
-8
2
-3
5
-4
-7
-8
-13
0
-10
-7
-7
-16
-12
-20
-17
-22
-19
-9
-16
-7
-13
-15
-1
-11
1
0
-5
6
-13
-1
-2
-7
13
-3
9
15
0
19
6
12
28
14
29
11
6
14
-2
11
8
9
20
13
18
12
10
21
15
24
21
17
19
11
16
10
11
12
4
13
8
13
13
-1
7
8
14
17
7
11
7
14
17
8
14
8
9
9
4
6
-6
-8
-6
-11
-3
-7
-3
-2
-11
1
-3
-2
0
-14
-11
-19
-21
-16
-22
-8
-8
-8
-4
-22
-24
-28
-36
-24
-25
-17
-10
-13
-12
-16
-19
-15
-13
-7
-2
-2
-5
-4
-5
-6
-2
3
10
9
10
8
4
5
1
-10
-10
-15
-18
-12
-11
-6
-2
7
4
-2
-9
-12
-18
-20
-16
-13
-9
-14
-18
-21
-21
-18
-16
-12
-6
-4
-6
-11
-19
-21
-18
-14
-13
-9
-4
-1
1
6
11
11
15
14
8
10
4
4
11
13
28
32
33
30
25
27
28
38
42
35
34
17
14
17
7
27
34
41
54
40
43
42
31
42
34
36
38
21
25
9
11
20
9
29
24
20
28
10
22
13
9
23
5
17
6
-2
19
5
13
10
-8
-4
-13
-11
-3
-6
4
-7
-11
-14
-30
-25
-36
-33
-24
-35
-40
-50
-56
-53
-56
-54
-50
-57
-54
-51
-56
-46
-49
-59
-60
-74
-69
-67
-77
-69
-70
-69
-59
-62
-50
-45
-42
-32
-36
-34
-30
-35
-25
-22
-18
-7
-14
-7
0
3
13
9
9
12
7
15
19
24
35
39
47
51
52
52
46
49
52
60
61
56
55
53
60
65
71
82
79
80
84
76
80
77
77
86
85
85
78
75
77
73
83
82
81
86
74
67
59
50
44
31
24
21
17
8
-1
-10
-27
-30
-40
-49
-49
-67
-74
-82
-93
-87
-94
-99
-104
-117
-114
-127
-132
-134
-138
-126
-135
-132
-127
-134
-129
-132
-135
-130
-131
-125
-124
-117
-109
-107
-96
-94
-77
-71
-66
-50
-47
-39
-26
-25
-14
-7
-6
19
41
67
99
120
143
154
162
176
185
199
209
210
214
210
206
217
228
243
259
260
260
255
248
245
241
237
229
215
201
185
173
163
149
140
128
102
80
49
29
16
-2
-6
-34
-71
-99
-132
-153
-175
-195
-210
-238
-269
-300
-331
-354
-383
-397
-419
-436
-443
-458
-456
-453
-448
-440
-446
-450
-454
-450
-438
-429
-409
-391
-368
-335
-307
-260
-212
-171
-115
-68
-14
36
81
127
173
218
263
295
336
371
415
461
504
546
585
630
655
680
697
696
693
679
655
635
607
592
575
547
540
523
504
489
460
443
409
362
318
254
196
136
76
20
-44
-100
-156
-205
-250
-290
-321
-360
-413
-459
-517
-571
-624
-676
-709
-761
-793
-823
-852
-849
-851
-834
-813
-800
-774
-762
-758
-743
-727
-711
-691
-675
-650
-616
-578
-518
-446
-358
-267
-185
-96
-9
78
171
266
356
433
488
542
581
634
719
783
873
932
958
997
989
1016
1046
1047
1079
1046
1001
953
868
827
784
756
749
703
657
589
520
491
451
422
392
328
257
168
88
24
-34
-73
-125
-185
-261
-337
-400
-458
-489
-519
-566
-627
-708
-780
-853
-907
-932
-953
-962
-980
-1000
-1001
-1005
-975
-931
-898
-855
-827
-801
-782
-762
-716
-681
-649
-612
-594
-563
-523
-468
-399
-334
-261
-195
-132
-66
5
92
181
265
343
396
456
509
572
657
735
824
891
944
989
1010
1043
1074
1100
1119
1123
1106
1070
1021
969
919
882
836
785
731
659
599
532
480
442
394
360
309
236
176
116
71
29
-22
-63
-128
-194
-254
-318
-368
-424
-489
-551
-619
-690
-759
-818
-861
-895
-924
-957
-982
-1010
-1019
-1010
-993
-961
-937
-915
-896
-882
-854
-824
-781
-733
-685
-640
-608
-563
-519
-467
-403
-344
-275
-219
-156
-96
-30
40
115
191
264
335
394
470
547
625
712
791
878
950
1003
1058
1098
1137
1163
1179
1180
1171
1137
1104
1073
1031
1010
973
942
901
841
790
726
670
612
553
496
429
354
272
192
115
48
-10
-65
-121
-183
-247
-316
-387
-463
-531
-604
-679
-760
-843
-914
-986
-1042
-1096
-1142
-1177
-1198
-1212
-1214
-1203
-1184
-1167
-1146
-1124
-1096
-1058
-1025
-967
-918
-860
-807
-760
-690
-637
-563
-486
-422
-343
-288
-209
-136
-68
11
86
175
252
343
427
502
575
643
714
774
846
919
985
1045
1095
1128
1160
1195
1216
1252
1269
1271
1264
1236
1204
1153
1115
1069
1025
971
906
843
773
717
665
618
578
520
455
373
283
198
121
47
-29
-106
-193
-287
-389
-469
-539
-603
-663
-737
-806
-882
-944
-997
-1048
-1087
-1135
-1181
-1218
-1250
-1269
-1269
-1258
-1247
-1236
-1215
-1190
-1158
-1100
-1046
-989
-929
-870
-815
-756
-683
-603
-522
-446
-362
-303
-227
-156
-84
6
80
167
240
322
400
454
529
594
654
722
788
860
914
969
1033
1085
1140
1185
1223
1261
1290
1313
1321
1322
1312
1281
1247
1209
1152
1095
1037
976
921
871
819
773
712
647
565
468
385
300
220
124
36
-71
-192
-304
-423
-521
-599
-660
-710
-763
-828
-896
-953
-1008
-1063
-1105
-1153
-1206
-1262
-1329
-1382
-1416
-1424
-1436
-1435
-1410
-1377
-1339
-1288
-1219
-1144
-1073
-991
-909
-824
-733
-655
-574
-499
-425
-356
-279
-189
-104
-16
64
147
235
298
384
445
504
570
617
670
706
752
804
845
882
922
975
1034
1089
1143
1202
1237
1263
1280
1283
1286
1288
1283
1268
1238
1195
1153
1101
1056
1021
980
929
867
803
739
657
584
506
408
318
213
108
3
-116
-215
-309
-398
-481
-545
-613
-699
-771
-844
-918
-982
-1040
-1093
-1159
-1243
-1305
-1360
-1399
-1426
-1444
-1443
-1432
-1404
-1394
-1366
-1311
-1254
-1162
-1082
-1003
-932
-852
-760
-673
-572
-483
-407
-327
-245
-180
-114
-50
12
79
147
201
235
276
324
384
437
488
537
580
645
706
760
831
878
921
976
1008
1051
1104
1148
1181
1216
1240
1232
1223
1216
1207
1197
1185
1158
1113
1057
984
928
865
794
723
649
561
462
370
282
189
100
18
-69
-144
-225
-309
-380
-458
-542
-618
-694
-779
-868
-941
-1007
-1081
-1156
-1218
-1273
-1313
-1341
-1370
-1383
-1388
-1370
-1329
-1295
-1243
-1183
-1118
-1045
-978
-886
-805
-728
-632
-537
-454
-384
-316
-253
-199
-125
-70
-17
49
93
137
179
237
291
359
424
495
555
609
656
690
739
778
830
864
907
949
973
1013
1045
1094
1122
1142
1165
1175
1170
1157
1144
1120
1084
1025
958
878
810
736
658
585
516
406
360
223
172
29
46
213
-194
-264
-280
-287
-580
-687
-581
-609
-617
-709
-742
-865
-774
-908
-840
-922
-941
-930
-965
-1079
-1087
-1023
-1124
-1036
-1023
-945
-990
-926
-840
-844
-699
-716
-583
-515
-489
-415
-372
-268
-329
-191
-203
-145
-79
-84
24
47
110
136
206
238
266
352
360
370
435
478
523
541
586
581
597
671
702
790
766
816
842
871
885
857
925
897
926
855
816
760
726
717
672
692
647
611
518
458
401
338
297
258
205
103
29
-62
-135
-208
-269
-319
-372
-429
-482
-466
-509
-537
-581
-562
-638
-634
-619
-655
-635
-657
-624
-669
-687
-715
-703
-682
-718
-737
-688
-768
-761
-703
-730
-649
-665
-594
-601
-555
-481
-449
-310
-336
-222
-177
-129
-117
-32
38
50
103
67
183
208
199
279
308
339
384
417
445
491
555
576
681
686
584
782
800
796
812
817
906
822
815
753
780
748
683
723
685
623
573
552
517
497
460
449
440
359
292
243
167
69
-6
-21
-120
-217
-285
-337
-354
-462
-463
-470
-544
-533
-536
-594
-590
-639
-645
-608
-681
-671
-702
-680
-669
-715
-697
-713
-745
-592
-700
-795
-623
-756
-776
-627
-535
-631
-566
-502
-518
-396
-433
-309
-189
-159
33
-137
-116
79
67
163
232
312
300
265
322
430
454
508
499
715
618
581
642
679
765
767
815
712
825
715
722
761
702
720
622
686
555
523
513
423
488
425
435
345
307
282
212
293
221
190
161
45
58
-25
-125
-186
-203
-224
-289
-345
-410
-428
-477
-461
-476
-520
-506
-512
-508
-536
-563
-512
-571
-591
-503
-490
-646
-631
-393
-627
-530
-371
-690
-370
-433
-540
-401
-385
-436
-568
-173
-364
-327
-223
-102
-271
-178
44
-150
50
-179
299
89
189
97
10
361
307
398
133
627
370
330
526
484
515
498
571
523
729
367
339
609
552
416
333
565
409
342
413
377
394
227
360
441
375
361
230
285
254
135
176
202
228
108
113
106
9
-62
-110
-3
-52
-140
-196
-218
-252
-329
-340
-353
-303
-409
-390
-367
-474
-461
-430
-368
-380
-414
-494
-427
-463
-407
-461
-366
-347
-552
-378
-388
-352
-466
-371
-378
-455
-101
-424
-419
-286
-246
-197
-396
-298
-260
-88
-243
-130
-22
-177
-45
-32
159
55
99
150
272
414
116
367
451
246
317
509
542
355
400
494
484
537
410
461
583
614
587
500
634
575
536
691
845
718
519
615
708
701
542
533
604
593
495
322
291
201
147
191
186
45
-150
-158
-81
-147
-233
-273
-310
-318
-390
-443
-448
-518
-571
-558
-547
-564
-703
-748
-617
-663
-700
-700
-633
-737
-642
-561
-857
-634
-547
-795
-721
-590
-708
-738
-674
-850
-663
-431
-728
-703
-397
-395
-496
-444
-334
-222
-22
-52
-117
-31
-11
22
125
336
470
464
242
494
555
446
681
762
869
690
837
731
643
880
885
1149
1113
968
843
862
1056
1018
1164
1077
1017
1085
995
849
707
780
784
780
601
389
297
301
281
156
160
-1
-189
-225
-268
-336
-480
-567
-526
-573
-760
-827
-818
-803
-898
-883
-910
-968
-970
-1024
-915
-928
-1105
-1131
-906
-877
-924
-1080
-1020
-864
-838
-928
-855
-773
-836
-654
-628
-640
-700
-469
-412
-335
-318
-433
-181
-122
-47
47
71
129
236
382
396
374
517
675
715
722
810
814
865
941
1026
1211
1184
1180
1194
1235
1317
1333
1377
1393
1411
1448
1481
1264
1126
1157
1194
1224
1031
846
807
769
583
393
359
345
215
81
-16
-209
-396
-432
-445
-569
-725
-910
-986
-988
-1091
-1188
-1277
-1244
-1286
-1438
-1521
-1420
-1410
-1530
-1365
-1346
-1343
-1444
-1406
-1288
-1321
-1240
-1320
-1030
-984
-1144
-1045
-1036
-893
-875
-777
-508
-602
-678
-588
-440
-250
-382
-96
108
149
97
64
356
579
805
753
902
1110
1066
1061
1230
1443
1575
1647
1568
1595
1609
1548
1657
1848
1902
1759
1610
1552
1554
1585
1502
1443
1475
1357
1244
1024
933
979
950
893
689
464
348
245
184
121
-40
-187
-327
-451
-523
-652
-828
-921
-990
-1091
-1238
-1327
-1374
-1501
-1583
-1561
-1550
-1708
-1828
-1677
-1636
-1651
-1796
-1830
-1515
-1530
-1639
-1649
-1492
-1336
-1425
-1298
-1168
-1067
-1183
-1149
-791
-733
-799
-714
-468
-311
-246
-353
-129
283
339
354
534
778
802
860
1134
1464
1522
1342
1458
1658
1741
1757
1902
2040
1949
1754
1714
1800
1818
1758
1649
1713
1612
1275
1082
1124
1245
1175
932
803
748
675
598
531
478
429
285
145
72
-59
-182
-274
-334
-420
-560
-706
-815
-804
-907
-1041
-1189
-1267
-1249
-1379
-1374
-1472
-1542
-1527
-1711
-1676
-1599
-1683
-1610
-1625
-1598
-1616
-1790
-1680
-1612
-1512
-1422
-1359
-1258
-1254
-1163
-1207
-956
-747
-597
-389
-295
-229
-135
142
201
488
738
816
1022
1094
1083
1156
1436
1716
1818
1780
1622
1674
1707
1720
1782
1700
1696
1717
1599
1413
1335
1296
1378
1421
1256
1058
974
992
935
886
826
668
595
556
512
385
258
272
192
115
13
-105
-211
-291
-306
-480
-536
-652
-719
-762
-884
-913
-1019
-1046
-1087
-1152
-1239
-1379
-1419
-1375
-1437
-1425
-1559
-1699
-1646
-1601
-1638
-1749
-1714
-1703
-1555
-1570
-1620
-1445
-1237
-1039
-1010
-867
-701
-545
-361
-200
144
300
197
280
624
1037
1081
954
989
1289
1469
1334
1308
1387
1584
1605
1502
1394
1302
1216
1309
1466
1334
1145
985
1109
1211
1042
927
946
973
906
783
737
657
630
647
521
429
262
182
194
160
106
-60
-176
-200
-215
-312
-455
-457
-503
-509
-552
-689
-752
-851
-791
-831
-1032
-1056
-1056
-1066
-1154
-1203
-1207
-1268
-1361
-1381
-1258
-1336
-1275
-1177
-1174
-1124
-1080
-960
-975
-824
-605
-370
-381
-499
-308
8
399
308
225
335
530
630
519
616
766
919
910
800
738
692
828
1056
1052
896
757
817
959
933
868
817
857
837
710
671
641
609
651
590
506
409
300
276
265
222
128
48
-11
-98
-117
-107
-106
-89
-183
-180
-312
-339
-257
-224
-192
-398
-488
-504
-524
-505
-513
-451
-529
-629
-692
-751
-680
-682
-552
-495
-439
-480
-625
-583
-479
-173
-31
-48
-230
-267
-28
151
208
120
192
320
316
164
64
95
280
388
301
57
-76
-30
68
202
239
186
35
47
187
306
257
232
346
417
403
217
184
279
374
378
250
147
49
90
81
-11
-30
-81
-120
-186
-237
-241
-310
-270
-183
-166
-365
-402
-281
-230
-246
-359
-339
-264
-238
-284
-245
-146
-122
-203
-307
-285
-257
-93
22
-53
-129
54
260
37
-72
181
664
669
160
103
513
884
720
371
390
676
673
350
157
307
475
345
138
-16
16
-51
-80
40
82
-59
-261
-205
-85
-34
-158
-187
-94
-48
-46
-148
-145
-164
-78
-70
-125
-159
-199
-226
-253
-246
-312
-372
-403
-361
-357
-410
-434
-400
-300
-417
-470
-454
-361
-249
-482
-446
-448
-408
-393
-325
-128
-219
-226
-290
-131
-74
-19
104
110
323
336
420
249
220
587
1049
1157
558
404
856
1353
1233
839
826
1115
1241
831
539
604
791
782
528
309
165
72
71
224
187
-21
-227
-283
-97
-67
-184
-274
-246
-121
-207
-314
-360
-347
-255
-262
-331
-410
-461
-484
-504
-497
-610
-702
-769
-784
-711
-816
-893
-863
-770
-715
-827
-948
-875
-643
-574
-721
-797
-777
-630
-505
-468
-570
-557
-361
-318
-305
-426
-252
92
95
165
199
363
308
334
776
1197
1092
605
737
1320
1642
1281
940
1201
1578
1439
952
818
1072
1227
1003
724
595
466
429
375
467
468
222
50
53
234
139
-34
-34
24
18
-118
-160
-189
-181
-181
-207
-245
-312
-355
-420
-414
-415
-541
-619
-664
-620
-623
-754
-792
-766
-705
-812
-916
-975
-824
-715
-822
-955
-982
-904
-919
-780
-735
-751
-791
-781
-587
-653
-576
-319
-267
-135
-60
135
102
-4
424
1019
1087
543
429
1009
1619
1447
952
1118
1465
1449
1048
882
1106
1276
1106
774
665
648
488
327
552
618
309
81
-12
236
190
2
89
75
97
-98
-80
41
3
-3
-39
-45
-147
-256
-300
-213
-160
-272
-423
-505
-502
-445
-542
-613
-514
-544
-644
-844
-853
-703
-602
-725
-950
-969
-949
-942
-918
-746
-860
-942
-927
-907
-781
-849
-664
-461
-476
-405
-303
-266
-302
47
631
727
261
151
713
1291
1140
717
896
1338
1321
920
797
963
1237
1148
857
775
716
529
501
701
768
476
206
211
364
376
135
152
263
269
99
-61
11
41
76
-3
39
-2
-192
-230
-181
-70
-126
-255
-394
-332
-230
-358
-394
-241
-206
-284
-493
-586
-441
-243
-311
-524
-554
-594
-688
-616
-439
-420
-673
-836
-847
-676
-589
-584
-456
-426
-263
-363
-531
-568
-22
602
455
4
-164
400
880
728
452
654
1000
826
529
464
683
876
718
476
476
405
144
188
418
513
309
-58
53
224
203
15
-33
214
97
-38
-132
-98
24
-52
-57
-20
-49
-287
-354
-218
-123
-106
-360
-491
-367
-293
-340
-381
-300
-161
-215
-356
-408
-248
-56
-178
-332
-356
-251
-212
-234
-183
-229
-229
-359
-374
-315
-251
-1
-67
-267
-79
66
15
-172
19
690
729
207
-103
434
1007
804
349
500
972
818
348
159
457
746
568
311
280
236
6
-125
116
393
158
-218
-249
-89
-33
-204
-187
7
-11
-128
-259
-192
-82
-174
-190
-83
-73
-305
-422
-361
-181
-161
-369
-439
-412
-322
-371
-432
-286
-252
-360
-508
-419
-170
-250
-354
-444
-276
-300
-355
-236
-93
-41
-298
-295
-170
-32
79
84
75
264
423
252
43
331
1033
1098
530
253
764
1407
1144
549
665
1190
1194
660
401
587
739
579
341
424
290
-74
-270
-102
227
-47
-481
-482
-262
-279
-648
-642
-366
-271
-429
-645
-574
-482
-631
-727
-482
-378
-612
-895
-840
-539
-435
-641
-751
-664
-562
-652
-729
-518
-358
-361
-597
-540
-387
-243
-275
-352
-164
-234
-229
-193
86
210
-61
-174
-64
307
424
382
277
471
696
609
447
581
1195
1374
1008
700
985
1510
1560
1162
1059
1350
1419
1095
903
929
1001
831
669
684
560
310
0
97
296
138
-95
-238
-141
-179
-378
-410
-356
-297
-438
-508
-556
-576
-725
-810
-717
-649
-772
-1015
-1121
-1068
-935
-987
-1051
-1124
-1108
-1102
-1176
-1073
-961
-894
-900
-962
-928
-804
-775
-710
-660
-530
-560
-535
-395
-324
-184
-233
-185
-145
53
292
342
435
421
535
616
752
1146
1354
1179
985
1147
1524
1768
1486
1274
1437
1635
1527
1249
1151
1122
1147
1073
982
920
589
282
376
551
522
189
52
91
97
-43
-185
-60
-127
-204
-263
-261
-352
-561
-595
-543
-422
-567
-740
-845
-931
-921
-905
-887
-978
-1042
-1105
-1117
-1108
-1146
-1123
-1053
-1015
-1204
-1192
-1134
-1083
-983
-1122
-993
-841
-768
-700
-785
-722
-622
-513
-284
-65
-57
65
174
242
232
368
1063
1388
1055
708
950
1533
1786
1477
1329
1610
1679
1426
1305
1428
1548
1323
1094
1184
1297
1023
538
518
810
832
537
319
246
295
134
154
278
140
-2
-92
64
26
-216
-351
-270
-69
-211
-394
-497
-588
-601
-631
-593
-608
-801
-1034
-1018
-857
-797
-1047
-1186
-1137
-1103
-1057
-1242
-1172
-1183
-1237
-1163
-1028
-893
-1070
-1079
-984
-771
-780
-672
-469
-473
-226
-181
-150
-303
-57
642
830
531
179
507
1021
1242
1028
984
1224
1185
1071
1059
1163
1224
1061
925
946
1013
844
495
498
668
656
486
409
398
275
142
279
476
318
72
78
216
225
-66
-156
45
163
2
-151
-109
-140
-219
-308
-236
-189
-314
-502
-525
-388
-431
-536
-609
-589
-592
-692
-699
-695
-697
-837
-801
-607
-498
-667
-854
-661
-542
-468
-573
-397
-173
0
43
-330
-304
25
639
626
201
171
414
715
555
551
746
835
632
401
534
547
450
361
435
529
371
121
24
223
299
187
98
119
137
-74
-160
80
210
79
-123
-24
100
-20
-223
-251
-4
78
-7
-140
-165
-143
-222
-209
-128
-94
-203
-317
-286
-219
-244
-305
-242
-171
-213
-460
-423
-309
-277
-420
-479
-184
-109
-212
-420
-260
-78
-30
-46
-85
171
316
307
107
34
358
750
822
452
313
541
710
640
523
696
771
533
263
281
399
324
223
179
213
134
-90
-190
-71
-7
-140
-233
-218
-151
-295
-452
-355
-298
-292
-391
-330
-322
-431
-537
-577
-348
-297
-320
-401
-468
-511
-490
-360
-359
-336
-407
-425
-394
-394
-414
-398
-263
-203
-241
-369
-316
-229
-196
-291
-130
62
161
134
-98
83
180
354
400
434
564
652
856
622
462
645
1026
1280
960
747
801
993
924
688
916
1052
840
444
339
515
494
380
309
357
222
-74
-202
-78
35
-94
-262
-273
-185
-338
-509
-475
-422
-424
-512
-504
-464
-585
-766
-769
-602
-587
-689
-704
-666
-706
-834
-844
-735
-699
-709
-754
-775
-781
-774
-788
-711
-603
-618
-616
-625
-499
-486
-464
-382
-206
67
-22
-111
-22
176
413
423
520
606
713
865
916
926
770
984
1362
1449
1191
924
1105
1300
1241
1137
1253
1321
1012
735
743
892
876
716
729
730
448
131
194
473
398
79
-47
27
22
-233
-357
-267
-255
-396
-505
-440
-488
-699
-811
-700
-574
-689
-817
-866
-837
-920
-999
-994
-937
-938
-1124
-1109
-1094
-1094
-1143
-1114
-941
-992
-980
-972
-1008
-850
-829
-760
-660
-420
-235
-390
-385
-277
-42
-8
1
247
491
524
283
315
557
704
716
839
1024
943
749
691
902
1074
1092
1140
1212
1174
952
813
916
1078
1126
1091
1020
899
756
690
681
653
610
545
468
367
221
44
-38
48
209
220
43
-218
-340
-342
-203
-197
-264
-271
-413
-448
-616
-624
-588
-605
-708
-742
-736
-930
-948
-876
-788
-919
-967
-900
-804
-741
-977
-965
-778
-710
-691
-714
-490
-438
-477
-501
-511
-363
-269
-232
-215
-140
-184
-185
-3
102
38
-14
103
297
384
357
432
620
659
598
663
1001
1157
1020
873
984
1184
1100
958
975
1196
1146
882
744
728
700
515
514
582
570
395
300
280
172
156
112
267
266
152
-1
1
-17
-103
-102
-133
-35
-137
-233
-496
-548
-517
-563
-537
-582
-654
-713
-795
-914
-835
-805
-930
-857
-798
-811
-740
-901
-1026
-979
-701
-834
-814
-651
-719
-811
-1029
-877
-682
-502
-666
-742
-531
-438
-499
-541
-345
-106
-61
-82
18
264
448
384
453
589
769
839
859
982
1067
1059
1003
1031
1090
1033
979
1001
1065
1043
901
862
841
842
790
789
868
863
766
608
649
691
780
533
628
653
549
632
235
443
413
315
251
161
284
-146
-90
-310
-78
-139
-562
-435
-706
-578
-780
-669
-873
-833
-950
-1062
-733
-1098
-1094
-1203
-977
-1055
-1073
-960
-1180
-1079
-1248
-1064
-962
-912
-905
-924
-794
-908
-841
-824
-584
-354
-306
-313
-364
-224
-79
71
218
341
452
460
475
476
527
622
683
849
886
874
748
589
576
686
880
895
867
824
792
745
710
792
811
832
941
1061
965
734
626
772
802
885
843
790
756
273
402
273
262
371
124
160
-241
-74
-310
-494
-588
-583
-269
-746
-707
-1066
-764
-917
-1071
-870
-899
-780
-1291
-912
-1145
-824
-1021
-1117
-842
-972
-739
-1112
-841
-779
-558
-720
-788
-509
-562
-468
-530
-282
-186
-112
-197
-248
-2
48
129
209
365
473
457
344
347
571
698
759
751
800
823
780
787
797
777
774
878
1058
1024
803
732
767
730
903
885
814
1085
720
585
489
678
590
572
721
282
602
-47
110
-85
-66
340
-333
-126
-460
-268
-811
-554
-395
-950
-325
-844
-654
-869
-1061
-635
-784
-634
-1013
-716
-760
-1032
-753
-859
-520
-667
-720
-640
-487
-487
-660
-386
-303
-249
-413
-437
-233
-190
-202
-2
96
-80
-105
-74
104
287
372
387
388
381
335
473
499
517
600
680
724
583
604
552
496
504
542
748
651
513
452
439
367
244
348
469
457
316
258
226
133
116
112
229
179
56
-16
-64
-108
-77
-71
-329
-260
-236
-371
-422
-514
-334
-341
-499
-505
-473
-576
-683
-542
-449
-242
-293
-368
-378
-366
-318
-322
-243
-237
-20
-99
-138
-111
-91
-116
-120
48
-20
38
13
45
145
148
243
271
232
212
364
423
334
208
165
381
475
432
358
253
139
72
94
154
189
57
50
69
39
-19
-119
-100
-13
44
27
-36
-33
-6
-8
-22
-80
-75
-149
-120
-36
-4
-129
-269
-265
-294
-246
-259
-258
-322
-306
-369
-417
-385
-393
-391
-438
-310
-262
-217
-213
-140
-90
-212
-166
-156
-15
209
306
533
448
412
387
418
594
612
890
879
932
1072
1068
962
629
678
719
750
614
476
593
466
347
96
-58
-219
-381
-391
-399
-256
-393
-592
-610
-531
-466
-576
-520
-365
-180
-180
-216
-173
-177
-179
-131
-79
-120
-166
-277
-296
-354
-485
-663
-855
-916
-963
-977
-992
-1079
-1158
-1148
-1133
-1124
-1057
-971
-818
-738
-568
-447
-256
-169
-30
123
128
355
526
852
985
1090
1225
1223
1299
1261
1376
1568
1458
1443
1599
1717
1536
1206
1174
1054
944
706
658
818
715
426
129
-6
-185
-334
-469
-364
-193
-186
-300
-350
-262
-333
-297
-197
-45
127
112
184
291
269
-17
-206
-152
-241
-315
-477
-660
-816
-999
-1198
-1503
-1704
-1836
-1923
-1819
-1723
-1745
-1716
-1722
-1679
-1583
-1372
-1207
-983
-762
-567
-264
-206
9
117
203
465
696
946
1074
1282
1409
1353
1417
1344
1489
1641
1664
1770
1711
1784
1570
1500
1395
1204
1169
986
937
822
793
659
544
399
95
-44
-153
-149
-180
-169
-84
-33
70
48
42
59
81
266
318
322
339
263
202
38
-122
-389
-611
-692
-881
-1048
-1348
-1633
-1730
-1857
-1933
-2118
-2239
-2190
-2117
-1974
-1919
-1810
-1644
-1428
-1202
-1037
-828
-773
-536
-273
-51
136
25
281
424
758
962
963
1158
1113
1279
1163
1327
1424
1496
1731
1637
1751
1541
1501
1371
1188
1159
1034
1086
926
834
714
642
463
266
208
67
-5
-86
-15
47
105
215
304
361
326
331
327
437
447
481
396
263
160
-130
-308
-551
-705
-998
-1282
-1458
-1686
-1790
-2017
-2098
-2103
-2135
-2095
-2143
-1961
-1778
-1661
-1496
-1316
-985
-839
-596
-378
-272
-38
-21
227
342
489
646
713
1002
1104
1199
1225
1198
1149
1232
1366
1474
1495
1486
1483
1502
1481
1172
1015
952
871
795
728
717
613
583
440
283
244
104
36
-21
14
117
205
261
415
538
501
463
520
480
300
226
45
-6
-231
-486
-657
-893
-1136
-1528
-1690
-1995
-2259
-2358
-2420
-2428
-2416
-2236
-2185
-2048
-1848
-1755
-1515
-1304
-1027
-660
-424
-133
23
257
452
490
596
458
669
792
988
1222
1240
1411
1351
1406
1268
1256
1387
1419
1522
1493
1464
1473
1444
1271
1216
1122
903
745
674
706
720
737
558
460
493
379
296
198
180
231
294
412
571
670
667
610
614
548
296
106
-172
-322
-584
-867
-1053
-1373
-1552
-1971
-2272
-2471
-2701
-2816
-2929
-2859
-2816
-2640
-2443
-2224
-1944
-1805
-1581
-1329
-1049
-797
-470
-143
86
338
407
553
561
589
674
704
963
1013
1136
1207
1304
1382
1310
1417
1475
1528
1514
1518
1577
1587
1542
1448
1425
1338
1208
1118
1040
969
858
819
837
836
790
665
613
636
650
595
617
747
803
906
956
947
933
730
589
366
80
-260
-639
-931
-1193
-1378
-1679
-1974
-2282
-2578
-2783
-2961
-3067
-3104
-2972
-2812
-2637
-2363
-2206
-1974
-1669
-1429
-1156
-927
-759
-566
-368
-178
-64
68
87
179
417
521
699
774
832
925
997
1102
1120
1361
1482
1537
1608
1582
1682
1751
1710
1532
1528
1474
1320
1214
1193
1185
1068
925
833
856
832
739
701
699
679
742
828
892
982
1097
1092
1073
1105
960
695
416
125
-140
-382
-663
-972
-1235
-1581
-1907
-2141
-2358
-2572
-2800
-2887
-2932
-2849
-2737
-2592
-2310
-2137
-2005
-1843
-1531
-1265
-1117
-954
-811
-676
-585
-432
-267
-191
-98
-25
146
385
494
596
697
856
979
1113
1260
1294
1444
1553
1602
1653
1603
1578
1563
1617
1519
1350
1271
1158
1166
1128
1067
984
937
929
857
934
961
930
907
952
1141
1237
1272
1182
1149
1159
995
773
479
227
-84
-418
-619
-816
-1063
-1373
-1692
-1924
-2111
-2319
-2547
-2681
-2664
-2587
-2462
-2294
-2144
-1964
-1787
-1571
-1387
-1262
-1102
-1029
-879
-661
-526
-509
-547
-438
-268
-99
14
34
206
380
499
664
799
933
1024
1043
1146
1227
1309
1330
1294
1391
1344
1341
1197
1101
1133
995
937
805
772
821
849
899
903
995
971
949
1013
1061
1160
1132
1166
1215
1247
1165
925
759
502
240
-69
-361
-588
-893
-1149
-1343
-1504
-1676
-1939
-2164
-2294
-2347
-2313
-2321
-2200
-1989
-1795
-1614
-1469
-1295
-1150
-1065
-990
-897
-791
-684
-634
-597
-443
-299
-228
-117
-9
189
285
398
529
708
966
1017
1132
1187
1281
1340
1243
1274
1254
1291
1187
1004
1004
969
955
825
727
735
675
661
672
774
936
965
972
1080
1209
1278
1248
1209
1212
1216
1138
958
839
650
348
14
-282
-533
-800
-1116
-1398
-1552
-1687
-1852
-2061
-2202
-2261
-2332
-2364
-2264
-2068
-1902
-1768
-1574
-1326
-1139
-1067
-1022
-925
-850
-823
-805
-754
-542
-390
-242
-130
8
258
321
434
541
727
872
870
985
1057
1251
1218
1115
1173
1191
1201
1001
877
857
887
853
743
750
731
689
663
692
779
872
933
993
1161
1267
1277
1236
1187
1178
1118
1011
863
701
565
363
125
-116
-396
-699
-1009
-1219
-1316
-1454
-1653
-1785
-1807
-1824
-1872
-1922
-1920
-1823
-1749
-1584
-1448
-1291
-1198
-1154
-996
-966
-889
-1001
-1043
-975
-871
-632
-501
-287
-82
171
318
457
675
815
930
969
1098
1250
1386
1407
1392
1470
1478
1406
1214
1078
1009
928
843
774
747
738
710
703
757
785
805
820
910
1017
1123
1168
1150
1111
1052
1011
835
684
493
335
162
-74
-239
-463
-698
-975
-1166
-1351
-1534
-1658
-1746
-1756
-1776
-1776
-1743
-1684
-1643
-1548
-1455
-1416
-1322
-1248
-1148
-1159
-1121
-1111
-1157
-1157
-1170
-1016
-915
-735
-575
-331
-63
88
295
475
680
792
898
952
1080
1184
1207
1241
1294
1408
1328
1253
1143
1078
1007
812
716
658
701
675
669
777
800
858
889
941
1022
1039
997
931
1004
1049
990
895
715
556
362
172
22
-128
-322
-571
-744
-876
-994
-1161
-1331
-1442
-1492
-1491
-1471
-1421
-1364
-1294
-1220
-1144
-1022
-979
-952
-964
-961
-950
-1000
-1019
-1028
-919
-872
-758
-635
-430
-190
-87
138
274
466
572
641
752
771
901
861
907
1000
1008
1050
993
989
906
885
846
692
631
561
476
446
509
583
650
761
824
838
870
831
839
843
802
749
662
585
465
351
198
35
-133
-319
-445
-545
-676
-828
-973
-1076
-1180
-1269
-1296
-1329
-1298
-1221
-1122
-963
-867
-800
-743
-686
-656
-714
-693
-709
-732
-698
-680
-581
-505
-371
-180
9
210
319
481
611
619
674
679
682
647
644
677
665
686
631
598
603
577
530
504
414
316
273
255
239
265
325
357
474
580
649
740
752
730
657
554
460
348
257
116
18
-72
-225
-364
-478
-606
-740
-881
-1009
-1109
-1175
-1213
-1237
-1211
-1202
-1166
-1040
-877
-743
-624
-540
-476
-391
-331
-301
-297
-302
-324
-268
-200
-101
1
122
259
390
585
658
783
864
889
934
910
914
851
829
806
799
828
765
751
778
782
749
686
668
615
579
474
401
427
381
396
438
563
613
616
603
530
483
316
160
-18
-196
-403
-583
-650
-757
-854
-986
-1054
-1127
-1225
-1321
-1462
-1489
-1560
-1556
-1548
-1485
-1373
-1320
-1137
-1010
-790
-659
-561
-461
-431
-348
-425
-373
-348
-286
-173
-108
83
153
359
456
594
791
824
919
878
926
885
869
879
816
876
828
871
902
941
976
952
997
964
983
950
932
930
890
909
886
908
906
883
877
832
803
715
565
401
167
-59
-277
-484
-651
-838
-973
-1133
-1250
-1304
-1399
-1481
-1573
-1642
-1705
-1740
-1710
-1682
-1597
-1483
-1359
-1181
-1028
-860
-735
-623
-553
-518
-452
-465
-437
-402
-355
-260
-135
17
149
285
389
496
618
669
666
664
671
643
632
657
696
728
776
826
901
1015
1075
1136
1193
1241
1217
1225
1218
1216
1271
1290
1345
1359
1404
1380
1351
1294
1163
1035
820
614
362
123
-120
-364
-583
-816
-984
-1132
-1263
-1391
-1511
-1597
-1680
-1735
-1789
-1813
-1773
-1724
-1621
-1488
-1335
-1174
-1024
-870
-750
-655
-603
-569
-510
-500
-506
-472
-425
-336
-250
-147
-53
71
186
227
289
305
284
236
183
178
169
209
239
321
450
548
661
777
906
982
1072
1123
1145
1184
1219
1248
1280
1355
1407
1474
1508
1508
1494
1433
1335
1155
956
721
481
251
17
-180
-383
-557
-720
-843
-947
-1095
-1232
-1348
-1425
-1486
-1555
-1583
-1560
-1499
-1391
-1313
-1167
-1040
-980
-875
-803
-697
-683
-641
-612
-612
-513
-497
-399
-285
-178
-67
17
155
226
311
349
323
343
335
320
273
259
273
299
386
463
583
714
800
901
971
1036
1061
1057
1078
1091
1138
1121
1150
1227
1273
1312
1323
1312
1271
1183
1035
860
669
463
213
10
-200
-388
-561
-737
-880
-1035
-1167
-1319
-1420
-1521
-1604
-1669
-1688
-1655
-1604
-1495
-1423
-1293
-1146
-1021
-908
-842
-786
-800
-781
-766
-765
-696
-621
-509
-373
-221
-72
56
198
274
342
383
356
341
318
332
328
358
407
485
609
706
825
943
1066
1160
1251
1314
1337
1355
1323
1302
1291
1282
1284
1283
1306
1326
1332
1317
1269
1193
1047
872
654
451
239
0
-193
-392
-542
-694
-831
-962
-1120
-1239
-1394
-1517
-1602
-1686
-1703
-1731
-1675
-1594
-1496
-1375
-1296
-1153
-1083
-1025
-991
-978
-936
-924
-895
-874
-796
-687
-569
-408
-245
-71
79
201
275
326
350
312
303
294
301
331
398
510
621
768
884
1006
1151
1226
1309
1337
1352
1380
1392
1430
1428
1464
1478
1490
1543
1552
1566
1541
1493
1412
1291
1147
933
720
494
259
52
-143
-323
-491
-638
-799
-960
-1122
-1294
-1464
-1614
-1742
-1845
-1882
-1884
-1843
-1759
-1663
-1546
-1456
-1374
-1317
-1288
-1279
-1284
-1265
-1255
-1237
-1171
-1090
-968
-837
-696
-528
-379
-246
-159
-78
-28
-19
-5
4
25
72
149
271
430
612
796
977
1165
1292
1405
1479
1527
1588
1615
1666
1715
1779
1844
1903
1991
2034
2057
2036
1991
1923
1795
1648
1452
1261
1048
834
631
429
254
74
-96
-269
-442
-627
-806
-1002
-1183
-1366
-1520
-1618
-1694
-1713
-1711
-1671
-1630
-1570
-1524
-1494
-1475
-1483
-1502
-1528
-1539
-1541
-1496
-1436
-1327
-1195
-1049
-906
-783
-672
-598
-558
-533
-521
-509
-496
-484
-422
-344
-215
-63
116
319
503
693
842
986
1083
1130
1164
1196
1250
1297
1389
1504
1640
1776
1896
2004
2059
2074
2038
1966
1851
1706
1545
1393
1267
1128
991
847
703
551
380
187
-21
-227
-439
-646
-828
-982
-1112
-1199
-1254
-1285
-1276
-1279
-1268
-1247
-1247
-1253
-1285
-1319
-1365
-1414
-1430
-1445
-1410
-1361
-1286
-1181
-1082
-986
-899
-831
-792
-768
-758
-731
-705
-647
-582
-481
-349
-216
-53
80
240
364
476
580
628
690
710
758
798
842
919
1001
1133
1255
1394
1523
1631
1708
1744
1753
1727
1663
1572
1485
1404
1320
1230
1142
1036
930
791
629
436
235
25
-186
-372
-546
-659
-752
-812
-853
-883
-890
-923
-939
-970
-1001
-1054
-1121
-1184
-1253
-1295
-1324
-1335
-1319
-1259
-1194
-1101
-1013
-918
-823
-758
-718
-705
-677
-666
-634
-582
-502
-381
-254
-113
26
161
268
347
393
415
427
423
420
418
443
475
540
629
730
845
946
1050
1137
1213
1261
1274
1275
1241
1193
1139
1090
1043
997
950
899
828
728
596
444
282
100
-64
-224
-337
-416
-473
-495
-518
-533
-546
-584
-628
-691
-759
-825
-905
-948
-1005
-1025
-1037
-1051
-1015
-991
-940
-893
-815
-730
-673
-601
-562
-496
-453
-426
-365
-321
-236
-161
-62
37
133
246
304
370
391
395
379
350
342
332
356
392
458
542
636
728
814
887
934
983
993
997
984
958
933
893
864
813
773
723
652
588
484
370
245
110
-18
-152
-249
-344
-407
-451
-503
-523
-548
-568
-595
-637
-674
-719
-775
-832
-881
-922
-966
-997
-1013
-1023
-1023
-1009
-979
-939
-894
-827
-761
-678
-598
-514
-430
-345
-246
-166
-65
22
114
201
281
360
406
456
459
456
447
436
456
463
514
566
651
741
812
900
956
1013
1044
1041
1039
1004
979
938
893
873
816
798
752
694
632
529
438
312
198
79
-49
-151
-251
-316
-369
-414
-443
-475
-496
-535
-576
-606
-671
-708
-763
-805
-837
-889
-914
-966
-976
-991
-977
-936
-923
-868
-836
-781
-724
-664
-585
-524
-439
-364
-274
-192
-109
-35
36
109
152
197
210
234
237
256
295
321
380
436
523
611
697
790
849
910
935
951
944
911
900
866
850
818
790
777
739
719
651
589
511
408
323
211
131
44
-20
-72
-116
-138
-175
-193
-224
-261
-318
-387
-469
-550
-632
-717
-785
-837
-866
-886
-883
-879
-862
-845
-827
-799
-758
-712
-673
-607
-537
-455
-373
-295
-214
-145
-88
-51
-12
17
36
45
47
54
65
79
107
143
183
236
290
358
427
494
553
596
643
669
691
702
707
707
695
697
684
685
667
639
604
562
514
450
393
318
254
189
130
88
43
10
-28
-54
-88
-130
-173
-232
-287
-349
-411
-478
-544
-597
-647
-683
-706
-722
-723
-714
-694
-671
-638
-596
-551
-493
-436
-370
-307
-244
-181
-124
-75
-49
-32
-22
-20
-31
-44
-40
-21
-8
18
50
84
126
164
211
250
283
310
327
351
372
386
394
403
428
437
454
461
464
466
462
460
430
404
358
308
264
214
178
128
100
77
63
50
31
19
-10
-40
-81
-129
-177
-223
-272
-311
-337
-364
-379
-398
-398
-407
-404
-399
-388
-364
-339
-296
-245
-182
-126
-80
-26
21
60
85
89
93
77
67
46
18
9
-5
1
7
25
44
67
96
115
126
129
136
138
140
137
138
139
149
156
158
163
164
154
140
130
108
87
63
40
20
-1
-17
-36
-48
-59
-76
-84
-95
-106
-132
-154
-176
-208
-232
-270
-296
-327
-350
-365
-367
-351
-343
-315
-286
-257
-233
-222
-199
-180
-151
-115
-77
-21
35
100
160
218
269
302
323
335
341
336
325
306
287
279
278
278
282
290
303
315
323
335
335
333
331
321
309
295
280
264
251
235
206
171
148
114
75
30
-22
-68
-121
-171
-218
-257
-285
-302
-316
-328
-335
-343
-358
-371
-381
-396
-413
-423
-434
-440
-450
-454
-451
-444
-428
-412
-384
-354
-324
-292
-262
-225
-195
-160
-118
-73
-15
39
99
160
220
271
306
334
355
370
377
381
382
390
397
405
418
423
435
448
459
463
465
466
456
441
427
411
394
367
338
310
276
241
196
155
107
49
-2
-64
-124
-184
-246
-303
-355
-393
-424
-443
-457
-471
-478
-482
-486
-485
-483
-476
-476
-479
-481
-488
-487
-496
-489
-485
-469
-449
-430
-395
-369
-327
-293
-250
-204
-161
-107
-63
-7
47
101
154
198
243
282
318
347
374
402
425
452
473
490
511
534
559
581
602
617
625
631
623
613
600
586
569
540
513
478
437
384
331
270
204
139
72
10
-66
-130
-188
-237
-275
-310
-335
-358
-371
-390
-400
-411
-422
-431
-451
-466
-492
-513
-532
-548
-560
-577
-583
-588
-597
-602
-605
-599
-586
-564
-544
-514
-474
-426
-361
-288
-208
-132
-51
24
90
151
199
239
272
299
318
329
348
371
393
421
457
492
528
567
596
622
640
648
644
631
617
595
570
542
511
480
444
405
357
308
256
195
127
58
-7
-64
-119
-166
-202
-232
-253
-270
-276
-277
-280
-282
-285
-293
-301
-315
-331
-349
-369
-385
-405
-422
-440
-460
-473
-484
-489
-490
-488
-475
-453
-416
-379
-331
-272
-210
-140
-68
-2
58
106
148
180
208
225
240
256
272
287
299
319
343
368
399
431
459
480
494
499
497
486
468
442
415
383
346
313
275
231
188
139
85
22
-36
-93
-153
-201
-246
-278
-303
-320
-329
-333
-327
-320
-314
-313
-317
-317
-327
-335
-344
-355
-363
-366
-369
-372
-379
-386
-387
-382
-375
-369
-353
-328
-296
-259
-215
-166
-103
-35
32
108
171
231
282
323
355
370
378
376
376
373
370
371
380
395
413
441
469
493
519
535
546
552
547
525
497
468
428
385
343
298
247
198
140
79
14
-53
-125
-199
-264
-327
-369
-408
-433
-442
-445
-443
-438
-430
-424
-426
-436
-450
-459
-472
-490
-498
-501
-499
-488
-478
-467
-450
-428
-412
-388
-365
-339
-304
-261
-209
-149
-78
-5
73
150
225
292
347
388
415
425
433
430
423
414
409
419
432
460
494
523
547
565
583
591
583
567
537
502
457
416
372
328
296
253
218
170
114
50
-19
-91
-165
-239
-308
-365
-413
-442
-459
-460
-455
-443
-427
-418
-411
-415
-424
-438
-454
-470
-483
-492
-501
-507
-496
-486
-474
-455
-444
-425
-412
-380
-354
-327
-287
-244
-188
-126
-58
5
69
128
181
231
262
285
297
299
301
300
309
325
350
384
424
470
516
562
601
632
645
646
637
619
599
573
549
521
497
467
430
381
317
252
185
114
45
-20
-78
-126
-163
-186
-198
-199
-195
-194
-191
-198
-210
-229
-256
-286
-319
-352
-378
-393
-404
-408
-410
-410
-408
-407
-409
-420
-429
-438
-447
-444
-432
-410
-382
-342
-298
-251
-197
-148
-107
-79
-58
-43
-44
-45
-47
-41
-30
-12
16
51
103
159
212
266
314
361
393
417
429
440
443
442
444
441
444
435
425
408
383
348
300
252
196
144
98
54
23
-2
-12
-20
-19
-14
-11
-13
-21
-26
-35
-52
-74
-88
-102
-114
-126
-136
-143
-144
-150
-155
-161
-177
-194
-212
-221
-223
-219
-214
-203
-185
-165
-144
-127
-110
-104
-105
-120
-139
-164
-193
-215
-231
-234
-230
-218
-193
-155
-113
-69
-30
11
45
74
103
130
151
171
191
211
232
245
251
257
259
250
230
203
163
123
81
39
5
-14
-23
-18
-1
17
43
66
86
99
105
100
94
83
69
59
52
50
52
58
63
73
80
80
80
75
62
45
30
17
1
-9
-11
-13
-7
-3
-1
-3
-11
-22
-41
-72
-106
-138
-167
-190
-210
-213
-208
-191
-171
-143
-112
-91
-69
-56
-38
-21
-10
-3
10
26
36
49
58
68
71
71
67
60
46
24
3
-27
-49
-71
-86
-90
-90
-85
-74
-62
-49
-38
-33
-33
-32
-36
-40
-41
-46
-48
-46
-39
-21
-7
6
17
27
37
43
47
52
56
64
76
88
103
116
127
130
131
120
107
81
47
13
-22
-51
-83
-102
-112
-118
-110
-98
-76
-48
-19
9
28
47
63
75
85
90
101
112
120
124
126
125
116
103
84
66
43
25
3
-18
-37
-52
-63
-67
-73
-76
-75
-70
-65
-61
-56
-54
-52
-45
-37
-30
-25
-19
-9
2
14
25
31
35
36
41
42
42
44
41
35
31
27
25
22
14
3
-15
-31
-53
-76
-98
-122
-141
-159
-170
-177
-179
-174
-166
-152
-131
-106
-83
-59
-38
-15
9
30
47
64
79
90
99
106
109
105
100
91
80
73
63
60
57
55
55
57
64
66
66
68
67
67
65
62
61
62
67
69
77
82
89
91
95
93
90
82
71
58
44
35
20
13
1
-3
-7
-4
-1
-6
-12
-20
-33
-53
-73
-96
-117
-137
-156
-171
-186
-193
-197
-196
-191
-186
-181
-175
-167
-159
-151
-140
-129
-117
-103
-85
-67
-50
-36
-25
-14
-4
2
2
-2
-5
-4
-8
-4
2
13
28
43
57
72
91
105
122
133
142
149
155
163
172
179
189
199
203
208
211
212
208
203
196
187
180
168
157
142
133
125
115
108
100
90
74
57
36
12
-15
-42
-72
-104
-131
-159
-181
-200
-214
-224
-234
-244
-250
-254
-259
-262
-268
-272
-270
-266
-260
-253
-242
-225
-205
-188
-171
-157
-146
-136
-124
-117
-108
-100
-92
-82
-68
-51
-29
-3
21
44
70
97
121
145
167
185
200
220
237
253
269
285
299
311
323
334
338
339
339
336
331
325
317
307
296
282
267
251
234
212
186
158
129
97
62
28
-6
-44
-78
-107
-138
-164
-191
-211
-229
-245
-260
-274
-286
-296
-304
-312
-319
-328
-331
-332
-334
-335
-333
-329
-323
-314
-304
-292
-282
-267
-253
-237
-222
-211
-196
-178
-157
-133
-110
-87
-61
-31
-3
24
52
80
108
133
163
190
214
235
253
274
290
304
319
328
335
341
342
342
341
339
335
332
326
318
305
291
271
248
227
203
174
144
113
82
51
19
-8
-32
-53
-75
-97
-117
-140
-162
-184
-206
-227
-245
-256
-265
-269
-272
-273
-270
-266
-258
-254
-246
-239
-231
-224
-217
-213
-209
-198
-189
-179
-166
-153
-134
-113
-95
-75
-51
-30
-10
14
37
55
78
103
126
150
173
195
210
228
244
256
269
279
288
290
295
296
295
293
291
280
271
260
243
225
202
177
151
123
99
73
45
19
-4
-29
-52
-75
-98
-119
-144
-166
-190
-214
-237
-257
-272
-282
-286
-283
-278
-268
-254
-245
-236
-230
-227
-227
-226
-224
-222
-217
-210
-198
-185
-168
-149
-129
-101
-74
-48
-25
0
21
40
61
77
96
114
133
151
171
185
202
213
223
233
239
243
240
241
237
232
230
224
220
213
202
191
174
156
132
113
93
71
54
34
19
3
-13
-29
-43
-61
-80
-98
-117
-135
-147
-163
-171
-176
-179
-175
-171
-164
-155
-142
-131
-121
-113
-108
-104
-99
-95
-93
-89
-87
-79
-71
-62
-50
-37
-21
-11
5
18
29
41
52
64
78
91
106
118
134
140
148
156
158
159
158
156
155
153
152
149
147
144
141
136
130
124
111
103
91
79
61
43
24
3
-16
-36
-55
-70
-86
-103
-124
-143
-164
-184
-201
-220
-233
-246
-253
-261
-265
-266
-259
-250
-236
-219
-203
-189
-175
-159
-147
-133
-119
-108
-96
-86
-73
-59
-44
-26
-10
11
34
53
77
101
126
146
165
186
206
225
241
257
268
276
282
286
289
289
286
280
274
268
259
248
237
225
210
196
182
169
155
141
123
104
83
62
40
15
-11
-36
-63
-94
-124
-154
-184
-212
-239
-261
-282
-299
-314
-327
-338
-345
-346
-346
-341
-336
-329
-319
-309
-297
-284
-270
-252
-232
-214
-192
-169
-146
-124
-102
-81
-60
-38
-15
10
34
58
81
109
137
164
190
213
233
252
268
280
293
302
310
315
320
320
321
321
319
318
315
310
302
295
286
276
265
248
231
208
186
162
135
109
82
56
28
0
-30
-63
-92
-124
-155
-187
-213
-238
-262
-283
-300
-314
-326
-336
-343
-345
-347
-347
-348
-346
-341
-337
-331
-326
-316
-305
-290
-270
-250
-225
-200
-171
-143
-120
-95
-70
-43
-15
15
45
72
101
127
152
174
195
216
233
251
266
279
289
300
311
320
327
331
334
336
337
334
326
314
302
287
267
247
224
200
176
149
124
100
73
45
19
-7
-33
-62
-89
-116
-144
-165
-183
-197
-210
-220
-228
-237
-243
-251
-256
-260
-260
-258
-257
-254
-250
-243
-237
-228
-215
-202
-189
-177
-162
-147
-129
-112
-91
-70
-51
-30
-10
7
26
47
63
79
94
105
116
124
133
141
150
158
166
174
183
189
197
202
206
209
210
210
209
206
201
196
185
174
161
145
127
109
90
70
49
26
4
-19
-40
-63
-85
-104
-124
-143
-158
-170
-179
-187
-192
-198
-202
-206
-210
-212
-215
-215
-213
-212
-207
-200
-191
-178
-162
-146
-127
-108
-85
-61
-40
-21
-5
13
26
39
55
68
82
94
106
117
128
139
146
153
163
169
174
179
181
183
183
181
181
180
174
170
161
150
138
126
111
96
82
65
47
29
9
-9
-26
-44
-62
-79
-99
-115
-130
-144
-157
-166
-172
-176
-178
-178
-179
-177
-176
-173
-170
-163
-155
-145
-135
-125
-112
-98
-83
-63
-44
-26
-9
7
24
37
55
69
81
95
108
119
131
143
153
160
170
177
183
187
189
190
188
188
187
186
185
184
182
179
173
166
155
144
132
118
100
82
64
44
24
0
-22
-43
-65
-85
-106
-128
-147
-166
-182
-199
-217
-235
-250
-263
-272
-278
-283
-286
-287
-284
-282
-277
-271
-265
-255
-243
-234
-223
-210
-196
-175
-154
-134
-112
-88
-65
-42
-21
2
23
44
68
89
108
126
143
159
179
195
210
223
235
246
256
264
269
275
279
281
286
285
284
283
279
273
266
255
243
229
214
196
177
157
136
114
91
66
43
19
-3
-25
-49
-72
-97
-118
-139
-157
-173
-192
-207
-222
-237
-249
-260
-267
-275
-278
-279
-280
-277
-276
-270
-264
-252
-238
-222
-204
-187
-167
-148
-128
-106
-85
-63
-44
-23
-1
18
38
57
75
92
112
129
146
164
180
196
208
221
231
239
243
248
250
251
249
248
243
238
232
225
213
202
188
173
156
141
125
107
90
71
53
33
14
-8
-28
-49
-70
-91
-113
-132
-153
-173
-190
-206
-221
-233
-244
-253
-261
-268
-272
-275
-276
-275
-272
-264
-255
-243
-231
-216
-202
-185
-168
-149
-129
-109
-90
-72
-54
-35
-17
2
21
42
60
79
96
113
128
140
152
164
173
181
189
194
197
199
199
200
198
198
196
191
187
180
171
161
154
145
137
129
120
110
98
87
74
61
47
34
19
5
-8
-22
-35
-50
-64
-77
-86
-96
-107
-115
-125
-130
-136
-141
-144
-145
-146
-145
-143
-140
-134
-127
-118
-109
-98
-86
-73
-60
-47
-34
-20
-6
10
24
38
52
66
78
88
99
107
113
120
125
127
130
131
132
130
129
127
125
121
116
108
99
89
80
72
64
52
40
30
19
9
-2
-14
-26
-37
-50
-62
-75
-86
-98
-110
-119
-128
-136
-141
-147
-151
-155
-158
-162
-165
-168
-171
-173
-171
-168
-164
-158
-151
-142
-130
-120
-107
-94
-80
-67
-55
-41
-29
-14
-1
14
29
44
60
75
90
105
118
129
140
149
158
165
171
177
179
182
183
185
182
180
176
170
163
154
144
134
122
109
95
83
69
55
43
27
13
-2
-18
-34
-48
-66
-80
-96
-111
-124
-136
-147
-157
-165
-171
-177
-182
-187
-189
-192
-195
-193
-193
-187
-184
-176
-167
-156
-143
-129
-115
-98
-81
-63
-46
-26
-7
12
30
48
66
84
102
119
137
154
171
188
201
212
221
230
237
242
249
250
252
251
250
249
241
236
227
217
205
193
180
167
150
132
114
95
76
57
36
15
-7
-29
-49
-70
-92
-113
-134
-154
-171
-188
-204
-222
-235
-248
-259
-268
-278
-286
-294
-298
-301
-302
-298
-293
-286
-276
-265
-252
-237
-220
-204
-188
-170
-152
-132
-111
-88
-64
-40
-18
7
31
55
78
101
122
140
162
180
196
210
222
233
243
251
258
263
267
271
273
273
269
263
256
248
237
227
214
202
186
171
153
134
118
98
77
55
32
10
-12
-34
-53
-73
-93
-112
-129
-147
-162
-176
-189
-200
-208
-216
-223
-230
-234
-236
-237
-235
-234
-229
-227
-220
-213
-203
-193
-182
-169
-154
-138
-122
-103
-86
-66
-46
-26
-8
11
28
45
60
76
93
108
122
136
152
164
177
187
194
202
208
211
214
213
212
211
208
205
199
192
185
177
168
157
145
132
117
102
86
71
53
37
20
3
-14
-28
-44
-58
-72
-84
-97
-111
-123
-135
-145
-153
-160
-165
-168
-171
-174
-174
-173
-169
-165
-160
-155
-150
-140
-134
-124
-114
-104
-92
-81
-68
-55
-43
-32
-18
-5
8
20
32
44
55
66
78
87
96
103
110
118
124
128
132
134
135
134
133
128
123
119
114
106
98
90
81
71
60
48
37
25
13
2
-10
-22
-34
-46
-57
-67
-77
-85
-92
-101
-109
-116
-121
-126
-131
-133
-134
-133
-130
-125
-120
-114
-108
-101
-94
-85
-78
-71
-63
-54
-44
-32
-20
-7
5
19
30
42
54
63
72
80
87
95
103
108
115
122
129
135
138
141
141
141
138
133
129
123
116
108
99
90
82
75
65
57
47
36
26
14
3
-10
-23
-36
-51
-63
-73
-84
-95
-103
-111
-118
-125
-131
-136
-142
-146
-148
-147
-147
-145
-143
-140
-133
-125
-117
-111
-103
-95
-87
-78
-69
-59
-48
-37
-25
-11
2
15
29
42
53
64
75
85
96
106
116
124
132
141
148
153
159
165
168
170
169
167
161
159
155
149
142
135
127
118
110
98
87
76
64
52
39
26
12
-3
-17
-30
-45
-58
-71
-83
-95
-106
-118
-128
-140
-150
-158
-165
-172
-179
-183
-186
-187
-186
-184
-180
-176
-171
-167
-160
-153
-146
-139
-131
-121
-109
-96
-82
-70
-55
-41
-28
-12
1
16
29
43
55
68
83
94
105
116
126
137
147
155
164
169
173
176
177
177
176
175
171
168
164
159
153
147
139
130
121
108
96
84
70
55
42
28
16
2
-12
-26
-38
-51
-63
-72
-83
-92
-102
-112
-122
-130
-134
-138
-142
-145
-148
-148
-149
-148
-147
-143
-140
-136
-131
-125
-120
-113
-105
-96
-87
-76
-64
-54
-43
-34
-22
-12
-2
9
21
32
43
53
65
75
84
94
100
106
113
119
122
125
127
130
133
133
133
132
131
128
123
119
113
107
100
94
87
79
72
65
57
48
38
27
15
6
-5
-12
-20
-30
-40
-49
-58
-66
-73
-80
-85
-91
-95
-99
-102
-106
-109
-111
-114
-114
-114
-112
-108
-106
-102
-97
-91
-86
-81
-75
-69
-63
-55
-50
-45
-39
-33
-24
-18
-9
-2
5
12
18
23
27
32
35
38
41
44
46
49
52
54
54
56
56
56
56
55
53
51
48
45
42
39
36
33
29
27
24
21
16
14
11
8
5
1
-1
-4
-5
-10
-11
-14
-15
-17
-19
-19
-22
-22
-20
-20
-17
-14
-11
-7
-4
0
4
7
11
13
15
14
17
18
22
24
28
31
35
39
43
45
46
47
47
47
44
43
42
40
39
37
34
32
30
25
23
19
15
9
5
-1
-5
-11
-17
-22
-27
-31
-36
-39
-42
-45
-47
-51
-54
-57
-60
-64
-64
-66
-65
-65
-66
-63
-64
-61
-59
-57
-53
-52
-50
-47
-44
-40
-36
-29
-23
-17
-10
-4
0
6
10
15
20
24
27
30
33
35
39
41
44
47
50
50
51
51
51
49
47
47
44
42
41
40
38
35
34
31
27
24
20
16
12
6
2
-5
-12
-16
-21
-26
-30
-33
-37
-41
-44
-47
-49
-52
-55
-58
-59
-59
-58
-58
-57
-55
-53
-51
-48
-44
-40
-35
-33
-30
-25
-23
-18
-11
-6
2
9
17
24
32
38
45
51
55
59
64
68
72
75
77
80
82
84
83
84
84
83
81
79
76
73
70
66
64
60
56
52
47
40
34
27
21
13
5
-3
-11
-19
-28
-34
-40
-47
-52
-58
-63
-67
-70
-74
-78
-81
-82
-86
-87
-88
-89
-88
-87
-85
-84
-83
-80
-77
-76
-75
-71
-70
-66
-62
-58
-52
-45
-38
-31
-25
-18
-11
-3
4
11
19
25
30
38
43
49
54
59
62
67
70
72
75
78
78
80
81
82
86
84
84
82
80
78
73
68
64
59
53
48
42
36
28
22
15
9
2
-6
-13
-20
-27
-35
-41
-48
-53
-59
-63
-64
-67
-67
-66
-65
-62
-62
-60
-58
-55
-54
-51
-49
-45
-41
-36
-33
-29
-23
-18
-12
-5
-1
6
11
17
20
26
31
35
40
44
48
49
53
53
53
53
51
47
44
39
35
31
27
23
20
15
12
7
3
-2
-8
-13
-18
-24
-28
-31
-33
-38
-40
-41
-44
-45
-46
-48
-48
-48
-47
-48
-48
-47
-46
-44
-43
-42
-37
-32
-28
-24
-19
-13
-8
-4
-1
4
9
12
17
20
25
29
33
38
42
47
50
52
57
58
59
60
61
62
62
64
65
65
65
64
63
61
57
53
47
41
35
30
23
14
7
-1
-6
-13
-20
-27
-35
-41
-49
-54
-60
-68
-73
-78
-82
-83
-84
-85
-85
-87
-87
-88
-89
-89
-89
-87
-85
-81
-78
-73
-69
-63
-56
-50
-41
-32
-23
-13
-4
6
15
25
32
42
50
58
67
74
82
90
97
103
108
112
115
117
119
120
120
120
120
119
120
119
117
114
110
105
98
89
81
72
63
52
44
33
24
14
4
-6
-17
-27
-36
-46
-55
-64
-74
-83
-91
-98
-106
-112
-116
-120
-123
-127
-128
-130
-132
-132
-133
-132
-130
-128
-125
-122
-118
-113
-107
-98
-91
-83
-74
-64
-54
-44
-35
-24
-15
-4
6
15
25
35
45
54
61
69
75
83
89
95
100
104
107
111
113
115
116
117
115
114
110
108
104
100
95
89
84
76
70
62
55
47
38
29
22
12
5
-5
-14
-22
-31
-40
-47
-54
-60
-66
-72
-76
-81
-85
-89
-93
-93
-96
-97
-98
-98
-97
-96
-94
-93
-90
-87
-82
-78
-72
-66
-58
-51
-44
-36
-28
-20
-12
-4
4
12
18
26
33
40
47
52
58
64
69
73
77
81
86
88
90
92
93
94
94
93
92
89
86
85
83
80
77
72
68
64
58
52
46
40
34
29
24
16
10
4
-3
-8
-15
-20
-27
-32
-37
-41
-45
-49
-52
-55
-57
-59
-60
-62
-63
-64
-63
-64
-63
-62
-61
-62
-62
-61
-60
-58
-56
-51
-48
-44
-40
-37
-34
-31
-28
-24
-20
-18
-15
-11
-10
-6
-1
1
4
5
7
9
10
11
11
12
11
12
12
12
12
12
12
12
13
11
10
9
8
7
7
7
6
6
6
5
4
3
1
1
0
0
-1
-3
-3
-3
-2
0
3
5
6
7
9
10
12
13
14
14
15
16
17
18
20
21
23
25
27
27
28
28
28
29
29
29
28
29
28
28
28
27
26
25
24
24
21
20
18
16
14
11
8
6
5
2
0
-2
-5
-6
-8
-11
-12
-16
-18
-20
-22
-23
-24
-25
-27
-29
-28
-29
-30
-29
-29
-30
-31
-32
-32
-31
-30
-30
-29
-28
-26
-23
-20
-17
-16
-15
-12
-10
-8
-6
-5
-4
-2
0
2
5
9
12
15
16
17
18
21
22
23
25
25
26
27
27
26
27
28
27
26
26
24
23
21
18
16
14
12
9
7
5
3
2
-1
-5
-7
-11
-14
-17
-20
-21
-24
-26
-28
-32
-32
-34
-35
-36
-38
-38
-39
-39
-39
-38
-38
-37
-35
-33
-32
-29
-28
-27
-25
-24
-21
-18
-14
-11
-7
-3
-1
1
4
7
10
12
15
18
21
23
26
28
31
33
34
37
39
42
45
46
49
49
50
49
50
50
49
48
47
45
43
42
38
36
35
33
30
28
25
21
18
15
11
8
3
1
-3
-7
-11
-14
-16
-20
-23
-26
-29
-32
-34
-36
-38
-39
-40
-41
-42
-43
-43
-43
-43
-41
-41
-39
-39
-39
-37
-36
-33
-31
-29
-26
-24
-22
-18
-16
-12
-10
-8
-4
-2
2
4
5
7
9
12
16
17
20
20
21
21
21
22
23
23
24
24
24
24
24
23
22
19
19
18
16
14
13
12
11
11
8
8
5
5
3
1
-1
-3
-5
-6
-8
-10
-10
-11
-10
-10
-10
-10
-11
-11
-11
-13
-12
-11
-11
-11
-11
-12
-11
-9
-8
-7
-4
-4
-3
-1
0
0
2
3
3
3
5
6
7
7
7
8
9
9
9
10
11
11
11
10
8
8
7
5
3
3
2
2
1
0
-2
-4
-3
-4
-5
-6
-7
-7
-7
-8
-8
-9
-10
-10
-10
-10
-9
-10
-10
-9
-10
-9
-9
-7
-5
-4
-1
0
0
3
2
5
8
8
10
12
13
14
15
16
17
19
19
21
20
21
23
21
21
21
21
21
19
18
17
15
14
15
14
12
12
9
8
5
3
1
-2
-5
-6
-7
-8
-9
-12
-14
-15
-18
-20
-22
-23
-24
-25
-25
-28
-29
-29
-31
-31
-30
-31
-30
-32
-31
-29
-28
-27
-28
-26
-26
-24
-21
-18
-16
-14
-12
-9
-6
-4
-3
0
2
5
7
10
13
14
17
19
22
24
25
27
28
29
29
29
30
31
31
32
33
33
33
33
31
31
30
28
28
25
24
21
19
16
13
10
7
4
0
-3
-7
-10
-13
-16
-19
-21
-22
-24
-27
-29
-31
-34
-35
-37
-38
-39
-40
-41
-41
-41
-41
-40
-39
-37
-35
-33
-30
-28
-25
-22
-20
-16
-12
-9
-5
-1
2
6
10
13
16
21
24
28
31
32
36
38
39
42
44
47
49
49
51
50
51
51
51
52
51
50
49
47
45
45
41
40
36
32
29
25
23
19
17
13
11
7
4
0
-3
-7
-11
-14
-19
-23
-27
-30
-32
-35
-38
-41
-44
-45
-48
-49
-51
-52
-53
-54
-54
-55
-55
-52
-52
-50
-48
-46
-44
-41
-37
-34
-30
-28
-27
-24
-20
-17
-15
-12
-10
-7
-3
-1
3
6
11
12
14
17
20
21
23
25
28
29
30
33
33
35
34
34
33
33
33
32
33
31
29
27
26
24
22
21
19
17
15
14
12
9
7
5
1
1
-2
-3
-6
-9
-12
-14
-16
-19
-22
-21
-23
-25
-26
-27
-28
-29
-29
-30
-30
-30
-30
-29
-29
-28
-26
-25
-22
-20
-18
-15
-14
-11
-8
-6
-3
-1
0
3
5
7
9
10
14
15
17
20
24
26
28
29
31
32
33
33
33
34
35
34
34
32
31
30
29
28
28
25
24
22
20
18
16
14
12
9
8
5
4
1
-1
-3
-6
-7
-9
-11
-12
-13
-14
-16
-16
-17
-19
-20
-20
-20
-19
-18
-17
-18
-18
-17
-16
-15
-14
-12
-12
-13
-12
-11
-10
-7
-7
-5
-6
-5
-5
-4
-4
-3
-3
-2
-2
-2
0
1
4
5
6
6
5
5
4
4
4
3
3
2
-1
-1
-2
-2
-4
-4
-6
-7
-8
-10
-11
-11
-11
-11
-11
-11
-11
-12
-10
-10
-9
-10
-11
-10
-10
-11
-10
-8
-8
-7
-7
-7
-6
-5
-4
-1
0
2
4
4
5
6
7
9
10
12
13
14
15
17
19
20
22
23
23
23
23
22
22
23
23
21
21
19
19
18
15
15
13
11
9
8
7
4
1
0
-2
-3
-6
-7
-9
-10
-11
-11
-12
-14
-15
-17
-18
-18
-18
-20
-21
-21
-20
-20
-19
-18
-17
-17
-16
-17
-15
-14
-14
-12
-10
-8
-7
-5
-2
1
3
4
7
8
10
10
14
14
15
17
17
19
20
22
23
23
23
24
25
25
25
24
24
23
21
20
20
17
16
14
14
12
10
8
7
5
3
1
-2
-5
-6
-8
-10
-13
-16
-17
-20
-21
-22
-24
-25
-27
-29
-31
-31
-31
-31
-31
-33
-34
-34
-33
-33
-31
-30
-28
-27
-27
-26
-24
-22
-21
-19
-17
-15
-14
-10
-7
-5
-2
0
3
8
10
11
14
15
16
20
20
21
22
23
25
27
29
29
29
28
29
29
28
29
28
27
26
26
24
24
22
21
20
19
17
15
14
13
10
8
9
7
5
5
1
1
-1
-3
-5
-6
-7
-9
-9
-10
-12
-13
-14
-15
-15
-16
-16
-17
-16
-16
-16
-15
-15
-15
-15
-14
-13
-13
-13
-11
-10
-10
-9
-9
-7
-6
-6
-5
-3
-2
0
0
1
2
2
2
1
1
0
1
3
2
3
4
4
5
6
6
5
5
6
6
5
7
5
4
3
4
3
3
4
2
2
1
1
0
0
-1
-1
-2
-4
-5
-6
-7
-8
-8
-8
-9
-7
-7
-6
-7
-5
-4
-5
-5
-4
-4
-4
-3
-2
-2
0
0
1
2
2
4
3
4
3
4
4
4
5
7
8
8
9
10
9
10
10
11
10
9
8
7
7
6
7
5
5
5
5
5
3
0
0
-1
1
2
1
-1
-1
-1
-1
-1
1
0
-1
-2
-2
-2
-3
-3
-3
-4
-4
-3
-4
-3
-4
-4
-4
-4
-3
-4
-3
-2
-2
-1
-1
-1
-2
0
1
2
2
4
3
4
4
4
6
6
6
5
5
4
6
5
5
4
3
3
1
0
-2
-3
-3
-5
-6
-7
-7
-8
-9
-11
-12
-13
-15
-15
-15
-15
-14
-16
-17
-18
-17
-17
-17
-16
-16
-16
-15
-15
-16
-15
-14
-14
-12
-12
-11
-10
-9
-8
-6
-4
-2
-1
0
2
3
5
5
7
7
9
10
12
14
18
19
20
21
22
24
25
26
27
28
28
29
30
31
29
30
29
28
28
27
26
24
24
20
20
18
16
15
13
13
10
8
7
4
2
0
-1
-3
-5
-8
-9
-11
-12
-14
-13
-15
-17
-17
-17
-18
-18
-19
-20
-20
-21
-22
-21
-23
-25
-22
-23
-21
-21
-20
-21
-22
-20
-19
-19
-17
-16
-15
-14
-12
-10
-9
-6
-4
-2
-1
0
2
3
5
5
5
6
6
8
8
9
11
11
12
14
14
14
13
13
14
12
13
10
12
11
10
10
9
7
8
8
7
7
6
5
4
3
3
0
1
-1
-2
-4
-6
-7
-8
-9
-11
-11
-10
-12
-13
-13
-12
-13
-12
-11
-11
-13
-13
-13
-14
-14
-14
-14
-14
-14
-13
-12
-11
-11
-9
-7
-6
-5
-2
-3
-3
-1
-2
-1
1
3
5
7
7
8
10
11
13
15
17
16
17
18
18
19
21
22
24
24
24
25
24
24
24
23
24
24
23
22
22
21
19
17
17
15
12
10
9
