-6
-6
-5
-4
-3
-1
-2
0
2
4
4
5
6
7
6
6
6
8
8
6
5
5
5
5
5
5
6
7
9
9
9
9
9
7
7
7
6
5
4
5
4
4
4
3
4
3
2
1
1
-2
-3
-5
-6
-7
-9
-10
-11
-10
-12
-11
-12
-11
-11
-10
-9
-9
-8
-8
-8
-8
-9
-9
-10
-10
-10
-10
-10
-10
-8
-7
-7
-6
-6
-4
-4
-2
-1
-2
1
1
0
-1
0
0
2
3
4
5
5
7
8
8
7
7
8
8
7
6
5
5
4
4
4
5
5
5
6
5
6
5
5
6
6
7
8
7
7
7
8
8
8
6
6
5
4
3
3
3
3
2
2
0
-2
-1
-3
-3
-2
-2
-1
0
-2
-3
-3
-4
-3
-3
-4
-5
-4
-4
-5
-7
-8
-7
-7
-7
-6
-7
-6
-7
-7
-7
-8
-8
-9
-8
-7
-7
-6
-6
-5
-5
-5
-3
-4
-3
-1
1
2
3
2
3
3
5
5
7
6
6
7
8
7
7
6
4
5
2
2
-1
-1
-2
-4
-2
-4
-3
-2
-3
-3
-2
0
-1
-1
-1
-2
-1
-2
-1
0
2
3
5
5
6
5
5
5
6
5
4
3
2
4
3
3
4
4
4
4
6
7
7
6
6
5
5
3
1
0
0
1
2
2
3
4
2
2
3
2
3
3
2
0
-1
-3
-4
-5
-6
-6
-7
-7
-8
-9
-11
-13
-14
-14
-14
-14
-14
-12
-13
-13
-10
-9
-8
-7
-8
-7
-6
-5
-5
-5
-4
-3
-3
-4
-2
0
2
2
4
5
11
10
10
10
12
14
16
17
16
16
15
16
17
17
16
16
16
16
20
20
21
21
21
21
18
17
16
13
12
11
11
10
8
8
6
5
3
1
-1
-4
-6
-9
-9
-11
-14
-16
-19
-20
-22
-23
-24
-22
-24
-25
-21
-20
-19
-21
-23
-20
-20
-23
-24
-25
-23
-26
-23
-25
-24
-20
-23
-22
-20
-16
-17
-16
-13
-7
-1
-6
-3
-1
2
4
2
7
7
11
7
8
17
14
15
15
23
21
16
13
13
18
8
8
12
11
8
6
9
8
11
7
8
13
13
11
8
10
8
10
4
8
11
7
10
14
20
20
24
27
26
24
24
21
20
23
16
10
12
11
12
4
1
2
0
-3
-7
-3
-10
-12
-15
-17
-17
-25
-31
-30
-28
-36
-41
-39
-36
-33
-34
-34
-27
-23
-26
-27
-21
-26
-31
-32
-28
-23
-22
-20
-16
-11
-2
-2
10
14
17
20
21
26
28
34
24
33
33
23
25
23
26
29
28
29
35
40
34
42
31
32
39
20
24
14
14
8
8
1
1
6
2
4
2
3
-4
-4
-6
-7
-9
-19
-22
-20
-16
-24
-23
-32
-27
-30
-35
-33
-24
-21
-29
-19
-26
-13
-18
-27
-24
-14
-16
-17
-26
-18
-10
-14
-28
-18
-14
-21
-18
-31
-4
-22
-11
-25
-7
-5
-6
-3
-12
24
2
20
10
34
30
19
35
28
46
26
29
31
30
33
31
46
30
47
33
38
54
38
56
40
51
44
57
32
43
54
24
46
30
26
37
19
24
11
41
17
9
17
-5
38
-40
6
-28
-16
-30
-54
-14
-61
-25
-83
-42
-49
-71
-54
-95
-50
-78
-71
-92
-87
-55
-101
-63
-103
-71
-80
-82
-93
-77
-62
-88
-48
-104
-55
-41
-78
-60
-46
-38
-34
-37
-37
1
23
-24
18
48
46
29
30
92
49
67
61
110
93
91
98
65
165
76
88
76
135
96
62
114
67
151
46
94
66
138
51
60
94
41
102
27
37
42
77
13
9
11
49
16
0
-58
60
32
-67
-41
0
-27
-53
-50
-117
-26
-67
-114
-114
-74
-108
-83
-98
-106
-73
-105
-75
-68
-119
-79
-46
-73
-66
-89
-60
-4
-62
-94
-26
-28
-25
-59
-19
-33
1
-12
-34
9
-8
9
28
4
9
20
35
94
7
23
90
139
-9
56
116
67
122
37
43
157
110
-4
118
75
112
81
53
87
79
126
-1
104
71
65
74
-4
88
-6
86
-28
19
41
-18
15
-59
34
-32
-51
-56
-35
-17
-97
-77
-129
11
-79
-211
-74
-102
-52
-146
-157
-145
-19
-134
-207
-80
-124
-81
-157
-101
-180
-32
-121
-164
-67
-109
-48
-140
-64
-82
-12
-41
-82
-15
20
2
-8
-13
80
29
26
48
77
125
94
19
104
279
-22
123
191
207
110
147
119
227
269
-36
228
202
194
100
116
150
218
175
-14
203
176
70
81
31
189
38
59
-3
86
107
-56
31
-90
105
-65
-46
-40
-65
-15
-167
-31
-165
-26
-145
-178
-54
-170
-115
-210
-79
-171
-114
-187
-206
-33
-214
-206
-154
-94
-101
-229
-146
-107
-41
-127
-247
-10
-29
5
-247
-54
55
-24
-14
-170
124
56
55
-96
59
183
30
51
-8
173
128
57
10
113
203
27
69
77
158
156
19
77
135
140
35
119
79
135
156
-52
126
102
63
64
60
41
33
117
-28
51
-9
-39
118
2
-83
-115
15
46
-85
-121
-134
69
-39
-219
-92
-44
39
-129
-203
-56
-10
6
-224
-106
-28
4
-67
-204
-24
-55
13
-138
-113
4
-65
-8
-126
-40
-3
-18
8
-76
33
1
29
-30
-17
86
21
71
6
22
112
85
35
67
69
34
163
56
32
139
113
79
53
104
125
135
56
28
73
173
66
24
26
143
118
3
14
47
167
-8
59
-29
84
74
-44
-41
31
102
-51
-76
-37
79
-31
-122
-68
-4
45
-120
-178
-28
-21
-53
-221
-137
-11
-66
-223
-159
-35
-89
-107
-221
-28
-41
-129
-115
-97
-38
-115
-74
-124
71
-82
-141
65
-92
-3
-27
-9
20
14
21
-27
106
-18
-12
132
14
69
8
68
110
60
58
6
198
50
48
117
107
189
-5
20
150
189
10
-8
126
58
120
25
6
109
55
66
-14
28
140
8
-19
57
64
8
-8
-13
-57
37
-28
-13
-67
-92
13
-57
-64
-114
-69
32
-100
-155
-94
5
-25
-206
-133
1
88
-241
-158
-4
-25
24
-328
-15
63
-14
-145
-138
92
-86
-27
-143
-11
61
-57
-58
-56
67
15
-51
65
-10
62
63
11
128
0
36
123
115
22
55
81
74
167
-49
43
160
62
77
-7
90
93
88
23
43
44
79
-2
-61
85
106
4
-23
5
-18
117
13
-36
3
135
6
-25
-58
-25
131
-17
-92
-46
161
-64
-96
-41
-50
95
-24
-125
-34
58
-97
-55
18
-91
-18
-36
-120
37
20
-95
-101
17
-29
-71
24
-105
18
-24
-91
-30
13
-105
-89
71
-37
-65
-116
-27
44
-36
-62
-64
16
-11
-41
-49
15
79
-85
14
-45
20
35
-73
76
61
-4
-1
-14
34
33
-24
38
58
63
14
-16
35
75
-14
9
142
29
-10
52
-17
76
127
-51
-29
119
96
22
-5
-76
20
156
-59
-68
118
82
37
-67
-76
126
160
-44
-136
62
151
59
-112
-118
154
111
-55
-166
-29
176
-20
-130
-20
85
-23
-126
-92
62
111
-137
-121
-43
113
30
-232
-28
6
-3
-61
-88
-87
33
-10
-167
16
-29
-8
-24
-109
29
108
-54
-164
15
87
40
-12
-69
60
22
4
32
-8
115
25
9
52
28
15
17
107
64
87
17
-20
134
47
17
90
76
11
31
72
22
142
14
-65
97
56
39
-25
7
59
40
15
-81
26
28
-47
-84
-48
85
-148
-120
2
-3
-9
-179
-153
32
72
-204
-165
22
37
-88
-209
-72
88
4
-223
-189
61
43
-192
-258
-61
139
-50
-288
-184
36
59
-105
-169
-55
81
10
-180
-106
138
130
-68
-103
61
167
24
-1
61
143
159
-2
26
172
202
89
109
197
133
98
78
148
207
153
98
114
157
103
117
150
166
127
49
87
112
108
85
35
97
87
-1
-15
-10
-18
68
14
-112
-73
-68
-75
-73
-61
-103
-89
-104
-181
-103
-94
-157
-129
-163
-157
-169
-141
-171
-206
-99
-73
-140
-249
-189
-132
-101
-92
-208
-165
-39
-91
-150
-122
-42
-10
-48
-123
-56
78
-23
-56
14
85
168
64
-15
89
170
195
135
128
179
221
193
151
168
185
227
145
131
184
192
151
163
170
153
176
112
111
142
132
92
107
107
45
79
56
38
67
10
-5
0
5
1
-25
-20
-21
-29
-63
-87
-74
-64
-66
-157
-186
-116
-131
-159
-227
-244
-146
-208
-299
-252
-196
-169
-207
-263
-272
-153
-214
-280
-235
-196
-141
-205
-252
-207
-122
-144
-163
-100
-85
-78
-113
-152
16
96
59
-5
6
105
126
109
79
170
223
198
182
162
222
282
258
264
308
345
305
274
314
395
390
292
285
303
339
331
282
273
297
300
239
234
232
214
217
173
183
155
80
39
52
81
27
-51
-133
-114
-112
-162
-206
-244
-254
-301
-358
-363
-355
-407
-463
-472
-469
-458
-496
-594
-539
-489
-502
-552
-568
-534
-496
-476
-508
-430
-407
-401
-373
-329
-264
-206
-163
-142
-64
4
40
43
69
168
266
324
340
367
438
485
480
515
651
700
641
611
638
709
709
639
642
726
744
655
544
515
580
601
553
482
434
391
329
295
293
298
224
107
26
14
25
-39
-135
-168
-187
-247
-337
-418
-435
-417
-458
-537
-589
-637
-691
-687
-646
-631
-670
-785
-870
-823
-723
-733
-786
-783
-771
-737
-723
-722
-643
-566
-543
-545
-507
-435
-382
-289
-198
-81
-11
-29
1
93
263
405
483
480
441
496
591
701
794
823
830
808
776
777
801
853
886
880
836
772
682
631
677
731
745
631
478
420
412
432
433
390
314
211
128
90
91
72
-3
-78
-163
-236
-309
-354
-366
-403
-435
-516
-609
-665
-694
-682
-670
-676
-732
-816
-846
-818
-787
-781
-797
-797
-813
-857
-822
-757
-692
-660
-661
-637
-601
-511
-436
-351
-258
-206
-125
-71
-12
65
187
343
441
461
477
520
632
754
839
921
901
854
825
863
921
939
934
920
904
838
758
711
724
757
717
629
546
467
422
395
392
388
338
234
121
82
103
121
28
-105
-176
-202
-200
-289
-384
-419
-440
-493
-595
-683
-711
-700
-723
-737
-759
-812
-863
-904
-865
-820
-813
-907
-973
-925
-862
-786
-802
-792
-763
-714
-678
-637
-536
-470
-405
-340
-259
-147
-53
3
102
264
414
471
460
481
602
783
920
943
896
874
923
970
979
987
1015
1011
944
879
842
841
833
809
788
755
659
529
469
509
555
501
363
259
230
234
210
142
81
3
-83
-159
-206
-249
-336
-418
-461
-479
-535
-638
-714
-729
-700
-725
-810
-863
-869
-845
-834
-848
-869
-897
-926
-916
-842
-785
-783
-802
-790
-736
-677
-627
-558
-476
-410
-384
-318
-195
-73
-18
35
189
341
406
358
391
575
767
821
741
718
791
869
872
830
845
877
841
787
743
724
704
671
647
637
597
493
415
420
471
474
394
286
247
256
262
219
146
90
38
-9
-35
-53
-112
-210
-297
-330
-347
-386
-461
-525
-546
-555
-586
-655
-696
-701
-678
-683
-726
-770
-829
-819
-795
-728
-688
-720
-748
-758
-698
-645
-568
-504
-470
-454
-414
-298
-157
-92
-75
42
233
339
276
244
392
661
803
710
606
655
783
833
790
783
832
811
719
661
684
728
694
620
590
586
523
399
364
435
495
419
269
201
233
276
244
169
108
39
-30
-60
-42
-44
-146
-278
-340
-332
-349
-423
-497
-524
-523
-566
-651
-690
-656
-625
-630
-678
-701
-724
-758
-755
-685
-586
-579
-630
-682
-617
-514
-438
-393
-373
-317
-285
-181
-75
-24
3
116
329
436
378
297
411
666
812
737
632
664
767
778
713
722
793
751
599
506
531
576
511
422
411
440
366
202
138
228
316
255
110
32
41
57
43
26
15
-57
-159
-207
-171
-137
-206
-308
-369
-379
-409
-476
-515
-509
-500
-539
-608
-655
-651
-628
-617
-576
-580
-628
-692
-696
-592
-496
-444
-489
-518
-501
-475
-381
-265
-161
-137
-154
-94
51
145
153
228
416
557
498
397
489
756
933
867
735
738
804
789
709
734
827
774
566
410
441
499
446
329
294
314
239
82
25
128
208
141
0
-54
-27
-13
-38
-42
-16
-66
-175
-238
-203
-132
-174
-284
-348
-361
-375
-431
-468
-460
-447
-481
-563
-611
-600
-575
-562
-563
-567
-607
-642
-651
-589
-501
-461
-441
-469
-474
-461
-383
-236
-130
-103
-144
-96
58
176
198
262
452
602
554
438
513
782
971
894
751
764
852
816
698
701
826
812
586
398
408
482
425
286
235
253
170
-16
-100
9
111
34
-120
-166
-124
-110
-157
-172
-131
-152
-252
-331
-292
-229
-266
-359
-397
-377
-407
-490
-530
-487
-442
-479
-580
-627
-595
-552
-550
-576
-563
-581
-612
-627
-581
-473
-439
-430
-449
-436
-399
-354
-241
-123
-62
-86
-55
96
247
271
291
463
665
673
536
541
792
1011
968
802
790
907
908
772
724
847
873
673
456
460
544
498
332
253
309
280
109
-27
45
171
132
-28
-108
-70
-48
-102
-135
-96
-93
-188
-297
-290
-217
-229
-319
-380
-361
-363
-444
-508
-489
-437
-446
-541
-600
-588
-547
-536
-557
-532
-549
-589
-627
-614
-523
-494
-469
-494
-495
-478
-462
-348
-239
-167
-182
-175
-43
95
134
141
291
519
568
443
413
637
888
900
756
728
850
879
753
689
805
873
702
467
429
535
519
352
242
276
290
125
-37
-13
114
124
-32
-151
-140
-96
-119
-164
-136
-123
-187
-290
-306
-227
-209
-278
-345
-343
-340
-403
-455
-433
-376
-374
-446
-505
-501
-483
-487
-469
-440
-448
-545
-616
-590
-490
-435
-467
-493
-512
-511
-516
-449
-307
-223
-251
-288
-174
11
85
69
173
415
520
409
336
544
849
911
756
688
822
909
803
711
820
942
805
547
477
605
641
475
340
366
405
264
69
67
201
241
89
-50
-44
-9
-30
-84
-63
-37
-115
-236
-282
-202
-161
-227
-292
-309
-301
-356
-410
-377
-329
-327
-399
-460
-458
-446
-440
-425
-397
-397
-484
-568
-589
-516
-445
-444
-465
-510
-532
-555
-507
-372
-288
-292
-354
-284
-116
-30
-36
38
283
431
358
248
389
687
801
706
632
744
821
711
622
738
904
800
528
415
514
571
433
295
308
349
239
58
28
136
185
81
-35
-39
-30
-63
-102
-63
-18
-81
-203
-262
-204
-168
-201
-254
-277
-307
-378
-420
-394
-346
-353
-400
-451
-463
-465
-468
-433
-402
-382
-441
-524
-546
-498
-392
-349
-370
-426
-479
-486
-428
-304
-190
-207
-284
-258
-119
-10
-31
35
248
384
309
189
328
615
736
651
586
697
762
658
592
721
892
800
546
456
557
626
525
413
425
437
345
193
172
263
286
203
102
80
71
27
-5
19
45
-19
-126
-187
-165
-136
-168
-205
-249
-298
-355
-375
-343
-339
-355
-397
-430
-463
-486
-476
-457
-444
-456
-518
-569
-602
-562
-494
-467
-465
-521
-554
-577
-519
-392
-301
-304
-368
-320
-171
-84
-88
-15
199
323
229
142
297
570
652
554
532
659
709
591
514
656
813
720
495
419
512
543
446
378
418
423
304
175
187
299
301
215
144
134
119
50
29
68
79
4
-103
-146
-146
-161
-191
-214
-226
-301
-392
-411
-388
-377
-418
-453
-471
-506
-543
-556
-513
-479
-519
-588
-619
-614
-554
-536
-515
-491
-499
-525
-586
-502
-363
-250
-262
-309
-207
-74
-28
-32
135
367
420
283
250
498
736
745
629
668
824
804
679
655
831
925
757
588
574
647
604
492
497
535
475
310
211
293
346
291
198
150
148
70
15
44
83
45
-82
-135
-134
-165
-228
-272
-243
-271
-385
-470
-453
-415
-458
-514
-527
-532
-597
-664
-624
-554
-544
-641
-697
-682
-657
-622
-636
-554
-542
-600
-665
-636
-458
-353
-332
-357
-287
-146
-86
-109
5
246
398
318
225
395
670
778
687
655
787
836
749
692
796
923
825
663
626
694
673
547
493
536
517
384
269
288
345
291
227
212
204
127
10
20
94
74
-47
-139
-102
-89
-180
-268
-277
-242
-317
-454
-474
-430
-425
-509
-562
-536
-551
-636
-690
-645
-567
-623
-715
-726
-689
-628
-661
-623
-567
-540
-591
-649
-526
-387
-310
-350
-333
-166
-52
-71
-62
153
393
392
257
311
588
775
736
661
767
881
815
728
783
944
911
730
663
736
758
621
526
565
581
456
302
282
347
316
217
186
212
160
14
-46
35
84
-19
-181
-207
-134
-147
-244
-320
-305
-309
-420
-503
-482
-447
-490
-583
-613
-585
-624
-691
-725
-677
-649
-739
-792
-797
-728
-699
-717
-663
-615
-610
-680
-672
-497
-343
-313
-351
-266
-81
-28
-55
74
360
499
361
263
480
789
864
745
749
902
921
803
788
958
1040
851
667
705
813
739
572
553
624
568
376
281
354
402
305
211
210
222
137
34
59
120
75
-92
-195
-149
-115
-180
-284
-324
-322
-385
-477
-503
-491
-500
-577
-628
-631
-657
-711
-754
-726
-670
-693
-775
-828
-783
-712
-686
-666
-626
-585
-622
-653
-550
-363
-247
-289
-299
-165
-39
-38
1
250
492
431
223
297
640
863
795
700
811
901
810
739
892
1084
975
726
685
841
879
706
602
668
690
539
384
397
474
421
297
229
223
158
33
20
74
64
-72
-211
-229
-201
-222
-304
-385
-414
-471
-546
-570
-572
-589
-663
-722
-737
-750
-792
-832
-831
-797
-795
-851
-881
-872
-800
-767
-750
-686
-639
-627
-677
-618
-440
-292
-248
-266
-150
-3
-6
8
237
538
571
356
339
617
873
879
792
881
972
867
781
928
1163
1114
840
748
879
947
818
708
770
788
631
454
437
503
450
331
285
262
160
7
-28
31
19
-112
-264
-319
-311
-327
-370
-428
-505
-590
-660
-645
-617
-654
-725
-789
-795
-790
-826
-841
-850
-851
-844
-869
-868
-858
-810
-766
-728
-657
-599
-585
-601
-545
-378
-217
-172
-149
-47
59
57
94
343
622
646
455
440
704
929
946
900
990
1054
895
768
929
1193
1149
836
699
812
864
740
647
718
724
504
300
333
451
400
231
177
188
89
-82
-118
-5
15
-145
-321
-361
-341
-365
-400
-395
-423
-558
-701
-718
-628
-616
-687
-770
-831
-852
-883
-853
-808
-805
-850
-913
-883
-816
-767
-712
-657
-581
-547
-567
-528
-419
-277
-187
-137
-33
69
96
62
153
442
662
607
431
438
658
817
816
812
905
918
756
645
809
1044
1020
789
657
735
767
672
626
716
751
552
347
349
457
438
302
249
261
165
-13
-73
20
63
-64
-233
-304
-319
-367
-424
-413
-418
-545
-709
-773
-709
-666
-711
-779
-834
-860
-908
-894
-828
-788
-830
-920
-912
-820
-729
-695
-658
-586
-531
-543
-527
-401
-223
-122
-109
-24
121
182
128
183
467
712
672
488
494
724
886
868
852
958
998
852
721
838
1062
1074
876
728
767
797
708
651
719
768
606
373
312
405
438
332
237
195
123
-18
-109
-68
-22
-100
-268
-377
-411
-438
-479
-496
-504
-575
-706
-800
-791
-750
-747
-796
-850
-900
-939
-933
-863
-791
-799
-860
-902
-853
-763
-674
-581
-510
-481
-513
-503
-379
-194
-80
-66
-16
107
182
172
222
450
667
643
486
479
692
856
846
813
887
922
802
687
774
964
976
819
693
712
730
645
607
676
730
578
341
260
332
385
308
199
132
56
-68
-145
-117
-67
-138
-301
-426
-460
-461
-489
-508
-530
-593
-699
-789
-784
-738
-719
-757
-826
-869
-893
-888
-834
-761
-719
-738
-804
-813
-730
-596
-464
-408
-400
-426
-405
-305
-130
34
84
93
133
208
264
332
498
683
715
575
495
640
833
899
849
852
886
805
690
691
850
943
857
696
610
619
578
559
583
619
559
353
194
161
259
311
256
123
-14
-84
-139
-140
-119
-111
-181
-329
-434
-450
-407
-394
-437
-478
-533
-597
-658
-678
-640
-579
-581
-648
-730
-747
-704
-673
-641
-599
-570
-626
-700
-665
-468
-291
-317
-393
-403
-292
-213
-168
-70
49
141
74
68
127
259
390
447
458
400
392
414
496
598
688
731
673
543
496
563
658
693
680
653
594
492
436
494
572
566
458
354
275
214
199
233
261
194
76
-14
-75
-76
-63
-49
-90
-197
-286
-350
-372
-387
-356
-333
-383
-498
-602
-607
-590
-578
-576
-527
-537
-634
-716
-714
-601
-521
-530
-576
-612
-554
-496
-431
-387
-337
-275
-323
-325
-279
-112
-7
-6
-39
-24
91
127
162
198
316
384
361
315
315
428
514
566
594
617
638
588
535
541
622
711
705
655
611
592
561
503
480
510
521
469
362
277
260
285
301
285
222
148
98
44
20
-10
-25
-65
-102
-142
-206
-258
-294
-317
-338
-389
-392
-441
-474
-518
-552
-527
-544
-519
-646
-562
-624
-558
-580
-606
-551
-617
-454
-592
-424
-511
-465
-425
-428
-330
-396
-237
-296
-141
-152
-103
-62
-52
33
23
136
220
354
349
307
341
415
506
533
566
635
655
626
546
574
640
651
637
603
630
592
514
432
391
407
413
444
409
349
264
189
192
150
131
102
117
71
-23
-85
-180
-144
-235
-179
-221
-289
-321
-470
-444
-544
-452
-485
-472
-527
-621
-623
-630
-587
-630
-569
-542
-517
-518
-595
-576
-528
-491
-418
-424
-385
-412
-379
-396
-297
-213
-176
-132
-212
-141
-75
55
97
130
176
205
262
295
383
488
540
536
530
545
595
645
665
684
722
717
680
625
578
579
603
605
602
570
480
388
311
355
407
409
326
279
226
177
156
103
168
134
143
56
3
-46
-103
-116
-118
-101
-173
-197
-306
-378
-420
-418
-424
-419
-486
-532
-588
-597
-615
-582
-620
-608
-579
-580
-601
-625
-610
-651
-499
-529
-477
-481
-444
-450
-416
-416
-377
-284
-229
-184
-167
-140
-101
6
-13
79
108
237
272
309
299
339
428
479
543
541
550
543
571
586
641
655
642
578
531
505
518
527
517
533
491
434
351
319
317
338
350
334
320
207
163
46
84
141
151
124
1
-56
-182
-103
-219
-113
-204
-263
-332
-429
-408
-513
-396
-583
-437
-609
-544
-711
-591
-665
-574
-560
-692
-517
-724
-496
-714
-430
-598
-367
-445
-516
-366
-473
-183
-294
-120
-236
-85
-81
-36
71
72
219
211
263
260
365
389
432
460
495
565
595
591
560
564
575
599
610
592
563
564
551
530
476
417
415
408
442
417
373
299
245
205
229
239
241
257
145
100
61
18
15
37
13
-39
-130
-198
-227
-200
-322
-335
-284
-398
-399
-502
-521
-536
-476
-544
-617
-506
-603
-608
-539
-635
-495
-487
-481
-463
-470
-444
-486
-256
-330
-238
-271
-234
-161
-157
-160
-144
1
11
92
56
81
97
186
166
233
295
343
362
343
386
388
437
424
461
467
487
451
453
434
405
405
388
395
349
307
250
283
293
255
195
132
129
139
143
128
136
113
99
28
-4
-27
36
54
-21
-33
-117
-69
-117
-195
-166
-206
-163
-227
-361
-371
-356
-343
-472
-369
-407
-369
-311
-483
-414
-411
-343
-374
-326
-271
-278
-208
-260
-271
-165
-173
-167
-159
-122
-93
-74
-46
-108
3
28
37
36
57
112
160
222
165
201
242
297
332
348
348
348
394
364
366
369
361
356
346
339
302
295
226
179
192
200
198
154
107
89
67
59
54
62
93
59
71
14
20
2
15
40
3
18
-44
-38
-67
-99
-106
-128
-119
-165
-188
-199
-212
-220
-237
-225
-239
-231
-236
-275
-232
-228
-223
-217
-259
-234
-242
-207
-265
-221
-174
-150
-137
-215
-184
-155
-84
-124
-91
-19
40
83
29
20
74
151
172
190
216
245
273
220
171
199
246
264
203
176
143
137
66
9
20
53
66
10
-19
-43
-37
-49
-46
-18
18
16
16
9
36
60
67
56
49
72
72
94
69
69
71
60
42
21
31
17
16
-36
-55
-56
-67
-58
-58
-59
-87
-113
-162
-157
-164
-141
-137
-137
-158
-161
-142
-140
-114
-118
-90
-80
-50
-61
-46
-20
19
70
117
146
167
193
208
226
207
214
210
225
206
209
217
205
172
86
38
-22
-49
-96
-116
-121
-140
-146
-170
-171
-199
-196
-202
-205
-200
-184
-118
-73
-28
-14
8
29
43
70
79
100
97
118
124
137
141
124
115
104
81
46
21
-10
-22
-41
-33
-38
-36
-39
-52
-66
-117
-139
-148
-141
-123
-94
-40
1
22
29
24
28
16
34
68
105
150
184
217
222
224
226
224
198
145
102
79
51
21
3
-17
-40
-99
-169
-235
-306
-354
-387
-390
-383
-381
-365
-343
-306
-301
-287
-265
-250
-212
-168
-94
-12
60
108
153
199
206
199
190
176
190
195
192
212
224
223
186
152
104
69
38
0
8
30
52
66
73
98
101
96
76
73
81
85
103
140
204
244
274
286
293
279
261
237
234
239
231
263
276
280
263
235
192
105
25
-55
-109
-156
-208
-221
-248
-285
-357
-431
-493
-556
-591
-622
-620
-605
-581
-536
-477
-418
-379
-351
-311
-261
-215
-153
-83
3
84
146
198
236
247
241
231
201
171
150
138
140
139
114
86
48
18
-14
-51
-82
-85
-61
-38
-6
46
99
144
170
180
197
201
214
226
272
335
389
430
437
440
432
412
388
346
314
283
283
293
276
257
227
194
106
3
-84
-159
-224
-289
-331
-356
-388
-443
-508
-567
-607
-651
-686
-705
-696
-664
-617
-545
-466
-386
-321
-268
-205
-146
-80
-13
68
155
223
287
340
380
388
360
320
269
238
207
178
146
123
103
68
24
-22
-60
-92
-106
-107
-91
-64
-22
19
74
126
161
178
181
192
215
253
282
311
342
379
392
397
376
349
307
256
221
203
198
174
161
148
142
98
26
-55
-133
-201
-267
-313
-356
-390
-438
-480
-513
-550
-594
-629
-641
-630
-610
-580
-523
-443
-351
-276
-191
-110
-36
34
97
168
239
317
373
419
452
463
456
426
395
350
305
254
200
162
127
87
44
7
-25
-53
-73
-91
-95
-80
-59
-18
13
45
74
99
116
126
136
133
140
154
174
202
221
220
205
182
168
131
103
60
42
29
12
18
10
3
-41
-89
-143
-202
-259
-326
-375
-416
-444
-474
-509
-533
-557
-572
-587
-581
-569
-544
-496
-429
-343
-250
-148
-42
54
144
223
310
394
466
519
553
590
608
618
606
585
542
486
421
349
288
230
176
127
80
39
-7
-48
-78
-94
-88
-85
-74
-72
-67
-42
-17
6
3
-4
-17
-24
-20
-27
-13
-4
6
12
20
25
10
-18
-52
-68
-66
-74
-79
-79
-68
-52
-61
-83
-121
-166
-220
-272
-319
-358
-388
-418
-440
-448
-447
-453
-447
-433
-413
-383
-343
-282
-203
-101
0
103
208
308
399
476
543
599
645
676
695
704
701
674
635
582
523
460
395
321
247
176
106
44
-16
-68
-107
-130
-150
-168
-175
-171
-157
-150
-148
-142
-140
-145
-160
-176
-194
-204
-214
-217
-212
-205
-205
-213
-220
-232
-238
-251
-265
-272
-275
-267
-241
-203
-170
-148
-134
-137
-148
-178
-211
-241
-266
-286
-307
-315
-321
-320
-315
-301
-277
-252
-227
-193
-142
-78
7
105
207
309
406
500
590
675
742
790
820
834
834
824
803
778
738
678
604
521
437
350
261
175
102
32
-40
-104
-152
-181
-203
-219
-225
-225
-227
-232
-236
-236
-240
-256
-278
-300
-315
-330
-346
-353
-354
-354
-356
-356
-348
-350
-360
-370
-371
-360
-349
-332
-296
-240
-183
-136
-101
-75
-61
-63
-78
-93
-104
-117
-130
-126
-109
-90
-73
-55
-33
-17
-2
19
55
102
161
233
316
406
488
562
629
683
719
736
744
750
746
732
704
664
611
548
473
395
314
227
135
46
-30
-99
-156
-213
-266
-313
-346
-369
-388
-402
-414
-420
-422
-426
-430
-441
-457
-475
-492
-500
-505
-501
-504
-492
-473
-448
-420
-405
-392
-387
-366
-340
-303
-261
-212
-152
-93
-38
7
45
67
71
68
63
64
65
64
68
75
85
96
107
121
130
140
154
181
223
271
328
387
454
511
566
614
653
683
701
711
712
707
691
663
626
576
515
444
367
291
212
137
68
0
-67
-135
-194
-247
-294
-340
-375
-405
-429
-448
-456
-461
-469
-482
-501
-518
-535
-552
-570
-580
-580
-572
-559
-541
-519
-496
-475
-453
-427
-398
-364
-322
-274
-221
-159
-96
-40
8
47
78
106
126
147
165
184
202
216
231
244
257
269
281
297
311
326
350
380
420
466
512
552
592
625
647
665
676
683
685
678
662
639
605
553
495
426
355
276
188
100
12
-69
-146
-218
-287
-355
-419
-479
-529
-569
-599
-623
-640
-653
-658
-653
-645
-640
-638
-639
-635
-626
-615
-600
-581
-557
-530
-498
-468
-436
-405
-378
-344
-303
-257
-207
-164
-117
-64
-5
51
99
145
181
216
247
278
310
335
356
373
393
408
415
419
423
432
444
456
474
496
519
542
567
591
606
616
621
624
625
618
604
587
562
532
492
444
385
317
242
159
80
-3
-90
-174
-249
-320
-386
-446
-501
-547
-588
-624
-649
-663
-667
-666
-664
-656
-648
-636
-626
-613
-597
-580
-559
-538
-513
-486
-456
-429
-400
-368
-336
-299
-262
-222
-181
-131
-81
-28
31
86
141
192
242
292
334
372
407
444
472
495
514
526
531
526
520
512
505
499
491
488
486
488
489
491
492
490
483
470
457
443
427
411
387
356
318
274
223
167
104
30
-42
-117
-188
-259
-330
-396
-455
-507
-554
-596
-629
-654
-670
-674
-669
-654
-633
-610
-585
-558
-530
-505
-481
-463
-443
-424
-404
-390
-373
-356
-340
-318
-298
-279
-259
-235
-206
-171
-128
-86
-35
24
84
145
207
267
321
370
416
460
503
534
555
567
574
570
560
544
527
511
491
472
457
448
442
437
431
430
430
430
424
422
421
416
409
399
380
351
309
261
207
147
82
8
-65
-142
-218
-292
-365
-429
-489
-541
-583
-609
-627
-636
-635
-623
-601
-572
-540
-507
-476
-449
-426
-403
-386
-372
-360
-350
-342
-336
-334
-333
-329
-322
-315
-302
-284
-257
-225
-183
-134
-80
-14
51
122
195
261
323
377
429
470
505
532
542
540
529
511
485
454
420
386
357
329
306
290
280
273
271
275
284
298
313
329
346
359
368
366
358
339
311
273
226
176
115
47
-25
-99
-168
-239
-305
-367
-421
-467
-502
-522
-530
-526
-514
-494
-467
-438
-405
-375
-347
-324
-306
-294
-286
-283
-289
-296
-309
-321
-330
-340
-346
-349
-347
-338
-322
-300
-270
-229
-178
-119
-55
12
82
149
216
277
334
381
415
440
455
459
449
433
411
381
349
315
287
264
243
226
219
221
228
240
255
276
303
333
362
387
405
415
418
412
398
373
339
292
236
176
112
44
-25
-93
-156
-216
-271
-315
-350
-377
-393
-397
-392
-380
-360
-337
-315
-293
-276
-264
-254
-252
-257
-269
-285
-307
-329
-348
-368
-382
-395
-402
-407
-406
-397
-380
-351
-315
-271
-219
-165
-104
-44
21
82
141
195
238
273
295
311
318
314
303
284
262
238
215
196
180
171
165
166
174
189
211
238
268
301
335
367
394
417
435
444
440
428
407
377
341
296
246
193
139
80
23
-31
-80
-125
-167
-200
-227
-244
-253
-256
-251
-245
-237
-230
-222
-217
-215
-217
-227
-246
-272
-303
-337
-367
-398
-427
-449
-469
-481
-486
-485
-476
-460
-436
-406
-368
-321
-267
-209
-151
-92
-33
27
80
127
169
202
224
236
241
242
238
231
223
219
215
208
206
211
221
235
256
279
309
339
366
396
428
457
478
492
497
496
488
471
448
419
380
335
288
240
191
140
93
48
8
-28
-59
-86
-108
-126
-139
-147
-152
-155
-160
-166
-172
-183
-200
-219
-245
-274
-309
-345
-381
-415
-446
-476
-498
-518
-531
-539
-539
-531
-519
-497
-473
-439
-400
-358
-311
-262
-213
-163
-108
-59
-18
21
51
81
107
130
149
164
175
183
196
210
226
242
257
276
295
319
342
366
390
411
428
444
457
465
469
469
460
448
431
410
384
356
325
290
257
219
184
149
115
82
49
19
-11
-37
-61
-81
-100
-119
-135
-153
-172
-191
-213
-238
-262
-289
-320
-351
-379
-407
-432
-453
-470
-481
-488
-489
-485
-475
-464
-447
-427
-402
-373
-339
-301
-263
-222
-181
-142
-102
-63
-23
13
47
80
108
136
162
187
208
226
244
259
276
289
303
318
331
340
347
357
365
373
380
386
389
388
385
380
374
362
347
330
308
287
263
237
212
188
161
133
104
75
46
17
-12
-40
-70
-97
-125
-152
-176
-202
-227
-252
-278
-303
-327
-350
-374
-395
-415
-430
-444
-453
-458
-460
-457
-452
-444
-432
-416
-396
-372
-346
-313
-280
-242
-201
-161
-117
-74
-32
8
47
86
121
155
186
214
241
267
289
308
326
339
349
358
362
368
371
372
370
369
364
362
360
357
352
345
338
327
313
299
280
263
242
219
192
166
138
108
77
48
19
-11
-42
-70
-98
-127
-155
-184
-210
-237
-261
-286
-311
-334
-355
-375
-391
-404
-414
-422
-429
-433
-435
-435
-433
-426
-417
-407
-391
-373
-349
-324
-295
-261
-225
-185
-144
-104
-61
-20
22
63
103
140
174
206
239
270
298
324
346
364
379
393
406
413
418
416
413
408
402
394
384
374
361
347
334
320
306
291
274
254
235
212
188
163
137
108
81
52
22
-8
-38
-68
-96
-125
-153
-181
-208
-234
-258
-280
-300
-320
-338
-356
-370
-382
-391
-398
-400
-401
-400
-397
-393
-385
-374
-363
-349
-333
-315
-297
-278
-253
-228
-199
-167
-135
-101
-67
-30
2
37
70
105
138
167
195
219
241
263
283
302
316
330
341
350
357
361
363
362
358
351
340
329
316
303
290
275
265
252
237
222
207
190
171
152
129
103
78
51
24
-3
-31
-58
-86
-113
-141
-166
-191
-213
-233
-251
-267
-283
-295
-308
-319
-328
-335
-337
-339
-339
-337
-334
-327
-317
-309
-297
-283
-272
-258
-243
-225
-207
-188
-166
-143
-118
-90
-62
-32
-1
32
65
98
130
159
189
213
237
262
281
298
310
321
330
337
344
346
344
339
334
325
316
306
293
279
264
247
233
218
203
187
172
155
138
120
102
81
61
39
14
-8
-34
-60
-88
-116
-143
-170
-195
-219
-241
-258
-273
-286
-297
-305
-312
-316
-319
-319
-318
-317
-312
-307
-301
-292
-283
-274
-263
-253
-241
-229
-216
-203
-187
-170
-153
-137
-117
-97
-72
-46
-18
12
43
75
110
145
177
212
240
267
292
315
333
348
362
372
379
382
383
381
377
369
359
348
334
318
302
283
263
245
224
203
181
160
137
113
89
67
42
15
-14
-43
-69
-97
-126
-154
-182
-211
-236
-261
-282
-300
-316
-330
-339
-345
-350
-350
-352
-350
-343
-338
-332
-326
-319
-309
-301
-291
-280
-268
-255
-240
-223
-204
-187
-169
-150
-128
-107
-83
-60
-36
-8
18
49
82
116
147
180
211
240
271
296
320
340
357
372
384
393
398
400
398
393
388
378
366
354
339
322
305
287
266
244
220
196
172
148
122
95
69
43
19
-5
-31
-58
-83
-109
-136
-160
-183
-206
-226
-248
-266
-280
-289
-297
-303
-308
-310
-310
-308
-304
-299
-294
-285
-278
-270
-263
-254
-245
-235
-224
-211
-198
-184
-169
-155
-138
-121
-101
-84
-67
-47
-25
0
24
49
76
102
128
152
178
201
222
241
259
274
285
294
300
302
302
296
290
281
268
254
240
223
206
185
165
143
123
103
84
65
45
26
9
-7
-22
-36
-51
-66
-76
-89
-101
-112
-122
-133
-140
-148
-155
-158
-162
-164
-165
-167
-166
-163
-161
-156
-150
-143
-135
-129
-123
-116
-112
-106
-99
-92
-84
-77
-70
-62
-56
-49
-43
-36
-29
-21
-13
-5
5
15
25
38
50
63
74
85
96
107
118
129
138
147
154
161
165
167
168
166
162
156
150
140
127
115
100
85
70
55
39
24
11
-2
-14
-25
-35
-41
-48
-53
-56
-56
-57
-57
-54
-51
-47
-41
-34
-27
-19
-12
-6
-1
3
5
10
12
12
14
13
11
7
3
-3
-8
-14
-22
-28
-35
-43
-47
-52
-58
-60
-63
-68
-72
-73
-77
-78
-77
-76
-75
-73
-71
-68
-65
-61
-58
-54
-47
-44
-38
-32
-26
-18
-12
-7
-4
1
3
4
6
6
7
7
6
5
2
-2
-7
-10
-16
-21
-25
-30
-35
-39
-40
-42
-39
-34
-30
-23
-15
-6
6
18
29
42
56
69
83
99
111
121
133
140
148
154
159
161
164
165
163
161
156
150
143
133
124
115
104
95
85
76
65
54
42
27
15
1
-13
-27
-40
-53
-66
-78
-88
-101
-112
-122
-131
-139
-145
-151
-155
-158
-159
-160
-160
-160
-159
-155
-153
-147
-140
-134
-127
-120
-112
-106
-98
-92
-88
-83
-79
-73
-67
-61
-56
-50
-42
-32
-20
-10
2
14
26
40
54
66
80
92
104
115
126
138
149
159
170
178
185
190
195
199
202
203
203
202
198
191
186
179
172
165
155
146
134
118
101
83
63
43
21
0
-23
-43
-65
-86
-105
-124
-142
-160
-175
-188
-200
-209
-216
-220
-222
-223
-223
-219
-213
-206
-195
-184
-174
-160
-147
-136
-122
-112
-103
-95
-89
-83
-79
-73
-72
-68
-65
-62
-60
-57
-51
-46
-39
-31
-22
-11
2
14
27
44
61
77
94
112
129
143
157
171
185
198
209
218
228
236
240
242
245
244
242
238
233
226
217
208
194
180
162
143
124
105
82
60
37
13
-9
-31
-55
-77
-98
-120
-138
-154
-171
-181
-190
-195
-198
-199
-199
-195
-191
-185
-175
-166
-156
-148
-137
-128
-118
-109
-102
-93
-87
-81
-77
-73
-70
-66
-62
-61
-60
-58
-56
-55
-49
-43
-35
-25
-14
-3
10
25
38
50
64
76
88
101
110
121
132
143
151
159
165
169
174
176
177
177
176
173
169
167
161
153
145
137
128
116
103
89
75
59
41
22
4
-16
-37
-57
-76
-94
-109
-127
-142
-154
-164
-172
-179
-185
-186
-187
-185
-181
-176
-169
-161
-152
-143
-135
-126
-119
-114
-107
-99
-92
-85
-81
-76
-71
-67
-61
-58
-55
-52
-47
-43
-40
-37
-30
-24
-15
-5
4
13
23
33
43
55
66
77
85
96
105
115
124
132
141
149
156
164
172
179
186
191
195
199
202
200
197
194
188
181
171
160
148
133
117
100
82
63
45
25
5
-14
-32
-49
-67
-84
-100
-113
-122
-129
-136
-140
-142
-142
-139
-136
-130
-125
-121
-116
-111
-106
-100
-95
-90
-86
-80
-75
-73
-69
-67
-64
-61
-60
-61
-61
-61
-60
-58
-57
-55
-53
-51
-48
-43
-39
-35
-29
-26
-20
-12
-5
1
8
17
27
36
47
56
68
77
88
97
107
117
123
130
137
141
144
144
143
142
137
132
123
113
101
87
72
57
43
26
10
-5
-20
-34
-49
-60
-71
-81
-89
-96
-102
-105
-105
-106
-103
-101
-95
-90
-87
-82
-78
-72
-68
-62
-57
-53
-49
-45
-42
-39
-38
-35
-33
-33
-34
-34
-34
-35
-36
-34
-33
-33
-29
-29
-28
-24
-20
-14
-9
-5
0
7
15
22
30
38
48
59
68
79
87
95
105
113
121
126
132
134
135
137
140
139
134
129
123
117
108
100
86
74
59
44
29
14
-2
-16
-31
-44
-56
-67
-75
-82
-88
-91
-96
-97
-98
-98
-97
-94
-91
-86
-81
-75
-71
-64
-59
-55
-50
-47
-45
-43
-43
-42
-42
-41
-42
-43
-44
-45
-43
-45
-45
-44
-45
-44
-45
-43
-40
-36
-32
-25
-21
-15
-8
-1
8
19
29
40
51
62
72
82
90
99
107
114
120
126
131
133
134
133
131
126
119
112
103
92
79
67
54
42
30
15
1
-12
-27
-40
-52
-63
-73
-83
-91
-96
-99
-101
-102
-101
-101
-97
-96
-90
-84
-79
-72
-67
-64
-61
-59
-57
-53
-48
-46
-43
-43
-43
-43
-45
-45
-46
-46
-47
-48
-49
-50
-49
-47
-46
-42
-38
-33
-29
-22
-13
-4
7
20
33
46
59
71
84
97
109
124
135
145
154
162
169
174
177
179
181
179
174
171
161
153
144
129
113
98
80
61
41
21
1
-19
-40
-61
-79
-94
-109
-122
-135
-145
-152
-159
-163
-163
-163
-161
-156
-153
-148
-142
-135
-126
-119
-109
-99
-90
-81
-73
-63
-56
-50
-45
-38
-32
-29
-25
-22
-17
-11
-7
-2
5
10
16
22
29
36
42
50
57
64
74
81
90
98
107
116
123
130
138
144
151
156
160
162
165
163
163
159
154
149
140
131
119
104
86
69
51
31
11
-11
-34
-56
-80
-101
-121
-141
-160
-176
-190
-202
-211
-218
-222
-221
-219
-213
-207
-200
-190
-179
-168
-154
-138
-125
-110
-95
-81
-65
-50
-36
-23
-11
0
10
18
26
33
40
45
49
52
57
61
64
69
73
79
83
87
89
92
96
100
102
107
111
114
116
120
124
128
133
137
141
145
147
149
151
150
151
148
143
137
129
119
108
94
79
61
42
21
-1
-23
-46
-68
-92
-114
-134
-151
-169
-184
-197
-208
-216
-221
-222
-221
-220
-215
-207
-199
-188
-175
-162
-146
-129
-113
-95
-80
-61
-44
-26
-10
6
19
31
42
53
64
73
80
87
93
98
101
105
108
108
107
107
106
106
104
102
101
100
100
98
96
94
93
91
89
87
85
82
81
80
77
76
72
68
65
60
53
45
35
26
15
2
-11
-25
-39
-54
-67
-80
-95
-109
-124
-137
-149
-160
-169
-176
-181
-185
-186
-186
-181
-174
-165
-156
-144
-130
-115
-99
-82
-66
-49
-32
-14
1
15
30
42
54
66
76
87
94
101
105
108
110
111
111
108
108
105
101
98
94
90
85
79
74
68
63
58
54
49
48
45
44
44
42
43
41
41
41
41
39
39
38
35
32
27
23
18
12
5
-4
-12
-22
-32
-43
-53
-63
-72
-82
-93
-102
-112
-119
-125
-131
-136
-139
-140
-140
-139
-133
-126
-119
-109
-100
-87
-75
-60
-45
-32
-17
-4
9
24
37
48
59
70
80
88
96
102
107
109
112
112
112
111
109
106
100
95
90
83
77
70
64
57
51
45
40
35
30
28
25
22
21
18
18
17
14
13
12
9
8
4
1
-3
-8
-12
-17
-24
-31
-37
-43
-50
-59
-68
-77
-86
-95
-103
-109
-115
-121
-126
-128
-131
-132
-130
-129
-125
-119
-112
-103
-92
-81
-69
-55
-42
-28
-12
3
15
30
45
57
69
81
91
99
104
110
114
116
117
117
117
114
109
105
99
94
87
81
75
68
60
53
45
39
33
27
22
17
13
9
5
3
-1
-3
-6
-6
-7
-10
-11
-12
-14
-16
-20
-22
-25
-26
-28
-30
-34
-39
-42
-48
-51
-55
-60
-64
-67
-70
-73
-77
-81
-82
-83
-83
-83
-82
-80
-77
-71
-64
-56
-49
-38
-27
-16
-6
6
16
29
42
54
65
73
81
87
91
96
100
103
104
102
101
98
97
93
87
82
76
69
59
52
42
35
27
20
15
6
-1
-8
-13
-19
-24
-29
-34
-36
-38
-41
-44
-42
-43
-45
-44
-44
-45
-45
-45
-45
-45
-45
-46
-45
-46
-47
-48
-49
-52
-53
-55
-57
-59
-60
-60
-60
-60
-60
-60
-57
-55
-52
-47
-43
-36
-31
-25
-19
-9
1
10
19
28
38
46
55
62
69
75
81
85
90
92
93
95
97
96
95
92
88
85
79
74
69
61
56
51
43
37
31
24
17
11
3
-2
-8
-13
-18
-21
-25
-29
-32
-34
-36
-37
-38
-39
-41
-41
-41
-41
-41
-41
-42
-44
-44
-44
-43
-45
-47
-46
-48
-48
-49
-50
-50
-50
-50
-49
-48
-48
-46
-44
-40
-35
-31
-26
-21
-14
-9
-3
3
11
17
25
31
37
43
49
54
59
63
67
70
72
71
71
70
69
67
65
61
57
52
45
40
35
30
24
18
12
5
-3
-9
-16
-21
-27
-32
-36
-39
-41
-43
-46
-46
-46
-45
-44
-43
-41
-39
-36
-33
-30
-28
-24
-22
-20
-17
-16
-14
-14
-13
-13
-12
-13
-14
-14
-14
-13
-12
-12
-11
-11
-11
-9
-8
-8
-7
-5
-3
0
2
5
8
13
16
20
25
26
30
35
37
39
42
44
47
48
49
51
51
50
49
46
45
41
36
33
28
24
20
14
9
4
-1
-6
-11
-16
-19
-23
-24
-26
-26
-26
-30
-29
-31
-29
-29
-26
-24
-23
-21
-18
-16
-15
-15
-12
-11
-10
-9
-7
-6
-6
-5
-6
-6
-7
-7
-9
-9
-10
-10
-10
-11
-12
-13
-15
-16
-16
-15
-15
-14
-14
-14
-12
-11
-9
-7
-5
-3
1
5
7
10
12
14
17
19
20
21
22
23
23
23
23
22
21
21
19
16
15
12
10
6
4
-1
-4
-6
-9
-10
-10
-11
-12
-13
-13
-11
-9
-10
-8
-7
-6
-6
-4
-4
-4
-1
0
3
5
6
7
8
9
9
10
10
9
10
9
9
7
5
4
1
0
-1
-1
-2
-3
-4
-4
-6
-6
-6
-6
-5
-6
-8
-9
-9
-8
-7
-3
-3
-1
1
2
3
4
4
5
7
8
9
10
10
11
12
12
10
8
7
7
6
5
4
3
2
1
0
-2
-3
-2
-2
-4
-4
-3
-4
-3
-3
-1
0
1
1
1
2
5
5
5
5
5
5
4
4
4
5
4
3
2
0
-1
-3
-4
-7
-7
-9
-9
-13
-15
-16
-19
-19
-22
-21
-20
-19
-18
-18
-18
-18
-17
-15
-14
-11
-11
-9
-7
-8
-7
-6
-4
-4
-1
-1
1
3
5
5
7
7
7
7
8
10
11
10
11
11
10
10
10
12
11
11
12
13
13
12
12
11
9
11
12
11
13
14
14
14
13
15
15
15
16
16
15
16
15
14
13
11
10
7
5
2
0
-3
-6
-9
-12
-15
-16
-20
-19
-22
-22
-23
-24
-24
-25
-24
-22
-22
-22
-21
-20
-18
-17
-15
-13
-13
-12
-11
-8
-7
-5
-3
-1
2
4
5
8
10
11
12
13
14
14
14
14
15
15
16
15
17
17
19
19
17
16
16
15
16
14
16
14
13
13
12
13
12
12
10
10
9
8
6
4
4
2
0
-1
-4
-5
-7
-9
-11
-12
-15
-18
-20
-21
-21
-22
-23
-25
-26
-25
-25
-25
-25
-24
-25
-25
-23
-23
-22
-22
-21
-19
-18
-16
-15
-13
-11
-10
-7
-4
-4
-2
1
2
3
5
7
9
11
11
13
15
17
17
18
19
20
20
20
19
22
22
22
22
20
20
19
20
20
18
19
19
17
16
14
13
11
10
7
6
5
2
0
-2
-3
-4
-4
-8
-10
-12
-14
-15
-15
-15
-18
-18
-19
-19
-19
-20
-20
-20
-19
-19
-19
-18
-18
-17
-15
-14
-10
-9
-8
-7
-7
-6
-3
-1
1
4
4
9
11
11
12
14
16
19
20
23
23
25
27
27
27
27
27
27
27
26
25
24
23
21
20
20
19
17
15
12
10
7
5
3
0
-3
-5
-9
-12
-14
-17
-18
-18
-20
-21
-22
-23
-24
-25
-25
-26
-24
-25
-25
-23
-24
-23
-22
-22
-21
-19
-18
-16
-16
-16
-15
-15
-14
-13
-11
-10
-8
-8
-8
-8
-8
-8
-5
-2
0
0
1
4
5
6
8
10
11
13
15
16
16
18
19
21
22
23
24
24
24
22
22
21
21
21
20
18
17
17
15
14
12
10
8
5
4
2
-2
-3
-5
-7
-9
-11
-12
-15
-17
-18
-18
-18
-18
-19
-19
-19
-19
-20
-19
-18
-19
-18
-18
-18
-17
-16
-15
-14
-12
-10
-9
-8
-6
-4
-3
-1
0
1
3
5
8
10
12
14
15
17
21
23
24
26
27
26
28
28
29
30
29
30
30
29
27
27
25
25
24
22
21
19
18
15
12
10
6
4
1
-2
-4
-7
-9
-11
-14
-17
-18
-21
-22
-25
-27
-29
-31
-31
-32
-32
-33
-34
-35
-35
-34
-32
-32
-31
-31
-30
-29
-26
-25
-23
