11
11
12
12
12
14
14
14
15
15
15
13
13
13
13
12
11
10
9
8
6
5
4
4
3
2
1
0
-1
-3
-3
-4
-4
-4
-5
-5
-6
-7
-7
-7
-7
-8
-8
-8
-9
-6
-6
-7
-6
-7
-6
-7
-7
-6
-6
-7
-6
-6
-5
-6
-6
-5
-5
-4
-4
-2
-4
-4
-4
-3
-3
-2
-2
-1
-1
0
0
1
2
1
0
1
1
2
1
2
2
2
2
4
5
6
9
9
10
8
9
9
9
8
7
8
6
5
5
3
5
5
5
5
4
4
3
2
2
1
0
-1
0
-1
0
0
0
0
-1
0
1
1
2
2
2
2
0
0
-1
-1
-1
-1
-2
-2
-1
-2
-2
-1
-2
-2
-3
-4
-3
-5
-6
-6
-6
-6
-7
-6
-5
-5
-5
-6
-6
-8
-7
-7
-6
-6
-6
-6
-6
-5
-6
-5
-5
-5
-4
-4
-3
-2
-1
0
0
1
1
2
3
2
2
3
4
4
3
5
4
3
3
3
3
3
4
3
4
1
1
1
1
2
2
3
3
3
3
4
4
5
5
5
4
4
3
3
3
2
4
3
2
2
2
2
1
1
2
0
-1
-2
-1
-2
-2
-3
-2
-1
0
1
0
-1
-1
-1
0
1
1
0
0
1
2
1
0
2
0
1
1
2
2
3
4
4
5
5
4
5
4
4
4
4
4
2
3
0
0
1
2
2
1
0
0
1
1
1
0
0
-1
-2
-2
-2
-4
-5
-7
-8
-7
-7
-7
-5
-5
-4
-3
-3
-4
-5
-5
-4
-5
-6
-7
-6
-8
-10
-11
-11
-10
-9
-8
-8
-9
-8
-8
-8
-8
-5
-4
-3
-3
-2
-2
-1
-1
-2
-1
0
-1
0
1
1
1
2
2
3
4
6
8
8
9
9
9
7
7
7
5
5
5
4
7
5
4
5
6
6
5
5
4
3
1
0
0
-1
-2
-4
-3
-4
-4
-3
-2
-1
1
1
2
4
4
3
4
5
3
3
3
3
5
4
4
4
4
3
5
4
5
5
6
7
6
6
4
3
3
0
-1
-3
-4
-6
-5
-5
-5
-3
-3
-2
-2
0
1
1
2
1
0
1
0
0
0
0
-1
0
1
2
2
3
3
2
1
1
-1
0
-1
0
-3
-4
-2
-3
-4
-5
-7
-7
-8
-7
-7
-6
-5
-5
-3
-2
-2
1
1
2
1
1
2
2
1
-1
-1
-2
-2
-1
-1
0
0
0
1
2
3
3
2
3
3
3
2
3
4
4
5
4
4
4
3
4
4
3
2
2
2
1
1
-1
-1
-1
-1
-1
-1
-2
-1
-2
-2
-1
-1
-1
-2
-2
-3
-5
-4
-5
-6
-7
-8
-9
-10
-12
-12
-12
-12
-10
-9
-8
-9
-9
-9
-9
-9
-8
-8
-6
-6
-6
-4
-3
-1
-1
2
2
3
5
6
6
7
6
6
7
7
8
7
8
10
11
10
11
11
12
10
9
9
7
6
6
4
4
4
4
2
3
2
3
3
2
2
2
0
1
1
0
1
0
-1
-2
-3
-3
-4
-4
-5
-4
-5
-3
-3
-4
-3
-2
-2
-1
-1
-1
-1
-3
-3
-5
-5
-6
-5
-6
-6
-5
-5
-5
-4
-4
-4
-3
-2
0
1
2
2
2
4
3
3
4
4
4
5
5
5
5
5
4
5
3
3
3
3
4
6
6
6
7
6
6
5
6
7
7
7
7
7
8
8
6
6
5
3
3
2
2
3
2
1
1
0
0
-1
0
-2
-3
-4
-6
-7
-7
-8
-11
-11
-13
-12
-13
-14
-16
-15
-15
-15
-15
-15
-15
-14
-14
-13
-13
-13
-11
-11
-11
-10
-12
-11
-10
-9
-9
-8
-8
-6
-6
-6
-3
-1
0
1
2
4
5
6
9
11
12
13
13
15
15
16
16
19
19
19
20
20
19
19
19
19
20
19
21
20
19
19
19
18
17
15
12
11
10
10
7
6
5
5
2
1
0
-2
-4
-5
-6
-6
-7
-9
-9
-10
-12
-13
-14
-16
-19
-21
-21
-21
-23
-23
-24
-26
-26
-25
-26
-25
-25
-23
-22
-21
-19
-18
-16
-15
-13
-12
-10
-8
-6
-4
-3
0
0
1
3
5
5
7
8
9
13
18
16
14
15
17
18
15
16
19
20
22
17
17
21
22
23
19
19
22
20
17
16
16
15
13
13
13
12
11
9
8
6
3
2
-1
-2
-4
-5
-6
-8
-9
-10
-11
-9
-10
-11
-12
-12
-12
-13
-14
-14
-14
-15
-14
-15
-16
-16
-16
-16
-17
-16
-15
-13
-12
-11
-10
-10
-8
-7
-7
-7
-5
-4
-4
-4
-2
-1
-1
1
2
4
4
3
4
4
5
4
4
5
5
7
8
9
10
10
11
10
10
10
9
8
8
8
7
7
7
6
7
6
5
5
7
6
6
6
6
6
7
6
4
4
2
2
0
-1
-2
-2
-2
-3
-4
-4
-4
-5
-5
-6
-6
-6
-8
-8
-7
-7
-7
-8
-7
-6
-7
-8
-6
-6
-5
-4
-5
-5
-5
-4
-4
-3
-2
-2
-1
0
0
2
3
3
5
7
10
11
11
12
12
12
13
13
12
11
10
9
8
9
8
7
6
5
5
4
3
1
1
0
-1
-2
-1
-1
-2
-4
-4
-4
-5
-6
-6
-7
-8
-9
-9
-11
-13
-13
-13
-14
-14
-14
-14
-14
-13
-10
-9
-9
-10
-8
-7
-7
-8
-7
-7
-8
-8
-9
-8
-6
-6
-4
-4
-4
-3
-2
-1
0
2
4
4
5
4
5
7
7
6
6
8
8
7
7
7
7
7
8
9
10
10
11
9
9
8
8
9
8
8
8
9
10
9
8
7
5
5
4
2
3
1
-1
-2
-3
-3
-3
-4
-5
-4
-3
-3
-2
-2
-1
1
1
3
3
3
5
5
6
7
9
10
11
12
12
11
12
12
13
12
11
11
12
11
12
11
10
9
9
11
10
10
7
4
4
1
1
0
-2
-5
-8
-10
-10
-12
-13
-16
-18
-20
-22
-21
-21
-22
-25
-27
-27
-29
-29
-30
-30
-29
-27
-25
-25
-24
-23
-22
-21
-20
-20
-19
-18
-18
-18
-17
-17
-16
-15
-13
-10
-8
-7
-7
-5
-3
1
4
7
11
13
16
16
19
19
20
22
24
27
30
29
30
30
29
30
30
30
29
29
30
29
29
28
27
23
22
22
20
20
18
15
13
11
10
9
7
4
3
2
1
-1
-5
-8
-10
-12
-14
-15
-17
-17
-19
-19
-21
-23
-23
-23
-24
-23
-24
-23
-22
-23
-24
-25
-23
-20
-20
-19
-17
-16
-13
-14
-16
-15
-14
-12
-10
-8
-6
-4
-1
-1
1
4
8
11
13
14
15
17
18
17
16
18
22
23
24
25
24
25
25
23
21
20
22
24
20
17
14
15
14
13
8
9
13
16
12
5
6
8
5
-1
-3
-4
-3
-6
-12
-14
-12
-14
-20
-23
-20
-16
-17
-23
-26
-24
-22
-23
-26
-26
-23
-20
-18
-21
-22
-14
-7
-12
-16
-12
-7
-5
-9
-12
-12
-7
-2
-6
-9
-1
4
5
7
9
8
8
15
16
10
11
15
19
21
18
13
16
27
29
19
9
10
17
18
10
7
11
15
13
8
7
11
19
18
8
8
18
17
4
-2
6
11
6
2
2
1
-1
-2
-7
-12
-12
-15
-21
-15
-10
-23
-34
-25
-17
-29
-40
-31
-17
-14
-24
-38
-33
-15
-15
-28
-29
-12
0
-8
-19
-14
-3
-2
-7
-7
1
8
11
3
-1
7
14
8
6
16
15
14
22
16
9
18
21
15
17
23
18
18
22
17
8
12
19
16
14
17
21
21
14
16
20
12
5
11
14
3
3
12
6
-2
0
-1
-1
2
2
-8
-17
-7
1
-13
-26
-21
-11
-16
-20
-13
-12
-15
-9
-11
-24
-21
-7
-10
-20
-15
-9
-9
-5
-7
-13
-9
2
2
0
3
2
0
10
11
-3
-7
5
17
12
-1
3
15
14
5
-4
3
15
14
2
-8
-5
15
14
-17
-13
18
9
-14
0
18
0
-13
7
4
-20
-4
11
0
-4
-4
-1
-4
-10
6
5
-16
-8
12
6
-15
-9
7
-14
-15
12
-4
-16
-1
9
-2
-21
-1
8
-7
1
-3
-3
0
-10
1
-7
-10
21
10
-5
10
11
1
6
11
4
-3
18
20
-8
12
15
-8
13
5
-10
15
9
-5
-1
12
3
-11
14
6
-15
15
9
-2
8
-1
3
5
-3
-6
6
6
-13
7
7
-26
-2
10
-16
-15
16
3
-35
9
29
-27
-15
22
-4
-26
0
8
-31
-10
22
-26
-26
20
-1
-25
-4
4
-7
-2
4
-8
-13
2
-1
-13
5
1
-10
-1
-6
5
-9
-16
16
-3
2
16
-9
8
13
-3
-8
-4
25
0
-1
21
-6
9
12
1
5
12
31
8
1
43
21
-4
18
22
4
5
35
10
-8
13
6
-1
-3
-10
16
20
-15
-7
2
-7
-9
-10
-12
-11
0
-6
-30
-11
-14
-28
-19
-40
-15
5
-39
-18
10
-21
-24
0
-11
-35
10
17
-34
6
9
-33
1
3
-15
-9
3
15
-13
-1
10
-5
12
-3
-11
19
17
9
-7
5
33
-11
-16
34
3
-9
32
11
-9
17
28
9
5
29
16
12
30
1
18
22
4
37
0
-12
34
16
6
-5
11
26
-22
9
-4
-34
26
3
-27
2
-5
-12
-17
-13
4
-38
-28
28
-32
-42
19
-37
-23
0
-36
-11
-23
5
5
-54
22
2
-36
29
-8
-1
-4
-1
44
-27
-25
35
4
-15
-4
11
-6
10
27
-9
0
12
22
3
-14
35
15
2
10
-17
41
-5
-14
55
-21
6
45
18
25
-8
49
30
-29
61
2
-2
53
-5
0
-6
15
14
-25
30
-6
-35
30
-18
-34
9
-2
-42
-24
17
-26
-40
-7
-8
-53
-44
4
-40
-38
0
-30
-24
-40
-36
-6
-60
-16
-5
-35
4
-27
-10
-22
-29
29
-38
-9
48
-17
8
-11
18
17
-35
39
-6
-5
25
-31
38
-8
-18
55
-40
19
36
-7
33
-17
41
32
-18
55
32
29
17
14
66
2
25
63
14
27
32
59
2
-3
93
13
-3
53
11
15
17
20
19
-11
35
9
-39
5
-19
-31
-1
-36
-14
-6
-47
-33
-40
-41
-58
-38
-6
-77
-29
-1
-80
-21
-17
-63
-36
-22
-3
-87
-43
59
-80
-24
48
-62
28
16
-23
37
-13
50
10
-19
78
-67
4
84
-75
44
61
-12
43
30
66
-24
9
145
-31
11
99
-6
13
20
53
-13
-23
116
3
-20
73
23
20
-3
44
15
-31
74
0
-13
26
-14
19
-28
-4
32
-21
32
17
-3
-12
-38
13
-37
-55
18
-35
-54
-12
-68
-88
-48
-56
-64
-62
-34
-44
-56
-19
-75
-60
-5
-65
-33
-4
-38
-15
-8
-19
-28
-8
12
-25
12
33
-12
21
11
-2
11
-12
-10
11
67
10
-19
78
20
-5
28
12
36
25
80
42
-48
75
73
-20
8
67
86
0
26
93
-22
-9
58
16
-6
12
64
16
-23
49
6
-40
-2
17
8
-6
18
16
4
-29
-14
-5
-39
9
-7
-22
-20
-52
21
-57
-88
21
-47
-20
-19
-39
40
-52
-26
28
-100
-14
53
-57
-27
28
17
-46
-52
66
-33
-37
93
-15
2
68
-8
4
31
10
6
29
46
16
41
33
1
22
49
8
0
45
21
27
51
5
-10
40
-2
-18
21
8
-5
31
26
-16
-33
42
6
-51
51
9
-11
32
-3
-32
-39
-9
-26
-79
11
-29
-46
8
-90
-47
-37
-57
-33
-39
-27
-60
-17
-22
-117
10
-15
-110
-1
9
-19
-67
20
27
-82
32
5
-73
23
43
-4
-33
41
52
-46
5
27
-9
34
32
20
11
20
26
-21
7
32
5
18
55
29
4
11
40
0
-9
53
46
10
25
87
-3
-16
65
24
-19
62
58
-25
14
45
7
-54
-2
38
-55
-24
43
-33
-17
17
-52
-48
14
7
-48
-18
47
22
-33
9
-11
-8
75
-53
16
59
-22
40
-35
-12
64
-35
-23
22
19
-40
-15
32
-84
32
47
-102
5
62
-48
-13
56
24
-37
14
66
-72
0
66
-52
39
17
6
21
-98
56
28
-80
69
39
5
-2
8
36
-67
28
81
-18
36
49
-2
-5
-2
-26
-10
21
29
0
-45
12
1
-104
-10
-62
-22
59
-87
2
-20
-33
-22
-112
56
-14
-75
85
-73
-46
-8
-58
-28
-103
49
-2
-111
24
6
-76
-68
12
7
-90
3
10
-73
-26
11
-22
-86
102
17
-115
114
41
-73
69
65
16
10
124
90
-49
128
67
-45
82
86
55
77
72
69
60
-3
44
72
0
81
81
4
7
8
30
-50
3
75
-30
64
33
-59
4
-26
-37
-9
22
12
-34
-3
-29
-65
-76
-42
-34
-9
-17
-64
-12
-63
-104
-39
-93
-89
34
-50
-81
-58
-5
-62
-115
-24
0
-42
34
-8
-53
22
-38
-40
-14
-29
64
40
-48
44
85
-16
-64
63
88
10
49
91
58
46
67
70
3
28
95
100
32
108
134
1
16
66
13
-23
48
121
-9
-6
41
-80
-12
-56
-13
52
-76
66
35
-83
-40
-28
0
-115
-35
90
-85
-4
-27
-83
-34
-114
-43
-12
-80
-23
35
-40
-103
-102
-16
-89
-78
36
-52
-83
58
-50
-65
-15
-41
47
20
14
53
55
69
-7
-40
16
-35
62
51
19
151
45
-35
32
-9
8
41
76
78
68
115
-40
-2
52
-8
27
58
156
23
-9
131
-66
-49
-1
19
62
-97
122
30
-144
72
-110
-115
-1
12
77
-102
33
71
-201
-34
2
-83
0
42
76
-88
-85
9
-169
-88
37
-100
-5
46
-67
-107
-70
-101
-99
13
8
-29
74
70
-145
-63
119
-51
-23
173
25
9
60
-33
-79
-3
130
-4
14
149
-26
7
107
-29
-6
66
85
32
59
67
-21
49
110
77
-84
40
211
-82
13
138
-49
45
110
7
-145
97
231
-289
15
349
-205
-28
197
-153
-136
86
102
-127
-21
201
-268
-126
141
-289
-77
64
-62
32
-177
-131
-102
-68
52
-210
77
127
-242
70
-69
-194
120
15
-24
-74
101
106
-255
50
88
-81
98
14
35
-24
10
102
-129
-3
103
-46
59
50
-34
-26
62
112
-43
22
170
-23
4
100
-73
66
143
-25
-14
66
67
-93
-42
120
-7
7
136
-15
-114
45
-29
-120
100
78
-51
3
-6
-42
-76
28
35
9
114
-115
-40
101
-210
-41
99
-102
-37
9
-4
-157
-91
101
-165
-43
94
-190
-71
33
8
-88
-126
176
18
-113
92
-15
47
86
43
74
-83
81
160
-55
-33
26
116
7
-113
153
89
-78
157
8
-136
149
122
-43
11
206
94
-207
148
174
-217
157
119
-99
142
7
-113
-69
85
56
-160
85
46
-135
69
-152
-186
124
-54
-143
82
-43
-207
0
-2
-185
-53
96
-91
-114
141
-202
-184
240
-181
-151
211
-48
-121
-21
24
-145
24
232
-247
-56
222
-77
-98
13
150
-48
-51
252
-51
-91
174
82
-28
-29
261
67
-159
369
53
-264
247
129
-86
-9
189
123
-176
157
14
-210
174
-9
-38
117
-56
60
-5
-146
-99
60
105
-71
55
107
-204
-102
84
-151
-144
127
81
-193
-141
12
-124
-207
36
1
-165
12
119
-138
-163
51
6
-183
-22
175
-84
-26
211
-119
-111
120
-31
26
77
52
103
27
43
-136
-36
204
-75
101
109
-139
230
54
-216
107
70
69
86
40
42
-7
160
44
-66
153
-7
24
372
-113
-160
432
-15
-235
201
27
-202
49
320
-112
-283
401
-93
-477
208
33
-260
-5
275
-29
-409
63
-26
-306
97
8
-71
137
155
-134
-418
9
73
-242
-67
52
47
-29
-195
-274
-135
75
-28
-52
115
181
-1
-200
-57
-80
-49
221
13
13
259
43
-89
-135
10
125
-72
180
247
-103
89
-6
-273
-125
22
245
-32
-47
399
-112
-248
82
-205
10
278
153
133
90
155
-111
-208
162
124
144
261
53
43
80
-198
-259
64
225
164
-49
53
59
-340
-165
-97
-142
194
130
2
-243
-197
36
-373
-10
207
-61
201
-47
-147
-200
-271
217
-5
-81
267
-3
-151
-132
-85
-66
-114
204
149
-195
42
49
-276
-78
145
-27
39
132
27
-43
-56
-13
-34
135
133
-10
181
93
-100
72
32
-59
149
220
9
48
185
-85
-65
114
12
61
118
2
16
147
-96
-198
205
47
-155
157
73
-100
43
115
-102
-110
186
-66
-220
168
80
-164
-38
4
-80
-144
-85
-3
-147
-105
61
-126
-218
-93
-73
-124
-131
96
24
-224
80
35
-204
-36
-88
-13
144
13
4
-11
12
5
-77
7
-1
140
234
-85
-32
164
-36
-94
71
135
71
145
201
-38
-55
141
36
-19
153
148
94
99
35
-11
-27
33
65
74
188
89
-50
37
-17
-114
-66
51
54
-78
-1
-27
-267
-106
29
-144
-9
122
-26
-94
-10
-28
-182
-24
163
-33
-32
69
-37
-91
-76
-30
-34
11
83
-39
-83
-80
-120
-68
-113
-65
4
-48
-29
-126
-131
-40
-92
8
51
26
6
-83
10
-63
-86
153
76
3
138
47
-73
19
129
63
58
209
63
-68
75
9
-38
163
139
-1
28
31
-43
-55
66
46
47
219
39
-105
72
21
-51
80
141
90
40
108
19
-105
29
18
-32
90
92
11
-40
-63
-77
-74
-7
5
56
105
10
-43
-74
-127
-65
11
31
26
61
5
-181
-179
-124
-139
-4
51
11
22
-72
-158
-231
-212
-14
36
19
32
-41
-85
-187
-224
-82
-24
66
118
25
11
-75
-152
-100
-54
86
140
132
152
-3
-55
-24
-56
85
185
194
202
100
35
-90
-144
33
26
39
170
47
-58
-76
-118
-69
6
175
213
103
154
62
-50
28
12
96
179
134
132
29
-43
-79
-132
-40
-9
23
83
-35
-94
-121
-191
-136
-105
-74
-12
-38
-55
-96
-144
-131
-145
-90
-54
-84
-50
-82
-73
-81
-159
-113
-109
-69
14
12
62
77
78
84
43
108
139
189
261
185
203
189
107
105
103
197
185
159
241
150
128
158
122
173
185
246
281
212
241
204
143
165
122
119
114
93
74
-18
-52
-75
-147
-160
-173
-212
-200
-211
-245
-292
-376
-438
-473
-458
-429
-419
-363
-350
-438
-499
-559
-616
-567
-501
-448
-424
-438
-453
-513
-546
-498
-405
-220
-9
141
245
250
227
223
234
351
499
652
781
705
568
459
365
401
468
561
651
621
552
386
254
275
283
354
490
544
539
507
478
447
444
547
622
642
683
627
482
344
238
135
34
-14
-53
-166
-313
-464
-609
-709
-758
-787
-836
-889
-940
-1039
-1090
-1055
-1028
-955
-881
-898
-952
-993
-1000
-979
-863
-707
-677
-655
-657
-794
-805
-544
-126
273
557
702
548
345
316
310
598
1194
1625
1585
1155
695
233
-4
306
755
1073
1223
913
198
-421
-581
-337
169
850
1249
1109
766
366
75
244
815
1440
1800
1758
1362
722
202
16
70
329
552
443
-27
-692
-1249
-1567
-1565
-1224
-877
-740
-837
-1152
-1523
-1736
-1609
-1205
-741
-374
-279
-466
-768
-1008
-1084
-938
-586
-215
-103
-312
-670
-1023
-1263
-1212
-817
-251
314
653
595
247
-44
-84
96
625
1401
1917
1899
1388
645
71
7
479
1088
1562
1666
1162
262
-498
-702
-360
347
1111
1430
1160
588
-19
-300
3
725
1472
1861
1724
1104
355
-101
-168
72
501
779
571
-41
-748
-1270
-1419
-1218
-838
-538
-496
-750
-1218
-1601
-1641
-1390
-1007
-656
-475
-557
-854
-1063
-1120
-1056
-756
-425
-323
-463
-734
-944
-1078
-1045
-768
-492
-100
242
198
88
139
388
552
652
1104
1499
1511
1240
787
494
419
540
763
889
1001
772
134
-305
-394
-266
46
491
824
711
411
253
197
402
879
1354
1648
1658
1375
933
644
615
628
647
671
487
18
-532
-936
-1135
-1116
-978
-870
-885
-1028
-1196
-1341
-1347
-1170
-911
-691
-620
-626
-649
-730
-733
-648
-600
-555
-478
-445
-605
-805
-849
-882
-921
-859
-719
-495
-162
78
25
43
376
571
587
931
1492
1658
1401
1091
742
473
581
789
834
870
725
114
-542
-600
-361
-175
248
683
624
290
147
177
332
850
1444
1662
1681
1518
1057
684
692
824
805
772
640
111
-539
-968
-1195
-1206
-1026
-864
-914
-1114
-1330
-1533
-1523
-1213
-862
-668
-585
-607
-740
-827
-739
-548
-434
-356
-322
-455
-595
-744
-871
-795
-671
-645
-725
-663
-346
-126
-68
-74
86
541
763
753
1035
1457
1559
1242
894
677
559
732
854
759
773
572
-55
-557
-512
-187
50
416
708
506
249
215
290
546
1040
1554
1695
1575
1372
957
672
758
846
745
596
401
-112
-793
-1143
-1258
-1322
-1179
-1004
-1089
-1348
-1510
-1560
-1532
-1225
-796
-578
-473
-444
-611
-765
-652
-414
-284
-213
-218
-457
-682
-705
-750
-766
-587
-535
-884
-1092
-752
-321
-1
342
509
474
570
530
307
923
2123
2461
1867
1289
776
160
221
811
1138
1429
1339
240
-953
-1116
-681
-280
531
1294
1030
323
-118
-338
-112
782
1744
2066
1889
1370
559
112
287
599
739
793
561
-256
-1144
-1559
-1613
-1451
-1121
-892
-1077
-1519
-1823
-1888
-1641
-1115
-676
-510
-547
-694
-911
-926
-574
-262
-164
-154
-317
-673
-921
-864
-775
-602
-361
-539
-899
-962
-735
-322
227
629
666
914
1083
573
534
1339
1978
2009
1861
1524
703
389
502
393
831
1325
798
-190
-553
-501
-653
-136
860
1093
975
815
464
357
806
1515
1895
2108
2085
1380
738
563
497
429
336
280
-152
-959
-1544
-1849
-1898
-1792
-1599
-1442
-1620
-1812
-1848
-1770
-1344
-827
-510
-436
-469
-515
-663
-585
-320
-190
-102
-160
-461
-812
-999
-1053
-1120
-1072
-1010
-1171
-1357
-1293
-944
-524
-103
220
405
756
1012
959
1201
1954
2482
2159
1667
1390
906
759
1063
1228
1257
1054
311
-688
-885
-356
-86
357
981
872
325
89
277
681
1388
2165
2322
2089
1759
1217
906
1019
1195
1052
656
219
-494
-1268
-1606
-1645
-1636
-1604
-1546
-1669
-2026
-2156
-1979
-1642
-1166
-821
-692
-650
-606
-632
-656
-421
-180
-90
-47
-174
-456
-759
-939
-1088
-1187
-996
-912
-1124
-1284
-1294
-1108
-692
-201
56
345
974
1025
599
995
1878
2172
1898
1621
1235
836
910
877
787
1162
1011
-1
-693
-511
-251
-142
431
878
702
477
372
480
985
1662
2057
2100
2096
1777
1199
1067
1218
1070
710
444
12
-754
-1298
-1534
-1710
-1692
-1662
-1788
-1872
-1825
-1816
-1764
-1372
-1009
-912
-679
-406
-357
-403
-335
-249
-271
-199
-150
-277
-423
-632
-920
-1193
-1308
-1254
-1252
-1267
-1286
-1278
-1080
-792
-470
-101
360
943
1290
1269
1322
1710
2140
2153
1908
1746
1506
1215
975
783
781
791
418
-274
-660
-537
-395
-208
290
680
598
361
374
661
1161
1748
2117
2172
1975
1557
1123
998
1032
842
512
159
-375
-1055
-1611
-1835
-1872
-1895
-1891
-1882
-1875
-1933
-1881
-1579
-1269
-983
-675
-424
-254
-215
-202
-158
-71
52
19
-40
-117
-433
-737
-897
-1085
-1254
-1222
-1091
-1214
-1378
-1319
-1206
-800
-112
312
588
1071
1266
960
1137
1980
2437
2306
2057
1612
1086
948
872
706
962
1064
247
-716
-849
-569
-417
24
604
671
375
121
137
588
1305
1837
1991
1968
1653
990
654
809
872
656
345
-97
-827
-1529
-1839
-1833
-1676
-1621
-1754
-1851
-1918
-1969
-1753
-1231
-754
-548
-438
-349
-338
-316
-152
90
258
276
94
-160
-404
-651
-791
-814
-831
-901
-993
-1115
-1360
-1484
-1208
-772
-241
323
609
830
1163
1232
1124
1577
2424
2608
2244
1956
1436
840
710
723
782
1067
897
-136
-968
-904
-723
-533
210
828
684
234
-32
44
562
1382
1937
2032
1872
1291
523
324
608
665
404
109
-429
-1338
-1958
-2026
-1938
-1795
-1654
-1710
-1898
-1978
-1840
-1506
-981
-510
-347
-280
-157
-125
-122
103
431
475
260
79
-95
-347
-487
-503
-608
-747
-828
-965
-1191
-1369
-1348
-1081
-599
-27
380
631
892
1045
921
941
1661
2548
2714
2307
1791
1138
589
472
606
949
1320
922
-305
-1154
-1085
-803
-412
350
869
670
130
-230
-162
450
1308
1823
1906
1688
1021
249
83
393
517
348
55
-589
-1500
-2058
-2114
-1932
-1621
-1436
-1555
-1732
-1804
-1734
-1404
-810
-302
-125
-56
-25
-65
-7
214
434
472
385
283
95
-173
-372
-490
-575
-690
-801
-844
-937
-1070
-1130
-993
-601
-63
443
666
848
1229
1236
1063
1525
2286
2490
2109
1602
933
468
569
528
498
888
656
-550
-1389
-1175
-852
-583
142
581
345
-39
-365
-331
425
1401
1748
1617
1491
929
121
84
568
664
320
-91
-667
-1415
-1811
-1845
-1723
-1404
-1266
-1493
-1638
-1457
-1230
-979
-487
-93
-33
56
247
364
473
608
588
419
329
266
121
24
-82
-344
-656
-840
-945
-1042
-1086
-1152
-1160
-964
-689
-267
303
693
818
852
859
942
1501
2287
2443
2053
1520
737
144
181
403
644
944
617
-620
-1572
-1517
-1228
-808
20
521
308
-142
-492
-522
65
973
1476
1585
1561
1068
339
178
439
476
302
142
-219
-832
-1269
-1413
-1434
-1301
-1185
-1250
-1207
-945
-743
-622
-383
-161
-99
81
457
691
733
719
537
244
130
186
232
252
158
-265
-812
-1105
-1196
-1181
-1017
-919
-1018
-1076
-986
-757
-249
355
763
1001
1057
951
1081
1614
1940
1745
1405
936
404
138
40
89
323
217
-579
-1342
-1384
-1169
-957
-436
60
143
-35
-237
-194
299
959
1284
1351
1430
1257
826
640
704
644
379
91
-170
-483
-771
-968
-1067
-1092
-1183
-1269
-1088
-671
-340
-222
-168
-138
-149
-80
207
627
909
870
549
204
29
-15
66
242
295
20
-496
-941
-1146
-1150
-1051
-989
-1019
-1065
-1075
-892
-475
-15
351
579
553
271
267
892
1601
1804
1477
901
355
-57
-300
-176
482
1014
606
-349
-960
-1066
-972
-678
-92
521
714
352
-103
-104
214
448
655
1049
1384
1263
875
629
472
146
-176
-157
71
159
-3
-320
-649
-959
-1227
-1150
-555
113
311
127
-86
-356
-622
-550
-69
541
841
616
109
-301
-479
-505
-320
53
180
-146
-642
-1035
-1243
-1275
-1180
-1082
-1048
-1013
-939
-728
-363
-107
31
246
381
334
504
1078
1506
1364
950
567
300
184
148
310
754
928
356
-444
-695
-555
-477
-256
234
605
549
215
-31
51
350
515
623
986
1266
1055
707
619
513
190
51
232
392
373
169
-122
-325
-489
-692
-660
-218
155
65
-175
-301
-455
-626
-577
-300
-45
32
-110
-355
-465
-463
-489
-439
-272
-249
-463
-606
-613
-702
-834
-901
-976
-1080
-1043
-797
-448
-147
-130
-276
-254
-174
-172
82
764
1303
1188
705
308
132
108
125
352
897
1216
816
119
-173
-147
-187
-120
235
652
785
533
204
132
197
140
129
427
772
813
688
623
573
442
255
200
373
571
613
604
610
482
181
-82
-136
-51
34
39
-1
-63
-285
-642
-884
-886
-734
-598
-539
-532
-567
-669
-819
-855
-720
-555
-464
-433
-474
-613
-746
-780
-772
-769
-740
-689
-671
-717
-750
-711
-582
-440
-456
-518
-332
29
254
305
390
487
485
449
426
532
861
1137
1112
969
919
824
583
415
436
527
609
594
472
345
191
-45
-191
-48
254
480
629
743
770
705
680
808
1047
1275
1359
1279
1130
951
731
517
380
282
61
-272
-552
-747
-902
-996
-1052
-1114
-1164
-1209
-1255
-1221
-1084
-935
-827
-710
-604
-587
-611
-608
-584
-534
-503
-540
-624
-789
-1017
-1175
-1180
-1100
-1047
-1026
-1006
-976
-934
-870
-715
-433
-108
174
404
588
711
807
918
1025
1142
1303
1434
1461
1392
1242
1047
860
691
564
525
519
439
328
271
250
252
341
514
694
873
1039
1156
1253
1333
1335
1300
1294
1261
1133
947
742
477
141
-176
-422
-591
-702
-842
-1020
-1148
-1238
-1335
-1390
-1343
-1211
-1083
-966
-831
-735
-701
-706
-730
-731
-722
-750
-810
-863
-920
-1042
-1202
-1323
-1424
-1483
-1435
-1334
-1222
-1048
-842
-690
-561
-374
-159
63
314
546
737
897
1010
1065
1127
1225
1287
1261
1168
1039
912
823
783
778
788
788
726
627
577
618
735
889
1056
1201
1316
1400
1439
1436
1413
1342
1218
1083
944
788
632
479
290
26
-255
-498
-697
-829
-900
-924
-907
-887
-888
-900
-910
-910
-902
-860
-752
-636
-584
-644
-798
-970
-1133
-1235
-1262
-1294
-1344
-1413
-1542
-1676
-1725
-1673
-1561
-1407
-1209
-1021
-866
-732
-618
-432
-168
112
408
659
786
814
817
811
804
830
880
921
949
946
878
809
769
697
632
666
783
938
1129
1304
1408
1457
1458
1407
1388
1474
1595
1681
1693
1583
1358
1076
780
519
339
201
39
-117
-264
-445
-624
-758
-844
-869
-833
-748
-632
-529
-490
-479
-441
-405
-397
-389
-412
-475
-597
-815
-1050
-1223
-1365
-1504
-1612
-1675
-1748
-1846
-1915
-1937
-1870
-1689
-1449
-1176
-894
-650
-459
-298
-135
56
259
439
574
653
672
640
603
581
552
478
359
252
231
300
397
515
667
796
866
915
987
1136
1377
1628
1832
1993
2068
1996
1826
1628
1424
1246
1096
930
730
491
208
-85
-324
-503
-646
-728
-731
-672
-583
-498
-390
-244
-136
-96
-83
-52
12
79
122
121
51
-145
-451
-768
-1049
-1285
-1452
-1538
-1600
-1701
-1819
-1919
-1963
-1926
-1793
-1542
-1214
-886
-608
-398
-206
-24
129
281
430
540
579
538
418
263
110
-6
-69
-90
-84
-82
-71
-10
37
51
160
396
672
966
1249
1478
1653
1751
1733
1703
1786
1885
1892
1842
1702
1414
1028
600
187
-91
-232
-345
-418
-441
-536
-696
-782
-776
-688
-490
-226
23
258
422
441
402
403
380
283
186
78
-64
-240
-489
-810
-1103
-1346
-1573
-1710
-1704
-1620
-1548
-1515
-1481
-1390
-1224
-1034
-799
-443
-75
172
296
352
388
400
356
305
299
292
201
12
-228
-478
-683
-809
-774
-558
-271
-31
148
270
342
421
592
887
1263
1617
1823
1865
1801
1633
1409
1263
1214
1157
1039
852
581
258
-68
-370
-568
-617
-607
-599
-527
-405
-331
-281
-207
-126
-10
151
295
436
592
630
489
296
110
-100
-288
-417
-559
-727
-898
-1111
-1292
-1349
-1343
-1332
-1267
-1132
-1014
-898
-731
-559
-371
-157
-2
117
256
378
436
465
463
390
263
108
-66
-188
-260
-370
-478
-553
-607
-581
-433
-212
30
271
469
638
798
935
1122
1392
1621
1684
1582
1388
1163
948
777
667
628
555
305
-52
-352
-568
-724
-789
-709
-528
-350
-248
-188
-96
-18
1
40
189
411
597
665
626
491
220
-143
-429
-541
-588
-666
-774
-933
-1143
-1358
-1508
-1496
-1309
-1082
-895
-691
-485
-357
-272
-142
31
205
356
467
560
635
630
543
449
337
161
-18
-109
-106
-132
-220
-317
-435
-563
-605
-472
-147
263
589
788
932
1020
977
970
1213
1547
1679
1560
1305
1001
663
299
1
-64
20
-75
-360
-578
-711
-886
-1046
-1028
-795
-458
-202
-67
86
239
211
106
186
413
568
607
575
431
141
-256
-629
-842
-930
-1034
-1154
-1191
-1193
-1264
-1338
-1286
-1132
-951
-745
-484
-188
42
169
259
356
424
444
494
613
730
773
736
642
484
256
48
-51
-77
-103
-141
-176
-266
-396
-404
-207
149
513
765
983
1195
1248
1166
1208
1426
1543
1384
1072
755
467
164
-160
-326
-284
-342
-649
-936
-1014
-1027
-1071
-1023
-812
-510
-280
-196
-84
149
312
326
392
582
692
631
492
330
107
-233
-647
-968
-1134
-1264
-1413
-1481
-1456
-1473
-1531
-1474
-1230
-890
-565
-247
84
346
469
499
567
701
808
847
871
904
846
659
458
323
206
73
-40
-105
-150
-241
-381
-465
-397
-186
143
556
950
1227
1415
1534
1539
1541
1675
1808
1708
1378
923
429
-2
-344
-592
-662
-632
-790
-1133
-1337
-1326
-1297
-1227
-978
-602
-259
-70
-9
115
338
442
427
575
848
901
718
510
264
-139
-627
-1043
-1286
-1377
-1486
-1677
-1784
-1795
-1894
-1971
-1750
-1305
-893
-543
-196
93
289
404
485
656
913
1041
1023
1034
1037
885
641
445
290
127
-51
-172
-208
-275
-441
-612
-632
-420
-14
485
1012
1518
1855
1867
1723
1732
1952
2220
2259
1942
1427
852
192
-452
-804
-770
-690
-857
-1194
-1461
-1513
-1455
-1364
-1110
-616
-139
70
165
392
646
740
761
864
1006
1032
896
640
308
-148
-720
-1175
-1377
-1492
-1656
-1798
-1911
-2073
-2230
-2206
-1880
-1322
-772
-421
-206
-46
1
23
234
601
930
1082
1028
872
717
543
365
281
255
151
-80
-356
-569
-668
-752
-881
-855
-563
-104
469
1027
1453
1862
2171
2095
1968
2264
2656
2657
2317
1751
1044
422
-150
-651
-672
-419
-643
-1211
-1521
-1621
-1673
-1508
-1124
-599
-19
264
222
346
640
670
623
884
1186
1199
1030
771
375
-147
-753
-1283
-1486
-1453
-1531
-1703
-1784
-1929
-2212
-2303
-1998
-1456
-882
-445
-206
-118
-158
-244
-121
285
683
858
887
814
612
350
143
109
174
88
-188
-437
-606
-802
-990
-1041
-879
-497
25
522
1011
1563
1949
1994
1956
2103
2354
2513
2458
2139
1646
1088
420
-203
-430
-348
-406
-702
-1016
-1229
-1279
-1204
-1049
-678
-138
182
221
328
588
814
942
1060
1198
1238
1042
709
424
118
-293
-704
-1042
-1303
-1510
-1720
-1863
-1874
-1895
-1931
-1746
-1366
-983
-625
-338
-223
-187
-147
-90
101
398
561
544
479
355
187
110
104
40
-80
-272
-593
-891
-1007
-1035
-1063
-986
-806
-559
-145
337
710
1191
1777
1935
1771
1901
2162
2145
1966
1634
1127
795
507
-1
-153
130
-26
-579
-818
-843
-844
-637
-365
-87
304
411
134
161
586
816
877
1078
1195
981
596
244
12
-147
-373
-646
-853
-1037
-1326
-1633
-1699
-1541
-1422
-1301
-978
-633
-476
-408
-381
-391
-329
-218
-100
124
347
296
44
-147
-262
-290
-136
47
55
-71
-326
-723
-1035
-1075
-1002
-903
-656
-412
-292
-29
395
737
1160
1631
1674
1519
1705
1869
1667
1411
1067
539
218
15
-277
-166
210
21
-444
-505
-422
-325
34
424
705
994
969
633
631
928
1014
1033
1172
1091
672
179
-240
-549
-746
-926
-1100
-1215
-1341
-1555
-1700
-1599
-1378
-1208
-967
-582
-247
-85
-16
-24
-97
-132
-100
-55
-4
6
-135
-368
-513
-562
-573
-478
-319
-325
-481
-664
-927
-1107
-922
-671
-620
-433
-105
74
302
669
965
1386
1793
1660
1456
1758
1873
1454
1054
663
187
-7
-118
-258
62
362
-89
-556
-403
-166
70
562
992
1228
1325
1065
748
941
1269
1274
1274
1309
974
372
-120
-479
-737
-886
-1016
-1183
-1343
-1539
-1756
-1777
-1557
-1299
-1032
-637
-264
-118
-127
-120
-151
-237
-255
-177
-99
-99
-242
-531
-812
-962
-988
-916
-741
-602
-637
-791
-976
-1123
-1069
-785
-488
-287
-71
188
416
646
906
1296
1683
1684
1480
1545
1697
1526
1085
596
199
-9
-159
-300
-81
303
161
-300
-431
-222
177
689
1133
1496
1690
1443
1000
951
1226
1422
1512
1509
1241
658
-33
-543
-782
-945
-1098
-1159
-1285
-1558
-1784
-1858
-1727
-1388
-1022
-668
-262
18
9
-46
-22
-75
-90
20
19
-149
-364
-636
-928
-1109
-1158
-1110
-961
-873
-970
-1111
-1191
-1230
-1137
-855
-549
-305
-60
184
402
689
975
1241
1629
1778
1419
1223
1509
1557
1197
798
311
-115
-291
-516
-548
39
484
138
-239
-155
11
398
1044
1521
1910
2082
1639
1132
1175
1402
1471
1556
1520
1031
309
-331
-805
-1041
-1118
-1135
-1116
-1200
-1404
-1571
-1572
-1359
-1037
-694
-280
121
273
190
73
-73
-239
-261
-163
-192
-374
-611
-957
-1306
-1503
-1559
-1463
-1240
-1094
-1140
-1221
-1267
-1350
-1209
-805
-562
-306
224
627
779
917
986
1051
1373
1456
1106
1288
1747
1353
598
79
-514
-804
-563
-471
-235
531
571
-236
-410
-53
260
1054
2021
2414
2553
2387
1572
1042
1335
1592
1686
1895
1580
639
-235
-873
-1288
-1244
-956
-850
-861
-985
-1352
-1572
-1376
-990
-509
90
525
563
408
218
-9
-137
-129
-116
-139
-244
-619
-1195
-1613
-1860
-1966
-1793
-1572
-1477
-1380
-1330
-1453
-1546
-1351
-996
-639
-296
-70
249
720
917
826
864
1176
1318
1026
822
989
1166
898
157
-510
-806
-844
-816
-637
-2
599
485
29
-71
299
927
1661
2333
2800
2880
2337
1606
1365
1493
1683
1854
1803
1292
391
-509
-1092
-1245
-1130
-958
-741
-726
-1020
-1302
-1355
-1114
-596
-26
440
758
817
619
366
186
48
9
-6
-212
-571
-1008
-1482
-1866
-2090
-2140
-2026
-1897
-1852
-1804
-1747
-1729
-1601
-1292
-910
-626
-422
-66
392
707
885
1058
1230
1345
1216
781
551
866
1038
574
-61
-631
-1105
-1199
-1048
-771
-17
722
553
56
86
418
985
1884
2626
3013
3085
2539
1706
1445
1642
1764
1898
1857
1257
360
-437
-1015
-1242
-1107
-868
-724
-754
-990
-1239
-1228
-950
-464
101
546
817
865
757
592
343
101
10
-72
-311
-604
-963
-1435
-1834
-2092
-2211
-2154
-2060
-1989
-1825
-1628
-1615
-1660
-1443
-1139
-969
-690
-222
364
858
1023
1002
1004
1040
851
506
586
1002
1140
650
-262
-981
-1279
-1243
-961
-421
393
896
582
21
-29
477
1238
2096
2856
3183
2916
2167
1450
1278
1540
1877
2054
1899
1251
263
-559
-958
-1003
-827
-560
-384
-523
-895
-1176
-1207
-907
-367
147
563
859
915
742
457
151
-63
-91
-89
-277
-613
-1030
-1547
-2024
-2277
-2322
-2227
-2048
-1867
-1739
-1762
-1906
-1911
-1596
-1172
-890
-559
-35
436
738
926
975
1018
1095
930
632
669
929
862
370
-314
-987
-1321
-1189
-893
-434
322
779
489
104
179
631
1377
2242
2848
3057
2854
2194
1543
1414
1605
1792
1923
1726
1030
176
-482
-845
-905
-756
-609
-555
-643
-899
-1094
-1014
-707
-274
208
594
807
884
814
583
318
114
-24
-134
-327
-640
-1034
-1462
-1852
-2119
-2162
-2065
-1998
-1861
-1654
-1624
-1796
-1782
-1434
-1135
-896
-486
-60
281
589
698
686
865
1006
762
515
586
658
583
280
-337
-823
-877
-793
-678
-262
316
588
494
315
333
746
1408
2009
2443
2651
2484
1980
1522
1384
1454
1593
1663
1460
913
216
-309
-592
-716
-673
-545
-452
-494
-689
-884
-909
-708
-342
63
426
690
780
687
459
148
-111
-197
-229
-381
-642
-1004
-1482
-1909
-2088
-2090
-1998
-1795
-1594
-1495
-1497
-1605
-1599
-1294
-911
-636
-312
91
340
440
555
648
703
723
580
377
335
408
394
159
-266
-660
-804
-718
-509
-139
348
715
767
609
572
842
1335
1874
2313
2523
2402
1998
1558
1294
1222
1283
1348
1223
853
375
-104
-495
-659
-626
-536
-388
-262
-343
-500
-550
-551
-423
-57
339
592
774
768
413
-30
-317
-500
-557
-510
-575
-846
-1234
-1654
-2013
-2123
-1964
-1713
-1423
-1174
-1178
-1399
-1510
-1337
-1071
-793
-365
44
264
346
330
271
279
375
373
262
272
357
320
99
-265
-562
-617
-473
-257
41
449
778
834
723
675
846
1209
1631
1985
2174
2138
1822
1379
1087
997
1016
1103
1138
961
608
227
-115
-341
-356
-232
-73
67
68
-96
-277
-374
-360
-195
68
288
404
356
80
-312
-611
-755
-805
-780
-738
-821
-1036
-1294
-1539
-1679
-1625
-1398
-1130
-909
-793
-869
-1019
-1045
-956
-807
-560
-287
-136
-89
-82
-140
-216
-219
-167
-111
-53
3
54
90
48
-42
-58
14
116
273
516
801
1040
1152
1143
1099
1090
1134
1229
1375
1496
1477
1287
1009
728
505
402
451
563
634
628
537
388
255
197
235
387
578
669
625
510
347
160
28
-34
-66
-96
-196
-409
-671
-933
-1193
-1399
-1468
-1444
-1396
-1304
-1203
-1170
-1156
-1079
-939
-758
-540
-334
-196
-122
-121
-221
-353
-437
-485
-533
-567
-591
-667
-813
-950
-1024
-1032
-955
-796
-597
-380
-170
18
184
346
516
715
960
1212
1423
1590
1681
1678
1620
1526
1402
1283
1163
1012
836
651
452
270
151
92
81
117
205
335
489
635
766
898
1000
1028
1021
1031
1035
994
894
730
500
214
-100
-407
-659
-851
-1030
-1212
-1384
-1545
-1677
-1739
-1720
-1633
-1488
-1292
-1091
-929
-808
-706
-624
-539
-453
-387
-357
-381
-480
-613
-755
-899
-1015
-1099
-1152
-1166
-1135
-1064
-975
-867
-711
-513
-304
-74
173
418
646
845
1005
1126
1223
1307
1376
1449
1506
1503
1446
1337
1185
1030
898
804
762
770
776
743
692
672
706
794
920
1062
1191
1263
1250
1168
1080
1003
905
775
610
404
151
-118
-374
-603
-805
-980
-1139
-1263
-1333
-1357
-1328
-1274
-1224
-1167
-1087
-1001
-918
-830
-743
-674
-635
-632
-665
-726
-806
-897
-992
-1078
-1162
-1232
-1284
-1319
-1319
-1260
-1136
-963
-757
-513
-254
-6
227
445
655
863
1054
1207
1303
1321
1263
1168
1087
1025
985
968
935
858
745
606
481
424
454
546
657
753
821
879
941
1009
1111
1237
1340
1380
1369
1307
1183
1000
774
522
255
-21
-291
-536
-754
-957
-1144
-1297
-1400
-1439
-1413
-1320
-1195
-1064
-941
-836
-756
-692
-634
-581
-543
-528
-533
-566
-639
-751
-882
-1016
-1145
-1248
-1312
-1347
-1370
-1372
-1338
-1263
-1138
-946
-687
-390
-87
201
452
665
840
989
1124
1241
1313
1308
1237
1118
978
845
756
708
689
671
631
578
545
547
597
693
827
971
1103
1205
1278
1341
1395
1435
1452
1457
1432
1359
1227
1034
788
503
199
-88
-343
-562
-750
-909
-1047
-1156
-1219
-1228
-1183
-1095
-971
-829
-703
-616
-571
-562
-585
-630
-685
-741
-799
-883
-1003
-1148
-1304
-1455
-1570
-1626
-1637
-1614
-1564
-1498
-1412
-1288
-1112
-873
-588
-285
14
288
513
677
801
907
999
1066
1095
1070
988
855
706
586
515
504
538
590
648
714
783
864
968
1093
1235
1381
1508
1600
1653
1664
1632
1581
1515
1430
1320
1183
1009
795
555
289
19
-239
-469
-670
-826
-939
-1010
-1027
-1005
-966
-920
-852
-762
-668
-583
-513
-475
-503
-588
-711
-850
-983
-1106
-1228
-1351
-1481
-1613
-1725
-1789
-1803
-1765
-1673
-1545
-1416
-1276
-1106
-907
-678
-424
-156
111
345
524
662
772
852
896
914
907
866
785
686
595
523
482
477
510
583
687
814
956
1111
1263
1398
1516
1615
1694
1748
1773
1761
1711
1626
1503
1346
1165
963
749
538
328
121
-83
-286
-478
-641
-765
-833
-842
-807
-760
-713
-660
-608
-566
-533
-494
-466
-479
-543
-648
-784
-938
-1093
-1245
-1383
-1507
-1611
-1690
-1732
-1740
-1710
-1633
-1521
-1394
-1242
-1064
-870
-670
-466
-255
-51
134
292
428
542
625
668
684
681
649
598
548
510
484
477
489
516
566
652
766
908
1069
1233
1379
1494
1573
1616
1636
1634
1612
1574
1508
1404
1261
1084
888
687
495
318
153
0
-147
-287
-414
-518
-583
-603
-588
-560
-528
-492
-456
-429
-412
-400
-407
-448
-525
-628
-751
-885
-1026
-1171
-1316
-1456
-1577
-1662
-1706
-1711
-1671
-1590
-1483
-1366
-1229
-1068
-892
-711
-527
-341
-163
-5
127
244
348
424
473
501
508
493
456
415
389
377
384
409
452
515
596
694
816
959
1107
1250
1378
1483
1559
1603
1615
1595
1550
1481
1386
1267
1124
960
784
610
436
273
119
-20
-140
-239
-314
-359
-375
-381
-386
-385
-373
-351
-325
-299
-282
-287
-329
-412
-520
-641
-764
-886
-1011
-1141
-1275
-1398
-1496
-1561
-1587
-1571
-1515
-1434
-1330
-1204
-1061
-910
-758
-605
-453
-307
-177
-65
34
120
186
236
273
296
307
310
310
315
326
346
376
424
491
574
671
773
879
984
1082
1171
1249
1315
1366
1393
1392
1359
1296
1204
1092
974
854
730
608
488
369
253
144
47
-35
-94
-130
-144
-146
-149
-158
-177
-200
-228
-253
-275
-304
-352
-422
-511
-616
-726
-829
-927
-1020
-1102
-1173
-1227
-1263
-1276
-1269
-1241
-1198
-1138
-1058
-960
-852
-743
-633
-526
-429
-345
-271
-204
-146
-98
-61
-31
-3
21
51
92
142
196
256
323
396
478
567
664
767
868
962
1037
1095
1132
1155
1168
1168
1153
1122
1072
1006
923
823
718
612
515
430
356
292
232
180
136
108
97
96
98
102
101
93
71
36
-9
-64
-133
-219
-318
-424
-535
-643
-741
-832
-916
-989
-1046
-1078
-1089
-1076
-1047
-1006
-957
-901
-835
-757
-675
-592
-507
-426
-360
-306
-262
-224
-193
-166
-144
-127
-115
-100
-80
-50
-8
47
115
194
279
366
454
534
606
673
736
790
834
867
888
892
876
845
800
748
694
638
576
510
438
359
282
210
149
102
73
58
52
59
69
79
88
98
101
96
83
58
18
-40
-116
-204
-298
-387
-470
-538
-597
-649
-690
-717
-729
-722
-695
-654
-609
-561
-511
-459
-408
-360
-312
-265
-225
-194
-170
-156
-147
-147
-148
-151
-154
-158
-160
-151
-136
-113
-71
-16
53
137
227
324
412
489
550
595
626
639
640
633
610
573
527
475
421
365
313
260
213
176
146
119
100
82
65
49
40
39
50
70
92
118
142
154
152
138
115
76
28
-28
-93
-166
-238
-304
-365
-419
-465
-495
-508
-505
-486
-452
-410
-372
-333
-294
-258
-223
-190
-158
-132
-114
-107
-109
-116
-124
-132
-139
-145
-152
-161
-163
-159
-151
-137
-112
-79
-33
23
89
157
223
278
321
360
383
393
389
373
346
305
258
210
168
137
112
92
75
59
45
36
34
42
57
78
102
125
143
152
155
158
165
170
174
173
160
134
96
47
-6
-58
-106
-139
-162
-175
-180
-179
-173
-158
-135
-107
-80
-53
-30
-8
7
11
7
0
-14
-34
-54
-73
-96
-121
-146
-169
-190
-210
-220
-222
-212
-198
-180
-157
-132
-103
-69
-27
13
48
72
85
87
78
61
41
24
6
-17
-40
-64
-82
-91
-92
-88
-75
-56
-30
1
34
67
97
125
152
182
207
227
242
250
248
233
210
179
141
101
59
23
-11
-45
-70
-88
-97
-98
-87
-65
-30
9
55
97
131
152
160
159
147
129
105
78
48
8
-30
-71
-110
-144
-171
-188
-205
-215
-214
-202
-182
-157
-131
-99
-62
-23
19
58
90
106
106
92
64
22
-24
-74
-124
-169
-212
-251
-277
-287
-280
-259
-227
-188
-143
-94
-40
15
69
123
177
226
268
295
305
301
287
262
232
196
159
114
62
10
-40
-86
-118
-132
-128
-111
-79
-39
7
57
110
162
210
250
278
297
303
289
262
222
168
105
37
-32
-96
-154
-201
-236
-261
-281
-289
-286
-263
-227
-188
-140
-89
-41
5
46
82
112
128
130
116
87
42
-14
-76
-142
-210
-274
-329
-371
-393
-397
-387
-361
-321
-267
-201
-124
-43
38
113
180
235
275
298
307
308
299
274
238
193
140
83
24
-30
-70
-97
-108
-105
-91
-70
-37
7
63
126
196
267
329
380
412
424
419
397
360
313
258
193
125
57
-11
-74
-130
-171
-206
-227
-235
-225
-199
-160
-113
-62
-8
43
88
128
158
173
169
146
107
51
-14
-84
-158
-232
-301
-361
-412
-448
-470
-476
-469
-453
-423
-376
-321
-257
-193
-124
-58
5
62
107
139
153
150
127
91
39
-22
-81
-139
-188
-222
-243
-250
-242
-222
-188
-144
-84
-11
71
162
250
333
401
451
486
502
502
485
457
418
366
303
232
161
90
27
-19
-48
-64
-64
-49
-19
25
74
127
180
232
278
317
356
380
390
382
350
297
224
141
53
-37
-129
-214
-292
-362
-422
-467
-490
-492
-474
-439
-389
-332
-271
-209
-149
-95
-51
-20
1
5
-3
-25
-63
-112
-164
-219
-274
-327
-375
-415
-444
-457
-452
-428
-385
-318
-233
-135
-40
54
148
232
308
370
416
445
457
449
422
381
331
279
227
176
123
79
46
26
13
7
11
27
60
107
162
222
283
342
392
431
454
461
449
420
374
312
240
158
74
-8
-88
-163
-230
-284
-322
-344
-347
-340
-321
-292
-259
-224
-185
-145
-104
-60
-26
-4
1
-9
-35
-73
-117
-169
-222
-277
-332
-387
-437
-479
-501
-501
-483
-452
-409
-357
-295
-226
-147
-68
5
67
118
160
189
210
220
221
215
198
171
140
108
83
67
61
61
64
67
79
100
134
177
224
272
317
358
392
419
440
451
455
447
424
388
345
295
240
181
123
68
22
-14
-39
-54
-58
-51
-34
-10
15
40
63
82
98
109
112
104
85
56
15
-33
-86
-141
-194
-248
-305
-361
-416
-461
-494
-508
-508
-499
-481
-450
-412
-367
-313
-257
-203
-156
-119
-93
-80
-76
-83
-95
-114
-139
-166
-190
-212
-226
-231
-229
-221
-210
-187
-154
-107
-48
20
90
155
213
261
309
354
392
426
449
457
448
428
398
363
326
288
256
227
204
186
177
178
186
204
230
261
292
322
353
380
400
413
415
402
378
341
292
231
161
87
13
-61
-137
-209
-278
-338
-386
-419
-438
-443
-437
-424
-405
-380
-351
-322
-293
-269
-252
-243
-241
-251
-271
-296
-324
-355
-383
-411
-435
-450
-460
-460
-456
-444
-422
-387
-340
-284
-221
-155
-91
-31
28
84
139
189
233
271
297
310
311
303
291
275
262
252
248
248
256
264
279
303
330
366
404
442
474
506
535
557
572
575
566
546
516
482
439
394
344
289
228
166
105
45
-8
-52
-85
-111
-132
-151
-166
-178
-187
-193
-198
-201
-210
-223
-239
-260
-285
-318
-355
-396
-438
-480
-517
-545
-565
-579
-585
-587
-586
-576
-554
-521
-481
-437
-390
-344
-296
-252
-210
-172
-136
-103
-75
-49
-30
-15
0
10
18
25
38
55
78
106
137
172
211
257
308
359
408
457
501
539
566
586
599
603
598
586
566
537
503
465
428
389
353
320
288
261
236
218
202
188
173
160
148
137
127
119
108
89
63
31
-7
-51
-100
-148
-199
-252
-307
-358
-407
-450
-486
-514
-537
-555
-564
-562
-552
-534
-514
-492
-472
-453
-433
-411
-388
-369
-350
-336
-325
-320
-318
-314
-309
-303
-295
-282
-264
-241
-213
-178
-137
-94
-42
15
76
136
198
256
310
354
396
428
456
481
497
506
507
499
486
473
461
449
440
433
427
422
419
420
422
425
427
426
423
417
411
403
387
362
331
294
252
207
162
117
66
14
-42
-98
-153
-198
-238
-274
-304
-330
-351
-370
-383
-393
-399
-401
-403
-403
-402
-401
-403
-406
-415
-426
-438
-448
-455
-460
-460
-459
-451
-442
-431
-413
-389
-357
-320
-278
-234
-188
-144
-98
-53
-11
28
64
97
126
151
174
191
203
208
212
217
226
239
252
269
285
302
317
335
355
375
397
416
432
445
452
454
448
436
420
400
376
349
319
285
250
209
167
128
91
61
36
14
-10
-35
-61
-87
-111
-133
-149
-163
-174
-187
-202
-224
-243
-265
-283
-300
-316
-329
-343
-357
-370
-379
-383
-383
-378
-367
-348
-324
-296
-266
-235
-206
-182
-158
-134
-108
-84
-61
-42
-30
-23
-17
-11
-4
3
11
24
36
50
64
80
97
115
136
159
184
209
234
255
275
291
304
313
320
320
319
316
311
306
294
280
265
249
232
214
200
186
175
165
154
142
130
117
99
84
71
56
41
23
3
-20
-47
-75
-99
-125
-152
-177
-204
-229
-251
-269
-282
-292
-299
-297
-294
-288
-278
-268
-254
-239
-224
-208
-193
-179
-170
-163
-158
-159
-163
-163
-162
-160
-154
-148
-141
-134
-124
-112
-98
-80
-56
-30
-3
26
52
75
95
112
130
150
166
179
188
192
191
189
186
180
176
175
174
177
180
181
181
182
183
183
184
187
185
185
181
174
165
155
142
126
107
87
66
43
23
-1
-23
-46
-66
-85
-99
-109
-116
-120
-122
-121
-119
-113
-108
-102
-97
-94
-92
-90
-91
-94
-98
-106
-113
-123
-129
-136
-141
-146
-146
-145
-141
-135
-128
-116
-102
-87
-69
-51
-32
-15
0
15
28
39
51
59
64
65
64
62
58
57
57
60
66
70
77
82
87
94
101
111
124
134
144
149
148
144
139
132
126
119
111
102
92
80
64
47
28
9
-8
-23
-35
-43
-49
-55
-59
-61
-62
-62
-57
-54
-48
-44
-40
-39
-39
-43
-51
-61
-68
-76
-82
-87
-92
-97
-101
-104
-105
-104
-101
-93
-84
-73
-62
-53
-42
-30
-21
-11
-4
1
6
9
9
8
6
-1
-7
-14
-18
-21
-23
-22
-18
-14
-8
-4
4
15
26
38
50
60
67
71
72
75
76
76
73
69
61
52
45
35
27
19
12
4
-3
-7
-12
-14
-11
-6
0
7
13
19
26
30
31
34
35
38
38
34
30
25
18
10
0
-6
-12
-15
-15
-15
-16
-16
-16
-17
-17
-16
-13
-7
-1
5
9
9
10
8
6
7
7
8
8
4
-3
-10
-18
-22
-23
-25
-25
-24
-22
-21
-20
-16
-10
-5
1
7
12
13
15
17
17
16
15
13
10
4
-1
-6
-12
-20
-28
-37
-41
-45
-48
-50
-50
-49
-46
-42
-34
-29
-22
-15
-10
-5
-2
-2
-5
-7
-12
-13
-14
-16
-17
-18
-17
-16
-15
-11
-8
-3
3
9
14
20
27
34
37
42
45
47
51
54
56
56
54
52
46
39
32
28
26
27
27
29
28
24
23
21
22
24
28
32
31
28
26
23
20
19
17
16
13
9
2
-7
-16
-25
-33
-40
-47
-52
-56
-61
-63
-63
-65
-65
-64
-63
-60
-58
-55
-53
-52
-51
-54
-57
-60
-61
-60
-58
-54
-53
-49
-45
-41
-36
-30
-21
-9
0
10
17
23
28
33
39
45
49
55
58
61
59
58
58
56
55
53
53
52
53
56
59
59
58
59
58
61
64
69
72
73
70
64
59
52
47
42
36
32
29
22
16
9
5
-1
-9
-16
-23
-28
-34
-39
-43
-46
-48
-51
-52
-53
-57
-63
-68
-71
-77
-81
-86
-90
-94
-96
-98
-99
-97
-94
-90
-86
-82
-73
-63
-53
-42
-31
-23
-16
-10
-4
3
9
14
19
22
22
23
23
26
31
36
42
44
46
47
49
53
59
66
75
81
85
89
91
92
94
94
92
91
90
85
80
75
69
62
54
44
37
31
27
24
19
15
10
6
1
-3
-5
-8
-11
-15
-21
-26
-35
-43
-49
-56
-63
-70
-78
-88
-97
-103
-109
-111
-111
-110
-109
-105
-103
-97
-91
-85
-78
-69
-62
-55
-47
-42
-36
-30
-26
-21
-18
-15
-15
-12
-10
-6
-1
3
9
15
23
29
37
46
55
62
70
78
84
88
90
94
95
96
95
96
95
92
90
86
84
81
76
70
66
61
55
53
53
51
48
46
41
37
32
28
23
20
15
9
1
-10
-20
-30
-38
-46
-55
-62
-67
-72
-78
-81
-86
-88
-89
-90
-90
-88
-86
-83
-80
-77
-73
-71
-66
-63
-59
-56
-54
-50
-47
-44
-41
-39
-37
-33
-30
-25
-20
-15
-9
-3
6
11
17
22
29
34
38
43
45
47
50
52
53
55
54
53
52
50
50
49
49
47
45
42
40
40
39
40
40
42
42
40
37
35
32
29
27
22
17
14
9
3
-2
-8
-14
-19
-23
-27
-30
-34
-37
-39
-40
-43
-45
-46
-44
-44
-42
-39
-38
-36
-34
-33
-33
-31
-29
-27
-27
-25
-23
-22
-19
-17
-16
-13
-10
-6
-2
2
6
11
16
21
24
27
29
31
33
34
36
37
39
37
37
36
35
34
35
35
34
33
32
30
28
26
25
25
25
24
24
22
21
19
17
14
14
12
9
6
2
-1
-6
-11
-15
-20
-24
-28
-33
-38
-41
-45
-48
-52
-55
-57
-59
-60
-61
-62
-60
-58
-55
-53
-51
-48
-45
-42
-38
-33
-29
-23
-21
-18
-14
-11
-6
-2
3
6
9
13
18
23
27
31
32
34
35
37
41
43
46
48
49
49
49
48
49
50
50
51
51
51
52
51
50
48
47
43
41
38
36
35
33
28
24
18
11
6
0
-6
-13
-19
-24
-31
-37
-45
-53
-62
-67
-75
-80
-85
-90
-95
-100
-103
-106
-106
-103
-101
-96
-92
-86
-80
-72
-65
-55
-46
-37
-26
-16
-4
6
17
27
37
45
52
60
68
76
83
89
93
95
101
104
107
110
112
113
112
113
114
113
113
110
106
100
95
87
82
77
71
65
57
49
41
32
23
16
7
0
-8
-15
-24
-33
-41
-50
-59
-66
-73
-81
-88
-96
-103
-111
-119
-131
-139
-147
-153
-158
-164
-168
-169
-171
-171
-170
-168
-164
-156
-145
-133
-121
-105
-90
-76
-61
-45
-27
-6
13
31
47
60
71
84
96
107
116
124
130
134
137
142
147
149
150
151
152
153
154
156
157
156
155
153
147
142
136
131
123
114
104
91
78
63
49
36
22
9
-4
-16
-28
-40
-49
-58
-67
-76
-84
-92
-101
-109
-115
-123
-130
-136
-143
-149
-156
-162
-168
-171
-173
-176
-176
-176
-177
-173
-167
-160
-149
-137
-122
-107
-91
-73
-56
-37
-19
2
19
35
49
62
75
89
102
113
123
130
135
142
149
155
160
165
169
170
173
174
175
176
176
174
171
165
157
149
142
131
122
110
97
83
70
56
43
29
16
2
-13
-26
-38
-49
-59
-69
-79
-88
-96
-104
-113
-120
-127
-135
-142
-150
-157
-165
-171
-175
-179
-182
-183
-186
-187
-188
-186
-181
-176
-168
-160
-149
-138
-127
-115
-101
-86
-69
-52
-36
-21
-9
6
19
32
45
58
69
80
89
100
111
120
130
140
148
155
161
168
175
182
186
191
192
193
193
192
191
188
181
172
160
150
139
126
115
104
91
78
63
49
35
23
12
0
-12
-24
-36
-49
-63
-76
-87
-96
-106
-114
-124
-134
-142
-150
-157
-162
-169
-174
-178
-179
-181
-179
-176
-172
-166
-160
-152
-144
-134
-124
-112
-102
-91
-80
-71
-62
-52
-43
-31
-20
-10
-1
9
17
27
37
47
58
69
78
87
98
107
116
126
135
142
148
153
158
163
163
164
163
161
157
150
145
138
132
125
119
111
102
94
87
76
69
59
50
40
30
18
7
-5
-16
-27
-38
-50
-61
-73
-85
-94
-103
-114
-122
-131
-138
-144
-150
-152
-153
-154
-154
-152
-151
-148
-143
-139
-133
-126
-119
-112
-106
-100
-92
-85
-76
-67
-57
-49
-41
-34
-24
-13
-1
9
22
32
42
53
61
73
82
93
101
109
114
120
124
126
128
128
127
125
124
122
118
115
111
106
100
97
94
91
88
83
78
72
66
60
53
47
41
34
26
18
9
-2
-12
-22
-33
-41
-50
-60
-67
-74
-81
-85
-89
-92
-94
-98
-100
-101
-101
-101
-100
-98
-96
-93
-93
-92
-90
-87
-84
-80
-75
-72
-68
-65
-60
-55
-49
-41
-32
-24
-15
-6
4
13
23
32
41
48
55
61
65
70
75
78
80
81
82
83
83
82
81
80
77
77
74
73
71
69
66
63
59
55
50
46
42
37
30
24
18
11
3
-5
-11
-19
-25
-31
-36
-43
-48
-51
-54
-57
-60
-61
-62
-62
-61
-61
-60
-60
-58
-57
-56
-56
-53
-52
-51
-48
-46
-43
-39
-38
-35
-31
-27
-22
-17
-11
-6
0
4
8
14
19
24
29
33
38
42
45
49
51
51
52
51
51
49
48
48
47
45
43
41
41
38
37
36
33
32
30
29
28
24
22
18
15
12
7
1
-5
-9
-15
-20
-25
-31
-35
-40
-45
-49
-50
-51
-52
-53
-52
-52
-53
-51
-49
-47
-45
-43
-40
-38
-35
-33
-30
-25
-23
-21
-17
-14
-11
-9
-5
-2
3
8
14
19
25
30
35
39
43
47
51
54
56
59
61
62
63
63
62
62
61
58
55
52
49
46
43
39
35
30
25
18
14
9
6
1
-5
-12
-18
-24
-29
-35
-40
-44
-49
-54
-59
-62
-65
-67
-68
-70
-70
-72
-72
-70
-70
-68
-66
-65
-62
-60
-56
-54
-48
-42
-37
-32
-27
-22
-19
-14
-11
-6
0
4
8
13
19
22
27
33
37
41
45
50
54
57
61
64
64
67
70
71
72
74
73
73
73
73
73
71
68
67
63
60
58
54
50
43
38
33
28
24
18
13
7
2
-6
-10
-17
-22
-28
-34
-39
-46
-51
-57
-63
-69
-73
-75
-79
-80
-84
-87
-88
-87
-86
-85
-83
-82
-80
-78
-75
-73
-68
-62
-58
-51
-46
-40
-35
-28
-24
-16
-8
-2
2
7
12
16
22
28
34
40
45
50
55
60
65
70
75
78
81
85
87
88
89
89
90
90
90
88
85
82
77
72
66
61
56
52
46
40
34
26
21
13
8
2
-6
-12
-18
-27
-33
-38
-45
-50
-56
-61
-66
-73
-78
-82
-85
-88
-92
-95
-95
-95
-95
-93
-93
-91
-90
-86
-84
-80
-75
-70
-65
-58
-52
-46
-39
-33
-25
-18
-10
-1
5
12
18
25
31
38
45
51
56
61
65
70
75
79
83
84
86
88
90
92
94
94
93
93
91
88
85
81
77
74
71
67
62
55
49
42
36
28
20
13
5
-2
-8
-16
-25
-33
-41
-48
-54
-59
-65
-68
-72
-76
-79
-82
-85
-88
-92
-93
-94
-95
-94
-93
-93
-92
-89
-88
-86
-83
-80
-76
-71
-63
-57
-50
-43
-36
-28
-19
-10
0
9
16
23
30
36
42
47
53
58
63
66
69
72
76
78
81
82
84
87
88
90
91
90
90
90
88
86
83
79
76
71
66
60
55
49
43
35
29
22
13
6
-1
-7
-12
-18
-25
-30
-35
-40
-45
-48
-52
-56
-60
-63
-65
-69
-73
-74
-78
-79
-81
-82
-83
-83
-83
-81
-81
-79
-75
-70
-68
-66
-62
-58
-53
-48
-41
-35
-28
-23
-16
-9
-3
5
10
17
22
28
34
37
42
48
51
56
60
64
66
67
67
67
67
67
65
65
64
64
63
60
59
57
53
50
46
44
41
37
33
30
25
21
17
12
7
3
-1
-6
-10
-13
-18
-21
-24
-28
-32
-35
-39
-41
-45
-49
-51
-51
-53
-52
-52
-53
-54
-53
-52
-51
-49
-48
-46
-47
-46
-43
-40
-37
-34
-31
-28
-25
-21
-17
-11
-6
-2
3
7
12
15
19
23
27
30
34
36
38
40
42
43
45
46
45
45
45
44
45
45
44
43
44
43
43
42
41
39
37
36
34
32
30
28
26
22
19
15
12
7
3
0
-4
-8
-11
-16
-22
-28
-33
-37
-42
-45
-48
-51
-54
-55
-56
-58
-58
-57
-56
-56
-53
-53
-52
-50
-49
-47
-45
-44
-41
-38
-37
-33
-29
-26
-21
-18
-11
-8
-2
2
6
12
16
21
25
32
34
37
41
43
45
47
49
50
52
52
51
49
48
49
48
47
46
45
43
41
39
37
37
34
32
29
26
22
18
13
9
6
2
-2
-6
-10
-15
-21
-25
-28
-32
-35
-37
-41
-43
-46
-47
-47
-48
-46
-45
-44
-41
-39
-37
-33
-30
-27
-23
-20
-18
-14
-12
-8
-4
0
5
9
13
16
18
21
26
30
34
38
41
42
45
43
46
44
45
45
42
39
35
31
26
22
16
12
8
3
-2
-6
-9
-13
-16
-20
-23
-26
-29
-31
-32
-34
-35
-38
-40
-42
-44
-48
-49
-50
-52
-53
-56
-56
-59
-61
-63
-62
-63
-60
-57
-56
-52
-47
-43
-38
-33
-26
-21
-13
-6
2
10
18
28
36
44
50
59
66
72
79
84
89
95
98
103
105
108
111
112
113
114
112
110
107
103
97
90
83
76
67
58
48
39
28
16
7
-4
-15
-25
-34
-42
-52
-58
-65
-70
-75
-79
-82
-84
-88
-90
-91
-93
-95
-97
-99
-101
-103
-105
-106
-106
-105
-106
-105
-105
-104
-101
-98
-95
-89
-83
-77
-69
-63
-53
-43
-33
-23
-14
-3
9
19
30
41
51
60
71
81
89
98
104
112
118
124
131
136
140
144
146
148
147
146
145
142
138
134
128
122
113
104
94
85
75
63
51
39
27
15
4
-5
-16
-25
-34
-43
-53
-62
-71
-79
-88
-97
-102
-109
-117
-125
-130
-135
-139
-143
-146
-147
-148
-148
-147
-145
-141
-136
-132
-126
-120
-113
-106
-97
-88
-80
-70
-60
-50
-40
-32
-20
-11
-2
9
16
26
37
44
53
62
71
80
87
94
101
109
116
123
128
134
137
141
143
144
145
144
144
142
139
135
130
124
119
113
105
97
87
79
69
59
49
39
28
18
7
-3
-14
-23
-33
-42
-53
-63
-70
-79
-88
-96
-102
-108
-114
-120
-125
-129
-132
-134
-136
-135
-135
-132
-128
-124
-122
-118
-114
-110
-104
-97
-92
-86
-78
-74
-66
-58
-52
-44
-37
-28
-18
-10
-1
10
19
29
38
48
58
67
76
86
95
103
111
119
127
134
139
143
146
146
147
147
145
143
140
135
128
123
117
110
101
93
84
74
64
53
42
31
21
10
-1
-11
-20
-31
-40
-48
-58
-67
-76
-84
-92
-99
-105
-110
-115
-119
-120
-122
-123
-124
-122
-122
-119
-118
-115
-113
-111
-109
-105
-102
-98
-94
-88
-82
-77
-71
-65
-57
-48
-39
-33
-25
-19
-10
-1
9
17
25
32
41
49
57
65
72
79
85
92
97
101
105
109
112
115
116
118
118
115
113
110
107
104
100
95
89
83
76
69
63
56
48
41
34
24
16
8
1
-8
-16
-23
-31
-38
-44
-50
-56
-61
-65
-69
-73
-75
-78
-77
-79
-79
-78
-78
-77
-75
-73
-71
-68
-65
-63
-60
-56
-54
-50
-47
-43
-39
-36
-32
-27
-22
-17
-12
-7
-4
3
10
14
18
24
27
31
36
39
43
47
49
51
54
56
57
59
61
62
61
61
60
58
56
54
52
50
45
41
37
33
28
23
18
13
8
3
-2
-7
-12
-16
-20
-24
-28
-31
-34
-37
-39
-42
-43
-46
-48
-48
-50
-51
-51
-53
-52
-53
-52
-53
-52
-49
-47
-43
-41
-38
-35
-32
-29
-25
-21
-16
-12
-6
-2
0
5
8
12
15
17
18
22
24
27
29
30
33
35
38
40
43
45
47
49
50
51
53
53
52
53
51
50
49
47
45
43
41
38
34
29
25
23
18
13
9
7
3
-1
-4
-8
-14
-17
-20
-23
-27
-29
-32
-35
-36
-39
-40
-42
-43
-44
-45
-46
-47
-48
-49
-47
-47
-44
-42
-40
-38
-35
-32
-30
-26
-24
-20
-17
-15
-12
-8
-6
-4
-1
2
5
8
11
14
17
19
22
25
28
29
30
31
32
34
37
39
39
40
41
40
38
38
38
36
35
34
32
30
26
22
19
14
9
6
0
-3
-8
-11
-13
-15
-17
-20
-22
-24
-26
-27
-28
-31
-33
-34
-35
-37
-38
-38
-39
-40
-40
-40
-40
-40
-41
-40
-38
-36
-34
-31
-29
-27
-24
-20
-17
-13
-9
-6
-3
1
5
9
13
15
18
20
22
26
29
32
34
35
36
38
40
44
47
49
51
51
54
55
54
54
54
54
51
51
49
46
44
40
36
31
27
23
19
14
10
6
1
-5
-8
-13
-15
-19
-22
-25
-27
-28
-29
-31
-32
-33
-34
-36
-37
-39
-40
-40
-41
-41
-41
-41
-42
-45
-45
-43
-44
-43
-41
-39
-37
-35
-33
-31
-30
-28
-27
-23
-20
-19
-15
-12
-9
-7
-2
1
6
9
13
17
19
23
25
30
32
35
37
37
38
39
40
41
40
42
39
39
37
35
33
31
29
26
23
22
18
14
10
7
5
3
1
-2
-4
-7
-9
-11
-12
-13
-15
-15
-17
-18
-19
-19
-21
-22
-23
-22
-22
-22
-23
-24
-24
-25
-24
-23
-23
-22
-22
-20
-19
-17
-16
-14
-13
-12
-9
-8
-5
-4
-2
1
3
5
7
8
11
13
15
16
18
21
22
24
26
26
25
27
26
27
27
28
26
25
24
23
22
19
19
18
15
14
13
11
10
8
7
4
3
2
2
2
1
-2
-3
-5
-7
-7
-8
-8
-11
-14
-15
-17
-19
-20
-21
-22
-23
-23
-24
-24
-24
-23
-22
-22
-22
-23
-21
-19
-19
-18
-18
-16
-15
-15
-14
-11
-10
-10
-9
-8
-8
-5
-4
-3
-2
1
3
6
9
11
12
15
17
18
19
22
22
23
24
24
25
24
23
23
21
20
19
17
15
15
13
11
11
10
8
8
7
5
7
6
5
5
5
5
3
2
2
1
0
0
0
-1
-2
-3
-3
-4
-6
-5
-5
-5
-6
-7
-7
-7
-8
-9
-9
-10
-12
-13
-15
-15
-15
-17
-17
-17
-17
-18
-18
-18
-18
-17
-16
-15
-15
-14
-12
-10
-8
-7
-5
-4
-2
-2
1
2
3
5
5
6
5
6
6
6
6
6
5
5
4
2
0
0
-1
0
0
0
0
1
3
4
6
9
8
10
11
12
10
10
11
9
7
7
6
6
7
7
6
4
4
3
3
3
3
4
4
6
5
6
7
7
8
6
6
6
3
2
1
-1
-3
-3
-3
-3
-2
-2
-1
1
0
0
0
1
1
0
1
0
1
2
1
3
2
3
2
2
2
1
0
-2
-4
-4
-6
-5
-7
-8
-8
-10
-10
-10
-9
-7
-6
-5
-5
-6
-3
-3
-3
-1
-3
-2
-3
-4
-4
-4
-6
-6
-6
-6
-6
-6
-6
-6
-7
-7
-5
-4
-3
-3
0
1
3
3
5
5
5
6
6
6
6
6
5
4
3
2
3
2
2
2
2
2
3
4
3
3
4
4
5
6
6
5
5
6
5
6
5
5
4
4
3
2
0
-1
-3
-3
-3
-3
-3
-4
-5
-4
-4
-3
-3
-1
-2
-1
-1
-3
-4
-4
-4
-5
-6
-6
-7
-7
-6
-6
-6
-6
-6
-5
-5
-3
-3
-3
-2
-1
-1
-1
1
1
2
3
3
3
5
5
5
6
6
6
7
6
7
8
7
8
10
10
12
11
11
10
9
11
10
11
11
12
10
10
10
11
9
9
7
7
6
4
2
0
-2
-3
-5
-6
-8
-8
-9
-11
-13
-15
-17
-17
-17
-17
-16
-18
-18
-19
-21
-20
-19
-19
-20
-20
-20
-19
-16
-15
-15
-13
-13
-13
-12
-11
-8
-7
-6
-4
-3
-1
1
1
2
4
6
7
8
9
12
11
12
13
13
14
15
16
17
16
16
18
19
19
20
20
22
23
23
24
25
25
25
24
23
23
22
21
21
20
18
18
17
13
11
9
7
4
1
-1
-4
-7
-9
-11
-13
-15
-17
-20
-21
-22
-24
-28
-29
-30
-31
-32
-33
-32
-33
-33
-33
-33
-32
-31
-30
-29
-27
-25
-23
-22
-21
-18
-15
-12
-9
-7
-4
-1
0
2
5
6
7
10
10
12
14
15
17
18
20
20
22
24
26
26
28
29
30
32
34
34
35
33
33
32
30
30
29
27
25
23
20
18
16
14
11
9
7
4
3
-2
-3
-5
-6
-7
-9
-10
-11
-15
-17
-18
-19
-21
-22
-23
-25
-25
-27
-28
-28
-29
-31
-32
-32
-32
-31
-29
-29
-27
-27
-26
-24
-23
-20
-20
-19
-16
-13
-11
-8
-6
-4
-1
0
1
3
4
6
9
10
11
13
13
14
13
15
16
16
17
18
17
17
17
18
17
17
17
16
17
17
18
18
19
18
18
18
17
17
15
13
11
10
9
8
7
7
5
4
4
3
2
2
1
0
-1
-2
-2
-3
-5
-7
-6
-6
-5
-7
-8
-9
-10
-11
-13
-14
-14
-15
-15
-16
-16
-16
-15
-14
-13
-12
-10
-9
-7
-5
-5
-4
-4
-2
-2
0
1
3
4
4
5
5
5
6
7
7
9
9
10
10
9
9
9
10
10
11
11
10
11
11
11
11
10
10
10
9
8
7
6
5
2
1
-1
-2
-4
-6
-6
-8
-9
-10
-12
-13
-14
-15
-16
-17
-17
-18
-20
-20
-21
-20
-18
-19
-19
-18
-18
-19
-18
-17
-18
-17
-14
-14
-13
-13
-11
-10
-8
-7
-3
-1
2
4
6
7
7
9
11
12
12
13
15
14
15
17
18
18
18
15
16
16
16
16
15
16
15
15
16
15
14
15
14
13
13
12
13
12
12
11
10
11
10
10
9
7
7
4
3
1
-1
-3
-4
-6
-7
-9
-9
-10
-12
-12
-12
-14
-15
-14
-13
-13
-11
-11
-11
-10
-11
-10
-10
-9
-8
-7
-7
-6
-5
-4
-4
-3
-2
-1
0
0
2
3
2
2
4
4
6
7
6
6
4
3
3
3
3
2
3
2
2
1
1
1
1
0
-1
-2
-2
-4
-3
-4
-5
-4
-4
-5
-5
-6
-6
-7
-6
-7
-9
-9
-10
-11
-12
-10
-10
-9
-8
-8
-6
-6
-4
-3
-3
-1
-1
-1
0
1
2
3
3
4
7
8
9
10
10
11
12
13
12
13
13
14
13
14
14
16
15
16
18
17
17
17
16
14
14
15
12
12
10
8
5
4
3
-1
-2
-4
-6
-7
-9
-9
-8
-10
-12
-11
-12
-14
-13
-14
-14
-14
-13
-13
-12
-13
-11
-11
-11
-9
-10
-11
-10
-9
-8
-9
-7
-7
-6
-6
-7
-7
-6
-6
-5
-4
-5
-5
-5
-4
-3
-3
-4
-4
-3
-3
-1
1
2
1
3
3
4
6
7
8
10
10
11
12
11
13
13
12
15
16
17
16
15
14
13
11
12
9
9
7
7
7
5
3
0
-1
-2
-3
-5
-5
-7
-7
-8
-8
-9
-10
-10
-9
-9
-9
-9
-10
-9
-8
-8
-9
-10
-10
-10
-11
-12
-13
-13
-14
-16
-16
-16
-17
-16
-14
-13
-11
-9
-8
-5
-2
-1
2
4
7
8
9
11
11
12
13
13
14
16
16
17
18
20
19
19
20
20
21
21
21
21
21
21
21
20
20
18
17
15
15
13
12
10
8
5
3
2
-1
-2
-2
-3
-4
-5
-6
-7
-9
-12
-14
-15
-17
-18
-17
-19
-19
-20
-20
-20
-20
-19
-19
-19
-20
-21
-22
-23
-24
-26
-25
-25
-24
-21
-19
-18
-16
-12
-10
-8
-5
-2
0
2
5
6
7
8
9
11
13
14
15
17
19
20
20
20
22
22
24
23
23
23
23
23
23
22
22
21
19
18
14
14
11
10
8
6
5
2
1
-1
-2
-2
-3
-4
-6
-7
-7
-8
-9
-10
-12
-14
-14
-15
-18
-17
-17
-17
-18
-20
-21
-21
-20
-20
-21
-20
-21
-21
-21
-21
-19
-18
-17
-16
-14
-13
-11
-8
-7
-5
-5
-4
-2
0
0
1
1
1
2
3
4
5
6
7
10
11
12
13
16
17
19
20
22
23
24
25
26
26
27
28
28
27
28
27
26
24
23
23
22
20
20
18
17
16
15
13
12
10
7
4
4
1
1
-2
-4
-6
-8
-10
-13
-15
-18
-18
-19
-22
-22
-22
-23
-24
-24
-25
-26
-26
-25
-26
-26
-27
-27
-27
-29
-28
-28
-28
-28
-27
-25
-25
-24
-23
-23
-21
-20
-18
-17
-14
-13
-10
-8
-8
-5
-2
2
5
9
13
16
20
23
28
30
34
35
38
39
41
42
44
43
44
42
39
36
34
33
31
30
27
25
24
22
19
19
18
16
13
12
10
7
6
3
2
-1
-4
-6
-9
-11
-13
-14
-15
-17
-17
-18
-21
-23
-25
-27
-29
-32
-34
-34
-34
-33
-33
-32
-31
-31
-31
-30
-30
-29
-28
-28
-26
-25
-24
-25
-25
-22
-21
-19
-16
-12
-10
-7
-5
-3
-3
-2
1
1
3
5
8
9
11
13
18
20
23
26
27
29
29
30
31
30
31
31
31
30
28
26
24
22
20
19
17
14
12
11
9
6
4
4
3
1
-1
