0
2
2
1
0
0
0
1
1
1
2
1
0
0
-1
-1
0
-1
0
0
-1
0
1
1
2
3
3
2
2
2
1
1
1
2
2
3
2
3
3
3
4
3
4
2
1
0
0
-1
-1
-2
-2
-2
-3
-2
-2
-2
-1
-1
-2
-2
-2
-2
-3
-1
-1
-1
-1
-1
0
0
-1
0
1
0
0
0
-2
-3
-1
0
1
1
0
1
2
2
1
2
2
3
4
3
5
5
4
4
4
3
3
3
2
3
1
2
0
-1
-1
-2
-4
-4
-5
-6
-7
-8
-9
-9
-7
-6
-6
-5
-4
-4
-5
-4
-1
0
1
0
1
1
2
1
0
0
1
1
0
0
0
-1
-2
-1
-2
-1
-1
-2
0
0
0
1
2
1
1
1
0
1
1
1
1
1
0
1
0
0
0
0
-1
0
0
0
1
0
1
0
0
0
1
2
2
3
4
3
4
3
4
4
4
5
6
5
6
5
6
6
7
6
5
5
3
2
1
1
-1
-1
-2
-2
-2
-3
-4
-3
-3
-3
-3
-3
-3
-4
-4
-5
-5
-5
-4
-6
-5
-6
-5
-4
-5
-4
-4
-4
-4
-2
-2
-1
0
0
1
1
2
3
4
5
4
5
4
3
4
6
6
4
4
4
4
4
2
3
3
2
2
2
1
0
0
0
0
2
1
-1
0
-2
-4
-4
-5
-6
-6
-5
-5
-5
-7
-7
-7
-7
-8
-5
-6
-6
-7
-6
-6
-5
-6
-5
-6
-5
-4
-3
-4
-3
-2
-1
-2
0
1
2
2
2
2
2
4
5
5
5
6
5
6
6
6
6
7
7
8
7
6
5
5
6
6
8
8
10
10
10
9
9
8
8
7
5
6
6
4
2
1
2
2
0
-1
-1
-1
-1
-2
-2
-2
-2
-2
-3
-4
-3
-2
-2
-1
-2
-3
-3
-5
-5
-5
-5
-6
-5
-5
-6
-7
-7
-6
-6
-6
-5
-5
-6
-6
-7
-7
-5
-5
-4
-5
-6
-5
-5
-5
-6
-7
-6
-6
-6
-7
-6
-5
-5
-6
-6
-3
-2
0
1
2
3
3
4
6
7
7
7
7
7
7
7
8
8
9
8
9
7
8
9
7
7
7
5
6
7
7
7
6
4
6
4
5
6
6
6
5
6
6
7
5
5
4
4
4
1
1
-1
-2
-3
-4
-4
-5
-5
-5
-5
-7
-6
-6
-8
-7
-7
-9
-11
-9
-9
-10
-9
-9
-9
-7
-4
-4
-5
-5
-6
-4
-4
-3
-2
-1
-2
-2
-2
-1
-2
-3
-3
-3
-2
-1
-2
-1
-1
-1
1
2
3
4
5
3
4
6
6
5
5
5
5
6
5
6
5
5
3
3
3
3
3
1
0
0
-1
-2
-2
-2
-1
-1
-3
-3
-2
-3
-3
-4
-4
-4
-2
-3
-3
-3
-2
-3
-2
-1
-1
-1
-1
0
0
0
0
0
0
1
2
3
2
3
3
2
3
3
3
2
2
1
3
3
2
3
2
3
4
4
3
4
4
4
4
4
4
5
6
5
6
4
5
5
5
5
6
6
7
7
6
5
4
3
3
1
1
1
0
0
0
-1
-2
-3
-4
-5
-4
-6
-8
-7
-8
-9
-9
-9
-8
-6
-7
-8
-8
-8
-8
-9
-9
-7
-7
-8
-7
-7
-8
-9
-9
-8
-6
-7
-6
-7
-6
-5
-6
-5
-4
-2
-3
-1
-1
0
0
0
1
3
3
5
6
7
8
9
7
7
8
9
9
10
10
9
10
10
10
11
11
10
11
10
9
10
9
10
10
10
9
8
7
7
5
5
4
2
2
1
0
-1
-2
-4
-3
-3
-4
-6
-6
-7
-8
-8
-8
-7
-8
-10
-7
-9
-8
-8
-8
-7
-7
-6
-5
-5
-4
-3
-3
-5
-5
-4
-4
-5
-3
-3
-4
-3
-5
-4
-5
-4
-4
-5
-3
-3
-2
-1
-2
-3
-3
-4
-3
-2
-1
-2
-3
-3
-3
-2
-2
-2
-1
-1
-1
0
-1
0
1
0
1
2
4
6
6
6
6
7
7
7
8
8
8
7
7
7
7
5
4
5
6
5
4
2
2
1
0
0
0
0
1
1
0
1
3
2
1
1
0
2
1
1
0
0
0
0
0
0
0
0
-1
1
1
2
4
4
4
3
3
4
4
5
6
6
7
8
7
6
6
4
3
3
2
2
3
2
0
-1
-2
-2
-1
-2
-1
-1
-1
0
1
0
0
0
0
-1
-2
-2
-1
-2
-2
-2
-3
-4
-3
-4
-6
-7
-6
-6
-7
-6
-7
-8
-9
-11
-11
-12
-12
-13
-12
-13
-11
-11
-12
-12
-12
-12
-12
-11
-11
-8
-8
-7
-5
-5
-4
-4
-2
-2
0
-1
1
0
1
2
3
5
4
5
5
5
5
6
7
7
9
10
12
13
14
14
16
15
15
14
12
13
13
12
12
13
14
11
10
8
9
7
6
4
3
1
0
-1
-1
-2
-3
-4
-6
-7
-8
-8
-8
-9
-9
-9
-10
-10
-10
-10
-9
-7
-7
-6
-5
-4
-4
-3
-3
-2
-2
-1
0
2
3
3
4
5
4
4
5
5
7
9
8
8
11
8
11
10
11
12
12
12
11
11
11
11
10
9
8
8
6
5
4
2
1
-1
-2
-4
-5
-7
-10
-10
-10
-12
-13
-16
-15
-16
-16
-17
-18
-17
-17
-17
-17
-17
-17
-16
-18
-16
-15
-16
-15
-14
-14
-12
-12
-11
-12
-11
-10
-11
-10
-8
-6
-6
-6
-6
-3
-1
1
2
5
8
10
10
12
14
15
16
17
18
19
18
18
18
18
17
16
15
14
13
11
9
8
9
9
9
8
7
5
5
6
4
4
4
4
5
5
6
8
6
5
6
5
5
5
2
2
2
3
3
3
3
2
1
0
0
0
-1
-2
-1
-2
-3
-2
-4
-4
-4
-3
-3
-6
-6
-6
-5
-5
-5
-4
-4
-2
-4
-5
-3
-3
-3
-4
-2
-2
-1
-3
-3
-3
-3
-4
-4
-3
-4
-3
-5
-5
-5
-6
-7
-8
-6
-5
-4
-5
-5
-4
-3
-2
-1
1
2
2
1
2
3
1
1
0
-1
1
2
0
-1
-1
0
-1
-2
-2
-2
-2
-3
-3
-3
-2
-1
-1
-1
-2
-2
-2
-2
-2
-2
-2
-3
-4
-4
-6
-5
-5
-5
-4
-4
-4
-1
0
0
1
-1
0
1
2
2
3
3
5
6
6
5
5
6
6
8
8
9
9
8
8
8
8
8
6
5
6
6
7
6
6
6
6
7
7
7
7
5
5
5
4
4
4
4
3
2
1
0
0
0
-1
-1
-3
-4
-5
-5
-5
-6
-5
-5
-4
-7
-8
-9
-9
-9
-9
-9
-9
-7
-9
-8
-8
-8
-7
-7
-5
-4
-3
-3
-2
-1
0
1
1
1
1
2
3
2
3
5
5
6
7
5
6
6
4
4
5
5
5
4
5
3
3
3
3
2
1
0
1
1
0
-1
-2
-3
-4
-4
-5
-4
-4
-4
-2
-2
-2
-2
0
0
1
2
2
2
1
0
0
1
0
1
0
1
1
2
2
1
1
1
0
1
1
2
2
2
1
-1
0
0
-1
-2
-2
-4
-3
-4
-4
-4
-4
-3
-2
-3
-4
-6
-7
-8
-8
-7
-7
-7
-6
-7
-7
-7
-6
-5
-4
-5
-4
-3
-3
-2
-2
-3
-2
-1
-1
1
3
3
3
2
3
4
5
6
8
6
7
7
6
7
8
8
8
9
9
10
9
9
8
10
9
9
9
7
5
6
6
5
4
3
2
3
3
2
2
0
0
1
1
3
3
2
1
0
1
-1
0
0
-2
-3
-2
-3
-4
-2
-4
-5
-4
-4
-3
-5
-5
-6
-8
-9
-9
-11
-12
-13
-13
-12
-11
-11
-12
-13
-10
-8
-6
-4
-3
-1
2
1
1
2
4
5
6
6
6
8
8
8
7
7
6
7
6
5
5
3
2
3
2
4
4
5
6
6
6
5
3
4
4
3
3
1
4
3
3
3
4
5
5
9
5
1
1
1
-2
-5
-8
-8
-6
-5
-9
-13
-10
-7
-5
-8
-11
-8
-6
-8
-11
-15
-14
-11
-12
-13
-13
-9
-7
-5
-4
-3
-1
1
2
2
-1
-2
-3
-3
-5
-6
-5
-5
-5
-4
-3
-2
-1
-1
1
1
3
3
3
4
5
5
4
6
8
9
10
11
12
14
15
13
13
14
14
13
11
12
13
10
7
6
8
8
6
6
6
5
5
6
7
7
7
7
7
8
8
7
4
1
0
0
-3
-5
-7
-9
-11
-12
-11
-10
-10
-9
-9
-10
-9
-9
-10
-11
-10
-9
-8
-8
-6
-5
-5
-4
-1
2
4
5
4
2
3
3
2
1
0
0
-1
-3
-2
-3
-6
-6
-7
-4
-4
-5
-5
-6
-5
-5
-3
-2
-1
1
1
0
0
2
2
0
-1
1
4
4
2
-1
0
1
2
2
2
2
2
1
1
1
0
2
0
-1
-2
-2
-2
-2
-2
-3
-2
-2
-1
-2
-5
-6
-7
-5
-6
-6
-5
-4
-4
-3
-3
-1
0
2
3
4
5
6
4
0
-1
2
3
3
1
1
1
1
4
5
6
6
6
7
8
10
8
5
7
7
7
7
7
8
8
9
9
9
9
9
8
5
4
6
8
5
2
0
0
1
-1
-1
-2
-3
-2
-3
-2
-2
-2
-1
-2
-2
0
2
0
-2
-1
-3
-3
-1
-1
-4
-5
-6
-6
-7
-7
-7
-10
-8
-5
-7
-9
-6
-6
-6
-8
-9
-7
-4
-4
-6
-6
-4
-3
-4
-5
-6
-5
-3
-4
-6
-5
-4
-5
-5
-4
-3
-5
-4
-4
-5
-5
-5
-5
-6
-8
-7
-6
-4
-4
-3
-4
-5
-4
2
2
0
1
2
2
6
5
1
2
4
3
2
2
4
7
3
4
5
6
8
10
9
9
11
12
12
13
14
14
16
19
21
18
16
16
18
17
14
12
12
10
7
9
6
7
9
5
4
3
4
8
2
0
-2
-4
1
-3
-8
-11
-13
-7
-10
-17
-13
-12
-14
-18
-19
-14
-15
-16
-18
-19
-12
-10
-14
-11
-14
-9
-5
-13
-8
-3
-8
-8
-7
-6
-7
-7
-3
-6
-6
-1
1
-2
-1
4
4
2
6
6
4
7
11
6
1
14
15
6
11
11
11
17
14
12
10
13
17
13
9
6
13
13
6
5
4
6
9
6
5
4
8
5
1
4
-1
0
0
-6
-10
-8
-6
-11
-11
-9
-13
-9
-8
-16
-8
-3
-8
-5
-2
-3
-3
-2
9
1
-5
8
4
-1
3
-8
-1
4
-5
-7
-9
0
3
-15
-3
-3
-14
1
-7
-15
-3
-5
-8
-6
-3
-8
-12
0
-7
-10
-4
-7
-6
-5
-10
-14
-11
-3
-12
-11
-6
-16
-7
-2
-13
-14
-9
0
-6
-10
-7
-6
-1
-10
-10
-5
-10
6
-2
-12
6
6
3
2
5
17
4
11
20
12
17
16
16
18
13
19
21
15
13
19
18
9
16
8
15
23
2
7
11
18
16
-2
18
14
10
26
7
12
18
20
21
4
26
29
6
23
21
4
13
23
16
7
13
10
-2
11
11
-6
6
10
-6
1
5
-15
-4
5
-16
-9
-1
-12
-14
-9
-9
-23
-9
4
-22
-8
0
-25
-17
-4
-18
-27
-22
-17
-28
-29
-26
-33
-34
-34
-32
-41
-43
-39
-47
-46
-47
-45
-39
-48
-39
-39
-46
-19
-23
-29
-20
-2
-7
-28
3
22
0
5
21
16
5
24
49
0
3
78
28
-19
45
49
4
17
60
30
-15
63
69
-12
33
63
33
18
35
51
20
13
45
32
-19
23
49
-8
5
37
13
-15
4
40
-11
-24
41
-9
-29
9
-13
-21
-14
10
-6
-41
6
-6
-36
5
-26
-18
-1
-27
-14
-10
-3
-14
-27
0
-5
-25
12
4
-22
36
11
-22
12
5
22
-8
11
41
-25
13
29
-1
15
-9
20
9
5
19
-22
3
8
10
-20
-9
36
-11
13
7
-33
4
-7
-27
-6
-3
0
-29
-9
-7
-52
-1
-18
-63
1
-15
-69
-37
-32
-30
-40
-29
-18
-51
-3
-10
-63
-12
-15
-13
6
-26
-9
19
12
4
-17
26
15
-11
24
5
-10
23
34
-9
12
63
23
-24
55
84
9
5
88
51
-3
72
55
2
39
78
53
-16
26
88
-25
-8
72
13
-12
0
62
-3
-73
65
21
-51
14
23
-2
-56
15
11
-79
1
12
-38
-67
-17
21
-110
-44
31
-41
-49
-36
9
-19
-47
10
-31
-48
20
-11
-30
-9
-9
19
-25
-44
49
-15
-54
28
4
-42
-43
22
-16
-43
30
-15
-26
43
11
-6
73
1
-38
79
36
-12
43
60
21
-15
82
8
-53
97
19
-10
52
-34
7
30
-27
-2
3
1
4
6
-12
-58
-7
58
-52
-48
63
-15
-50
40
-13
-68
4
40
-5
-49
26
62
-65
-44
26
-35
-10
3
18
2
-46
17
-43
-40
50
-14
-6
16
-7
-49
-28
18
-35
4
54
-23
-15
25
9
-45
7
58
-56
1
99
-20
-60
110
40
-84
42
87
-46
-26
132
23
-67
91
5
-91
62
40
-8
12
62
30
-68
5
-5
-37
32
10
-21
18
3
-43
-13
-6
-30
17
-1
-21
31
-13
-60
22
-6
-53
43
4
-30
-1
22
30
-82
9
38
-99
44
12
-50
37
4
-23
-40
-36
34
2
-30
-3
-16
-67
3
-44
-78
37
-40
-11
18
-55
-28
-30
51
23
-87
92
56
-66
84
43
-78
44
134
12
-28
117
102
-33
-8
71
20
20
64
105
3
-79
97
57
-149
-1
178
15
-105
77
26
-194
3
107
-102
5
48
-46
-52
-93
-27
-74
-88
71
33
-15
-53
-99
48
-83
-96
109
0
-4
97
-60
-54
32
-27
-21
17
110
-5
-64
80
-85
-94
98
-32
-30
105
-13
-83
23
-7
-98
-2
99
32
-53
46
40
-74
-10
7
-20
-23
23
48
-5
-53
49
8
-110
45
126
-32
-7
123
57
-74
43
74
-57
129
112
7
80
-3
-26
27
47
19
-9
117
32
-111
53
-41
-167
84
85
-133
-75
80
-28
-182
-22
47
-162
-44
104
-69
-131
13
-1
-62
-102
-70
45
-22
-88
-4
-24
-99
18
114
-71
-113
176
95
-168
25
202
-36
-39
168
3
-56
105
39
41
147
61
-70
24
92
-94
13
108
-27
112
112
-128
-106
74
28
-61
119
130
-55
-21
-14
-103
-106
78
86
-79
86
93
-173
-94
-21
-97
11
50
47
-22
-58
-1
-102
-99
-2
9
152
85
-68
74
-9
-158
-7
3
2
85
76
-12
-110
-24
-57
-133
56
15
-65
79
-26
-110
-135
-82
23
-23
25
-25
-12
30
-153
24
5
-93
188
47
-55
58
111
37
-177
68
207
-85
54
125
-32
97
117
-25
-19
135
75
-35
126
10
-60
162
-30
-62
147
7
-98
10
41
-56
-19
115
-95
-85
83
-171
-36
104
-75
45
69
-119
-113
26
-32
-145
66
132
-77
-100
18
-59
-164
66
123
-145
-45
223
-57
-266
123
51
-203
95
171
-78
-141
208
71
-257
133
191
-97
94
136
-84
-194
12
81
-109
-61
125
85
-125
3
61
-160
20
185
44
-46
-9
101
-123
-9
261
7
-41
87
-52
-113
-32
34
-78
42
152
-101
-172
-81
-24
-85
-26
151
-22
-83
120
-142
-188
133
76
62
114
10
8
-54
14
-14
-92
193
101
-23
56
-93
-103
-37
-67
53
37
-38
-99
-1
60
-226
-121
73
53
102
53
-20
-61
-1
70
-131
13
230
88
55
-44
-73
6
-10
70
35
91
173
-101
-43
124
-113
-38
163
52
-32
-34
44
2
-85
39
-9
-45
96
48
-36
-25
47
0
-67
52
11
-61
36
41
-91
-110
61
-35
-64
161
-63
-84
94
-132
-96
53
37
-10
-78
48
-53
-163
46
4
-55
55
36
-89
-153
64
5
-191
133
120
-195
-60
89
-67
-157
130
104
-224
132
156
-286
77
204
-139
-71
111
81
-124
5
203
-62
-62
103
-33
-28
130
66
-65
18
101
-79
-73
107
17
-20
53
15
-8
23
25
6
26
51
-15
38
91
-12
11
19
-49
11
7
-36
47
68
54
-6
-80
-47
-10
-56
13
119
-4
-24
25
-52
-115
-80
69
42
40
121
-86
-98
-20
-110
-46
17
101
111
-8
-45
-161
-127
-6
-19
73
88
95
60
-89
-60
-122
-86
169
69
38
179
4
-119
-122
-106
-67
25
201
154
6
-24
-128
-175
-48
28
64
155
115
4
-49
-153
-110
64
43
8
119
49
-70
-27
-34
-101
-34
67
43
16
82
37
-87
-47
-36
-74
2
39
76
14
-108
0
-26
-75
48
-1
-19
43
35
9
-46
6
20
-44
5
-24
-29
56
47
-7
-15
27
-4
-25
50
54
41
47
-7
-17
-33
1
30
0
39
18
-39
-33
-5
14
29
33
8
-9
-35
-10
21
-1
52
25
-52
-52
-91
-42
1
-10
94
85
-13
-55
-60
-40
-53
66
151
36
-3
-32
-137
-149
-47
63
63
131
155
-39
-97
-92
-153
-70
49
130
126
52
9
-129
-188
-130
-74
52
149
146
69
-50
-132
-162
-105
35
144
206
192
79
-79
-146
-119
-105
15
179
192
119
11
-121
-209
-144
-29
52
200
208
71
10
-86
-173
-102
36
136
133
172
123
-84
-98
-97
-136
-21
77
122
78
33
-21
-150
-118
-49
-30
41
75
62
-29
-78
-53
-74
-46
15
54
76
46
3
-19
-48
-24
-14
-30
19
14
-27
-21
-28
-16
-27
-49
-3
-34
-55
0
-13
-8
-1
-10
-10
-45
-28
2
-13
2
25
26
-7
-24
-7
-70
-33
44
20
51
53
34
-9
-42
3
19
41
89
86
36
33
36
-2
16
66
80
85
53
22
-14
-51
-4
-22
1
92
34
48
36
-33
-33
-34
46
35
25
54
-34
-36
-33
-68
-28
8
19
-15
-32
-15
-95
-93
-40
-76
-9
25
22
11
-30
-41
-87
-41
41
23
58
64
-15
-72
-91
-68
-62
-24
38
33
6
-30
-88
-106
-77
-15
15
35
80
45
-44
-87
-58
-28
-1
106
118
26
20
6
-63
-46
62
80
40
62
34
-74
-90
-38
-39
4
109
131
75
46
27
-42
-41
55
93
111
148
115
22
-35
-15
4
32
141
147
76
55
-33
-106
-105
-53
11
48
102
71
-38
-66
-109
-155
-82
14
57
30
1
-98
-243
-272
-251
-188
-98
-25
-3
-78
-143
-235
-319
-219
-85
33
110
101
69
-43
-117
-116
-71
60
146
197
207
178
140
41
27
66
96
192
210
187
169
109
75
31
40
112
160
234
235
171
104
51
35
17
66
135
179
180
128
89
23
7
46
33
95
151
103
67
-9
-84
-121
-106
-50
-47
-14
-28
-129
-198
-265
-308
-296
-226
-146
-165
-173
-239
-385
-433
-429
-390
-281
-153
-138
-207
-298
-386
-426
-402
-300
-222
-143
-112
-223
-321
-330
-292
-151
4
183
276
296
365
278
233
291
340
469
514
525
488
387
407
286
213
314
374
392
333
324
262
130
122
68
37
209
345
394
412
427
386
302
397
465
470
550
535
394
201
82
-38
-142
-107
-153
-264
-342
-461
-588
-680
-637
-565
-526
-424
-424
-482
-508
-523
-521
-493
-351
-271
-280
-278
-376
-484
-540
-550
-535
-549
-426
-465
-596
-600
-766
-788
-768
-664
-440
-214
216
317
301
469
374
402
540
668
939
1069
1119
846
546
462
136
65
309
462
586
519
311
-7
-265
-256
-270
1
481
703
783
747
611
445
497
786
1011
1217
1342
1137
764
410
93
-146
-155
-6
-49
-213
-393
-712
-1019
-1115
-1038
-893
-650
-422
-420
-523
-584
-654
-670
-503
-272
-128
-43
-43
-214
-429
-491
-523
-517
-423
-419
-469
-590
-754
-935
-1099
-1038
-991
-967
-717
-408
-93
70
110
210
320
561
692
723
1081
1327
1184
849
601
570
435
447
542
544
695
563
141
-110
-170
-176
-191
43
310
344
480
547
445
448
608
856
1071
1241
1266
1038
843
618
269
102
108
100
-44
-215
-400
-704
-916
-952
-945
-854
-682
-551
-546
-590
-593
-619
-564
-430
-328
-217
-126
-120
-213
-334
-406
-475
-472
-423
-408
-455
-564
-693
-896
-1072
-1113
-1066
-953
-879
-725
-391
-91
127
229
377
593
669
787
846
934
1163
1163
951
690
520
355
198
306
407
426
493
338
-16
-282
-395
-411
-241
179
501
613
732
669
468
502
742
1015
1285
1468
1351
961
562
192
-78
-103
-41
-57
-142
-328
-664
-977
-1061
-971
-798
-544
-356
-329
-386
-461
-486
-404
-208
-32
62
121
8
-216
-331
-383
-394
-349
-337
-461
-677
-811
-1002
-1210
-1234
-1235
-1173
-1043
-983
-887
-687
-303
17
242
568
738
804
824
777
810
931
1072
1026
762
498
206
-22
-46
96
297
393
348
108
-234
-449
-502
-315
166
622
842
881
815
719
676
819
1087
1401
1637
1509
1116
689
233
-82
-160
-84
-50
-143
-296
-628
-953
-1056
-1010
-770
-454
-223
-126
-184
-247
-331
-347
-149
20
157
217
157
-6
-290
-410
-466
-519
-444
-495
-627
-786
-969
-1166
-1381
-1331
-1288
-1266
-1100
-1020
-785
-370
16
255
402
625
715
755
889
843
863
1030
998
800
491
233
4
-56
140
219
293
353
116
-259
-511
-517
-416
-139
348
600
642
621
519
449
629
1010
1289
1481
1571
1322
841
469
173
-18
21
122
11
-238
-459
-805
-1116
-1110
-905
-641
-333
-129
-141
-245
-309
-363
-302
-10
209
255
285
142
-132
-364
-415
-344
-354
-293
-373
-600
-747
-986
-1179
-1257
-1222
-1165
-1219
-1090
-913
-737
-265
132
292
373
509
647
661
842
921
804
922
966
643
244
52
-11
-30
214
378
270
246
57
-379
-612
-476
-250
21
501
748
606
522
481
432
658
1106
1421
1543
1535
1234
780
471
229
18
57
191
78
-244
-587
-880
-1116
-1095
-823
-514
-230
-82
-91
-152
-219
-207
-125
75
309
365
360
218
-73
-277
-375
-338
-305
-329
-397
-591
-737
-973
-1180
-1172
-1154
-1092
-1029
-951
-896
-720
-306
3
187
317
340
438
586
650
596
570
715
765
646
326
-44
-141
-108
-38
79
130
121
-28
-315
-602
-618
-373
-154
220
588
616
502
478
529
642
942
1272
1397
1381
1168
810
593
419
179
43
110
144
-104
-421
-693
-858
-816
-658
-424
-241
-149
-127
-139
-113
-95
-25
120
253
291
220
101
-47
-167
-203
-201
-220
-278
-424
-593
-700
-790
-897
-901
-827
-854
-889
-830
-786
-695
-393
-27
146
155
189
141
173
404
556
512
496
745
815
524
170
-81
-141
-45
78
116
184
284
0
-513
-650
-471
-297
-54
392
632
517
362
246
265
559
913
1133
1302
1310
994
635
573
430
168
168
271
228
-57
-405
-678
-773
-646
-532
-372
-204
-235
-247
-206
-189
-190
-116
72
158
224
206
60
-9
-108
-173
-197
-226
-252
-412
-486
-555
-726
-779
-777
-736
-785
-841
-816
-967
-927
-589
-335
-79
102
86
-127
-98
239
374
569
724
693
792
777
331
-104
23
228
177
368
480
264
84
-206
-540
-470
-133
-23
174
596
534
203
236
334
426
794
1168
1298
1333
1190
740
514
521
314
220
393
425
161
-163
-496
-769
-733
-585
-496
-342
-262
-359
-452
-466
-490
-454
-267
-81
44
94
-7
-159
-250
-273
-267
-220
-174
-227
-314
-419
-585
-686
-722
-739
-764
-833
-930
-1147
-1190
-941
-710
-442
-170
-55
-132
-124
134
311
555
830
907
1043
1218
992
442
274
409
394
577
848
650
316
65
-389
-692
-448
-158
-13
376
576
214
11
110
200
546
1111
1441
1473
1426
1108
690
647
667
580
655
716
483
52
-400
-777
-936
-807
-638
-556
-516
-628
-765
-826
-801
-689
-519
-254
-34
55
53
-62
-178
-206
-123
-3
49
21
-162
-409
-574
-764
-862
-814
-830
-1013
-1219
-1313
-1474
-1375
-1022
-696
-278
-19
-89
-178
29
338
562
898
1107
1206
1456
1306
705
371
427
438
506
774
707
438
213
-364
-859
-696
-404
-304
29
415
288
-8
-49
-12
308
922
1353
1570
1663
1437
979
799
857
837
823
865
716
282
-311
-809
-1031
-1042
-882
-709
-691
-819
-920
-970
-969
-782
-510
-245
71
273
239
186
183
125
119
298
350
198
-1
-271
-556
-778
-933
-1046
-1087
-1177
-1411
-1557
-1614
-1650
-1412
-937
-453
-78
151
173
221
477
740
982
1246
1413
1592
1692
1345
753
441
361
245
289
409
378
243
-153
-786
-1058
-899
-736
-440
163
506
350
176
94
184
621
1146
1515
1802
1840
1451
1027
850
688
554
606
617
377
-100
-646
-1051
-1235
-1235
-1070
-837
-741
-778
-837
-875
-810
-592
-336
-9
355
474
404
343
241
143
199
255
124
-20
-181
-466
-733
-977
-1192
-1220
-1159
-1302
-1418
-1422
-1486
-1447
-1031
-494
-143
172
188
126
357
712
919
1174
1355
1327
1444
1406
866
421
401
302
181
263
236
63
41
-325
-900
-951
-741
-695
-330
268
335
187
205
153
240
758
1177
1401
1685
1649
1209
939
884
665
535
636
610
314
-144
-638
-999
-1061
-943
-803
-665
-565
-526
-585
-601
-455
-249
-19
349
641
670
656
615
395
234
252
147
-24
-92
-252
-605
-902
-1153
-1428
-1444
-1288
-1352
-1488
-1468
-1500
-1538
-1201
-710
-289
119
262
151
208
560
736
793
1014
1284
1451
1371
813
169
46
60
-150
-103
199
236
66
-365
-1049
-1322
-1033
-820
-474
204
518
298
140
93
103
542
1127
1540
1894
2022
1641
1220
1063
818
640
772
876
659
262
-259
-763
-980
-982
-858
-614
-320
-224
-306
-360
-404
-314
4
462
847
1036
987
757
463
189
49
57
105
99
-71
-476
-971
-1410
-1673
-1678
-1529
-1435
-1456
-1504
-1617
-1801
-1639
-1221
-655
-118
170
235
215
359
395
415
601
1094
1554
1526
968
324
-53
-285
-400
-228
171
457
312
-390
-1142
-1450
-1413
-1203
-545
235
562
483
309
77
80
487
971
1621
2284
2432
2053
1717
1383
881
693
852
982
933
666
104
-506
-911
-1190
-1173
-777
-330
-155
-84
-75
-234
-285
-71
370
816
1115
1176
1016
725
302
-46
-177
-120
-91
-222
-566
-1079
-1575
-1917
-1994
-1871
-1722
-1698
-1669
-1663
-1753
-1637
-1266
-782
-213
207
279
275
474
533
413
622
1033
1297
1370
1025
295
-95
-229
-517
-464
29
193
31
-260
-913
-1409
-1290
-1031
-667
118
644
581
518
531
402
594
1147
1631
2130
2509
2335
1928
1665
1254
835
828
964
858
647
280
-232
-637
-916
-1071
-895
-461
-190
-64
50
42
-32
46
271
551
839
964
908
715
346
-125
-446
-581
-712
-824
-1039
-1363
-1663
-1929
-2098
-2156
-2110
-2010
-1787
-1535
-1347
-1125
-776
-425
-175
4
93
302
594
669
532
600
872
883
594
236
-40
-169
-278
-391
-308
29
186
-125
-482
-615
-642
-606
-338
102
498
722
692
586
637
771
900
1231
1724
2032
2027
1917
1757
1488
1241
1077
1007
1003
923
662
315
-20
-377
-667
-705
-534
-335
-181
-85
-58
-70
-71
13
200
416
553
594
544
360
40
-301
-546
-693
-824
-1012
-1242
-1472
-1673
-1837
-1933
-1956
-1930
-1889
-1816
-1690
-1569
-1406
-1079
-680
-376
-186
-75
40
158
223
207
344
730
1012
950
677
409
186
27
-76
-10
283
606
591
236
-128
-372
-535
-545
-298
68
422
609
570
461
471
569
769
1195
1706
2041
2208
2282
2170
1891
1591
1368
1259
1201
1045
756
442
86
-360
-721
-874
-900
-867
-759
-611
-473
-388
-329
-230
-100
-2
52
116
150
107
-29
-205
-374
-551
-804
-1073
-1245
-1356
-1460
-1533
-1560
-1594
-1645
-1704
-1727
-1633
-1502
-1398
-1210
-884
-560
-392
-352
-339
-229
-90
-11
108
434
819
989
948
813
732
729
703
669
829
1085
1135
914
574
237
-27
-240
-422
-422
-230
-60
-31
-10
74
200
361
641
1057
1520
1899
2139
2283
2293
2138
1883
1668
1507
1316
1049
744
415
12
-429
-790
-1002
-1087
-1078
-1008
-910
-790
-705
-672
-633
-554
-452
-336
-197
-101
-102
-174
-300
-467
-619
-738
-834
-890
-900
-923
-991
-1088
-1188
-1263
-1286
-1274
-1250
-1212
-1164
-1106
-1050
-980
-941
-924
-875
-763
-583
-367
-156
56
328
638
886
1029
1150
1289
1405
1440
1407
1365
1324
1206
922
558
256
0
-269
-468
-525
-495
-439
-361
-246
-40
256
577
904
1282
1628
1856
2025
2164
2189
2091
1941
1735
1496
1243
944
623
337
52
-273
-549
-726
-847
-925
-956
-954
-932
-906
-914
-937
-917
-869
-834
-791
-742
-732
-749
-754
-756
-765
-734
-675
-620
-575
-568
-612
-656
-697
-776
-873
-927
-949
-998
-1053
-1129
-1222
-1262
-1248
-1197
-1077
-888
-675
-422
-155
86
339
643
940
1183
1386
1539
1623
1607
1475
1289
1118
942
726
501
318
158
-6
-172
-271
-247
-134
12
199
460
735
963
1139
1316
1500
1625
1672
1693
1694
1619
1465
1274
1083
878
649
438
275
129
-44
-222
-351
-443
-549
-681
-778
-825
-888
-979
-1032
-1040
-1060
-1082
-1078
-1039
-986
-944
-903
-831
-707
-605
-545
-459
-391
-426
-498
-563
-637
-705
-779
-869
-936
-990
-1098
-1232
-1291
-1280
-1262
-1186
-994
-740
-483
-244
-45
145
329
469
597
787
1000
1142
1189
1139
1003
833
661
526
456
438
440
457
477
463
428
416
461
569
722
879
1039
1203
1318
1365
1365
1326
1260
1201
1142
1082
1036
981
875
746
630
499
357
229
103
-23
-142
-270
-418
-567
-705
-840
-959
-1059
-1147
-1210
-1215
-1186
-1146
-1072
-985
-918
-864
-803
-743
-675
-593
-520
-475
-457
-493
-570
-649
-756
-886
-961
-989
-1012
-1008
-988
-972
-915
-827
-757
-652
-476
-289
-118
50
198
308
402
466
491
533
620
708
763
803
810
770
713
659
644
697
797
882
955
1011
1015
966
911
865
846
890
966
1030
1071
1076
1018
934
857
788
740
743
776
779
735
646
521
378
222
71
-56
-157
-266
-391
-525
-667
-818
-968
-1085
-1143
-1152
-1139
-1088
-1006
-915
-853
-825
-804
-783
-777
-786
-779
-755
-734
-748
-775
-819
-882
-951
-1003
-1017
-991
-937
-864
-767
-673
-610
-570
-513
-435
-348
-245
-120
11
111
168
170
154
160
188
248
373
552
703
798
861
900
913
921
963
1064
1216
1333
1362
1339
1292
1190
1054
949
897
893
903
914
932
933
882
802
750
717
687
681
690
688
649
548
389
229
77
-86
-239
-357
-449
-533
-620
-720
-811
-874
-927
-969
-969
-932
-893
-864
-853
-884
-942
-1012
-1094
-1161
-1194
-1217
-1236
-1224
-1206
-1217
-1224
-1195
-1132
-1035
-913
-786
-670
-565
-492
-450
-415
-388
-340
-275
-215
-173
-157
-157
-154
-148
-132
-78
20
161
356
584
789
966
1129
1255
1338
1417
1492
1570
1676
1765
1767
1707
1612
1463
1286
1118
978
895
879
863
833
823
810
757
705
688
688
703
718
699
642
547
398
236
111
3
-108
-191
-245
-306
-404
-531
-660
-766
-855
-935
-1011
-1070
-1111
-1158
-1225
-1313
-1395
-1454
-1487
-1503
-1512
-1499
-1451
-1385
-1308
-1211
-1105
-1003
-901
-789
-692
-619
-555
-501
-461
-452
-481
-505
-515
-541
-566
-555
-511
-459
-398
-335
-242
-94
79
259
481
739
968
1148
1289
1396
1491
1585
1660
1740
1828
1845
1745
1583
1413
1246
1081
930
842
840
866
843
785
735
685
625
583
584
628
680
696
670
604
484
343
240
182
145
125
93
22
-95
-258
-454
-632
-759
-866
-947
-1010
-1090
-1198
-1323
-1444
-1528
-1546
-1521
-1488
-1429
-1359
-1297
-1241
-1180
-1108
-998
-852
-712
-619
-575
-582
-620
-658
-688
-704
-686
-627
-552
-496
-471
-458
-440
-394
-293
-151
13
201
413
624
824
992
1106
1201
1306
1384
1427
1482
1550
1593
1588
1515
1371
1211
1055
875
717
659
675
703
729
750
747
722
676
616
586
612
646
673
696
668
572
462
364
257
156
89
39
-26
-129
-291
-470
-630
-787
-940
-1042
-1092
-1129
-1185
-1250
-1314
-1382
-1438
-1460
-1419
-1315
-1197
-1091
-1001
-924
-877
-875
-882
-866
-815
-769
-760
-773
-786
-809
-834
-811
-712
-551
-375
-237
-150
-66
12
69
151
324
575
841
1025
1065
1035
1019
989
960
1013
1152
1307
1382
1315
1155
994
827
652
595
709
879
993
1035
1011
941
823
671
599
681
808
879
903
871
731
520
324
197
162
180
179
158
89
-90
-330
-535
-688
-802
-853
-839
-831
-871
-977
-1117
-1207
-1243
-1265
-1227
-1126
-1046
-1002
-989
-1005
-1027
-1054
-1080
-1063
-1023
-1022
-1050
-1044
-1018
-1014
-974
-865
-695
-485
-332
-220
-35
164
266
335
466
671
873
931
831
751
719
610
502
571
752
895
924
782
583
476
392
336
504
816
991
1041
1077
1055
995
965
936
1014
1220
1298
1200
1113
972
670
401
283
214
196
212
155
54
-60
-273
-474
-494
-457
-446
-372
-309
-355
-448
-554
-655
-730
-796
-839
-809
-757
-776
-839
-892
-988
-1091
-1168
-1240
-1224
-1197
-1263
-1275
-1238
-1318
-1335
-1088
-772
-480
-148
51
133
362
538
455
553
917
1016
864
712
409
95
53
3
-82
145
344
118
-101
-113
-216
-213
81
374
685
1104
1243
1131
1234
1366
1265
1303
1521
1542
1417
1285
1010
668
380
34
-232
-227
-227
-411
-547
-580
-660
-719
-623
-433
-226
-44
47
91
143
121
28
16
77
45
-75
-172
-270
-416
-577
-745
-925
-1063
-1194
-1396
-1553
-1578
-1623
-1668
-1515
-1196
-803
-380
-52
143
361
676
922
1020
1144
1340
1421
1250
838
367
51
-102
-248
-358
-309
-283
-514
-831
-981
-964
-807
-480
-60
388
791
936
896
1022
1281
1449
1632
1908
2010
1776
1361
916
481
95
-227
-451
-523
-583
-824
-1119
-1256
-1286
-1217
-912
-457
-84
164
311
353
346
361
426
573
760
819
678
428
130
-196
-469
-625
-711
-791
-877
-1029
-1326
-1637
-1826
-1916
-1788
-1339
-753
-201
269
508
572
848
1209
1251
1326
1669
1777
1534
1114
453
-136
-326
-502
-730
-538
-310
-616
-977
-1079
-1201
-1113
-675
-258
250
865
939
664
778
995
1024
1313
1736
1789
1642
1413
876
291
-99
-522
-803
-744
-816
-1116
-1271
-1404
-1636
-1618
-1310
-968
-568
-140
118
244
301
238
244
443
622
684
715
623
370
96
-135
-319
-451
-561
-644
-774
-1036
-1345
-1561
-1586
-1356
-898
-345
189
634
939
1228
1556
1658
1590
1679
1809
1763
1508
1014
410
-51
-410
-740
-834
-734
-744
-856
-923
-960
-911
-691
-336
147
687
1014
1101
1188
1302
1352
1425
1541
1531
1296
964
666
277
-240
-695
-987
-1160
-1291
-1441
-1569
-1604
-1582
-1511
-1328
-1026
-733
-495
-213
43
72
-39
-24
83
128
196
313
291
142
-16
-183
-293
-332
-473
-641
-692
-873
-1206
-1329
-1266
-1219
-992
-478
34
402
700
1006
1511
1995
1922
1618
1759
2008
1800
1321
862
484
216
-121
-541
-577
-318
-455
-818
-799
-641
-590
-363
27
458
904
1065
1018
1219
1482
1471
1468
1610
1526
1145
785
510
159
-366
-911
-1171
-1260
-1495
-1720
-1762
-1749
-1687
-1567
-1386
-1036
-690
-526
-278
58
80
-83
-34
40
-50
-65
-62
-206
-325
-425
-581
-645
-706
-888
-991
-1036
-1175
-1299
-1235
-1000
-655
-238
193
647
950
1137
1689
2294
2157
1749
1772
1813
1606
1295
764
248
79
-283
-914
-906
-487
-547
-709
-584
-547
-413
-13
230
554
1206
1493
1406
1617
1860
1726
1598
1600
1385
994
697
427
-41
-660
-1168
-1456
-1616
-1704
-1756
-1801
-1704
-1503
-1412
-1185
-720
-491
-354
80
333
192
133
169
78
-5
-78
-221
-282
-364
-688
-884
-817
-945
-1195
-1254
-1344
-1524
-1535
-1344
-967
-448
-36
368
905
1095
1165
1878
2455
2149
1919
2068
1858
1441
1013
341
7
61
-454
-943
-474
-222
-707
-790
-539
-480
-111
347
498
1026
1590
1331
1196
1719
1837
1573
1697
1714
1282
927
530
-108
-541
-904
-1406
-1518
-1390
-1638
-1839
-1626
-1502
-1469
-1114
-670
-415
-223
-124
-96
31
54
-154
-228
-114
-220
-479
-521
-558
-831
-989
-960
-1022
-1120
-1264
-1469
-1512
-1452
-1401
-1061
-393
111
421
810
1045
1342
2061
2319
1912
1909
2098
1744
1278
863
267
36
20
-591
-959
-440
-309
-735
-678
-432
-341
74
521
768
1345
1818
1623
1681
2133
1998
1716
1904
1857
1406
997
477
-183
-769
-1425
-1936
-1871
-1747
-1974
-1991
-1798
-1806
-1608
-1096
-678
-220
192
251
361
586
398
124
191
86
-296
-477
-626
-965
-1146
-1197
-1368
-1514
-1580
-1717
-1802
-1719
-1557
-1186
-545
69
551
901
1012
1234
1790
2126
2058
1942
1821
1653
1337
668
26
-97
-178
-619
-815
-599
-532
-564
-522
-497
-174
365
680
1132
1831
2019
1823
1999
2335
2394
2331
2180
1913
1561
952
310
0
-424
-1207
-1745
-1976
-2253
-2376
-2291
-2225
-2007
-1691
-1508
-1095
-505
-305
-116
396
571
448
534
518
306
166
-132
-551
-720
-881
-1284
-1472
-1421
-1694
-2036
-2050
-2116
-2115
-1621
-964
-341
445
1051
1140
1292
1950
2428
2307
2167
2223
2124
1708
990
248
-80
-172
-642
-1225
-1153
-773
-822
-949
-752
-499
-195
291
821
1490
2156
2282
2258
2610
2729
2466
2491
2601
2275
1736
1136
455
-113
-802
-1677
-2000
-1914
-2206
-2452
-2291
-2340
-2464
-2093
-1601
-1215
-655
-243
-139
169
397
164
193
499
290
-58
-100
-349
-785
-1016
-1211
-1482
-1700
-1857
-1991
-2037
-1905
-1679
-1306
-627
59
460
789
1330
1978
2246
2088
1966
2001
2033
1769
1134
614
404
103
-470
-936
-913
-730
-838
-954
-795
-554
-352
-63
459
1165
1701
1918
2180
2563
2651
2531
2638
2810
2616
2100
1582
1097
461
-390
-1172
-1458
-1512
-1846
-2146
-2170
-2310
-2445
-2149
-1661
-1239
-768
-429
-307
-121
-23
-61
209
494
288
6
-126
-451
-819
-920
-1024
-1351
-1683
-1897
-2051
-2085
-1952
-1669
-1147
-501
-46
145
472
1244
1879
1840
1708
1818
1822
1682
1299
638
280
234
-245
-918
-907
-565
-656
-805
-723
-671
-473
-140
138
755
1508
1689
1711
2045
2201
2125
2263
2464
2456
2214
1698
1178
828
270
-391
-626
-736
-1100
-1376
-1512
-1728
-1796
-1643
-1479
-1133
-701
-606
-500
-147
-131
-306
-115
43
-4
69
-3
-378
-657
-729
-795
-939
-1184
-1478
-1659
-1713
-1723
-1496
-1048
-681
-342
-43
220
806
1357
1327
1299
1498
1400
1191
1062
640
240
192
-202
-888
-864
-519
-640
-662
-533
-726
-644
-253
-156
294
1156
1286
1126
1480
1639
1567
1896
2157
2084
2007
1670
1098
789
391
-270
-421
-264
-604
-983
-1107
-1456
-1633
-1331
-1139
-945
-566
-529
-589
-336
-255
-337
-158
-14
-84
-100
-107
-277
-451
-450
-422
-562
-744
-765
-733
-799
-814
-603
-340
-83
211
315
504
1085
1250
783
650
801
670
580
484
25
-236
-151
-547
-1106
-835
-328
-285
-157
57
5
111
308
336
783
1412
1371
1171
1318
1225
927
954
1106
1098
905
545
274
82
-359
-796
-782
-584
-594
-666
-712
-828
-882
-844
-723
-424
-249
-345
-313
-227
-395
-513
-441
-470
-591
-666
-711
-725
-782
-834
-723
-697
-901
-945
-794
-674
-390
111
502
793
1016
954
1026
1600
1721
1100
946
1148
786
317
-11
-575
-768
-520
-859
-1318
-858
-441
-714
-625
-203
-113
217
732
847
1209
1807
1703
1466
1670
1498
1137
1306
1378
1037
681
207
-276
-531
-924
-1331
-1177
-858
-983
-1090
-982
-1085
-1020
-606
-374
-106
253
172
0
16
-205
-453
-363
-325
-589
-734
-731
-1045
-1390
-1334
-1322
-1487
-1315
-1022
-1023
-787
-208
141
594
1275
1427
1479
2189
2672
2320
1945
1816
1423
1017
633
-154
-665
-592
-859
-1387
-1457
-1211
-1014
-951
-854
-567
-130
309
595
932
1460
1718
1601
1591
1790
1870
1768
1698
1530
1076
541
70
-344
-724
-1132
-1420
-1449
-1431
-1560
-1705
-1632
-1422
-1177
-820
-470
-174
75
130
113
117
54
20
-38
-208
-380
-606
-896
-1117
-1240
-1359
-1531
-1689
-1751
-1579
-1201
-892
-458
179
624
974
1434
1935
2518
2810
2591
2435
2434
2049
1416
981
462
-165
-451
-830
-1368
-1285
-1077
-1297
-1252
-966
-837
-469
88
440
852
1379
1602
1725
2051
2123
1918
1917
1911
1616
1193
687
132
-380
-999
-1600
-1801
-1828
-1965
-1998
-1964
-2040
-1941
-1554
-1201
-894
-424
-16
137
245
196
3
59
68
-174
-216
-234
-601
-971
-1099
-1268
-1614
-1701
-1517
-1530
-1393
-915
-504
-13
568
792
1026
1806
2460
2352
2253
2502
2333
1944
1692
1134
635
555
224
-422
-706
-567
-534
-640
-632
-637
-571
-251
37
340
848
1131
1050
1077
1332
1457
1452
1631
1736
1457
1030
630
278
-43
-499
-932
-1046
-1125
-1460
-1726
-1736
-1812
-1881
-1650
-1411
-1255
-915
-683
-687
-576
-496
-531
-360
-256
-426
-439
-406
-662
-849
-833
-960
-1151
-1219
-1228
-1067
-805
-563
-160
277
464
736
1351
1968
2213
2062
1884
1998
2120
1772
1323
1106
726
334
56
-439
-632
-313
-250
-382
-273
-185
-163
101
457
720
1049
1289
1263
1334
1507
1348
1123
1228
1252
942
661
446
34
-475
-879
-1197
-1332
-1307
-1458
-1657
-1623
-1674
-1785
-1572
-1322
-1206
-887
-575
-622
-727
-720
-772
-772
-732
-841
-891
-885
-1106
-1222
-1108
-1257
-1424
-1167
-921
-825
-533
-143
243
640
797
864
1444
2179
2174
1824
1831
1851
1703
1507
1110
767
690
573
227
-116
-39
277
349
350
430
455
662
988
1147
1358
1589
1467
1234
1270
1287
1112
1085
1165
956
538
217
3
-245
-594
-870
-883
-846
-1033
-1314
-1482
-1516
-1442
-1345
-1267
-1130
-999
-945
-909
-1004
-1216
-1242
-1155
-1205
-1317
-1372
-1432
-1586
-1731
-1674
-1549
-1577
-1616
-1429
-1160
-1035
-835
-413
16
391
650
753
1160
1813
1953
1667
1605
1692
1645
1510
1183
747
702
855
563
125
208
561
686
664
677
780
1045
1315
1429
1611
1804
1671
1518
1663
1696
1533
1519
1497
1192
757
436
242
30
-260
-571
-759
-848
-1088
-1359
-1404
-1377
-1353
-1222
-1060
-979
-971
-888
-809
-960
-1124
-1143
-1157
-1202
-1390
-1684
-1886
-2029
-2104
-2024
-1942
-2025
-2068
-1844
-1659
-1561
-1156
-560
5
448
568
683
1201
1678
1659
1528
1639
1715
1636
1381
814
401
458
462
257
135
214
502
670
545
583
923
1245
1500
1758
1958
2006
1895
1824
1934
2072
2002
1858
1816
1518
908
472
206
-110
-375
-591
-817
-1010
-1217
-1446
-1490
-1319
-1196
-1078
-849
-768
-779
-627
-569
-754
-901
-956
-1021
-1139
-1395
-1740
-1978
-2105
-2192
-2129
-2019
-2171
-2256
-2001
-1851
-1768
-1328
-686
-106
312
457
540
938
1433
1498
1389
1515
1592
1515
1309
777
336
389
478
325
195
358
727
854
692
698
1012
1382
1622
1807
2023
2049
1844
1763
1846
1871
1801
1739
1652
1349
876
439
94
-160
-442
-752
-861
-921
-1154
-1324
-1302
-1237
-1119
-890
-698
-644
-555
-440
-521
-694
-796
-876
-922
-1018
-1309
-1604
-1741
-1842
-1947
-1907
-1783
-1872
-1964
-1785
-1702
-1708
-1322
-678
-145
229
411
463
716
1179
1364
1298
1405
1537
1514
1357
812
201
187
422
332
149
249
581
838
792
660
826
1188
1413
1619
1927
2038
1879
1729
1659
1571
1497
1503
1485
1337
1060
637
172
-161
-472
-801
-933
-953
-1111
-1341
-1444
-1467
-1482
-1316
-1054
-931
-780
-594
-642
-803
-899
-978
-1010
-1022
-1141
-1393
-1578
-1586
-1656
-1791
-1804
-1822
-1849
-1691
-1562
-1581
-1344
-761
-275
-39
264
584
776
1174
1502
1373
1387
1658
1683
1563
1265
724
501
639
546
294
395
712
829
775
716
810
1150
1478
1641
1876
2119
2115
2004
1899
1739
1642
1649
1588
1369
1017
609
250
-106
-465
-728
-888
-982
-1072
-1241
-1434
-1548
-1544
-1409
-1184
-960
-832
-807
-799
-887
-1069
-1131
-1096
-1118
-1196
-1326
-1495
-1662
-1790
-1873
-1910
-1839
-1737
-1739
-1716
-1634
-1496
-1069
-545
-256
2
311
536
830
1174
1302
1274
1335
1457
1515
1421
1087
809
893
908
622
501
664
876
1040
1043
938
1003
1208
1355
1539
1850
2075
2115
2114
2043
1864
1721
1592
1387
1204
1048
791
400
-73
-517
-820
-959
-1018
-1123
-1309
-1468
-1557
-1634
-1650
-1528
-1352
-1224
-1121
-1066
-1131
-1239
-1296
-1341
-1364
-1344
-1366
-1495
-1626
-1716
-1839
-1904
-1866
-1890
-1906
-1749
-1612
-1547
-1287
-881
-531
-155
245
473
726
1092
1210
1225
1476
1717
1782
1791
1663
1406
1266
1196
1043
1027
1256
1383
1309
1226
1120
1062
1194
1392
1605
1914
2169
2196
2108
2037
1942
1800
1740
1725
1603
1404
1121
685
197
-191
-447
-594
-715
-910
-1195
-1457
-1618
-1761
-1829
-1730
-1639
-1649
-1591
-1510
-1574
-1656
-1663
-1668
-1649
-1582
-1584
-1672
-1702
-1713
-1797
-1810
-1774
-1861
-1899
-1803
-1796
-1777
-1535
-1240
-1025
-780
-491
-282
-34
338
604
812
1121
1360
1481
1598
1583
1455
1457
1542
1521
1471
1548
1635
1631
1602
1537
1423
1393
1474
1564
1668
1780
1844
1854
1818
1735
1637
1627
1698
1697
1615
1492
1230
831
502
303
94
-160
-388
-624
-894
-1110
-1280
-1455
-1573
-1651
-1719
-1684
-1598
-1639
-1730
-1723
-1697
-1715
-1669
-1571
-1523
-1445
-1313
-1289
-1394
-1497
-1544
-1510
-1427
-1462
-1599
-1592
-1428
-1279
-1144
-982
-846
-658
-311
11
201
433
742
1001
1164
1209
1191
1252
1375
1432
1443
1517
1629
1690
1691
1619
1477
1351
1303
1283
1292
1370
1447
1423
1307
1228
1232
1282
1375
1458
1460
1401
1290
1103
894
657
388
162
-13
-212
-449
-642
-800
-1005
-1235
-1410
-1526
-1592
-1584
-1545
-1534
-1547
-1577
-1598
-1559
-1476
-1377
-1240
-1101
-1031
-1025
-1027
-1023
-1032
-1052
-1075
-1099
-1121
-1130
-1105
-1040
-958
-838
-642
-443
-258
-37
193
390
570
715
834
967
1091
1180
1244
1276
1302
1358
1443
1510
1506
1457
1390
1295
1211
1181
1162
1139
1122
1116
1112
1101
1085
1058
1018
988
970
927
849
726
540
313
78
-156
-350
-476
-571
-697
-851
-1004
-1158
-1296
-1379
-1416
-1439
-1444
-1445
-1446
-1427
-1402
-1378
-1341
-1277
-1189
-1097
-1002
-915
-860
-822
-807
-829
-855
-868
-881
-863
-801
-715
-594
-457
-313
-158
0
172
344
499
651
800
936
1049
1103
1137
1201
1283
1352
1387
1404
1417
1413
1378
1330
1273
1212
1137
1060
1009
986
988
1009
1012
973
917
872
827
782
725
655
561
426
260
96
-56
-219
-396
-568
-737
-892
-1016
-1114
-1197
-1270
-1345
-1405
-1445
-1469
-1452
-1407
-1366
-1332
-1295
-1252
-1191
-1125
-1068
-1013
-948
-886
-841
-807
-801
-815
-807
-774
-734
-666
-563
-428
-288
-152
-11
130
288
486
692
862
975
1048
1136
1239
1320
1364
1381
1379
1357
1323
1305
1306
1301
1292
1281
1260
1218
1157
1100
1049
987
924
867
802
705
585
471
377
280
172
78
0
-87
-195
-331
-484
-644
-805
-947
-1059
-1158
-1238
-1298
-1344
-1389
-1430
-1445
-1450
-1453
-1427
-1370
-1302
-1252
-1238
-1232
-1196
-1134
-1061
-977
-888
-787
-679
-572
-480
-418
-350
-254
-145
-37
73
191
326
485
652
789
884
978
1091
1209
1307
1367
1391
1398
1389
1363
1345
1340
1332
1323
1319
1317
1312
1306
1297
1268
1197
1086
959
834
724
625
530
421
282
128
-11
-124
-227
-322
-418
-518
-626
-736
-843
-958
-1073
-1166
-1222
-1255
-1283
-1301
-1305
-1301
-1303
-1301
-1294
-1280
-1266
-1260
-1250
-1231
-1209
-1173
-1128
-1080
-1014
-921
-808
-681
-560
-441
-331
-229
-135
-48
37
133
242
373
509
635
755
873
983
1078
1162
1234
1288
1309
1301
1282
1260
1232
1213
1213
1218
1219
1213
1208
1207
1197
1166
1125
1072
990
883
768
652
528
407
301
196
84
-33
-150
-263
-372
-475
-570
-663
-767
-865
-942
-1003
-1066
-1130
-1180
-1223
-1261
-1277
-1268
-1246
-1228
-1224
-1235
-1242
-1233
-1204
-1152
-1090
-1026
-960
-882
-798
-714
-623
-522
-425
-326
-227
-137
-49
42
132
220
304
387
475
575
678
775
867
946
1003
1044
1087
1127
1153
1171
1189
1205
1217
1225
1226
1212
1190
1150
1091
1020
944
868
805
749
668
559
441
321
203
105
29
-42
-112
-184
-269
-361
-445
-525
-589
-623
-652
-685
-714
-750
-804
-858
-904
-949
-994
-1026
-1049
-1062
-1068
-1066
-1060
-1046
-1020
-977
-914
-837
-755
-664
-568
-479
-399
-323
-239
-153
-75
1
78
152
222
280
318
344
364
381
406
440
484
538
592
642
686
732
784
837
878
909
932
940
929
896
848
789
727
667
613
563
511
459
411
355
283
200
115
36
-37
-105
-164
-214
-261
-302
-337
-366
-390
-404
-415
-426
-435
-450
-475
-510
-555
-613
-670
-717
-748
-760
-750
-728
-701
-671
-636
-593
-537
-467
-391
-312
-229
-156
-87
-24
27
73
122
174
226
263
281
284
278
260
239
218
207
213
227
252
287
327
369
418
469
519
560
592
618
622
601
559
505
448
387
326
261
197
134
69
10
-42
-92
-138
-177
-221
-262
-292
-306
-306
-295
-276
-254
-234
-220
-208
-193
-183
-183
-191
-206
-235
-276
-315
-351
-380
-398
-407
-402
-389
-363
-327
-283
-232
-169
-95
-17
60
134
199
254
300
340
367
381
374
352
319
277
224
166
115
64
18
-15
-27
-23
-9
11
42
83
131
183
234
279
315
335
341
330
296
244
184
115
41
-32
-97
-159
-222
-277
-327
-367
-390
-391
-371
-341
-305
-265
-223
-180
-135
-87
-37
11
42
66
78
72
49
19
-14
-51
-85
-116
-141
-157
-163
-160
-152
-134
-105
-56
10
88
168
246
317
379
436
483
505
509
504
482
438
373
292
208
119
35
-39
-101
-146
-178
-201
-215
-223
-224
-212
-189
-159
-127
-95
-63
-36
-25
-22
-30
-54
-87
-131
-182
-241
-309
-382
-444
-498
-534
-550
-552
-534
-503
-454
-389
-311
-225
-134
-44
37
106
160
206
239
262
274
276
267
247
220
192
171
160
155
153
154
167
189
227
277
335
396
456
517
578
635
675
693
694
679
645
590
519
438
345
240
130
25
-74
-160
-232
-292
-341
-383
-412
-425
-427
-420
-402
-373
-345
-324
-310
-303
-312
-333
-360
-387
-419
-459
-509
-563
-615
-665
-706
-733
-741
-728
-689
-634
-562
-486
-400
-302
-198
-87
28
142
239
316
373
410
431
438
437
433
433
432
427
415
399
387
385
399
428
468
516
566
618
671
723
765
796
816
825
823
806
774
725
656
570
472
366
260
161
71
-12
-100
-194
-279
-353
-410
-457
-489
-510
-525
-536
-544
-549
-560
-573
-590
-608
-632
-663
-700
-742
-785
-821
-848
-863
-871
-868
-855
-834
-807
-773
-728
-673
-609
-532
-446
-361
-275
-187
-98
-12
72
158
237
307
371
427
471
499
514
532
552
575
600
629
655
682
713
747
779
807
833
860
887
905
912
911
898
873
841
805
763
713
659
603
537
457
364
264
166
71
-23
-117
-210
-300
-385
-459
-522
-576
-620
-651
-675
-697
-722
-750
-778
-808
-836
-859
-881
-901
-912
-916
-913
-905
-890
-869
-839
-802
-759
-715
-670
-621
-568
-508
-442
-370
-290
-202
-110
-10
93
192
286
374
453
526
592
647
695
727
751
770
791
812
830
847
862
872
877
884
889
891
893
896
895
887
869
847
822
791
747
691
625
548
460
362
255
141
21
-100
-216
-326
-429
-521
-603
-674
-735
-791
-835
-871
-898
-911
-916
-918
-920
-922
-925
-931
-941
-952
-963
-971
-974
-970
-960
-946
-927
-897
-853
-792
-717
-629
-535
-437
-330
-218
-105
10
126
244
354
454
545
624
683
730
769
797
816
826
834
840
844
847
857
877
897
923
954
984
1004
1013
1019
1019
1011
993
964
923
868
799
722
633
530
419
303
185
63
-57
-173
-279
-379
-465
-535
-595
-643
-681
-705
-726
-745
-765
-780
-795
-819
-843
-867
-892
-921
-952
-980
-1006
-1030
-1045
-1052
-1049
-1037
-1014
-976
-921
-852
-763
-657
-542
-422
-293
-163
-39
79
187
281
364
435
494
540
573
594
608
622
636
652
673
698
722
750
782
815
847
877
910
942
968
988
998
996
982
951
903
845
772
690
602
505
401
296
192
90
-10
-104
-188
-262
-326
-377
-417
-451
-479
-504
-523
-540
-564
-588
-615
-647
-681
-720
-761
-802
-842
-876
-902
-922
-935
-943
-938
-923
-897
-856
-804
-742
-668
-587
-496
-402
-304
-204
-110
-19
67
145
211
266
310
346
374
396
421
451
487
524
564
605
645
683
720
759
797
832
861
884
900
907
903
890
865
829
785
734
673
603
527
443
354
262
173
88
8
-64
-129
-184
-236
-287
-333
-371
-408
-445
-480
-512
-544
-577
-614
-652
-693
-732
-766
-797
-821
-845
-865
-877
-882
-877
-860
-831
-790
-738
-671
-595
-516
-433
-350
-268
-187
-106
-31
38
100
155
205
250
292
333
376
422
470
515
559
600
639
677
713
747
778
803
826
844
853
857
853
845
832
813
784
743
689
626
555
477
395
315
238
166
97
33
-31
-93
-153
-210
-260
-309
-360
-409
-459
-505
-553
-599
-645
-688
-722
-751
-774
-794
-814
-830
-844
-855
-857
-852
-840
-818
-786
-744
-696
-643
-585
-520
-449
-376
-302
-227
-159
-96
-36
19
70
121
172
224
281
338
394
450
501
546
589
627
659
691
722
754
778
792
796
797
797
791
782
770
753
728
694
653
604
550
493
439
383
325
268
211
150
87
25
-37
-96
-157
-217
-269
-317
-367
-416
-464
-512
-556
-594
-627
-656
-682
-701
-716
-729
-739
-742
-741
-731
-713
-687
-655
-618
-580
-538
-493
-446
-400
-351
-301
-256
-207
-157
-108
-63
-14
38
88
136
181
225
268
309
353
394
433
466
495
525
553
571
589
605
616
625
626
622
612
598
581
563
539
508
472
433
392
349
303
257
207
156
107
61
16
-28
-69
-106
-141
-175
-208
-245
-279
-311
-346
-379
-410
-440
-464
-482
-497
-508
-516
-524
-528
-525
-515
-499
-483
-461
-440
-419
-397
-369
-339
-308
-275
-237
-197
-154
-113
-72
-30
7
41
73
101
127
151
178
206
232
257
283
311
338
364
385
403
416
422
428
430
431
428
426
421
411
400
386
371
349
329
306
276
243
207
170
133
92
53
15
-19
-50
-76
-103
-129
-154
-176
-197
-219
-244
-265
-285
-305
-318
-329
-340
-354
-366
-373
-374
-370
-366
-357
-349
-342
-336
-325
-310
-293
-272
-247
-218
-189
-159
-127
-91
-55
-25
7
35
63
88
114
139
161
179
195
214
234
254
273
292
307
322
335
343
348
349
345
342
338
335
328
319
306
287
265
242
217
188
160
132
100
69
35
2
-30
-60
-87
-114
-136
-157
-173
-188
-205
-224
-245
-264
-283
-299
-311
-323
-333
-340
-344
-346
-345
-339
-332
-321
-310
-297
-283
-270
-259
-246
-228
-208
-187
-160
-129
-100
-67
-38
-9
18
41
66
97
128
159
188
213
240
264
287
311
334
356
375
393
405
412
410
407
406
400
396
389
380
368
352
334
315
290
260
228
193
159
125
88
49
10
-31
-72
-114
-151
-183
-213
-242
-271
-300
-325
-347
-365
-382
-398
-412
-422
-427
-429
-431
-432
-430
-427
-422
-409
-395
-379
-361
-342
-320
-294
-270
-242
-208
-173
-137
-101
-65
-32
3
36
71
108
144
180
217
253
286
314
346
373
397
420
441
456
469
479
487
492
496
496
496
494
488
477
462
444
423
397
363
323
283
244
202
155
107
59
10
-40
-91
-140
-188
-236
-278
-321
-362
-393
-424
-449
-472
-493
-509
-524
-533
-538
-543
-547
-548
-547
-541
-534
-524
-510
-494
-474
-450
-421
-391
-356
-320
-279
-234
-191
-146
-99
-51
-4
45
90
133
177
220
265
309
349
384
418
447
474
497
520
541
558
575
589
599
606
608
610
607
600
588
574
556
531
505
474
443
408
370
327
283
235
181
125
67
8
-52
-112
-169
-225
-275
-323
-365
-406
-443
-474
-504
-530
-552
-571
-587
-600
-613
-626
-634
-636
-637
-633
-625
-617
-603
-588
-570
-549
-526
-499
-468
-435
-396
-358
-315
-268
-217
-167
-114
-58
-1
57
112
169
222
273
323
365
403
437
469
498
526
554
579
604
626
642
655
664
674
681
682
680
671
659
641
615
588
554
517
476
434
390
342
292
238
182
129
73
19
-35
-85
-134
-184
-229
-275
-317
-356
-395
-429
-460
-489
-514
-540
-564
-585
-603
-614
-624
-631
-635
-637
-637
-633
-625
-613
-598
-579
-555
-527
-496
-460
-420
-376
-327
-277
-224
-171
-120
-74
-27
17
60
104
146
189
231
270
306
339
370
403
437
471
503
530
551
570
584
596
603
608
610
607
601
588
570
546
519
487
450
415
378
342
306
270
234
199
164
129
93
58
27
-6
-37
-68
-100
-131
-164
-200
-238
-275
-311
-342
-371
-400
-427
-453
-477
-496
-510
-521
-530
-533
-529
-523
-513
-501
-486
-468
-444
-417
-389
-362
-334
-303
-275
-244
-213
-184
-158
-131
-106
-80
-53
-26
3
32
62
89
116
141
169
199
228
254
277
298
318
331
341
348
356
360
365
369
366
364
358
349
339
327
314
306
296
287
274
259
242
227
213
203
192
178
164
150
135
118
99
80
61
43
21
-1
-28
-55
-83
-110
-137
-162
-184
-200
-214
-229
-242
-254
-265
-274
-283
-288
-292
-294
-292
-286
-278
-273
-266
-255
-242
-229
-214
-200
-184
-170
-159
-149
-142
-136
-127
-119
-107
-93
-82
-67
-53
-40
-27
-15
-4
10
22
36
51
64
80
93
109
124
139
154
167
179
192
200
207
212
215
217
215
209
200
194
191
192
194
196
193
191
185
179
170
161
153
146
139
132
124
112
100
85
72
60
48
36
23
11
-5
-22
-38
-56
-74
-89
-99
-106
-113
-121
-128
-136
-145
-151
-155
-159
-164
-169
-173
-180
-188
-196
-203
-208
-212
-215
-217
-216
-214
-209
-204
-199
-189
-180
-169
-157
-144
-131
-118
-104
-90
-75
-61
-49
-36
-23
-11
3
16
28
39
51
66
80
92
104
118
132
147
156
165
173
182
190
199
208
216
223
228
232
236
237
240
240
238
232
226
217
207
194
177
163
147
133
118
103
90
78
65
51
35
22
5
-9
-23
-38
-53
-69
-88
-106
-127
-149
-169
-188
-205
-220
-232
-241
-249
-258
-261
-264
-267
-265
-262
-257
-251
-245
-237
-229
-220
-210
-200
-191
-179
-166
-152
-137
-120
-104
-86
-67
-46
-25
-5
17
38
58
80
101
121
138
155
171
186
201
217
229
236
242
249
253
256
258
258
257
255
257
258
257
255
252
245
236
223
210
193
177
158
139
118
96
72
48
24
-3
-27
-50
-73
-93
-113
-132
-150
-166
-182
-198
-212
-223
-233
-239
-245
-251
-255
-260
-262
-265
-266
-265
-263
-259
-253
-246
-238
-227
-218
-206
-192
-176
-159
-141
-121
-101
-80
-57
-33
-10
14
37
57
77
97
115
133
148
162
175
186
196
205
211
218
224
231
239
246
250
255
257
259
258
256
253
250
245
236
224
209
190
169
145
121
98
75
50
25
-1
-26
-49
-69
-86
-105
-121
-135
-147
-158
-170
-182
-192
-202
-212
-219
-226
-230
-233
-236
-236
-236
-234
-230
-223
-216
-205
-194
-181
-170
-157
-146
-132
-116
-99
-81
-64
-45
-26
-8
11
26
40
54
68
82
95
107
120
130
139
149
157
163
167
172
178
182
186
188
190
191
191
191
190
187
185
179
171
160
148
131
113
92
72
55
38
21
5
-11
-27
-40
-55
-64
-76
-85
-95
-104
-112
-118
-122
-125
-129
-131
-132
-134
-136
-136
-134
-133
-135
-134
-132
-131
-128
-123
-118
-111
-102
-92
-82
-71
-60
-49
-36
-26
-16
-7
5
16
26
37
45
50
56
60
66
72
78
85
90
93
94
93
93
91
88
86
85
84
83
81
77
72
65
58
51
46
42
38
36
28
20
14
6
-4
-12
-19
-25
-32
-38
-45
-52
-58
-62
-64
-66
-69
-71
-71
-73
-77
-80
-81
-81
-78
-74
-69
-64
-55
-47
-42
-37
-31
-24
-16
-5
6
15
26
34
39
42
45
50
57
66
72
75
77
76
74
74
72
72
76
80
79
79
75
72
70
68
63
59
57
56
52
45
36
26
16
7
-2
-10
-20
-27
-33
-41
-50
-60
-67
-71
-78
-82
-84
-87
-89
-93
-95
-95
-94
-93
-91
-86
-83
-80
-76
-73
-71
-67
-63
-58
-52
-46
-41
-35
-30
-23
-15
-5
3
11
20
32
43
53
62
69
76
82
86
91
94
98
101
104
102
99
94
89
84
78
72
64
60
54
50
45
40
35
32
29
23
19
15
10
4
-2
-9
-17
-25
-34
-42
-48
-56
-62
-68
-76
-83
-90
-95
-100
-103
-107
-108
-110
-112
-112
-111
-108
-104
-99
-93
-87
-80
-71
-63
-54
-46
-37
-27
-18
-10
-4
1
7
13
22
28
34
40
45
54
61
70
78
87
96
103
108
116
121
125
130
133
133
131
128
123
117
111
105
95
88
80
72
65
56
50
43
38
32
27
20
13
6
2
-5
-11
-18
-27
-35
-44
-53
-61
-69
-77
-84
-90
-95
-101
-104
-107
-110
-112
-112
-111
-109
-106
-101
-95
-88
-82
-75
-69
-62
-56
-49
-41
-36
-33
-29
-23
-18
-15
-11
-7
-4
-1
0
4
7
13
18
25
32
40
48
57
66
75
84
91
97
100
103
104
104
100
94
90
83
75
67
60
54
47
41
36
30
23
15
7
0
-8
-15
-23
-29
-36
-41
-48
-53
-59
-65
-70
-73
-77
-81
-85
-87
-90
-92
-93
-92
-89
-87
-83
-76
-70
-64
-58
-51
-45
-37
-30
-23
-15
-9
-4
1
6
12
19
25
31
36
40
42
46
49
53
57
62
66
70
75
79
83
87
90
94
97
100
101
101
99
96
91
86
79
71
62
52
40
29
20
10
1
-8
-17
-24
-32
-38
-45
-51
-58
-62
-68
-73
-77
-80
-83
-87
-92
-95
-96
-98
-100
-98
-95
-91
-86
-80
-74
-67
-59
-52
-46
-40
-32
-25
-17
-12
-4
3
9
14
21
27
32
37
42
46
50
54
59
63
66
69
73
75
76
76
76
75
72
71
68
65
62
57
54
48
45
41
38
32
28
25
20
14
9
2
-5
-10
-16
-19
-25
-29
-34
-38
-41
-45
-49
-51
-55
-58
-63
-67
-69
-73
-76
-78
-77
-76
-77
-76
-74
-71
-66
-60
-54
-49
-41
-31
-24
-16
-9
-1
6
14
22
30
36
42
46
51
54
58
61
63
66
67
69
71
71
73
72
70
68
67
64
59
55
52
48
42
36
30
24
17
12
6
1
-4
-8
-14
-18
-24
-28
-32
-37
-41
-47
-51
-53
-56
-58
-60
-61
-64
-64
-64
-65
-64
-63
-61
-62
-59
-59
-58
-56
-52
-49
-44
-38
-32
-25
-20
-14
-7
-1
5
10
17
22
28
35
40
45
50
54
58
61
65
66
70
71
72
72
72
71
70
69
67
64
62
59
55
51
46
43
39
36
32
27
22
17
14
10
5
1
-4
-9
-14
-20
-24
-31
-35
-39
-44
-47
-51
-55
-59
-61
-64
-65
-67
-66
-66
-63
-62
-60
-56
-53
-49
-46
-44
-42
-40
-36
-35
-34
-32
-30
-29
-26
-25
-23
-20
-19
-17
-13
-11
-9
-5
0
6
13
20
27
33
39
44
49
53
56
57
57
57
55
53
51
49
47
44
42
41
40
39
37
34
31
27
23
18
18
15
11
8
2
-1
-6
-11
-18
-24
-32
-37
-41
-45
-49
-52
-51
-50
-46
-43
-40
-37
-34
-32
-29
-24
-21
-17
-12
-7
-1
2
6
10
12
13
16
18
20
21
22
24
26
26
27
30
34
37
39
43
46
48
50
52
53
51
51
50
47
42
38
32
26
20
14
9
3
0
-5
-9
-11
-13
-16
-18
-19
-22
-25
-26
-30
-35
-37
-41
-46
-50
-56
-61
-66
-71
-75
-79
-81
-82
-82
-82
-80
-78
-71
-65
-59
-51
-43
-35
-27
-17
-9
0
9
15
19
23
25
26
28
30
33
37
40
42
46
50
54
58
61
65
66
68
69
69
69
70
69
69
69
67
64
59
56
53
48
44
40
35
31
27
23
18
13
8
5
0
-7
-12
-15
-20
-25
-31
-38
-44
-51
-57
-63
-69
-75
-79
-84
-86
-88
-90
-93
-95
-93
-89
-83
-75
-68
-60
-54
-48
-42
-36
-30
-25
-22
-16
-13
-8
-6
-2
2
5
10
14
18
19
24
27
32
35
39
47
53
60
65
71
75
80
81
80
81
79
77
73
69
63
59
53
49
43
38
34
31
28
26
25
24
23
20
17
16
15
14
13
11
8
3
-3
-10
-19
-27
-37
-46
-53
-60
-64
-68
-71
-70
-69
-67
-66
-64
-60
-59
-56
-53
-48
-45
-42
-41
-40
-39
-38
-37
-35
-33
-32
-30
-27
-23
-19
-13
-7
-2
5
12
20
26
35
38
43
45
48
51
51
54
53
53
53
51
49
45
43
39
39
36
35
33
31
30
28
27
26
28
27
27
28
27
25
22
19
15
10
3
-4
-9
-16
-22
-29
-35
-42
-48
-52
-55
-58
-58
-59
-57
-55
-53
-51
-47
-43
-41
-38
-36
-34
-32
-31
-30
-31
-32
-31
-31
-29
-27
-24
-21
-17
-13
-7
-1
5
11
16
25
30
38
41
47
51
54
57
58
58
58
57
54
52
48
46
44
42
40
36
36
35
34
34
34
35
36
35
34
32
30
25
20
14
7
-1
-9
-16
-24
-31
-36
-42
-46
-48
-50
-49
-48
-47
-44
-42
-41
-37
-34
-33
-30
-29
-26
-26
-25
-25
-26
-28
-29
-30
-31
-30
-30
-28
-25
-23
-20
-17
-12
-10
-7
-5
-3
0
2
6
9
10
13
14
16
18
19
20
21
21
21
21
20
19
19
19
20
21
21
20
21
23
26
27
29
28
30
28
25
23
21
19
18
16
15
13
9
6
6
5
3
1
1
0
0
1
1
3
3
3
2
2
1
-1
-4
-5
-9
-11
-14
-16
-20
-23
-26
-28
-29
-29
-29
-30
-28
-27
-25
-23
-21
-21
-19
-15
-14
-12
-11
-12
-10
-9
-9
-8
-9
-8
-7
-7
-6
-5
-5
-3
-2
0
2
4
8
10
13
16
17
19
20
20
21
21
19
19
16
15
15
13
12
12
12
13
13
15
15
15
15
16
16
16
15
13
14
13
12
11
8
7
4
0
-2
-3
-6
-7
-9
-11
-13
-15
-17
-19
-20
-20
-21
-20
-20
-20
-21
-20
-19
-19
-20
-19
-20
-20
-20
-18
-18
-18
-19
-18
-17
-16
-12
-10
-8
-6
-4
-2
0
4
5
6
10
12
13
15
14
15
16
15
15
16
17
17
18
19
20
21
21
20
21
19
19
20
17
15
13
11
9
8
7
6
6
4
3
3
3
2
1
1
0
-1
0
0
0
-1
-3
-3
-5
-5
-6
-7
-7
-8
-9
-9
-8
-8
-8
-8
-6
-4
-3
-1
-1
1
3
4
6
6
8
8
7
8
7
8
7
5
4
3
2
0
-2
-5
-6
-6
-7
-8
-9
-10
-10
-9
-9
-9
-8
-8
-8
-8
-9
-10
-12
-13
-13
-14
-15
-15
-17
-18
-19
-21
-19
-21
-20
-19
-19
-19
-17
-15
-14
-13
-10
-11
-12
-8
-8
-9
-8
-8
-5
-5
-4
-2
-4
1
2
2
7
10
12
16
17
21
24
26
30
31
34
35
35
34
34
33
31
32
31
30
28
25
23
21
18
16
14
12
12
11
12
12
12
11
11
11
10
8
7
5
1
0
-3
-4
-8
-12
-17
-20
-22
-25
-26
-26
-29
-29
-30
-29
-30
-29
-28
-27
-26
-24
-25
-24
-25
-25
-25
-27
-26
-27
-25
-24
-22
-22
-20
-17
-14
-12
-10
-7
-2
1
5
8
12
15
18
22
25
26
27
30
31
34
34
35
34
34
34
33
34
34
34
34
34
34
33
33
31
30
26
24
21
19
15
11
9
7
5
3
-1
-4
-6
-7
-10
-12
-13
-16
-17
-19
-21
-23
-24
-27
-26
-29
-30
-33
-36
-34
-36
-37
-37
-37
-37
-37
-38
-39
-37
-37
-36
-35
-33
-33
-29
-27
-26
-22
-17
-14
-10
-8
-4
-2
2
4
6
8
9
12
14
15
16
19
22
24
26
28
29
31
34
35
38
40
41
44
42
41
39
37
37
35
32
29
25
22
20
17
17
15
13
12
9
7
6
5
2
-1
-1
-3
-4
-7
-10
-12
-14
-17
-21
-22
-24
-27
-27
-28
-29
-31
-31
-31
-30
-28
-28
-27
-26
-26
-25
-25
-23
-22
-20
-20
-16
-16
-16
-15
-14
-12
-11
-10
-9
-7
-3
-2
-1
2
3
4
7
9
12
13
16
18
18
21
23
25
27
26
25
26
26
26
28
27
25
25
23
23
22
21
22
22
22
23
23
23
23
24
25
24
24
23
21
20
17
15
12
10
7
2
-1
-4
-8
-10
-14
-17
-19
-22
-26
-26
-29
-30
-30
-31
-31
-34
-34
-37
-36
-37
-38
-38
-38
-38
-40
-38
-38
-35
-34
-34
-31
-29
-28
-26
-23
-23
-20
-17
-16
-13
-9
-7
-4
1
3
6
9
12
13
17
21
23
25
26
27
29
29
32
31
31
31
31
31
31
28
28
27
27
27
26
26
25
24
23
21
20
19
17
15
12
11
10
8
6
3
2
1
1
0
-1
-3
-3
-4
-5
-8
-10
-12
-14
-16
-18
-19
-21
-22
-22
-21
-20
-20
-18
-17
-18
-17
-15
-15
-14
-13
-12
-10
-10
-9
-8
-5
-5
-5
-4
-4
-3
-2
0
2
3
5
8
9
14
16
17
18
19
21
21
21
20
21
20
20
20
20
21
20
19
17
16
14
12
9
6
4
1
0
-2
-3
-7
-6
-7
-6
-7
-5
-5
-5
-6
-6
-7
-7
-8
-9
-10
-9
-12
-13
-13
-14
-15
-15
-17
-18
-20
-20
-21
-21
-22
-23
-23
-25
-26
-25
-25
-24
-21
-21
-20
-20
-19
-18
-18
-16
-13
-11
-10
-7
-6
-5
-4
-1
2
4
5
9
9
9
10
10
11
12
13
13
15
16
18
19
20
22
23
23
24
23
22
23
24
23
24
24
24
25
25
24
24
25
23
21
20
17
16
15
12
9
8
5
5
2
0
-3
-4
-6
-7
-10
-11
-11
-12
-13
-14
-14
-13
-13
-14
-13
-13
-13
-13
-14
-15
-16
-16
-17
-18
-18
-19
-19
-20
-19
-19
-18
-18
-17
-16
-14
-13
-11
-10
-6
-4
-1
1
5
8
9
11
12
14
16
19
21
22
22
22
23
23
24
25
24
23
22
21
20
18
17
14
12
9
7
6
6
3
2
1
-1
-1
-3
-6
-8
-9
-11
-13
-13
-15
-17
-18
-18
-18
-17
-15
-15
-15
-15
-15
-14
-15
-14
-14
-14
-14
-13
-12
-12
-12
-10
-11
-11
-11
-10
-11
-10
-10
-10
-10
-9
-8
-8
-7
-6
-4
-3
-2
-2
-2
-2
-3
-2
-1
-1
1
1
2
3
3
5
6
7
8
9
10
11
13
13
13
14
14
14
13
14
13
14
14
15
14
14
13
12
12
12
11
12
11
10
10
10
10
9
8
6
5
4
2
2
1
0
-1
-1
-2
-2
-2
0
-1
-1
-1
0
0
0
0
0
1
3
2
4
3
3
4
2
1
2
1
-1
-2
-3
-3
-4
-5
-4
-2
-2
-1
0
-1
-1
-2
-1
-3
-3
-4
-4
-6
-7
-9
-10
-10
-12
-13
-14
-14
-14
-15
-14
-14
-15
-15
-15
-14
-13
-13
-12
-13
-12
-11
-9
-8
-6
-6
-5
-4
-3
-2
-1
1
2
2
5
6
8
9
9
11
13
13
12
13
13
12
12
13
13
13
12
12
10
10
10
9
11
12
12
13
13
14
14
14
12
13
12
12
10
9
9
8
6
4
1
-2
-4
-8
-10
-13
-16
-19
-21
-25
-25
-27
-27
-28
-28
-27
-28
-27
-26
-25
-25
-24
-23
-23
-22
-19
-18
-18
-18
-20
-19
-19
-17
-16
-14
-12
-9
-8
-5
-3
0
2
6
9
13
18
21
25
27
30
32
36
35
38
41
41
42
43
43
44
45
46
45
45
44
42
40
38
37
33
31
25
21
18
14
11
9
6
3
-2
-4
-8
-12
-15
-16
-18
-19
-20
-22
-23
-24
-26
-28
-29
-28
-29
-30
-32
-34
-35
-37
-37
-37
-37
-38
-38
-37
-39
-39
-39
-38
-36
-35
-33
-31
-30
-27
-23
-21
-17
-13
-10
-6
-2
1
6
10
14
16
19
21
23
25
27
27
29
31
30
29
29
30
30
31
31
31
31
33
33
34
34
33
32
31
30
27
27
24
22
19
17
12
10
6
2
-1
-4
-8
-10
-12
-17
-18
-20
-22
-23
-25
-25
-25
-27
-28
-28
-29
-29
-28
-27
-27
-24
-23
-22
-22
-22
-21
-20
-20
-19
-20
-21
-18
-17
-17
-17
-15
-13
-11
-10
-9
-7
-5
-3
0
1
4
8
10
13
15
17
20
22
25
27
30
32
34
34
33
35
36
35
34
32
31
30
28
25
23
20
18
16
13
10
9
7
6
5
2
1
1
0
-2
-4
-6
-7
-9
-10
-13
-14
-16
-18
-20
-23
-24
-26
-27
-29
-28
-29
-29
-29
-29
-28
-27
-26
-24
-21
-20
-20
-18
-15
-13
-11
-8
-7
-5
-1
2
3
6
8
9
12
15
16
19
20
21
21
22
24
25
26
27
28
29
31
29
29
28
26
25
25
25
24
22
20
18
18
16
13
12
9
4
1
-2
-6
-8
-11
-14
-15
-17
-21
-22
-25
-29
-33
-35
-38
-39
-41
-41
-42
-42
-41
-40
-40
-39
-38
-36
-33
-32
-30
-28
-24
-23
-19
-17
-15
-13
-9
-6
-4
-2
0
3
4
7
9
12
15
18
21
24
28
30
34
35
37
39
42
43
43
44
43
43
42
41
40
38
37
34
31
30
28
24
21
20
17
16
13
11
8
5
2
0
-2
-6
-9
-13
-15
-16
-17
-19
-22
-23
-23
-23
-24
-25
-25
-25
-26
-27
-28
-28
-28
-28
-27
-25
-25
-24
-22
-20
-20
-20
-17
-16
-15
-14
-14
-10
-9
-8
-6
-4
-1
3
5
5
8
9
10
11
14
15
18
21
22
23
23
23
24
24
25
25
25
26
26
24
22
20
17
16
15
12
10
9
7
6
3
1
-3
-2
-3
-7
-10
-10
-13
-15
-15
-17
-18
-18
-18
-18
-18
-18
-19
-21
-19
-18
-19
-18
-18
-16
-14
-12
-12
-10
-10
-8
-7
-6
-4
-3
0
1
2
3
3
5
6
7
6
7
9
10
11
11
10
9
10
10
10
11
11
11
10
8
8
6
6
5
3
2
0
-1
0
-1
-2
-2
-3
-3
-5
-4
-4
-4
-4
-5
-5
-5
-4
-3
-2
-2
0
0
1
3
1
1
1
0
0
-1
0
-2
-2
-2
-2
-3
-5
-6
-6
-7
-7
-6
-6
-6
-6
-6
-5
-4
-4
-5
-4
-3
-3
-2
1
3
4
6
7
8
10
10
11
12
13
13
12
12
12
11
11
10
10
10
9
8
7
7
7
6
5
5
4
3
3
2
2
1
0
0
-2
-4
-4
-4
-5
-5
-5
-5
-5
-6
-5
-6
-6
-6
-5
-6
-7
-8
-9
-9
-9
-10
-8
-7
-8
-8
-8
-7
-6
-4
-2
0
2
3
4
6
6
6
7
7
7
7
7
9
8
8
9
10
10
8
7
7
6
7
6
4
3
2
3
2
1
1
2
0
1
0
0
-2
-3
-2
-3
-3
-5
-4
-5
-6
-8
-8
-9
-10
-11
-12
-14
-14
-15
-16
-16
-17
-17
-18
-18
-17
-18
-17
-17
-16
-16
-15
-14
-13
-11
-12
-11
-10
-8
-6
-5
-5
-3
0
0
3
5
6
8
8
9
8
9
12
12
13
14
15
15
16
17
17
