5
6
5
5
5
5
5
5
5
5
4
6
6
7
6
5
6
5
4
4
3
3
4
2
3
2
2
2
2
2
0
0
-2
-1
0
-1
0
2
1
2
3
3
3
5
4
3
3
3
2
1
-1
-2
-3
-4
-6
-6
-7
-7
-7
-7
-7
-7
-5
-4
-4
-4
-4
-2
-3
-3
-3
-2
-2
-2
0
1
1
2
3
3
2
2
3
2
2
2
2
1
0
-1
-1
-1
-1
-2
-4
-5
-7
-7
-8
-8
-8
-8
-7
-6
-6
-5
-4
-3
-3
-2
-1
0
2
3
4
4
4
5
4
4
4
4
4
4
5
4
3
3
2
1
1
0
1
1
1
0
0
0
0
1
2
2
3
3
2
2
1
1
0
-2
-2
-4
-6
-7
-7
-7
-8
-8
-7
-9
-7
-6
-7
-6
-6
-5
-5
-5
-3
-1
-2
-1
0
0
-1
-1
-1
-1
0
0
1
1
2
3
4
5
4
5
5
4
4
5
5
5
6
5
5
4
5
4
4
4
4
4
5
5
5
6
6
7
7
8
9
10
10
10
11
10
12
13
11
12
12
12
11
10
10
10
7
6
4
2
-1
-2
-4
-6
-8
-10
-12
-13
-14
-12
-14
-13
-13
-13
-13
-14
-13
-13
-13
-12
-11
-12
-11
-12
-13
-12
-12
-11
-11
-10
-9
-7
-7
-6
-5
-4
-2
-2
0
0
1
4
4
6
7
9
9
10
9
9
7
5
6
4
5
3
3
2
1
0
0
0
-1
-4
-4
-5
-5
-5
-5
-6
-7
-6
-7
-7
-6
-7
-6
-6
-5
-3
-1
1
2
4
5
7
9
10
12
12
12
12
13
13
14
15
15
15
14
13
12
11
11
11
10
10
8
7
7
7
7
7
6
5
2
1
-2
-3
-4
-6
-9
-9
-9
-10
-12
-14
-15
-16
-18
-18
-18
-18
-18
-19
-18
-16
-16
-15
-12
-11
-9
-8
-6
-5
-3
-1
0
1
2
4
6
6
7
8
9
10
11
13
12
13
14
15
15
15
14
14
14
14
14
14
13
11
11
10
8
7
7
5
4
2
1
-2
-3
-6
-7
-8
-8
-9
-12
-13
-12
-14
-14
-15
-15
-17
-18
-19
-19
-17
-16
-16
-16
-18
-16
-15
-14
-13
-11
-10
-9
-7
-5
-5
-3
-1
0
0
2
3
4
5
7
9
10
10
11
12
13
15
15
16
17
17
17
17
17
15
16
14
13
15
13
12
11
10
10
9
9
9
7
7
6
6
3
2
2
1
0
-1
-2
-2
-3
-4
-5
-4
-5
-6
-6
-5
-4
-6
-7
-8
-8
-7
-8
-9
-9
-8
-10
-9
-10
-9
-10
-10
-10
-9
-9
-9
-7
-6
-7
-6
-7
-6
-8
-6
-6
-7
-6
-6
-6
-5
-4
-4
-3
-2
-3
-3
-2
-2
-1
-1
0
0
2
3
5
4
5
6
7
7
9
8
9
9
9
7
6
7
6
6
6
5
5
5
6
4
4
4
4
4
4
3
5
4
4
3
4
4
3
2
-1
-2
-3
-5
-5
-6
-5
-6
-6
-7
-8
-7
-8
-8
-7
-7
-8
-7
-6
-5
-6
-4
-4
-4
-2
-2
-1
-1
0
0
0
1
0
0
0
-1
0
0
2
1
2
2
1
2
2
3
4
3
4
5
5
7
8
10
13
13
15
14
14
15
16
15
16
16
16
16
14
14
14
13
12
12
10
8
8
7
7
6
4
4
2
1
1
-1
-3
-3
-5
-7
-9
-10
-11
-12
-13
-15
-15
-18
-19
-21
-21
-22
-23
-23
-23
-23
-23
-21
-20
-19
-17
-17
-15
-15
-13
-12
-10
-9
-7
-7
-5
-5
-5
-4
-4
-4
-2
-1
0
0
2
3
4
4
7
7
4
5
5
5
4
4
5
4
3
3
3
4
3
4
3
4
4
3
2
2
1
1
1
-1
-1
-1
-2
-1
-1
0
-1
0
1
1
2
2
2
3
2
2
2
3
2
2
2
3
2
2
2
1
1
1
3
2
4
6
7
8
11
12
15
15
16
16
16
17
18
19
20
19
19
19
19
19
19
18
18
18
18
18
16
16
16
14
12
11
8
7
6
4
3
3
1
-1
-2
-5
-7
-8
-9
-11
-12
-12
-13
-15
-17
-18
-20
-21
-22
-23
-24
-24
-24
-23
-24
-24
-24
-23
-22
-22
-21
-19
-20
-20
-17
-17
-17
-17
-17
-16
-16
-17
-16
-14
-13
-12
-11
-8
-7
-6
-6
-5
-3
-3
-1
0
1
2
5
6
8
8
9
9
11
11
12
14
14
16
16
16
16
16
16
15
16
17
17
17
17
17
15
15
13
12
11
10
10
8
7
6
5
2
1
2
1
0
-2
-2
-3
-5
-6
-8
-8
-11
-10
-11
-12
-12
-10
-11
-11
-8
-10
-9
-8
-7
-5
-3
-1
-1
2
4
5
7
7
7
9
9
11
12
12
11
11
9
7
6
6
6
5
6
5
4
2
4
4
4
4
4
3
3
1
0
1
2
2
2
2
2
2
1
0
-1
-1
-4
-4
-4
-6
-5
-6
-6
-6
-7
-7
-6
-6
-6
-7
-8
-9
-8
-9
-10
-10
-11
-11
-10
-9
-8
-9
-9
-8
-8
-7
-7
-6
-6
-6
-5
-6
-6
-5
-4
-5
-4
-4
-2
-1
1
2
3
5
6
8
9
11
12
13
15
15
16
15
15
15
15
16
16
16
15
14
14
12
11
10
9
8
5
4
3
2
2
0
-3
-3
-6
-6
-9
-9
-10
-11
-10
-11
-11
-12
-13
-14
-14
-16
-15
-14
-14
-14
-13
-12
-12
-12
-12
-11
-12
-12
-11
-12
-10
-8
-7
-5
-5
-4
-4
-4
-3
-3
-1
0
1
3
3
3
4
5
6
6
6
7
8
9
9
10
11
11
12
13
13
12
13
13
13
13
14
13
14
13
13
14
14
13
14
12
11
10
9
7
8
7
5
5
5
5
4
4
2
3
4
3
3
2
2
1
0
-1
-3
-4
-5
-4
-5
-6
-7
-8
-8
-9
-9
-9
-9
-9
-9
-8
-8
-9
-9
-9
-10
-10
-9
-8
-8
-7
-8
-7
-6
-6
-5
-6
-6
-6
-7
-7
-8
-8
-7
-6
-5
-5
-5
-3
-3
-2
-2
-1
1
0
1
4
5
5
5
6
5
5
5
5
4
5
4
3
3
2
1
2
1
2
4
5
4
4
2
2
2
0
2
1
1
0
0
-1
-3
-2
-2
-4
-4
-3
-4
-3
-4
-3
-3
-2
-1
0
-1
0
0
0
0
0
1
1
1
2
1
2
1
2
2
3
2
1
1
1
0
2
3
2
1
1
1
2
1
1
1
2
1
1
1
0
1
2
2
3
4
3
4
3
3
3
3
4
3
4
4
4
3
4
3
4
4
3
3
2
2
2
3
2
2
1
2
0
1
1
-1
-1
-1
-2
-1
-3
-2
-1
-3
-4
-3
-4
-5
-6
-5
-7
-6
-7
-8
-8
-7
-6
-7
-6
-5
-4
-2
-2
-2
0
0
0
2
1
-1
-1
-3
-3
-3
-3
-3
-4
-6
-4
-5
-3
-2
-2
-2
-1
0
1
-1
-1
1
2
4
3
3
4
3
4
6
5
5
3
3
4
5
5
5
6
6
6
8
8
8
8
7
8
8
7
6
6
5
5
5
4
3
2
0
1
1
1
-1
-3
-4
-5
-5
-5
-8
-8
-10
-10
-11
-11
-12
-12
-14
-14
-13
-14
-13
-14
-14
-14
-13
-14
-14
-12
-11
-10
-10
-10
-9
-8
-5
-4
-3
-3
-1
1
2
4
5
7
8
9
11
12
13
13
14
15
15
15
14
14
14
13
12
12
12
12
11
12
12
11
10
8
8
9
10
10
8
8
6
6
5
5
5
4
5
5
5
5
4
2
2
1
2
1
2
2
1
0
0
0
-1
-1
-4
-4
-4
-6
-6
-6
-6
-6
-6
-7
-6
-6
-5
-5
-4
-5
-5
-5
-5
-6
-7
-6
-8
-8
-7
-9
-9
-9
-11
-11
-10
-10
-10
-10
-10
-10
-9
-8
-9
-8
-8
-8
-8
-7
-7
-7
-5
-4
-4
-5
-2
-2
-2
0
-1
0
0
-2
-2
-2
-1
-2
-3
-3
-3
-4
-3
-2
-1
0
-1
1
0
0
0
0
-1
-2
-1
-1
0
1
1
2
3
4
3
3
4
6
7
8
8
7
8
10
8
9
9
9
8
6
7
7
7
8
8
9
10
10
10
10
11
11
11
11
12
12
11
11
9
9
8
8
10
8
7
7
5
4
5
4
4
3
1
-1
-1
-2
-2
-2
-2
-3
-4
-5
-5
-6
-8
-8
-7
-9
-9
-10
-10
-10
-11
-11
-11
-11
-11
-10
-8
-7
-6
-5
-4
-4
-2
-2
-1
0
0
0
2
1
4
4
3
4
5
6
7
8
7
9
10
10
10
10
9
8
8
7
4
3
1
-1
-3
-7
-8
-10
-12
-12
-15
-16
-16
-17
-17
-17
-18
-18
-18
-17
-17
-16
-15
-13
-12
-10
-7
-6
-3
-2
1
2
3
4
4
4
4
5
5
5
6
6
5
4
5
6
3
3
1
-2
-2
-3
-1
-2
-3
-4
-5
-5
-5
-6
-4
-4
-2
-3
-2
1
2
4
5
9
10
13
16
17
19
22
23
24
24
22
22
21
20
17
17
15
13
12
11
11
10
10
10
10
11
10
10
8
7
4
1
-1
-3
-6
-9
-13
-14
-17
-20
-20
-21
-22
-21
-22
-21
-21
-22
-22
-22
-21
-21
-20
-20
-17
-16
-14
-13
-12
-10
-9
-8
-6
-3
-2
-1
1
1
2
3
3
4
5
6
5
6
6
6
7
8
7
7
8
8
7
6
4
3
3
2
2
4
5
6
9
10
12
13
15
16
17
18
18
18
19
19
18
18
16
16
14
14
13
12
10
8
6
3
2
1
-2
-5
-8
-11
-14
-14
-18
-20
-22
-23
-23
-23
-23
-22
-23
-22
-22
-22
-22
-22
-21
-20
-18
-18
-17
-16
-14
-15
-13
-15
-14
-13
-14
-13
-11
-7
-4
-1
2
4
7
11
14
16
19
19
21
22
22
23
24
26
26
28
26
26
24
22
21
19
19
17
17
16
16
16
14
13
10
9
7
4
2
2
0
0
0
-3
-5
-6
-8
-10
-12
-14
-15
-16
-19
-21
-22
-22
-22
-22
-22
-22
-22
-23
-20
-18
-17
-17
-14
-14
-13
-12
-13
-14
-12
-12
-13
-12
-13
-12
-10
-8
-5
-2
0
3
5
7
11
12
14
15
15
16
16
14
12
11
11
12
9
8
11
12
12
15
18
20
22
22
21
22
23
23
24
23
23
23
20
18
16
13
10
9
5
1
2
-1
-5
-7
-10
-11
-8
-12
-17
-20
-21
-22
-24
-26
-25
-22
-20
-18
-16
-17
-17
-19
-18
-17
-15
-14
-14
-12
-8
-6
-5
-4
1
6
7
7
6
8
10
14
12
13
17
17
16
13
10
10
9
7
1
-1
-2
-3
-5
-5
-5
-4
-4
-5
-4
-5
-4
-4
-3
0
1
2
5
4
5
7
6
7
6
4
4
4
5
3
2
2
2
3
-1
0
1
-3
-2
-2
-7
-4
-5
-7
-5
-7
-7
-12
-13
-9
-12
-15
-17
-16
-16
-19
-21
-21
-20
-12
-11
-15
-12
-5
-1
-2
1
5
8
7
5
4
8
10
7
7
8
14
14
5
3
12
14
9
8
7
11
14
7
3
11
17
16
13
12
16
16
11
11
10
9
13
13
10
3
6
10
7
8
1
-2
9
8
2
-3
2
19
10
-5
2
3
10
3
-10
-3
1
3
-6
-22
-8
-4
-10
-11
-15
-11
-16
-23
-18
-26
-17
-13
-23
-14
-21
-22
-11
-18
-17
-20
-13
0
-5
-10
-17
-10
13
-5
-15
5
10
20
5
-3
22
20
18
19
16
29
23
19
25
21
19
1
13
25
-3
-1
0
-4
10
-11
-20
1
9
2
-20
-7
9
-9
-19
-27
-12
2
-19
-14
-12
-14
1
-23
-33
-14
-7
-9
-22
-17
-15
-28
-12
-17
-28
-4
0
-1
6
3
5
-5
2
18
2
1
19
25
16
1
10
24
22
20
0
16
46
24
-7
0
20
19
8
5
13
27
24
3
2
18
14
-1
14
29
12
7
10
18
17
-10
-6
21
7
-25
-18
21
6
-32
-25
7
31
3
-44
-21
26
12
-37
-52
-3
26
-21
-58
-36
7
-8
-50
-29
-5
-5
-13
-41
-15
14
-10
-18
-3
26
32
7
2
24
18
6
2
6
13
2
5
-7
-19
-11
-17
-12
-4
-25
-8
4
-12
-17
-3
3
2
30
18
-16
4
15
-2
-5
7
17
2
12
9
-27
14
22
9
21
-2
2
9
-3
-2
-33
7
32
-3
31
0
-15
27
8
2
6
14
42
4
-3
1
-27
1
11
10
1
-15
16
1
-38
-26
-9
13
12
-13
-19
-22
3
-15
-53
-12
25
4
-28
-27
7
-8
-12
6
-12
12
7
-15
0
3
-11
-26
28
39
-26
14
33
0
19
9
-7
5
46
20
-60
19
46
-50
-31
15
22
-1
-34
-14
-3
22
-2
-72
16
42
-2
1
-36
13
55
-11
9
7
21
24
-5
44
-31
-34
54
-12
-26
-5
4
33
-24
-4
-4
-16
26
-3
0
18
25
3
-49
18
28
-13
16
-7
15
0
-64
-17
-10
-9
-5
-12
47
-30
-17
13
-81
25
25
-62
62
20
-21
-1
-11
2
-47
47
63
-19
66
-8
-64
37
-24
-25
-12
62
65
-72
1
15
-41
40
-7
5
55
46
11
-82
30
66
-50
15
20
-8
38
-45
-35
-2
-23
34
-6
-19
22
-9
8
-31
4
41
-60
40
54
-66
3
13
-8
-13
-8
21
-32
37
12
-101
22
15
-22
-8
-64
38
21
-80
-19
-11
2
-26
-28
-4
-58
27
11
-90
18
13
-44
13
-10
-14
9
10
8
-29
7
0
-19
56
-31
-26
83
-13
-20
29
15
44
26
65
1
-6
112
6
-17
57
0
63
45
-14
29
3
49
10
-54
35
26
25
-10
-74
32
41
-34
-22
-5
57
21
-70
-45
6
72
-17
-106
27
57
-61
-56
-51
-31
37
0
-116
-52
93
-21
-149
-27
62
-24
-33
0
-8
32
18
-72
-26
27
24
22
-41
53
72
-43
-15
-4
23
31
3
60
-13
8
68
-59
29
37
-12
57
33
33
10
4
67
0
24
34
-5
87
-2
-17
28
-19
18
-14
-41
28
-15
4
-29
-22
38
-38
22
-6
-59
60
-6
-75
11
-11
8
-24
-62
-35
-55
20
-36
-75
42
-30
-32
-17
-134
-31
10
-25
-14
-29
45
-35
-20
32
-74
70
86
-72
35
26
2
9
-48
72
-11
-1
79
-67
9
45
-36
39
-42
30
64
-70
58
-17
-48
69
7
26
5
20
98
-54
-16
31
-17
72
3
3
-15
-5
38
-104
-38
70
-19
3
-4
1
3
-24
38
-56
39
87
-84
37
22
-25
19
-82
23
-1
-14
53
-71
37
-21
-37
50
-166
33
98
-114
45
11
-76
11
21
28
-75
45
141
-98
33
41
-49
72
-18
17
52
-36
40
10
-21
9
21
43
-80
54
69
-81
83
30
-93
64
62
-21
-41
61
52
-55
77
-50
-63
151
-31
-32
29
-18
35
-31
-15
-41
36
124
-132
-19
55
-102
99
-66
-66
115
-49
-41
-45
-32
16
-75
77
-45
-98
107
-105
-72
55
-72
-24
-4
7
23
-91
15
-1
-63
38
-31
-34
53
-22
-43
-3
14
-20
-34
54
31
-13
28
-51
-15
27
-32
-20
7
35
31
-2
8
-24
41
85
-25
1
54
-6
15
41
-11
-28
7
52
-67
-25
99
-3
10
31
-42
40
-36
-44
72
2
54
18
-45
6
-21
68
-40
-64
209
-53
-86
96
-106
-16
-38
-9
68
-97
22
-1
-87
56
-78
-13
41
-37
140
-24
-90
82
-33
-90
-18
46
62
7
63
21
-84
-26
33
-8
2
97
65
19
-52
-24
13
-49
54
79
-21
96
56
-95
-4
-27
38
43
-38
82
41
18
-8
-125
90
-4
-81
195
-35
0
130
-108
-54
0
19
23
-49
144
-32
-129
91
-129
-35
84
-81
59
0
-71
-6
-96
-38
-22
-1
39
-29
69
-31
-124
44
-34
-77
52
41
-16
-43
12
-52
-106
21
2
2
13
0
0
-92
-8
33
-112
-16
90
11
-54
-3
26
-62
-27
65
-28
3
123
7
-69
100
60
-97
-30
80
37
-31
10
69
13
-14
-19
-69
33
111
27
-26
37
46
-50
-88
0
20
45
40
3
26
33
-81
-28
62
-27
-14
45
5
10
5
-40
-33
28
68
-61
3
78
-44
-9
-12
-51
1
-49
23
42
-38
22
-18
-63
0
-30
8
18
26
33
-106
-15
63
-87
6
33
26
71
-79
-41
23
3
9
-53
66
96
-50
35
-33
-61
104
-37
-27
126
95
33
-67
46
34
-74
52
55
23
128
2
-106
27
-40
-46
33
39
117
7
-25
25
-89
-32
-17
43
127
-60
7
69
-199
5
58
-164
80
99
-37
-44
21
78
-217
-49
161
-198
-4
49
-149
83
-7
-142
5
-2
63
-77
-64
99
-68
53
-39
-156
123
-30
-109
46
-8
70
-44
-43
83
-68
8
19
-54
54
16
12
3
-36
93
-58
-86
97
-12
-15
46
28
14
-14
47
-6
-47
101
-26
-5
137
-43
-32
39
13
2
-36
73
29
24
91
-81
-57
112
-11
-36
44
61
-47
-54
120
-38
-65
125
-79
-64
96
-86
-68
88
76
-100
3
58
-114
8
14
-106
67
83
-98
-72
16
-39
-111
3
63
-2
68
4
-51
-5
-64
-28
33
-10
47
70
-24
-82
4
-5
-101
42
82
-33
35
161
-66
-130
95
-4
-44
84
-34
0
93
-7
17
-25
-7
85
33
-45
-23
141
4
-109
159
-101
-132
292
-55
-126
243
17
-130
66
32
-164
58
190
-245
-8
269
-199
-65
146
-137
-32
110
-51
-92
27
32
-137
-66
27
-55
59
-6
-65
81
-77
-11
146
-117
-43
144
-75
-121
15
-2
-61
87
67
-126
75
88
-253
-3
131
-152
82
198
-149
-39
158
-164
-160
173
16
-140
167
58
-168
20
50
-156
60
136
-90
105
196
-94
-92
52
-75
-57
68
37
-29
167
67
-167
-9
85
-76
-7
110
62
92
32
-106
-66
14
-101
-14
120
43
81
123
-133
-122
84
-96
-77
175
44
-55
164
-93
-324
41
77
-224
137
304
-186
-15
156
-246
-156
237
6
-104
203
153
-283
-33
191
-230
-9
221
-152
-7
157
-119
-73
79
-1
-159
146
109
-300
97
206
-295
82
214
-228
19
219
-123
-220
168
141
-173
125
117
-181
-2
-45
-80
70
49
124
42
-140
-44
5
-112
-24
231
94
-143
107
0
-347
18
178
-70
41
192
-87
-190
146
-50
-368
148
251
-175
83
220
-217
-118
236
-156
-278
282
189
-176
123
82
-265
-25
183
-142
-91
341
104
-171
-71
-18
-93
-69
63
34
-3
180
42
-140
5
14
55
18
25
166
103
-52
-50
-33
-70
-140
139
94
-72
250
32
-222
-25
-55
-50
85
72
96
-2
26
-22
-164
-88
51
212
93
-80
100
-28
-179
14
-152
-90
224
116
-104
-45
35
-65
-81
-16
5
41
122
81
-90
-108
5
-109
-103
51
29
4
51
48
-187
-173
28
-163
-84
216
-86
-84
132
-122
-182
36
115
-49
152
405
-44
-112
192
-205
-248
134
5
-117
74
68
-184
-185
-25
-98
-33
195
119
68
62
44
32
-165
-81
226
58
-3
218
75
-46
42
-12
-76
83
138
-27
53
108
-148
-108
-66
-222
-54
31
31
127
72
69
-24
-135
4
32
55
197
198
35
-99
39
-62
-225
98
146
3
222
113
-168
-92
-34
-132
-83
78
99
38
-1
-116
-205
-155
-130
-10
91
41
67
25
-184
-175
-42
-4
84
157
120
40
-67
-95
-100
-78
71
143
91
52
32
-54
-103
3
39
-2
61
94
-41
-87
-16
-61
-71
40
50
40
58
-12
-26
-10
-27
29
26
-5
105
30
-109
-14
20
-83
-12
74
-11
-23
51
-52
-99
68
-13
-67
111
5
-85
45
-3
-84
-24
37
-15
-30
62
-7
-23
80
-31
-72
52
49
-32
17
133
-15
-85
50
-89
-92
129
59
-59
101
77
-132
-33
90
-41
52
133
-7
44
24
-81
-35
0
-13
14
77
19
0
62
-86
-82
0
-52
-10
30
40
15
-21
-15
-55
-32
-17
10
76
8
39
40
-88
-48
-31
-46
43
13
-2
13
-50
-37
-59
-52
-10
14
69
27
3
-3
-72
-62
-17
-54
-21
27
-2
-32
-48
-44
-47
-36
38
72
13
33
54
-11
-46
-6
57
50
43
108
15
-57
50
-1
-32
124
109
9
3
-31
-96
-129
6
37
5
110
18
-50
-23
-120
-43
61
58
158
156
86
50
-14
-49
-48
92
140
98
223
105
-70
-49
-173
-132
42
82
115
85
8
-155
-272
-199
-159
-16
189
152
89
-16
-202
-248
-192
-47
80
171
228
67
-97
-149
-236
-185
-14
115
205
215
69
-127
-195
-217
-205
-8
180
172
163
35
-212
-291
-246
-170
-3
178
172
41
-66
-214
-324
-212
-54
57
171
138
25
-85
-162
-127
-30
144
248
210
194
70
-32
-28
-44
103
237
258
228
142
88
-29
-64
41
91
199
248
155
80
-8
-49
-33
58
212
239
222
166
20
-39
-51
13
97
162
214
111
1
-73
-164
-144
-66
-6
45
26
-47
-200
-340
-389
-432
-374
-283
-215
-192
-274
-371
-477
-552
-516
-460
-353
-200
-170
-215
-295
-389
-457
-391
-167
45
233
395
401
284
168
95
130
315
522
659
678
583
414
198
62
93
266
448
565
571
433
198
-5
-68
11
238
466
568
540
391
194
84
118
284
471
584
573
363
123
-59
-199
-170
-91
-31
-9
-147
-312
-475
-596
-603
-601
-569
-560
-639
-683
-725
-750
-741
-782
-806
-852
-882
-826
-789
-685
-579
-598
-617
-693
-709
-533
-240
176
516
699
691
515
404
293
364
778
1179
1370
1246
859
364
-83
-171
32
422
856
893
537
2
-486
-688
-508
117
772
1132
1194
835
350
78
117
528
1114
1561
1604
1217
601
-56
-448
-409
-136
175
313
97
-427
-1042
-1455
-1510
-1263
-810
-430
-387
-582
-950
-1309
-1397
-1188
-804
-461
-273
-318
-617
-910
-1005
-933
-719
-441
-307
-333
-422
-420
-219
64
372
608
668
647
511
420
658
983
1220
1179
814
453
59
-145
11
268
633
703
359
-31
-430
-477
-257
184
880
1177
1137
950
600
452
525
897
1393
1584
1572
1172
521
44
-339
-408
-259
-134
-135
-506
-923
-1317
-1614
-1519
-1237
-840
-549
-529
-606
-860
-1036
-988
-764
-329
-41
82
-19
-399
-638
-787
-748
-463
-306
-229
-414
-821
-1086
-1169
-734
-177
194
558
585
476
260
95
523
1125
1587
1657
1286
925
434
77
173
521
1016
1105
704
196
-346
-582
-478
-58
609
937
880
568
176
20
105
589
1201
1507
1498
1142
573
64
-190
-115
82
286
229
-252
-783
-1220
-1489
-1409
-1049
-640
-496
-588
-830
-1214
-1328
-1149
-812
-396
-195
-193
-452
-805
-942
-927
-652
-352
-247
-307
-628
-945
-1198
-1243
-811
-199
300
460
367
349
272
242
535
1147
1819
1966
1591
1006
441
210
197
442
949
1209
900
143
-504
-780
-755
-273
449
950
1021
656
194
-66
51
586
1273
1849
1943
1523
942
367
40
80
310
498
411
-21
-740
-1385
-1636
-1626
-1326
-876
-620
-648
-926
-1174
-1369
-1345
-884
-447
-176
-89
-270
-492
-784
-874
-697
-518
-217
-215
-536
-787
-1056
-1194
-1223
-930
-279
92
199
151
71
320
492
624
1129
1723
1996
1608
1016
719
501
502
671
865
1096
850
164
-396
-551
-370
-145
270
755
761
504
286
224
490
891
1340
1694
1756
1512
1034
728
624
499
468
403
189
-203
-720
-1163
-1442
-1457
-1380
-1322
-1182
-1151
-1223
-1294
-1285
-1141
-981
-698
-471
-451
-458
-556
-674
-790
-827
-668
-526
-481
-690
-1042
-1221
-1267
-1222
-1115
-802
-335
-33
-45
-183
18
474
795
1044
1485
1956
1946
1496
1055
787
788
917
983
1103
1075
659
-21
-532
-460
-143
192
639
888
784
456
274
426
781
1357
1849
1987
1880
1509
983
651
615
658
606
490
171
-419
-1030
-1472
-1682
-1611
-1379
-1241
-1216
-1248
-1411
-1547
-1445
-1198
-907
-622
-424
-435
-596
-722
-837
-828
-669
-633
-651
-663
-928
-1326
-1462
-1267
-1055
-937
-685
-431
-269
-201
-294
-24
677
1095
1168
1438
1868
1731
1129
872
918
982
1102
1093
1028
892
406
-255
-551
-162
304
478
738
862
617
297
308
759
1257
1684
1983
1914
1641
1263
952
915
1005
1052
825
434
-12
-653
-1163
-1341
-1335
-1297
-1318
-1331
-1443
-1578
-1557
-1446
-1205
-907
-699
-587
-556
-557
-575
-564
-500
-489
-534
-586
-722
-832
-853
-1031
-1234
-1260
-1236
-1334
-1442
-1173
-717
-335
-64
-103
5
452
643
750
1300
2101
2271
1660
1190
896
695
849
1009
1230
1397
927
-13
-703
-561
-159
62
627
1079
869
355
51
303
772
1291
1930
2212
2093
1638
1036
785
797
892
874
682
403
-322
-1182
-1563
-1620
-1563
-1486
-1308
-1252
-1567
-1797
-1735
-1530
-1188
-812
-510
-374
-403
-492
-637
-632
-457
-366
-344
-392
-585
-846
-1084
-1268
-1325
-1274
-1200
-1203
-1143
-862
-490
-161
-49
1
342
720
815
1072
1867
2509
2237
1476
950
717
727
928
1169
1457
1400
507
-668
-1057
-609
-168
303
1074
1360
801
109
-37
390
1063
1836
2448
2535
2133
1329
611
514
743
885
814
577
-17
-1092
-1864
-1924
-1787
-1603
-1358
-1249
-1456
-1829
-1902
-1715
-1346
-774
-374
-210
-204
-393
-637
-689
-452
-229
-201
-259
-511
-920
-1227
-1322
-1379
-1429
-1253
-1195
-1401
-1412
-1050
-488
-129
90
336
544
740
772
1159
2179
2726
2257
1409
942
748
576
780
1299
1756
1488
275
-836
-1031
-598
-102
605
1515
1640
859
104
-59
431
1229
2103
2750
2712
2023
1015
393
430
644
833
870
581
-257
-1450
-2098
-2084
-1821
-1512
-1298
-1249
-1590
-1990
-1992
-1660
-1085
-564
-260
-174
-327
-533
-664
-599
-405
-263
-241
-462
-851
-1218
-1368
-1328
-1312
-1311
-1318
-1373
-1591
-1730
-1177
-324
231
511
461
525
677
732
1238
2268
3300
3056
1804
1127
638
332
736
1401
1988
1781
686
-766
-1605
-1075
-357
369
1546
1919
1075
-24
-391
47
906
2176
3060
3012
2340
1165
194
55
519
1022
1118
764
-213
-1606
-2524
-2622
-2254
-1772
-1337
-1268
-1759
-2336
-2481
-2111
-1444
-675
-93
24
-173
-565
-818
-659
-352
45
276
124
-344
-1091
-1540
-1495
-1195
-916
-1028
-1156
-1431
-1949
-1895
-1227
-249
684
1057
900
694
866
1051
1262
2339
3525
3439
2410
1351
617
414
744
1224
1658
1894
1122
-576
-1508
-1134
-485
237
1298
1907
1316
212
-320
-62
875
2034
2766
2928
2356
1162
109
-160
251
602
610
369
-451
-1741
-2780
-3019
-2575
-2074
-1697
-1443
-1645
-2176
-2435
-2110
-1367
-633
-68
219
53
-325
-595
-597
-258
140
227
-23
-467
-1026
-1535
-1598
-1226
-1013
-1122
-1209
-1433
-1815
-1744
-1031
54
983
1280
1094
1006
1257
1243
1279
2425
3782
3790
2549
1247
610
448
555
890
1580
2111
1195
-726
-1770
-1456
-729
26
1138
1986
1595
403
-502
-360
676
1754
2590
3004
2511
1205
-86
-505
-242
77
306
199
-457
-1633
-2832
-3217
-2812
-2227
-1753
-1454
-1498
-1927
-2197
-1963
-1390
-665
-76
203
173
-54
-246
-294
-87
154
214
193
-171
-765
-1171
-1309
-1112
-893
-869
-907
-1044
-1187
-1328
-1067
-27
1043
1578
1539
1285
1354
1329
1232
1812
3044
3799
3012
1546
580
236
285
357
856
1672
1445
-63
-1540
-1705
-1068
-503
423
1391
1590
860
-292
-609
103
1038
1754
2193
2277
1404
-1
-673
-649
-419
-264
-297
-540
-1264
-2235
-2864
-2781
-2225
-1863
-1653
-1391
-1333
-1468
-1498
-1171
-615
-197
77
306
408
352
192
111
143
147
154
67
-150
-407
-667
-739
-705
-762
-820
-828
-724
-620
-646
-325
532
1205
1117
873
1258
1545
1233
1274
2041
2842
2843
1852
743
434
574
247
108
1036
1546
496
-839
-1312
-1168
-817
-226
488
1058
1039
103
-688
-382
264
667
1179
1644
1365
436
-317
-598
-595
-543
-538
-437
-510
-1147
-1924
-2188
-2064
-1920
-1669
-1237
-855
-779
-935
-980
-801
-488
-149
240
650
753
573
361
189
134
97
133
295
230
-94
-434
-564
-572
-719
-776
-662
-553
-599
-724
-261
614
993
839
721
954
1063
922
1197
2007
2801
2544
1316
490
285
118
-24
303
1025
1107
222
-991
-1712
-1532
-1113
-684
123
815
686
-133
-750
-768
-476
150
937
1479
1554
936
10
-564
-696
-605
-363
97
245
-378
-1198
-1763
-2028
-1927
-1497
-805
-214
-71
-378
-844
-926
-637
-216
460
1104
1282
941
433
161
63
202
605
913
883
322
-388
-696
-768
-749
-658
-461
-317
-618
-1050
-969
-251
486
654
693
902
865
534
463
1123
2081
2365
1735
885
339
-116
-559
-410
427
1013
630
-449
-1384
-1736
-1743
-1453
-612
441
818
262
-483
-852
-830
-374
410
1255
1830
1637
787
-16
-451
-603
-415
181
653
487
-137
-925
-1564
-1756
-1551
-986
-205
263
125
-316
-658
-800
-618
-26
671
1133
1248
958
428
34
-84
58
399
636
474
47
-332
-695
-1060
-1168
-946
-704
-691
-805
-734
-417
-122
-20
57
349
632
558
399
713
1340
1585
1282
852
475
87
-250
-346
17
555
568
-12
-635
-1026
-1256
-1210
-703
14
524
555
147
-225
-331
-297
-10
653
1308
1467
1189
781
309
-83
-231
-114
267
614
555
128
-340
-723
-1064
-1100
-683
-157
184
273
128
-146
-395
-471
-296
155
670
887
796
547
199
-124
-252
-130
86
198
131
-128
-494
-873
-1189
-1263
-1148
-1059
-959
-772
-578
-430
-328
-288
-252
-147
-56
24
387
986
1308
1223
908
449
40
-148
-147
92
601
923
570
-129
-666
-1035
-1213
-1003
-447
184
564
443
-15
-379
-545
-549
-108
792
1570
1826
1629
1133
506
11
-77
335
1006
1422
1271
762
120
-599
-1095
-1010
-444
133
387
298
-34
-463
-811
-892
-581
-34
402
575
554
401
97
-232
-378
-330
-256
-241
-253
-347
-575
-876
-1182
-1410
-1522
-1580
-1504
-1188
-748
-435
-364
-400
-467
-540
-511
-281
308
1077
1501
1426
1019
502
20
-300
-243
213
831
1118
775
136
-482
-1019
-1276
-1041
-365
363
766
746
459
187
5
-14
392
1137
1774
2037
1989
1757
1369
967
739
763
982
1116
1026
797
435
-74
-602
-903
-912
-788
-615
-433
-280
-246
-419
-632
-707
-639
-471
-229
81
304
287
51
-293
-599
-819
-909
-838
-718
-703
-896
-1233
-1577
-1869
-1997
-1889
-1563
-1145
-842
-670
-610
-658
-684
-597
-334
93
597
1044
1221
1142
928
607
346
274
415
687
906
933
723
430
153
-115
-212
-67
201
474
699
871
944
924
890
908
1057
1290
1533
1793
1970
1929
1666
1319
1020
797
668
607
551
446
173
-231
-602
-859
-996
-1007
-902
-786
-748
-764
-826
-903
-917
-873
-783
-646
-530
-520
-619
-756
-914
-1082
-1192
-1240
-1244
-1239
-1309
-1457
-1586
-1628
-1623
-1567
-1405
-1161
-905
-702
-570
-421
-195
27
176
288
440
611
751
854
934
1023
1109
1062
867
718
690
710
750
839
935
948
875
745
656
740
943
1160
1388
1610
1698
1600
1466
1396
1390
1440
1486
1441
1282
1018
679
356
179
115
27
-121
-323
-571
-813
-968
-986
-893
-770
-727
-787
-873
-945
-991
-956
-845
-747
-753
-877
-1064
-1253
-1406
-1503
-1526
-1495
-1499
-1598
-1716
-1790
-1805
-1724
-1528
-1251
-1007
-858
-750
-637
-484
-263
20
332
602
755
768
679
566
509
559
718
883
957
948
901
795
676
661
770
933
1098
1256
1395
1501
1579
1606
1617
1663
1690
1684
1683
1699
1665
1536
1335
1072
784
513
268
61
-77
-175
-289
-433
-586
-723
-811
-825
-762
-641
-510
-437
-428
-464
-532
-588
-603
-604
-639
-741
-913
-1130
-1355
-1562
-1732
-1814
-1806
-1803
-1819
-1823
-1823
-1810
-1746
-1578
-1326
-1034
-739
-479
-273
-116
-11
91
219
375
536
661
752
768
682
542
406
323
284
306
441
625
790
916
975
1022
1085
1164
1289
1471
1702
1883
1974
2008
1943
1793
1613
1439
1304
1190
1053
867
639
404
140
-99
-245
-331
-394
-445
-487
-523
-542
-531
-488
-411
-311
-239
-209
-220
-288
-385
-479
-567
-660
-751
-847
-986
-1172
-1382
-1582
-1738
-1827
-1839
-1777
-1678
-1585
-1508
-1421
-1302
-1150
-953
-715
-458
-204
13
181
315
413
466
482
472
438
390
349
318
297
287
277
253
231
241
282
358
473
636
844
1076
1313
1516
1650
1721
1738
1700
1644
1609
1592
1550
1469
1327
1079
762
427
93
-194
-376
-463
-507
-522
-535
-583
-643
-665
-657
-599
-464
-283
-100
52
150
166
106
1
-136
-278
-391
-497
-614
-741
-890
-1062
-1242
-1407
-1531
-1597
-1593
-1516
-1370
-1189
-1005
-832
-661
-500
-332
-144
28
180
313
404
455
471
464
424
343
239
101
-43
-149
-212
-231
-182
-87
18
124
235
332
430
558
706
883
1111
1338
1487
1567
1572
1470
1297
1111
926
776
675
576
437
272
62
-209
-456
-613
-687
-675
-570
-416
-269
-147
-84
-63
-36
7
64
155
260
320
309
239
107
-74
-271
-483
-670
-805
-902
-970
-998
-1003
-1009
-1022
-1011
-963
-854
-685
-492
-289
-88
66
163
227
274
301
316
313
283
232
153
44
-62
-142
-210
-261
-285
-299
-329
-347
-319
-254
-134
43
241
424
562
644
696
754
831
904
979
1058
1076
1011
869
668
447
237
68
-37
-77
-91
-118
-166
-238
-342
-427
-446
-405
-301
-147
17
155
252
263
185
103
49
11
0
16
16
-38
-144
-301
-474
-589
-664
-713
-704
-633
-557
-494
-424
-357
-298
-220
-150
-86
3
91
145
189
228
229
193
155
96
23
-29
-67
-80
-54
-28
-32
-46
-45
-63
-81
-63
-35
5
60
102
145
215
284
296
281
282
276
261
271
289
351
443
468
401
291
172
43
-36
-34
12
81
132
99
8
-84
-183
-271
-289
-230
-149
-66
-5
-18
-71
-130
-203
-252
-240
-199
-155
-100
-41
-28
-57
-93
-133
-158
-160
-154
-122
-63
-8
13
13
10
-10
-35
-41
-9
43
90
120
150
183
215
239
238
226
234
250
246
230
201
168
129
82
16
-53
-91
-131
-207
-265
-274
-264
-235
-195
-174
-171
-154
-138
-162
-140
-31
75
160
220
206
146
88
17
-83
-117
-60
-30
-38
-54
-135
-250
-319
-373
-417
-391
-298
-224
-149
-62
-48
-65
-42
-25
-12
75
199
272
303
306
241
171
141
98
69
111
156
137
109
82
28
0
25
68
146
266
357
403
448
476
470
481
513
525
540
547
499
391
255
93
-77
-195
-265
-330
-369
-393
-474
-580
-652
-705
-724
-658
-534
-428
-316
-177
-129
-146
-114
-43
53
168
205
132
49
-31
-204
-368
-364
-315
-322
-344
-422
-551
-636
-662
-643
-493
-221
-29
55
152
191
141
151
258
390
539
694
757
706
580
390
192
95
90
125
219
334
355
259
134
31
-34
-2
163
399
613
753
773
679
552
456
397
405
502
576
530
425
267
12
-234
-377
-457
-501
-503
-547
-645
-689
-757
-932
-979
-825
-653
-503
-357
-283
-283
-270
-299
-320
-68
297
421
380
248
-23
-339
-561
-634
-482
-121
83
-53
-264
-500
-799
-918
-730
-343
111
503
660
594
464
261
82
168
448
708
929
1059
933
570
177
-127
-270
-185
32
252
404
375
127
-151
-268
-240
-73
265
628
807
780
638
442
265
202
249
366
489
477
285
38
-205
-487
-719
-751
-620
-485
-433
-480
-614
-786
-972
-1099
-980
-545
-7
288
262
97
-142
-442
-633
-470
79
675
899
581
2
-518
-979
-1252
-1013
-330
287
473
251
-185
-609
-864
-873
-453
348
1019
1226
1123
872
458
72
11
315
801
1196
1278
1052
626
51
-466
-612
-354
37
369
545
461
126
-287
-542
-467
-82
415
820
1025
930
564
152
-101
-142
21
316
547
548
281
-170
-622
-938
-1074
-995
-688
-331
-192
-309
-567
-875
-1135
-1201
-937
-382
242
644
654
356
-96
-553
-804
-659
-89
571
887
688
63
-681
-1242
-1437
-1155
-463
340
774
602
66
-493
-828
-772
-282
504
1248
1580
1372
829
292
-70
-152
175
783
1275
1336
975
360
-309
-785
-870
-512
112
645
802
570
113
-412
-769
-665
-98
595
1086
1216
943
373
-236
-625
-634
-249
263
556
517
177
-392
-981
-1332
-1348
-1067
-617
-231
-123
-263
-527
-846
-1081
-1038
-637
-6
585
884
855
602
156
-397
-703
-470
149
740
961
695
71
-687
-1350
-1560
-1096
-204
609
1009
865
246
-483
-880
-746
-92
849
1637
1941
1685
987
179
-296
-232
227
873
1430
1531
1048
201
-632
-1100
-1037
-535
143
687
818
440
-228
-823
-1047
-789
-153
577
1041
1006
531
-120
-691
-929
-714
-225
227
449
282
-250
-827
-1255
-1473
-1333
-882
-465
-246
-216
-482
-886
-1036
-970
-784
-250
440
828
907
754
357
1
-88
-79
97
647
1064
923
483
-117
-807
-1183
-1069
-646
41
726
855
462
-8
-450
-645
-245
533
1236
1701
1762
1320
704
250
61
275
791
1187
1255
1000
403
-348
-880
-983
-713
-237
167
283
82
-363
-835
-1043
-884
-440
105
509
611
403
-17
-435
-612
-529
-312
-35
151
52
-294
-703
-1024
-1145
-1070
-908
-730
-580
-557
-682
-818
-831
-678
-450
-237
49
431
728
832
783
678
626
626
543
477
685
919
789
403
-4
-352
-548
-560
-429
-71
412
542
258
1
-130
-174
63
566
1071
1398
1412
1060
640
413
312
401
752
1018
913
549
68
-461
-851
-958
-792
-462
-199
-219
-447
-703
-916
-987
-821
-473
-99
154
181
32
-143
-286
-332
-237
-115
-73
-81
-187
-434
-651
-741
-799
-811
-738
-721
-783
-768
-767
-795
-648
-411
-294
-185
47
268
511
819
931
865
878
831
630
637
897
1062
1092
949
458
-71
-295
-391
-349
36
445
494
337
72
-297
-403
-130
234
673
1126
1233
974
672
413
274
432
722
886
900
691
218
-286
-640
-837
-816
-627
-526
-595
-763
-997
-1165
-1165
-1040
-814
-532
-340
-282
-272
-279
-269
-172
-58
-17
-9
-60
-197
-296
-336
-353
-320
-325
-462
-646
-775
-857
-863
-735
-575
-429
-310
-319
-304
-76
248
594
949
1172
1209
1180
1052
858
922
1200
1336
1353
1195
690
156
-118
-266
-217
172
492
480
351
38
-436
-541
-235
91
492
921
984
750
532
298
199
453
751
838
841
660
168
-350
-681
-846
-819
-686
-674
-812
-1011
-1260
-1441
-1408
-1206
-920
-636
-450
-365
-346
-376
-346
-193
-55
10
60
-4
-168
-257
-292
-341
-347
-358
-534
-750
-846
-914
-901
-726
-551
-440
-338
-338
-342
-76
387
787
1102
1327
1373
1284
1112
938
1015
1333
1536
1526
1324
869
319
-94
-290
-203
161
498
547
384
20
-455
-612
-378
2
485
920
1000
768
488
266
233
478
760
907
952
739
195
-363
-713
-878
-874
-736
-640
-698
-895
-1198
-1479
-1553
-1408
-1150
-809
-467
-265
-243
-300
-348
-368
-320
-203
-80
7
9
-81
-198
-327
-508
-692
-788
-802
-797
-777
-690
-602
-588
-581
-584
-533
-257
207
677
1062
1334
1391
1265
1188
1125
1105
1372
1689
1681
1435
1060
521
21
-179
-164
10
384
586
384
67
-274
-619
-608
-169
328
740
1025
950
592
306
202
293
633
990
1061
890
513
-116
-714
-1001
-1034
-929
-791
-778
-963
-1243
-1517
-1719
-1676
-1360
-961
-607
-335
-227
-295
-386
-386
-282
-88
102
178
131
16
-157
-323
-419
-455
-498
-581
-689
-800
-833
-758
-640
-525
-432
-326
-190
52
463
913
1302
1569
1619
1508
1408
1332
1291
1413
1572
1550
1376
1044
518
37
-202
-269
-159
147
357
280
66
-278
-651
-656
-296
142
617
980
933
612
324
104
91
410
743
826
703
295
-399
-1007
-1314
-1396
-1223
-941
-868
-1001
-1230
-1520
-1692
-1562
-1212
-761
-294
-7
4
-129
-280
-353
-214
51
239
330
267
-17
-334
-545
-654
-563
-352
-311
-431
-513
-639
-763
-633
-393
-150
208
445
449
601
938
1117
1249
1501
1549
1420
1351
1121
870
959
1043
865
729
586
167
-209
-289
-324
-201
171
323
214
118
-102
-374
-282
73
352
632
825
644
287
40
-131
-113
142
320
257
39
-364
-893
-1225
-1264
-1129
-869
-637
-599
-728
-933
-1093
-1070
-824
-450
-59
205
201
35
-157
-326
-319
-122
58
170
186
-32
-348
-531
-611
-563
-334
-131
-149
-236
-302
-432
-408
-166
30
258
512
537
506
654
806
889
1048
1163
1061
925
781
515
422
564
585
549
545
325
-33
-224
-248
-177
88
378
427
331
143
-161
-309
-142
102
297
470
458
197
-105
-312
-381
-241
-27
33
-40
-232
-569
-881
-970
-858
-645
-402
-266
-325
-470
-617
-703
-616
-366
-94
101
159
26
-199
-351
-376
-292
-138
12
54
-44
-222
-410
-486
-384
-190
-20
63
30
-93
-205
-220
-121
55
249
374
356
315
368
464
593
736
818
805
714
573
400
339
458
566
611
612
469
197
-12
-73
-37
127
371
465
357
163
-109
-327
-286
-78
103
257
323
148
-128
-284
-332
-264
-51
109
75
-44
-242
-530
-682
-599
-420
-234
-90
-127
-352
-551
-634
-612
-432
-171
-3
14
-103
-315
-499
-499
-350
-171
-6
84
9
-188
-350
-399
-328
-135
74
138
81
-44
-239
-371
-309
-118
81
227
263
158
71
130
227
370
601
727
691
594
436
282
295
475
605
656
680
505
206
35
-10
22
190
378
353
182
-9
-261
-429
-331
-119
52
206
242
72
-119
-164
-144
-56
142
258
200
102
-43
-239
-318
-236
-121
-33
2
-114
-343
-495
-532
-496
-339
-145
-88
-166
-310
-473
-560
-491
-311
-129
19
73
-22
-167
-284
-321
-237
-78
79
110
9
-138
-305
-420
-410
-279
-111
-16
6
-52
-116
-75
31
175
383
560
596
555
501
436
425
519
635
695
709
617
391
194
86
22
49
141
160
69
-55
-203
-338
-341
-215
-64
91
208
203
128
80
64
80
169
275
314
301
226
80
-72
-166
-202
-219
-227
-249
-316
-398
-458
-484
-461
-407
-352
-323
-316
-297
-283
-260
-197
-118
-65
-27
-7
-44
-103
-128
-124
-99
-71
-76
-119
-182
-262
-331
-333
-272
-206
-157
-114
-84
-50
14
104
230
382
483
531
567
569
537
517
544
578
578
549
448
291
137
9
-56
-43
-3
17
2
-35
-109
-180
-169
-86
19
135
225
255
227
161
86
44
61
104
125
123
79
-25
-156
-267
-329
-341
-313
-265
-233
-224
-236
-262
-273
-251
-205
-136
-60
-13
-12
-50
-89
-118
-143
-138
-127
-124
-127
-146
-170
-197
-216
-221
-224
-190
-138
-104
-67
-45
-45
-41
-37
-24
10
53
103
141
158
164
157
156
157
154
165
181
176
159
136
105
79
74
93
123
161
198
213
218
229
228
229
240
235
207
169
114
38
-35
-97
-147
-176
-182
-184
-186
-176
-167
-151
-112
-58
-1
67
140
205
259
308
343
352
344
322
282
241
188
115
32
-56
-150
-245
-325
-385
-435
-471
-473
-456
-429
-392
-358
-317
-258
-188
-111
-34
35
75
85
83
63
36
16
-6
-40
-73
-113
-161
-204
-234
-245
-243
-226
-210
-208
-203
-185
-145
-69
40
156
254
328
372
389
410
447
493
539
556
520
433
313
177
52
-27
-66
-95
-121
-159
-217
-276
-312
-305
-251
-161
-66
19
94
148
187
233
296
359
402
422
404
351
278
194
121
63
5
-62
-134
-210
-291
-364
-401
-405
-393
-372
-352
-333
-306
-270
-219
-147
-75
-21
5
10
8
-1
-6
-7
-14
-36
-71
-119
-162
-188
-191
-172
-140
-109
-95
-97
-98
-86
-50
17
105
187
242
264
264
258
262
280
302
313
300
252
172
77
-16
-86
-127
-142
-149
-161
-187
-217
-236
-230
-189
-120
-47
22
72
112
155
203
258
312
356
383
380
352
317
281
255
233
205
174
132
84
35
-3
-26
-35
-32
-29
-32
-37
-43
-44
-32
-9
10
14
0
-28
-62
-90
-112
-130
-152
-182
-225
-273
-318
-350
-355
-337
-310
-289
-279
-281
-288
-285
-261
-219
-171
-123
-90
-75
-70
-73
-75
-67
-54
-41
-38
-47
-70
-103
-131
-150
-158
-154
-146
-138
-128
-115
-95
-60
-7
57
122
177
220
260
303
353
411
474
527
565
583
577
561
543
527
512
496
472
438
399
354
310
274
245
218
192
167
141
111
84
62
46
26
-1
-44
-97
-153
-207
-253
-297
-342
-394
-451
-509
-566
-608
-635
-646
-640
-627
-604
-578
-555
-530
-494
-451
-399
-349
-304
-261
-217
-181
-152
-120
-97
-85
-77
-74
-74
-76
-74
-67
-58
-45
-28
-16
-2
24
58
108
169
238
304
365
422
467
514
561
608
651
693
724
740
738
720
687
646
607
565
523
482
439
390
338
284
233
193
163
139
118
96
68
36
3
-33
-68
-105
-145
-191
-241
-297
-359
-423
-489
-554
-620
-684
-741
-790
-829
-856
-869
-865
-846
-816
-771
-714
-654
-594
-531
-465
-397
-334
-271
-215
-165
-126
-94
-68
-42
-18
3
23
44
65
85
107
130
151
175
202
232
271
325
392
457
520
573
616
655
686
716
751
787
817
830
830
812
779
744
704
662
624
589
548
502
450
395
335
279
233
191
162
133
95
50
-3
-59
-118
-175
-231
-290
-348
-416
-491
-568
-645
-718
-786
-843
-893
-937
-970
-993
-1003
-999
-979
-944
-894
-834
-770
-705
-643
-582
-526
-472
-420
-373
-327
-284
-243
-206
-169
-135
-104
-71
-34
8
60
117
174
231
284
336
383
434
496
563
635
701
752
787
804
813
819
830
843
852
850
837
814
784
751
717
689
670
652
629
599
561
519
476
439
407
375
342
299
242
177
102
25
-52
-130
-213
-298
-386
-479
-569
-652
-730
-800
-861
-915
-957
-988
-1006
-1017
-1013
-994
-967
-931
-883
-832
-778
-719
-664
-615
-573
-539
-513
-491
-470
-447
-420
-384
-344
-303
-258
-211
-158
-97
-23
60
150
242
334
419
500
576
643
706
761
810
849
875
888
884
870
849
820
788
758
733
710
693
680
667
654
642
629
615
602
589
570
549
523
488
444
389
321
247
175
96
10
-80
-177
-280
-383
-481
-573
-654
-724
-789
-847
-897
-943
-975
-995
-1003
-996
-982
-959
-933
-905
-875
-846
-810
-767
-722
-676
-636
-605
-586
-574
-562
-540
-509
-463
-405
-340
-276
-213
-149
-82
-8
77
172
278
383
476
560
631
690
741
786
832
872
905
928
936
926
907
881
855
833
815
801
789
781
769
755
745
729
708
686
665
639
608
576
535
484
424
354
278
200
120
37
-45
-128
-214
-301
-385
-465
-542
-613
-677
-735
-790
-839
-882
-916
-940
-955
-967
-971
-972
-972
-969
-959
-941
-916
-886
-849
-815
-782
-752
-723
-688
-648
-597
-539
-477
-412
-341
-268
-192
-108
-20
74
164
250
327
399
470
533
594
651
696
728
753
771
787
803
821
835
842
847
843
835
827
822
822
823
827
826
819
807
785
757
723
684
638
589
537
481
422
358
285
207
123
39
-47
-126
-200
-273
-343
-414
-487
-559
-627
-685
-736
-780
-816
-852
-887
-922
-958
-987
-1007
-1018
-1020
-1019
-1015
-1012
-1009
-999
-978
-944
-895
-839
-783
-727
-673
-621
-564
-494
-411
-319
-218
-120
-29
54
134
214
295
380
465
543
613
675
727
771
809
840
867
892
912
927
939
951
953
952
947
935
921
905
889
875
860
841
813
785
750
710
664
614
560
503
444
385
318
247
175
97
18
-65
-148
-234
-318
-400
-482
-560
-636
-707
-774
-840
-902
-959
-1010
-1050
-1080
-1101
-1116
-1126
-1134
-1135
-1130
-1117
-1091
-1057
-1013
-962
-908
-853
-795
-732
-662
-586
-509
-433
-358
-282
-203
-122
-38
47
134
218
297
372
444
513
583
655
725
793
856
910
953
982
1004
1017
1026
1037
1045
1048
1042
1025
998
969
937
906
878
854
828
798
760
712
657
601
546
495
444
388
326
258
186
109
27
-56
-143
-228
-314
-398
-483
-568
-650
-732
-809
-881
-944
-1001
-1050
-1094
-1131
-1160
-1183
-1198
-1203
-1195
-1177
-1152
-1121
-1085
-1046
-1003
-952
-893
-828
-758
-683
-609
-531
-457
-387
-315
-242
-163
-78
9
95
179
259
335
407
476
546
615
684
753
815
866
910
946
977
1001
1018
1031
1039
1040
1037
1027
1012
992
968
937
904
867
826
786
743
699
653
605
551
494
434
372
310
249
188
128
67
4
-63
-134
-206
-280
-354
-430
-503
-575
-644
-709
-773
-833
-891
-945
-990
-1026
-1051
-1066
-1076
-1079
-1076
-1068
-1054
-1034
-1005
-966
-918
-866
-812
-759
-703
-647
-587
-523
-457
-388
-318
-245
-176
-103
-27
52
136
220
302
376
447
514
577
637
695
747
793
832
867
895
918
935
945
951
951
944
933
919
900
879
854
827
794
758
721
680
639
597
553
507
462
411
359
307
252
197
140
82
22
-39
-100
-167
-235
-308
-384
-459
-535
-605
-675
-738
-797
-854
-907
-955
-1001
-1042
-1072
-1092
-1104
-1105
-1098
-1084
-1063
-1031
-991
-941
-882
-821
-759
-695
-629
-561
-494
-424
-351
-278
-200
-125
-51
24
97
172
247
325
401
470
537
599
650
695
734
770
805
839
871
897
918
933
939
941
935
924
912
896
876
850
819
780
736
692
646
601
557
513
471
431
393
354
314
272
227
180
132
82
27
-31
-94
-162
-237
-315
-398
-480
-563
-639
-714
-780
-842
-899
-951
-1000
-1042
-1077
-1099
-1106
-1097
-1076
-1046
-1006
-959
-908
-853
-794
-734
-671
-611
-551
-492
-438
-385
-333
-282
-235
-190
-146
-100
-46
15
79
147
220
292
365
437
508
578
644
699
745
782
813
837
858
875
887
890
882
866
842
818
794
776
758
733
704
670
633
598
566
541
521
503
485
463
433
399
358
313
264
210
151
85
13
-66
-152
-241
-332
-422
-507
-583
-653
-715
-769
-814
-855
-885
-911
-930
-943
-949
-942
-929
-909
-881
-848
-815
-781
-747
-711
-672
-627
-580
-533
-488
-448
-410
-371
-334
-296
-253
-206
-160
-107
-50
13
78
143
206
267
327
381
430
479
524
564
599
627
649
666
680
693
704
715
725
730
732
725
715
706
696
685
672
657
636
611
583
555
528
503
476
449
417
379
335
286
230
175
117
60
1
-60
-122
-187
-253
-319
-379
-434
-481
-522
-556
-584
-608
-630
-652
-670
-681
-690
-697
-700
-702
-699
-694
-685
-673
-658
-639
-618
-595
-571
-545
-517
-484
-451
-416
-383
-351
-315
-279
-237
-192
-143
-93
-44
4
50
91
133
171
213
253
293
332
369
403
435
465
493
516
539
560
580
601
621
641
653
662
664
659
652
644
635
626
617
600
578
549
516
479
441
404
368
330
290
243
193
140
86
33
-18
-65
-113
-159
-209
-256
-301
-343
-377
-408
-431
-452
-477
-499
-521
-545
-562
-575
-586
-596
-604
-608
-615
-616
-614
-608
-596
-579
-559
-539
-515
-489
-461
-428
-394
-357
-319
-283
-250
-216
-185
-152
-117
-80
-40
0
39
77
112
146
180
212
246
280
312
343
375
401
426
445
463
479
497
516
531
544
553
557
559
558
553
548
542
537
530
519
502
480
453
420
386
354
321
283
244
201
154
108
60
16
-24
-62
-96
-130
-165
-196
-224
-248
-268
-287
-305
-325
-345
-366
-387
-405
-420
-432
-439
-448
-457
-467
-477
-485
-485
-481
-472
-460
-449
-437
-429
-419
-408
-393
-375
-352
-328
-302
-275
-246
-215
-181
-147
-111
-74
-38
0
38
77
110
144
175
203
229
251
273
296
319
341
364
386
406
426
445
463
478
492
504
512
517
517
514
510
502
491
472
446
414
379
342
305
269
236
202
167
129
89
54
20
-9
-34
-59
-84
-110
-136
-161
-188
-212
-237
-259
-281
-304
-327
-350
-371
-391
-408
-425
-440
-455
-468
-477
-485
-489
-490
-487
-482
-473
-463
-451
-436
-415
-392
-367
-340
-312
-283
-249
-214
-180
-147
-112
-79
-46
-14
17
50
83
117
149
180
209
237
265
293
321
348
375
401
426
449
467
481
493
501
506
509
511
509
504
494
478
457
434
408
381
354
328
301
275
251
226
198
169
138
110
82
54
27
-1
-26
-52
-79
-108
-139
-168
-199
-227
-256
-285
-311
-336
-359
-383
-405
-428
-448
-464
-478
-489
-496
-497
-494
-490
-480
-470
-456
-441
-423
-399
-374
-346
-315
-284
-252
-223
-197
-172
-146
-120
-95
-68
-42
-15
11
38
64
90
118
148
178
210
241
269
298
325
349
373
394
412
426
435
444
449
450
451
447
440
427
411
394
375
354
333
314
295
275
254
234
213
193
174
153
130
106
83
61
37
10
-18
-48
-78
-107
-138
-170
-198
-225
-250
-275
-299
-324
-345
-364
-381
-394
-404
-408
-410
-408
-404
-397
-387
-374
-356
-338
-319
-300
-279
-259
-239
-218
-198
-179
-161
-144
-127
-112
-97
-78
-57
-34
-11
13
37
61
83
106
130
154
178
201
222
239
255
272
285
295
305
312
319
322
323
320
314
308
297
286
273
263
250
239
228
216
207
197
186
175
161
145
131
117
103
86
69
49
27
4
-19
-43
-64
-86
-108
-132
-155
-175
-196
-214
-230
-243
-255
-267
-274
-280
-280
-277
-271
-264
-256
-246
-239
-231
-221
-210
-197
-184
-173
-163
-153
-144
-133
-122
-109
-98
-86
-73
-60
-45
-29
-12
7
26
43
57
71
83
98
112
126
141
154
162
169
173
175
178
181
184
185
184
180
176
168
161
155
150
146
142
140
134
129
126
122
117
111
104
95
86
75
62
48
34
20
4
-11
-27
-43
-59
-71
-85
-98
-109
-120
-126
-134
-139
-139
-141
-141
-140
-138
-135
-131
-126
-122
-117
-113
-109
-108
-108
-108
-107
-103
-100
-95
-90
-83
-81
-78
-73
-64
-54
-40
-26
-12
-1
10
20
30
38
48
58
65
71
76
78
80
83
85
88
89
89
89
87
87
88
90
94
99
102
103
105
105
106
109
111
111
111
107
102
97
87
77
67
56
44
31
18
5
-8
-22
-32
-45
-57
-70
-81
-90
-97
-101
-102
-102
-103
-102
-104
-104
-102
-99
-95
-90
-83
-80
-75
-74
-73
-73
-73
-71
-69
-67
-65
-62
-60
-57
-55
-50
-44
-38
-32
-23
-12
-2
7
16
28
36
43
49
54
59
64
66
69
71
71
70
68
67
65
64
66
67
68
69
71
72
75
77
78
79
75
70
64
57
51
43
35
28
19
10
0
-10
-18
-25
-29
-30
-31
-33
-36
-38
-41
-43
-44
-44
-44
-45
-45
-44
-42
-42
-41
-40
-39
-37
-34
-32
-29
-25
-20
-16
-13
-7
-5
-5
-5
-5
-4
-2
1
3
2
2
-1
-2
0
1
3
3
2
1
-2
-3
-5
-8
-11
-14
-17
-22
-24
-25
-21
-16
-11
-7
-3
-1
-1
2
4
7
9
12
11
8
4
-1
-6
-11
-16
-19
-23
-26
-27
-29
-28
-25
-23
-18
-16
-12
-6
1
7
15
22
27
31
32
32
30
32
33
34
35
33
31
31
33
35
38
43
46
52
55
58
62
67
68
67
66
62
56
49
45
39
34
28
25
21
16
11
6
4
2
0
-4
-8
-12
-19
-26
-34
-40
-48
-54
-58
-63
-66
-64
-65
-63
-61
-60
-55
-52
-50
-47
-45
-43
-39
-38
-38
-40
-43
-45
-48
-50
-53
-56
-58
-58
-57
-54
-51
-47
-43
-39
-32
-25
-17
-8
0
9
17
21
25
26
28
32
34
37
39
39
37
36
36
38
41
44
47
50
52
55
58
63
67
69
70
70
68
68
68
68
65
62
57
55
50
45
40
36
30
23
13
5
-2
-9
-15
-21
-28
-35
-40
-44
-46
-46
-44
-41
-37
-31
-29
-28
-29
-28
-30
-29
-28
-27
-26
-30
-33
-38
-43
-44
-43
-42
-42
-43
-46
-47
-52
-52
-50
-48
-45
-43
-44
-47
-47
-48
-44
-37
-30
-25
-21
-19
-17
-14
-8
0
11
21
29
34
37
39
41
47
55
62
72
79
86
89
94
98
101
104
105
104
102
99
95
89
81
72
60
50
38
27
19
12
5
0
-5
-8
-14
-19
-21
-21
-18
-15
-14
-17
-19
-21
-22
-22
-21
-21
-22
-28
-36
-44
-50
-53
-55
-57
-61
-69
-76
-85
-91
-95
-96
-96
-96
-98
-103
-107
-109
-110
-108
-102
-96
-90
-84
-79
-77
-74
-69
-64
-60
-55
-51
-45
-41
-35
-25
-15
-2
12
26
41
55
67
81
93
108
123
135
144
151
155
155
156
156
155
154
150
144
136
128
119
111
105
99
94
90
89
88
84
80
76
69
62
58
54
54
52
50
45
38
29
19
10
1
-5
-13
-23
-35
-48
-62
-78
-90
-103
-112
-125
-137
-147
-158
-167
-171
-174
-175
-175
-174
-174
-173
-173
-171
-167
-160
-149
-139
-128
-119
-111
-102
-92
-80
-66
-50
-35
-20
-6
3
14
22
30
41
53
65
76
84
89
92
93
98
105
111
117
120
123
124
125
125
124
121
115
110
101
93
86
78
72
68
65
62
60
59
59
56
56
55
56
57
56
56
56
54
51
46
39
31
22
11
2
-9
-19
-32
-47
-62
-76
-88
-97
-104
-107
-111
-116
-121
-125
-128
-129
-129
-128
-122
-115
-110
-104
-98
-91
-83
-76
-67
-57
-52
-47
-43
-37
-28
-20
-12
-3
3
9
13
20
26
35
45
55
63
70
74
78
80
81
84
87
87
87
84
79
74
69
66
62
57
55
52
50
50
52
54
56
59
61
63
62
60
57
54
51
46
43
37
28
20
9
-1
-11
-22
-31
-40
-51
-61
-70
-83
-93
-103
-112
-119
-125
-128
-130
-129
-129
-130
-131
-130
-127
-123
-118
-111
-103
-92
-82
-73
-62
-51
-38
-25
-11
2
14
26
38
47
57
65
73
80
85
90
94
95
96
95
94
93
91
88
82
78
74
70
68
67
68
68
67
68
68
68
67
68
67
69
71
70
69
66
61
54
48
41
34
27
20
12
4
-5
-14
-22
-31
-39
-46
-55
-62
-70
-78
-84
-91
-95
-101
-104
-107
-111
-117
-121
-127
-130
-132
-131
-131
-129
-124
-121
-116
-107
-95
-84
-70
-54
-39
-25
-13
-2
11
25
39
53
63
72
81
86
89
92
93
92
91
90
86
84
80
73
69
64
60
55
51
47
44
39
35
32
28
26
25
24
23
23
20
20
19
19
19
20
20
19
19
16
15
12
9
5
3
2
2
0
-2
-7
-11
-17
-20
-23
-25
-28
-33
-38
-43
-49
-53
-55
-56
-57
-56
-57
-57
-56
-55
-52
-50
-44
-38
-34
-29
-25
-21
-17
-11
-5
0
3
5
8
9
10
12
15
20
22
25
27
31
31
33
34
34
35
36
38
37
37
36
33
32
30
30
27
27
26
25
22
19
16
12
9
8
5
3
2
1
-2
-6
-7
-8
-10
-10
-11
-12
-13
-15
-17
-19
-19
-22
-26
-28
-32
-39
-44
-47
-50
-52
-53
-54
-55
-57
-58
-59
-56
-54
-48
-42
-34
-26
-17
-10
-2
4
9
14
20
25
29
32
35
38
39
39
40
41
41
42
41
41
42
43
44
44
46
47
47
49
49
49
49
50
49
48
44
40
34
29
23
18
13
9
6
1
-3
-9
-13
-16
-19
-21
-21
-23
-24
-26
-29
-31
-32
-32
-33
-33
-32
-33
-33
-35
-36
-36
-35
-33
-32
-33
-35
-36
-37
-38
-38
-35
-34
-35
-34
-34
-32
-31
-30
-28
-25
-21
-17
-15
-12
-8
-5
-1
2
8
14
18
24
28
32
35
38
42
42
43
44
44
45
44
43
40
38
35
33
31
28
26
21
19
15
13
11
8
6
3
1
-2
-4
-5
-5
-5
-4
-2
-3
-4
-6
-9
-12
-13
-12
-12
-13
-16
-21
-24
-27
-29
-28
-27
-27
-24
-22
-21
-19
-16
-12
-10
-7
-3
2
5
7
9
10
11
10
12
12
12
11
11
10
9
8
8
8
8
9
9
7
8
9
11
11
14
16
16
18
19
18
19
18
17
17
16
15
16
13
11
8
5
1
0
-2
-3
-5
-7
-10
-12
-13
-16
-19
-18
-20
-20
-19
-20
-20
-20
-20
-20
-19
-16
-15
-15
-14
-14
-12
-8
-5
-3
-2
-2
-4
-4
-4
-3
0
3
5
5
5
4
5
4
5
7
7
7
7
5
5
4
2
1
2
3
4
1
2
1
0
0
-1
1
0
-2
-3
-4
-4
-5
-4
-4
-5
-5
-6
-6
-7
-6
-5
-5
-3
-3
-2
-1
2
2
2
4
4
4
5
6
5
5
4
3
2
1
1
0
1
1
2
1
1
-1
-1
-2
-2
-1
1
1
1
1
3
3
6
9
11
13
13
13
15
15
15
16
16
16
15
13
8
6
2
-1
-3
-6
-9
-10
-13
-15
-18
-20
-20
-19
-18
-16
-15
-15
-14
-14
-14
-13
-10
-8
-7
-7
-5
-5
-4
-3
-3
-2
-2
-1
-1
1
1
3
4
5
6
8
8
9
9
10
13
15
15
17
17
17
16
16
16
16
17
16
15
14
13
13
13
12
10
10
7
8
8
8
8
8
7
8
8
7
6
5
4
4
3
1
-1
-5
-6
-9
-12
-15
-18
-20
-21
-24
-25
-27
-28
-30
-31
-32
-32
-33
-32
-31
-29
-27
-24
-22
-18
-16
-13
-11
-9
-6
-4
-2
1
3
4
6
7
9
11
14
15
16
18
19
22
25
24
24
24
23
22
22
23
24
24
23
22
20
18
15
15
14
14
14
13
11
10
8
7
6
5
4
2
1
0
-2
-4
-4
-5
-9
-11
-16
-19
-23
-25
-28
-30
-31
-33
-35
-37
-40
-41
-42
-41
-40
-38
-37
-35
-34
-34
-34
-32
-30
-28
-24
-22
-18
-17
-15
-11
-7
-4
-1
1
3
5
9
13
17
21
25
29
33
36
40
44
48
51
54
56
58
59
59
58
59
58
57
55
53
51
48
47
45
43
40
37
31
28
24
21
19
17
15
13
10
5
2
0
-2
-3
-4
-7
-14
-18
-22
-28
-33
-34
-39
-43
-49
-52
-56
-59
-59
-62
-63
-63
-64
-64
-65
-62
-61
-58
-55
-52
-51
-49
-47
-44
-41
-36
-33
-29
-24
-21
-18
-16
-13
-9
-7
-2
-1
4
6
11
14
18
21
23
28
29
31
35
38
41
44
45
47
48
49
48
48
49
49
49
47
46
43
41
39
39
36
34
32
28
25
23
21
19
17
16
15
12
8
5
2
0
-3
-6
-7
-10
-11
-14
-16
-17
-19
-22
-23
-26
-26
-26
-28
-28
-30
-31
-32
-34
-32
-32
-33
-32
-30
-30
-29
-29
-28
-27
-26
-24
-22
-20
-18
-17
-17
-16
-14
-12
-11
-8
-8
-4
-4
0
3
4
7
7
8
7
8
9
11
13
15
17
20
23
23
24
25
27
27
28
30
31
31
30
30
29
28
28
27
26
25
24
25
25
24
22
21
19
18
13
12
9
7
5
4
1
-2
-5
-8
-11
-12
-13
-16
-18
-22
-25
-29
-30
-32
-33
-35
-38
-39
-41
-41
-40
-42
-40
-41
-42
-43
-42
-40
-39
-37
-34
-30
-26
-23
-20
-18
-14
-11
-9
-7
-5
-4
-1
2
6
10
13
16
19
20
25
27
32
36
40
42
46
48
49
52
53
54
56
57
58
58
56
53
52
50
48
45
42
39
37
33
29
27
23
19
15
10
6
3
-1
-5
-12
-17
-22
-28
-33
-37
-42
-45
-46
-50
-54
-55
-58
-59
-62
-62
-62
-63
-65
-64
-64
-63
-62
-60
-57
-59
-57
-55
-53
-50
-46
-41
-36
-32
-28
-25
-20
-16
-9
-2
1
7
11
15
19
23
28
31
33
38
42
44
50
54
56
58
60
63
64
63
64
64
64
64
65
64
62
61
58
56
52
51
49
48
47
45
44
43
41
38
33
30
27
23
19
14
11
7
3
0
-5
-11
-16
-21
-26
-31
-35
-39
-43
-49
-54
-58
-61
-66
-67
-68
-71
-72
-74
-77
-79
-82
-84
-84
-83
-83
-81
-82
-81
-81
-78
-75
-71
-66
-62
-57
-49
-43
-35
-27
-19
-12
-4
5
14
23
32
41
48
56
64
72
79
87
93
98
103
107
110
111
113
113
114
115
115
115
114
114
112
112
107
104
99
91
84
75
68
58
47
36
25
14
2
-10
-22
-34
-47
-57
-69
-80
-88
-97
-105
-112
-119
-125
-130
-134
-139
-141
-142
-144
-145
-145
-145
-145
-142
-139
-135
-131
-126
-120
-113
-104
-94
-82
-70
-56
-43
-32
-20
-6
5
16
28
39
49
58
68
77
84
92
100
107
113
118
123
129
132
136
139
142
142
144
142
140
138
137
133
129
121
114
107
100
92
83
75
64
51
39
30
19
11
2
-7
-14
-22
-30
-37
-43
-50
-56
-61
-68
-75
-81
-89
-95
-100
-102
-103
-104
-104
-105
-106
-106
-104
-102
-99
-96
-94
-91
-88
-84
-79
-73
-66
-58
-52
-44
-37
-32
-25
-19
-13
-5
1
7
12
18
24
29
34
39
43
46
48
50
53
57
61
63
63
64
64
64
65
65
65
64
62
61
59
57
54
51
48
44
39
34
28
22
18
13
9
3
0
-5
-10
-14
-15
-17
-19
-19
-21
-25
-27
-30
-33
-34
-34
-35
-36
-36
-37
-38
-38
-37
-38
-38
-37
-37
-37
-38
-37
-35
-34
-32
-29
-25
-24
-20
-18
-15
-13
-9
-6
-4
0
3
4
5
7
8
9
10
9
8
9
10
9
9
7
8
7
8
9
9
11
11
13
15
17
21
24
25
29
31
33
36
38
38
37
37
36
38
39
39
37
36
35
34
34
32
32
32
32
30
30
30
27
25
23
20
19
16
13
11
7
4
2
-1
-5
-7
-10
-13
-17
-21
-24
-27
-31
-35
-38
-40
-42
-44
-46
-47
-50
-50
-52
-54
-58
-61
-62
-64
-64
-65
-64
-61
-57
-54
-52
-49
-47
-45
-42
-38
-36
-32
-30
-28
-26
-23
-21
-18
-14
-11
-7
-3
0
4
8
11
15
19
23
27
29
33
35
38
42
45
49
53
56
59
61
64
66
69
71
70
71
70
69
68
66
65
62
60
58
55
51
47
43
40
35
31
29
25
22
17
14
12
10
6
1
-3
-7
-12
-14
-18
-23
-29
-33
-38
-43
-48
-52
-56
-60
-64
-68
-71
-74
-77
-79
-79
-78
-78
-75
-73
-70
-68
-64
-62
-58
-52
-47
-44
-40
-36
-32
-27
-23
-18
-14
-10
-5
0
5
9
13
17
21
25
30
36
41
45
48
53
57
60
64
66
70
71
72
74
73
73
72
70
67
64
61
58
55
52
49
47
43
40
35
32
30
26
24
20
16
14
9
6
1
-3
-8
-15
-20
-25
-33
-40
-47
-55
-60
-64
-69
-72
-72
-75
-77
-77
-77
-77
-77
-76
-75
-73
-71
-70
-66
-64
-62
-59
-57
-53
-50
-46
-43
-36
-31
-25
-20
-14
-7
0
8
14
22
30
35
42
49
53
56
58
62
64
66
68
68
67
67
68
67
67
68
67
66
64
63
63
62
62
61
59
55
51
49
46
42
37
33
27
20
13
8
1
-6
-12
-18
-24
-30
-36
-43
-47
-52
-55
-59
-64
-66
-68
-70
-72
-72
-73
-75
-75
-75
-74
-72
-70
-70
-67
-65
-63
-60
-59
-57
-52
-49
-43
-39
-33
-26
-21
-14
-7
0
5
14
19
26
32
39
46
52
57
61
65
66
68
71
72
75
76
74
73
71
71
66
65
65
62
60
57
54
51
49
47
44
41
36
31
26
20
15
8
3
-3
-10
-17
-23
-29
-32
-36
-39
-42
-44
-47
-50
-50
-50
-50
-50
-50
-48
-49
-50
-51
-52
-51
-50
-49
-47
-47
-45
-42
-38
-35
-31
-28
-26
-24
-20
-18
-12
-7
-4
-1
2
5
8
11
13
17
19
20
23
26
30
31
33
35
38
40
40
40
40
39
40
39
38
40
36
34
31
29
27
24
22
20
18
15
12
10
5
2
-2
-4
-7
-9
-11
-14
-16
-17
-20
-21
-22
-24
-26
-26
-26
-28
-29
-28
-28
-27
-28
-28
-28
-28
-30
-30
-31
-31
-31
-28
-27
-26
-25
-24
-22
-19
-16
-12
-9
-6
-6
-2
1
4
8
10
12
13
15
17
19
20
20
21
24
25
27
27
28
28
29
28
30
30
32
35
36
38
39
40
41
40
40
38
38
37
34
32
30
26
24
21
19
16
13
8
4
0
-5
-10
-12
-16
-19
-24
-27
-29
-31
-34
-37
-38
-39
-40
-40
-42
-42
-44
-45
-44
-45
-44
-45
-46
-46
-47
-46
-46
-45
-43
-43
-40
-38
-36
-31
-29
-24
-21
-18
-16
-12
-8
-3
1
3
7
11
14
20
23
26
29
31
34
35
39
41
44
47
47
47
49
50
50
51
51
52
51
50
49
50
48
46
46
44
43
40
39
37
32
29
27
22
17
12
9
5
0
-7
-11
-18
-24
-28
-34
-39
-41
-46
-50
-52
-54
-55
-57
-58
-59
-59
-59
-59
-59
-57
-57
-55
-52
-51
-47
-45
-43
-41
-37
-33
-31
-25
-22
-18
-14
-9
-5
-1
3
9
12
17
22
26
30
34
39
43
46
49
52
55
57
61
62
60
60
61
61
61
60
60
58
56
54
52
50
48
45
42
39
36
33
28
25
21
16
12
7
3
-2
-6
-11
-15
-18
-23
-28
-33
-37
-42
-46
-51
-54
-56
-59
-60
-60
-63
-62
-65
-66
-67
-67
-67
-67
-65
-65
-62
-61
-58
-55
-52
-50
-46
-43
-37
-33
-29
-25
-21
-16
-11
-6
0
4
9
12
16
19
22
24
29
31
34
36
38
40
43
46
48
53
55
57
59
62
64
67
69
69
70
70
69
69
67
64
61
57
55
52
48
43
36
31
26
20
15
10
5
0
-5
-10
-14
-19
-23
-26
-30
-32
-36
-40
-43
-47
-50
-53
-57
-58
-60
-62
-63
-65
-67
-69
-68
-67
-67
-66
-66
-65
-63
-61
-57
-53
-50
-47
-43
-39
-36
-33
-29
-24
-18
-12
-6
0
4
10
16
22
27
32
36
41
44
48
51
53
57
58
59
61
61
62
63
63
64
66
65
65
65
63
64
64
63
61
58
56
52
48
45
40
37
32
27
21
15
10
7
2
-3
-6
-11
-16
-21
-25
-29
-32
-36
-40
-43
-46
-50
-51
-53
-55
-56
-56
-56
-55
-55
-55
-54
-54
-53
-52
-52
-50
-51
-50
-49
-47
-44
-41
-39
-36
-32
-29
-26
-21
-18
-14
-10
-4
1
6
11
14
19
19
22
24
27
28
28
29
29
29
29
30
30
28
29
29
28
29
27
25
24
24
23
23
22
21
21
20
21
20
17
16
15
11
9
8
6
5
3
2
0
-2
-2
-2
-4
-5
-7
-8
-9
-10
-11
-12
-12
-12
-11
-10
-8
-8
-7
-5
-4
-2
-1
1
1
2
4
5
6
6
5
6
5
4
5
5
5
4
4
4
4
3
1
-1
0
-1
-1
-2
-1
-2
-2
-1
0
0
0
0
-2
-1
-1
-1
0
-1
-1
-1
-2
-4
-4
-5
-5
-6
-7
-7
-9
-10
-10
-10
-10
-10
-10
-11
-10
-10
-8
-6
-4
-3
0
2
3
4
6
8
8
9
8
7
7
8
8
7
6
6
5
5
5
5
4
4
4
4
2
1
1
-1
-2
-4
-5
-6
-8
-8
-9
-11
-14
-16
-18
-21
-23
-24
-25
-25
-26
-28
-27
-25
-25
-24
-23
-23
-22
-21
-20
-17
-16
-14
-10
-8
-6
-5
-3
-1
3
6
9
11
13
16
19
21
24
27
29
29
31
33
35
36
40
40
42
44
44
44
44
44
45
45
45
42
40
39
37
34
32
29
28
25
23
19
16
13
9
6
2
-3
-6
-11
-15
-18
-21
-24
-26
-29
-29
-31
-32
-33
-35
-37
-38
-40
-42
-44
-45
-48
-49
-50
-51
-51
-53
-52
-52
-50
-50
-49
-48
-45
-43
-41
-38
-35
-30
-27
-22
-19
-13
-8
-4
1
6
9
13
18
20
24
27
30
33
36
40
41
46
47
49
50
52
54
54
56
57
57
59
57
58
56
55
53
53
50
49
46
43
38
35
30
26
24
19
14
8
4
-1
-7
-13
-17
-21
-27
-30
-35
-39
-42
-46
-50
-53
-56
-57
-61
-62
-63
-63
-62
-63
-62
-60
-58
-56
-54
-54
-52
-50
-49
-47
-44
-42
-38
-36
-32
-27
-25
-21
-16
-11
-6
-1
5
7
10
14
18
22
27
33
36
41
45
49
53
57
62
67
70
71
73
74
73
73
71
70
68
66
63
60
56
55
51
49
45
40
37
34
31
28
23
21
17
12
8
1
-5
-9
-16
-21
-26
-33
-37
-44
-48
-51
-56
-61
-65
-68
-73
-75
-76
-78
-80
-80
-80
-81
-81
-81
-79
-77
-74
-71
-67
-64
-60
-56
-53
-48
-42
-36
-31
-25
-19
-13
-6
1
7
13
18
23
29
35
39
44
50
54
59
62
66
69
72
73
77
77
78
80
80
81
80
78
75
73
72
70
68
66
62
59
54
50
47
43
39
34
30
25
19
14
10
5
1
-3
-8
-12
-16
-21
-26
-31
-34
-38
-42
-46
-51
-55
-59
-62
-65
-68
-70
-72
-76
-76
-78
-78
-77
-76
-74
-73
-70
-66
-64
-61
-58
-56
-50
-46
-41
-37
-32
-27
-23
-18
-15
-12
-8
-4
-1
6
10
13
18
21
27
30
33
37
40
42
44
45
48
48
49
50
50
50
48
49
49
48
49
49
48
47
45
43
41
40
39
37
33
30
27
26
23
20
17
14
10
7
5
2
0
-3
-7
-12
-14
-17
-19
-20
-23
-23
-24
-26
-26
-28
-27
-29
-30
-31
-30
-31
-32
-33
-32
-31
-30
-28
-27
-25
-24
-22
-21
-19
-16
-13
-10
-8
-6
-4
-1
3
6
10
13
14
16
17
19
20
21
22
21
22
20
21
21
19
20
21
20
20
20
21
20
20
20
18
17
15
13
11
8
6
3
2
-1
-3
-5
-7
-7
-8
-10
-11
-14
-17
-18
-20
-21
-21
-22
-23
-23
-24
-24
-23
-22
-21
-20
-19
-18
-18
-17
-17
-15
-15
-15
-15
-14
-14
-13
-13
-13
-12
-11
-9
-7
-7
-5
-4
-2
1
3
4
5
6
8
9
13
15
17
17
17
18
20
20
20
20
19
20
20
18
19
18
17
17
16
15
14
13
12
11
10
9
7
6
4
2
1
-1
-2
-3
-4
-5
-6
-5
-7
-6
-7
-8
-9
-9
-10
-9
-9
-10
-9
-10
-10
-12
-12
-11
-11
-10
-9
-8
-8
-6
-4
-2
-1
2
4
6
6
7
7
7
8
8
9
8
7
7
7
7
7
6
8
7
9
8
8
9
8
6
6
6
4
1
-2
-4
-5
-7
-8
-8
-10
-9
-9
-10
-9
-10
-9
-9
-9
-8
-8
-8
-8
-8
-8
-8
-8
-8
-7
-7
-7
-7
-6
-5
-3
-3
-1
-3
0
0
0
1
2
2
4
5
6
7
7
9
10
10
12
14
13
14
15
15
15
14
15
14
14
16
15
14
13
11
9
8
7
5
5
5
5
3
4
3
2
1
1
1
0
-1
-1
-1
-3
-4
-5
-7
-8
-11
-11
-13
-14
-14
-16
-16
-17
-18
-18
-19
-19
-19
-20
-19
-19
-18
-16
-16
-15
-15
-15
-15
-13
-13
-11
-10
-11
-10
-8
-7
-5
-4
-3
-2
1
1
2
3
1
2
2
1
3
3
5
6
5
5
5
6
7
9
9
9
10
11
11
14
15
15
16
18
18
17
17
15
14
13
11
10
10
10
9
9
9
9
10
9
7
7
7
5
6
4
1
1
-2
-2
-1
-1
-1
0
-1
-1
-3
-3
-2
-4
-4
-5
-6
-7
-7
-7
-7
-6
-5
-6
-4
-2
-2
-3
-4
-3
-2
-1
0
0
1
1
1
1
2
1
2
3
4
4
3
4
3
3
1
0
-1
-1
-2
-3
-4
-5
-5
-5
-5
-4
-5
-6
-5
-6
-6
-4
-4
-3
-3
-2
-2
-1
-2
-2
-3
-3
-3
-4
-5
-5
-6
-8
-8
-8
-9
-9
-9
-10
-11
-11
-12
-12
-14
-12
-12
-14
-13
-14
-14
-14
-12
-11
-10
-6
-5
-4
-2
-3
-3
0
1
3
4
5
6
6
8
9
9
11
13
15
17
19
19
22
22
21
22
24
24
25
24
25
24
23
22
21
20
19
18
17
15
13
13
12
10
10
8
6
4
2
3
2
1
-1
-3
-6
-7
-10
-12
-13
-15
-16
-18
-18
-18
-18
-16
-14
-13
-12
-12
-10
-10
-10
-12
-11
-11
-13
-15
-15
-16
-17
-15
-16
-15
-15
-13
-13
-13
-12
-11
-10
-7
-5
-4
-2
-1
0
0
1
2
2
3
3
4
5
7
9
11
12
16
16
17
18
17
17
16
15
15
13
9
9
7
7
7
5
6
6
5
4
3
4
3
3
3
2
2
2
1
1
-1
-2
-3
-5
-8
-9
-11
-13
-15
-16
-16
-18
-18
-19
-20
-20
-19
-19
-19
-18
-18
-18
-17
-17
-16
-15
-13
-11
-8
-7
-4
-3
-1
2
4
5
6
5
8
8
9
10
11
10
11
11
10
12
13
14
15
15
16
17
18
20
21
21
22
22
24
24
23
22
23
20
20
18
16
15
11
10
7
6
5
4
4
3
2
1
3
2
4
4
5
5
4
4
2
2
1
-1
-2
-5
-7
-9
-11
-12
-13
-15
-18
-18
-21
-22
-22
-23
-24
-25
-26
-27
-29
-30
-30
-30
-30
-28
-27
-26
-24
-24
-24
-23
-22
-19
-17
-15
-13
-12
-10
-10
-7
-5
-2
0
1
3
5
7
8
9
11
15
15
18
17
19
20
22
24
26
26
28
28
28
28
28
27
26
24
23
21
21
21
22
21
20
20
19
18
17
17
17
16
14
13
11
10
8
7
4
2
1
0
-1
-3
-5
-6
-9
-11
-12
-12
-13
-13
-13
-13
-14
-15
-14
-17
-16
-17
-18
-19
-21
-21
-22
-23
-24
-26
-26
-27
-27
-26
-26
-26
-26
-26
-24
-24
-23
-20
-19
-17
-15
-14
-12
-9
-8
-7
-5
-3
-1
2
5
7
9
11
13
15
17
19
20
21
23
24
24
23
25
22
21
21
19
18
18
17
17
16
14
12
12
10
10
9
9
8
7
7
6
5
6
6
5
5
4
4
4
5
3
2
-1
-2
-4
-5
-7
-9
-10
-11
-13
-14
-15
-14
-13
-12
-12
-12
-10
-8
-8
-6
-4
-3
-1
-2
-2
0
-1
0
2
2
1
1
0
1
-1
-1
-1
-1
0
-1
1
2
2
3
5
6
8
10
10
12
11
13
12
11
10
10
8
6
3
3
2
1
0
-1
-1
-1
-2
-3
-4
-5
-5
-5
-5
-5
-6
-7
-8
-7
-8
-9
-10
-10
-10
-11
-11
-11
-11
-11
-12
-12
-12
-12
-12
-12
-12
-10
-11
-10
-10
-10
-10
-10
-9
-8
-7
-5
-4
-3
-1
0
0
2
3
4
6
7
8
7
7
8
8
10
9
9
9
8
8
8
9
8
8
7
7
6
5
4
6
5
4
6
4
4
4
4
4
4
4
4
4
4
3
2
2
2
3
2
1
0
0
0
0
0
0
2
2
4
4
5
5
5
3
4
5
5
7
8
9
8
6
6
5
6
5
4
4
1
1
1
-1
-2
-2
-3
-2
-3
-2
-3
-3
-3
-2
-2
-1
-1
-2
-2
-4
-3
-3
-3
-2
-2
-3
-2
-2
-2
-3
-3
-4
-4
-4
-4
-4
-3
-3
-5
-4
-6
-3
-4
-5
-5
-5
-7
-6
-7
-8
-8
-9
-11
-11
-11
-11
-12
-12
-12
-12
-12
-11
-10
-10
-11
-11
-10
-8
-7
-7
-7
-6
-5
-5
-4
-2
0
0
2
3
3
5
6
8
10
11
12
13
13
14
14
12
12
13
12
11
11
11
10
10
10
10
10
10
10
10
11
10
10
9
9
9
10
8
8
8
8
8
8
7
7
5
6
6
6
4
2
1
0
-1
0
-1
-1
-2
-2
-4
-5
-5
-7
-6
-6
-6
-6
-6
-6
-7
-7
-7
-7
-5
-3
-1
-1
0
-1
-3
-5
-6
-6
-8
-8
-8
-8
-9
-9
-7
-6
-5
-6
-5
-4
-3
-3
-3
-2
-3
-4
-5
-6
-7
-7
-6
-7
-7
-6
-6
-6
-8
-8
-8
-7
-6
-6
-5
-4
-4
-3
-3
-2
-2
-2
-1
-1
-1
-1
-1
1
2
2
3
4
4
4
4
6
7
6
5
4
4
3
5
5
5
5
6
7
8
8
10
10
12
13
13
13
13
13
13
12
12
11
12
12
10
9
9
7
6
6
5
5
4
4
3
1
-1
-2
-2
-2
-3
-4
-5
-5
-5
-5
-5
-6
-6
-7
-6
-7
-5
-5
-6
-7
-7
-7
-7
-6
-6
-6
-6
-6
-7
-7
-7
-9
-8
-8
-8
-9
-9
-8
