-1
1
0
-1
1
0
-1
-1
1
1
-2
1
2
-1
-3
1
2
-2
-1
2
-1
-3
0
3
-2
-2
3
1
-2
0
3
-1
-2
1
1
-3
-1
2
1
0
0
1
-1
-1
1
0
-3
-1
1
1
1
1
-1
-2
0
1
-2
-2
1
-1
-2
1
2
-2
-2
1
2
-1
-3
1
2
-2
0
2
-2
-3
2
3
-1
-2
-1
0
0
2
0
-1
1
1
0
0
0
-2
-1
3
1
0
-2
0
3
-1
-1
2
-1
-2
3
3
-1
-2
2
2
-1
0
2
-1
-2
4
2
-1
0
1
2
-1
-2
2
1
-2
4
3
-2
-2
3
0
-1
-1
0
0
1
2
1
-1
-1
1
-1
0
-1
-1
-1
1
2
0
-2
-1
3
0
-2
0
0
-3
0
4
1
-3
0
2
0
-2
1
1
-3
0
3
2
-3
-3
2
2
-3
0
1
-2
-1
3
1
-2
-1
-1
0
1
-1
-1
0
0
0
1
0
0
-3
0
1
-2
-2
0
2
0
-2
0
2
-4
-4
3
2
-4
0
4
-1
-4
0
3
-1
-4
0
3
-1
-2
3
1
-3
-1
5
2
-5
-2
3
-2
-2
2
0
-1
1
1
2
0
-4
-2
2
2
-1
-1
2
0
-2
0
2
-2
-4
1
5
-1
-3
1
2
-3
-1
6
-1
-5
2
6
-1
-2
2
1
-3
1
4
0
-3
0
4
1
-1
1
1
-1
1
2
0
0
1
1
0
1
0
-2
0
3
0
-2
2
3
-1
-1
2
0
-3
-1
4
0
-3
2
4
-3
-2
4
0
-3
0
3
0
-1
2
1
-1
-1
1
0
-1
0
1
1
1
-1
0
-1
0
-1
-2
1
1
-3
1
5
-1
-5
1
3
-3
-3
3
3
-3
-1
3
-1
-3
-1
2
1
-1
0
2
-1
-2
-1
0
-1
1
1
-1
0
-1
-1
-2
0
1
-1
-1
3
2
-3
-1
2
-1
-2
0
1
0
-2
0
2
-1
-2
2
2
-1
0
1
0
-1
-1
1
-1
-1
2
1
-1
1
1
-1
-1
1
1
0
1
1
-1
-1
0
-1
0
0
-1
0
2
-1
-1
2
0
-1
0
2
1
0
-1
0
0
-1
1
1
3
1
0
-1
1
0
0
1
0
-3
-3
1
-1
-1
2
1
1
-1
3
-2
1
0
6
1
4
0
-2
1
4
9
-2
7
3
12
7
14
1
-2
2
3
-1
1
3
3
-2
11
-2
-5
-10
0
-7
6
-2
-3
-14
1
-6
-7
0
-1
-7
-3
0
-11
-8
0
4
-2
2
-11
-17
-8
-4
-4
-11
0
-6
-11
-8
-7
-5
-3
13
-8
-11
-14
-8
-16
-10
3
-3
-13
-3
-2
-12
-11
4
-11
-7
-3
5
-10
-7
-9
5
-16
3
-7
22
13
10
29
10
-1
12
2
-1
-13
35
11
17
23
24
0
13
29
19
-8
28
0
5
-7
7
13
14
2
10
7
9
-18
2
4
-1
-3
-1
24
-3
4
-4
-8
-11
-4
5
8
0
19
-1
-19
-13
-18
-28
2
34
12
-5
-16
-14
-35
4
-3
23
17
17
-1
4
4
-2
12
9
8
-6
4
-19
15
-25
-9
-18
22
7
23
-4
-3
-23
6
-1
7
19
26
13
-7
-10
-33
-23
-7
16
1
13
6
-16
-44
-21
-28
-24
6
-3
-10
-48
-3
-35
-15
-13
-20
-24
-10
-5
0
10
-4
-2
-1
17
6
14
2
6
11
16
11
13
-3
-6
-11
-2
3
6
23
1
10
6
1
-12
-20
-12
-17
1
5
-4
10
15
-25
-20
-21
-9
-11
1
43
20
22
-11
-1
-43
0
-19
3
19
34
8
-5
10
-3
-22
-13
-9
-45
-29
15
-3
-15
-29
-17
-77
-23
-15
9
-32
14
-1
-41
-30
-52
-46
-33
14
9
28
32
-17
-39
-42
-40
-48
48
41
47
4
-38
-54
-47
-32
10
31
47
40
45
17
-64
-39
-24
19
23
73
7
-36
-33
-17
-14
19
28
56
94
56
-41
-102
-130
-96
6
88
83
105
52
-52
-62
-69
-90
-25
68
104
77
55
-16
-75
-37
-36
18
73
80
27
23
-32
-61
-41
-20
18
30
42
14
2
9
-35
-9
34
18
12
5
-2
-87
-65
32
62
50
46
17
-14
-25
-47
-27
27
97
95
81
62
-17
-50
-10
20
88
127
136
59
86
22
-5
-13
-13
34
23
117
61
73
51
54
28
46
34
-35
53
-3
46
81
118
45
-3
-55
-111
-12
88
117
167
267
103
-55
-107
-175
-183
29
199
298
330
220
43
-80
-105
-126
-27
222
265
292
211
129
-171
-265
-146
-25
95
239
148
35
-77
-133
-309
-192
-6
-24
86
148
106
-245
-182
-87
-213
-105
22
-83
-40
-122
-166
-333
-230
-237
-196
-101
-166
-225
-377
-370
-361
-295
-278
-163
-151
-108
-140
-222
-326
-393
-417
-290
-96
43
88
276
431
494
304
148
-7
-77
16
143
387
475
423
220
157
-87
-335
-513
-462
-345
-249
-213
-236
-431
-643
-757
-765
-679
-580
-400
-267
-180
-123
-140
-101
59
169
345
585
770
763
681
627
725
701
753
818
901
905
660
525
362
206
241
112
167
110
137
-4
-189
-334
-265
-257
-35
-52
31
252
136
171
55
215
308
517
644
738
559
773
574
456
301
524
628
454
412
330
69
-38
-216
-381
-292
-165
-5
-527
-585
-648
-790
-745
-439
-353
-401
-410
-466
-593
-511
-462
-648
-282
252
134
-317
19
-331
-322
-437
-282
-441
-69
197
-33
-357
-243
-388
-606
-437
-569
-664
-504
-208
-341
-419
-554
-614
-641
-542
-601
-679
-449
-312
-317
-229
-429
-473
-379
-248
-220
-218
-210
-126
-58
42
-24
-53
43
125
100
67
107
136
199
213
282
359
403
338
336
222
222
386
583
509
477
467
417
387
268
272
239
393
535
483
452
307
245
350
310
372
450
628
647
538
525
466
365
469
478
504
688
652
531
418
383
317
320
340
366
292
299
155
151
202
130
230
187
206
148
129
108
77
5
69
104
150
203
107
77
73
19
22
90
72
18
1
-35
-83
-126
-180
-165
-109
-105
-208
-273
-159
-156
-309
-385
-405
-341
-395
-378
-449
-437
-448
-503
-486
-531
-477
-469
-530
-536
-511
-509
-538
-630
-559
-508
-420
-435
-555
-568
-579
-461
-458
-492
-479
-339
-303
-444
-404
-357
-344
-347
-426
-284
-264
-212
-253
-344
-307
-290
-291
-306
-304
-158
-47
-164
-206
-173
66
68
-124
-50
139
197
172
114
260
360
344
172
6
348
532
397
157
212
558
418
260
164
275
586
452
411
228
356
467
312
331
400
665
670
461
447
400
526
535
322
439
658
620
527
623
494
435
573
520
392
432
642
539
374
392
314
571
356
400
382
589
560
281
413
410
328
372
441
323
434
412
315
267
10
236
232
271
42
-178
276
154
17
-173
-85
81
-99
60
-69
-375
13
-272
68
-345
-616
-380
-314
95
-261
-956
-217
-16
-516
-816
-1221
-260
-324
-506
-686
-867
-103
-685
-1019
-687
-839
-311
-818
-925
-416
-336
-712
-1063
-1154
-77
-330
-1247
-429
-246
-532
-962
-660
-45
-1392
-216
-576
-208
-65
-1282
-387
-576
-356
-454
-804
96
-157
-483
-472
-658
291
-193
69
78
-1010
-109
-317
-468
-19
-391
757
-330
27
476
-965
-297
-269
775
534
393
279
-168
-243
-118
-89
574
884
454
978
528
441
-288
-141
814
626
915
735
901
693
200
652
247
589
1092
1140
841
702
1096
665
521
810
937
1446
721
572
955
838
584
413
1028
1097
775
442
341
757
325
245
511
669
930
334
165
165
243
51
48
374
423
370
-53
176
-251
-150
127
-299
380
57
8
-99
-201
-122
-484
97
-48
-40
186
-174
-263
-577
-211
-459
-300
173
-581
-279
-457
-151
-795
-996
347
-963
-457
-630
-1013
-198
-1324
-376
-777
-506
-584
-1288
-150
-1585
-589
-884
-1430
206
-826
-954
-1378
-629
-429
-1692
-961
-952
72
-584
-1354
-916
-545
-343
-1479
-1257
-317
38
-538
-811
-586
-623
-349
-468
-890
-443
129
50
-451
-439
-138
76
-347
-645
132
245
150
-80
194
51
239
13
210
236
86
230
497
125
106
537
309
357
235
478
327
319
815
408
233
743
737
651
161
754
916
900
1248
944
1115
766
661
641
790
909
964
1272
1386
973
589
577
382
375
483
756
878
787
563
234
-24
-89
-132
13
396
341
344
322
139
-57
-186
28
204
588
425
325
580
548
139
122
441
385
405
658
816
698
323
-29
174
410
396
213
315
467
384
-3
-154
211
325
87
205
407
387
127
-265
-241
116
-52
-84
196
126
193
-79
-394
-513
-390
42
-219
-628
-384
19
-459
-834
-877
-476
-474
-398
-822
-966
-786
-668
-572
-1472
-628
-333
-1005
-1488
-1236
-806
-847
-600
-1122
-1171
-766
-954
-1222
-1652
-788
-649
-925
-1093
-838
-561
-1198
-967
-891
-781
-651
-399
-601
-922
-411
-374
-485
-485
-244
62
-198
-338
-375
-48
-91
-308
-274
67
163
-211
-305
68
440
-34
-107
95
372
425
200
173
611
1305
1241
1161
1103
1147
962
792
708
1073
1704
1636
1622
1337
1259
961
463
365
373
1022
1261
845
750
224
-4
-410
-758
-149
109
397
220
-53
57
-154
-268
-138
233
771
765
752
920
709
802
703
676
920
1221
1570
1433
1141
906
953
918
685
743
756
951
1056
648
415
390
547
340
79
232
566
707
364
410
471
375
241
291
587
622
515
270
387
510
174
91
84
130
98
-208
-370
-271
-422
-581
-777
-865
-826
-892
-1164
-1283
-1047
-1153
-1356
-1617
-1558
-1598
-1674
-1495
-1761
-1688
-1633
-1424
-1682
-1943
-1663
-1557
-1488
-2059
-1972
-1468
-1545
-1571
-1419
-1255
-1353
-1436
-1595
-1673
-1451
-1113
-716
-889
-822
-689
-664
-803
-948
-694
-591
-276
-219
-247
-141
-554
-474
-364
-180
-54
-151
101
111
60
-217
-437
-175
53
301
528
1026
1782
1964
1143
148
182
830
966
1137
1660
2277
2194
1256
547
185
52
-9
198
1046
1369
917
156
-790
-1152
-1394
-1153
-516
-75
159
-156
-397
-370
-538
-405
169
687
1285
1424
1440
1490
1286
1296
1262
1700
2383
2550
2465
2234
2087
1693
1360
1590
1864
1881
1740
1483
1201
1141
958
799
807
977
981
937
991
822
639
656
880
998
1033
1205
1356
1159
885
911
969
1023
855
977
1018
736
463
135
167
-31
-333
-405
-284
-488
-866
-1168
-1227
-1425
-1824
-1904
-1778
-1737
-2075
-2245
-2287
-2306
-2442
-2693
-2524
-2107
-2124
-2318
-2360
-2200
-2228
-2342
-2387
-2155
-1921
-1791
-1570
-1875
-1945
-1653
-1277
-1493
-1653
-1504
-1151
-824
-1069
-1316
-1244
-789
-586
-1175
-1463
-1056
-340
-364
-900
-1029
-627
-121
-262
-883
-547
-43
136
-262
-581
-150
88
170
153
975
2390
2881
1982
432
166
979
1446
1440
1873
2950
3073
1986
622
186
184
-77
147
1059
1859
1521
76
-1086
-1702
-1619
-1307
-750
106
152
-350
-1043
-1190
-982
-672
199
1054
1651
1692
1354
1418
1268
1223
1640
2370
3163
3154
3030
2654
2101
1819
1611
2156
2721
2612
2122
1676
1417
935
591
835
1199
1263
950
723
824
739
345
224
724
1207
1441
1408
1375
1381
1164
1070
1327
1869
2394
2359
1839
1183
1019
1263
1105
880
903
1112
871
235
-331
-714
-997
-1344
-1398
-1140
-1012
-1533
-2386
-2859
-2927
-2891
-2781
-2590
-2420
-2489
-2717
-2852
-2844
-2718
-2622
-2582
-2414
-2044
-1605
-1544
-1744
-1863
-1773
-1561
-1415
-1306
-1260
-1095
-1100
-1376
-1589
-1379
-1071
-1324
-1659
-1587
-1314
-1254
-1498
-1687
-1589
-1436
-1251
-1278
-1208
-961
-990
-1252
-1318
-896
-637
-548
-390
-150
577
1687
2497
2157
788
105
527
1121
1405
1573
2436
2663
1667
578
-372
-431
-828
-815
-15
550
634
-870
-2134
-2695
-2922
-2325
-1794
-759
-733
-1472
-1886
-2241
-1614
-1114
-140
866
1179
1498
1217
1247
1375
1488
2147
2661
3386
3541
3387
3305
2434
2110
2210
2915
3366
2794
2600
2116
1581
923
770
1585
1802
1577
1128
1120
1302
904
744
889
1316
1686
1741
1988
2052
2046
1861
1861
2330
2953
3291
3072
2777
2401
2162
2192
2124
2006
1788
1693
1439
866
318
-137
-467
-848
-1072
-1137
-1265
-1684
-2333
-2873
-3070
-3042
-3030
-3004
-2874
-3009
-3103
-3039
-2940
-3011
-3031
-2748
-2544
-2434
-2214
-1834
-1678
-1924
-2118
-1942
-1575
-1420
-1507
-1517
-1505
-1525
-1743
-1827
-1627
-1613
-1844
-2058
-1973
-1872
-2061
-2253
-2238
-2046
-1950
-1929
-1710
-1650
-1472
-1552
-1545
-1313
-1196
-984
-990
-624
62
1100
2095
2353
1799
520
13
600
1286
1784
1950
2549
2203
960
-179
-1010
-1022
-1392
-1046
-157
-149
-647
-2553
-3664
-3898
-3567
-2511
-2175
-1458
-1847
-2616
-2801
-2843
-1609
-787
251
1025
1036
1519
1137
1390
1670
2206
3292
3489
4079
3953
3664
3344
2708
3057
3233
3648
3542
2954
2564
1869
1699
1516
1650
2064
1941
1907
1520
1401
1368
1190
1639
1903
2355
2598
2846
2979
2664
2798
3092
3604
3914
4302
4783
4470
3626
3071
3401
3683
3347
2923
2855
2774
2071
1077
482
242
-164
-530
-573
-480
-883
-1941
-2834
-3088
-2954
-2810
-2823
-2871
-2901
-3010
-3076
-3097
-3015
-2891
-2795
-2542
-2319
-2134
-2061
-2101
-2063
-2120
-2045
-1861
-1789
-1748
-1774
-1894
-2077
-2291
-2349
-2234
-2325
-2374
-2410
-2463
-2433
-2700
-2815
-2843
-2765
-2403
-2087
-1883
-1928
-1848
-1608
-1525
-1333
-1322
-873
-569
-452
-57
389
1890
2831
2632
1501
330
955
1413
1811
2003
2110
2604
1370
532
-498
-1161
-1281
-1913
-916
-671
-920
-2071
-3934
-4205
-4569
-3586
-2650
-2374
-2219
-3478
-3424
-3451
-2692
-1371
-850
460
449
682
777
677
1512
1617
2571
3287
3604
4008
3382
3352
2753
2739
3403
3515
3838
3111
2808
2348
1672
1565
1441
2063
2009
1803
1815
1534
1670
1251
1324
1769
2282
2941
3053
3514
3505
3349
3384
3689
4424
4652
4929
5115
5165
4915
4313
4143
3927
3856
3718
3524
3386
2787
2114
1230
598
302
86
-78
-348
-759
-1457
-2124
-2609
-2753
-2640
-2641
-2672
-2783
-2788
-2823
-2951
-3034
-3053
-2833
-2538
-2290
-2184
-2192
-2211
-2290
-2246
-2130
-2101
-2029
-2172
-2183
-2375
-2538
-2571
-2739
-2861
-3030
-2877
-2848
-3026
-3275
-3475
-3504
-3578
-3521
-3184
-2871
-2694
-2724
-2641
-2435
-2199
-1936
-1708
-1456
-1348
-1176
-730
-83
406
1378
2140
2048
900
-198
492
1249
1438
1328
1371
1769
834
-183
-1203
-1736
-1836
-2087
-1369
-1220
-1535
-2861
-4504
-4581
-4191
-3209
-2917
-3028
-3052
-3672
-3410
-3005
-2060
-1103
-655
141
185
620
1033
1224
1745
2038
3057
3586
3627
3617
3221
3268
3067
3269
3689
3608
3511
2755
2426
2194
2014
2142
2008
2114
1951
1882
1908
1781
1878
1785
1969
2392
2927
3383
3415
3649
3799
3858
3959
4237
4745
4933
5109
5287
5403
5376
4951
4435
3980
3865
3946
3723
3425
2885
2240
1451
741
363
-35
-126
-485
-987
-1550
-2070
-2376
-2783
-2905
-2948
-2830
-2732
-2895
-3080
-3379
-3379
-3148
-2995
-2741
-2566
-2449
-2627
-2806
-2607
-2394
-2250
-2342
-2311
-2282
-2463
-2621
-2651
-2617
-2750
-2929
-2924
-2766
-2767
-3011
-3288
-3409
-3357
-3312
-3083
-2825
-2785
-2642
-2497
-2224
-1990
-1817
-1667
-1713
-1517
-1207
-783
-365
17
236
977
2144
2283
1217
58
607
1351
1268
1148
1415
1648
621
-237
-697
-1329
-1759
-2208
-1665
-1476
-1905
-2916
-4194
-4249
-3952
-3596
-3535
-3568
-3277
-3712
-3642
-2944
-2003
-1320
-1215
-595
-7
458
909
1243
1838
2253
2908
3360
3468
3587
3493
3501
3466
3585
3714
3604
3329
2960
2773
2635
2557
2476
2238
2119
1993
1946
2001
2181
2369
2250
2277
2616
3059
3389
3635
4016
4237
4365
4572
4700
4824
4875
5042
5409
5586
5654
5429
5041
4703
4411
4279
4051
3648
3101
2605
2194
1664
916
248
-222
-516
-1021
-1518
-1875
-2324
-2721
-3182
-3198
-3090
-3189
-3432
-3723
-3661
-3637
-3536
-3410
-3289
-3021
-2825
-2645
-2614
-2482
-2377
-2381
-2310
-2081
-1837
-1969
-2228
-2347
-2321
-2188
-2170
-2276
-2441
-2592
-2620
-2734
-2819
-2875
-2888
-2916
-2922
-2718
-2599
-2525
-2570
-2230
-1763
-1677
-1726
-1668
-1213
-819
-817
-333
15
411
1427
2170
2146
626
96
944
1232
1409
1196
1590
1331
129
-156
-1298
-1748
-2124
-2252
-1559
-2084
-2168
-3612
-4699
-4407
-4276
-3607
-3975
-3690
-3529
-4063
-3448
-3156
-2326
-1996
-1661
-541
-249
518
712
848
1394
1683
2704
3054
3391
3515
3040
3184
3176
3518
3538
3336
3524
3130
2979
2738
2626
2601
2201
2298
2228
2377
2555
2464
2466
2160
2362
2709
3079
3615
3773
3907
3830
3924
4326
4409
4592
4762
5053
5222
5042
5091
4939
4696
4433
4216
4230
4014
3776
3150
2291
1869
1349
824
247
-110
-345
-1088
-1596
-2094
-2603
-3064
-3394
-3216
-3358
-3526
-3747
-4017
-4107
-4324
-4072
-3761
-3467
-3179
-3121
-2883
-2830
-2610
-2372
-2191
-1901
-1728
-1566
-1691
-1821
-1765
-1695
-1633
-1683
-1751
-1959
-2243
-2360
-2393
-2350
-2377
-2569
-2694
-2775
-2576
-2509
-2539
-2390
-2242
-1903
-1894
-1686
-1603
-1503
-1063
-1005
-474
-334
40
232
568
2087
2219
1610
-36
18
946
781
1260
846
1130
150
-1023
-1141
-2279
-2042
-2495
-2324
-2129
-2686
-2799
-4668
-5053
-4685
-4303
-3712
-3961
-3216
-3742
-4200
-3573
-2952
-1755
-1414
-710
-173
-180
521
680
1281
2068
2652
3092
2683
2990
3321
3256
3447
3609
4126
3935
3464
3409
3264
3440
3224
3086
3091
2919
3054
2896
2977
3037
2941
2973
2858
3262
3551
3557
3620
3795
4214
4118
4030
4339
4523
4703
4735
5066
5156
4599
4250
4132
4386
4501
4222
3832
3057
2574
2050
1513
1282
803
399
-334
-898
-1358
-2014
-2535
-2969
-3002
-3140
-3389
-3681
-4155
-4460
-4729
-4540
-4222
-4021
-3908
-3972
-3816
-3699
-3398
-3010
-2661
-2366
-2210
-2028
-1804
-1565
-1327
-1216
-1208
-1225
-1289
-1249
-1179
-1128
-1123
-1252
-1372
-1450
-1546
-1537
-1682
-1765
-1763
-1644
-1463
-1558
-1532
-1493
-1247
-1002
-900
-720
-694
-511
-362
1
322
506
483
870
2013
2243
1483
63
101
833
817
816
555
810
-45
-1008
-1121
-1789
-1791
-2410
-2281
-1953
-2362
-2685
-4128
-4379
-4032
-3705
-3390
-3667
-3134
-3411
-3700
-3221
-2539
-1458
-1268
-937
-504
-273
509
865
1432
1888
2247
2693
2536
2893
3279
3482
3586
3441
3747
3707
3519
3558
3395
3482
3290
3152
3085
2680
2696
2817
3047
3041
2765
2803
2591
2506
2698
3078
3629
3717
3667
3462
3509
3872
3946
4006
4093
4483
4504
4053
3968
4038
3910
3441
3463
3578
3256
2614
1803
1300
797
580
123
-431
-680
-1187
-1663
-2524
-2860
-3106
-3423
-3482
-3864
-3822
-4158
-4158
-4221
-4304
-4018
-4112
-3794
-3631
-3245
-2959
-2943
-2514
-2382
-1956
-1600
-1214
-887
-1084
-1082
-1137
-878
-665
-606
-465
-635
-715
-988
-1102
-1109
-1175
-1150
-1333
-1195
-1194
-1393
-1631
-1909
-1519
-1326
-1159
-1109
-1140
-954
-1255
-1139
-945
-621
-476
-586
-137
-42
715
1158
848
-65
-955
-12
231
314
204
167
289
-851
-886
-1439
-1803
-1682
-1884
-1275
-1863
-2098
-3035
-4167
-3592
-3322
-2780
-3131
-3112
-2880
-3631
-3254
-2668
-1830
-1403
-1357
-557
-275
149
499
614
1339
1761
2228
2260
2345
2923
2993
3158
3262
3349
3317
3025
3208
3428
3567
3482
3050
2925
2776
2739
2855
2948
3108
2828
2704
2832
2915
2968
2866
3065
3268
3320
3340
3160
3203
3116
3005
3154
3431
3651
3186
2761
2672
2702
2787
2458
2289
1783
1130
923
675
635
102
-428
-907
-1457
-1525
-2019
-2307
-2718
-2967
-2937
-3372
-3317
-3651
-3836
-3877
-3895
-3462
-3537
-3285
-3326
-3355
-2968
-2661
-2006
-1913
-1626
-1374
-1341
-1105
-998
-535
-422
-329
-107
-59
53
-152
-130
-100
-81
-3
-135
-236
-463
-603
-736
-860
-878
-941
-995
-1022
-825
-848
-963
-1167
-1244
-1145
-1277
-1087
-1060
-893
-922
-1062
-743
-892
-465
260
524
-5
-1437
-1086
-414
-159
-195
-404
-26
-707
-1004
-966
-1457
-1482
-1879
-1641
-1571
-1815
-1915
-3201
-3462
-3086
-2613
-2459
-2975
-2698
-2932
-2907
-2141
-1608
-1096
-1194
-854
-262
47
749
903
1217
1725
2151
2531
2369
2690
2978
2978
3337
3552
3768
3471
3312
3570
3537
3626
3312
3040
2902
2854
3111
2940
2953
2957
2661
2479
2276
2633
2778
2700
2806
2691
2823
2583
2500
2575
2544
2862
2953
3022
2824
2575
2563
2411
2448
2397
2235
2011
1719
1592
1110
596
177
-130
-489
-934
-975
-1177
-1638
-2248
-2705
-2860
-2977
-2955
-3072
-3197
-3196
-3299
-3407
-3448
-3124
-2746
-2651
-2473
-2242
-1879
-1732
-1590
-1174
-803
-452
-369
-140
68
87
154
294
733
840
580
327
237
441
287
111
96
18
-157
-566
-493
-452
-618
-936
-1199
-1026
-1176
-1384
-1689
-1621
-1483
-1652
-1688
-1800
-1732
-1969
-1921
-1385
-1135
-364
-147
-280
-1257
-1827
-700
-299
61
-183
-247
-273
-1080
-582
-821
-1068
-1147
-1469
-899
-1440
-1597
-2370
-3233
-2649
-2543
-2117
-2441
-2552
-2354
-2903
-2288
-1756
-1213
-1041
-1192
-504
-195
287
569
589
1236
1569
1909
2012
2127
2579
2580
2872
3148
3150
3135
2845
2990
3159
3329
3441
2938
2749
2727
2773
2830
2693
2828
2559
2278
2260
2310
2598
2507
2424
2294
2309
2572
2319
2209
2274
2475
2597
2423
2554
2377
2128
2055
2036
2229
1955
1904
1670
1248
919
423
405
46
-162
-413
-763
-849
-1486
-1730
-2035
-2116
-2134
-2494
-2430
-2702
-2753
-2939
-3008
-2804
-2821
-2520
-2569
-2369
-2176
-2043
-1746
-1701
-1227
-1078
-900
-580
-262
131
-3
21
162
440
665
550
531
434
453
446
333
331
132
-197
-575
-676
-532
-639
-1011
-1421
-1592
-1729
-1822
-1960
-2040
-2316
-2595
-2766
-2728
-2505
-2352
-2336
-2230
-2080
-1629
-869
-512
-891
-1750
-1535
-425
-39
-132
-386
-227
-226
-556
-48
-461
-722
-1115
-1088
-562
-900
-1003
-2095
-2614
-2120
-1842
-1653
-2282
-2198
-2187
-2417
-1746
-1403
-1047
-1332
-1294
-606
-235
310
380
558
1027
1378
1761
1696
1880
2210
2273
2562
2828
3167
2985
2608
2774
3084
3371
3229
2882
2717
2607
2682
2686
2764
2809
2462
2049
1898
2206
2370
2181
2132
2312
2361
2002
1780
2056
2272
2284
2246
2411
2455
2097
1838
1790
1919
1880
1620
1393
1362
1356
1088
549
209
81
-33
23
-167
-547
-1002
-1217
-1041
-1243
-1448
-1817
-2184
-2170
-2050
-1673
-1822
-2045
-2124
-2209
-2016
-1959
-1652
-1505
-1336
-996
-820
-453
-419
-420
-367
-52
522
691
702
659
680
681
490
570
663
586
338
40
-31
-264
-531
-734
-857
-1014
-1418
-1762
-1938
-2021
-2143
-2442
-2723
-2851
-2839
-2816
-2841
-2821
-2727
-2643
-2589
-2405
-2153
-1965
-1273
-475
-244
-864
-1356
-733
-284
-79
99
497
871
348
254
-38
-305
-196
-383
-2
-155
-252
-900
-1959
-1603
-1314
-1148
-1566
-1804
-1507
-2038
-1877
-1593
-1295
-1031
-1122
-653
-525
-185
164
96
473
865
1459
1631
1600
1968
2164
2520
2707
2804
3028
2964
3077
3127
3232
3451
3141
2967
2872
2988
3139
2909
2857
2664
2519
2420
2211
2425
2504
2445
2249
2043
2263
2166
2183
2233
2204
2180
1934
1994
1882
1746
1768
1583
1468
1211
1163
1010
787
940
774
506
33
-71
-205
-502
-441
-593
-637
-1074
-1329
-1536
-1819
-1611
-1736
-1626
-1745
-1816
-1935
-2294
-2028
-1845
-1543
-1549
-1564
-1339
-1297
-936
-717
-361
-176
-186
-25
132
539
537
405
355
445
695
521
428
330
146
-134
-506
-493
-534
-795
-1173
-1564
-1647
-1903
-2146
-2450
-2664
-2769
-3002
-3106
-3295
-3170
-3171
-3178
-3084
-2897
-2706
-2781
-2579
-2111
-1788
-1226
-625
-356
-900
-1305
-566
164
331
465
589
749
343
249
279
-163
27
56
181
-113
-627
-1042
-1851
-1559
-1056
-1081
-1431
-1972
-2024
-2428
-2250
-1556
-1316
-1241
-1339
-1023
-803
-661
-226
-59
371
820
1082
1199
1281
1843
2137
2331
2645
2864
2983
2839
2908
3099
3233
3314
3122
3014
3037
3015
2928
2705
2739
2648
2467
2437
2420
2516
2279
2138
2117
2089
2114
1948
1915
1930
1773
1590
1465
1606
1687
1482
1402
1256
1192
1009
846
845
766
759
602
694
695
291
-209
-440
-211
-209
-415
-665
-963
-1024
-1173
-1158
-1375
-1628
-1691
-1774
-1528
-1508
-1475
-1578
-1628
-1447
-1362
-1180
-1089
-884
-629
-517
-445
-364
-279
-309
-207
77
298
127
-160
-256
-195
-178
-350
-490
-720
-1008
-1215
-1433
-1625
-1897
-2167
-2487
-2784
-2923
-2969
-3220
-3490
-3593
-3618
-3539
-3581
-3293
-3215
-3307
-3191
-3008
-2552
-2364
-2078
-1678
-1550
-745
76
361
-125
-663
-34
464
780
1186
1300
1267
694
624
763
333
433
208
280
250
-246
-632
-1500
-1262
-979
-1234
-1240
-1495
-1438
-1912
-1943
-1196
-1102
-909
-1039
-797
-292
-69
444
425
862
1556
1707
1836
1857
2414
2752
2774
3324
3527
3570
3238
3087
3471
3598
3740
3499
3272
3288
3083
3029
2930
2954
2879
2489
2522
2588
2598
2366
1999
1977
1901
1940
1930
1835
1779
1505
1419
1437
1505
1465
1189
1237
1273
1359
1280
1131
1060
782
708
724
841
772
685
525
194
-74
-277
-286
-409
-463
-604
-812
-857
-1006
-875
-1098
-1161
-1282
-1375
-1037
-1106
-1062
-1306
-1227
-1003
-1085
-824
-900
-820
-918
-950
-633
-563
-457
-785
-902
-756
-704
-809
-1163
-1234
-1321
-1474
-1550
-1639
-1763
-2176
-2475
-2587
-2603
-2673
-3011
-3203
-3318
-3303
-3274
-3366
-3400
-3473
-3443
-3226
-2983
-2786
-2674
-2715
-2578
-2304
-1818
-1356
-1243
-1112
-1175
-724
350
762
510
-281
177
955
959
1216
1129
1377
985
928
1291
663
549
161
248
508
310
251
-896
-1061
-684
-593
-492
-788
-639
-1096
-1271
-511
-141
93
-68
64
439
625
1281
1394
1579
2018
2288
2564
2550
2929
3202
3094
3319
3481
3611
3467
3260
3466
3528
3689
3501
3126
3023
2792
2780
2661
2740
2841
2457
2177
1877
1916
1916
1735
1719
1578
1533
1358
1232
1386
1345
1326
1337
1423
1433
1161
1202
1343
1390
1222
898
808
703
720
637
545
542
239
15
-219
-125
-201
-521
-625
-784
-710
-903
-1025
-1076
-1244
-1301
-1574
-1482
-1443
-1513
-1644
-1847
-1683
-1739
-1700
-1826
-1861
-1765
-1986
-1964
-1979
-1775
-1800
-2043
-2068
-2241
-2256
-2384
-2306
-2178
-2420
-2665
-2946
-2957
-3021
-3207
-3242
-3331
-3375
-3598
-3733
-3647
-3715
-3734
-3833
-3731
-3503
-3494
-3414
-3411
-3070
-2670
-2533
-2324
-2183
-1913
-1828
-1603
-1019
-699
-432
-435
-158
15
773
1963
1933
1201
409
1424
1945
1903
2124
1923
2168
1488
1777
1773
1084
1321
791
1281
1381
1390
1038
-371
255
433
667
656
307
484
-214
301
879
1010
1397
1005
1115
1202
1746
2381
2014
2418
2585
2582
2644
2675
3199
3128
3191
3413
3171
3300
3132
3004
2898
2873
3090
2513
2274
2304
2207
2162
2032
2177
1902
1383
1247
1120
1308
1350
1351
1306
1151
1173
947
932
1116
1165
1164
1036
1023
886
721
852
955
983
782
523
370
311
344
191
94
79
90
107
-105
-338
-813
-894
-755
-717
-788
-1204
-1412
-1697
-1740
-1750
-2024
-2091
-2438
-2404
-2445
-2483
-2500
-2904
-2895
-3118
-2919
-2905
-3109
-3060
-3249
-3061
-3302
-3384
-3277
-3344
-3130
-3242
-3127
-3230
-3415
-3361
-3454
-3140
-3018
-2944
-3051
-3178
-2907
-2907
-2851
-2814
-2639
-2405
-2451
-2233
-2057
-1887
-1768
-1665
-1338
-1039
-682
-436
-349
-184
73
416
632
805
962
1179
1278
1546
1774
2061
2929
3011
2561
1670
1957
2932
2749
2917
2743
2802
2560
2021
2591
1767
1819
1761
1753
2394
1930
1916
594
434
1294
1184
1411
954
1154
898
417
1194
1168
1513
1371
1223
1603
1563
2108
1805
1631
2035
1987
2252
2127
2381
2584
2238
2504
2370
2446
2395
2091
2297
2229
2505
2318
1788
1795
1577
1721
1698
1701
1767
1275
1143
921
1010
1355
1210
1121
843
928
985
836
1096
1010
930
852
919
1046
705
654
591
506
470
382
524
201
-92
-273
-327
-214
-544
-858
-1267
-1414
-1414
-1686
-1836
-2168
-2312
-2541
-2802
-2792
-2992
-3171
-3501
-3610
-3462
-3466
-3481
-3713
-3817
-3863
-3853
-3750
-3710
-3608
-3624
-3640
-3671
-3655
-3482
-3377
-3342
-3285
-3109
-2981
-3075
-3012
-2794
-2608
-2547
-2455
-2248
-2190
-2232
-2169
-1934
-1682
-1518
-1535
-1479
-1401
-1191
-1010
-897
-650
-513
-340
-267
-39
254
413
657
797
897
1066
1247
1450
1541
1870
2043
1974
1943
2102
2259
2633
3345
3495
2909
2179
2425
2667
2745
3004
2939
2910
2507
2564
2351
1791
2067
1978
2126
2004
1944
1711
884
1208
1303
1279
1168
994
1020
543
805
1124
997
1053
932
1108
1051
1225
1604
1444
1593
1563
1650
1789
1876
2046
1809
1864
2002
1862
1821
1717
1813
1713
1539
1494
1263
1187
986
936
1006
951
815
513
388
341
277
453
593
559
276
56
93
175
316
336
152
-31
-181
-214
-225
-227
-272
-606
-888
-1016
-1046
-1159
-1374
-1449
-1494
-1674
-2006
-2374
-2623
-2708
-2842
-2893
-2923
-3087
-3279
-3695
-3838
-3841
-3714
-3579
-3703
-3585
-3696
-3822
-3930
-3867
-3545
-3620
-3573
-3557
-3459
-3353
-3376
-3123
-3034
-2825
-2713
-2645
-2493
-2482
-2279
-2157
-1880
-1661
-1761
-1793
-1792
-1434
-1190
-1146
-966
-957
-938
-1011
-850
-486
-267
-83
-95
-12
137
229
356
562
1037
1330
1407
1464
1584
1826
1953
2244
2520
2680
2810
2856
2969
2869
2870
2932
2925
3001
3095
3639
3817
3425
2739
2327
2687
2801
2939
2836
2625
2503
2128
2166
1915
1873
1798
1562
1763
1769
1773
1215
870
1089
1180
1469
1395
1383
1202
972
1130
1092
1438
1560
1389
1283
1249
1561
1476
1397
1495
1446
1458
1356
1409
1443
1314
1275
1188
1237
1274
1057
861
804
903
883
676
546
397
334
310
320
365
228
30
-212
-312
-242
-276
-264
-317
-424
-560
-775
-815
-917
-939
-1016
-1162
-1262
-1472
-1598
-1818
-1857
-1825
-2046
-2252
-2433
-2382
-2444
-2653
-2678
-2840
-2925
-3018
-3047
-2930
-3017
-3011
-3245
-3375
-3200
-3098
-2926
-3015
-2904
-2884
-2985
-2862
-2794
-2549
-2515
-2552
-2482
-2438
-2236
-2232
-2131
-1896
-1807
-1765
-1761
-1561
-1418
-1375
-1220
-1032
-795
-701
-662
-527
-378
-151
-32
119
325
433
478
564
817
1035
1060
1129
1251
1385
1493
1513
1660
1820
1894
1943
1962
2210
2359
2290
2220
2241
2435
2471
2530
2617
2602
2588
2504
2526
2562
2703
2649
2406
2264
2533
3000
2926
2636
2284
2359
2442
2436
2569
2429
2428
2329
2349
2499
2215
2142
1800
1931
2292
2260
2084
1498
1517
1428
1328
1511
1410
1224
674
501
630
521
660
471
336
160
52
169
31
188
254
207
138
-45
-22
-58
86
226
122
164
58
-60
-173
-103
113
70
-88
-305
-523
-639
-712
-737
-798
-939
-1084
-1330
-1525
-1622
-1675
-1690
-1789
-1904
-2127
-2318
-2396
-2512
-2580
-2616
-2526
-2591
-2769
-2859
-2875
-2847
-2916
-2803
-2642
-2657
-2807
-2945
-2854
-2735
-2632
-2562
-2559
-2541
-2601
-2612
-2525
-2258
-2080
-2182
-2315
-2337
-2193
-2099
-1964
-1870
-1895
-1889
-1839
-1666
-1571
-1487
-1374
-1304
-1120
-975
-799
-751
-712
-588
-463
-185
14
97
60
91
338
546
726
873
944
991
1038
1218
1351
1391
1417
1456
1575
1634
1640
1594
1629
1735
1792
1821
1923
2019
1978
1938
2020
2169
2173
2099
2132
2252
2387
2380
2358
2402
2441
2464
2380
2442
2568
2581
2434
2348
2637
2912
2880
2655
2481
2530
2464
2445
2490
2457
2334
2092
2055
2012
1891
1738
1499
1524
1449
1243
889
613
621
419
276
120
-60
-358
-684
-741
-752
-713
-726
-883
-999
-1071
-1059
-1025
-949
-765
-792
-919
-972
-867
-650
-553
-525
-618
-683
-684
-711
-681
-738
-868
-1046
-1116
-1097
-1242
-1485
-1669
-1786
-1868
-1952
-2089
-2332
-2470
-2447
-2468
-2530
-2602
-2704
-2885
-2899
-2710
-2634
-2715
-2761
-2740
-2708
-2596
-2405
-2312
-2257
-2226
-2215
-2165
-2008
-1855
-1854
-1792
-1649
-1496
-1475
-1486
-1396
-1300
-1140
-1097
-1086
-1053
-1057
-981
-909
-712
-692
-773
-717
-677
-546
-576
-463
-314
-243
-114
-147
-14
68
148
293
357
557
574
606
722
819
1043
1125
1275
1368
1465
1537
1502
1584
1671
1786
1819
1854
1985
2027
1986
1918
1891
1933
1913
1960
2049
2072
2061
1985
2014
2061
2195
2300
2244
2267
2273
2398
2506
2593
2682
2539
2508
2468
2575
2660
2628
2687
2619
2737
2688
2550
2421
2303
2318
2152
2180
2163
1958
1657
1350
1343
1206
1080
858
607
434
182
47
-163
-267
-387
-661
-808
-898
-898
-976
-1049
-1056
-1120
-1156
-1140
-1059
-983
-935
-943
-980
-967
-893
-836
-804
-779
-761
-790
-859
-914
-945
-983
-1070
-1159
-1276
-1466
-1657
-1717
-1699
-1780
-1952
-2107
-2286
-2421
-2434
-2390
-2399
-2475
-2514
-2573
-2586
-2467
-2374
-2300
-2219
-2109
-2084
-2098
-1921
-1762
-1689
-1674
-1542
-1363
-1295
-1202
-1141
-998
-873
-783
-641
-585
-472
-584
-624
-475
-312
-225
-427
-399
-355
-328
-334
-418
-335
-352
-331
-339
-272
-113
-178
-223
-180
-23
17
-50
91
256
390
422
467
575
640
785
895
1001
1102
1130
1138
1197
1343
1423
1416
1416
1421
1365
1372
1482
1592
1566
1459
1439
1456
1466
1490
1461
1506
1508
1516
1560
1573
1684
1693
1768
1769
1781
1954
2002
2099
2103
2165
2290
2262
2339
2295
2352
2393
2326
2356
2282
2296
2172
2081
2158
1980
1816
1549
1485
1411
1179
1099
932
873
701
487
324
92
-1
-177
-174
-191
-344
-563
-855
-910
-953
-902
-927
-1050
-1188
-1394
-1484
-1513
-1476
-1477
-1573
-1599
-1655
-1726
-1815
-1855
-1803
-1742
-1717
-1808
-1963
-2059
-2065
-2031
-1965
-1912
-1934
-2102
-2244
-2222
-2144
-2107
-2134
-2128
-2097
-2104
-2077
-2059
-1945
-1822
-1805
-1839
-1858
-1734
-1638
-1550
-1431
-1337
-1331
-1390
-1350
-1212
-1101
-986
-894
-849
-851
-895
-869
-780
-631
-526
-544
-573
-568
-534
-555
-549
-480
-434
-410
-444
-402
-381
-409
-420
-403
-278
-221
-186
-165
-102
-31
-45
58
184
292
307
313
437
548
684
769
829
892
885
941
977
1061
1139
1122
1195
1289
1379
1338
1305
1353
1385
1428
1456
1508
1500
1481
1493
1560
1635
1662
1659
1654
1726
1796
1893
1983
2011
1999
2009
2093
2239
2358
2417
2414
2418
2449
2465
2464
2510
2507
2469
2396
2372
2313
2160
2025
1892
1918
1851
1694
1414
1161
1055
914
816
704
582
366
68
-139
-295
-422
-547
-654
-736
-897
-1091
-1289
-1393
-1472
-1545
-1592
-1659
-1775
-1915
-2043
-2069
-2041
-2034
-2058
-2126
-2137
-2195
-2215
-2207
-2146
-2077
-2111
-2086
-2022
-1944
-1884
-1883
-1837
-1788
-1718
-1675
-1651
-1552
-1483
-1427
-1438
-1423
-1422
-1439
-1405
-1331
-1244
-1206
-1257
-1310
-1321
-1236
-1147
-1129
-1102
-1095
-1010
-930
-850
-794
-812
-775
-782
-623
-473
-435
-460
-507
-415
-386
-272
-165
-161
-158
-131
-14
25
41
93
117
162
196
279
321
362
369
379
405
466
504
506
592
702
722
677
730
805
803
805
856
928
927
923
979
1017
1040
989
1005
1076
1143
1232
1248
1296
1308
1326
1418
1494
1638
1696
1752
1771
1787
1874
1940
2027
2056
2106
2136
2174
2211
2274
2321
2321
2325
2276
2315
2332
2370
2376
2293
2249
2136
2092
2032
1940
1898
1774
1703
1558
1422
1308
1115
1010
843
735
581
383
304
72
-45
-252
-392
-462
-644
-668
-870
-974
-1086
-1214
-1269
-1428
-1428
-1569
-1690
-1784
-1892
-1876
-1980
-1984
-2089
-2157
-2143
-2196
-2143
-2203
-2162
-2163
-2180
-2103
-2079
-1965
-1977
-1903
-1809
-1788
-1731
-1715
-1602
-1536
-1503
-1411
-1398
-1369
-1368
-1344
-1249
-1199
-1151
-1190
-1206
-1152
-1129
-1108
-1130
-1142
-1176
-1181
-1101
-1065
-1061
-1079
-1058
-1048
-1007
-927
-851
-830
-814
-743
-688
-625
-539
-449
-378
-316
-227
-162
-88
-23
-5
53
126
202
243
297
385
402
414
454
494
513
568
633
671
674
686
715
689
709
753
810
864
855
858
836
882
976
1001
1047
1074
1129
1167
1222
1398
1476
1506
1518
1574
1672
1721
1860
1936
1956
1949
1951
2025
2056
2077
2035
1991
2036
2052
2050
1990
1905
1815
1687
1674
1690
1649
1541
1386
1267
1194
1178
1105
980
818
777
708
618
571
459
452
298
168
45
-109
-138
-347
-193
-99
-261
-577
-998
-834
-964
-939
-960
-1106
-1076
-1467
-1471
-1713
-1749
-1728
-1977
-1772
-1894
-1823
-2033
-2216
-2050
-2173
-1854
-1908
-1834
-1832
-1931
-1714
-1784
-1450
-1457
-1482
-1394
-1438
-1187
-1216
-1026
-1028
-1209
-1171
-1213
-990
-976
-960
-918
-1057
-1003
-1145
-1090
-1008
-993
-943
-1055
-984
-1001
-1030
-1014
-1009
-884
-903
-891
-900
-915
-857
-859
-765
-695
-650
-643
-658
-565
-464
-377
-375
-371
-280
-239
-171
-93
24
61
1
16
57
148
231
263
288
313
398
411
430
488
523
562
602
734
824
831
870
920
1024
1142
1255
1357
1386
1427
1473
1579
1702
1769
1819
1810
1839
1871
1915
1966
1992
2012
2010
2000
1987
1973
1943
1894
1823
1776
1763
1753
1724
1676
1617
1557
1467
1400
1344
1325
1326
1285
1186
1072
995
925
853
803
751
687
567
470
420
408
405
301
226
115
73
19
-55
-36
-96
-162
-312
-388
-449
-588
-653
-754
-768
-832
-950
-1065
-1197
-1221
-1298
-1332
-1340
-1394
-1481
-1610
-1578
-1537
-1500
-1490
-1518
-1478
-1465
-1378
-1355
-1335
-1289
-1287
-1248
-1203
-1091
-1025
-1047
-1059
-1079
-1076
-1055
-1005
-940
-934
-972
-1013
-1017
-968
-924
-904
-915
-947
-927
-886
-831
-796
-818
-831
-853
-844
-782
-737
-725
-748
-752
-695
-665
-617
-638
-667
-636
-543
-423
-376
-372
-369
-358
-271
-174
-108
-42
-10
43
62
158
287
332
351
350
425
528
576
641
692
787
861
862
907
978
1073
1159
1222
1318
1351
1381
1416
1492
1597
1663
1717
1747
1790
1820
1846
1885
1932
1957
1919
1880
1883
1880
1877
1833
1799
1769
1701
1644
1577
1510
1431
1314
1252
1206
1173
1065
958
906
839
790
680
650
607
561
533
460
454
359
279
230
198
240
166
114
3
-58
-82
-187
-224
-302
-328
-441
-575
-593
-659
-689
-798
-868
-923
-1022
-1055
-1112
-1097
-1108
-1164
-1207
-1294
-1294
-1312
-1293
-1240
-1213
-1188
-1233
-1240
-1201
-1130
-1072
-1062
-1066
-1057
-1004
-944
-918
-885
-891
-919
-961
-948
-875
-864
-888
-931
-914
-928
-918
-877
-874
-893
-927
-860
-816
-802
-789
-768
-724
-738
-710
-672
-616
-603
-648
-593
-533
-484
-529
-551
-512
-507
-488
-497
-440
-447
-496
-510
-497
-435
-466
-493
-492
-458
-405
-412
-388
-351
-333
-289
-225
-132
-55
-19
46
126
228
331
419
525
634
744
837
907
986
1059
1167
1268
1346
1400
1452
1488
1523
1572
1618
1635
1616
1628
1667
1657
1626
1601
1580
1535
1480
1460
1419
1365
1322
1264
1185
1114
1067
1009
945
913
870
789
688
620
592
554
505
454
403
384
319
283
227
184
141
96
114
104
94
27
-21
-66
-127
-146
-176
-182
-242
-313
-360
-405
-418
-480
-505
-542
-590
-619
-665
-665
-686
-682
-708
-739
-715
-729
-740
-776
-748
-704
-726
-742
-767
-754
-764
-780
-772
-744
-737
-775
-833
-883
-912
-928
-918
-909
-914
-954
-1010
-1073
-1082
-1060
-1050
-1041
-1023
-1004
-1006
-1010
-984
-957
-919
-904
-872
-820
-776
-750
-712
-644
-616
-601
-599
-562
-521
-499
-467
-465
-438
-443
-449
-425
-417
-386
-397
-380
-361
-362
-347
-369
-349
-325
-275
-198
-151
-101
-97
-69
28
110
215
271
334
391
461
562
646
766
858
926
957
1018
1099
1181
1225
1286
1353
1402
1427
1432
1472
1484
1471
1469
1511
1544
1497
1450
1418
1395
1374
1320
1292
1251
1191
1109
1042
1010
950
875
793
746
702
617
569
526
495
415
326
299
259
252
205
184
149
62
31
19
77
85
38
-9
-48
-58
-77
-71
-23
-7
-50
-115
-132
-129
-166
-167
-143
-124
-161
-216
-222
-198
-152
-154
-160
-151
-166
-211
-235
-200
-172
-171
-195
-218
-216
-229
-250
-251
-228
-223
-305
-375
-376
-370
-397
-452
-480
-527
-578
-633
-663
-647
-681
-739
-824
-836
-815
-855
-891
-930
-908
-900
-900
-892
-903
-893
-897
-865
-849
-797
-779
-803
-799
-782
-713
-704
-701
-682
-680
-669
-684
-644
-612
-609
-608
-630
-585
-559
-537
-513
-482
-426
-422
-409
-382
-332
-266
-203
-114
-58
-14
13
42
123
228
333
382
424
480
549
607
662
759
820
857
883
944
1023
1060
1085
1096
1141
1204
1234
1248
1242
1261
1254
1226
1237
1250
1252
1198
1149
1113
1072
1014
949
912
862
822
767
708
660
592
518
456
417
388
346
282
245
208
180
150
102
93
64
44
10
-5
18
3
-5
-18
-15
-18
-33
-7
15
30
42
46
47
42
58
97
111
107
105
129
136
116
128
157
168
136
95
73
58
48
37
19
2
-48
-90
-129
-155
-186
-210
-233
-261
-313
-365
-415
-460
-504
-545
-573
-626
-670
-726
-769
-821
-877
-916
-969
-1006
-1047
-1062
-1079
-1124
-1149
-1173
-1193
-1217
-1241
-1241
-1249
-1248
-1237
-1215
-1186
-1199
-1190
-1174
-1124
-1071
-1031
-990
-965
-923
-872
-803
-721
-654
-612
-579
-513
-452
-397
-344
-297
-241
-204
-148
-103
-48
2
13
21
58
125
177
203
249
285
314
336
365
406
441
489
531
578
627
674
695
736
789
838
879
912
945
952
962
1000
1038
1081
1087
1067
1039
1031
1051
1046
1040
1005
965
905
853
847
840
802
739
683
642
601
569
537
505
443
375
352
337
320
280
263
253
241
232
223
216
197
194
203
219
215
206
203
224
247
266
266
248
247
263
294
319
324
314
299
297
302
299
272
257
236
236
226
191
156
106
73
43
46
37
-24
-97
-157
-179
-203
-240
-277
-331
-388
-460
-497
-503
-510
-541
-603
-646
-686
-724
-774
-813
-830
-861
-906
-958
-1005
-1058
-1107
-1133
-1146
-1167
-1195
-1234
-1266
-1263
-1256
-1259
-1265
-1268
-1253
-1240
-1215
-1165
-1125
-1079
-1025
-967
-912
-859
-797
-727
-663
-590
-510
-445
-403
-369
-303
-219
-141
-75
-17
-2
18
56
129
202
227
266
291
324
351
387
440
476
503
524
550
568
580
615
644
683
721
728
739
741
775
812
821
847
842
835
822
839
877
868
854
837
838
827
810
812
804
799
772
759
753
738
731
724
737
739
715
686
679
701
722
721
714
703
687
672
681
708
728
712
689
678
685
690
685
690
688
670
637
606
595
589
575
559
530
483
444
421
415
395
356
322
271
215
182
155
129
88
41
-2
-51
-106
-145
-167
-211
-260
-322
-362
-402
-456
-491
-536
-592
-666
-705
-728
-760
-801
-859
-914
-989
-1045
-1066
-1089
-1127
-1187
-1245
-1289
-1336
-1356
-1364
-1370
-1386
-1421
-1445
-1462
-1468
-1450
-1417
-1381
-1371
-1360
-1341
-1302
-1252
-1196
-1121
-1064
-1023
-979
-921
-857
-801
-731
-660
-607
-546
-481
-419
-371
-313
-247
-177
-120
-75
-29
1
36
82
149
204
234
248
267
306
346
376
409
433
447
460
498
545
562
571
579
608
626
632
644
673
687
690
696
714
723
728
749
773
792
784
772
770
777
781
777
768
794
801
802
807
822
841
819
833
878
913
929
915
932
957
970
1003
1032
1057
1046
1010
1020
1035
1043
1019
992
967
928
892
861
846
798
734
668
615
565
493
427
360
299
226
160
97
36
-29
-97
-155
-205
-256
-318
-378
-429
-469
-514
-558
-590
-608
-634
-681
-717
-742
-772
-805
-834
-829
-843
-890
-936
-956
-957
-978
-1028
-1054
-1065
-1089
-1126
-1154
-1148
-1161
-1207
-1248
-1249
-1242
-1262
-1284
-1291
-1284
-1292
-1303
-1299
-1277
-1249
-1237
-1216
-1185
-1160
-1145
-1123
-1078
-1023
-977
-944
-916
-868
-812
-744
-686
-621
-561
-528
-506
-458
-377
-298
-236
-199
-158
-122
-90
-40
22
72
115
151
190
228
274
315
345
379
428
465
488
515
556
596
630
661
697
735
744
750
777
820
851
868
887
895
893
905
929
958
963
960
953
951
965
977
1004
1020
1012
1006
1006
1035
1049
1065
1086
1099
1108
1102
1114
1130
1131
1141
1160
1175
1167
1149
1145
1143
1144
1144
1132
1114
1079
1041
1007
975
937
884
814
747
688
618
548
458
374
271
159
73
-11
-92
-184
-282
-371
-452
-545
-628
-700
-755
-818
-886
-947
-990
-1034
-1076
-1109
-1128
-1142
-1155
-1177
-1187
-1193
-1178
-1167
-1167
-1150
-1140
-1133
-1132
-1109
-1073
-1052
-1040
-1022
-1002
-982
-959
-931
-903
-888
-868
-847
-823
-810
-801
-775
-749
-737
-717
-706
-694
-689
-676
-643
-624
-610
-607
-586
-557
-535
-523
-499
-477
-446
-414
-364
-313
-278
-249
-211
-152
-92
-52
-12
34
74
124
166
220
268
294
321
351
391
415
431
456
481
489
485
500
526
545
545
546
561
570
574
586
598
613
615
620
633
656
677
692
709
728
748
757
771
794
824
838
841
853
884
901
904
922
939
948
950
968
985
996
996
997
1011
1021
1020
1028
1034
1036
1032
1026
1024
1022
1021
1003
979
971
948
915
874
827
788
741
687
634
565
484
400
313
248
173
87
-16
-114
-215
-310
-396
-474
-550
-651
-749
-843
-913
-969
-1028
-1086
-1136
-1190
-1239
-1276
-1291
-1298
-1310
-1319
-1323
-1305
-1299
-1293
-1275
-1250
-1208
-1181
-1161
-1119
-1076
-1032
-995
-952
-900
-868
-827
-795
-748
-711
-685
-650
-617
-582
-559
-539
-510
-492
-477
-453
-433
-425
-432
-432
-419
-406
-395
-385
-380
-380
-382
-376
-350
-320
-304
-297
-285
-262
-237
-202
-173
-146
-126
-88
-51
-22
11
51
86
112
148
189
216
229
253
283
314
331
347
361
368
382
398
416
425
431
438
447
466
475
482
490
507
531
545
561
584
607
621
629
652
680
706
723
741
758
778
795
807
819
830
841
854
858
867
877
871
865
856
864
863
851
832
827
813
795
779
762
756
728
687
662
647
621
584
545
529
495
446
397
357
317
277
223
177
122
58
-8
-82
-141
-211
-278
-342
-413
-484
-570
-642
-704
-761
-818
-882
-942
-1008
-1061
-1101
-1123
-1149
-1173
-1196
-1216
-1217
-1218
-1207
-1192
-1175
-1154
-1140
-1113
-1067
-1026
-993
-962
-921
-878
-844
-796
-741
-693
-658
-624
-586
-549
-506
-470
-443
-413
-393
-371
-351
-326
-305
-301
-291
-279
-268
-255
-254
-247
-242
-241
-229
-214
-198
-189
-182
-162
-152
-141
-133
-123
-95
-66
-40
-14
17
37
58
84
120
152
183
212
239
274
301
326
352
388
418
445
467
489
513
531
549
577
598
615
631
648
673
688
696
714
726
741
743
752
770
774
781
778
780
784
782
779
778
766
752
739
732
716
694
681
666
647
626
605
582
553
533
519
496
471
450
429
411
397
381
368
348
326
306
291
273
255
246
229
202
173
146
120
96
66
36
3
-26
-65
-111
-145
-189
-229
-268
-301
-333
-373
-422
-457
-494
-527
-555
-581
-609
-641
-674
-689
-692
-712
-728
-738
-739
-747
-757
-745
-737
-731
-726
-719
-702
-686
-666
-643
-625
-606
-581
-559
-539
-522
-496
-466
-439
-413
-383
-365
-349
-329
-308
-291
-274
-253
-233
-222
-216
-203
-187
-177
-174
-171
-156
-154
-152
-150
-141
-127
-118
-121
-124
-124
-122
-118
-110
-99
-92
-91
-86
-71
-45
-29
-14
2
13
36
57
79
111
143
157
174
196
229
259
286
325
355
372
391
423
460
484
505
523
550
569
582
612
634
650
655
671
691
699
706
709
713
712
711
706
699
691
683
678
673
665
652
630
609
596
576
562
543
519
490
465
446
426
402
373
345
313
285
254
231
210
181
144
111
88
65
34
-4
-38
-63
-97
-129
-165
-191
-221
-266
-291
-317
-343
-374
-408
-431
-450
-469
-488
-507
-523
-542
-551
-561
-566
-567
-576
-579
-579
-572
-566
-567
-565
-562
-548
-539
-541
-534
-526
-520
-508
-503
-493
-484
-474
-464
-459
-447
-437
-429
-414
-398
-382
-373
-361
-348
-326
-303
-290
-274
-253
-235
-222
-208
-188
-168
-159
-149
-131
-113
-106
-98
-83
-67
-60
-54
-44
-44
-39
-41
-31
-17
-16
-18
-19
-19
-22
-15
-6
2
-3
-13
-13
-8
0
9
19
29
36
44
55
70
81
95
114
133
157
176
193
213
239
264
288
307
328
348
370
393
415
436
454
468
475
482
499
511
515
524
529
536
534
533
532
530
529
520
509
502
490
473
463
454
442
426
406
385
362
342
328
311
284
258
231
209
188
165
146
116
86
59
34
15
-5
-34
-56
-82
-110
-135
-152
-165
-187
-208
-224
-235
-248
-262
-273
-284
-303
-314
-317
-319
-324
-326
-316
-321
-326
-331
-334
-337
-337
-331
-330
-329
-331
-330
-325
-331
-327
-321
-322
-322
-321
-322
-325
-328
-329
-324
-321
-315
-314
-307
-298
-299
-287
-274
-268
-256
-252
-238
-222
-209
-200
-190
-174
-159
-145
-128
-118
-105
-93
-88
-77
-59
-48
-38
-34
-30
-23
-19
-10
-5
0
1
-6
-5
-3
2
-2
-5
-7
-9
-1
1
3
7
10
14
18
29
35
42
54
65
82
94
106
125
141
165
184
195
215
233
255
272
283
304
317
331
343
355
371
384
389
393
403
406
412
416
420
419
415
412
407
402
400
398
397
389
378
370
363
358
346
335
329
316
303
296
285
273
258
245
233
219
200
184
171
159
141
124
113
98
84
68
55
43
25
4
-10
-16
-25
-39
-57
-68
-77
-91
-102
-110
-118
-128
-149
-157
-162
-173
-187
-194
-200
-209
-219
-224
-228
-240
-254
-266
-271
-273
-281
-289
-298
-304
-308
-313
-315
-317
-327
-338
-340
-342
-341
-343
-345
-346
-353
-349
-347
-348
-348
-343
-338
-334
-329
-326
-320
-318
-310
-301
-292
-285
-275
-267
-259
-249
-246
-233
-219
-209
-205
-193
-183
-174
-162
-153
-138
-126
-120
-104
-97
-89
-72
-59
-41
-33
-20
-3
9
23
39
57
72
88
101
117
133
149
161
180
194
207
221
235
246
255
264
275
285
294
302
309
313
317
323
332
345
348
346
348
349
348
350
351
355
355
356
354
347
342
343
339
333
332
322
314
307
302
299
286
279
267
254
245
231
223
207
189
173
157
146
133
116
97
76
58
45
29
15
2
-15
-37
-50
-61
-82
-97
-106
-121
-137
-149
-157
-167
-177
-189
-197
-202
-208
-216
-221
-229
-235
-234
-236
-234
-236
-237
-236
-239
-239
-237
-233
-235
-238
-237
-237
-235
-233
-228
-227
-232
-229
-225
-225
-224
-225
-226
-230
-231
-227
-230
-230
-230
-234
-235
-235
-233
-234
-237
-239
-236
-233
-233
-233
-235
-231
-228
-225
-221
-218
-214
-213
-211
-205
-201
-196
-183
-178
-174
-168
-158
-147
-141
-131
-117
-107
-94
-84
-69
-57
-44
-26
-9
8
18
31
48
63
81
98
111
123
134
151
161
172
184
194
207
212
222
235
243
250
256
269
280
282
293
301
305
313
318
327
330
336
345
350
354
356
360
360
359
363
369
370
365
363
362
357
352
346
340
336
328
318
310
298
284
270
262
250
237
222
207
192
175
162
143
124
111
93
78
62
44
31
12
-4
-19
-36
-50
-65
-79
-95
-110
-121
-134
-149
-158
-168
-182
-193
-203
-211
-215
-221
-226
-232
-238
-242
-247
-247
-253
-258
-262
-265
-263
-265
-268
-271
-274
-272
-272
-273
-276
-279
-277
-280
-282
-280
-280
-282
-280
-275
-272
-270
-270
-270
-265
-264
-262
-257
-253
-243
-240
-235
-226
-224
-216
-210
-203
-189
-186
-177
-165
-153
-142
-134
-120
-109
-99
-84
-70
-54
-43
-28
-11
2
18
30
48
63
75
89
106
121
134
150
163
173
181
190
202
210
218
225
232
243
249
250
252
257
259
261
265
266
265
261
264
264
262
264
263
262
260
258
257
255
257
257
256
253
251
249
243
243
239
236
238
231
227
221
215
210
201
195
188
181
171
161
153
142
133
122
112
101
88
79
67
60
49
34
20
5
-5
-15
-28
-38
-47
-58
-70
-78
-85
-98
-111
-117
-123
-130
-137
-141
-145
-155
-160
-164
-165
-167
-173
-173
-179
-183
-184
-184
-183
-184
-185
-187
-191
-191
-191
-193
-191
-190
-190
-189
-190
-188
-185
-184
-182
-181
-178
-176
-171
-167
-166
-162
-157
-154
-149
-144
-135
-132
-128
-120
-117
-111
-104
-102
-97
-93
-86
-79
-73
-67
-62
-56
-50
-47
-41
-31
-28
-23
-13
-5
1
8
18
25
30
37
47
54
62
69
76
83
90
94
99
105
108
114
119
121
127
130
130
132
132
135
133
137
140
137
136
134
133
129
125
126
123
121
116
112
110
104
99
95
94
91
85
85
81
75
68
65
65
61
54
52
51
46
41
41
40
35
28
27
23
18
13
11
9
3
-2
-4
-8
-10
-17
-21
-24
-28
-30
-33
-36
-39
-43
-45
-48
-52
-53
-55
-59
-60
-60
-64
-67
-68
-71
-73
-77
-77
-77
-81
-83
-84
-83
-83
-85
-85
-84
-86
-88
-87
-87
-86
-88
-87
-87
-89
-88
-86
-82
-81
-83
-78
-75
-77
-76
-74
-73
-71
-70
-66
-61
-59
-56
-53
-49
-49
-49
-43
-40
-37
-32
-28
-25
-23
-21
-16
-16
-11
-5
-4
-1
4
7
10
12
17
19
20
24
29
33
38
43
45
48
49
49
52
52
57
61
62
66
67
69
70
70
70
71
72
74
73
76
75
77
78
76
74
72
74
74
73
73
71
70
67
65
64
62
60
59
59
56
51
49
45
41
41
39
39
37
36
36
31
28
24
22
18
15
15
15
14
12
9
6
3
0
-2
-5
-7
-10
-14
-17
-20
-21
-23
-27
-30
-31
-33
-35
-37
-40
-42
-44
-45
-46
-48
-50
-50
-50
-49
-49
-49
-48
-50
-48
-48
-49
-48
-46
-46
-46
-43
-42
-41
-41
-40
-37
-39
-38
-35
-35
-34
-32
-31
-28
-30
-27
-25
-26
-25
-24
-24
-22
-22
-20
-16
-18
-17
-16
-15
-13
-12
-10
-7
-5
-5
-2
-1
0
2
4
6
7
12
12
13
15
16
17
15
19
21
20
21
22
23
26
25
28
29
28
29
29
29
29
29
30
31
32
32
32
30
31
32
31
30
32
31
29
29
28
27
26
25
25
26
25
26
24
23
20
19
18
16
15
15
14
14
14
15
14
12
12
12
10
11
10
9
9
8
9
7
5
5
4
5
3
1
2
0
0
-1
-1
-2
-4
-4
-5
-7
-6
-9
-9
-10
-11
-10
-12
-13
-13
-13
-15
-15
-16
-15
-17
-19
-17
-19
-21
-21
-22
-21
-24
-25
-25
-27
-28
-28
-28
-30
-32
-31
-33
-33
-33
-35
-34
-34
-35
-33
-34
-35
-33
-35
-34
-34
-35
-32
-32
-32
-30
-29
-27
-25
-24
-23
-22
-21
-17
-17
-14
-12
-10
-8
-6
-3
1
3
4
4
6
9
11
13
13
16
17
17
20
22
24
24
24
26
25
26
26
25
27
27
28
29
28
30
29
28
26
25
24
24
22
24
24
24
24
25
26
25
24
25
23
23
23
21
23
21
22
22
22
24
22
22
22
21
20
19
17
17
16
14
14
14
14
13
11
10
9
7
5
3
1
1
-1
-1
-1
-3
-4
-5
-7
-8
-8
-10
-11
-12
-13
-13
-14
-15
-16
-15
-17
-18
-16
-17
-17
-19
-19
-18
-20
-19
-21
-22
-20
-22
-22
-22
-24
-24
-26
-26
-25
-26
-26
-26
-25
-23
-24
-24
-25
-24
-24
-25
-24
-22
-23
-21
-22
-19
-16
-17
-15
-15
-12
-11
-10
-10
-10
-8
-8
-9
-6
-6
-3
-2
-1
1
1
2
3
5
6
4
6
6
8
8
8
9
10
12
12
14
16
15
15
14
15
15
15
16
14
14
16
16
16
17
16
18
17
16
17
16
16
15
15
15
15
15
16
14
15
15
15
15
15
16
15
16
16
15
15
14
14
13
13
12
11
11
11
11
10
11
9
8
8
7
8
6
6
6
6
6
4
4
4
2
2
0
-1
-1
-2
-1
-1
-1
-1
-2
-2
-4
-2
-4
-4
-4
-4
-5
-5
-6
-6
-6
-8
-7
-6
-7
-7
-9
-8
-8
-10
-9
-11
-12
-12
-13
-11
-12
-12
-13
-13
-13
-15
-14
-14
-14
-16
-15
-15
-14
-14
-14
-14
-14
-14
-14
-13
-11
-12
-14
-13
-12
-11
-11
-11
-10
-10
-10
-12
-10
-10
-11
-10
-10
-9
-8
-8
-6
-7
-8
-7
-6
-3
-4
-4
-2
-3
-2
-2
-1
1
2
2
4
4
6
5
5
6
6
8
9
8
9
9
9
10
10
12
12
11
11
11
13
11
12
12
12
13
11
11
13
10
11
10
11
14
11
13
11
10
11
10
12
10
10
11
9
9
8
8
9
8
9
10
11
10
8
9
7
7
8
8
9
8
8
8
8
7
6
6
5
4
3
3
2
1
0
2
2
1
0
-1
-2
-2
-4
-3
-2
-4
-4
-5
-6
-5
-6
-8
-8
-8
-9
-10
-9
-9
-12
-10
-12
-12
-12
-14
-13
-14
-15
-15
-16
-14
-14
-16
-16
-16
-15
-15
-14
-14
-15
-15
-14
-16
-14
-13
-14
-13
-13
-12
-11
-12
-11
-11
-10
-8
-7
-6
-7
-6
-4
-5
-4
-2
-2
-1
-1
0
0
1
1
2
1
2
3
3
4
3
4
4
4
5
5
7
7
8
9
8
10
9
11
11
11
11
11
12
12
13
12
13
13
13
12
12
11
11
10
10
11
11
9
9
9
9
8
8
8
8
6
7
8
7
7
4
5
4
4
4
2
2
3
3
3
2
3
2
1
2
0
2
1
0
1
1
0
-1
-1
-1
-1
-2
-2
-2
-3
-4
-3
-3
-4
-3
-4
-4
-4
-4
-4
-4
-4
-6
-5
-6
-6
-5
-5
-5
-5
-6
-5
-6
-4
-5
-5
-5
-5
-5
-5
-4
-4
-6
-5
-5
-4
-4
-5
-4
-5
-4
-4
-4
-4
-4
-5
-5
-5
-4
-4
-3
-3
-3
-2
-2
-1
-1
-2
0
-1
0
0
0
2
-1
1
0
1
0
-1
1
0
1
1
1
2
1
2
1
1
2
2
1
2
1
3
2
1
2
1
3
3
3
3
3
4
3
3
4
4
4
3
4
4
4
4
4
4
4
3
2
3
3
1
2
2
1
2
2
2
3
1
2
1
2
0
1
2
0
