-12
-13
-12
-12
-11
-10
-9
-8
-7
-6
-4
-2
-1
1
2
2
3
6
8
11
14
13
14
14
15
16
14
14
13
12
11
10
9
9
8
6
7
6
6
5
6
6
6
7
7
6
7
6
5
4
4
3
0
0
0
-1
-2
-2
-3
-3
-2
-3
-1
-3
-2
-2
-2
-2
-2
-2
-2
-1
0
-1
-1
0
1
0
1
1
0
-1
1
1
1
1
1
2
1
1
1
2
1
0
0
-1
-1
1
1
2
0
0
-1
-3
-3
-4
-5
-5
-7
-8
-9
-12
-12
-12
-15
-17
-18
-20
-22
-23
-23
-24
-23
-23
-23
-24
-22
-22
-18
-16
-14
-11
-10
-9
-6
-3
-1
3
6
8
10
11
14
14
16
17
16
17
19
21
21
22
24
26
26
27
28
29
29
29
29
26
26
25
23
20
19
16
13
11
7
4
2
0
-2
-2
-4
-5
-6
-8
-9
-12
-12
-15
-13
-14
-14
-15
-15
-14
-13
-9
-9
-8
-6
-4
-2
-1
-1
-1
-2
-4
-4
-4
-6
-5
-5
-7
-6
-6
-5
-4
-3
-4
-4
-4
-3
-3
-2
-1
0
0
0
0
-1
-2
-2
-2
-1
-2
-2
-3
-4
-3
-3
-2
-3
-3
-4
-4
-5
-3
-2
-2
0
1
1
2
2
5
6
7
8
10
9
11
10
10
10
10
11
9
8
5
5
5
4
3
3
0
0
-4
-3
-5
-5
-6
-6
-6
-7
-7
-6
-6
-6
-7
-7
-6
-6
-6
-5
-6
-7
-7
-7
-7
-8
-9
-8
-9
-9
-10
-10
-10
-9
-9
-8
-8
-8
-7
-7
-5
-5
-4
-3
-1
-1
1
3
3
5
8
9
10
10
12
12
14
14
13
13
12
13
11
12
10
11
11
10
10
10
9
8
7
9
10
9
9
10
11
11
10
10
10
10
9
7
6
6
7
7
6
6
5
5
6
5
4
3
1
1
-2
-3
-4
-6
-7
-8
-8
-8
-11
-11
-11
-12
-12
-12
-13
-12
-12
-11
-9
-9
-8
-7
-7
-7
-7
-8
-10
-13
-12
-12
-13
-14
-14
-15
-15
-14
-14
-14
-14
-13
-13
-11
-9
-8
-6
-4
-5
-5
-3
-3
-2
-1
1
2
4
4
4
5
6
7
9
11
11
12
11
10
9
8
6
5
5
5
4
4
4
5
6
6
8
9
11
11
14
16
19
20
20
20
19
20
19
16
13
10
7
5
2
0
-3
-6
-9
-11
-12
-12
-12
-12
-13
-14
-13
-12
-12
-13
-13
-12
-12
-15
-15
-17
-15
-14
-12
-11
-12
-10
-8
-6
-5
-4
-4
-2
-2
-2
-1
1
2
3
2
4
6
8
10
12
15
16
19
21
24
25
27
29
30
30
29
29
27
27
24
21
18
15
12
10
7
4
0
-2
-3
-5
-7
-9
-9
-9
-10
-10
-11
-12
-13
-15
-17
-18
-19
-21
-21
-22
-24
-25
-27
-28
-30
-31
-31
-30
-29
-27
-25
-23
-19
-19
-16
-13
-11
-7
-4
0
2
4
6
8
9
11
12
12
12
11
11
11
10
9
8
8
8
7
5
6
6
5
5
7
6
8
10
11
12
13
14
14
14
13
14
13
12
10
9
7
5
2
1
0
-2
-3
-4
-3
-4
-6
-7
-6
-4
-3
0
1
3
4
5
5
6
6
6
5
6
5
6
6
3
1
-1
-3
-4
-8
-9
-10
-10
-11
-13
-13
-12
-12
-14
-12
-12
-10
-8
-7
-7
-5
-3
-2
-2
-2
-3
-4
-4
-5
-3
-2
-3
-4
-4
-2
-1
-1
0
2
3
5
6
7
10
12
12
13
14
14
15
17
18
18
17
18
17
14
12
11
10
11
12
12
10
9
7
5
3
2
0
-2
-2
-5
-6
-8
-8
-8
-10
-10
-9
-9
-10
-12
-12
-11
-11
-13
-15
-17
-21
-22
-23
-23
-22
-21
-22
-23
-21
-16
-15
-11
-8
-5
-3
0
0
0
4
7
7
7
5
6
6
5
4
6
9
9
6
4
5
7
6
7
9
13
13
11
11
13
17
15
12
8
9
12
10
7
6
10
10
6
4
5
8
8
5
1
4
7
5
2
1
4
6
2
0
0
5
4
1
0
5
9
7
0
-2
4
7
5
-3
-5
-2
-2
-8
-14
-11
-8
-10
-17
-20
-15
-10
-13
-17
-16
-11
-9
-13
-18
-15
-8
-8
-13
-14
-10
-8
-13
-20
-19
-9
-6
-12
-18
-15
-8
-6
-11
-11
-3
5
3
-4
-3
7
13
7
-1
5
17
18
5
1
12
26
24
11
11
23
35
27
17
24
39
42
27
13
20
33
30
14
4
14
25
16
1
-1
12
21
7
-7
-4
8
8
-9
-17
-7
3
-2
-21
-25
-12
-6
-18
-29
-26
-11
-14
-33
-40
-30
-19
-25
-39
-38
-26
-20
-28
-36
-31
-19
-19
-28
-33
-22
-10
-10
-12
-11
-3
6
6
1
6
14
19
16
12
17
26
29
25
23
24
27
30
22
17
24
29
25
22
25
22
21
23
19
16
20
16
7
7
13
14
5
3
6
1
-5
-5
-10
-4
2
-6
-16
-11
1
-6
-23
-22
-14
-6
-10
-29
-28
-9
-2
-8
-22
-13
6
-2
-12
-18
-15
-3
-6
-14
-17
-18
-5
-5
-19
-16
-8
-9
-15
-17
-14
-17
-8
2
-12
-3
22
9
-3
13
22
15
13
14
15
15
11
3
0
5
14
11
2
3
10
5
-4
4
8
1
13
25
9
10
33
32
24
34
31
26
40
35
6
11
37
18
-7
7
13
-2
-5
-11
-12
-8
-7
-24
-35
-23
-7
-18
-40
-18
-3
-25
-23
-13
-27
-14
-6
-29
-20
0
-19
-23
-7
-25
-36
-3
-19
-50
-14
-14
-46
-14
3
-23
-12
8
-4
0
13
4
19
29
8
12
22
9
20
30
16
19
16
0
5
15
11
-4
-8
15
13
-3
0
9
20
8
-13
-2
2
0
8
-16
-16
16
9
-18
-9
15
-4
-38
-6
13
-26
-26
-16
-9
5
-25
-15
15
-3
16
-2
-33
28
45
-3
-9
38
52
3
13
36
1
26
17
-19
42
19
-17
23
-1
9
17
-21
7
15
1
-2
-2
30
2
-5
24
-18
17
44
-31
-2
19
-32
-5
-3
-26
-28
-22
-7
-32
-34
-5
-22
1
4
-21
12
-1
-16
10
-29
-19
21
-13
-1
18
15
18
-9
28
30
-6
40
6
-15
35
-14
11
26
-22
54
14
-51
39
-5
-46
21
8
-6
-2
17
8
-43
14
15
-52
7
7
-34
-1
-24
-39
-8
-21
-43
1
6
-56
-7
2
-65
-13
-13
-32
15
-8
7
-1
-29
32
-17
-37
25
-19
-16
-23
-48
26
-11
-43
21
-10
18
25
-58
42
56
-48
38
14
-33
86
29
-27
29
68
37
-85
45
107
-92
28
62
-100
48
58
-67
16
67
19
-13
19
24
-24
28
7
-4
76
-25
-41
60
1
-14
3
3
51
20
-17
-6
15
17
-26
-2
27
-4
-2
-17
-12
-4
-20
-22
-22
19
7
-31
7
-5
4
-2
-20
37
22
-12
-26
-32
39
-1
-33
54
6
-6
30
-20
-10
-27
8
29
-56
56
13
-82
73
19
-9
17
-35
65
17
4
3
-106
53
-12
-110
18
-64
10
43
-100
-37
-40
-53
-21
-42
-27
-5
34
-16
-47
18
45
30
-14
56
44
-33
54
25
16
29
13
53
-57
-16
72
-67
-17
45
-7
11
-4
36
20
0
77
-17
4
133
-3
7
46
-19
26
-25
30
53
-21
71
-10
-70
7
-68
-56
-31
-18
23
-52
-23
-23
-48
5
-75
-45
23
-35
-20
-42
-30
-9
-48
-11
-54
-1
24
-42
76
-23
-89
52
-36
-37
19
-33
-3
12
7
-40
-16
58
-12
14
11
-58
40
33
-37
-9
33
35
-12
32
-9
-36
128
-12
-58
113
-8
4
42
-27
22
21
36
-9
-19
118
12
-69
75
24
-42
33
-7
40
60
-32
31
19
-18
29
0
2
43
68
32
-30
40
67
-13
37
56
-27
56
12
-107
56
46
-81
11
76
-12
-49
38
-8
-73
-6
-14
-39
40
37
-51
-39
53
8
-100
-32
39
81
-6
-111
-1
-19
-53
-4
-101
-3
45
-12
11
-166
-38
43
-140
-6
44
-33
-18
-41
-43
-83
-20
40
-4
97
59
-69
25
38
-99
-6
93
-54
22
110
-68
-46
37
-57
-74
44
76
-59
-17
70
-65
-46
3
-36
-2
63
75
0
34
17
-33
29
-32
44
59
-9
75
-4
-22
-61
-67
25
-92
-7
41
-64
51
-1
-13
26
-76
43
56
-43
7
0
23
1
-28
47
-24
48
118
-21
-9
31
0
-52
-10
-5
-39
31
-25
-33
39
59
34
-62
93
109
-32
63
24
42
132
76
6
2
87
35
25
83
-54
-29
75
-46
-89
55
41
-63
49
38
-153
18
116
-119
-17
118
-17
-23
-16
-8
16
12
30
-65
-11
-5
-185
-80
-10
-90
-59
-124
-80
60
-87
-102
-23
-52
79
-33
-131
-37
-34
146
-66
-150
217
-15
-50
103
-71
25
19
16
45
-59
140
-19
-122
187
-33
-126
112
-14
-10
121
23
-53
20
100
4
3
109
59
60
121
61
-65
-43
63
-37
-16
22
-12
27
-71
40
-15
-247
62
76
-153
-30
37
16
-114
-21
7
-125
25
45
-81
-55
18
-12
-122
-23
-4
-108
4
-38
-38
39
-19
2
14
29
19
-72
36
82
-22
46
60
41
37
-8
-19
-45
61
114
-15
-13
156
65
-124
96
120
-126
147
214
-108
-1
248
-12
-194
171
125
-139
53
169
-81
26
215
-92
-73
140
34
23
-33
-12
32
-48
-96
-178
-8
51
-73
-2
-151
-164
113
-21
-211
51
146
47
5
-104
-75
-1
163
80
-140
107
148
-145
-176
-135
-92
-31
-28
-67
-45
-44
51
-123
-218
150
-3
7
111
-67
66
-24
-29
-18
-42
178
-26
23
127
-87
-46
-41
-35
-31
121
139
-82
58
57
-118
-68
9
87
78
62
50
-83
-84
-97
-106
-64
42
137
38
4
-29
-45
-18
-70
6
61
118
246
-69
-65
91
-73
-5
-31
59
130
50
129
-121
-115
119
-24
25
50
117
131
-10
107
-49
-73
107
-75
-46
72
7
-52
-68
97
-36
-144
75
-107
-82
170
-22
-39
49
77
39
-175
29
37
-121
91
-37
-131
33
-58
-115
-186
-120
59
-116
-101
15
-66
-42
-18
-59
-138
49
81
-74
34
70
77
93
-29
12
41
25
42
1
121
66
101
95
-121
72
107
-137
16
194
-52
-9
220
-50
-134
222
44
-195
56
169
1
-70
237
70
-185
114
51
-209
28
131
-31
-68
126
18
-344
-63
-28
-233
9
94
-55
-100
-9
-83
-237
-60
6
-72
53
57
-10
-122
-100
3
-130
-45
130
67
20
39
4
-115
-72
63
-43
-34
108
132
75
-134
70
134
-103
128
66
9
190
95
105
10
86
226
-103
73
241
14
79
13
0
87
-99
35
59
-183
38
150
-93
-136
92
86
-173
-17
82
-163
-69
169
-2
-163
106
11
-210
24
0
-156
-30
-14
-63
-114
-157
-76
-102
-116
-7
-134
-50
19
-183
-26
-82
-112
146
-33
-51
40
43
35
-175
77
123
-124
264
121
-224
160
206
-97
-152
269
249
-204
245
125
-344
226
126
-83
96
33
212
-45
-40
81
-106
276
94
-37
173
-76
28
3
-64
61
-38
125
99
-145
-111
61
78
-177
52
156
-175
21
49
-92
-108
-16
183
-191
-150
146
-123
-9
1
-123
-30
-110
85
-51
-272
171
68
-196
-16
13
57
-129
-50
163
-163
-61
59
-107
-34
2
11
-66
-74
101
-97
-73
119
-26
-82
5
15
-33
25
76
13
6
74
59
14
77
149
-3
31
165
-17
-57
95
68
67
99
-50
32
15
-161
77
61
-64
-32
10
32
-191
-36
109
-237
141
146
-141
76
-86
120
78
-258
180
132
-86
78
-15
1
-177
18
102
-431
146
341
-343
-38
115
-169
-130
37
95
-153
94
195
-179
16
27
-61
170
39
28
139
23
-3
37
60
-11
19
146
48
-146
-36
91
-133
-16
164
-71
-17
135
9
-191
-145
139
-57
-123
145
-83
-93
198
-53
-221
93
151
-34
59
95
-106
-42
65
-119
-168
117
44
-163
96
26
-296
33
98
-207
18
147
-41
-76
-23
-4
-104
-80
135
37
-94
123
-18
-66
188
-156
-115
138
15
9
-63
172
159
-192
95
-7
-127
166
45
150
177
60
146
-125
-159
71
30
79
-85
60
287
-210
-151
115
-102
56
27
38
74
-169
154
-60
-376
61
22
-107
-116
62
275
-213
-113
178
-250
-202
212
97
-172
105
238
-295
-245
143
-66
-127
263
237
-159
99
116
-322
-12
133
-84
100
103
42
-26
-73
-57
-109
53
45
21
143
-24
-69
79
-76
-130
79
95
69
45
-94
-29
-77
-127
100
25
35
132
39
25
-175
-102
60
-13
210
78
9
156
-67
-166
-104
73
118
68
185
9
-67
-13
-251
-83
-22
-45
187
58
-61
-38
-157
-73
18
-68
-14
153
213
-2
-27
86
-159
-128
184
-55
-26
311
-10
-227
32
-92
-362
-31
170
-22
67
193
-99
-201
45
-147
-183
146
125
15
48
33
-70
-124
-45
23
37
57
91
75
-47
-68
-30
-132
-87
124
17
-20
164
-6
2
-51
-165
113
-10
-45
135
73
150
-31
1
100
-146
134
81
-120
219
138
-49
-24
55
2
-201
61
38
-101
167
-28
-124
33
-53
-84
-82
109
159
-25
123
31
-113
-31
-30
24
-72
23
122
-117
-17
54
-206
-112
62
-28
-50
138
44
-85
99
-34
-196
18
99
-30
51
128
-82
-103
128
-106
-221
204
-2
-178
93
-94
-160
-10
21
4
-102
75
13
-201
-16
-82
27
77
-76
116
-36
-53
24
-144
20
8
63
146
-52
75
59
-9
13
-83
137
74
56
273
-23
-20
110
-27
40
45
140
183
108
213
-45
-116
146
-54
-108
77
133
136
-26
-48
-98
-139
1
-117
-72
78
25
63
-90
-90
-26
-94
28
-45
-10
105
82
109
-125
-132
-37
-165
-16
0
21
14
-77
13
-270
-253
56
-25
68
31
43
71
-195
-69
-125
-124
154
30
63
1
-78
29
-222
-182
-4
22
107
64
70
-39
-130
-39
-159
-45
174
170
221
178
13
-154
-36
70
-6
241
324
167
110
-33
-126
-230
-57
149
80
243
140
-31
-32
-295
-139
8
-42
199
98
43
19
-141
-116
-256
-67
179
12
124
148
-30
-92
-189
-144
-129
-2
180
11
-3
50
-117
-181
-124
-34
46
154
179
11
-44
-18
-139
-94
80
61
44
142
75
-72
-65
2
24
8
64
76
84
79
-25
-41
-4
19
94
80
21
26
15
23
-36
-79
10
28
23
42
-41
-74
-60
-108
-99
-59
-10
18
-54
-69
-79
-115
-62
7
30
62
68
63
29
23
59
63
131
181
156
151
108
20
-4
-11
7
37
83
112
47
22
29
-6
-4
24
97
153
135
110
39
-9
-20
-47
-7
44
20
35
-16
-147
-137
-123
-241
-226
-114
-176
-211
-112
-226
-411
-327
-260
-328
-223
-28
-91
-221
-190
-303
-466
-365
-235
-166
-86
-50
-72
-218
-322
-260
-257
-158
72
206
250
168
156
105
-74
68
215
261
488
533
477
375
246
266
209
302
559
649
712
633
501
420
267
288
349
414
542
509
450
313
132
79
41
101
167
197
239
116
-15
-98
-213
-203
-170
-132
-125
-195
-218
-305
-407
-471
-536
-499
-524
-516
-489
-606
-600
-614
-736
-765
-762
-746
-779
-751
-715
-838
-798
-749
-796
-672
-555
-499
-437
-399
-296
-117
182
452
602
737
675
560
551
606
835
1096
1229
1223
1034
725
444
352
408
545
740
794
714
540
247
65
82
222
435
662
830
846
737
584
454
401
450
553
635
679
603
408
102
-275
-493
-586
-621
-523
-469
-526
-668
-906
-1167
-1372
-1352
-1173
-1014
-840
-750
-772
-892
-1090
-1147
-1127
-1082
-887
-738
-621
-541
-591
-679
-852
-904
-870
-838
-387
191
596
888
852
680
356
137
447
911
1507
1952
1785
1278
589
26
-219
-134
463
965
1010
820
282
-326
-642
-577
-104
532
1133
1482
1371
1010
632
420
516
840
1326
1727
1689
1285
670
-51
-574
-744
-590
-286
-118
-155
-502
-1081
-1567
-1812
-1664
-1214
-724
-319
-284
-600
-969
-1292
-1327
-1009
-543
-119
22
-152
-530
-958
-1214
-1212
-986
-700
-517
-484
-632
-884
-908
-563
-92
421
883
1051
869
626
622
807
1116
1483
1597
1332
891
472
163
100
324
595
607
416
165
-165
-403
-310
48
468
832
1049
1030
809
630
639
830
1146
1434
1527
1299
832
336
-93
-358
-361
-237
-197
-341
-621
-996
-1392
-1566
-1450
-1145
-770
-485
-422
-628
-935
-1135
-1145
-919
-492
-61
35
-239
-665
-1098
-1323
-1241
-914
-565
-413
-520
-888
-1334
-1507
-1136
-384
402
1059
1409
1218
638
292
425
875
1501
1978
1969
1440
715
73
-373
-285
218
552
576
386
-24
-538
-828
-651
-185
397
985
1305
1296
1084
864
797
970
1388
1783
1909
1715
1193
481
-141
-486
-517
-400
-292
-398
-778
-1247
-1674
-1858
-1738
-1309
-780
-485
-444
-688
-1036
-1200
-1121
-725
-197
186
220
-218
-757
-1128
-1284
-1093
-759
-498
-441
-712
-1126
-1508
-1626
-1153
-319
587
1297
1572
1455
981
594
697
1177
1873
2394
2374
1844
959
138
-351
-371
106
536
630
421
-102
-719
-1103
-977
-402
285
964
1397
1356
1047
783
759
1005
1502
1983
2079
1746
1107
338
-322
-639
-684
-665
-677
-850
-1253
-1779
-2139
-2207
-2052
-1620
-1133
-808
-711
-888
-1118
-1282
-1193
-772
-293
103
182
-156
-651
-1126
-1293
-1077
-753
-417
-374
-705
-1150
-1589
-1712
-1366
-513
648
1360
1627
1588
1131
815
864
1389
2174
2720
2882
2249
1245
498
-96
-158
283
767
953
639
163
-455
-948
-837
-336
356
1038
1404
1428
1139
825
794
1032
1552
2077
2230
1919
1219
404
-290
-683
-676
-574
-695
-978
-1412
-2018
-2486
-2498
-2168
-1739
-1271
-918
-896
-1121
-1290
-1377
-1250
-804
-308
13
-7
-239
-642
-1152
-1306
-1154
-843
-540
-526
-703
-1217
-1634
-1724
-1730
-1132
-46
973
1434
1416
1442
1184
952
1308
1944
2645
3032
2755
1830
811
316
43
-4
473
908
761
256
-242
-674
-875
-539
120
730
1224
1462
1348
1102
1058
1260
1639
2108
2435
2340
1806
1112
456
-105
-440
-516
-675
-1053
-1541
-2032
-2509
-2752
-2511
-2143
-1828
-1504
-1292
-1246
-1286
-1226
-1063
-882
-550
-270
-161
-144
-256
-456
-755
-925
-924
-929
-831
-806
-977
-1318
-1698
-1897
-2031
-1678
-653
408
1074
1330
1323
1083
833
1138
1902
2702
3317
3152
2132
1039
363
99
258
846
1368
1165
485
-239
-865
-1023
-538
236
947
1355
1319
998
673
733
1163
1792
2496
2797
2544
1920
1108
487
113
-15
39
-176
-686
-1467
-2256
-2692
-2812
-2479
-1945
-1560
-1409
-1528
-1717
-1794
-1648
-1192
-689
-327
-175
-285
-581
-860
-895
-752
-569
-467
-455
-667
-1095
-1415
-1620
-1749
-1670
-1557
-1329
-854
-202
360
587
939
1247
1164
1380
2002
2587
2931
2724
2147
1237
522
415
371
780
1273
1007
351
-391
-808
-855
-525
438
1168
1438
1400
947
685
742
1217
1993
2570
2890
2646
1891
1134
505
208
145
128
41
-542
-1434
-2166
-2662
-2778
-2455
-1886
-1388
-1269
-1355
-1466
-1587
-1369
-899
-472
-88
2
-186
-500
-845
-862
-661
-462
-376
-625
-968
-1367
-1682
-1601
-1514
-1426
-1298
-1548
-1749
-1437
-648
234
841
1571
1836
1307
1192
1450
1950
2597
2746
2402
1430
584
123
-362
64
804
812
419
-181
-605
-924
-790
147
921
1428
1692
1421
1105
1009
1319
1935
2478
2951
2846
2144
1442
686
138
-66
-131
-188
-707
-1470
-2094
-2651
-2803
-2561
-2087
-1523
-1310
-1241
-1232
-1354
-1215
-847
-356
75
129
-18
-362
-764
-790
-606
-369
-171
-337
-799
-1455
-1880
-1824
-1774
-1537
-1303
-1520
-1637
-1472
-950
-151
734
1741
1973
1747
1884
1874
2088
2439
2512
2309
1645
1065
471
58
369
413
194
78
-231
-452
-553
-322
205
605
998
1048
931
1204
1314
1563
2119
2417
2508
2253
1866
1382
838
601
185
-300
-588
-1227
-1911
-2351
-2624
-2703
-2626
-2240
-1927
-1806
-1542
-1372
-1293
-1043
-692
-298
-58
-51
-158
-441
-634
-515
-342
-82
-28
-369
-860
-1446
-1651
-1513
-1362
-1114
-1158
-1450
-1850
-2009
-1281
-150
1000
1956
2347
2107
1478
1280
1730
2494
3253
3341
2551
1398
390
-373
-514
293
1068
1034
504
-196
-868
-1161
-698
272
1157
1675
1568
1098
890
901
1208
1864
2418
2564
2202
1541
776
83
-304
-612
-815
-921
-1471
-2179
-2629
-2921
-3000
-2718
-2066
-1528
-1291
-1063
-1069
-1233
-1052
-616
-174
167
297
136
-260
-549
-564
-408
-114
13
-295
-737
-1179
-1571
-1607
-1426
-1208
-1045
-1181
-1437
-1362
-577
551
1271
1959
2371
2010
1712
1810
2300
2948
3192
2831
1712
687
193
-350
-145
655
825
329
-471
-1008
-1250
-1125
-258
627
1160
1285
806
537
667
1002
1632
2205
2515
2239
1523
875
272
-43
-208
-542
-811
-1311
-2077
-2675
-2950
-2888
-2664
-2170
-1640
-1458
-1351
-1207
-1093
-906
-524
15
397
484
345
33
-243
-370
-206
182
379
219
-314
-994
-1527
-1675
-1305
-848
-620
-679
-1158
-1647
-1627
-891
330
1480
2371
2628
2009
1359
1266
1779
2649
3160
2996
2079
819
-141
-782
-569
432
927
607
-162
-914
-1355
-1402
-684
381
1106
1334
926
489
490
644
1115
1765
2109
1950
1372
792
204
-259
-425
-712
-999
-1247
-1771
-2222
-2389
-2410
-2363
-2135
-1674
-1388
-1186
-820
-607
-473
-199
116
401
568
606
491
277
163
143
235
344
208
-173
-644
-1009
-1205
-1159
-832
-647
-800
-1154
-1493
-1560
-1075
80
1142
1700
2072
1890
1274
1135
1717
2464
2859
2841
2043
732
-64
-438
-509
149
764
423
-483
-1179
-1549
-1617
-939
63
645
852
564
52
10
414
979
1513
1874
1804
1206
685
363
64
-69
-276
-606
-947
-1371
-1741
-1954
-2013
-2016
-2014
-1779
-1411
-1107
-704
-380
-256
-151
-33
182
450
700
859
732
496
304
177
222
277
232
-18
-501
-885
-1068
-1091
-969
-922
-1088
-1456
-1801
-1850
-1269
45
1153
1500
1642
1567
1031
808
1507
2477
2880
2718
1942
683
-78
-332
-447
67
706
413
-542
-1185
-1366
-1476
-1117
-304
191
352
256
35
123
408
652
916
1220
1394
1261
1113
976
651
294
-154
-556
-682
-776
-930
-1063
-1215
-1525
-1832
-1697
-1265
-795
-266
51
59
-40
-79
82
425
849
1120
1020
708
379
157
188
327
430
336
-152
-682
-1012
-1268
-1266
-1142
-1224
-1452
-1722
-1754
-1410
-608
342
730
1010
1362
1012
631
991
1680
2180
2182
1740
863
81
-218
-632
-557
293
471
-206
-853
-1207
-1491
-1508
-854
-156
262
552
318
-59
-5
178
401
854
1462
1687
1380
1089
754
245
-58
-87
71
178
-23
-377
-812
-1213
-1380
-1301
-881
-345
-31
91
26
-111
-149
-49
281
657
854
860
586
231
89
69
205
364
301
-28
-600
-1044
-1297
-1447
-1304
-1148
-1255
-1539
-1856
-1935
-1637
-868
72
648
975
1004
468
-21
336
1246
1940
2224
2005
1119
98
-488
-724
-360
623
1130
608
-253
-942
-1450
-1488
-839
32
640
780
310
-253
-320
-117
184
790
1477
1730
1525
1210
891
567
399
444
618
753
582
111
-310
-587
-813
-875
-594
-156
4
-97
-194
-308
-457
-451
-211
140
391
437
335
178
55
-64
-110
23
107
-112
-579
-1015
-1275
-1439
-1479
-1328
-1258
-1449
-1800
-2075
-1976
-1424
-593
103
539
760
459
30
256
942
1549
1852
1788
1347
691
123
-267
-176
465
770
442
43
-318
-770
-1118
-1029
-556
-50
238
213
117
109
64
118
500
1111
1646
1913
1947
1812
1510
1100
884
1011
1159
1099
920
643
188
-331
-696
-841
-774
-628
-549
-492
-494
-656
-836
-813
-544
-180
112
255
175
-20
-252
-429
-320
-112
-131
-354
-690
-1082
-1433
-1579
-1551
-1581
-1688
-1878
-2165
-2385
-2308
-1801
-1080
-421
100
363
249
66
241
703
1311
1935
2115
1752
1211
651
67
-43
575
1085
998
613
27
-645
-1035
-983
-564
55
518
460
168
102
153
306
786
1513
2123
2377
2395
2348
2228
2037
1872
1828
1779
1541
1151
706
290
-141
-645
-1023
-1161
-1215
-1256
-1200
-1080
-1058
-1086
-1055
-987
-860
-664
-485
-370
-283
-264
-349
-449
-531
-650
-818
-986
-1133
-1319
-1508
-1672
-1901
-2136
-2287
-2343
-2289
-2087
-1676
-1198
-760
-333
-23
129
221
438
840
1263
1574
1657
1500
1255
987
729
664
876
1070
983
749
543
387
290
218
171
250
410
524
681
1002
1294
1381
1439
1599
1846
2179
2510
2658
2557
2237
1727
1217
931
773
575
364
95
-354
-892
-1295
-1510
-1571
-1467
-1303
-1210
-1158
-1158
-1244
-1294
-1182
-959
-745
-601
-550
-637
-829
-1004
-1140
-1232
-1270
-1339
-1471
-1622
-1761
-1897
-2014
-2029
-1971
-1925
-1780
-1535
-1302
-1047
-749
-438
-155
148
463
657
765
848
926
1088
1270
1334
1293
1226
1134
984
898
976
1117
1193
1152
1038
960
897
834
888
1104
1376
1577
1716
1826
1868
1851
1802
1755
1741
1688
1513
1249
972
696
395
151
41
-57
-258
-510
-718
-864
-966
-1005
-933
-804
-702
-681
-735
-766
-787
-840
-872
-865
-888
-1034
-1283
-1538
-1774
-1925
-1953
-1912
-1836
-1772
-1748
-1729
-1705
-1638
-1468
-1195
-927
-725
-530
-360
-242
-108
39
183
349
460
454
385
329
273
220
212
213
207
277
411
549
732
946
1119
1244
1384
1545
1696
1879
2101
2277
2378
2408
2324
2130
1880
1623
1381
1171
981
749
467
187
-108
-382
-542
-585
-585
-570
-537
-519
-510
-463
-354
-193
-15
122
197
202
136
45
-57
-192
-373
-596
-876
-1218
-1552
-1836
-2071
-2218
-2272
-2268
-2231
-2170
-2093
-1996
-1819
-1551
-1259
-953
-618
-320
-72
171
413
612
758
861
867
758
619
447
214
4
-183
-374
-503
-546
-511
-404
-240
-77
71
267
505
770
1103
1504
1886
2195
2423
2542
2536
2426
2261
2093
1946
1780
1541
1226
836
376
-115
-529
-796
-950
-1015
-1023
-989
-930
-862
-768
-619
-411
-151
133
414
652
788
826
791
681
514
309
84
-178
-507
-874
-1245
-1553
-1763
-1930
-2034
-2045
-2020
-1986
-1896
-1719
-1476
-1178
-830
-505
-224
37
252
439
637
795
868
863
783
613
413
245
86
-79
-218
-342
-447
-503
-522
-495
-401
-262
-115
56
278
525
766
988
1164
1287
1364
1404
1434
1477
1510
1470
1333
1119
843
535
257
29
-158
-306
-431
-559
-674
-745
-776
-776
-731
-633
-494
-298
-64
155
337
475
539
530
502
467
400
312
216
76
-120
-332
-534
-714
-841
-890
-860
-766
-660
-587
-531
-464
-380
-252
-81
100
261
373
411
382
323
248
154
79
10
-78
-153
-222
-314
-392
-415
-391
-333
-257
-182
-130
-85
-23
28
70
115
140
127
75
12
-42
-67
-54
-63
-114
-191
-286
-388
-461
-469
-413
-293
-139
-35
14
60
90
99
141
222
302
359
396
386
334
279
193
93
38
20
5
15
47
45
16
13
34
86
203
356
493
613
718
785
829
871
902
922
934
919
876
809
697
544
383
230
93
-20
-123
-218
-318
-415
-480
-497
-492
-495
-470
-409
-365
-321
-251
-168
-103
-96
-121
-161
-217
-282
-375
-480
-588
-747
-955
-1166
-1331
-1452
-1545
-1534
-1425
-1293
-1163
-1039
-927
-792
-612
-390
-151
128
422
616
714
777
760
656
548
490
448
411
385
280
84
-118
-318
-461
-452
-313
-134
73
318
516
654
815
993
1163
1356
1571
1751
1862
1887
1796
1618
1426
1245
1079
966
879
768
625
463
285
122
9
-60
-113
-133
-131
-153
-198
-256
-338
-421
-471
-479
-470
-453
-449
-492
-575
-702
-869
-1044
-1187
-1302
-1398
-1461
-1510
-1578
-1671
-1779
-1858
-1870
-1833
-1752
-1568
-1269
-966
-706
-495
-370
-309
-230
-95
97
361
613
692
610
464
268
92
44
116
205
282
307
214
87
32
39
139
378
680
954
1203
1402
1498
1546
1639
1761
1900
2069
2202
2229
2157
2012
1795
1563
1396
1273
1157
1066
977
818
592
366
142
-54
-169
-220
-255
-278
-310
-413
-559
-680
-782
-869
-908
-939
-1014
-1107
-1212
-1367
-1528
-1632
-1726
-1831
-1885
-1920
-1972
-1975
-1949
-1978
-1991
-1903
-1802
-1690
-1446
-1118
-821
-554
-389
-375
-354
-226
-69
136
435
629
581
439
284
131
109
249
411
543
621
534
356
276
291
374
618
963
1233
1403
1513
1559
1606
1726
1894
2127
2404
2564
2550
2437
2244
1979
1734
1572
1455
1357
1214
951
625
295
-38
-291
-379
-354
-327
-329
-371
-502
-662
-780
-873
-932
-964
-1029
-1150
-1275
-1363
-1462
-1571
-1651
-1755
-1905
-2021
-2049
-2028
-1976
-1882
-1847
-1923
-2011
-2028
-1967
-1785
-1428
-1030
-713
-446
-326
-382
-382
-172
133
452
809
1020
916
678
420
200
219
493
774
923
965
802
445
209
201
328
655
1107
1428
1570
1619
1555
1454
1546
1807
2096
2434
2694
2670
2407
2046
1659
1359
1235
1202
1143
1029
780
378
-22
-320
-493
-518
-421
-305
-259
-306
-462
-687
-878
-1003
-1066
-1052
-1038
-1112
-1235
-1339
-1467
-1620
-1725
-1816
-1881
-1861
-1824
-1821
-1797
-1775
-1848
-1979
-2043
-2002
-1826
-1452
-978
-553
-227
-59
-99
-220
-173
140
555
920
1126
1007
637
252
-59
-145
164
629
846
812
656
321
16
35
271
648
1159
1502
1570
1593
1571
1444
1482
1750
1995
2202
2385
2302
1976
1598
1170
807
692
674
601
554
444
135
-213
-432
-542
-499
-303
-115
17
70
-39
-281
-499
-640
-720
-721
-691
-731
-856
-1039
-1271
-1515
-1702
-1803
-1847
-1841
-1791
-1790
-1851
-1864
-1867
-1939
-1923
-1728
-1423
-950
-378
43
311
489
407
172
256
604
864
1073
1091
706
216
-169
-489
-452
50
447
479
447
310
4
-51
225
589
1075
1560
1709
1662
1682
1613
1469
1548
1760
1841
1857
1817
1531
1071
650
278
16
-18
24
-28
-87
-149
-359
-601
-633
-493
-290
5
318
468
426
257
-4
-230
-298
-262
-263
-338
-491
-801
-1196
-1472
-1640
-1774
-1782
-1725
-1785
-1868
-1845
-1822
-1792
-1679
-1598
-1513
-1200
-732
-232
338
797
958
904
701
477
573
956
1229
1260
1015
434
-216
-664
-845
-586
44
466
438
236
-18
-248
-182
239
846
1501
1910
1885
1691
1559
1415
1324
1470
1728
1825
1675
1335
843
274
-235
-558
-669
-644
-598
-633
-723
-825
-966
-1085
-978
-602
-166
220
562
700
552
305
121
40
99
212
160
-123
-505
-940
-1369
-1577
-1584
-1599
-1638
-1655
-1713
-1805
-1758
-1530
-1338
-1228
-1073
-896
-627
-97
545
999
1286
1458
1214
732
713
1050
1287
1460
1345
670
-89
-586
-1009
-979
-180
460
388
195
-51
-459
-453
56
643
1340
1940
1877
1477
1361
1264
1090
1292
1667
1725
1536
1185
620
16
-479
-858
-996
-900
-854
-959
-1105
-1279
-1479
-1575
-1409
-942
-356
119
447
628
553
322
225
310
451
604
619
328
-151
-649
-1118
-1378
-1317
-1239
-1366
-1499
-1571
-1709
-1748
-1523
-1274
-1126
-943
-797
-665
-155
666
1221
1484
1706
1576
1023
750
1037
1471
1826
1793
1034
90
-489
-1029
-1330
-662
366
630
319
-91
-620
-852
-491
95
895
1846
2125
1624
1242
1133
899
902
1383
1797
1826
1539
940
190
-463
-980
-1233
-1083
-813
-806
-1009
-1255
-1577
-1884
-1878
-1401
-677
-46
354
503
372
60
-142
-54
217
505
641
453
-15
-581
-1096
-1347
-1222
-971
-929
-1109
-1338
-1569
-1680
-1515
-1172
-839
-638
-610
-650
-466
145
903
1407
1662
1720
1408
847
640
1037
1609
1886
1573
747
-65
-632
-1054
-953
-69
794
836
350
-180
-634
-730
-341
361
1252
1871
1742
1184
796
625
565
857
1457
1832
1710
1227
584
-84
-662
-922
-780
-499
-378
-547
-902
-1273
-1616
-1791
-1545
-917
-303
36
165
92
-215
-498
-479
-172
174
345
298
13
-458
-894
-1110
-1060
-864
-725
-783
-971
-1093
-1189
-1253
-1056
-765
-685
-709
-671
-571
-230
504
1157
1328
1324
1244
822
405
546
1125
1695
1861
1260
167
-584
-892
-1062
-559
651
1369
1087
354
-387
-901
-785
-90
773
1739
2234
1655
772
309
91
193
850
1682
1957
1567
826
-76
-736
-959
-866
-440
-3
-10
-453
-1010
-1388
-1592
-1487
-930
-305
42
73
-98
-327
-564
-576
-301
10
223
166
-144
-487
-799
-971
-950
-769
-551
-582
-807
-1014
-1140
-1055
-812
-546
-362
-374
-472
-618
-655
-182
624
1273
1562
1493
1203
681
185
284
925
1612
1733
1051
115
-639
-1087
-1106
-480
685
1358
1030
323
-342
-696
-481
217
1134
1889
2078
1473
622
253
138
247
852
1427
1441
979
299
-464
-1031
-1089
-891
-604
-268
-325
-723
-1044
-1295
-1441
-1263
-736
-217
41
169
74
-234
-433
-442
-273
-5
185
153
-165
-562
-880
-1083
-1007
-755
-576
-547
-670
-853
-973
-863
-545
-306
-134
16
-36
-240
-279
191
943
1405
1546
1450
1114
657
235
306
983
1612
1495
637
-222
-792
-1201
-1081
-299
665
1141
764
-16
-605
-777
-484
170
1047
1716
1710
1131
448
61
-5
215
776
1269
1243
813
176
-544
-1044
-1143
-967
-636
-319
-377
-757
-1038
-1249
-1422
-1173
-589
-97
239
392
270
1
-145
-87
80
347
522
359
52
-282
-638
-832
-832
-700
-583
-592
-623
-697
-699
-488
-335
-257
-154
-73
-28
-121
-29
459
973
1277
1218
1016
913
622
308
342
797
1312
1193
495
-320
-929
-1136
-1054
-541
303
754
510
-194
-853
-1094
-860
-173
652
1281
1505
1050
319
-94
-169
123
760
1361
1478
1031
307
-523
-1110
-1114
-835
-467
-114
-198
-697
-1208
-1508
-1528
-1196
-515
115
410
505
371
117
73
271
569
816
937
805
386
-14
-337
-600
-619
-553
-529
-530
-657
-856
-973
-901
-742
-601
-410
-286
-219
-202
-249
156
891
1307
1469
1429
1125
730
425
348
660
1303
1397
534
-391
-1049
-1540
-1424
-785
-69
473
412
-352
-1142
-1273
-873
-181
846
1662
1803
1416
685
104
94
463
1010
1530
1603
1043
154
-672
-1235
-1286
-901
-520
-229
-217
-710
-1287
-1566
-1536
-1105
-328
378
723
783
591
188
-12
158
445
740
891
658
106
-490
-935
-1173
-1134
-849
-609
-582
-724
-998
-1206
-1123
-835
-533
-223
81
139
-89
-112
307
865
1332
1536
1462
1283
983
544
315
621
1096
1098
596
-116
-783
-1135
-1122
-777
-129
478
543
23
-558
-789
-654
-124
694
1433
1770
1566
958
355
140
333
742
1211
1418
1041
275
-508
-1099
-1316
-1119
-692
-341
-303
-624
-1156
-1553
-1556
-1196
-569
88
502
553
278
-46
-212
-185
77
399
515
354
-13
-483
-932
-1134
-1057
-882
-631
-461
-630
-872
-911
-886
-772
-434
-40
165
234
216
184
468
945
1132
1127
1184
1055
703
473
451
588
805
808
418
-115
-468
-661
-639
-267
248
591
588
276
-137
-357
-163
358
924
1373
1533
1272
736
267
128
304
657
960
945
554
-44
-622
-1003
-1043
-753
-398
-210
-235
-537
-1018
-1301
-1212
-912
-476
26
270
144
-110
-348
-487
-347
-19
201
267
159
-224
-662
-892
-982
-959
-762
-490
-362
-476
-708
-837
-785
-605
-347
-62
118
172
140
34
125
615
1003
972
903
789
505
314
276
321
556
867
728
179
-122
-252
-430
-256
213
566
740
681
299
-124
-165
86
416
911
1310
1230
877
501
146
-32
155
546
762
723
441
-103
-620
-830
-780
-557
-194
69
-73
-509
-899
-1120
-1083
-725
-279
5
81
-95
-457
-713
-682
-494
-248
20
95
-120
-438
-706
-867
-841
-598
-264
-46
-80
-351
-600
-655
-573
-334
-16
207
246
51
-153
-105
199
635
928
923
720
457
270
145
207
581
894
948
759
292
-98
-181
-91
153
586
932
827
442
113
-172
-201
173
594
881
1033
862
394
7
-140
-123
129
509
640
454
118
-315
-705
-780
-557
-256
1
54
-228
-686
-1038
-1151
-992
-641
-298
-130
-196
-449
-753
-916
-826
-545
-221
-1
-5
-191
-448
-671
-710
-504
-171
111
207
58
-232
-448
-482
-361
-139
112
241
179
85
-24
-169
-104
140
371
573
728
768
631
466
391
388
621
954
1064
1000
784
427
143
66
169
353
524
577
403
109
-127
-220
-117
107
332
512
527
337
110
-36
-51
71
229
317
276
122
-88
-283
-381
-407
-431
-449
-490
-584
-699
-783
-813
-814
-772
-672
-577
-504
-456
-451
-453
-400
-305
-222
-165
-142
-172
-200
-176
-92
36
140
141
16
-177
-287
-270
-178
-57
41
68
-28
-183
-241
-158
72
397
624
743
805
746
612
520
583
725
797
851
860
688
411
173
-8
-83
-6
109
175
222
194
-1
-210
-260
-230
-148
85
321
368
280
110
-114
-243
-200
-39
125
217
189
-8
-285
-502
-645
-701
-618
-459
-377
-406
-486
-623
-788
-801
-643
-452
-253
-77
-41
-108
-172
-210
-198
-87
99
259
349
381
317
181
94
89
121
206
328
353
230
95
19
-26
17
164
260
270
279
236
175
202
289
342
350
356
310
201
146
122
84
93
113
65
-17
-85
-148
-200
-184
-104
-55
-40
-42
-113
-216
-280
-302
-293
-250
-205
-192
-229
-285
-338
-399
-418
-317
-198
-123
-45
-50
-147
-201
-167
-98
9
180
280
246
219
180
106
116
184
237
297
329
294
226
163
125
116
164
238
286
295
266
214
181
198
260
337
386
406
388
321
258
228
216
201
158
71
-62
-218
-361
-473
-511
-507
-521
-539
-577
-645
-715
-743
-683
-571
-461
-356
-296
-296
-314
-301
-239
-156
-57
21
40
30
-2
-59
-96
-125
-163
-178
-178
-181
-189
-186
-159
-124
-64
22
113
206
305
409
529
644
722
777
809
813
801
793
783
755
717
675
618
539
450
356
279
235
216
198
171
120
52
-9
-50
-52
-22
17
48
58
45
10
-32
-72
-111
-147
-184
-255
-353
-467
-604
-737
-837
-909
-957
-978
-997
-1016
-1038
-1042
-1012
-961
-883
-780
-681
-579
-481
-384
-286
-209
-128
-50
8
70
115
142
173
172
160
171
179
188
188
182
193
218
281
367
448
526
590
654
735
816
911
1012
1078
1106
1104
1068
1014
948
884
827
782
728
633
525
423
330
256
212
173
122
71
11
-54
-95
-116
-138
-161
-185
-228
-287
-345
-394
-439
-473
-501
-548
-619
-708
-807
-886
-929
-952
-965
-984
-1022
-1069
-1098
-1089
-1036
-953
-851
-755
-677
-614
-551
-471
-380
-280
-175
-82
-6
37
54
77
100
125
172
231
296
342
368
387
399
425
472
537
620
696
753
807
842
861
882
908
932
943
947
939
915
873
817
764
717
663
594
531
485
441
395
352
293
224
159
98
42
-5
-49
-100
-163
-228
-296
-370
-443
-521
-597
-649
-688
-723
-757
-792
-824
-865
-902
-928
-949
-955
-946
-937
-923
-903
-898
-891
-863
-808
-734
-652
-564
-492
-441
-391
-339
-281
-202
-123
-60
0
45
81
113
154
217
289
363
432
490
539
586
626
672
724
779
834
873
893
901
906
914
921
932
941
937
908
861
814
774
736
696
653
604
545
479
404
331
268
213
166
121
68
6
-60
-124
-185
-242
-290
-341
-397
-457
-525
-594
-665
-741
-803
-840
-861
-881
-905
-934
-974
-1015
-1044
-1039
-1007
-956
-907
-871
-852
-835
-803
-741
-652
-553
-461
-385
-331
-295
-264
-226
-172
-114
-55
6
59
109
155
205
260
318
386
470
552
632
709
777
836
870
895
922
953
984
1007
1021
1019
998
958
910
863
822
786
753
714
674
638
594
533
466
402
351
315
293
271
239
186
112
29
-47
-110
-158
-204
-262
-338
-421
-513
-609
-690
-750
-792
-827
-862
-898
-936
-975
-1002
-1009
-995
-969
-945
-915
-886
-856
-824
-785
-740
-699
-656
-603
-546
-488
-437
-398
-368
-340
-308
-269
-225
-170
-109
-45
19
83
144
216
295
373
458
555
646
718
772
810
829
840
849
858
874
891
891
874
846
809
771
738
713
695
681
666
640
605
571
535
505
487
475
456
421
378
324
265
204
140
75
5
-68
-146
-227
-314
-401
-478
-544
-603
-656
-709
-759
-805
-842
-858
-857
-851
-842
-841
-841
-845
-844
-828
-800
-765
-736
-723
-718
-719
-715
-693
-651
-599
-542
-492
-448
-409
-361
-295
-215
-123
-21
80
172
252
320
389
469
547
622
690
747
789
809
814
813
808
804
804
805
805
800
783
763
746
739
741
747
753
752
747
741
732
719
696
665
623
575
522
469
411
345
269
183
90
-5
-104
-194
-276
-349
-422
-498
-573
-651
-723
-780
-815
-835
-850
-861
-875
-893
-911
-926
-935
-937
-937
-939
-946
-959
-971
-984
-990
-984
-968
-943
-905
-853
-795
-732
-656
-579
-496
-407
-309
-206
-97
15
128
238
338
423
494
558
620
678
734
787
830
857
875
884
888
890
896
909
923
941
954
960
955
945
936
931
931
930
926
915
889
850
800
742
676
603
524
448
371
289
203
111
19
-75
-165
-244
-319
-390
-461
-530
-591
-649
-704
-753
-797
-841
-879
-910
-934
-953
-970
-985
-1003
-1022
-1036
-1045
-1045
-1035
-1018
-995
-973
-948
-917
-874
-812
-736
-649
-551
-456
-369
-286
-210
-128
-39
59
160
257
343
420
482
541
598
658
723
789
850
900
935
956
968
972
977
982
982
977
964
944
923
897
870
839
803
760
710
658
608
564
520
474
421
357
284
214
150
96
47
-2
-57
-123
-200
-281
-357
-424
-485
-540
-594
-655
-724
-791
-851
-898
-934
-959
-978
-993
-1005
-1011
-1008
-996
-978
-959
-932
-903
-873
-845
-808
-762
-711
-655
-591
-526
-458
-387
-310
-229
-143
-56
24
97
167
235
309
386
465
540
609
670
714
748
775
798
821
848
872
887
888
874
849
822
798
777
762
751
734
710
675
633
591
553
521
490
464
435
403
368
330
291
246
197
147
96
44
-6
-55
-109
-167
-234
-305
-378
-444
-501
-547
-587
-628
-671
-716
-758
-793
-819
-830
-831
-828
-822
-814
-806
-799
-788
-770
-746
-717
-686
-653
-615
-580
-545
-509
-467
-419
-364
-301
-235
-170
-106
-43
22
84
145
205
265
324
379
426
470
508
542
576
609
634
654
669
683
693
704
711
711
706
692
675
655
640
626
615
607
594
575
551
530
510
495
480
460
436
401
357
308
259
211
161
109
55
-7
-72
-136
-195
-252
-307
-365
-423
-481
-537
-587
-627
-660
-692
-721
-748
-771
-790
-801
-804
-803
-799
-792
-783
-769
-749
-723
-694
-659
-623
-585
-543
-499
-454
-411
-365
-318
-270
-217
-164
-106
-49
8
63
113
159
205
246
292
339
384
431
470
506
534
556
577
590
603
616
627
640
650
655
658
653
645
638
634
637
639
641
642
631
614
588
562
534
504
472
435
394
346
294
239
183
130
74
18
-37
-92
-148
-201
-250
-300
-354
-410
-465
-519
-562
-596
-624
-650
-675
-699
-723
-742
-751
-753
-744
-730
-715
-700
-684
-668
-647
-623
-596
-565
-534
-500
-471
-438
-404
-367
-332
-294
-252
-212
-163
-109
-49
12
69
121
166
208
249
291
331
367
399
431
458
481
503
527
550
574
600
627
658
690
722
747
762
764
758
748
736
725
713
698
673
636
594
545
499
455
414
374
334
287
235
180
123
65
8
-50
-112
-174
-233
-291
-349
-405
-462
-516
-564
-604
-635
-660
-680
-696
-711
-725
-736
-745
-748
-750
-751
-754
-756
-757
-756
-751
-741
-725
-707
-685
-663
-635
-603
-566
-519
-470
-420
-368
-316
-262
-208
-152
-97
-43
6
56
103
149
195
243
293
345
401
457
517
576
630
679
722
757
792
823
850
876
899
913
915
907
891
873
857
844
836
826
810
785
750
709
662
615
568
522
473
419
363
301
235
163
91
25
-39
-94
-149
-200
-256
-316
-381
-445
-506
-563
-616
-668
-718
-767
-817
-862
-902
-934
-956
-967
-972
-969
-959
-944
-923
-896
-867
-841
-813
-786
-759
-729
-694
-660
-624
-588
-551
-512
-468
-415
-356
-289
-215
-140
-65
13
92
175
261
347
429
507
577
642
700
756
808
856
900
937
966
988
1007
1020
1030
1035
1036
1030
1018
995
966
929
890
849
804
754
700
643
584
522
460
396
332
272
211
151
90
27
-36
-100
-165
-232
-301
-374
-447
-525
-601
-674
-742
-801
-849
-892
-932
-968
-1000
-1023
-1035
-1034
-1026
-1013
-997
-981
-967
-949
-929
-905
-875
-843
-809
-774
-735
-689
-640
-582
-523
-462
-396
-326
-248
-166
-82
2
79
152
223
293
363
436
508
577
643
703
757
804
852
895
937
974
1007
1032
1048
1058
1055
1048
1039
1024
1008
988
960
923
881
834
784
733
679
627
573
519
462
403
342
281
221
160
99
37
-27
-95
-166
-235
-304
-373
-438
-501
-564
-627
-686
-740
-786
-826
-863
-896
-929
-956
-979
-992
-1000
-1003
-1001
-997
-991
-981
-965
-943
-914
-877
-837
-789
-740
-688
-631
-568
-501
-432
-362
-294
-229
-167
-105
-42
21
84
148
210
268
324
378
432
488
544
601
656
707
750
790
825
857
882
902
916
921
926
928
925
917
909
897
875
846
815
782
751
716
676
633
588
535
480
418
355
289
228
172
114
55
-6
-70
-136
-201
-260
-313
-359
-404
-448
-495
-549
-606
-658
-705
-746
-781
-813
-848
-882
-907
-923
-929
-922
-907
-885
-863
-838
-808
-772
-729
-682
-635
-586
-536
-489
-441
-392
-347
-303
-258
-212
-167
-120
-74
-24
25
75
123
172
216
260
303
351
402
452
498
537
574
605
635
667
698
729
756
774
784
790
790
785
779
773
761
747
726
695
656
611
560
510
463
419
376
334
288
239
188
142
98
57
17
-23
-67
-115
-165
-216
-265
-313
-360
-406
-450
-494
-535
-570
-598
-623
-641
-656
-666
-670
-666
-655
-640
-622
-603
-586
-571
-556
-538
-521
-498
-476
-453
-428
-401
-374
-345
-315
-284
-251
-213
-173
-132
-90
-52
-15
22
62
96
130
159
184
208
234
264
297
331
365
397
426
452
475
500
523
540
552
555
550
539
527
515
504
497
493
482
464
439
413
388
367
347
329
314
294
271
242
211
177
142
106
69
30
-12
-52
-92
-134
-173
-214
-251
-286
-317
-342
-359
-369
-375
-378
-383
-384
-386
-383
-379
-374
-371
-373
-381
-390
-404
-414
-421
-424
-423
-420
-418
-419
-422
-423
-419
-407
-385
-357
-324
-289
-255
-222
-185
-143
-100
-58
-18
17
47
77
108
140
173
206
237
264
285
306
323
343
363
384
406
423
437
448
457
467
479
491
504
512
511
502
484
465
445
425
401
376
352
324
294
264
233
202
173
144
116
88
63
39
15
-10
-40
-73
-106
-139
-172
-202
-226
-251
-275
-297
-318
-338
-352
-364
-370
-373
-376
-379
-385
-393
-407
-419
-427
-431
-431
-428
-424
-422
-421
-419
-414
-403
-385
-361
-334
-307
-280
-253
-220
-186
-149
-108
-69
-32
4
36
64
94
123
151
181
210
236
257
278
298
317
338
360
382
400
416
428
435
439
442
441
435
427
415
402
390
377
363
347
329
313
296
280
267
253
238
222
202
178
153
124
97
71
45
16
-15
-49
-83
-118
-150
-181
-208
-234
-258
-282
-306
-326
-344
-358
-367
-376
-387
-396
-406
-414
-417
-419
-416
-412
-405
-397
-387
-374
-358
-341
-320
-301
-281
-263
-244
-228
-213
-196
-180
-161
-136
-106
-75
-45
-15
13
44
78
112
146
178
208
233
257
280
300
320
339
355
367
376
383
389
396
401
402
399
392
387
383
380
375
368
359
350
341
325
309
292
274
254
231
205
175
144
112
80
48
15
-17
-46
-76
-107
-135
-160
-182
-204
-227
-251
-275
-295
-314
-333
-348
-358
-364
-369
-374
-382
-388
-389
-387
-382
-374
-367
-359
-352
-347
-341
-332
-320
-306
-287
-266
-245
-223
-202
-179
-153
-124
-93
-60
-31
-3
21
43
67
92
115
137
157
174
189
205
219
237
252
266
279
291
305
320
336
352
366
375
380
382
380
374
367
357
342
324
305
280
256
230
206
185
165
145
123
102
81
61
40
22
4
-17
-35
-54
-76
-97
-116
-134
-150
-163
-176
-189
-201
-214
-226
-235
-243
-251
-258
-263
-265
-269
-271
-272
-273
-270
-266
-258
-250
-240
-230
-221
-208
-192
-178
-161
-145
-131
-119
-107
-91
-74
-57
-38
-22
-8
7
21
35
50
65
77
90
105
115
128
141
151
161
170
178
184
191
196
197
194
192
186
179
174
163
154
145
137
131
124
118
109
98
89
81
73
67
59
52
44
34
23
14
3
-3
-9
-14
-19
-23
-26
-32
-36
-40
-44
-47
-50
-55
-62
-71
-78
-83
-86
-87
-86
-86
-85
-85
-86
-83
-78
-72
-66
-62
-55
-52
-50
-48
-45
-41
-38
-36
-36
-36
-36
-35
-32
-25
-20
-16
-14
-13
-10
-7
-3
0
3
6
8
10
13
16
19
21
20
17
15
13
10
8
5
3
2
3
3
3
5
7
12
14
18
20
22
25
30
35
41
45
51
57
63
66
67
67
68
68
68
68
67
62
54
45
37
31
28
27
26
26
25
23
24
25
26
28
30
32
31
26
21
16
9
1
-9
-21
-33
-47
-58
-68
-79
-86
-93
-101
-108
-113
-115
-115
-111
-110
-109
-110
-110
-110
-110
-108
-106
-102
-99
-98
-97
-95
-91
-88
-82
-75
-67
-56
-46
-37
-30
-24
-17
-9
-1
7
14
22
30
41
52
64
76
89
99
111
120
128
135
142
146
147
148
146
143
143
140
134
131
129
128
125
122
118
115
111
111
110
110
107
101
93
84
74
62
51
40
29
16
3
-13
-29
-42
-54
-67
-78
-88
-96
-102
-106
-110
-113
-118
-122
-127
-131
-136
-139
-141
-144
-147
-149
-150
-151
-151
-154
-153
-149
-144
-138
-132
-125
-118
-110
-100
-93
-81
-68
-54
-40
-26
-10
4
17
33
48
61
73
85
95
105
109
112
115
119
121
121
120
120
118
118
118
117
117
117
117
115
113
110
111
111
108
105
100
93
88
82
75
70
63
54
44
32
21
11
3
-3
-10
-19
-32
-43
-54
-61
-69
-76
-84
-91
-98
-106
-114
-122
-126
-131
-134
-134
-136
-136
-134
-131
-129
-126
-120
-115
-108
-101
-97
-92
-83
-75
-68
-59
-48
-40
-30
-19
-9
2
14
25
34
42
48
55
61
67
73
76
82
84
87
89
93
98
102
107
110
111
111
110
111
113
114
117
115
110
104
97
90
85
80
76
68
61
50
41
32
26
20
18
15
13
7
-1
-8
-14
-19
-22
-27
-32
-38
-47
-53
-58
-65
-73
-79
-87
-95
-104
-111
-116
-119
-120
-120
-121
-122
-122
-119
-118
-114
-109
-104
-97
-91
-85
-81
-74
-65
-54
-43
-34
-28
-20
-14
-8
0
5
11
18
25
29
33
39
45
51
58
63
68
70
72
73
75
79
83
89
91
91
89
86
84
82
84
85
85
83
81
77
74
70
68
64
61
59
54
48
43
38
33
29
25
18
12
5
-2
-8
-14
-22
-29
-38
-47
-53
-58
-61
-63
-66
-68
-70
-73
-75
-75
-75
-76
-75
-74
-74
-73
-75
-78
-76
-76
-74
-71
-67
-64
-62
-59
-55
-51
-45
-40
-35
-30
-26
-21
-15
-9
-2
5
14
20
24
28
30
33
36
40
43
47
47
49
53
56
60
62
64
66
68
67
69
68
70
69
67
67
66
65
63
61
59
56
53
48
42
35
30
25
19
13
5
-2
-10
-15
-20
-23
-23
-25
-28
-29
-32
-32
-33
-34
-36
-37
-38
-39
-41
-43
-46
-49
-50
-49
-49
-48
-50
-50
-52
-51
-48
-46
-43
-40
-40
-37
-34
-30
-26
-22
-17
-12
-8
-6
-6
-4
-5
-4
-3
2
5
8
11
12
15
17
20
22
23
27
29
33
37
38
39
38
37
38
38
38
39
39
39
38
37
34
30
25
22
22
20
17
14
10
7
4
4
3
2
3
1
-1
-5
-9
-11
-14
-17
-20
-19
-20
-23
-24
-27
-30
-28
-26
-24
-21
-21
-20
-20
-19
-16
-14
-13
-10
-8
-5
-3
-2
1
4
5
6
7
6
4
3
4
5
7
9
10
9
9
9
8
7
7
5
4
4
4
5
4
4
3
3
2
3
3
4
3
2
1
-1
-3
-6
-10
-13
-14
-12
-13
-13
-15
-17
-20
-23
-23
-24
-25
-23
-22
-21
-19
-18
-16
-14
-11
-7
-4
-1
1
1
1
4
5
7
10
12
13
14
14
15
18
20
23
25
28
29
32
32
33
32
32
32
33
32
29
28
26
26
27
27
25
22
20
17
15
14
13
12
10
7
5
2
-1
-4
-6
-11
-14
-17
-21
-27
-31
-35
-39
-39
-41
-42
-44
-45
-44
-44
-43
-41
-41
-39
-40
-39
-37
-35
-33
-31
-28
-26
-25
-23
-23
-21
-18
-15
-14
-11
-11
-10
-10
-8
-3
2
7
11
16
19
24
29
34
39
45
49
51
53
54
56
58
59
60
59
56
52
48
44
41
37
35
33
28
25
21
18
19
18
18
17
15
12
8
5
2
-1
-2
-2
-6
-11
-17
-23
-27
-30
-32
-36
-39
-43
-48
-50
-51
-53
-53
-54
-54
-55
-57
-55
-53
-53
-51
-48
-45
-41
-38
-35
-32
-28
-24
-21
-18
-16
-14
-12
-8
-4
2
5
10
15
17
20
22
26
28
30
33
35
37
38
38
40
42
44
45
45
44
43
43
43
42
40
40
40
37
35
34
34
33
35
34
34
33
31
26
22
20
13
10
8
3
-4
-9
-15
-21
-24
-26
-29
-30
-33
-37
-40
-42
-41
-42
-42
-41
-41
-42
-43
-43
-42
-40
-40
-39
-39
-39
-40
-38
-37
-36
-35
-35
-33
-30
-29
-28
-26
-22
-18
-14
-11
-10
-7
-5
-2
2
6
9
13
16
18
20
23
27
31
33
35
36
37
38
37
37
39
43
43
44
45
45
47
47
49
51
51
52
52
50
49
48
46
43
39
37
32
26
22
18
13
9
5
2
-2
-7
-12
-16
-20
-24
-27
-31
-34
-39
-44
-47
-51
-54
-57
-59
-61
-64
-65
-66
-67
-66
-65
-64
-62
-60
-58
-54
-52
-49
-45
-42
-39
-35
-32
-29
-24
-21
-16
-13
-7
-3
0
3
7
11
17
22
26
28
29
33
37
43
49
54
59
62
67
71
76
80
82
85
86
87
87
87
84
80
76
71
66
61
55
47
41
33
29
24
19
14
7
0
-7
-11
-13
-15
-17
-20
-24
-30
-34
-38
-43
-46
-51
-55
-59
-63
-68
-71
-74
-75
-76
-77
-76
-76
-77
-76
-75
-71
-67
-62
-59
-55
-54
-52
-49
-45
-41
-37
-35
-34
-33
-31
-27
-23
-17
-11
-8
-4
-2
1
6
12
19
24
29
33
38
42
47
52
56
59
62
63
63
62
61
61
62
62
61
60
57
54
52
51
52
52
50
49
46
44
42
39
37
34
31
28
23
19
14
10
8
5
3
0
-5
-10
-14
-17
-18
-19
-18
-19
-20
-22
-25
-26
-27
-29
-29
-31
-32
-35
-38
-41
-43
-45
-47
-49
-51
-54
-56
-58
-59
-57
-56
-54
-52
-49
-47
-44
-40
-35
-28
-24
-22
-19
-15
-13
-9
-6
-2
2
4
7
10
11
13
16
19
22
25
28
31
34
36
38
44
47
52
55
57
58
59
60
61
60
60
58
56
52
50
47
45
41
38
35
33
30
28
24
22
21
20
19
15
12
8
4
1
0
-1
-4
-6
-11
-18
-23
-27
-32
-35
-39
-42
-48
-52
-56
-59
-61
-64
-65
-66
-66
-67
-67
-67
-65
-63
-61
-59
-57
-54
-51
-48
-44
-39
-37
-35
-31
-29
-28
-26
-22
-21
-17
-14
-11
-10
-6
-1
1
7
13
18
23
28
34
40
46
50
55
60
62
66
68
70
72
75
77
79
80
81
81
80
79
78
78
79
79
77
73
70
66
64
61
55
50
44
38
31
25
16
8
-1
-10
-19
-28
-35
-44
-50
-57
-64
-70
-78
-84
-88
-91
-94
-97
-100
-104
-106
-109
-111
-111
-113
-114
-114
-115
-113
-113
-110
-108
-106
-102
-96
-90
-83
-78
-70
-63
-56
-47
-38
-28
-18
-8
3
14
24
36
46
58
67
77
84
90
98
105
113
121
128
134
141
148
153
157
162
166
172
176
178
179
179
178
175
173
169
165
157
147
137
124
113
99
86
71
55
39
22
7
-9
-25
-40
-55
-71
-85
-98
-110
-120
-131
-143
-155
-166
-176
-185
-193
-201
-207
-212
-217
-222
-226
-230
-232
-232
-229
-226
-221
-214
-206
-198
-190
-179
-168
-155
-142
-126
-111
-95
-80
-65
-48
-32
-13
5
23
41
59
76
92
107
123
137
152
167
182
195
208
220
232
242
253
260
266
270
271
272
271
268
264
260
252
243
233
224
212
198
182
165
145
127
108
90
72
52
31
10
-10
-30
-50
-70
-88
-107
-125
-143
-159
-174
-188
-204
-218
-234
-246
-259
-268
-276
-281
-284
-287
-286
-286
-282
-278
-272
-267
-260
-249
-238
-224
-209
-192
-175
-158
-141
-125
-106
-87
-69
-49
-28
-9
11
29
47
64
83
100
121
140
157
175
191
206
220
233
246
257
268
276
282
287
289
289
286
284
280
275
269
262
254
246
234
222
210
195
181
164
148
132
115
97
79
60
41
22
1
-20
-41
-60
-81
-99
-117
-137
-156
-175
-193
-209
-225
-238
-249
-259
-268
-275
-279
-283
-285
-287
-286
-284
-283
-279
-274
-266
-256
-246
-234
-221
-207
-193
-179
-164
-150
-133
-116
-99
-81
-62
-42
-23
-4
15
34
52
69
89
107
126
145
162
177
191
203
213
221
227
233
239
242
244
245
246
245
244
243
240
235
227
220
211
202
192
183
173
162
149
137
126
112
100
87
73
57
41
25
8
-9
-25
-41
-58
-73
-87
-101
-115
-127
-139
-150
-161
-170
-179
-187
-193
-197
-200
-204
-206
-208
-209
-207
-205
-203
-198
-194
-188
-184
-178
-170
-163
-154
-144
-132
-120
-108
-95
-81
-66
-51
-37
-21
-7
8
23
35
49
62
75
86
95
104
112
119
128
134
140
145
151
156
162
164
166
166
166
165
163
160
156
151
148
142
136
131
126
120
115
109
101
92
83
75
66
58
50
42
30
19
8
-2
-13
-25
-35
-48
-59
-69
-79
-87
-96
-104
-112
-118
-124
-129
-133
-136
-137
-140
-140
-139
-140
-139
-137
-137
-135
-132
-128
-123
-119
-115
-110
-107
-102
-96
-87
-80
-72
-65
-59
-51
-42
-33
-23
-14
-4
6
16
24
32
41
50
58
66
74
81
86
92
97
103
107
111
114
116
117
119
120
120
121
123
123
122
121
118
117
116
112
110
105
100
95
89
83
76
68
60
52
41
30
21
11
0
-11
-22
-32
-40
-49
-57
-63
-69
-75
-81
-87
-92
-95
-98
-100
-102
-103
-104
-104
-103
-102
-102
-100
-97
-96
-94
-94
-92
-88
-85
-82
-78
-75
-73
-70
-66
-61
-56
-49
-41
-33
-25
-18
-9
0
8
14
21
27
32
37
42
47
52
54
57
62
64
67
70
70
72
74
75
77
78
78
79
80
80
79
78
78
76
73
71
68
65
63
60
57
55
50
47
43
39
36
31
27
24
18
13
10
5
0
-7
-14
-21
-27
-33
-39
-45
-51
-56
-62
-66
-70
-73
-76
-80
-82
-87
-90
-92
-94
-97
-98
-99
-99
-100
-97
-94
-92
-87
-85
-83
-80
-76
-72
-68
-61
-54
-49
-42
-37
-30
-20
-12
-2
6
16
27
36
44
52
58
65
72
77
83
88
90
94
97
98
98
100
100
99
98
98
96
93
91
87
84
81
78
74
71
67
63
59
54
51
47
44
40
35
31
25
21
16
12
5
-1
-7
-13
-20
-27
-33
-41
-48
-53
-59
-65
-71
-78
-81
-85
-87
-89
-89
-90
-88
-86
-84
-81
-78
-77
-75
-72
-69
-66
-63
-58
-57
-55
-53
-50
-48
-44
-41
-38
-34
-29
-23
-18
-11
-3
3
11
17
24
29
34
40
46
50
56
58
62
64
66
69
70
70
71
72
72
73
72
72
70
69
70
69
68
64
60
55
51
46
41
36
30
25
18
12
8
3
-2
-6
-10
-14
-18
-21
-24
-27
-30
-36
-40
-45
-49
-52
-54
-57
-60
-63
-68
-71
-75
-76
-76
-75
-74
-73
-72
-71
-69
-67
-63
-58
-54
-50
-45
-42
-35
-31
-25
-20
-14
-9
-4
0
4
9
12
16
20
22
24
27
30
34
37
41
44
47
51
53
57
59
63
64
68
71
72
75
76
77
78
78
77
74
71
67
64
58
54
48
43
37
30
22
16
10
3
-2
-7
-11
-14
-19
-22
-24
-26
-26
-27
-29
-32
-33
-36
-39
-42
-42
-44
-47
-47
-49
-52
-53
-56
-56
-58
-58
-59
-59
-57
-56
-54
-53
-49
-44
-39
-33
-28
-25
-20
-17
-13
-8
-4
-1
1
2
6
7
8
9
9
11
12
14
12
13
14
16
18
22
24
27
28
31
35
40
44
47
49
50
50
49
47
47
44
41
39
36
33
28
24
21
16
12
10
7
3
1
-1
-1
-1
1
2
3
3
3
2
1
-1
-1
-3
-6
-9
-14
-20
-24
-29
-31
-36
-40
-43
-48
-52
-54
-56
-57
-57
-58
-57
-54
-54
-53
-51
-46
-44
-42
-40
-38
-34
-31
-27
-22
-19
-15
-10
-5
-1
4
9
13
18
23
26
31
36
39
42
44
47
49
51
52
53
55
54
54
53
55
54
54
53
53
51
50
50
49
48
46
43
42
40
39
36
35
34
30
26
20
15
9
2
-5
-11
-17
-22
-26
-30
-36
-38
-43
-47
-49
-51
-52
-53
-53
-53
-56
-57
-56
-56
-56
-55
-54
-53
-51
-50
-49
-47
-46
-43
-41
-38
-35
-30
-26
-21
-16
-14
-8
-2
5
11
16
20
24
29
32
34
37
41
42
44
45
45
47
48
47
47
46
44
42
39
37
34
31
30
24
21
17
12
8
6
3
0
-3
-8
-10
-13
-16
-18
-22
-24
-27
-31
-33
-34
-36
-36
-37
-36
-34
-35
-34
-35
-35
-34
-32
-30
-28
-26
-24
-22
-20
-17
-15
-12
-10
-8
-5
-2
-2
2
4
7
11
13
17
20
23
27
30
34
37
41
44
45
47
49
49
50
49
49
48
48
46
43
41
37
33
28
25
22
17
15
12
8
6
3
-1
-3
-5
-8
-9
-10
-12
-15
-18
-21
-23
-25
-27
-27
-28
-31
-33
-36
-37
-38
-41
-41
-42
-42
-42
-40
-40
-39
-37
-35
-34
-29
-25
-22
-18
-15
-11
-9
-8
-6
-5
-2
0
3
5
7
10
13
16
19
20
22
24
23
25
25
27
28
30
31
31
34
36
37
37
36
34
33
31
30
28
26
24
22
19
17
14
13
11
10
7
5
1
-3
-6
-11
-12
-16
-20
-25
-29
-32
-34
-35
-36
-37
-38
-40
-41
-40
-42
-43
-42
-42
-41
-40
-37
-35
-33
-31
-29
-25
-23
-20
-17
-16
-14
-12
-11
-10
-6
-2
1
4
7
7
11
14
17
21
24
26
29
32
36
40
41
42
42
43
43
43
44
44
44
44
44
43
41
39
40
41
39
39
35
34
33
31
28
26
24
20
15
11
5
0
-6
-10
-15
-20
-24
-29
-32
-34
-38
-39
-42
-44
-44
-45
-45
-44
-42
-41
-38
-39
-39
-39
-38
-36
-35
-34
-33
-31
-29
-28
-26
-25
-22
-19
-16
-13
-10
-6
-4
0
3
6
9
13
17
19
22
24
27
27
27
28
27
28
27
26
24
23
22
22
22
21
21
20
20
22
20
19
18
16
15
12
10
9
8
6
4
3
1
0
0
0
-1
-3
-5
-4
-5
-6
-5
-5
-6
-6
-7
-8
-10
-12
-13
-15
-15
-17
-18
-19
-21
-22
-24
-25
-24
-26
-25
-25
-24
-22
-20
-19
-17
-14
-10
-8
-4
-2
0
2
2
4
6
8
9
10
10
10
8
7
8
7
6
6
8
7
6
6
4
5
5
4
5
5
7
7
7
7
7
7
8
8
10
11
14
14
12
13
12
12
12
13
13
13
15
13
13
12
11
11
12
12
13
13
12
11
9
9
10
9
9
9
10
9
8
7
7
8
7
5
2
0
-1
-3
-5
-7
-9
-11
-10
-13
-14
-16
-18
-18
-20
-20
-19
-18
-19
-20
-20
-20
-19
-19
-18
-18
-18
-17
-18
-17
-18
-16
-15
-16
-16
-16
-15
-15
-15
-13
-12
-12
-12
-11
-11
-10
-9
-8
-9
-8
-6
-6
-7
-7
-8
-6
-4
-2
0
1
2
5
8
11
14
18
20
21
24
25
27
28
28
29
30
29
27
28
27
28
28
27
26
24
23
22
22
21
20
20
17
16
15
13
12
14
12
10
8
7
3
1
-1
-4
-8
-13
-18
-22
-26
-28
-31
-33
-35
-36
-38
-39
-41
-39
-38
-37
-36
-35
-34
-32
-32
-30
-27
-25
-23
-20
-17
-16
-15
-13
-10
-8
-6
-3
-1
2
5
8
11
15
18
22
26
27
29
32
33
34
34
35
37
38
39
39
39
40
42
41
41
40
39
37
36
35
35
32
29
26
24
21
17
15
10
7
3
0
-4
-9
-12
-16
-21
-24
-27
-30
-32
-34
-36
-38
-40
-41
-42
-44
-45
-46
-47
-47
-48
-49
-49
-49
-49
-48
-47
-45
-43
-41
-37
-35
-32
-31
-27
-24
-22
-20
-16
-13
-10
-6
-3
1
5
11
17
21
27
30
34
38
42
45
48
50
51
53
53
54
55
56
55
55
53
50
48
47
44
43
41
38
35
32
30
28
24
21
18
16
14
12
9
6
3
-1
-4
-9
-11
-15
-18
-19
-22
-25
-28
-31
-34
-35
-39
-41
-43
-45
-46
-46
-47
-47
-47
-47
-45
-44
-44
-42
-40
-38
-36
-33
-32
-30
-27
-25
-22
-19
-18
-16
-13
-11
-9
-6
-5
-1
2
2
3
5
7
9
11
15
19
20
23
26
29
32
35
38
41
44
47
48
49
50
49
48
47
46
44
41
40
36
34
32
31
28
26
22
19
16
14
11
10
7
4
2
0
-4
-7
-10
-12
-14
-17
-19
-22
-24
-27
-30
-31
-34
-35
-36
-40
-42
-43
-44
-45
-46
-45
-46
-45
-43
-40
-37
-34
-32
-28
-25
-23
-19
-16
-14
-10
-7
-4
-1
1
3
4
4
5
5
6
7
8
8
10
11
14
14
17
18
19
21
24
26
28
29
32
33
34
34
35
33
33
32
31
30
29
28
24
23
20
17
15
13
10
9
9
8
7
6
4
4
4
5
4
3
4
3
2
1
-3
-5
-8
-11
-14
-17
-20
-23
-27
-31
-32
-35
-37
-38
-39
-40
-38
-38
-38
-37
-34
-32
-29
-27
-23
-20
-18
-14
-11
-10
-8
-6
-5
-4
-1
0
1
0
1
2
3
3
4
4
4
5
7
7
7
10
11
13
16
17
20
23
26
27
28
30
33
34
35
38
38
38
37
34
33
34
32
30
29
26
25
21
20
17
16
13
11
10
8
6
3
3
0
-3
-6
-8
-10
-12
-14
-15
-15
-16
-17
-20
-22
-24
-26
-29
-31
-33
-34
-36
-35
-36
-37
-36
-36
-37
-37
-37
-36
-36
-34
-33
-32
-31
-26
-24
-20
-17
-15
-10
-6
-3
0
3
5
8
8
10
10
12
13
14
15
15
16
17
17
19
20
22
23
26
28
31
31
33
35
36
36
36
35
34
32
30
28
25
23
20
18
15
14
11
9
8
7
5
3
2
0
-3
-6
-8
-10
-11
-12
-12
-13
-14
-14
-14
-14
-15
-15
-15
-16
-17
-17
-18
-19
-21
-21
-22
-21
-22
-23
-22
-23
-23
-22
-21
-21
-18
-18
-15
-13
-11
-9
-6
-4
-1
0
1
1
1
1
1
0
0
2
1
2
0
1
1
1
2
2
1
2
1
3
3
4
4
4
5
5
6
7
8
10
12
13
14
15
15
14
14
15
15
14
15
14
13
12
10
11
8
9
7
8
8
7
7
7
5
4
5
4
4
3
3
4
6
5
6
8
8
8
7
8
8
8
7
7
8
7
6
5
2
-1
-3
-3
-5
-7
-9
-11
-13
-14
-15
-16
-17
-17
-18
-19
-18
-17
-17
-17
-17
-15
-13
-14
-12
-11
-11
-11
-9
-7
-7
-5
-5
-5
-4
-5
-5
-5
-4
-4
-4
-4
-3
-2
-1
0
2
3
5
6
8
11
13
13
13
13
13
14
13
11
10
10
9
8
7
6
4
3
2
2
1
0
0
-3
-3
-3
-3
-3
-3
-3
-4
-3
-4
-5
-6
-9
-8
-9
-9
-9
-11
-11
-10
-8
-7
-5
-5
-3
-2
-2
-1
0
-2
-3
-3
-3
-4
-3
-4
-5
-5
-6
-6
-6
-5
-5
-5
-4
-1
1
2
3
5
8
10
13
16
19
20
21
22
24
23
26
27
28
27
26
