SAMPLES:	8749
BITSPERSAMPLE:	16
CHANNELS:	1
SAMPLERATE:	16000
NORMALIZED:	FALSE
60
55
59
49
48
46
42
42
39
39
25
15
16
15
20
14
6
4
-3
-8
-6
-12
-23
-21
-19
-19
-27
-45
-47
-43
-41
-41
-51
-58
-64
-67
-56
-58
-70
-76
-70
-66
-66
-76
-88
-82
-79
-74
-78
-88
-96
-89
-72
-83
-88
-87
-86
-93
-87
-81
-84
-84
-88
-82
-79
-82
-83
-74
-71
-73
-68
-64
-63
-69
-73
-67
-55
-45
-52
-59
-53
-36
-36
-37
-37
-39
-36
-24
-20
-22
-16
-13
-13
-4
-3
-7
2
3
11
11
19
23
12
22
27
26
34
33
25
36
36
27
37
49
43
36
50
56
55
45
54
54
53
65
58
61
58
59
62
63
66
56
54
71
74
55
51
64
76
68
54
62
52
58
66
53
54
61
64
57
52
57
55
54
52
54
52
46
49
45
39
37
48
39
30
37
35
35
34
24
16
18
10
19
26
33
21
-7
4
8
5
9
12
10
6
-7
-15
-8
-23
-11
-2
-10
-10
-21
-20
-25
-28
-14
-23
-31
-28
-39
-39
-31
-35
-41
-40
-36
-34
-47
-41
-43
-36
-43
-52
-40
-53
-48
-45
-39
-43
-49
-54
-47
-37
-51
-40
-46
-52
-45
-53
-42
-39
-41
-41
-43
-53
-51
-30
-28
-31
-30
-36
-33
-33
-28
-20
-19
-19
-30
-13
-11
-26
-25
-15
-10
-12
1
-4
-16
-15
-21
-3
8
4
4
6
-5
-3
2
12
10
12
25
25
23
18
17
16
15
13
27
41
46
34
23
26
27
25
23
46
42
35
46
38
27
23
33
38
47
39
43
33
27
32
34
44
42
52
32
30
37
45
43
34
38
41
39
32
28
23
20
25
40
34
23
8
10
18
19
22
16
12
21
20
7
7
20
28
33
27
1
-9
-8
15
13
17
-6
-18
-23
-7
9
-12
-1
-5
0
-13
-22
-27
-12
-13
-7
7
-1
-26
-34
-25
-13
-11
-33
-30
-37
-36
-18
-32
-39
-34
-24
-5
-17
-26
-31
-36
-33
-23
-10
-10
-27
-42
-48
-56
-36
-35
-34
-39
-58
-56
-67
-88
-79
-64
-68
-84
-77
-84
-86
-85
-97
-90
-81
-87
-64
-73
-87
-54
-63
-47
-45
-61
-61
-46
-30
-38
-32
-39
-40
-56
-61
-59
-40
-14
-26
-37
-57
-50
-12
-7
-1
1
-19
-6
5
8
31
69
51
30
10
20
54
61
74
62
64
54
59
87
87
105
103
108
101
75
94
111
135
159
134
125
137
144
147
134
149
170
168
132
131
128
139
148
126
103
73
85
89
69
65
45
55
33
17
5
-14
4
3
23
7
11
7
-16
-33
-47
-20
-27
-12
-26
-51
-45
-62
-61
-57
-37
-41
-55
-61
-62
-31
-36
-39
-57
-39
-22
-17
-17
-28
-22
-5
-10
-41
-39
-42
-65
-80
-70
-78
-102
-93
-86
-149
-157
-158
-142
-135
-145
-147
-124
-137
-170
-130
-104
-85
-83
-76
-61
-63
-44
-30
-32
-11
10
4
20
25
11
13
3
-9
19
37
30
58
50
29
39
8
23
23
12
56
59
52
38
53
69
57
70
90
94
101
60
45
58
63
70
81
86
65
65
41
50
27
32
21
5
27
18
43
7
-8
-45
-45
-50
-34
-15
-40
-6
-30
-25
-26
-23
-48
-37
-41
-35
1
1
14
4
41
86
138
125
44
15
73
105
104
95
119
129
71
20
-30
-39
-29
-11
15
18
-4
-33
-82
-35
101
169
182
167
174
140
81
83
152
215
302
312
221
164
160
118
25
-6
58
82
22
10
-73
-170
-182
-149
-127
-128
-76
-42
-65
-78
-75
-93
-98
-32
49
95
77
2
-30
-50
-16
36
69
87
82
0
-66
-76
-20
9
-21
-15
-7
-4
-107
-221
-241
-182
-138
-132
-144
-124
-114
-173
-200
-182
-161
-166
-171
-160
-21
316
442
195
-150
-155
-11
-80
-99
41
209
193
-40
-422
-676
-596
-303
-102
-24
-42
-283
-662
-782
-534
-301
-172
-37
46
-15
-151
-280
-415
-322
27
245
189
22
-116
-279
-414
-298
-38
37
-53
-155
-231
-322
-358
-308
-209
13
197
204
107
18
-20
2
167
399
602
668
590
500
425
475
568
648
740
821
798
650
502
417
376
471
558
604
568
445
326
214
193
192
236
299
416
374
132
-59
-69
27
179
267
239
186
93
-53
-258
-328
-255
-122
-46
-96
-253
-431
-518
-536
-411
-282
-245
-330
-413
-423
-423
-436
-386
-291
-131
-69
-158
-241
-296
-193
-165
-71
-20
-26
-59
-136
-129
-116
4
69
12
-42
-64
-52
-36
-18
24
86
181
143
77
95
467
941
838
345
15
196
200
65
71
311
462
212
-314
-950
-1152
-903
-609
-467
-412
-575
-1045
-1394
-1267
-956
-744
-527
-290
-303
-449
-582
-667
-581
-128
401
434
248
80
-80
-277
-268
67
263
240
107
-121
-321
-475
-441
-334
-129
86
59
-71
-185
-191
-143
9
311
574
720
715
655
669
745
924
1119
1292
1411
1393
1311
1144
998
985
1074
1163
1158
1120
882
451
161
119
282
531
625
492
21
-217
-266
-363
-272
31
381
318
61
-333
-658
-651
-302
109
198
93
-177
-393
-529
-539
-344
-221
-124
-138
-333
-574
-759
-713
-609
-401
-189
-216
-440
-664
-656
-573
-390
-176
-127
-166
-205
-182
-167
-272
-82
78
237
174
6
-107
-311
-165
-204
171
1134
1720
1290
74
-183
136
335
447
741
1303
1172
572
-605
-1427
-1394
-674
-1
101
-60
-914
-1929
-2372
-1952
-1235
-820
-363
-466
-880
-1221
-1470
-1394
-1068
52
808
623
197
-265
-471
-643
-176
578
819
712
139
-315
-650
-737
-500
-316
63
86
-209
-566
-889
-872
-791
-339
146
327
439
220
19
45
405
930
1231
1494
1575
1504
1325
1161
1266
1449
1688
1815
1798
1677
1306
953
642
555
778
911
915
413
-20
18
-81
-333
-629
-155
208
65
-90
-314
-356
-432
-180
-53
32
294
306
155
-76
-35
-105
-170
79
252
147
-291
-460
-561
-649
-593
-499
-382
-660
-751
-779
-796
-771
-731
-443
-433
-268
-230
-362
-419
-335
84
246
290
189
108
211
117
-77
-149
142
294
-94
-377
-51
1078
1779
1186
6
-225
361
380
324
974
1880
1661
633
-587
-1504
-1633
-792
265
532
196
-897
-2394
-3142
-2398
-1188
-828
-721
-711
-1274
-2101
-2550
-2193
-1291
25
812
442
-295
-880
-1201
-1162
-168
1216
1561
964
169
-358
-650
-592
70
634
840
535
-192
-858
-1273
-1165
-824
-265
260
231
-185
-686
-797
-508
100
826
1268
1503
1463
1339
1339
1522
1985
2276
2686
2923
2737
2392
1785
1522
1372
1635
1609
1329
1039
497
51
-505
-452
-513
-391
-247
-377
-587
-837
-613
-579
-412
-56
371
569
328
410
263
217
495
837
924
473
398
169
-69
-200
-311
-238
-290
-253
-708
-1239
-1230
-1040
-932
-960
-641
-384
-642
-1022
-1200
-860
-381
20
205
-96
-256
-301
-435
-513
-389
253
209
-252
-902
-865
726
2332
2398
317
-723
-139
167
-226
266
2362
3169
1798
-764
-2744
-3077
-1956
1
1154
1163
-456
-3179
-4805
-4079
-1976
-766
-299
-191
-979
-2330
-3502
-3524
-2211
176
2153
1871
209
-1233
-1894
-1873
-529
1935
3218
2401
635
-618
-976
-803
-12
1169
2071
1890
413
-1216
-1957
-1692
-931
-109
575
556
-248
-1223
-1790
-1359
-359
582
1097
1258
1431
1181
956
997
1638
2500
3126
3503
3192
2726
2266
2041
1940
2043
2335
2209
1734
1113
389
-303
-594
-284
-41
-143
-391
-731
-1131
-1314
-1070
-695
-324
-14
203
60
-64
-98
-30
144
474
908
946
578
-7
-220
-89
116
187
204
129
-243
-730
-930
-796
-614
-416
-514
-657
-955
-1084
-1128
-1145
-749
-674
-465
-709
-734
-1074
-1003
-709
-431
-199
134
1300
1647
1550
566
419
250
477
887
1425
1821
1425
830
-603
-1617
-1956
-1367
-630
-248
-547
-1803
-3100
-3834
-3561
-2818
-2008
-1431
-1719
-2210
-2768
-3065
-2864
-1862
-333
443
470
35
-580
-890
-674
468
1649
2207
1885
975
402
227
570
1154
1627
1736
1161
406
-179
-420
-204
73
308
182
-203
-589
-971
-930
-559
14
464
551
551
459
658
1066
1583
2043
2381
2801
3272
3410
2885
2286
2230
2804
2958
2820
2471
2171
1550
656
82
-287
110
390
283
-440
-1208
-1573
-1911
-1601
-882
-338
-551
-1139
-1169
-1195
-1022
-611
-77
304
439
447
-24
-383
-160
509
891
1030
999
641
44
-161
138
479
575
412
185
-245
-529
-749
-800
-785
-466
-411
-779
-1249
-1385
-1201
-1063
-792
-597
-278
-33
364
659
1217
1549
1150
324
278
1003
1414
1379
1211
1108
227
-917
-1760
-1830
-1409
-1051
-1356
-2276
-3105
-3854
-4359
-4245
-3508
-2837
-2822
-3173
-3575
-3822
-3381
-2408
-1476
-753
-86
176
-308
-533
41
923
1471
1897
2311
2182
1673
1269
1236
1567
1979
2159
1853
1255
691
104
-167
-60
170
233
-26
-351
-744
-943
-868
-553
-64
349
621
709
794
1011
1220
1619
2628
3651
3732
2807
2225
2385
2873
3204
3249
3180
2858
2178
884
-127
-111
673
965
452
-421
-1336
-2058
-2328
-1802
-1152
-1060
-1489
-1874
-1898
-1755
-1490
-1126
-669
-153
35
-199
-576
-380
331
773
870
1001
1222
939
417
593
1153
1357
1199
968
797
491
337
157
-142
24
277
201
-690
-1234
-1187
-1005
-794
-786
-656
-1056
-1096
-937
-595
-176
593
1790
1994
1082
-34
-93
666
1267
1609
1682
1328
323
-1188
-2187
-2402
-1702
-1125
-1269
-1915
-3070
-4449
-5539
-5141
-3865
-2973
-2829
-3313
-3960
-4584
-4305
-3226
-2075
-771
173
218
-673
-1091
-399
508
1481
2446
3185
2849
1736
1099
1210
1886
2433
2593
2390
1754
892
-99
-569
-269
171
310
-12
-455
-969
-1343
-1258
-757
-95
414
781
1049
1279
1517
1827
2319
3009
3457
3611
3548
3575
3522
3416
3452
3346
3083
2588
2107
1611
1204
993
630
39
-569
-911
-1075
-1323
-1488
-1739
-1904
-1986
-1963
-1771
-1554
-1255
-1204
-1187
-884
-427
-172
-185
120
525
687
618
631
878
962
1077
1176
1265
1239
1062
962
913
1034
886
695
515
364
102
-303
-348
-333
-504
-631
-729
-1019
-1299
-1329
-1227
-1246
-893
-492
-83
360
1349
1629
425
-732
-279
930
1250
1072
1170
1213
376
-1053
-2358
-2684
-1898
-762
-835
-1812
-3164
-4407
-5240
-4850
-3583
-2763
-2845
-3440
-4125
-4727
-4460
-3406
-2308
-1130
-58
-59
-1197
-1815
-871
411
1412
2321
2928
2428
1194
723
1242
2130
2680
2778
2411
1413
405
-290
-349
136
488
363
-422
-1104
-1342
-1391
-1153
-624
89
477
484
682
1124
1869
2512
2741
2725
2830
3497
3984
4098
4080
4039
3982
3464
2915
2614
2489
2537
2200
1474
508
-132
-396
-644
-757
-896
-1206
-1783
-2227
-2127
-1911
-1759
-1522
-1321
-1227
-1348
-1195
-778
-361
-8
262
487
479
344
311
512
1005
1270
1075
749
514
586
625
524
465
462
484
137
-311
-462
-315
-87
-164
-476
-894
-968
-846
-1122
-1462
-1351
-812
-534
-544
-293
282
1663
2264
870
-1056
-972
755
1351
1090
1264
1778
835
-1276
-2714
-2987
-1769
-324
-253
-1459
-3092
-4528
-5589
-5047
-3286
-2001
-2385
-3630
-4452
-5128
-4848
-3677
-2260
-750
130
-300
-1925
-2632
-1596
11
1394
2472
3059
2114
432
-211
493
1990
2893
2943
2296
1189
179
-701
-546
303
997
977
-83
-1097
-1607
-1500
-1019
-421
461
913
793
580
777
1687
2634
3288
3329
3289
3730
4015
4111
4060
4348
4607
4165
3563
2964
2556
2394
2434
2223
1387
536
-103
-500
-609
-603
-733
-1411
-1885
-1950
-2059
-1956
-1615
-1154
-1179
-1368
-1296
-990
-719
-445
90
401
416
330
216
292
625
1204
1361
1033
705
494
470
373
519
601
655
660
246
-196
-716
-526
-220
-419
-547
-722
-560
-1022
-1360
-1244
-1268
-1027
-999
-370
39
1444
2808
1605
-964
-2143
-93
1214
1045
1282
2088
1891
-656
-2891
-3967
-2965
-443
694
-164
-2552
-4555
-6274
-6523
-4193
-1831
-1222
-2810
-4344
-5579
-6174
-4774
-2841
-613
783
624
-1334
-3494
-2748
-595
1468
2816
3508
3107
852
-492
-166
1473
3226
3819
3574
1896
209
-897
-1053
209
1429
1830
502
-1265
-1988
-2100
-1489
-560
547
958
606
228
0
690
1815
3016
3754
3715
3512
3185
3127
3666
4505
4999
4827
4111
3072
2277
1994
2159
2460
2238
1343
358
-700
-1358
-1217
-1053
-931
-1250
-1767
-2241
-2676
-2382
-1617
-989
-1031
-860
-589
-817
-899
-686
225
1029
1127
884
531
616
990
1266
1340
1240
1291
1003
557
450
570
940
555
43
-441
-743
-757
-716
-501
-596
-724
-947
-1304
-1798
-2026
-1350
-522
-223
-263
-118
1573
2802
1465
-1409
-1931
482
1929
1391
867
1787
1410
-1057
-3459
-4290
-2737
-563
271
-1030
-3357
-5288
-6720
-6203
-3940
-1591
-1499
-3360
-4996
-6080
-5512
-3977
-2126
-133
1130
838
-1509
-2988
-1771
572
2470
3315
3689
2700
711
-373
246
2312
3695
3775
2603
905
-315
-1117
-788
370
1385
1269
-515
-2171
-2612
-2063
-1154
-334
316
255
-99
-423
7
1244
2262
2855
2758
2661
3048
3317
3408
3782
4452
4548
3789
2883
2452
2572
2662
2580
2041
1140
508
2
-488
-549
-341
-511
-1123
-1666
-1804
-1865
-1912
-1539
-763
-595
-997
-1192
-941
-390
-72
179
610
968
981
725
673
1030
1558
1747
1644
1464
1369
1362
1120
983
1092
1343
1228
578
-70
-398
-279
-291
-279
-374
-536
-595
-1020
-1544
-1844
-1509
-1004
-871
-712
-485
530
2514
2911
293
-2776
-1854
1082
1780
1180
1621
2275
408
-2580
-4564
-4384
-1864
673
641
-2128
-4640
-6467
-7346
-5885
-2654
-511
-1771
-4122
-6066
-6829
-5357
-2913
-380
1200
1616
-101
-3143
-3435
-930
2320
3926
4280
3587
1209
-638
-658
1395
3752
4580
3867
1562
-536
-1534
-1490
-298
893
1567
300
-2085
-3556
-3540
-2216
-776
219
120
-659
-926
-845
-282
1142
2839
3613
2963
2463
2651
2844
3399
4227
5018
4847
3908
2954
2064
2060
2526
2815
2359
1428
789
-297
-1222
-1116
-281
-109
-823
-1129
-1367
-1809
-1869
-1214
-450
-404
-319
-273
-686
-415
391
833
753
1029
1563
1250
789
1109
1661
1746
1710
1768
1351
1158
1281
968
541
665
1280
1226
239
-381
-507
-764
-893
-758
-403
-533
-709
-1210
-1990
-2460
-2141
-1191
-566
-127
324
1986
2762
711
-2819
-3038
538
2619
1952
977
1589
922
-1876
-4497
-4993
-2377
766
1260
-1328
-4532
-6619
-7727
-6491
-3099
-442
-1065
-3946
-6482
-7805
-6281
-3183
-691
869
1471
212
-3190
-4655
-1862
2190
4346
4637
3888
1682
-437
-443
1251
3641
5138
4888
2408
-506
-1645
-1374
-234
1138
1792
486
-2138
-3912
-4137
-2926
-1013
76
-332
-1392
-1576
-1222
-602
751
2482
3548
3215
2652
2648
3044
3780
4805
5623
5363
4184
3202
2918
3099
3225
3074
2446
1331
551
-64
-703
-879
-565
-567
-1329
-1701
-1707
-2003
-2427
-2035
-1037
-939
-1048
-907
-841
-807
-386
214
413
867
1379
1398
924
764
1342
1743
2099
2279
1987
1475
1069
1074
1108
1334
1784
1806
1007
-140
-879
-971
-593
-253
92
172
-326
-1224
-2147
-2596
-2276
-1270
-86
475
15
1239
3271
1979
-2139
-3315
-7
2411
2093
1494
2395
1745
-1229
-4175
-5632
-3165
1360
2623
-421
-3980
-6192
-8034
-7672
-3832
158
96
-3166
-6390
-8650
-7519
-3726
-694
870
1667
582
-3604
-5913
-2852
2018
4629
4966
4047
1417
-1084
-1032
921
3757
5998
5838
2440
-1436
-2394
-1528
-25
1586
2133
571
-2665
-4774
-4858
-3345
-888
371
-283
-1689
-2208
-2153
-1517
788
3353
4182
3368
2359
2107
2359
3548
5357
6442
6291
4834
3379
2492
2665
3499
3561
3061
2258
1363
82
-1317
-1656
-831
-258
-882
-1445
-1782
-2453
-2948
-2716
-1488
-647
-574
-727
-1134
-1311
-693
126
675
1364
1902
1713
877
565
1113
1987
2655
2856
2388
1528
1133
1205
1424
1881
2362
2316
1231
-207
-909
-921
-280
719
1018
254
-965
-1759
-2095
-2486
-2039
-544
574
169
-1290
-1071
1591
3308
1080
-2256
-1595
870
1118
95
871
2790
1781
-1740
-5183
-5583
-2257
892
852
-1617
-3819
-6492
-8334
-7015
-3298
-463
-1284
-3880
-6563
-7714
-5879
-3435
-1039
1272
1944
-554
-4194
-4017
-939
2216
3883
4377
3449
1034
-369
-324
1310
4171
5480
3891
596
-1281
-1304
-1123
-64
1034
956
-1095
-3439
-4158
-3752
-2123
-693
-629
-1378
-1908
-1597
-1278
-414
1763
3462
3451
2294
1837
2442
3393
4762
5468
5518
4963
3761
2980
2517
3191
3903
3466
2375
1051
277
-622
-909
-409
72
-345
-1650
-1933
-2002
-2132
-1659
-957
-373
-705
-901
-943
-1183
-571
723
1441
976
987
1496
1353
1227
1683
2297
2170
2186
2481
1938
1311
1511
2140
2096
1800
1846
1315
413
-105
-215
-274
55
600
180
-854
-1431
-1410
-1807
-1953
-1170
-528
-883
-1453
-1601
-1548
657
3238
2377
-1550
-3121
-823
95
-199
1247
3437
2456
-1250
-4322
-5908
-4429
-426
1964
425
-2652
-5420
-8276
-8661
-4947
-428
510
-1898
-4874
-7598
-7672
-4888
-1488
1090
2345
1243
-2866
-5506
-3637
471
3387
4086
3762
1805
-696
-1507
-57
2919
4411
3762
1431
-744
-1304
-1243
-413
311
561
-201
-2108
-3232
-3296
-2190
-1006
-573
-623
-1155
-1005
-785
-338
942
2340
3091
2626
2559
2962
3002
3436
4458
5398
5211
4289
3639
3125
2981
3130
3353
3203
2462
1613
461
-454
-456
18
261
-175
-571
-873
-1676
-2112
-1460
-616
-659
-852
-557
-583
-859
-590
-4
635
1284
1554
1087
661
1415
2036
1834
2064
2727
2872
2085
1734
2210
2679
2844
2207
1531
1003
607
436
203
382
346
57
-366
-1157
-1732
-1844
-1483
-1231
-1281
-1347
-1862
-2487
-2518
-2075
-67
2818
3477
60
-3610
-2830
-346
730
1410
3319
3888
679
-3280
-5804
-5233
-1576
1922
2042
-1243
-4664
-7725
-9001
-6600
-1671
1290
-615
-4239
-7680
-8802
-6581
-2899
681
2266
1419
-2360
-5955
-4992
-1092
2588
4029
4190
2746
-201
-1530
-958
1404
3473
3963
2825
353
-1085
-1916
-2100
-1103
33
448
-1073
-2699
-3371
-3182
-2032
-1043
-429
-576
-586
-414
-536
224
1545
2736
2991
2855
3522
4186
4624
4739
4610
4532
4457
4591
4384
4168
4171
3778
2768
1279
679
886
894
590
164
-397
-1527
-2222
-1781
-1042
-1008
-1575
-1752
-1769
-1721
-1014
-274
-100
286
747
674
490
1111
2116
2265
2181
2788
3118
2637
2604
3222
3264
3090
3187
2907
2116
1390
1367
1141
667
742
532
-281
-1132
-1303
-1465
-1876
-1525
-990
-1092
-2071
-2836
-2894
-3033
-2585
-1713
-1211
-1761
-1844
478
2175
1024
-1388
-1519
59
619
1075
2029
2806
1989
-424
-3483
-5104
-2940
391
1200
-507
-2831
-5661
-8052
-7231
-3756
-1053
-1019
-2826
-5691
-8056
-7188
-4269
-1557
309
963
-726
-4042
-4796
-2381
654
2694
3823
3494
925
-1408
-1602
78
2399
3784
3610
1413
-1147
-2407
-2445
-1279
173
1062
234
-1640
-2784
-3181
-2709
-1545
-216
342
-163
-692
-1030
-681
622
2151
3108
3237
3389
3190
2867
3626
5007
5541
5020
4605
4426
3755
3168
3428
3668
3041
1947
1096
323
-148
111
113
-373
-845
-1138
-1736
-2558
-2004
-770
-522
-924
-899
-519
-502
76
1128
1639
1843
2058
2334
2186
2428
3554
4089
4072
4061
3984
3508
3057
3415
3259
2478
1980
1848
1411
412
52
-226
-1139
-1824
-1806
-1602
-1797
-1886
-2047
-2941
-3679
-3543
-2912
-2834
-2739
-2226
-2270
-2822
-2819
-333
2843
3279
540
-1835
-1146
207
1053
2107
3763
4006
1224
-2558
-5145
-4186
-750
1593
1116
-1472
-4532
-7886
-8893
-5995
-1755
134
-1766
-4953
-7930
-8648
-6354
-3069
-39
1334
266
-3254
-5856
-4097
-217
2503
3300
3282
1864
-898
-2039
-641
2143
3935
3754
2018
-448
-1669
-1845
-1173
376
1454
875
-1474
-3014
-3056
-2449
-1441
-677
-211
-469
-671
-1011
-1255
87
2113
3382
3065
2685
3087
3283
3585
4331
5347
5874
5499
4596
3475
3013
3330
3413
2944
2547
2350
1279
-494
-994
-565
-559
-1020
-1208
-1071
-1748
-2346
-2012
-1152
-323
185
363
24
182
1113
1821
2387
2920
3491
3481
3190
3585
4061
4239
4320
4611
4303
3280
2572
2304
2163
1704
1325
987
-29
-1134
-1875
-2107
-2122
-1912
-1636
-2098
-2931
-3684
-3917
-3797
-3259
-2246
-2016
-2506
-3055
-3185
-3024
-2462
-1323
-506
970
3120
3395
461
-2327
-1221
1198
2094
2614
3722
3269
-60
-3207
-4401
-3456
-1074
1052
1070
-1531
-4741
-7333
-7923
-5856
-2322
-235
-1503
-4383
-7025
-7882
-6436
-3445
-241
922
-449
-3008
-4624
-3986
-1746
1107
2833
2797
1407
-598
-1546
-748
1645
3288
2830
1640
353
-772
-1398
-814
235
342
-1
-808
-1895
-2536
-2194
-1291
-886
-609
-440
-589
-623
-33
1266
2306
2797
2719
2543
3035
3773
4471
4944
5272
5177
4389
3735
3717
4003
3963
3639
2932
1774
886
611
193
-329
-430
-375
-800
-1474
-1396
-1212
-1351
-894
88
432
124
569
1327
1675
2110
2767
3245
3357
3986
4367
3911
3882
4508
4757
4136
3757
3579
2772
1963
1717
1485
702
-65
-459
-1254
-2203
-2645
-2822
-3034
-3328
-3375
-3474
-4003
-4344
-4253
-3783
-3399
-3252
-2967
-2949
-3028
-2895
-2418
-1509
-927
-513
-567
-374
1469
3615
3632
1178
30
1037
1336
1008
2095
4233
3610
331
-2443
-3982
-3838
-2141
37
178
-2173
-5000
-7528
-8376
-6555
-3212
-1917
-3550
-5466
-6874
-7578
-7258
-4896
-1641
35
-436
-2162
-3214
-2665
-800
1187
2711
3790
3485
1920
508
794
2265
3095
3353
3065
2161
547
-860
-975
-535
-18
-78
-644
-1454
-2235
-2439
-2185
-1385
-515
-20
143
60
319
797
1498
2462
3376
4047
3908
3692
4099
4697
4975
4889
5014
5098
4616
3886
3463
3472
3097
2150
1373
1095
972
587
135
-262
-555
-240
394
321
-126
207
1057
1177
1107
1842
2551
2773
2981
3253
3174
3002
3479
3905
3815
3816
3517
2469
1348
1169
1465
1279
826
52
-1195
-2455
-2957
-2871
-3095
-3337
-3282
-3634
-4528
-5290
-4962
-4121
-3550
-3212
-3384
-3675
-3550
-2858
-2398
-2222
-1623
-1146
-1277
-1462
-995
-296
-63
37
1375
3732
4455
2003
-853
-729
938
1554
1815
3222
3749
1255
-2121
-4378
-4710
-3316
-705
1130
-259
-4081
-7883
-9061
-7384
-4131
-1652
-1909
-4168
-7096
-8653
-8025
-5656
-2078
796
1113
-1366
-3858
-3857
-1818
987
3380
4796
4077
1673
60
340
2121
3803
4534
4079
2521
913
-300
-392
387
1063
1010
-84
-1208
-2007
-2148
-1582
-950
-617
-793
-879
-698
-156
790
1489
1935
2110
2203
2483
3254
4598
5422
5386
4989
4815
5110
5409
5575
5439
5072
4436
3483
2857
2790
2887
2724
2416
1963
1051
270
414
967
1161
1129
1052
766
370
517
1008
1239
1365
1412
1307
972
704
876
1362
1756
1298
393
-56
20
28
-445
-812
-1114
-1460
-1998
-2623
-2748
-2559
-2472
-2964
-3604
-3717
-3796
-3876
-3669
-3099
-2792
-3171
-3560
-3614
-3136
-2509
-1965
-1516
-1514
-1795
-1890
-1503
-798
-409
-263
-196
5
1259
3321
4120
2238
-218
-571
374
1152
1992
3642
4081
1291
-2652
-4974
-4600
-2772
-678
697
-509
-4440
-8656
-9765
-7419
-3863
-1647
-2197
-4544
-7084
-8150
-7373
-4901
-1318
1226
1298
-815
-2990
-3112
-771
2454
4498
5078
4605
3267
1825
1630
2912
4269
5016
5078
4018
2072
320
-154
213
622
736
348
-405
-1492
-2309
-2501
-2213
-1705
-1070
-148
246
-57
-265
316
1268
1753
2513
3914
5012
5119
4867
5260
5827
6000
6285
6856
7188
6821
6273
5631
4703
4091
4098
4355
4112
3346
2273
1157
568
414
218
-4
-75
-308
-1058
-1751
-1720
-1407
-1219
-1181
-1176
-1275
-1356
-1157
-1052
-933
-639
-395
-432
-550
-245
-80
-430
-810
-732
-466
-676
-933
-1030
-1321
-1806
-2118
-2201
-2521
-2820
-2753
-2590
-2836
-3363
-3616
-3634
-3724
-3912
-3778
-3233
-2677
-2521
-2630
-2727
-2852
-2721
-2028
-909
-246
-154
-375
-465
586
2418
3349
1949
74
-284
214
696
1428
2838
2872
495
-2743
-4637
-4067
-2325
-402
442
-856
-4208
-7586
-7958
-5454
-2145
-602
-1432
-3476
-5538
-6088
-4914
-2417
186
1669
1580
171
-1040
-1098
128
2131
4185
5388
4715
2786
1207
1117
2161
3137
3557
3511
3206
2092
287
-948
-767
357
1040
1011
640
-15
-983
-1638
-1065
234
1397
1978
2158
2189
1900
1678
1965
3115
4710
5782
5921
5396
4969
4734
4911
5691
6487
6533
5817
5178
4423
3420
3001
3381
3645
2948
2038
1266
472
-68
-301
-308
-520
-747
-1062
-1646
-2193
-2598
-2570
-2221
-1840
-1845
-2005
-1799
-1732
-2155
-2437
-1909
-935
-362
-334
-608
-1062
-1434
-1398
-772
55
499
351
-439
-1399
-1994
-1969
-1434
-952
-872
-1397
-2331
-3217
-3839
-4091
-3902
-3296
-2968
-3292
-3846
-4212
-4232
-4073
-3568
-2741
-2035
-1930
-2300
-2603
-2633
-2124
-1099
-60
297
-76
-672
-1142
-928
333
1902
2172
820
-862
-1704
-1409
-253
1181
1988
1440
-226
-2141
-2921
-1960
-80
1444
1706
819
-962
-2677
-3076
-1750
474
1834
1704
348
-1251
-2204
-1999
-500
1033
1736
1246
107
-844
-1176
-542
368
1153
1588
1519
1103
550
426
628
983
1428
1736
1984
1952
1616
1119
826
1144
1719
2262
2535
2585
2472
1975
1611
1841
2664
3468
3777
3842
3704
3429
3169
3078
3194
3455
3808
3922
3635
3125
2677
2354
2149
2233
2458
2555
2358
1908
1492
1280
1162
1003
1166
1517
1301
404
-261
-126
102
-37
-126
-105
-346
-818
-1196
-1333
-1323
-1155
-1129
-1462
-1851
-2058
-2111
-2162
-2049
-1858
-1950
-2252
-2490
-2540
-2633
-2738
-2633
-2521
-2652
-3102
-3559
-3654
-3538
-3392
-3488
-3548
-3500
-3697
-3885
-3774
-3273
-2994
-3101
-3153
-3116
-2979
-2914
-2644
-2142
-1889
-1918
-2128
-1990
-1652
-1456
-1209
-976
-824
-857
-943
-851
-724
-375
33
250
313
264
307
251
298
527
890
1292
1464
1544
1674
1648
1258
916
1208
1793
2012
1943
1913
1867
1393
835
748
1176
1781
2019
1806
1260
625
154
140
657
1164
1243
1002
615
109
-392
-457
-56
371
544
426
270
140
64
63
252
680
1119
1500
1686
1598
1411
1487
1973
2356
2393
2435
2595
2625
2361
2022
1947
2124
2303
2302
2256
2295
2245
1950
1556
1558
1938
2188
2226
2214
2122
1744
1291
1434
2059
2525
2390
1902
1527
1305
1360
1562
1826
1877
1418
793
469
560
612
440
244
-37
-473
-972
-1262
-1395
-1661
-1945
-2211
-2467
-2843
-3337
-3660
-3808
-3860
-3998
-4111
-4210
-4472
-4735
-4701
-4379
-4263
-4307
-4067
-3615
-3474
-3566
-3413
-3064
-2789
-2633
-2423
-2259
-2186
-2021
-1758
-1614
-1604
-1479
-1293
-1178
-1122
-1120
-1218
-1369
-1299
-941
-626
-688
-1066
-1262
-1097
-876
-738
-450
-4
121
-158
-399
-242
220
734
1148
1278
1225
1234
1274
1397
1819
2459
2748
2377
1962
2075
2452
2519
2320
2317
2410
2191
1752
1624
1795
1686
1209
751
591
588
599
674
673
365
-227
-658
-595
-49
609
902
692
219
-11
247
904
1697
2275
2371
1989
1565
1561
1971
2631
3270
3546
3164
2416
2056
2272
2746
3040
3050
2830
2339
1646
1068
1061
1508
1807
1671
1223
794
453
322
557
921
1111
1017
876
709
468
392
525
761
989
1097
861
235
-289
-420
-265
-66
-93
-407
-1075
-1826
-2310
-2408
-2214
-2158
-2441
-3088
-3791
-4234
-4312
-4038
-3692
-3484
-3604
-4034
-4347
-4311
-3927
-3369
-2848
-2483
-2447
-2524
-2537
-2354
-1832
-1191
-802
-918
-1047
-824
-542
-425
-354
-78
142
103
-15
-42
112
215
185
96
110
232
214
38
-231
-472
-565
-520
-339
-190
-160
-394
-918
-1262
-1101
-642
-412
-366
-272
-423
-880
-1114
-638
150
494
329
40
-91
-137
-55
334
825
941
498
-5
-58
245
509
620
675
624
333
44
113
459
652
562
570
789
939
929
995
1164
1234
1290
1504
1860
2185
2341
2333
2311
2504
2851
2983
2871
2907
3178
3333
3236
3107
3069
2985
2819
2675
2690
2796
2771
2546
2186
1910
1797
1680
1504
1509
1694
1624
1146
721
647
708
609
414
302
216
139
1
-260
-502
-621
-701
-891
-1092
-1218
-1311
-1401
-1577
-1881
-2283
-2583
-2643
-2507
-2412
-2566
-2925
-3231
-3359
-3443
-3462
-3275
-3035
-3063
-3233
-3295
-3286
-3328
-3314
-2989
-2573
-2402
-2484
-2566
-2512
-2468
-2347
-2007
-1536
-1213
-1216
-1358
-1430
-1237
-824
-408
10
342
454
342
265
460
786
1093
1360
1602
1666
1422
1131
1112
1406
1715
1787
1616
1355
1035
661
400
433
645
664
379
-70
-417
-557
-538
-514
-513
-372
-300
-521
-864
-922
-611
-357
-286
-250
-198
-182
-202
-125
89
329
359
232
239
339
503
672
814
830
702
687
771
910
1059
1242
1364
1235
1076
1062
1192
1416
1696
1930
1849
1568
1299
1196
1424
1803
2017
1943
1795
1614
1323
1210
1526
2005
2136
1920
1763
1712
1603
1509
1667
2032
2207
2005
1600
1298
1219
1228
1255
1346
1366
1059
545
159
-25
-143
-242
-241
-244
-503
-993
-1440
-1643
-1624
-1576
-1668
-1872
-2063
-2232
-2432
-2542
-2473
-2364
-2347
-2415
-2478
-2552
-2546
-2384
-2163
-2052
-2084
-2077
-1981
-1885
-1813
-1664
-1451
-1348
-1421
-1453
-1348
-1154
-973
-838
-684
-624
-698
-774
-665
-377
-64
185
264
140
-33
-38
230
581
833
900
672
340
170
365
746
957
921
684
347
41
23
277
467
419
230
36
-202
-410
-378
-216
-118
-162
-260
-406
-517
-425
-292
-254
-265
-142
32
44
-44
-117
-90
77
350
579
649
614
540
537
689
918
1091
1156
1249
1335
1260
1130
1209
1521
1773
1815
1711
1590
1485
1373
1311
1332
1428
1452
1290
1019
780
679
613
512
468
505
457
264
52
-49
-38
87
207
208
192
239
248
129
144
402
660
698
599
568
559
531
502
510
538
424
217
38
-57
-169
-435
-616
-628
-624
-823
-1208
-1519
-1724
-1811
-1790
-1694
-1713
-2026
-2387
-2556
-2449
-2201
-2030
-1971
-2025
-2140
-2245
-2135
-1695
-1186
-955
-1079
-1259
-1201
-950
-585
-224
31
139
56
-28
35
272
493
551
607
671
685
643
638
702
660
516
457
568
729
735
613
434
293
292
348
433
475
479
443
270
139
178
343
407
344
295
231
194
165
183
340
446
315
36
-58
125
308
333
233
159
64
-121
-194
-61
157
184
19
-86
-51
20
-30
-77
8
157
254
283
259
185
111
161
281
415
535
553
423
167
35
92
233
363
343
175
-63
-202
-185
-66
117
134
-58
-247
-264
-179
-89
96
268
263
131
50
116
244
395
501
496
399
262
216
284
322
222
64
21
-1
-79
-194
-314
-461
-715
-890
-843
-687
-599
-668
-847
-1092
-1260
-1215
-990
-733
-620
-642
-815
-1046
-1078
-811
-478
-324
-313
-342
-435
-555
-512
-259
18
58
-107
-238
-235
-127
8
98
56
-76
-148
-71
74
125
108
78
2
-56
-10
176
413
489
387
232
217
364
553
740
904
1006
945
880
1010
1277
1479
1536
1477
1396
1392
1479
1583
1571
1572
1583
1420
1092
900
1027
1193
1109
777
478
341
239
143
137
211
194
-74
-413
-578
-542
-411
-274
-149
-156
-348
-655
-855
-732
-350
-38
-77
-325
-496
-599
-699
-636
-303
-29
-137
-449
-687
-783
-779
-620
-378
-198
-233
-551
-855
-873
-627
-386
-228
-160
-205
-356
-476
-389
-134
124
190
106
23
20
57
28
31
103
97
-53
-259
-332
-352
-480
-674
-763
-711
-786
-1033
-1266
-1406
-1490
-1498
-1322
-1141
-1210
-1401
-1497
-1438
-1299
-1053
-686
-430
-411
-565
-604
-367
3
279
358
417
487
515
540
612
755
842
827
792
783
820
802
740
727
749
759
728
756
787
699
585
620
779
807
741
739
762
750
709
750
817
871
899
942
1021
1085
1163
1282
1430
1494
1489
1534
1647
1725
1711
1705
1732
1681
1553
1400
1320
1328
1296
1155
932
710
506
379
351
274
98
-80
-249
-477
-664
-672
-616
-677
-817
-931
-1038
-1155
-1224
-1212
-1084
-900
-878
-1077
-1282
-1320
-1238
-1164
-1006
-784
-763
-949
-1051
-949
-815
-742
-660
-567
-594
-700
-726
-595
-396
-241
-186
-240
-329
-437
-501
-419
-186
9
-25
-209
-415
-546
-566
-473
-376
-386
-474
-634
-905
-1177
-1205
-1003
-852
-959
-1232
-1426
-1525
-1568
-1493
-1301
-1149
-1220
-1384
-1441
-1388
-1276
-1106
-948
-892
-871
-871
-833
-700
-526
-408
-333
-259
-252
-208
-123
-21
2
13
81
184
272
305
340
322
357
482
642
678
658
688
732
820
974
1211
1350
1300
1163
1145
1317
1517
1657
1769
1784
1597
1343
1317
1564
1831
1886
1742
1557
1387
1324
1427
1616
1734
1674
1484
1317
1301
1400
1545
1664
1672
1543
1364
1304
1413
1613
1687
1552
1338
1191
1101
1031
1070
1118
1036
781
484
289
160
75
41
-69
-309
-592
-807
-936
-999
-980
-996
-1169
-1464
-1663
-1690
-1605
-1465
-1380
-1377
-1474
-1653
-1788
-1717
-1420
-1115
-978
-1065
-1173
-1214
-1247
-1136
-853
-576
-504
-664
-861
-975
-974
-897
-785
-684
-695
-889
-1205
-1479
-1578
-1534
-1516
-1511
-1568
-1727
-1999
-2243
-2347
-2292
-2067
-1904
-1913
-1994
-2012
-1953
-1815
-1566
-1221
-935
-815
-790
-706
-529
-320
-107
106
361
521
550
500
442
431
484
574
666
746
669
458
260
196
322
488
547
576
542
435
356
435
637
777
890
1013
1077
1069
1112
1255
1450
1634
1773
1836
1818
1802
1872
1977
2036
2057
2012
1921
1831
1817
1890
1910
1817
1633
1473
1356
1272
1241
1249
1285
1241
1092
996
991
1008
995
968
982
955
860
801
884
954
961
936
829
727
709
709
705
706
683
556
402
348
402
459
399
325
194
-2
-124
-187
-168
-139
-204
-410
-644
-750
-748
-715
-694
-695
-826
-1019
-1189
-1240
-1125
-939
-857
-956
-1081
-1128
-1120
-1104
-1047
-977
-962
-1028
-1125
-1148
-1201
-1284
-1368
-1439
-1534
-1612
-1715
-1872
-2015
-2142
-2201
-2236
-2176
-2146
-2265
-2392
-2509
-2564
-2492
-2251
-1945
-1820
-1902
-2036
-2034
-1786
-1419
-1054
-846
-823
-912
-1002
-887
-642
-299
10
179
132
-72
-71
79
254
454
559
535
357
176
183
395
632
789
818
764
699
604
647
904
1217
1350
1327
1229
1144
1097
1158
1423
1689
1810
1801
1743
1658
1577
1597
1694
1834
1910
1858
1700
1570
1643
1792
1893
1890
1867
1860
1776
1712
1700
1777
1881
1872
1720
1615
1642
1606
1460
1411
1487
1494
1351
1120
968
926
854
780
758
774
1073
1279
856
151
-50
13
-21
-156
16
471
595
193
-381
-696
-681
-358
-108
24
-41
-248
-593
-882
-890
-663
-454
-430
-575
-899
-1195
-1381
-1449
-1280
-1057
-992
-894
-920
-1227
-1636
-1929
-2096
-1987
-1889
-1838
-1690
-1722
-1862
-1925
-2074
-2297
-2317
-2113
-1850
-1664
-1607
-1783
-1970
-1813
-1447
-1387
-1713
-1679
-1097
-944
-1618
-1992
-1525
-1088
-1041
-1159
-960
-969
-1319
-1293
-984
-853
-985
-825
-550
-378
-379
-404
-169
-67
-155
-292
-346
-285
-181
105
375
406
179
80
45
26
378
572
636
485
432
627
663
636
888
1233
1152
968
949
1101
1137
1118
1283
1491
1476
1300
1341
1586
1729
1651
1685
1718
1553
1451
1660
1857
1887
1880
1835
1697
1468
1451
1656
1838
1774
1724
1675
1422
1180
1135
1306
1463
1573
1537
1457
1360
1202
1140
1117
1212
1273
1248
1184
1049
934
858
871
845
764
675
591
476
355
252
211
120
15
-18
-56
-108
-259
-389
-504
-577
-639
-687
-668
-696
-825
-1082
-1283
-1312
-1269
-1189
-1190
-1263
-1426
-1683
-1908
-1997
-1932
-1762
-1633
-1661
-1812
-2006
-2155
-2227
-2192
-2064
-1950
-1919
-1961
-2023
-2103
-2165
-2107
-1992
-1870
-1753
-1670
-1667
-1658
-1588
-1602
-1587
-1457
-1196
-970
-921
-954
-966
-988
-936
-806
-633
-486
-417
-357
-370
-441
-415
-263
-128
-6
72
103
140
176
240
232
220
315
456
525
590
652
639
653
645
682
713
786
890
946
952
902
906
937
1049
1209
1319
1338
1285
1253
1201
1277
1441
1616
1652
1564
1484
1409
1353
1348
1507
1620
1600
1458
1365
1274
1185
1215
1320
1420
1418
1373
1306
1257
1110
1067
1151
1286
1332
1284
1267
1202
1095
965
955
939
947
940
939
897
776
662
598
533
415
399
445
448
270
144
104
-24
-157
-159
-83
-116
-215
-330
-439
-586
-683
-661
-584
-540
-583
-665
-767
-912
-1103
-1165
-1031
-917
-886
-911
-1028
-1248
-1389
-1408
-1367
-1295
-1211
-1217
-1390
-1567
-1654
-1617
-1564
-1508
-1467
-1495
-1607
-1674
-1648
-1573
-1499
-1446
-1435
-1464
-1452
-1389
-1237
-1145
-1142
-1156
-1121
-1129
-1110
-963
-783
-700
-731
-776
-765
-679
-599
-477
-350
-288
-369
-458
-462
-344
-180
-101
-36
57
137
88
27
79
229
380
533
681
738
620
472
505
709
946
1067
1093
1011
884
797
887
1122
1262
1253
1175
1116
1048
1040
1110
1228
1257
1164
1069
1012
1010
1053
1155
1179
1099
979
943
992
1074
1210
1299
1242
1090
975
968
1041
1125
1212
1259
1155
974
886
884
929
984
1015
955
833
646
459
404
490
591
555
423
290
159
15
-44
-31
7
-6
-38
-109
-228
-380
-446
-430
-404
-412
-477
-478
-495
-534
-630
-678
-689
-699
-722
-786
-843
-916
-907
-874
-884
-941
-1000
-1029
-1090
-1116
-1038
-944
-964
-1074
-1153
-1129
-1094
-1049
-999
-962
-973
-1057
-1133
-1172
-1101
-1015
-934
-898
-919
-974
-1048
-1059
-1018
-968
-925
-858
-803
-811
-808
-761
-764
-790
-752
-636
-586
-588
-536
-432
-393
-446
-478
-435
-312
-189
-78
-47
-45
-69
-44
24
112
222
294
370
412
458
449
462
497
564
625
676
763
831
858
806
719
687
739
790
831
900
930
875
759
656
649
694
798
863
858
778
664
609
612
707
816
908
906
842
723
662
700
799
932
986
929
804
725
690
739
823
897
874
728
565
461
407
379
404
461
492
376
225
114
79
27
-15
28
71
79
13
-38
-93
-175
-248
-238
-160
-113
-88
-115
-227
-361
-412
-358
-280
-254
-273
-313
-397
-493
-548
-537
-483
-428
-422
-503
-613
-701
-716
-681
-589
-515
-530
-619
-716
-774
-781
-684
-554
-497
-549
-609
-659
-695
-707
-631
-500
-403
-424
-542
-612
-635
-616
-590
-511
-453
-463
-521
-562
-557
-529
-472
-422
-382
-377
-383
-371
-311
-251
-214
-207
-226
-214
-175
-103
-2
116
149
68
16
23
86
224
431
573
566
427
274
252
360
533
701
828
832
695
514
416
452
564
694
753
696
565
443
361
353
445
569
611
540
424
329
286
349
485
575
587
538
455
392
400
458
549
621
593
483
386
380
450
526
567
511
367
245
224
268
301
336
340
266
130
39
33
64
101
113
91
48
10
-39
-69
-89
-93
-104
-130
-124
-59
-22
-83
-166
-226
-243
-276
-261
-178
-102
-133
-241
-346
-406
-380
-338
-326
-313
-288
-319
-410
-478
-458
-389
-353
-335
-314
-320
-381
-432
-406
-330
-290
-313
-340
-309
-297
-351
-375
-315
-250
-237
-271
-337
-380
-381
-330
-274
-227
-230
-264
-311
-368
-394
-356
-267
-226
-240
-254
-233
-209
-210
-222
-190
-131
-81
-39
-10
0
1
14
22
35
51
101
147
158
165
199
202
163
148
175
202
209
249
301
315
232
133
99
138
165
180
224
257
214
106
66
103
162
192
213
221
187
157
152
179
206
231
240
238
239
225
214
228
254
252
239
227
217
188
154
155
175
163
110
89
90
81
89
106
111
87
47
23
45
52
-1
-35
-23
-6
0
23
67
57
-22
-90
-100
-77
-55
-32
0
21
-21
-89
-109
-75
-70
-114
-152
-128
-85
-84
-113
-106
-55
-81
-189
-271
-259
-216
-166
-114
-95
-141
-230
-265
-244
-217
-179
-118
-92
-97
-104
-137
-185
-194
-130
-40
11
-8
-71
-144
-205
-202
-126
-36
-42
-135
-208
-201
-168
-141
-96
-59
-79
-143
-171
-137
-69
-28
-10
-26
-72
-66
3
84
130
134
80
-1
-16
69
165
206
191
129
62
59
107
151
168
143
100
70
62
81
114
143
148
96
12
-14
47
137
184
160
111
55
2
-26
25
137
196
175
128
67
-7
-34
22
87
114
109
74
10
-45
-55
-24
18
53
55
4
-45
-49
-21
15
58
67
3
-52
-37
-8
5
32
80
76
26
-14
-47
-44
14
89
113
54
-5
-24
-24
-14
27
92
90
33
-37
-79
-77
-38
6
19
32
26
-8
-43
-39
-25
-24
-21
-3
25
36
14
-28
-76
-98
-72
-27
-6
-30
-65
-86
-94
-94
-89
-50
18
33
-17
-49
-35
-8
2
24
55
46
-8
-41
-13
31
83
91
54
-2
-23
1
24
51
95
120
58
-42
-81
-39
30
82
80
22
-56
-116
-115
-44
44
87
62
-6
-58
-59
-23
23
60
65
51
20
-20
-27
12
62
77
72
62
31
16
6
10
37
83
98
70
54
44
31
2
-11
5
15
14
-4
-20
-26
-43
-65
-82
-86
-104
-124
-108
-76
-73
-102
-135
-135
-94
-43
-22
-40
-66
-96
-115
-88
-20
49
72
34
-51
-100
-76
-17
22
48
30
-21
-77
-82
-59
-23
-11
-34
-47
-87
-107
-94
-80
-61
-51
-53
-71
-92
-64
-19
28
20
15
20
-9
-22
-15
28
57
64
87
99
92
30
-40
-51
-38
-13
31
81
74
11
-53
-82
-54
-13
23
57
55
11
-2
53
119
136
132
120
72
45
69
146
224
258
241
187
120
75
89
148
200
209
173
137
121
118
133
142
123
89
30
-18
2
63
102
90
21
-63
-114
-98
-56
3
24
-7
-38
-77
-88
-55
11
84
101
66
15
-19
3
40
67
99
108
51
-34
-69
-53
-12
-2
-55
-105
-122
-128
-160
-165
-167
-191
-184
-179
-186
-232
-239
-200
-180
-159
-128
-120
-149
-189
-216
-195
-156
-128
-107
-92
-79
-78
-113
-167
-168
-129
-80
-54
-74
-97
-120
-159
-197
-185
-135
-99
-99
-109
-121
-168
-207
-174
-88
-50
-90
-147
-157
-129
-107
-95
-83
-81
-100
-121
-112
-49
31
30
-41
-94
-89
-49
-16
26
66
69
29
-19
-12
40
102
142
165
192
205
170
130
122
155
225
280
286
268
271
263
241
231
240
264
306
343
358
348
306
283
297
312
302
300
308
304
290
263
255
256
242
212
200
222
219
212
236
256
245
191
157
162
180
171
141
142
165
180
167
147
111
65
20
-4
7
41
64
31
-44
-107
-142
-153
-132
-87
-54
-86
-160
-231
-268
-265
-217
-143
-124
-168
-254
-318
-322
-291
-230
-189
-207
-258
-341
-388
-346
-283
-224
-203
-225
-294
-364
-374
-338
-257
-216
-239
-278
-296
-305
-301
-260
-233
-239
-247
-265
-273
-252
-202
-132
-102
-129
-163
-171
-164
-147
-100
-38
-13
-30
-76
-134
-162
-123
-58
-18
-24
-59
-115
-148
-143
-98
-19
22
9
-41
-101
-100
-34
46
125
168
142
84
66
95
168
241
296
327
332
297
248
243
272
323
348
356
335
286
252
242
268
287
295
290
255
214
183
189
238
270
245
202
186
151
106
92
112
153
155
108
48
39
72
93
94
90
77
54
57
84
111
119
111
107
96
68
58
67
62
46
30
14
-18
-45
-44
-22
-23
-76
-126
-141
-118
-94
-85
-62
-59
-89
-137
-162
-152
-113
-66
-35
-18
-60
-125
-159
-146
-110
-54
-7
-25
-95
-161
-163
-122
-94
-79
-76
-84
-121
-160
-174
-149
-99
-69
-77
-96
-115
-122
-100
-61
-45
-46
-54
-75
-79
-54
-21
-3
-6
-23
-25
-17
-19
-32
-46
-42
-45
-40
-40
-49
-64
-99
-102
-81
-70
-63
-48
-44
-66
-92
-88
-70
-38
-5
-5
-16
-35
-9
38
49
32
15
35
46
58
83
109
131
93
55
71
91
94
106
133
139
116
81
69
61
55
72
128
155
122
78
39
11
-2
45
95
123
109
50
4
28
57
61
92
96
50
-1
-4
3
39
75
81
73
38
-7
-30
-1
56
95
79
20
-10
-1
16
26
64
83
17
-58
-79
-23
58
74
37
-4
-51
-94
-69
11
63
42
-27
-99
-131
-104
-48
9
20
-37
-115
-174
-177
-103
-2
28
-36
-125
-171
-162
-114
-18
37
2
-90
-170
-170
-113
-40
18
30
-17
-92
-140
-134
-87
-17
18
12
-38
-92
-108
-112
-75
-23
16
-3
-46
-85
-106
-83
-23
23
27
22
-11
-49
-68
-45
-1
32
46
23
-16
-40
-25
20
64
75
44
28
23
19
27
60
89
85
73
41
21
32
57
87
86
79
64
42
22
10
33
70
93
77
48
23
-2
-4
41
102
113
85
46
12
0
15
57
113
148
126
63
24
22
30
58
90
94
66
32
-5
-23
2
40
52
42
19
-13
-17
-20
-9
17
23
-11
-65
-68
-45
-20
-3
-11
-2
-11
-41
-58
-46
-16
1
9
9
4
-5
-18
-28
-31
-29
-15
-8
-5
-2
-17
-44
-67
-65
-66
-61
-34
-36
-29
-21
-41
-62
-79
-76
-43
2
15
-18
-32
-48
-79
-65
-18
17
3
-42
-74
-66
-30
-25
-16
-7
-36
-65
-62
-35
-32
-15
-6
-16
-30
-46
-36
-11
20
16
-3
-3
-18
-17
12
44
38
2
-13
-13
-8
-19
-2
43
59
25
0
6
-1
-13
-11
16
39
68
50
6
-15
-12
9
16
21
21
30
15
-19
-25
12
28
27
40
28
5
-10
-1
6
23
41
47
54
47
42
30
32
35
27
48
78
78
47
14
16
42
58
57
41
32
22
16
18
33
51
29
-1
-9
3
4
11
29
25
3
-19
-21
-28
-15
19
35
30
-7
-39
-52
-44
-18
17
38
29
-6
-52
-75
-57
-6
39
49
1
-43
-61
-48
-32
-15
15
27
9
-22
-34
-42
-35
-8
21
25
0
-31
-33
-40
-41
-23
-4
-2
-25
-30
-29
-16
-19
-21
-15
-20
-28
-27
-6
12
10
-5
-24
-43
-23
9
22
23
7
-12
-34
-41
-8
23
44
28
-11
-32
-45
-32
-3
28
47
34
-8
-48
-56
-22
11
30
29
11
-15
-32
-22
-12
11
29
22
-1
-9
1
6
0
1
13
7
-9
-13
6
21
18
-2
-5
15
22
5
-14
1
15
21
34
42
19
-27
-50
-22
13
43
48
27
7
-35
-54
-36
22
71
52
4
-34
-42
-32
-4
30
46
35
-14
-53
-51
-4
42
50
22
-15
-36
-33
-11
18
32
20
0
-11
-24
-30
-3
23
16
-1
1
3
-3
-6
2
2
-1
-7
-12
3
21
16
-5
-5
6
-2
-23
-18
9
23
9
-3
5
2
-11
-21
-19
-10
19
36
21
-4
-13
-4
-10
-7
1
16
13
-6
-21
-24
-14
-3
27
41
27
4
-17
-38
-45
-19
11
31
47
37
0
-25
-41
-38
-19
19
47
32
0
-21
-25
-7
1
3
12
16
7
-16
-15
-5
1
9
6
0
-6
-3
-3
1
6
-4
1
14
14
5
-2
0
-3
-16
-25
-24
-1
21
17
11
1
-8
-8
5
15
6
0
-1
-10
-8
5
5
2
2
2
-4
-1
-2
-13
-11
5
7
-1
0
4
8
10
8
-6
-15
-5
4
-5
-2
13
14
3
-7
-12
-4
10
10
-8
-23
-16
6
12
12
9
18
9
-15
-27
-29
-12
14
38
38
18
-10
-30
-40
-22
8
27
38
20
-16
-43
-28
-10
12
45
40
-1
-29
-29
-22
-9
22
40
24
-2
-23
-22
-12
-1
3
6
18
15
-9
-23
-26
-5
19
33
21
-11
-15
-10
-3
2
1
5
10
2
-8
-6
2
-1
-6
5
8
-2
-18
-10
18
16
-5
-6
2
5
0
-6
-5
-5
0
12
16
-2
-9
-8
-4
0
10
13
3
-3
-22
-20
-1
10
14
15
7
-10
-17
-14
-12
10
16
11
19
7
-17
-15
4
3
-7
0
4
-9
-7
15
20
7
-17
-32
-29
-1
24
31
24
2
4
-10
-27
-18
6
23
6
0
-6
-23
-19
-1
26
35
11
-18
-41
-23
3
34
46
16
-12
-38
-40
-25
13
43
37
22
-13
-39
-28
-10
6
17
25
18
-8
-26
-23
-7
13
20
8
-1
10
4
-11
-17
-13
0
5
0
12
16
-1
-13
-19
-14
6
21
14
6
-2
-10
-14
-7
3
8
14
7
-7
-10
-6
-7
0
2
-5
6
14
5
-5
-1
-1
-6
-5
-10
5
24
15
-8
-14
-16
-16
0
20
18
6
-7
-15
-7
1
8
10
4
-11
-20
-5
10
11
6
3
-1
4
-2
-12
-5
2
3
1
8
2
-9
-9
-1
7
6
-3
-1
7
3
-6
-14
-10
6
16
15
8
-4
-17
-23
-2
19
18
-1
-12
-1
3
-3
-5
-3
1
7
8
-1
1
4
0
-7
-9
2
5
6
3
3
-1
-12
-20
-6
21
22
1
-9
-7
-12
-15
1
21
26
11
-10
-18
-15
-14
2
22
23
1
-13
-12
-10
-7
2
15
20
13
-11
-34
-26
2
28
22
9
6
-2
-17
-21
-14
3
23
20
4
-10
-12
-12
-8
1
7
5
4
-4
-5
3
8
10
3
-3
-9
-11
-11
-1
10
16
3
-8
-1
-2
-11
-11
1
12
13
5
3
-2
-11
-14
-11
9
17
12
3
-10
-18
-15
6
18
11
4
-3
-6
-9
-13
-2
10
