0
-1
-2
-2
-3
-3
-3
-5
-5
-5
-5
-4
-3
-3
-3
-2
-2
-1
-1
0
-1
0
1
2
3
3
4
4
3
2
1
2
3
3
3
4
3
1
1
-2
-3
-5
-5
-7
-6
-7
-6
-6
-7
-6
-5
-5
-3
-1
0
3
5
8
8
9
10
11
12
13
14
14
16
16
17
16
16
16
16
16
16
15
16
16
16
17
16
14
14
13
12
12
11
9
6
3
2
-2
-4
-7
-7
-9
-11
-12
-13
-13
-14
-15
-15
-18
-18
-18
-19
-20
-19
-20
-20
-21
-21
-22
-22
-23
-24
-23
-22
-22
-22
-22
-21
-19
-16
-15
-12
-10
-7
-6
-5
-3
-1
2
4
6
7
8
9
10
10
15
15
15
15
15
16
17
17
17
18
18
19
21
22
23
25
25
25
25
25
24
23
23
22
22
20
19
16
15
14
11
9
6
4
2
0
-3
-4
-5
-8
-8
-10
-9
-11
-11
-11
-12
-13
-14
-14
-16
-18
-19
-20
-20
-21
-19
-21
-22
-22
-24
-25
-26
-24
-24
-23
-22
-21
-20
-17
-15
-13
-11
-7
-7
-3
-2
-1
-2
-2
-1
0
0
1
0
0
0
2
1
3
5
4
5
7
6
7
8
10
10
10
11
13
14
14
14
15
15
15
14
14
14
14
14
13
13
12
10
9
8
8
6
5
4
2
2
1
0
3
2
2
2
2
1
0
2
2
2
4
4
6
5
6
7
7
9
9
9
7
6
5
4
5
3
1
1
-1
-3
-4
-5
-6
-7
-6
-7
-10
-11
-12
-12
-11
-11
-11
-12
-12
-11
-11
-12
-11
-10
-10
-11
-11
-9
-8
-9
-8
-7
-7
-7
-6
-5
-5
-4
-5
-4
-5
-5
-4
-4
-4
-3
-3
-4
-2
0
1
2
3
4
6
7
9
9
11
10
9
8
8
8
7
6
4
4
3
0
0
-1
0
1
0
0
0
0
1
1
1
1
1
1
1
0
1
0
2
2
3
3
4
5
3
3
3
4
4
5
4
5
4
3
3
2
1
2
1
0
1
0
0
-1
-2
-2
-2
-2
-2
-3
-4
-6
-8
-7
-9
-9
-8
-7
-5
-3
-1
0
1
1
1
2
3
4
3
3
3
2
2
1
2
3
3
3
3
4
6
5
5
5
6
5
5
4
3
2
1
1
1
0
-1
-3
-4
-6
-8
-9
-8
-8
-8
-8
-7
-6
-5
-4
-3
-2
-2
-2
-3
-5
-7
-7
-7
-7
-7
-7
-7
-6
-5
-4
-3
0
3
5
8
10
11
12
14
14
14
14
14
14
13
13
15
14
14
12
10
9
6
4
4
4
3
3
2
1
1
1
1
2
3
2
2
1
0
-1
-2
-3
-3
-4
-3
-4
-5
-6
-6
-6
-6
-7
-7
-8
-8
-7
-9
-9
-10
-11
-13
-13
-14
-14
-15
-15
-14
-14
-14
-14
-12
-12
-10
-8
-7
-7
-7
-7
-7
-8
-9
-8
-8
-8
-8
-7
-7
-7
-8
-7
-7
-7
-7
-6
-5
-4
-1
0
1
3
6
7
9
12
14
17
20
21
21
24
24
25
26
28
26
27
25
24
23
20
19
17
16
15
14
14
13
12
12
12
9
9
7
6
6
6
5
5
3
0
-2
-4
-8
-9
-11
-11
-11
-12
-13
-14
-13
-16
-15
-16
-15
-15
-14
-15
-16
-16
-16
-16
-16
-17
-16
-17
-17
-16
-16
-17
-15
-13
-12
-10
-8
-5
-2
1
4
6
6
8
10
12
13
15
15
15
15
15
15
14
17
18
18
19
17
16
14
14
12
10
9
8
7
5
4
2
0
-2
-3
-3
-4
-5
-6
-6
-6
-9
-10
-11
-14
-15
-15
-15
-16
-15
-17
-17
-17
-16
-15
-15
-14
-14
-13
-14
-13
-15
-15
-15
-14
-13
-13
-13
-13
-12
-10
-8
-7
-5
-3
-4
-2
1
3
5
6
7
8
10
11
14
16
19
19
20
21
22
23
23
24
24
24
23
23
22
21
21
20
20
20
20
19
18
17
15
14
14
11
8
5
4
2
-1
-3
-5
-8
-11
-13
-14
-15
-13
-15
-15
-14
-15
-15
-14
-15
-13
-14
-13
-13
-12
-11
-11
-10
-10
-10
-11
-11
-12
-12
-10
-10
-8
-7
-6
-5
-4
-3
-1
0
1
4
4
5
4
6
6
6
6
5
5
5
4
4
4
3
3
3
3
4
5
5
5
5
4
5
4
6
7
7
7
6
4
3
1
0
1
0
0
-1
-3
-2
-4
-3
-4
-6
-7
-10
-11
-11
-11
-11
-10
-10
-10
-11
-10
-9
-9
-6
-7
-8
-7
-7
-6
-4
-4
-2
-1
0
1
2
1
1
4
2
4
4
5
5
5
5
5
5
4
3
5
5
6
7
7
7
7
8
7
8
6
7
7
7
7
5
5
3
2
1
-1
0
-1
0
0
1
0
0
-1
-2
-2
-1
-3
-2
-3
-5
-4
-5
-5
-5
-4
-2
-1
1
1
0
1
1
1
0
1
1
1
0
0
0
-1
0
0
1
0
1
-1
0
-1
-1
-2
-3
-2
-2
-1
0
1
2
4
4
6
5
7
8
7
6
6
4
4
2
1
2
1
2
3
4
5
5
6
6
8
8
9
8
7
6
2
2
2
1
0
-3
-5
-5
-6
-8
-4
-3
-4
-3
-5
-5
-6
-6
-8
-9
-8
-8
-10
-10
-11
-13
-14
-13
-15
-15
-15
-14
-13
-12
-11
-12
-12
-11
-11
-9
-6
-5
-3
-2
0
2
2
0
0
2
1
2
2
2
3
4
7
9
12
15
15
16
16
18
19
19
20
20
18
17
16
16
14
15
15
14
13
12
10
9
8
7
6
5
3
1
-1
-1
-2
-4
-4
-6
-7
-9
-10
-12
-13
-13
-13
-13
-14
-16
-16
-17
-17
-18
-19
-18
-17
-15
-15
-14
-13
-13
-12
-12
-12
-12
-11
-11
-11
-11
-11
-11
-12
-11
-9
-9
-6
-4
-1
2
3
7
9
11
15
17
20
21
22
23
22
23
22
21
21
19
19
17
16
16
15
12
11
8
7
6
5
3
3
2
0
-1
-3
-3
-3
-3
-3
-4
-4
-6
-8
-9
-9
-9
-9
-10
-9
-8
-7
-7
-6
-5
-4
-4
-2
-2
-1
-1
0
0
0
-1
-1
-1
-2
-2
-2
0
0
1
2
3
4
7
9
12
16
18
20
22
23
22
21
20
17
14
13
10
7
5
1
-2
-4
-9
-10
-11
-9
-9
-8
-7
-5
-4
-3
-2
-2
0
0
0
-2
-1
-3
-4
-5
-8
-8
-9
-8
-8
-9
-9
-9
-8
-8
-9
-9
-8
-8
-7
-7
-9
-9
-10
-13
-13
-16
-16
-17
-17
-16
-16
-15
-14
-13
-10
-9
-6
-3
-1
2
3
3
3
4
3
2
2
-1
-1
-2
-3
-2
-2
-2
-3
-4
-4
-4
-3
-2
0
1
3
5
5
7
8
11
11
11
12
11
8
6
6
5
3
2
2
1
2
3
2
3
3
5
7
9
10
11
11
11
13
14
14
15
15
15
14
15
14
15
13
12
11
11
11
10
9
8
10
10
8
8
8
6
5
4
2
0
-1
-1
-3
-4
-6
-5
-5
-7
-7
-8
-9
-9
-8
-8
-7
-8
-7
-8
-8
-8
-7
-8
-8
-8
-9
-9
-10
-11
-13
-12
-12
-11
-11
-12
-12
-11
-9
-7
-5
-2
-1
0
2
2
3
2
2
1
1
0
-1
-1
-3
-3
-5
-5
-6
-6
-7
-7
-8
-7
-7
-7
-5
-6
-4
-4
-3
-3
-3
-3
-4
-2
-1
-3
-2
-2
-1
0
0
3
3
5
6
6
6
6
5
6
6
6
6
5
6
5
4
4
3
3
3
4
4
5
4
6
8
8
9
10
9
11
11
11
11
10
9
9
8
8
9
9
9
9
9
7
6
5
4
4
4
4
3
2
1
-1
-1
-1
-4
-5
-7
-7
-9
-7
-7
-8
-8
-8
-8
-8
-10
-9
-9
-9
-9
-10
-11
-12
-14
-13
-13
-13
-13
-14
-12
-12
-11
-10
-10
-10
-9
-5
-4
-2
0
3
4
5
6
7
6
7
6
6
6
6
7
7
5
4
3
3
4
7
6
7
7
7
7
6
5
5
5
6
7
6
6
5
5
6
8
8
9
8
9
8
8
6
5
7
6
5
3
2
1
-1
-1
-1
0
-1
-1
-2
-3
-4
-4
-5
-7
-8
-8
-9
-9
-8
-9
-10
-9
-10
-9
-9
-9
-10
-8
-8
-8
-7
-8
-7
-7
-7
-7
-7
-8
-7
-7
-8
-7
-6
-7
-6
-5
-2
-1
0
4
6
8
10
9
9
9
8
7
7
6
5
5
7
5
3
4
4
3
2
2
1
3
3
4
5
4
4
4
3
2
2
1
1
0
-2
-1
-3
-3
-3
-2
-1
-1
-1
-1
-1
0
0
-2
-1
-2
-4
-5
-5
-5
-6
-6
-5
-4
-4
-2
-2
-2
0
1
2
2
4
5
5
5
5
6
8
10
9
8
8
7
6
8
6
7
7
8
8
7
6
7
5
5
8
9
9
10
9
10
9
8
7
8
6
5
3
1
-2
-4
-5
-7
-9
-10
-9
-10
-10
-11
-10
-11
-12
-13
-13
-11
-12
-13
-11
-12
-11
-11
-10
-10
-11
-11
-11
-10
-9
-7
-8
-7
-5
-5
-4
-4
-4
-3
-4
-3
-2
-1
-3
-2
-2
-2
-1
1
1
1
2
2
2
2
3
3
4
6
8
8
10
9
8
9
9
10
8
8
9
8
8
7
6
5
3
1
-1
-2
-1
-3
-2
-2
-2
-2
-3
-3
-3
-3
-3
0
1
2
2
1
1
1
1
-1
1
0
0
-2
-3
-4
-6
-5
-5
-4
-4
-3
-2
0
2
4
5
6
7
6
9
9
9
9
8
8
7
6
6
6
7
8
9
9
9
9
8
9
9
9
8
7
7
5
3
1
1
-2
-1
-2
-2
-2
0
-2
-3
-5
-5
-5
-6
-5
-5
-5
-5
-5
-6
-5
-5
-5
-4
-7
-7
-7
-9
-11
-11
-14
-15
-16
-16
-15
-15
-13
-12
-11
-9
-8
-6
-4
-1
-1
2
2
3
3
3
3
3
3
2
2
1
1
1
-1
-1
-2
-3
-2
-1
-1
-1
1
1
2
2
2
1
0
1
1
2
4
4
4
3
2
4
4
5
4
3
2
3
3
2
1
1
-1
-1
-2
-1
0
-1
-2
-2
-5
-2
-2
-2
-2
-2
0
0
2
1
3
4
5
5
6
7
7
6
6
7
6
7
7
7
8
6
5
3
2
0
0
1
2
2
1
2
3
3
2
2
2
1
2
2
1
1
1
0
0
0
1
3
4
3
3
3
2
2
1
1
1
1
2
-1
-1
0
-2
-3
-4
-5
-7
-7
-8
-10
-8
-8
-7
-7
-6
-7
-8
-5
-4
-2
-1
1
2
0
-2
-3
-3
-3
-4
-3
-2
-2
-4
-5
-5
-4
-3
-3
-1
-1
-1
-1
0
1
1
1
2
2
4
2
3
4
4
3
4
5
6
7
7
7
9
8
6
4
3
1
-1
-1
-3
-5
-5
-7
-8
-9
-11
-12
-13
-13
-14
-13
-14
-14
-15
-14
-12
-9
-8
-7
-7
-6
-4
-3
-2
0
0
0
1
0
-1
0
1
2
2
3
2
3
4
4
7
8
9
10
10
11
8
7
6
6
6
6
6
8
8
8
8
8
9
10
11
14
14
17
17
16
15
15
15
14
13
14
12
9
6
4
1
0
-2
-4
-3
-2
-3
-2
-3
-4
-5
-6
-5
-2
-4
-3
-4
-4
-5
-6
-6
-7
-9
-9
-10
-11
-13
-14
-13
-14
-13
-12
-11
-10
-9
-8
-7
-6
-6
-6
-5
-6
-6
-7
-6
-4
-2
1
3
4
4
6
8
7
7
8
9
11
11
12
13
11
9
8
6
5
5
2
1
-1
-3
-4
-5
-7
-6
-7
-8
-7
-7
-7
-6
-6
-5
-4
-4
-3
-2
-2
-2
-1
0
-1
-2
-4
-4
-5
-7
-6
-7
-8
-8
-7
-8
-9
-9
-8
-9
-7
-6
-5
-7
-7
-5
-4
-4
-3
-3
-1
1
2
3
2
4
5
5
7
8
10
11
11
12
12
13
13
14
15
14
15
14
13
12
12
10
9
8
6
6
7
7
9
8
8
8
8
9
9
9
10
11
10
10
8
8
6
4
2
1
-1
-3
-6
-8
-9
-10
-12
-13
-13
-13
-14
-13
-13
-14
-14
-13
-12
-12
-13
-14
-12
-10
-8
-9
-10
-11
-10
-9
-9
-7
-6
-5
-5
-5
-6
-5
-6
-6
-4
-3
-2
-1
0
0
1
1
1
2
2
3
5
7
8
9
8
8
8
11
12
13
14
12
11
8
6
3
2
0
-1
-2
-3
-4
-4
-5
-5
-6
-4
-3
-2
-1
-1
-2
-1
-1
0
1
3
5
6
8
10
12
12
14
14
15
17
17
15
13
11
8
5
4
3
1
-2
-5
-7
-10
-10
-10
-10
-10
-9
-7
-3
-3
-3
0
-1
-1
-2
-1
0
1
1
-2
-3
-5
-9
-12
-14
-15
-17
-20
-23
-24
-26
-27
-28
-30
-27
-26
-23
-22
-21
-15
-10
-6
-3
-1
2
5
8
13
17
22
25
28
30
31
34
36
37
37
35
35
33
31
28
27
26
23
18
16
12
11
12
10
8
10
10
12
10
10
11
13
12
9
7
5
4
2
1
-2
-4
-8
-14
-18
-23
-27
-32
-36
-39
-42
-45
-48
-51
-53
-53
-53
-51
-49
-47
-44
-40
-37
-33
-29
-26
-23
-20
-16
-12
-5
-1
-1
1
6
7
13
16
18
24
24
26
27
27
34
34
35
36
36
39
37
36
35
32
36
34
29
32
33
33
33
29
31
31
27
22
20
17
14
14
10
6
2
-1
-4
-9
-8
-9
-13
-13
-18
-26
-30
-32
-35
-40
-41
-42
-41
-34
-38
-42
-38
-34
-30
-33
-30
-22
-24
-19
-19
-27
-19
-17
-17
-11
-18
-11
-3
-1
9
1
8
22
21
30
27
21
38
37
25
26
29
42
43
33
32
36
41
41
32
29
35
40
35
25
17
29
31
15
18
18
24
26
12
7
3
6
9
-4
-12
-5
-1
-16
-34
-36
-27
-30
-41
-37
-38
-40
-28
-51
-67
-41
-42
-43
-48
-52
-33
-39
-47
-47
-53
-27
-17
-25
-18
-20
-7
6
-16
-4
12
13
21
15
12
18
14
25
18
13
34
26
24
24
17
27
28
29
29
16
28
39
29
6
13
38
27
17
23
30
35
30
24
16
29
43
23
20
17
16
20
-3
-14
-6
-3
-14
-32
-19
-16
-32
-28
-26
-35
-35
-15
-28
-36
-19
-31
-22
-26
-41
-15
-28
-24
-17
-35
-5
-13
-27
-12
-29
-7
-15
-40
-15
-13
-18
-17
-17
-3
-4
-6
7
-5
-2
28
16
-1
23
31
18
11
25
28
18
25
33
31
24
37
36
21
41
59
30
44
48
37
39
13
31
37
4
26
14
1
36
-16
-1
17
-21
19
-9
-35
1
-21
-21
-33
-52
-2
-33
-68
-25
-50
-35
-30
-63
-28
-34
-38
-30
-68
-41
-17
-43
-17
-37
-45
-20
-15
-30
-39
-4
9
-2
0
8
3
14
17
15
4
47
33
20
39
12
40
40
21
45
40
60
72
8
62
59
17
58
53
22
64
30
36
43
-30
70
50
-25
72
8
-9
78
-20
29
-19
-9
79
-81
-31
0
-104
38
-74
-113
25
-99
-5
-41
-110
24
-60
-40
-23
-94
34
-56
-80
4
-73
-38
-8
-61
-35
-31
-3
-58
-58
-3
-37
-51
-4
-22
-43
-30
-14
12
-42
11
62
7
27
51
23
62
23
57
64
15
68
53
25
42
23
77
56
-19
84
45
8
73
15
31
34
38
88
-72
39
104
-104
53
30
-35
79
-48
46
-52
-71
102
-120
-39
47
-102
35
-69
-84
-13
-83
31
-43
-96
34
-2
-67
-47
-43
-49
22
1
-41
-26
-16
30
-70
-99
27
-30
-34
0
-28
4
9
-2
-15
35
50
20
54
50
6
10
82
14
2
67
50
44
16
53
11
48
63
14
51
-9
63
86
-43
70
11
43
41
-50
96
-29
21
66
-83
44
-6
-41
-15
-66
0
13
-75
-46
29
-19
-29
-16
-13
-13
-27
28
22
-131
41
87
-171
-28
13
-94
11
-86
-33
-37
-192
63
-82
-175
94
-100
-19
41
-142
71
-33
-37
136
-105
88
93
-88
152
-34
-8
96
-22
89
6
21
64
45
-15
-7
42
11
62
-4
-20
54
-4
43
-16
-31
130
34
51
45
-19
29
57
36
-31
6
97
-21
-21
17
-47
38
-72
-21
63
-80
34
-8
-56
18
-78
43
-106
-85
167
-65
-82
11
-74
-21
-54
-54
12
-51
17
14
-106
-37
-43
-32
38
-68
-24
112
-70
34
25
-106
92
25
5
5
-8
102
5
-7
12
-94
161
-2
-73
93
81
-54
17
58
-116
97
89
-117
10
76
34
38
-115
155
-13
-37
148
-152
18
150
-89
85
-14
-61
151
-43
99
-63
-1
126
-69
-22
26
-78
16
12
-8
-109
-55
43
-60
-94
-34
26
-90
-20
-34
-58
-69
1
-23
-36
-63
-7
21
9
-82
-30
-5
56
-46
-51
73
-2
106
-13
-117
63
64
13
6
-96
177
76
-112
63
-21
92
77
-124
131
-25
-2
162
-154
41
126
-23
56
-36
56
166
-100
53
87
-81
75
60
-102
67
22
31
-27
-58
106
-55
2
42
-36
-51
21
-6
-52
16
48
-95
11
-48
-52
34
-115
22
-4
-81
0
-86
-53
-8
-75
12
-104
-57
43
-30
-69
-17
15
-43
-3
6
-28
-26
54
23
-104
30
90
-90
16
78
-27
-58
51
-8
1
80
-14
-2
-2
32
68
-90
33
106
56
58
-49
59
95
-84
99
13
-54
201
-40
34
56
-73
116
-77
-43
114
-36
123
-15
-46
99
-105
-26
44
-41
14
42
23
-45
-61
5
-81
-61
13
4
-48
-46
-2
-73
-79
-56
-53
18
-46
-2
68
-145
19
46
-137
18
43
22
7
-25
101
-67
-82
59
-66
40
78
-58
20
-26
-39
-3
-23
33
55
39
62
-10
-12
66
51
26
20
40
42
77
53
43
48
41
78
5
-7
105
54
-1
59
15
-2
-62
-23
77
-82
11
80
-130
-66
18
-33
-44
-126
74
10
-171
15
-28
-85
-22
-51
11
-143
-44
80
-116
-36
35
-14
-34
-101
-7
-30
-14
57
-61
65
-52
-39
91
-95
-34
94
83
49
-92
111
27
-125
114
-12
-51
151
3
-16
-27
-23
99
-84
-15
132
41
101
-29
-63
132
-63
-11
107
-20
117
159
15
-30
-55
99
53
-71
149
65
-35
24
-84
-71
-15
-27
44
36
41
-15
-184
19
-5
-224
16
121
-26
11
-3
-68
-155
-11
183
-200
-130
336
-38
-218
-6
-67
3
-54
25
6
-212
184
100
-321
6
45
30
-30
-230
165
28
-185
202
-97
-207
140
72
-15
-132
134
267
-235
46
205
-172
131
143
-22
5
55
223
-101
-51
287
-67
71
176
-140
81
114
70
-16
-111
121
25
-14
65
-123
11
137
-34
-124
-147
69
64
-121
-11
-32
-81
52
-19
-225
-82
144
-27
-117
-6
19
-79
-40
32
-161
-108
123
53
-102
-109
112
-55
-224
94
-65
-133
146
113
-16
-212
-2
114
-179
112
50
-80
264
-17
-93
45
-59
161
90
8
66
-56
142
53
-175
216
125
-69
168
21
-99
32
28
73
54
99
-4
-154
115
10
-166
91
54
-70
103
-77
-116
5
-5
-93
-32
188
14
-149
65
71
-214
-150
95
55
-111
126
205
-248
-116
239
-206
-339
310
325
-359
-112
405
-277
-347
325
-23
-338
185
389
-256
-334
337
-9
-318
186
22
-146
158
157
-75
-172
157
145
-172
84
90
-39
188
20
-38
59
-7
39
-49
31
124
-50
124
106
-217
-39
28
-126
-42
123
131
-93
-92
107
-192
-208
180
-11
-101
114
-26
-135
18
-18
-77
49
70
-57
-74
16
25
-23
-28
-95
5
61
-105
27
106
-70
38
31
-254
-42
249
-44
-84
296
73
-187
144
78
-290
121
442
-65
-116
275
20
-219
68
15
-166
151
279
-148
-134
174
-83
-186
124
139
-61
41
193
-82
-218
36
43
-163
80
198
-231
-84
260
-179
-359
139
216
-110
-42
3
-392
-114
260
-235
-167
347
144
-238
-226
-103
-134
50
332
17
4
295
-167
-359
-56
89
78
29
284
57
-245
118
-101
-204
142
67
157
46
-2
213
-130
-55
112
-50
120
149
249
125
-312
68
77
-263
101
142
25
71
42
-106
-340
-92
115
-98
95
193
-77
-96
-82
-154
-166
13
193
128
158
136
-95
-104
-96
-152
54
193
141
14
-126
-74
-150
-165
26
41
141
110
-130
-176
-201
-96
0
-45
126
126
-37
-64
-169
-113
108
77
125
216
24
4
-21
-152
-8
81
105
147
12
84
54
-89
-65
-112
70
168
-62
111
108
-159
-7
-3
-11
100
105
70
14
-18
-9
-175
-74
183
122
124
58
-147
-69
3
-99
-66
9
49
30
0
-139
-233
-64
51
-60
-17
123
-45
-83
-5
-177
-116
83
52
79
-18
-117
-8
-95
-128
-6
62
165
121
39
-73
-170
49
35
-107
176
199
10
24
-130
-236
-93
37
77
104
81
25
-79
-140
-146
-138
111
255
58
91
75
-157
-49
16
-2
78
128
252
48
-172
46
-50
-88
198
108
122
166
-64
-122
-193
-120
136
139
125
3
-50
31
-212
-194
61
26
149
175
-159
-217
-88
-102
-51
81
162
71
-29
-24
-216
-236
46
98
125
207
29
-107
-133
-184
-100
8
146
223
74
-42
-158
-227
-100
-8
65
127
133
126
-77
-200
-141
-156
-30
160
162
130
88
-2
-90
-67
-24
2
218
290
106
55
17
-121
-132
30
155
76
128
171
-68
-138
-78
-127
-56
73
94
-3
-58
-28
-90
-108
-45
-41
8
104
92
67
-10
-98
-77
-74
-99
-27
85
87
17
-106
-177
-206
-167
-21
33
57
73
-40
-99
-134
-141
19
101
108
132
65
-3
-15
20
33
3
103
146
45
60
35
-48
13
56
9
-19
8
45
32
-24
-51
-35
-48
-34
39
70
67
31
2
-44
-61
31
28
-1
82
40
-19
-35
-112
-44
17
5
30
5
-12
-50
-60
-16
-99
-65
61
23
54
69
-22
-69
-97
-76
-85
-69
49
67
33
-22
-106
-136
-97
-12
52
108
137
73
23
-29
-75
5
110
140
126
126
68
-44
-72
-87
-72
40
80
58
30
-3
-32
-60
-42
-27
34
108
93
93
26
-65
-35
-31
6
116
126
85
16
-53
-114
-154
-45
27
19
57
19
-62
-128
-123
-46
-6
32
71
22
-52
-93
-106
-119
-100
-26
-30
-73
-43
-38
-64
-56
-5
3
-18
30
47
22
26
36
40
20
20
34
6
28
48
37
29
9
35
18
-5
47
37
35
69
53
56
62
67
58
17
60
88
68
109
107
87
96
82
67
51
52
61
48
73
84
48
14
-46
-39
-4
-28
-23
-17
-41
-83
-114
-139
-185
-146
-60
-85
-116
-117
-150
-162
-134
-90
-81
-79
-61
-83
-112
-138
-145
-110
-80
-45
-10
-17
-61
-74
-65
-76
-51
20
23
-8
16
7
-25
-6
28
54
97
124
72
30
41
10
-19
24
50
19
58
71
-3
-13
43
89
119
156
182
161
151
167
133
154
214
251
280
208
165
146
66
91
139
167
220
171
106
18
-63
-58
-126
-84
-4
-50
-2
-56
-180
-181
-185
-153
-103
3
89
1
-12
-33
-157
-137
-83
-63
-43
-18
5
-99
-199
-218
-282
-298
-284
-300
-295
-276
-226
-212
-250
-252
-237
-238
-224
-176
-130
-92
-46
-46
-116
-189
-208
-178
-94
41
186
232
229
231
150
135
194
255
393
488
506
430
293
238
151
123
225
249
301
315
240
160
26
9
48
61
206
314
312
270
185
185
154
168
317
347
350
335
215
65
-59
-66
-83
-138
-112
-178
-314
-408
-480
-512
-528
-477
-440
-478
-496
-531
-572
-547
-464
-352
-317
-334
-341
-407
-485
-489
-444
-401
-337
-284
-341
-387
-391
-395
-307
-129
81
195
303
450
451
479
555
537
591
737
840
790
670
623
488
374
395
388
409
426
378
283
127
79
102
109
206
302
372
412
410
458
461
461
554
605
626
633
579
457
267
122
-19
-169
-212
-261
-381
-485
-602
-727
-795
-806
-786
-775
-724
-703
-750
-742
-737
-723
-645
-570
-535
-534
-532
-550
-593
-577
-562
-555
-547
-636
-720
-760
-784
-744
-633
-422
-187
35
231
266
325
472
542
625
794
992
1101
1104
1011
752
502
431
394
416
536
584
486
309
131
-58
-134
-2
181
363
533
619
636
604
607
661
756
915
1032
1073
984
780
571
308
72
-34
-144
-241
-313
-470
-695
-901
-978
-990
-970
-826
-702
-678
-642
-640
-673
-644
-516
-364
-275
-173
-86
-122
-202
-268
-337
-406
-454
-478
-549
-632
-736
-891
-1020
-1092
-1086
-965
-656
-220
157
369
443
451
468
529
692
974
1291
1496
1419
1091
705
440
311
317
470
608
547
313
-22
-382
-588
-510
-251
33
359
591
551
463
469
504
678
1017
1305
1367
1278
1067
641
275
116
-44
-115
-93
-226
-519
-816
-1038
-1217
-1225
-1008
-838
-721
-601
-623
-688
-685
-622
-488
-313
-130
-58
-53
-57
-140
-201
-200
-242
-323
-451
-617
-749
-841
-916
-984
-990
-989
-1013
-908
-675
-351
68
422
586
675
749
675
608
791
1065
1222
1251
1066
680
396
229
69
129
425
575
445
254
-14
-330
-381
-172
99
464
822
900
794
746
669
632
864
1172
1264
1217
1073
677
208
-66
-249
-360
-293
-263
-451
-700
-917
-1125
-1186
-983
-747
-567
-384
-337
-445
-505
-440
-357
-214
33
152
45
-103
-249
-398
-488
-475
-451
-535
-624
-775
-1037
-1206
-1226
-1157
-1040
-846
-519
-260
-39
184
216
292
511
693
752
805
1033
1153
1042
897
576
265
215
222
230
315
449
379
86
-117
-296
-388
-148
155
387
629
766
687
530
584
739
847
1066
1213
1104
874
586
281
0
-126
-138
-219
-292
-419
-710
-958
-1009
-934
-819
-617
-420
-408
-452
-400
-369
-315
-122
75
167
185
107
-92
-239
-233
-252
-335
-383
-498
-682
-832
-994
-1181
-1233
-1140
-1088
-1071
-947
-725
-473
-129
220
483
724
923
1028
1060
1038
1024
1097
1177
1095
841
660
471
144
-33
-11
87
200
223
62
-213
-341
-355
-313
50
556
830
916
909
752
576
667
906
1055
1175
1130
766
313
-44
-356
-542
-506
-442
-525
-663
-832
-1046
-1155
-1078
-890
-662
-408
-240
-216
-216
-202
-197
-148
-10
145
152
60
-38
-231
-387
-379
-382
-463
-532
-600
-847
-1164
-1221
-1257
-1272
-1000
-770
-718
-566
-167
116
245
648
984
1080
1275
1319
1110
1115
1375
1300
888
746
581
162
33
77
6
64
169
-80
-531
-652
-605
-599
-228
288
494
590
708
674
560
719
1079
1332
1476
1450
1105
635
263
-39
-277
-360
-332
-470
-779
-1051
-1247
-1393
-1358
-1092
-861
-699
-486
-367
-392
-322
-118
39
182
376
384
231
151
32
-119
-125
-82
-216
-439
-581
-803
-1080
-1149
-1181
-1194
-1062
-972
-998
-902
-503
-125
169
604
915
1024
1184
1212
1067
1095
1396
1489
1266
1067
702
210
9
-65
-142
18
258
145
-233
-517
-809
-948
-632
-183
172
555
769
634
484
544
660
911
1359
1551
1400
1133
691
159
-201
-319
-381
-362
-336
-619
-1014
-1242
-1359
-1348
-1115
-790
-585
-433
-292
-300
-326
-216
-11
214
358
414
335
159
33
-80
-154
-176
-259
-399
-663
-909
-1060
-1202
-1164
-1053
-1031
-1012
-923
-734
-473
-38
536
894
1130
1329
1262
1112
1073
1184
1346
1457
1389
900
376
73
-277
-425
-204
61
105
-18
-295
-783
-1046
-871
-610
-207
402
768
786
701
621
562
734
1150
1444
1550
1503
1138
546
64
-282
-506
-510
-398
-448
-727
-1032
-1296
-1486
-1434
-1152
-834
-525
-271
-183
-231
-247
-176
-67
130
356
447
409
289
77
-168
-326
-387
-475
-599
-698
-855
-1046
-1210
-1362
-1435
-1343
-1088
-810
-509
-102
224
467
768
935
1052
1261
1376
1313
1292
1402
1253
883
615
299
4
-113
-202
-231
-80
25
-202
-515
-626
-688
-607
-248
146
509
824
952
911
887
1013
1156
1314
1524
1589
1408
1056
619
165
-210
-394
-425
-483
-561
-703
-981
-1217
-1282
-1232
-1037
-673
-330
-165
-52
15
-43
-26
121
257
367
455
398
160
-78
-305
-520
-562
-569
-698
-860
-1015
-1181
-1341
-1449
-1478
-1440
-1245
-1012
-908
-641
-197
193
506
703
836
948
1018
950
759
867
1173
1149
908
570
155
-164
-305
-328
-215
147
371
100
-272
-524
-707
-576
-166
322
789
1102
1097
825
706
743
862
1203
1549
1673
1541
1121
589
125
-153
-213
-150
-22
-67
-327
-685
-1091
-1277
-1181
-914
-503
-161
-36
-96
-272
-436
-477
-287
-18
160
302
232
-97
-426
-660
-739
-673
-547
-500
-639
-821
-1047
-1272
-1328
-1279
-1093
-841
-684
-534
-364
-140
113
277
420
593
825
920
729
627
687
743
775
679
493
328
164
-45
-175
26
312
388
358
177
-67
-132
-53
153
574
1044
1211
1083
965
795
646
793
1053
1256
1345
1169
760
318
-31
-310
-388
-217
-141
-230
-374
-668
-982
-1091
-969
-702
-388
-133
-87
-198
-374
-584
-633
-481
-279
-98
-18
-120
-400
-724
-929
-973
-808
-582
-516
-586
-789
-1067
-1244
-1246
-1070
-810
-524
-348
-384
-420
-331
-106
195
448
637
768
798
704
561
549
731
956
1018
842
643
516
343
223
295
504
688
704
512
242
96
26
-47
135
541
797
844
814
688
498
434
504
641
915
1132
1017
741
425
29
-278
-292
-141
-53
-17
-108
-407
-694
-866
-940
-847
-643
-492
-469
-530
-666
-843
-923
-899
-811
-644
-500
-450
-458
-528
-616
-657
-641
-597
-555
-509
-482
-499
-546
-643
-708
-650
-554
-480
-379
-212
-1
129
167
214
321
434
455
477
584
793
1036
1090
958
842
724
532
409
520
739
908
960
724
327
103
-11
-63
142
516
716
704
651
488
268
255
366
507
754
925
829
618
403
69
-257
-300
-198
-162
-121
-150
-390
-715
-962
-1106
-1117
-937
-703
-570
-512
-576
-748
-843
-807
-680
-487
-247
-73
-74
-153
-239
-330
-359
-337
-302
-267
-249
-261
-387
-574
-708
-768
-757
-705
-639
-560
-403
-183
-35
58
205
394
550
641
707
832
1100
1368
1400
1284
1172
973
676
479
501
663
805
756
460
109
-185
-481
-623
-425
-67
182
316
360
251
89
35
123
372
740
1028
1114
1043
784
335
-50
-179
-155
-91
-18
-55
-316
-710
-1104
-1387
-1430
-1231
-974
-769
-622
-621
-767
-882
-857
-757
-559
-234
70
227
220
111
-24
-102
-115
-109
-42
70
59
-110
-339
-570
-774
-884
-853
-751
-620
-447
-281
-150
-61
16
163
375
565
671
784
1019
1277
1371
1243
1047
900
723
540
497
600
697
623
349
-6
-283
-466
-606
-569
-333
-119
-35
12
37
-3
-30
57
255
543
836
994
1029
942
678
348
181
180
187
176
126
-66
-379
-695
-944
-1052
-995
-874
-774
-676
-624
-698
-779
-730
-582
-389
-155
75
234
311
310
263
259
329
352
323
295
235
74
-150
-340
-505
-637
-701
-759
-813
-798
-726
-620
-484
-335
-208
-62
124
190
177
322
602
835
947
960
904
815
683
494
408
516
591
491
321
108
-178
-476
-703
-796
-709
-512
-375
-306
-242
-244
-280
-212
-25
212
469
716
872
920
871
718
569
521
493
435
393
336
172
-80
-304
-474
-598
-658
-690
-690
-633
-589
-585
-567
-494
-400
-289
-124
67
234
362
455
506
499
440
339
246
200
155
50
-101
-269
-434
-626
-815
-939
-977
-907
-780
-675
-598
-513
-429
-377
-328
-214
-3
300
612
796
857
872
836
727
622
593
620
663
637
469
211
-68
-356
-613
-740
-733
-663
-569
-466
-393
-345
-287
-208
-83
113
365
624
867
1057
1137
1119
1057
977
883
794
729
676
586
420
201
-33
-248
-444
-587
-639
-606
-534
-467
-413
-369
-332
-281
-188
-54
110
271
390
442
422
345
224
112
36
-51
-168
-309
-467
-651
-842
-1020
-1184
-1296
-1334
-1319
-1247
-1128
-1018
-921
-794
-641
-519
-377
-132
183
489
716
813
819
799
742
620
533
554
591
545
425
229
-30
-297
-527
-695
-740
-629
-458
-302
-151
-37
8
62
191
393
674
1023
1346
1554
1637
1593
1460
1319
1199
1090
1015
966
856
648
388
115
-157
-377
-505
-549
-515
-438
-364
-324
-296
-279
-267
-225
-145
-64
15
92
132
107
18
-126
-302
-483
-654
-799
-910
-1007
-1112
-1225
-1351
-1485
-1595
-1624
-1546
-1378
-1165
-963
-775
-595
-455
-359
-257
-99
108
337
547
684
729
695
609
511
436
393
397
441
461
384
221
31
-121
-207
-223
-146
23
212
360
466
556
644
751
885
1054
1258
1460
1591
1637
1615
1517
1363
1198
1055
934
825
714
593
453
277
64
-137
-291
-389
-429
-410
-350
-287
-264
-295
-356
-421
-480
-513
-496
-447
-414
-435
-525
-690
-896
-1091
-1245
-1345
-1386
-1378
-1357
-1351
-1372
-1417
-1456
-1439
-1331
-1150
-927
-685
-485
-359
-281
-234
-220
-193
-92
73
271
468
589
586
533
478
402
337
353
457
576
656
644
543
426
339
255
214
300
489
689
860
980
1026
1036
1049
1063
1101
1212
1371
1496
1554
1518
1368
1149
932
740
610
556
545
523
436
272
47
-172
-328
-408
-400
-325
-243
-222
-282
-407
-571
-737
-849
-901
-928
-952
-986
-1052
-1180
-1358
-1525
-1627
-1638
-1590
-1508
-1389
-1252
-1143
-1099
-1093
-1080
-1016
-875
-690
-516
-359
-210
-122
-145
-261
-383
-423
-308
-84
136
331
498
566
491
373
318
366
550
811
1007
1105
1131
1036
840
683
598
579
701
927
1098
1178
1206
1141
998
885
860
932
1105
1290
1369
1362
1282
1091
836
640
547
524
545
562
530
432
265
36
-187
-342
-432
-468
-465
-467
-527
-661
-845
-1056
-1251
-1393
-1444
-1414
-1358
-1319
-1308
-1336
-1403
-1463
-1462
-1376
-1227
-1065
-929
-815
-742
-753
-818
-849
-803
-699
-563
-438
-344
-263
-237
-311
-410
-417
-294
-71
203
439
594
708
773
737
689
752
918
1097
1216
1240
1163
1026
842
623
481
498
601
707
807
893
914
881
840
817
856
980
1132
1258
1360
1389
1293
1130
983
839
702
625
601
564
490
361
160
-64
-268
-456
-610
-700
-775
-884
-1005
-1125
-1275
-1415
-1475
-1478
-1481
-1473
-1419
-1335
-1266
-1242
-1246
-1225
-1162
-1109
-1104
-1080
-1003
-941
-954
-1003
-1034
-1018
-921
-774
-642
-529
-405
-309
-261
-236
-183
-30
264
582
769
858
941
980
926
859
893
1056
1239
1291
1196
1037
837
584
375
318
406
556
693
794
862
882
853
856
949
1097
1252
1417
1558
1588
1488
1322
1166
1050
938
813
723
676
571
361
130
-78
-291
-505
-667
-766
-843
-941
-1058
-1157
-1225
-1306
-1402
-1431
-1378
-1316
-1262
-1180
-1094
-1067
-1093
-1124
-1143
-1146
-1136
-1133
-1104
-1052
-1049
-1119
-1183
-1195
-1163
-1062
-890
-715
-543
-314
-128
-118
-213
-206
5
354
689
918
1112
1285
1237
929
691
736
911
1020
1047
1025
933
702
335
34
4
158
309
498
753
930
948
912
904
947
1063
1248
1471
1662
1698
1558
1381
1227
1018
786
665
645
591
440
230
25
-183
-425
-653
-763
-767
-777
-811
-817
-830
-904
-1007
-1073
-1077
-1052
-1023
-980
-926
-919
-988
-1087
-1156
-1218
-1299
-1337
-1282
-1204
-1213
-1264
-1233
-1102
-968
-871
-752
-567
-348
-191
-122
-55
84
263
442
592
673
679
681
676
618
564
601
702
757
693
512
332
234
158
93
166
381
568
660
718
757
777
803
861
992
1204
1384
1443
1436
1361
1157
923
806
784
767
739
683
563
350
65
-195
-308
-306
-306
-304
-272
-294
-438
-634
-771
-801
-762
-715
-651
-573
-575
-711
-892
-1017
-1085
-1111
-1110
-1124
-1167
-1227
-1295
-1364
-1382
-1300
-1118
-847
-568
-411
-350
-229
-86
-61
-61
110
385
586
638
545
424
368
255
69
90
373
588
590
504
351
140
-24
-112
-55
256
633
825
898
933
813
626
598
696
851
1067
1225
1217
1114
896
540
289
256
269
297
426
489
354
161
-20
-197
-266
-204
-112
21
159
138
-21
-156
-287
-443
-495
-426
-370
-365
-402
-511
-684
-891
-1132
-1308
-1356
-1380
-1416
-1362
-1272
-1244
-1184
-983
-694
-394
-133
62
276
493
525
426
496
702
758
625
438
235
23
-189
-368
-338
-91
53
-56
-196
-266
-353
-393
-240
112
555
918
1075
1111
1107
1028
930
979
1135
1228
1216
1104
872
524
103
-271
-435
-396
-310
-231
-143
-133
-264
-412
-440
-314
-81
197
472
675
688
499
265
131
103
130
188
232
187
-39
-408
-739
-954
-1119
-1210
-1183
-1171
-1251
-1347
-1448
-1539
-1458
-1142
-693
-176
288
530
647
769
734
533
515
772
1005
1023
815
442
62
-318
-741
-929
-672
-312
-202
-249
-339
-502
-651
-662
-439
76
686
1074
1257
1372
1316
1097
977
1041
1145
1203
1175
1007
676
176
-406
-812
-926
-910
-872
-766
-658
-675
-784
-825
-698
-433
-109
231
556
759
756
641
568
563
561
532
486
393
196
-101
-386
-606
-815
-1024
-1177
-1285
-1394
-1491
-1533
-1473
-1274
-949
-573
-177
200
501
771
1030
1152
1133
1182
1352
1419
1240
910
538
163
-211
-530
-620
-456
-325
-451
-669
-790
-865
-894
-713
-260
308
771
1005
1062
1077
1098
1112
1200
1409
1571
1503
1232
832
293
-286
-701
-900
-977
-998
-1030
-1126
-1258
-1396
-1518
-1455
-1117
-702
-355
-20
247
323
321
353
399
512
706
793
713
564
317
-29
-298
-480
-680
-820
-899
-1084
-1310
-1393
-1393
-1341
-1099
-690
-253
219
625
813
935
1132
1228
1209
1364
1624
1644
1390
996
491
14
-269
-391
-350
-124
-20
-269
-588
-748
-852
-817
-438
117
579
880
954
843
799
875
928
1058
1306
1368
1138
842
467
-102
-615
-873
-972
-965
-933
-1054
-1267
-1407
-1538
-1628
-1405
-937
-560
-300
-102
-86
-192
-197
-82
115
399
627
622
454
221
-78
-332
-419
-425
-499
-622
-752
-950
-1190
-1296
-1191
-897
-400
199
645
876
1043
1180
1226
1256
1335
1481
1722
1850
1534
921
401
-21
-398
-507
-306
-56
44
-114
-486
-755
-744
-591
-257
372
969
1174
1116
1005
875
809
887
1034
1177
1219
1003
565
78
-425
-922
-1208
-1185
-1065
-1045
-1128
-1266
-1439
-1567
-1516
-1245
-846
-428
-104
18
-60
-228
-364
-342
-127
124
230
205
71
-215
-568
-789
-852
-837
-784
-765
-853
-992
-1103
-1191
-1133
-733
-65
548
957
1225
1397
1473
1445
1334
1334
1655
2019
1921
1381
797
255
-276
-603
-605
-352
-24
42
-272
-580
-645
-632
-456
117
847
1332
1506
1436
1230
1081
1049
1087
1225
1360
1260
882
370
-219
-817
-1216
-1299
-1211
-1161
-1187
-1248
-1379
-1556
-1578
-1362
-1011
-582
-173
44
69
-15
-182
-270
-119
100
191
225
180
-100
-479
-734
-914
-1039
-1008
-977
-1093
-1208
-1271
-1373
-1311
-921
-384
199
787
1116
1224
1499
1780
1668
1512
1745
2016
1998
1709
1119
467
95
-194
-492
-394
-38
-41
-345
-575
-771
-870
-645
-160
474
1114
1375
1221
1107
1130
1122
1206
1444
1587
1463
1073
502
-86
-599
-1010
-1179
-1110
-1077
-1215
-1413
-1607
-1729
-1672
-1445
-1121
-736
-424
-300
-279
-326
-442
-443
-247
-54
64
132
27
-243
-466
-612
-753
-799
-765
-854
-1009
-1138
-1348
-1483
-1309
-944
-470
134
594
790
1022
1383
1613
1676
1717
1830
2045
2127
1757
1167
724
331
-20
-64
113
256
270
4
-458
-693
-615
-422
-14
622
1078
1156
1031
835
730
894
1185
1385
1488
1394
940
304
-269
-740
-1038
-1058
-939
-931
-1104
-1352
-1593
-1731
-1615
-1268
-863
-496
-247
-207
-307
-435
-559
-561
-352
-108
-25
-60
-192
-478
-761
-848
-817
-766
-695
-702
-834
-1012
-1200
-1297
-1104
-681
-220
286
765
935
918
1092
1405
1565
1585
1646
1774
1823
1509
833
305
128
-22
-100
134
412
427
203
-162
-393
-234
117
485
1020
1505
1462
1095
890
840
912
1171
1382
1378
1201
688
-72
-620
-935
-1188
-1193
-985
-992
-1244
-1440
-1609
-1737
-1534
-1073
-622
-207
0
-116
-261
-368
-561
-592
-340
-155
-169
-249
-501
-944
-1278
-1377
-1310
-1098
-923
-951
-1057
-1208
-1468
-1500
-1092
-496
134
720
1020
1051
1117
1310
1578
1794
1805
1825
2023
1889
1139
412
95
-145
-316
-245
-105
82
194
-145
-558
-403
3
344
966
1699
1934
1733
1470
1227
1205
1491
1719
1765
1712
1287
464
-267
-778
-1209
-1369
-1204
-1105
-1311
-1670
-1959
-2054
-1897
-1495
-914
-331
-2
26
-57
-120
-153
-145
-41
136
175
-69
-416
-691
-996
-1277
-1298
-1165
-1130
-1179
-1321
-1536
-1634
-1640
-1552
-1139
-428
241
640
813
812
924
1430
1882
1872
1864
2135
2156
1605
807
227
34
42
-6
-68
46
140
-180
-656
-682
-298
135
650
1267
1687
1715
1482
1266
1273
1520
1815
1987
2010
1735
1049
253
-320
-754
-1091
-1128
-975
-1032
-1398
-1857
-2159
-2153
-1836
-1303
-688
-193
-39
-184
-344
-378
-325
-140
148
296
149
-186
-549
-896
-1189
-1269
-1118
-1023
-1128
-1349
-1650
-1892
-1937
-1806
-1420
-769
-105
347
606
710
701
966
1610
2025
1964
1944
2023
1766
1154
446
-69
-148
-17
-48
-104
3
-5
-334
-612
-491
-77
467
1070
1590
1889
1853
1573
1420
1560
1831
2032
2082
1922
1484
803
93
-449
-859
-1163
-1252
-1200
-1297
-1622
-1921
-1988
-1845
-1511
-1019
-524
-173
-46
-59
-40
3
0
58
195
196
-4
-315
-657
-935
-1124
-1228
-1224
-1231
-1426
-1670
-1723
-1713
-1776
-1613
-1160
-711
-203
327
582
706
965
1312
1698
1936
1736
1420
1487
1509
952
296
-23
-266
-454
-448
-440
-386
-149
-131
-373
-258
188
539
997
1657
2052
2086
2025
1895
1815
1958
2093
1992
1798
1460
804
80
-432
-842
-1247
-1450
-1400
-1393
-1588
-1760
-1730
-1589
-1281
-764
-320
-22
225
279
204
237
233
86
81
172
-36
-430
-707
-1043
-1425
-1535
-1534
-1661
-1721
-1746
-1933
-2050
-1912
-1615
-1153
-540
40
502
840
981
1111
1592
2116
2076
1710
1615
1640
1269
524
-113
-410
-584
-789
-929
-851
-594
-489
-695
-757
-365
148
652
1339
1980
2201
2154
2103
2080
2181
2369
2363
2156
1874
1335
542
-109
-585
-1123
-1515
-1579
-1644
-1880
-2072
-2122
-2065
-1771
-1236
-735
-301
131
341
378
490
545
494
608
747
554
134
-276
-739
-1164
-1315
-1372
-1529
-1627
-1725
-2019
-2239
-2143
-1935
-1571
-924
-295
189
625
872
939
1335
2083
2454
2245
2007
1998
1891
1400
647
25
-295
-509
-734
-879
-846
-722
-787
-988
-892
-496
-53
577
1325
1797
1995
2081
2026
2031
2272
2432
2350
2216
1879
1184
470
-77
-651
-1152
-1437
-1644
-1808
-1942
-2147
-2285
-2137
-1776
-1325
-849
-431
-127
103
304
460
568
653
736
770
600
203
-238
-656
-1036
-1239
-1339
-1530
-1727
-1913
-2225
-2477
-2427
-2122
-1563
-809
-146
343
710
834
931
1480
2199
2458
2353
2286
2233
1907
1151
274
-155
-261
-547
-830
-863
-886
-1012
-1187
-1323
-1076
-457
126
725
1457
1892
1905
1952
2109
2233
2462
2656
2530
2218
1777
1027
273
-199
-656
-1105
-1307
-1463
-1798
-2088
-2235
-2296
-2058
-1495
-990
-658
-338
-103
46
278
524
713
918
1020
836
500
143
-262
-618
-810
-933
-1150
-1470
-1770
-2025
-2286
-2451
-2387
-2050
-1496
-915
-395
51
379
576
801
1329
1998
2332
2292
2139
2012
1754
1177
525
151
-55
-295
-512
-730
-933
-983
-1024
-1141
-965
-472
-24
446
1057
1477
1639
1804
1926
2020
2275
2444
2289
2047
1753
1213
591
91
-404
-894
-1202
-1403
-1608
-1777
-1904
-1940
-1784
-1490
-1153
-812
-488
-142
194
401
538
684
797
877
876
704
399
93
-225
-586
-801
-931
-1295
-1733
-1960
-2186
-2430
-2412
-2149
-1755
-1194
-636
-330
-37
428
765
1127
1786
2193
2115
2096
2103
1777
1341
871
272
-133
-287
-535
-824
-942
-1040
-1196
-1262
-1193
-916
-353
274
747
1174
1519
1643
1687
1831
2089
2333
2333
2103
1835
1356
659
106
-307
-743
-1052
-1219
-1470
-1728
-1862
-1997
-1957
-1537
-1153
-910
-473
-101
24
281
597
704
863
1126
1127
881
651
371
23
-203
-425
-744
-1060
-1397
-1759
-2021
-2179
-2208
-2050
-1755
-1387
-985
-593
-209
232
641
1060
1645
2058
2016
1911
1884
1698
1458
1175
659
189
-81
-506
-930
-1013
-1002
-1010
-948
-991
-1021
-676
-175
216
735
1327
1592
1654
1752
1802
1894
2050
2021
1831
1586
1112
467
-50
-515
-988
-1214
-1264
-1437
-1651
-1748
-1769
-1689
-1458
-1119
-698
-269
50
286
503
646
736
867
1009
1044
913
650
364
27
-391
-681
-824
-1058
-1337
-1567
-1882
-2076
-1962
-1812
-1634
-1143
-603
-291
88
440
587
1046
1701
1783
1663
1826
1700
1328
1176
758
79
-131
-273
-784
-980
-869
-1017
-1072
-945
-1030
-911
-347
50
314
901
1361
1378
1441
1606
1617
1725
1929
1838
1541
1218
731
175
-227
-599
-933
-1036
-1088
-1325
-1558
-1601
-1578
-1496
-1163
-698
-382
-145
139
325
431
600
750
852
941
887
640
373
110
-258
-573
-640
-740
-1048
-1307
-1493
-1707
-1793
-1739
-1618
-1301
-794
-278
106
358
556
770
1139
1549
1720
1763
1796
1665
1373
982
456
-37
-296
-472
-708
-835
-810
-855
-990
-1008
-889
-674
-304
94
469
972
1358
1349
1258
1348
1457
1554
1724
1712
1379
1018
636
69
-409
-645
-823
-919
-965
-1197
-1470
-1503
-1437
-1324
-946
-483
-233
-25
247
400
488
632
723
747
791
751
553
280
-73
-446
-642
-719
-897
-1171
-1389
-1527
-1688
-1815
-1793
-1653
-1308
-712
-203
6
177
434
730
1182
1621
1682
1596
1636
1478
1062
748
424
1
-222
-377
-694
-865
-812
-868
-905
-707
-551
-451
-147
206
519
969
1309
1284
1226
1335
1410
1479
1585
1481
1211
971
618
119
-261
-483
-650
-737
-817
-1012
-1205
-1210
-1113
-956
-649
-355
-189
36
304
418
444
492
497
468
486
476
286
-3
-274
-545
-740
-806
-956
-1212
-1318
-1348
-1514
-1667
-1653
-1516
-1201
-679
-233
-33
163
418
620
917
1213
1289
1340
1402
1244
916
583
224
-85
-182
-240
-422
-507
-466
-515
-543
-418
-302
-170
105
370
598
898
1047
955
942
1085
1159
1170
1217
1154
926
685
415
72
-187
-288
-351
-432
-522
-678
-840
-818
-642
-455
-251
-24
126
204
309
369
313
281
325
298
190
77
-99
-337
-510
-648
-821
-970
-1062
-1135
-1141
-1112
-1198
-1338
-1356
-1253
-1046
-716
-360
-84
135
314
447
569
661
685
722
807
820
675
402
70
-206
-324
-364
-420
-370
-156
9
27
37
83
140
322
627
894
1096
1221
1182
1066
1029
1009
971
1021
1063
927
702
473
152
-137
-215
-204
-232
-259
-281
-336
-378
-330
-198
-62
117
334
459
486
421
240
67
16
-5
-118
-245
-323
-520
-797
-968
-1108
-1242
-1211
-1077
-1018
-1059
-1168
-1285
-1328
-1257
-1064
-769
-453
-222
-126
-101
-77
-22
82
201
264
267
233
123
-56
-229
-321
-301
-221
-156
-94
36
197
298
381
508
635
757
906
1023
1070
1091
1086
1023
959
927
883
842
807
715
581
459
347
252
222
229
218
211
223
243
281
348
437
536
619
642
613
538
401
230
65
-117
-308
-462
-603
-761
-902
-1024
-1142
-1220
-1229
-1175
-1067
-930
-831
-811
-815
-817
-821
-754
-601
-448
-352
-313
-326
-405
-514
-590
-626
-648
-644
-636
-666
-694
-691
-674
-619
-496
-322
-111
134
387
628
863
1058
1163
1211
1249
1257
1231
1194
1135
1015
850
673
504
356
244
184
175
190
211
243
304
388
487
597
731
877
1010
1135
1228
1264
1245
1184
1071
904
704
481
234
-28
-294
-551
-784
-1003
-1199
-1334
-1412
-1440
-1420
-1356
-1258
-1124
-974
-847
-740
-656
-589
-528
-477
-457
-477
-506
-555
-642
-755
-880
-1008
-1115
-1183
-1221
-1236
-1219
-1170
-1089
-966
-789
-579
-342
-80
203
497
782
1037
1246
1421
1541
1595
1584
1529
1434
1316
1193
1058
898
716
542
407
331
317
355
442
555
682
818
961
1101
1231
1353
1457
1515
1514
1469
1377
1222
1009
758
492
223
-45
-311
-559
-792
-1016
-1208
-1344
-1434
-1481
-1478
-1434
-1353
-1244
-1134
-1028
-920
-814
-724
-659
-642
-683
-756
-847
-953
-1068
-1187
-1313
-1435
-1529
-1590
-1618
-1593
-1502
-1350
-1156
-940
-712
-472
-214
72
363
635
879
1085
1254
1392
1484
1520
1524
1495
1407
1282
1138
970
789
631
508
417
378
393
455
562
708
877
1069
1279
1475
1650
1788
1850
1826
1735
1588
1390
1161
904
620
327
27
-285
-594
-869
-1101
-1272
-1374
-1424
-1436
-1429
-1391
-1326
-1231
-1110
-974
-821
-662
-528
-438
-401
-425
-504
-622
-769
-943
-1138
-1329
-1504
-1651
-1755
-1807
-1796
-1720
-1592
-1417
-1182
-908
-621
-326
-16
290
568
815
1029
1205
1334
1423
1483
1506
1479
1415
1322
1193
1023
832
654
506
398
346
348
392
474
581
714
880
1082
1311
1538
1722
1840
1884
1856
1747
1560
1325
1066
784
473
157
-153
-460
-755
-1011
-1223
-1383
-1470
-1491
-1465
-1399
-1297
-1183
-1062
-931
-801
-660
-525
-413
-339
-311
-334
-412
-533
-695
-898
-1118
-1326
-1513
-1674
-1787
-1837
-1815
-1732
-1603
-1424
-1192
-922
-615
-272
81
409
690
929
1114
1237
1317
1367
1376
1341
1281
1201
1097
970
837
710
594
490
410
376
397
460
559
694
847
1002
1172
1354
1516
1641
1725
1766
1741
1644
1487
1274
1015
715
382
49
-271
-570
-829
-1042
-1216
-1345
-1417
-1427
-1390
-1301
-1171
-1026
-879
-741
-617
-508
-424
-376
-355
-358
-401
-492
-621
-785
-981
-1181
-1365
-1533
-1671
-1764
-1806
-1803
-1740
-1613
-1426
-1174
-872
-543
-199
143
462
745
985
1164
1285
1358
1386
1353
1269
1159
1021
869
727
617
532
460
412
395
406
447
527
652
818
1006
1202
1398
1565
1683
1755
1794
1789
1733
1633
1487
1284
1020
711
372
24
-317
-629
-887
-1095
-1253
-1351
-1392
-1384
-1334
-1243
-1118
-973
-817
-653
-500
-375
-296
-260
-267
-316
-408
-536
-693
-872
-1064
-1260
-1440
-1597
-1718
-1793
-1825
-1821
-1770
-1658
-1486
-1257
-970
-643
-296
47
367
646
869
1045
1176
1262
1298
1283
1220
1120
990
842
706
589
506
456
446
477
537
625
742
888
1045
1203
1361
1504
1626
1719
1775
1781
1731
1631
1488
1302
1074
814
534
248
-42
-320
-575
-800
-987
-1134
-1221
-1260
-1255
-1200
-1108
-997
-879
-758
-638
-530
-440
-383
-359
-379
-445
-557
-706
-878
-1064
-1246
-1412
-1548
-1655
-1724
-1751
-1744
-1692
-1591
-1443
-1249
-1019
-765
-494
-220
47
294
519
718
886
1018
1106
1146
1138
1086
1003
890
769
658
566
503
473
478
515
583
682
810
961
1126
1292
1449
1583
1678
1731
1744
1716
1647
1543
1405
1226
1010
764
496
218
-53
-300
-517
-695
-831
-924
-977
-988
-970
-924
-850
-762
-671
-577
-483
-402
-347
-323
-340
-395
-483
-602
-745
-909
-1083
-1254
-1410
-1543
-1648
-1713
-1728
-1693
-1608
-1473
-1291
-1074
-835
-582
-331
-92
125
311
470
596
688
743
772
776
755
717
657
583
502
425
368
335
331
355
415
508
625
766
918
1072
1220
1359
1477
1563
1614
1624
1589
1505
1374
1198
994
770
542
322
106
-104
-308
-491
-649
-772
-849
-874
-855
-798
-714
-618
-523
-435
-350
-272
-206
-163
-152
-176
-238
-337
-464
-606
-760
-916
-1059
-1183
-1287
-1369
-1421
-1434
-1410
-1344
-1237
-1091
-917
-721
-514
-306
-109
70
223
349
438
490
511
505
475
431
378
322
270
234
213
210
226
262
316
386
473
575
692
819
947
1070
1181
1274
1338
1372
1376
1340
1270
1168
1035
877
699
511
319
133
-33
-178
-297
-383
-436
-461
-458
-436
-397
-343
-277
-206
-138
-70
-15
15
17
-15
-81
-176
-292
-423
-562
-700
-834
-962
-1079
-1176
-1247
-1284
-1280
-1237
-1157
-1048
-919
-773
-619
-463
-307
-156
-17
107
206
281
324
332
314
274
225
169
117
68
27
-1
-16
-5
32
93
178
282
398
514
627
731
825
910
976
1023
1050
1050
1020
960
868
748
607
452
291
136
-6
-130
-234
-312
-366
-395
-395
-365
-313
-239
-151
-60
21
85
131
158
164
148
110
54
-20
-117
-229
-347
-468
-588
-691
-774
-833
-868
-872
-847
-800
-726
-629
-514
-385
-251
-120
2
110
195
255
295
308
300
276
240
188
127
63
0
-55
-95
-115
-112
-85
-45
8
73
148
233
322
416
506
588
654
697
714
702
663
601
520
421
309
189
65
-59
-178
-287
-383
-457
-502
-519
-506
-461
-395
-310
-213
-112
-16
74
153
219
267
293
291
260
200
117
19
-84
-185
-282
-365
-433
-488
-524
-537
-532
-506
-459
-391
-302
-196
-83
31
140
236
314
376
417
440
441
419
377
317
245
167
89
17
-43
-86
-113
-121
-113
-90
-56
-11
43
102
161
215
260
296
323
333
329
313
283
239
180
102
7
-97
-206
-307
-398
-471
-527
-563
-576
-570
-545
-503
-440
-364
-274
-175
-72
26
112
181
225
244
235
211
174
129
77
22
-32
-93
-154
-210
-250
-270
-267
-240
-195
-133
-62
17
96
175
252
325
395
456
503
536
549
542
516
476
423
361
293
229
172
121
76
41
17
2
-3
2
20
47
75
99
114
120
114
100
79
48
10
-40
-97
-160
-230
-303
-374
-441
-500
-543
-575
-596
-605
-605
-592
-565
-520
-463
-394
-313
-230
-152
-86
-33
4
30
47
53
53
46
29
9
-14
-40
-63
-78
-80
-68
-47
-13
27
73
124
179
235
295
351
402
452
496
525
541
541
529
507
481
451
418
385
350
316
282
253
229
213
205
204
206
211
214
212
206
192
165
136
104
68
26
-25
-87
-162
-241
-321
-395
-466
-527
-581
-629
-668
-699
-719
-725
-715
-685
-642
-591
-535
-477
-423
-373
-329
-287
-254
-225
-200
-183
-172
-173
-180
-190
-193
-189
-177
-156
-121
-75
-21
39
101
164
225
289
358
422
481
529
567
592
604
602
590
573
554
531
507
480
449
416
386
361
346
343
346
363
384
407
429
446
458
465
465
451
426
388
339
277
203
116
15
-92
-194
-289
-376
-455
-525
-586
-636
-674
-701
-714
-711
-693
-661
-621
-580
-544
-511
-483
-461
-447
-435
-430
-434
-449
-475
-508
-546
-580
-600
-603
-590
-562
-519
-461
-390
-308
-214
-113
-5
109
230
343
444
527
593
636
661
666
657
636
605
566
524
480
432
391
363
351
352
371
404
448
500
554
606
654
699
736
769
787
785
764
722
664
587
495
389
271
148
26
-91
-205
-311
-409
-490
-552
-590
-605
-601
-584
-560
-531
-505
-482
-464
-452
-445
-450
-468
-500
-546
-606
-675
-744
-813
-873
-921
-950
-960
-954
-928
-887
-834
-760
-666
-551
-419
-277
-130
14
144
255
347
420
480
526
557
570
567
548
520
485
448
414
389
375
377
395
430
473
526
587
653
720
788
856
915
966
995
1002
986
948
890
822
736
638
532
420
309
200
96
0
-85
-151
-203
-237
-259
-272
-274
-270
-262
-252
-243
-238
-244
-263
-300
-358
-435
-524
-622
-726
-831
-930
-1021
-1100
-1163
-1206
-1230
-1234
-1214
-1169
-1100
-1007
-896
-775
-647
-520
-401
-287
-185
-92
-7
68
129
171
193
194
181
162
145
136
135
146
172
211
259
318
390
472
561
654
748
838
920
991
1049
1090
1108
1102
1077
1035
980
910
832
749
659
569
480
399
328
270
231
206
191
183
182
187
198
210
214
208
183
142
83
9
-80
-182
-291
-406
-527
-649
-771
-887
-984
-1059
-1111
-1144
-1155
-1146
-1116
-1064
-996
-919
-838
-754
-668
-582
-501
-431
-368
-318
-281
-261
-255
-258
-265
-271
-271
-267
-258
-241
-212
-174
-123
-60
13
98
196
297
399
501
595
681
754
809
847
869
878
873
853
821
779
729
673
613
556
505
461
430
413
411
418
433
456
482
507
532
549
555
553
538
510
466
403
320
221
111
-7
-132
-255
-375
-490
-592
-677
-749
-804
-842
-867
-873
-863
-839
-803
-760
-713
-667
-625
-593
-569
-554
-546
-546
-548
-553
-563
-574
-582
-585
-582
-576
-559
-531
-488
-431
-361
-279
-187
-87
17
121
219
312
399
477
547
603
644
670
678
672
653
627
595
563
535
511
494
483
479
483
492
506
527
555
588
623
654
675
687
688
678
656
618
565
498
418
333
244
145
47
-52
-149
-236
-313
-381
-439
-484
-517
-537
-541
-536
-526
-512
-499
-489
-483
-484
-489
-498
-510
-528
-553
-584
-621
-658
-690
-710
-723
-724
-712
-689
-655
-609
-554
-486
-409
-322
-230
-140
-54
30
106
175
236
284
320
344
359
363
359
349
335
325
317
312
313
321
336
359
390
426
467
515
564
612
656
689
711
724
727
716
689
648
599
541
475
405
332
258
188
122
63
12
-35
-75
-103
-127
-140
-149
-152
-154
-159
-167
-180
-199
-221
-247
-279
-319
-367
-422
-483
-544
-598
-646
-684
-711
-728
-737
-737
-725
-703
-666
-615
-552
-484
-415
-349
-288
-234
-184
-136
-90
-51
-21
3
18
24
24
21
23
29
36
49
67
92
122
160
206
260
316
372
428
480
527
568
603
626
638
639
627
609
583
551
514
472
430
385
345
307
275
248
228
212
203
199
198
198
198
193
183
169
149
120
86
44
-4
-59
-118
-182
-249
-314
-378
-434
-486
-531
-570
-599
-618
-625
-623
-610
-587
-560
-531
-498
-462
-427
-394
-361
-334
-313
-298
-288
-277
-269
-263
-259
-253
-245
-231
-213
-191
-163
-129
-85
-37
17
76
134
195
253
310
360
408
448
479
499
506
505
499
490
477
458
441
423
405
386
366
350
340
338
340
345
351
355
359
361
359
355
347
331
309
276
233
183
129
72
11
-50
-110
-168
-225
-277
-324
-365
-401
-426
-443
-452
-453
-448
-440
-428
-414
-400
-388
-374
-363
-356
-352
-352
-354
-358
-363
-368
-374
-376
-375
-368
-354
-332
-305
-273
-234
-191
-145
-96
-45
4
52
100
145
184
215
238
253
260
263
259
251
244
234
225
216
208
201
200
203
211
224
242
262
282
301
316
331
345
358
366
370
367
353
335
312
285
256
224
191
157
123
90
59
31
4
-19
-37
-50
-61
-65
-67
-70
-77
-85
-94
-103
-112
-124
-138
-154
-172
-193
-217
-242
-265
-284
-300
-310
-317
-320
-318
-312
-299
-283
-261
-235
-208
-180
-154
-127
-104
-82
-66
-55
-48
-46
-45
-48
-50
-57
-63
-68
-73
-75
-74
-71
-64
-51
-33
-14
6
28
50
72
96
119
140
158
175
187
193
196
197
196
194
189
183
174
165
158
154
151
152
153
155
161
164
168
171
175
176
175
173
167
156
139
120
94
68
40
14
-10
-36
-59
-81
-102
-122
-137
-147
-151
-147
-140
-129
-117
-105
-96
-91
-84
-79
-77
-73
-72
-76
-83
-94
-110
-125
-141
-154
-165
-173
-178
-180
-178
-173
-167
-155
-139
-118
-95
-72
-50
-28
-11
4
16
23
31
35
37
35
32
30
28
25
21
20
21
26
35
46
59
76
94
113
131
147
163
179
191
200
203
203
198
186
171
152
130
108
87
63
41
20
2
-14
-26
-31
-31
-29
-22
-13
-4
7
18
30
40
50
57
60
56
47
33
15
-6
-28
-50
-72
-93
-112
-127
-142
-154
-162
-163
-162
-157
-148
-138
-122
-107
-95
-82
-71
-64
-58
-53
-52
-53
-61
-69
-79
-88
-96
-101
-104
-104
-102
-95
-85
-73
-56
-33
-7
22
50
76
100
123
140
156
169
180
189
192
188
178
166
149
131
115
99
83
72
63
55
51
50
51
56
61
70
79
89
100
106
108
105
96
84
71
53
35
15
-6
-28
-53
-79
-103
-124
-141
-152
-159
-161
-161
-161
-158
-154
-150
-142
-133
-123
-113
-105
-101
-100
-102
-106
-110
-115
-120
-122
-122
-122
-123
-121
-118
-113
-103
-90
-72
-50
-29
-4
20
41
62
84
103
123
139
151
161
164
164
160
150
142
134
126
116
104
96
89
84
81
81
83
88
94
101
108
114
120
123
122
119
113
106
96
84
71
56
40
23
5
-11
-28
-40
-48
-52
-58
-62
-64
-67
-69
-70
-68
-66
-63
-61
-60
-63
-67
-73
-81
-88
-98
-106
-114
-125
-133
-139
-145
-148
-147
-140
-131
-120
-108
-94
-79
-65
-51
-35
-16
2
19
31
41
48
51
53
52
51
49
45
42
38
31
25
22
21
23
30
38
49
59
69
75
79
81
85
87
89
89
86
78
65
50
35
19
10
1
-6
-12
-18
-23
-28
-30
-29
-23
-16
-9
-2
5
10
11
12
12
12
10
5
1
-6
-16
-25
-34
-46
-57
-66
-70
-73
-73
-69
-64
-56
-48
-40
-31
-19
-8
5
18
30
38
44
48
50
50
51
50
49
42
37
30
22
15
8
5
2
4
8
12
18
24
31
37
44
52
58
63
68
66
58
46
33
20
7
-3
-13
-21
-30
-40
-48
-57
-62
-62
-59
-53
-44
-37
-31
-25
-22
-17
-13
-10
-6
-1
0
-1
-5
-13
-23
-36
-45
-55
-61
-65
-66
-70
-71
-71
-70
-66
-62
-53
-41
-26
-12
-1
9
16
21
25
31
36
41
46
48
46
43
40
37
33
32
30
31
31
31
32
34
37
40
44
50
55
57
57
55
50
43
34
25
18
10
1
-7
-16
-24
-32
-38
-39
-41
-37
-35
-34
-28
-25
-21
-19
-16
-11
-9
-5
-3
-2
-2
-2
-6
-9
-12
-17
-22
-26
-30
-35
-38
-41
-40
-35
-29
-23
-13
-8
1
9
16
22
28
32
35
35
35
35
31
27
22
17
13
10
10
9
9
9
11
13
16
20
25
30
35
41
47
51
52
52
50
44
38
32
23
14
2
-10
-24
-35
-46
-52
-57
-61
-62
-61
-60
-58
-55
-51
-48
-42
-36
-32
-26
-21
-17
-17
-16
-18
-19
-20
-21
-23
-24
-27
-27
-31
-31
-31
-30
-25
-19
-13
-4
3
10
17
22
26
31
34
39
41
41
41
40
37
35
34
32
31
30
31
33
33
36
39
42
46
52
58
64
67
70
72
71
67
62
54
45
36
25
14
4
-6
-18
-29
-40
-48
-53
-58
-60
-60
-59
-58
-56
-56
-54
-53
-52
-49
-47
-46
-45
-44
-45
-46
-49
-51
-51
-53
-55
-54
-54
-52
-50
-48
-43
-37
-33
-25
-18
-11
-4
3
12
17
22
25
28
29
29
29
28
27
25
21
17
14
13
14
14
18
22
26
31
38
46
55
61
67
74
79
86
89
88
87
85
81
75
66
58
48
39
30
19
9
0
-7
-15
-23
-29
-34
-37
-41
-45
-47
-47
-46
-45
-43
-43
-42
-42
-41
-40
-41
-42
-43
-44
-47
-48
-48
-48
-47
-44
-41
-36
-32
-28
-24
-20
-17
-14
-12
-11
-9
-8
-7
-8
-7
-8
-9
-11
-12
-13
-13
-12
-12
-8
-6
-1
3
9
15
21
27
33
39
44
50
55
59
62
63
63
60
58
55
53
51
49
45
40
36
31
27
24
21
18
14
13
6
2
-3
-9
-15
-18
-22
-28
-32
-39
-42
-45
-49
-52
-54
-56
-55
-54
-52
-48
-43
-38
-32
-27
-21
-16
-11
-6
0
4
8
11
12
11
9
9
7
6
5
4
2
1
0
-1
-2
-1
1
2
2
5
8
11
16
19
21
24
29
32
32
34
35
32
31
30
27
24
23
22
20
19
18
18
18
18
19
19
20
18
18
15
12
8
4
0
-6
-12
-18
-25
-29
-35
-39
-44
-47
-50
-53
-54
-55
-55
-54
-50
-47
-42
-35
-28
-23
-17
-13
-8
-4
-2
-2
-1
-2
-3
-4
-5
-6
-6
-6
-5
-5
-7
-6
-5
-4
0
3
5
9
12
16
19
23
26
30
33
34
35
36
36
34
32
29
27
24
22
19
16
15
15
15
15
14
15
16
15
15
14
13
10
8
4
0
-4
-7
-11
-16
-19
-23
-28
-31
-34
-36
-37
-38
-36
-35
-34
-31
-28
-24
-19
-12
-6
-1
6
12
15
18
20
20
20
21
20
18
17
15
13
13
12
12
13
13
15
15
16
16
16
17
16
13
12
10
8
6
4
3
0
-2
-4
-5
-7
-9
-10
-11
-10
-11
-12
-11
-10
-8
-7
-5
-4
-2
0
0
1
0
0
0
-2
-2
-4
-7
-10
-14
-16
-20
-23
-24
-25
-25
-24
-24
-21
-20
-17
-14
-10
-6
-4
2
5
7
9
11
12
15
13
13
12
9
6
4
3
3
3
2
2
3
3
5
9
11
13
15
16
17
17
17
17
17
15
13
8
5
2
-1
-5
-8
-12
-13
-15
-16
-17
-17
-18
-15
-13
-12
-10
-8
-5
-3
0
3
6
6
6
7
6
6
5
2
0
-2
-6
-7
-9
-12
-13
-13
-13
-12
-12
-11
-8
-5
-2
1
4
6
7
9
10
10
10
11
9
8
6
5
4
3
2
3
4
6
7
10
13
15
17
20
21
21
21
20
19
18
17
14
10
5
0
-4
-8
-11
-14
-16
-16
-17
-16
-14
-11
-10
-7
-4
-3
-2
2
4
5
6
7
7
6
5
3
1
-3
-5
-7
-9
-13
-15
-17
-20
-21
-23
-21
-20
-20
-19
-16
-15
-12
-10
-7
-6
-4
-2
-1
-1
-2
-2
-4
-5
-6
-6
-6
-7
-7
-6
-4
-3
-1
3
6
11
14
18
23
26
30
32
35
36
38
39
36
36
34
33
30
28
26
22
18
15
12
9
5
4
2
1
-2
-3
-5
-5
-7
-6
-7
-9
-12
-14
-17
-20
-22
-25
-27
-31
-33
-37
-39
-39
-41
-41
-38
-38
-37
-36
-34
-30
-26
-23
-18
-15
-12
-10
-8
-7
-7
-6
-6
-4
-3
-1
-1
1
3
4
4
5
7
10
14
16
19
23
26
27
29
31
33
33
35
36
36
36
34
32
31
29
27
26
26
25
22
20
18
17
16
16
15
16
14
12
11
10
8
5
3
1
-3
-7
-9
-13
-18
-21
-24
-27
-30
-34
-36
-38
-41
-39
-39
-38
-35
-33
-31
-28
-26
-23
-22
-19
-17
-14
-12
-11
-11
-11
-11
-11
-11
-12
-12
-11
-10
-9
-7
-5
-3
-2
0
3
6
8
13
15
19
21
23
25
27
28
29
30
29
29
29
27
27
27
25
26
26
26
23
23
25
25
24
23
22
20
19
16
14
11
9
6
2
-1
-4
-9
-13
-19
-24
-28
-33
-37
-38
-40
-40
-41
-41
-40
-40
-38
-36
-35
-34
-32
-28
-27
-24
-22
-20
-18
-17
-15
-13
-13
-10
-8
-5
-4
0
2
5
7
10
12
16
18
19
21
22
24
26
26
28
29
30
29
30
32
33
33
33
33
33
33
33
32
32
29
29
27
25
27
23
22
21
18
15
12
9
6
2
0
-4
-6
-9
-12
-15
-19
-22
-25
-28
-30
-33
-35
-36
-38
-39
-39
-41
-40
-38
-39
-37
-37
-36
-35
-36
-34
-32
-30
-29
-27
-27
-23
-21
-19
-16
-13
-10
-5
-1
3
7
11
14
18
20
25
28
31
34
35
36
35
37
36
36
36
34
32
32
30
28
27
27
26
27
27
27
26
27
27
26
24
24
21
19
16
13
8
4
0
-6
-10
-14
-20
-25
-28
-32
-36
-39
-42
-42
-43
-45
-46
-47
-48
-48
-48
-46
-45
-44
-43
-43
-40
-38
-37
-33
-32
-30
-29
-27
-25
-23
-18
-14
-9
-4
1
6
10
15
19
21
26
30
34
37
39
42
44
46
48
50
52
52
53
53
52
53
53
54
54
53
53
52
52
49
47
44
40
38
33
29
26
21
16
12
6
3
-1
-6
-10
-14
-18
-21
-24
-27
-30
-33
-36
-40
-43
-46
-49
-52
-55
-58
-59
-61
-61
-63
-62
-63
-64
-62
-60
-58
-54
-52
-50
-46
-42
-38
-34
-30
-25
-20
-15
-9
-4
3
7
13
18
21
26
31
34
38
41
45
47
51
52
55
57
58
60
61
61
63
62
62
62
61
60
58
56
54
50
47
43
39
33
29
24
18
13
8
1
-4
-10
-15
-19
-24
-27
-31
-34
-39
-43
-48
-51
-54
-56
-59
-61
-63
-65
-67
-69
-70
-71
-71
-71
-72
-71
-71
-68
-66
-63
-59
-55
-51
-45
-39
-33
-28
-22
-16
-10
-5
3
8
14
20
25
31
35
39
43
47
51
54
56
59
60
63
64
66
66
66
67
68
68
68
67
68
67
66
64
62
58
57
53
51
47
42
39
34
28
23
18
12
6
-1
-6
-11
-15
-20
-24
-27
-31
-34
-37
-40
-42
-47
-50
-52
-54
-56
-57
-60
-60
-60
-60
-60
-59
-59
-58
-59
-57
-54
-52
-49
-46
-43
-39
-36
-34
-29
-24
-20
-16
-12
-7
-4
0
4
8
13
17
20
24
27
31
34
38
41
44
48
50
51
51
53
54
57
57
55
54
54
51
49
47
42
39
35
31
28
25
20
17
16
12
9
6
3
-1
-4
-6
-9
-12
-15
-19
-22
-25
-28
-31
-34
-39
-42
-45
-47
-48
-51
-51
-51
-51
-52
-52
-50
-50
-46
-43
-40
-37
-33
-30
-28
-23
-20
-17
-13
-11
-9
-5
-2
-1
2
5
7
9
10
12
14
15
17
20
22
24
26
29
32
35
37
39
39
39
40
42
42
43
41
41
39
37
34
34
32
30
28
27
24
23
21
19
19
15
12
8
7
3
1
-2
-6
-8
-12
-15
-17
-21
-22
-23
-26
-27
-30
-32
-32
-31
-32
-31
-31
-29
-27
-27
-25
-25
-27
-24
-24
-24
-22
-21
-20
-18
-18
-17
-18
-19
-18
-16
-15
-15
-14
-11
-10
-7
-6
-4
0
4
8
11
14
16
18
20
21
23
23
22
22
22
22
21
20
20
19
19
19
20
20
22
23
23
25
25
26
25
25
24
24
22
20
16
15
12
9
6
1
-2
-5
-8
-10
-12
-14
-14
-14
-15
-15
-15
-14
-13
-12
-11
-11
-11
-11
-11
-13
-12
-12
-11
-12
-14
-14
-17
-17
-16
-15
-14
-13
-13
-12
-10
-10
-10
-9
-7
-6
-4
-3
-4
-3
-1
0
0
-1
0
-1
-1
-3
-3
-3
-3
-3
-3
-4
-4
-6
-6
-5
-5
-4
-3
-2
0
1
4
4
5
6
5
4
3
1
1
0
-2
-2
-1
-1
-2
-1
1
2
3
6
9
12
13
17
19
21
22
25
26
27
28
28
27
25
24
23
22
20
19
17
15
12
10
9
8
8
5
6
5
4
3
1
0
-1
-3
-4
-7
-11
-13
-16
-19
-22
-26
-29
-33
-35
-39
-41
-42
-45
-46
-45
-46
-44
-42
-41
-39
-38
-35
-31
-29
-25
-22
-20
-17
-15
-14
-12
-12
-10
-9
-9
-8
-5
-3
2
7
10
15
19
25
29
35
41
46
50
54
58
61
65
66
69
69
71
71
70
69
66
61
58
54
51
49
45
42
41
38
35
32
30
25
21
17
13
7
2
-4
-11
-18
-23
-32
-37
-45
-52
-58
-63
-70
-74
-77
-81
-84
-86
-87
-87
-86
-85
-84
-84
-81
-79
-77
-74
-71
-68
-65
-62
-60
-58
-55
-51
-48
-43
-38
-33
-28
-22
-17
-9
-2
6
16
24
34
42
51
57
65
72
77
81
85
88
91
92
94
95
94
94
94
93
92
89
89
86
85
83
81
78
76
75
69
66
62
57
52
45
39
33
24
15
8
-1
-10
-18
-27
-34
-41
-47
-53
-59
-63
-66
-70
-75
-78
-82
-86
-89
-92
-94
-98
-99
-102
-104
-106
-109
-111
-109
-109
-106
-101
-99
-94
-90
-84
-78
-71
-64
-56
-46
-39
-29
-19
-9
0
9
18
27
34
41
48
54
59
66
72
75
80
84
87
92
96
100
104
108
111
113
114
117
116
116
113
111
108
105
99
93
87
80
73
63
56
47
38
30
22
13
5
-3
-10
-17
-23
-29
-37
-44
-49
-56
-62
-67
-74
-78
-84
-88
-90
-93
-95
-98
-99
-100
-100
-102
-102
-102
-101
-97
-95
-90
-86
-82
-77
-72
-66
-60
-55
-50
-44
-40
-36
-29
-23
-18
-10
-5
1
9
16
24
32
39
48
56
64
71
77
82
86
90
94
96
99
100
101
102
100
100
99
96
92
89
84
82
78
74
69
63
58
51
45
37
31
23
17
10
4
-3
-9
-16
-23
-29
-35
-42
-47
-54
-58
-63
-68
-72
-76
-78
-81
-82
-84
-84
-84
-84
-83
-80
-79
-77
-75
-72
-69
-65
-61
-58
-55
-52
-49
-45
-40
-36
-31
-26
-21
-15
-8
-3
4
10
17
23
30
36
43
49
55
61
66
71
75
77
77
79
78
79
78
77
76
73
72
69
65
63
60
57
52
49
45
41
38
33
29
23
18
13
5
1
-6
-11
-18
-24
-29
-32
-37
-42
-45
-47
-52
-57
-60
-63
-65
-68
-69
-69
-70
-69
-69
-68
-67
-64
-62
-59
-55
-52
-49
-46
-43
-40
-37
-33
-30
-26
-23
-19
-14
-12
-7
-3
2
6
10
15
20
23
28
31
34
37
40
42
45
48
50
52
52
53
54
55
55
55
57
56
57
56
56
55
53
51
49
44
42
38
34
30
26
22
17
14
10
6
3
0
-3
-7
-9
-12
-15
-18
-21
-24
-26
-28
-30
-34
-37
-39
-42
-44
-47
-47
-48
-48
-48
-48
-48
-47
-46
-44
-43
-41
-39
-36
-33
-29
-26
-22
-18
-15
-10
-7
-3
0
3
5
8
11
13
15
17
19
21
23
23
26
28
29
29
30
29
28
28
29
30
28
29
27
26
26
27
25
25
24
22
19
16
15
13
12
8
7
6
4
3
-1
-3
-5
-6
-8
-9
-10
-11
-14
-15
-16
-18
-19
-20
-22
-21
-22
-23
-23
-23
-24
-23
-23
-22
-22
-22
-22
-21
-20
-19
-18
-16
-16
-13
-12
-11
-9
-7
-6
-3
-2
0
1
1
3
4
6
8
9
8
10
12
15
16
18
20
19
19
19
19
20
19
18
17
17
17
16
15
14
13
10
10
9
8
6
7
6
4
4
4
4
3
2
1
0
-2
-3
-3
-4
-5
-6
-8
-8
-9
-10
-9
-11
-12
-14
-15
-16
-17
-17
-16
-17
-17
-16
-14
-14
-12
-11
-10
-10
-9
-7
-5
-5
-4
-2
-2
-1
1
1
2
1
2
5
6
6
8
9
11
12
11
13
14
14
14
15
15
16
16
16
15
16
14
14
15
14
13
11
10
9
6
4
2
1
2
1
0
1
-1
-2
-3
-4
-7
-7
-7
-9
-9
-10
-10
-10
-10
-10
-11
-11
-13
-11
-11
-11
-11
-10
-8
-7
-6
-5
-3
-4
-3
-3
-3
-3
-3
-3
-2
-2
-1
-1
-2
0
0
0
1
-1
1
1
1
2
3
3
4
5
7
7
7
9
7
8
7
6
4
3
2
0
-1
-4
-5
-6
-7
-6
-7
-8
-8
-9
-10
-8
-8
-6
-5
-5
-4
-2
-3
-1
0
-1
-1
-1
-1
-3
-4
-6
-6
-6
-7
-6
-5
-5
-6
-5
-5
-3
-2
0
1
1
4
3
5
8
9
11
11
13
14
14
15
14
14
16
15
16
16
16
16
16
16
17
16
16
14
13
10
8
5
5
3
-1
-4
-6
-8
-11
-14
-15
-18
-20
-20
-20
-20
-19
-18
-18
-16
-16
-13
-13
-13
-11
-10
-9
-8
-8
-7
-8
-7
-6
-5
-4
-3
-2
-2
-2
0
2
3
4
6
7
10
12
14
16
17
19
21
23
22
24
26
26
25
26
25
24
24
22
21
19
18
15
13
11
9
5
4
2
-1
-3
-7
-8
-11
-12
-13
-16
-17
-19
-20
-23
-23
-23
-25
-27
-28
-29
-29
-29
-30
-27
-28
-27
-27
-27
-28
-27
-26
-25
-23
-22
-20
-18
-17
-17
-15
-14
-13
-12
-9
-7
-6
-4
-2
0
2
5
5
7
9
11
13
14
15
16
17
17
19
20
20
21
21
21
21
21
22
23
23
25
26
26
27
30
33
34
36
36
36
38
39
39
38
36
36
34
33
30
29
24
22
17
14
11
7
4
-1
-5
-9
-13
-17
-20
-25
-27
-30
-33
-34
-36
-37
-40
-40
-42
-43
-45
-46
-45
-46
-45
-47
-47
-45
-44
-43
-42
-39
-37
-31
-29
-24
-20
-17
-14
-11
-8
-6
-2
1
4
8
11
14
15
17
19
21
21
22
24
24
26
27
29
31
31
34
34
34
37
39
41
42
43
45
45
45
44
43
41
38
37
35
31
28
22
19
13
9
5
2
-2
-7
-11
-12
-15
-18
-21
-25
-27
-31
-32
-36
-38
-41
-43
-44
-45
-47
-47
-50
-51
-53
-54
-53
-54
-53
-52
-53
-51
-51
-49
-46
-44
-41
-37
-33
-28
-22
-16
-12
-8
-2
3
8
13
19
22
26
31
35
39
44
48
51
55
57
61
63
64
65
66
67
67
66
67
64
62
60
57
54
51
47
44
40
36
31
26
21
16
12
9
4
-1
-4
-9
-13
-18
-22
-26
-30
-34
-38
-42
-45
-48
-51
-54
-56
-59
-61
-62
-63
-63
-63
-63
-62
-60
-58
-56
-52
-48
-45
-41
-37
-31
-29
-25
-21
-18
-14
-10
-5
-2
0
4
6
12
14
17
20
24
26
30
32
34
37
41
44
47
51
52
53
54
56
55
56
55
55
53
52
51
50
48
45
42
38
36
34
31
28
24
20
18
16
12
9
5
2
-2
-6
-10
-14
-20
-25
-28
-32
-37
-40
-45
-48
-53
-58
-61
-64
-67
-71
-72
-71
-72
-72
-71
-70
-69
-65
-63
-57
-54
-50
-45
-42
-37
-32
-28
-23
-20
-14
-9
-5
-1
5
11
15
21
25
31
36
40
45
48
52
55
56
59
61
62
63
62
61
61
59
57
56
54
53
51
49
46
44
43
41
39
38
36
34
30
26
23
20
15
12
9
3
-2
-6
-10
-14
-18
-23
-28
-32
-35
-38
-42
-45
-48
-51
-53
-54
-56
-56
-54
-55
-55
-54
-52
-52
-50
-49
-47
-44
-42
-40
-37
-35
-30
-26
-24
-20
-16
-12
-8
-4
0
4
8
12
15
19
22
25
28
30
33
34
37
38
38
39
39
41
41
43
43
43
43
44
43
43
44
43
42
40
40
39
36
34
30
27
22
19
14
9
6
1
-4
-9
-13
-17
-19
-23
-25
-28
-31
-33
-34
-35
-37
-37
-38
-38
-38
-38
-38
-38
-38
-38
-37
-35
-34
-33
-33
-32
-31
-30
-27
-26
-26
-23
-21
-20
-16
-12
-6
-4
0
3
6
9
13
14
17
20
24
25
27
30
31
32
33
33
33
34
33
32
32
31
29
29
28
27
27
25
24
24
22
20
18
16
14
12
11
7
4
1
-2
-2
-4
-7
-9
-10
-11
-12
-15
-16
-17
-18
-18
-18
-16
-15
-14
-14
-14
-14
-14
-14
-13
-14
-15
-14
-16
-15
-16
-16
-16
-15
-13
-13
-12
-10
-9
-8
-7
-5
-4
-2
-1
-2
-2
-1
-1
1
0
0
0
1
1
1
2
2
4
4
4
5
6
6
7
7
8
7
7
8
8
7
8
8
7
6
5
6
3
3
1
0
-2
-3
-2
-4
-4
-5
-4
-4
-3
-3
-3
-3
-3
-2
-3
-2
-2
-1
0
0
1
1
1
3
2
1
1
2
2
2
3
3
5
5
5
6
6
5
7
6
8
8
8
9
10
10
11
11
12
12
13
13
13
12
12
10
11
10
10
9
7
6
6
5
5
3
3
1
1
0
-2
-4
-5
-7
-8
-9
-10
-12
-12
-12
-14
-15
-15
-15
-16
-17
-16
-17
-18
-16
-15
-15
-16
-16
-15
-14
-14
-15
-15
-15
-14
-13
-11
-10
-9
-8
-7
-6
-4
-2
0
0
1
3
5
7
7
10
12
12
11
13
14
14
15
15
15
14
13
13
12
11
12
12
11
10
10
10
10
9
9
9
10
8
8
8
7
7
6
4
3
2
0
-1
-2
-2
-3
-4
-5
-7
-6
-8
-8
-8
-10
-10
-10
-10
-9
-9
-8
-10
-9
-9
-8
-9
-11
-10
-11
-10
-9
-8
-7
-8
-6
-3
-1
-1
0
2
3
5
5
6
6
7
6
7
6
9
10
10
9
8
8
8
9
10
10
10
8
9
7
6
6
7
6
3
2
1
0
-2
-3
-3
-4
-4
-6
-6
-7
-7
-8
-8
-9
-10
-10
-11
-10
-11
-9
-10
-11
-10
-9
-9
-9
-7
-6
-7
-7
-7
-8
-5
-3
-4
-4
-4
-6
-4
-4
-4
-3
-2
-1
-1
0
1
1
3
4
5
6
8
8
10
11
11
14
15
15
16
17
17
18
18
20
20
19
19
19
20
19
18
17
17
16
17
16
15
13
12
10
9
8
7
5
4
2
0
-4
-6
-6
-9
-10
-11
-13
-15
-16
-16
-15
-17
-17
-17
-17
-18
-19
-20
-20
-20
-22
-22
-23
-25
-25
-25
-26
-25
-24
-24
-24
-24
-21
-20
-18
-17
-15
-13
-11
-7
-6
-4
-1
1
2
4
6
8
9
10
12
13
15
18
18
18
20
21
23
23
25
25
25
25
27
27
27
26
26
26
26
24
22
19
17
15
13
10
7
6
4
3
2
1
-1
-2
-3
-6
-7
-8
-10
-11
-12
-13
-14
-15
-17
-18
-20
-20
-20
-21
-22
-23
-23
-23
-23
-23
-21
-20
-19
-18
-18
-16
-17
-16
-14
-13
-12
-10
-8
-6
-3
-1
2
5
6
8
8
10
11
12
13
14
15
16
17
18
19
20
22
21
21
22
21
19
20
19
18
18
17
17
16
13
