-16
-15
-14
-14
-14
-12
-12
-11
-11
-9
-8
-7
-6
-5
-4
-3
-1
1
3
3
5
6
8
10
11
14
14
16
17
18
20
21
20
20
21
20
20
19
17
18
16
15
13
13
11
10
10
8
7
4
4
4
3
1
0
-2
-1
-3
-4
-5
-6
-7
-7
-7
-7
-7
-7
-8
-7
-7
-8
-8
-8
-8
-8
-9
-9
-8
-7
-7
-7
-5
-6
-7
-7
-7
-7
-7
-7
-7
-6
-6
-6
-5
-3
-3
-2
0
3
4
5
7
6
7
8
8
6
6
7
9
8
9
9
9
10
10
9
10
9
8
9
7
7
6
3
1
-1
-2
-3
-4
-4
-3
-3
-2
-3
-3
-3
-3
-3
-4
-3
-3
-3
-3
-4
-4
-2
-2
-3
-3
-4
-5
-7
-8
-9
-9
-9
-8
-8
-6
-6
-4
-2
-2
-3
-3
-2
-3
-3
-2
-2
-1
-1
2
3
5
5
5
6
5
6
7
7
8
7
7
7
6
6
5
5
5
5
3
2
2
3
4
3
5
3
3
3
2
2
1
-1
-1
-1
-3
-4
-4
-5
-6
-5
-7
-7
-7
-7
-7
-6
-6
-7
-6
-5
-4
-4
-4
-4
-2
-2
-1
-1
-1
0
-1
-1
0
-1
-2
-3
-2
-2
0
0
1
2
1
3
4
5
4
7
8
9
10
12
13
13
12
11
12
10
10
8
6
6
6
5
5
6
6
7
5
4
4
2
2
2
0
-2
-2
-2
-2
-3
-3
-4
-4
-3
-3
-4
-4
-4
-4
-3
-4
-5
-5
-6
-5
-3
-3
-3
-5
-7
-7
-8
-9
-9
-7
-6
-5
-3
-3
-3
-1
-2
-1
-2
-3
-3
-2
-3
-5
-6
-7
-6
-4
-5
-6
-5
-5
-2
-3
-1
0
1
0
-1
-1
-1
-2
-2
-2
-3
-5
-5
-6
-6
-5
-6
-5
-3
-1
0
1
3
3
2
4
3
4
4
3
4
3
4
6
6
6
6
5
6
6
4
3
3
2
1
1
0
0
0
1
3
3
3
5
5
5
3
3
3
3
2
2
3
2
1
1
0
0
-1
1
0
2
3
5
6
8
9
8
9
10
11
12
11
7
8
7
6
5
4
2
1
2
1
1
2
2
5
6
5
6
6
6
5
4
3
3
2
2
1
1
0
-1
-1
-1
0
0
2
1
2
0
-1
-2
-4
-6
-7
-7
-9
-12
-12
-13
-15
-15
-15
-15
-16
-17
-16
-16
-17
-18
-18
-17
-18
-17
-16
-16
-14
-13
-13
-12
-11
-11
-11
-10
-9
-9
-8
-7
-6
-5
-4
-5
-4
-3
-1
0
2
2
3
4
5
8
9
11
11
11
11
12
12
12
11
11
12
11
12
12
12
11
10
11
13
11
12
13
11
12
11
11
10
9
8
7
8
6
5
2
2
1
2
3
2
2
3
3
3
2
1
1
1
0
1
-1
0
-1
-2
-2
-4
-3
-3
-2
-3
-1
-1
-1
1
2
1
1
3
2
3
4
5
5
7
7
7
8
9
7
7
6
5
5
5
4
2
2
1
3
3
2
1
1
1
0
-2
-4
-5
-8
-9
-10
-12
-13
-16
-16
-18
-17
-16
-16
-17
-16
-16
-17
-16
-16
-16
-17
-17
-17
-17
-17
-18
-17
-15
-16
-16
-15
-14
-13
-9
-9
-9
-8
-6
-6
-5
-5
-5
-4
-4
-3
-2
-2
0
1
3
5
6
8
11
11
13
16
16
18
18
20
21
21
20
19
19
18
18
18
17
16
17
16
15
14
14
13
13
13
14
14
14
15
15
12
12
11
9
8
7
6
3
1
1
-2
-2
-3
-3
-3
-3
-4
-3
-3
-4
-4
-6
-6
-8
-8
-8
-8
-10
-9
-6
-7
-6
-5
-4
-4
-3
-2
-1
-3
-4
-4
-3
-4
-4
-4
-4
-2
-3
-2
-2
-2
-1
0
1
1
1
0
-1
-1
-1
-3
-3
-3
-4
-6
-6
-6
-7
-7
-6
-5
-4
-4
-4
-4
-3
-5
-4
-3
-4
-3
-2
-4
-5
-5
-5
-4
-5
-3
-2
-1
-2
-1
0
-1
-1
-2
-4
-4
-4
-7
-6
-5
-7
-7
-7
-6
-6
-5
-4
-3
-3
-2
-3
-3
-3
-3
-3
-2
-2
-3
-4
-3
-3
-3
-3
0
3
4
6
8
8
9
9
9
8
6
6
5
4
4
3
3
5
6
7
9
10
9
10
12
11
11
11
10
10
9
7
8
6
7
5
4
5
6
5
5
4
5
6
5
6
4
4
2
3
1
0
-1
-2
-3
-3
-3
-1
0
-1
-1
-1
-2
-3
-2
-2
-4
-5
-5
-4
-6
-4
-6
-4
-3
-3
-1
1
1
2
3
4
4
4
4
4
4
3
3
2
2
1
-1
-1
-3
-3
-4
-5
-3
-3
-3
-2
-2
-1
-1
0
-1
0
-1
-2
-2
-4
-5
-5
-6
-7
-9
-9
-9
-9
-9
-9
-7
-7
-6
-5
-5
-5
-5
-6
-7
-8
-10
-10
-11
-11
-10
-10
-9
-8
-7
-7
-5
-6
-5
-5
-4
-4
-3
-3
-3
-2
-2
-1
-1
0
0
2
3
3
5
6
6
8
9
11
11
12
13
11
10
9
10
10
8
9
9
9
9
9
9
9
8
11
11
11
10
10
8
8
6
8
7
6
7
6
6
4
5
6
4
3
3
3
2
2
2
2
-1
-1
-1
-1
-3
-3
-4
-6
-7
-8
-7
-8
-6
-6
-5
-4
-5
-7
-6
-6
-6
-6
-4
-3
-4
-3
-3
-3
-4
-5
-4
-4
-3
-2
0
0
-1
-1
0
-1
-1
-2
-1
-1
-1
-1
-3
-3
-3
-3
-2
-3
-3
-3
-3
-3
-1
-3
-4
-4
-3
-2
-1
-1
1
0
-1
-1
-1
-2
-1
0
-1
-1
-1
0
-2
-2
-2
0
-1
0
1
2
1
1
3
2
2
1
2
1
1
0
0
0
0
-3
-2
-2
-2
-4
-4
-4
-4
-4
-4
-4
-5
-4
-4
-3
-3
-3
-2
-3
-3
-2
1
1
2
3
3
5
6
8
9
11
10
10
11
12
12
12
12
11
11
10
11
9
8
9
9
9
8
8
8
8
8
7
6
5
6
5
5
5
2
1
0
-2
-1
-1
-1
-2
-3
-3
-3
-3
-4
-4
-7
-6
-7
-6
-7
-6
-8
-9
-7
-7
-8
-8
-7
-8
-8
-9
-10
-10
-11
-10
-12
-11
-12
-14
-13
-14
-13
-13
-12
-12
-9
-9
-9
-7
-7
-5
-4
-4
-3
-1
0
0
1
1
4
5
7
8
10
12
13
13
13
15
15
15
15
15
16
14
12
12
11
10
10
8
7
6
5
4
2
0
-2
-3
-5
-6
-7
-7
-7
-8
-9
-9
-8
-6
-6
-5
-2
-3
-3
-2
-3
-3
-4
-6
-5
-5
-6
-5
-5
-5
-4
-3
-2
0
0
1
2
4
4
3
2
1
0
-1
-1
-1
-2
-2
-2
-3
-4
-3
-3
-1
1
2
4
3
4
3
3
2
1
1
0
-1
-2
-2
-1
-1
-1
2
3
4
6
7
9
10
10
11
11
12
12
13
10
10
7
9
9
6
5
5
4
4
4
2
1
2
2
1
3
2
2
0
1
1
3
2
0
1
1
0
-1
-3
-4
-5
-7
-9
-10
-13
-12
-13
-13
-14
-15
-14
-16
-16
-16
-16
-15
-14
-14
-13
-13
-12
-12
-11
-12
-10
-10
-9
-7
-4
-3
-1
1
1
2
2
5
5
6
7
9
9
12
12
13
15
15
17
17
16
15
15
14
14
14
11
10
8
7
5
6
2
1
0
-2
-2
-3
-3
-5
-5
-7
-5
-5
-5
-5
-4
-3
-3
-2
-3
-2
-2
-2
-1
-2
-2
-1
-2
-2
1
1
2
3
4
4
5
5
5
5
4
4
3
5
5
5
5
5
5
6
6
5
5
3
1
0
-1
-3
-5
-8
-9
-12
-15
-16
-17
-18
-20
-21
-21
-18
-18
-18
-17
-14
-13
-10
-9
-8
-7
-7
-6
-4
-3
-2
-2
-2
0
0
2
4
5
8
10
12
13
14
14
16
15
14
15
16
15
15
15
17
15
15
16
16
14
15
13
13
12
10
9
9
10
9
8
7
5
4
2
1
-1
-2
-3
-4
-7
-9
-8
-10
-10
-12
-13
-13
-14
-13
-13
-15
-13
-13
-12
-11
-10
-8
-7
-5
-4
-3
-2
-1
1
3
4
4
3
4
3
2
1
2
1
-1
-2
-1
-1
-2
-4
-5
-3
-2
0
-2
0
2
4
6
7
6
7
6
7
6
5
6
6
6
5
4
5
4
5
5
4
4
4
3
3
2
2
2
0
0
-1
-3
-3
-2
-4
-5
-3
-3
-3
-2
-2
-1
-2
-4
-4
-6
-8
-9
-10
-9
-10
-11
-11
-13
-13
-13
-15
-16
-16
-16
-16
-14
-14
-14
-12
-12
-12
-12
-11
-12
-12
-11
-11
-9
-9
-8
-6
-5
-4
-2
1
4
6
8
12
14
16
17
20
22
24
23
23
24
22
21
20
19
19
19
18
17
18
14
14
14
13
13
14
13
13
12
12
10
10
8
7
4
4
3
1
1
0
-1
-3
-5
-6
-7
-8
-10
-10
-9
-11
-10
-9
-10
-9
-8
-8
-8
-9
-7
-8
-8
-8
-8
-9
-9
-10
-9
-8
-7
-6
-7
-8
-8
-7
-8
-9
-8
-9
-8
-6
-6
-6
-6
-5
-3
-3
-1
0
0
1
1
2
2
2
1
0
-1
-1
-1
-4
-4
-5
-5
-6
-7
-8
-7
-6
-6
-6
-3
-2
-1
1
2
4
3
3
1
0
0
-1
0
-1
0
-2
-3
-1
1
0
1
1
3
4
4
4
6
6
7
6
7
7
7
8
8
10
11
10
11
10
11
13
13
12
13
13
12
12
11
11
11
11
11
10
11
9
9
8
6
5
6
5
5
3
3
2
1
-1
-1
-1
-3
-2
-3
-3
-2
-3
-2
0
-1
1
1
1
3
3
2
1
2
2
2
1
0
-2
-3
-6
-7
-7
-10
-9
-10
-9
-9
-10
-10
-11
-10
-11
-10
-11
-12
-12
-12
-14
-16
-14
-17
-19
-20
-20
-19
-22
-20
-19
-20
-18
-18
-18
-17
-16
-16
-17
-16
-16
-16
-15
-15
-14
-15
-13
-12
-9
-9
-8
-7
-6
-3
-1
2
5
8
10
12
13
13
16
18
19
21
19
24
20
19
17
14
14
14
19
18
22
23
21
22
27
28
29
31
30
29
26
22
21
16
15
17
14
15
14
13
10
10
12
12
12
7
9
12
9
7
7
4
3
6
6
-2
-4
-5
-2
-6
-4
-7
-13
-10
-14
-14
-15
-15
-7
-7
-9
-11
-20
-19
-13
-11
-9
-8
-7
-5
-13
-13
-15
-15
-14
-16
-14
-14
-10
-7
-12
-13
-12
-19
-11
-6
-13
-4
-3
-8
-7
-7
-5
5
3
7
0
-13
-6
-7
0
1
-3
-3
0
6
6
-9
5
11
5
11
1
9
1
5
6
-6
-7
-8
-10
-7
-3
8
0
-1
2
-4
3
-5
-6
-11
-19
-15
-24
-20
-29
-34
-29
-22
-12
-6
-11
-5
-5
-3
6
0
12
19
28
22
12
3
1
4
21
16
25
23
21
19
9
10
1
10
13
11
8
5
12
11
3
9
-1
-3
-4
-6
-18
-12
8
9
12
11
15
22
18
20
11
12
104
95
76
64
17
6
-21
-40
-44
-61
2
-14
-57
-54
-63
-29
-16
6
1
17
46
10
24
6
4
27
-28
32
-2
15
59
14
35
20
-3
23
-27
23
10
-28
28
-38
-1
-54
-55
5
-48
-55
-8
-56
-21
11
1
-23
-47
21
-22
-4
30
40
5
52
31
-39
0
-14
-17
12
-47
-18
-18
-30
13
-71
-27
-42
-38
7
-20
-31
4
18
-27
-24
-18
-40
10
17
-7
4
-19
-5
-30
-5
-17
6
52
3
-20
-21
-20
1
-23
12
-3
-3
74
-27
-36
20
-38
22
19
-15
87
1
21
33
-75
29
35
5
97
16
13
44
-45
18
31
10
91
59
13
32
-45
2
49
-4
67
51
19
64
-1
-42
19
-23
38
67
-16
8
-26
-28
15
-35
12
47
19
99
52
-27
5
-1
-37
31
2
-34
5
5
-3
-29
10
15
8
58
5
-61
-16
-35
-13
11
-6
-2
-27
-46
-56
-51
14
19
-50
-14
-23
1
-2
-23
-21
-50
-11
-32
-39
-1
8
42
52
38
31
-35
-78
-81
-36
48
22
3
-1
-57
-48
-44
-35
-14
21
107
89
-11
-56
-90
-99
-72
-82
-120
-91
6
-5
-39
-56
-30
9
42
71
61
64
82
81
98
63
-33
-52
-41
6
21
-9
-56
-70
-47
-26
-7
14
49
43
50
34
-25
-84
-70
-22
-1
15
-10
9
48
20
-14
-14
1
61
59
42
56
57
19
-55
-91
-40
21
58
77
61
59
-19
-96
-86
-56
2
43
21
47
60
48
8
-31
-24
33
123
156
118
72
54
51
31
-90
-97
-13
83
134
105
47
25
52
79
33
21
31
-29
-29
-42
-83
-103
-86
-69
-40
-36
-38
20
117
164
120
53
-14
-70
-30
35
20
43
38
-31
-60
-81
-122
-110
-14
64
31
-18
-86
-147
-98
-28
-13
40
81
19
-21
-34
-100
-122
-86
-84
-60
-65
-128
-163
-153
-117
-78
-22
43
57
63
48
-4
-1
10
23
72
86
40
-49
-119
-135
-118
-63
-6
27
67
88
81
59
51
74
92
139
166
109
39
-21
-47
-72
-102
-86
-31
37
57
66
86
81
80
47
-10
-11
8
-2
-24
-14
31
30
-11
-33
-49
-69
-65
-68
-42
0
-14
-44
-44
0
35
20
8
4
4
18
-14
-34
-7
-1
-6
-1
-14
-21
2
4
2
32
76
118
116
103
103
86
69
30
-25
-35
-55
-31
-14
-62
-40
35
74
102
108
103
99
76
49
-2
-12
15
2
-21
-25
-41
-44
-30
-18
2
40
42
-8
-37
-46
-53
-55
-46
-32
-19
2
-2
-43
-40
-6
-32
-54
-37
-47
-39
-21
-59
-82
-56
-12
-5
-3
23
8
5
15
-20
-34
-25
-60
-113
-107
-38
0
13
7
-52
-35
27
11
-24
-31
16
35
12
11
8
69
135
88
34
9
-10
-43
-59
10
70
76
34
-8
12
15
-29
-66
-36
44
59
21
21
47
64
29
-12
-22
-9
0
-37
-55
-39
-75
-127
-112
-75
-87
-94
-83
-71
-21
11
16
35
92
129
74
47
22
-18
-8
18
77
82
74
102
83
129
106
7
3
7
54
75
62
68
30
66
95
64
87
88
81
70
59
50
1
-20
-43
-59
-48
-69
-81
-75
-38
4
9
15
9
25
42
10
-6
-14
-44
-79
-115
-156
-205
-187
-147
-131
-91
-64
-60
-70
-74
-101
-144
-127
-72
20
92
91
67
83
92
67
66
70
41
47
70
92
96
81
56
-3
-31
-46
-78
-95
-68
-12
45
60
55
94
139
128
89
55
60
60
39
23
6
4
-9
-18
-25
-30
-26
-21
13
14
-25
-61
-106
-123
-132
-130
-137
-157
-109
-103
-109
-51
-15
1
-33
-70
-85
-126
-174
-208
-178
-106
-80
-55
-47
-72
-100
-144
-171
-175
-138
-70
-18
71
124
109
129
153
168
197
185
156
156
200
233
208
224
188
103
71
54
72
98
159
239
275
332
305
277
326
303
230
130
82
57
4
10
-34
-54
6
15
33
83
144
186
177
176
157
115
96
17
-66
-106
-196
-283
-304
-351
-417
-480
-561
-620
-563
-375
-154
60
244
258
137
-13
-218
-407
-501
-560
-615
-577
-479
-466
-465
-399
-320
-178
-41
26
106
211
264
210
205
230
193
231
266
260
303
300
280
251
242
233
165
184
196
190
285
296
332
461
506
518
466
424
364
257
254
188
125
143
81
99
170
211
252
278
351
344
258
181
63
-27
-79
-171
-287
-420
-556
-657
-727
-768
-794
-828
-850
-837
-758
-549
-379
-317
-278
-337
-460
-638
-805
-894
-1007
-1044
-1088
-1140
-1062
-1015
-873
-646
-450
-89
402
996
1502
1770
1889
1666
1369
1158
810
588
489
381
220
-16
-100
-132
-45
138
186
388
558
631
807
986
1201
1324
1470
1662
1708
1707
1470
1059
719
340
33
-160
-257
-317
-383
-339
-331
-354
-343
-363
-311
-242
-247
-321
-481
-671
-920
-1164
-1356
-1560
-1688
-1696
-1633
-1465
-1241
-1062
-931
-876
-885
-953
-1096
-1207
-1291
-1414
-1467
-1559
-1610
-1420
-846
131
1096
1970
2697
2996
2819
2098
1193
483
6
-169
-358
-575
-723
-836
-796
-670
-343
69
358
673
979
1215
1407
1587
1889
2200
2432
2560
2508
2323
1847
1129
461
-133
-556
-767
-783
-674
-598
-474
-350
-217
15
164
251
325
310
172
-124
-469
-875
-1279
-1582
-1842
-1990
-2038
-1943
-1704
-1412
-1056
-797
-660
-573
-631
-708
-860
-1046
-1184
-1366
-1410
-1485
-1509
-1188
-610
269
1301
2309
3085
3213
2754
1886
1066
595
234
9
-205
-506
-892
-1240
-1354
-1208
-653
29
524
986
1375
1661
1867
2135
2416
2508
2586
2556
2413
2105
1399
559
-178
-704
-1008
-1108
-910
-715
-581
-413
-263
-24
139
206
302
347
281
17
-269
-612
-1128
-1544
-1887
-2176
-2296
-2255
-2044
-1748
-1328
-889
-661
-528
-482
-514
-473
-428
-549
-814
-1179
-1568
-1870
-1995
-1692
-1033
-48
1190
2238
3013
3204
2619
1879
1232
799
509
145
-149
-716
-1341
-1636
-1836
-1482
-701
-78
476
895
1449
2063
2500
3019
3105
2859
2626
2148
1813
1354
618
29
-500
-698
-781
-828
-563
-456
-339
-136
41
322
424
524
622
566
409
-1
-428
-911
-1419
-1776
-2072
-2146
-2183
-2117
-1881
-1618
-1166
-720
-395
-257
-381
-432
-528
-567
-558
-817
-1168
-1665
-2050
-2239
-1964
-1174
-131
1257
2546
3382
3473
2825
2051
1309
829
516
51
-312
-864
-1373
-1658
-1827
-1447
-734
-88
413
834
1379
1944
2438
3001
3238
3142
3066
2836
2476
1899
984
40
-725
-1127
-1227
-1161
-848
-583
-450
-236
14
274
506
701
817
840
676
304
-185
-852
-1578
-2272
-2706
-2818
-2770
-2452
-2022
-1622
-1178
-727
-301
-139
-211
-300
-463
-625
-856
-1180
-1608
-2161
-2608
-2966
-2558
-1455
-106
1474
2653
3528
3533
2751
2113
1333
1098
1013
528
118
-795
-1421
-1865
-2246
-1703
-1103
-527
-11
422
1333
2156
2955
3802
4096
4015
3598
3006
2443
1608
649
-149
-719
-1012
-1102
-958
-741
-679
-664
-524
-153
365
919
1362
1573
1493
1062
395
-380
-1220
-2066
-2674
-3045
-3113
-2813
-2429
-1838
-1355
-1020
-541
-331
-126
-16
-103
-46
-355
-727
-1286
-2138
-2677
-3090
-3216
-2838
-1931
-657
680
1792
2830
3382
3031
2547
2032
1721
1624
1227
782
-154
-1192
-1889
-2598
-2505
-1742
-896
-233
224
920
1652
2472
3522
4355
4658
4418
3859
3184
2305
1200
131
-646
-1094
-1314
-1232
-1005
-885
-811
-728
-435
154
887
1637
2210
2429
2174
1426
424
-647
-1785
-2747
-3414
-3712
-3592
-3241
-2651
-1968
-1382
-768
-223
154
253
113
-47
-285
-584
-1023
-1689
-2525
-3242
-3737
-3779
-3139
-1885
-246
1153
2338
3195
3121
2378
1738
1598
1689
1568
1362
751
-446
-1548
-2398
-2836
-2381
-1396
-547
-15
549
1375
2031
2827
3784
4235
4171
3794
3525
3218
2456
1470
385
-529
-1182
-1557
-1391
-1069
-848
-660
-442
9
665
1407
2090
2515
2573
2151
1243
154
-905
-1996
-2959
-3540
-3737
-3545
-3083
-2361
-1580
-980
-384
42
165
257
166
23
-216
-614
-1073
-2014
-2937
-3578
-4027
-3815
-3017
-1882
-523
760
2217
3199
3111
2593
2113
2036
2165
2050
1749
933
-325
-1475
-2491
-2732
-2109
-1232
-529
-197
151
632
1243
2305
3438
4037
4087
3848
3692
3367
2685
1877
908
-27
-810
-1313
-1380
-1383
-1315
-1116
-804
-104
686
1413
2084
2411
2274
1569
549
-423
-1341
-2174
-2790
-3197
-3339
-3265
-3004
-2369
-1680
-948
-234
154
330
224
13
-114
-206
-508
-1135
-2117
-3210
-4020
-4586
-4385
-3326
-1847
-255
1081
2432
3426
3257
2656
2335
2422
2730
2686
2335
1356
-238
-1576
-2634
-3028
-2302
-1375
-691
-439
-220
200
560
1544
2816
3723
4170
4355
4402
4134
3420
2507
1484
389
-489
-1194
-1372
-1317
-1419
-1419
-1312
-834
-106
620
1463
2038
2245
1854
1031
228
-749
-1619
-2210
-2507
-2613
-2687
-2612
-2353
-2024
-1657
-1155
-589
-119
245
451
404
65
-601
-1462
-2287
-3079
-3527
-3839
-3770
-2903
-1849
-598
543
1873
3148
3369
3013
2658
2584
2841
2620
2162
1258
-72
-972
-1799
-2125
-1776
-1233
-944
-1015
-913
-560
-47
1094
2576
3659
4180
4257
4182
3858
3340
2643
1862
1151
372
-300
-785
-1198
-1656
-2025
-2005
-1610
-844
124
895
1407
1575
1245
620
-2
-494
-972
-1344
-1657
-2117
-2509
-2802
-2895
-2674
-2297
-1709
-1080
-658
-252
-294
-454
-584
-987
-1322
-1877
-2415
-2926
-3526
-3429
-2799
-2008
-496
780
2009
3140
3417
2994
2223
2129
2433
2380
2374
1889
651
-371
-1243
-1704
-1645
-1162
-760
-921
-977
-671
-159
947
2433
3659
4165
4137
3939
3469
3163
2879
2430
1971
1349
704
19
-618
-1224
-1920
-2149
-1871
-1400
-522
240
719
929
737
519
200
71
-23
-336
-638
-1253
-1935
-2438
-2824
-2771
-2561
-2246
-1824
-1552
-1173
-1100
-1031
-881
-1124
-1275
-1469
-1900
-2338
-2669
-2548
-2066
-1369
-240
479
1270
2201
2662
2466
1933
1946
2118
2229
2312
1957
988
29
-615
-1092
-1227
-775
-431
-551
-711
-693
-441
330
1655
2861
3417
3473
3246
2865
2782
2851
2933
2938
2494
1774
863
-84
-1035
-1909
-2184
-2051
-1698
-1106
-576
-300
-160
-132
-184
-108
30
66
-54
-393
-918
-1650
-2285
-2537
-2646
-2487
-2295
-2216
-2063
-2042
-1832
-1615
-1385
-1146
-1262
-1437
-1653
-2198
-2358
-2400
-2074
-1309
-593
361
973
1838
2620
2437
1914
1690
1894
2444
2623
2611
1864
627
-206
-763
-803
-321
247
297
-127
-515
-444
-22
1009
2227
2958
3157
3006
2772
2758
3083
3395
3472
3172
2456
1527
566
-293
-1112
-1621
-1694
-1644
-1432
-1108
-900
-791
-707
-704
-620
-355
-111
20
-155
-527
-1155
-1916
-2257
-2355
-2190
-2082
-2136
-2220
-2559
-2595
-2420
-2010
-1476
-1291
-1225
-1469
-1947
-2151
-2279
-1963
-1278
-563
230
599
1109
1894
2174
1862
1500
1748
2425
2731
2853
2470
1312
484
198
-67
2
478
713
120
-662
-779
-535
225
1341
2179
2372
2111
1803
2019
2655
3334
3924
3906
3268
2201
1240
511
-115
-436
-707
-1105
-1510
-1892
-2163
-2227
-2029
-1691
-1338
-1048
-803
-645
-712
-925
-1234
-1482
-1649
-1550
-1431
-1691
-2061
-2524
-2785
-2873
-2478
-1918
-1516
-1422
-1882
-2170
-2515
-2506
-1992
-1283
-455
29
219
233
101
722
1606
2138
2605
2938
3262
3068
2417
1864
1248
1054
1543
1812
1659
1190
537
-413
-1389
-1279
-436
577
1538
1916
1584
874
754
1339
2436
3754
4659
4832
4151
3031
1940
1154
885
671
310
-233
-1160
-2106
-2862
-3201
-3082
-2567
-1810
-1288
-1134
-1117
-1286
-1423
-1392
-1216
-1007
-851
-864
-1321
-1971
-2503
-2821
-2820
-2419
-1938
-1689
-1860
-2122
-2531
-2570
-2232
-1802
-1535
-1343
-906
-912
-584
-122
584
1700
2587
2715
2109
2096
2738
3012
3244
3175
2561
2192
2041
1585
847
659
577
-22
-631
-677
-632
-319
359
652
619
631
1227
2048
3012
3960
4359
4427
4141
3590
2783
2125
1563
689
-111
-999
-1930
-2613
-2948
-3044
-3133
-2863
-2446
-2308
-2152
-1838
-1731
-1585
-1333
-1154
-1093
-1201
-1330
-1758
-2242
-2467
-2645
-2574
-2274
-2097
-1978
-2073
-2179
-2282
-2110
-1744
-1589
-1607
-1551
-1456
-1271
-875
-390
436
1366
2408
2461
2061
2223
2999
3659
3756
3769
3486
3003
2802
2267
1435
1037
848
317
-513
-720
-829
-688
-91
455
510
505
1065
1839
2819
3768
4291
4429
4249
3752
2983
2265
1726
1162
605
-132
-1081
-2049
-2724
-3016
-2990
-2776
-2621
-2529
-2470
-2358
-2270
-2209
-2099
-1839
-1537
-1548
-1726
-2028
-2355
-2544
-2517
-2271
-2021
-1684
-1466
-1414
-1572
-1674
-1576
-1396
-1073
-1095
-1186
-1185
-1262
-1018
-801
-229
484
1273
1963
1862
2231
3058
3658
3717
3563
3509
3277
3365
3316
2523
1684
1102
440
-350
-548
-414
-272
134
378
141
-250
112
1053
2060
3123
3601
3590
3292
2844
2375
1839
1765
1677
1240
555
-560
-1730
-2496
-2733
-2689
-2668
-2594
-2688
-2865
-2888
-2822
-2858
-2703
-2349
-2216
-2184
-2271
-2450
-2590
-2606
-2453
-2304
-1992
-1449
-1141
-1092
-1114
-1164
-1025
-679
-426
-454
-652
-723
-777
-826
-621
-413
26
968
1593
1635
1830
2713
3341
3434
3475
3187
2880
3278
3672
3120
2216
1618
896
107
17
168
327
705
966
526
-176
-292
143
1166
2423
3021
2807
2336
1934
1635
1707
1927
1877
1621
1083
80
-1049
-1718
-1992
-1965
-1792
-1915
-2355
-2711
-2775
-2833
-2870
-2836
-2887
-2843
-2743
-2710
-2811
-2935
-2785
-2616
-2236
-1891
-1487
-1038
-942
-788
-766
-601
-315
-115
42
-324
-639
-606
-721
-510
-507
-191
242
835
1474
1471
2178
3160
3496
3170
2729
2575
2555
3176
3791
3200
2453
1745
871
22
17
567
822
1231
1211
343
-667
-923
-279
913
2118
2598
2350
1865
1362
1031
1086
1323
1383
1340
835
-119
-1104
-1703
-1918
-1913
-1696
-1792
-2226
-2693
-3059
-3266
-3442
-3438
-3262
-3074
-2919
-2999
-3117
-3143
-2893
-2437
-1978
-1465
-907
-669
-547
-402
-322
-168
55
290
88
-86
73
72
33
186
282
459
888
1571
1625
1707
2481
3032
3085
2720
2392
2015
2277
3090
3242
2808
2364
1713
822
189
210
492
1019
1596
1421
590
-204
-353
201
1241
2120
2336
1910
1415
875
505
464
411
544
457
165
-443
-1283
-1707
-2037
-1963
-1765
-1922
-2143
-2579
-2765
-3132
-3466
-3449
-3357
-2967
-2714
-2577
-2652
-2873
-2761
-2457
-1890
-1135
-509
-153
-208
-344
-426
-437
-157
212
393
422
370
238
8
87
470
886
1486
2034
2016
1825
2162
2705
2738
2657
2663
2446
2468
2811
2713
2092
1738
1507
864
329
290
222
387
930
1148
769
285
224
334
719
1234
1309
1182
930
632
177
-43
113
52
160
117
-318
-896
-1412
-1541
-1791
-1762
-1768
-2357
-2730
-2995
-3148
-3305
-3387
-3313
-3460
-3147
-2822
-2662
-2327
-2074
-1752
-1344
-702
-202
-10
259
391
293
247
98
82
106
199
448
532
573
582
680
876
1028
1531
1754
1824
2444
3017
3191
2806
2638
2311
2013
2429
2496
2218
1991
1750
1059
117
-94
-75
297
1184
1625
1262
423
-183
-521
-318
373
888
1037
941
596
-9
-384
-394
-109
256
454
306
-273
-858
-1375
-1808
-1942
-2060
-2212
-2444
-2653
-2909
-3410
-3690
-3784
-3617
-3119
-2548
-2075
-1806
-1545
-1363
-1233
-811
-230
258
607
730
617
303
93
74
113
331
610
764
678
504
411
378
696
1320
1765
1933
2177
2585
2652
2422
2231
2012
1879
2022
2230
2056
1749
1599
1180
539
210
290
444
679
940
755
101
-541
-855
-791
-339
167
434
526
468
251
-16
-56
62
196
397
387
113
-253
-685
-1170
-1648
-1988
-2416
-2817
-2881
-2890
-3032
-3165
-3216
-3276
-3125
-2622
-2028
-1477
-928
-584
-543
-448
-169
185
565
899
1058
986
836
637
381
188
137
211
322
435
503
583
651
824
1106
1340
1537
1809
2244
2535
2597
2432
1967
1567
1568
1842
2009
2089
2129
1808
1192
467
-210
-530
-295
166
255
21
-395
-931
-1239
-1159
-815
-409
3
302
382
332
125
-162
-194
-124
-165
-202
-317
-604
-1053
-1531
-2094
-2634
-2759
-2712
-2654
-2378
-2154
-2177
-2289
-2236
-2043
-1751
-1179
-619
-190
184
360
404
536
750
892
919
911
821
606
385
66
-153
-83
72
228
357
533
659
728
964
1177
1313
1481
1703
1989
2150
2213
2118
1865
1760
1697
1568
1408
1337
1295
973
463
-39
-497
-762
-797
-700
-589
-596
-705
-886
-984
-909
-812
-599
-241
133
427
493
344
43
-240
-402
-567
-659
-711
-867
-1068
-1258
-1451
-1709
-1916
-1954
-1937
-1845
-1667
-1511
-1342
-1113
-836
-567
-312
-11
278
536
773
919
977
967
928
926
924
841
660
432
211
-10
-124
-69
89
290
488
585
574
563
603
712
904
1192
1476
1609
1564
1401
1197
1009
870
777
708
688
694
571
298
-7
-273
-509
-682
-723
-691
-642
-592
-563
-541
-497
-470
-503
-552
-584
-618
-637
-618
-606
-623
-650
-706
-806
-873
-888
-909
-953
-999
-1066
-1136
-1116
-992
-819
-649
-486
-332
-176
-32
119
314
536
741
882
954
961
923
879
834
763
675
570
456
341
227
114
-8
-98
-119
-58
41
127
214
287
324
322
315
304
303
370
470
516
492
419
327
230
164
84
12
34
92
87
15
-48
-78
-62
23
111
113
38
-83
-213
-322
-369
-367
-352
-347
-365
-419
-508
-588
-624
-625
-628
-665
-714
-757
-773
-726
-612
-449
-293
-153
2
157
324
510
697
858
999
1139
1240
1291
1312
1281
1179
1029
854
651
453
310
218
156
94
16
-55
-112
-157
-203
-242
-277
-318
-334
-320
-320
-341
-391
-462
-539
-613
-684
-770
-854
-937
-1029
-1114
-1169
-1167
-1110
-1013
-882
-738
-604
-489
-386
-299
-226
-152
-52
55
154
249
338
380
376
350
311
284
253
212
139
51
-15
-51
-58
-40
16
116
240
376
515
659
833
1067
1334
1564
1737
1855
1905
1876
1803
1682
1519
1333
1130
898
638
399
189
10
-137
-251
-342
-421
-490
-556
-619
-660
-678
-681
-669
-657
-672
-724
-799
-901
-1012
-1114
-1220
-1328
-1429
-1519
-1606
-1670
-1697
-1704
-1673
-1604
-1521
-1429
-1310
-1157
-988
-798
-572
-342
-109
124
328
489
617
725
795
829
845
838
804
749
679
594
521
480
455
459
506
583
683
800
945
1119
1331
1570
1804
2004
2158
2252
2276
2234
2134
1991
1819
1634
1423
1181
933
693
468
254
60
-111
-270
-419
-559
-682
-771
-834
-885
-931
-971
-1017
-1082
-1158
-1257
-1371
-1475
-1570
-1664
-1764
-1862
-1956
-2053
-2142
-2211
-2266
-2298
-2297
-2263
-2202
-2113
-1997
-1852
-1670
-1445
-1195
-923
-637
-354
-103
124
325
484
616
730
821
864
878
876
867
867
890
925
966
1015
1084
1188
1325
1500
1703
1923
2144
2336
2494
2599
2651
2657
2614
2537
2427
2300
2154
1985
1796
1580
1344
1097
845
611
405
224
54
-102
-258
-416
-557
-673
-771
-856
-930
-1006
-1096
-1203
-1318
-1435
-1540
-1641
-1744
-1855
-1975
-2102
-2219
-2317
-2406
-2477
-2518
-2532
-2525
-2492
-2419
-2301
-2130
-1908
-1651
-1382
-1105
-839
-605
-405
-219
-47
104
234
340
414
468
515
556
594
637
705
791
903
1055
1238
1437
1654
1878
2087
2259
2406
2544
2645
2708
2738
2724
2661
2568
2468
2351
2217
2061
1880
1667
1432
1189
950
728
524
339
156
-27
-200
-356
-494
-616
-723
-823
-918
-1007
-1096
-1195
-1312
-1439
-1562
-1685
-1808
-1926
-2047
-2174
-2303
-2422
-2519
-2582
-2598
-2571
-2521
-2437
-2316
-2163
-1991
-1802
-1610
-1416
-1219
-1025
-839
-671
-522
-393
-279
-184
-104
-29
50
126
197
282
386
514
673
855
1043
1237
1439
1644
1841
2014
2172
2310
2421
2505
2560
2582
2582
2569
2537
2482
2392
2273
2125
1951
1762
1573
1386
1199
1013
831
658
490
325
169
24
-110
-232
-341
-445
-550
-654
-763
-873
-990
-1106
-1226
-1357
-1488
-1621
-1751
-1865
-1957
-2021
-2064
-2080
-2072
-2040
-1989
-1918
-1822
-1709
-1585
-1451
-1309
-1165
-1036
-921
-818
-730
-646
-558
-468
-386
-306
-235
-171
-100
-11
99
231
373
509
635
749
865
983
1103
1219
1327
1419
1496
1560
1616
1666
1708
1732
1732
1707
1662
1598
1515
1416
1307
1191
1073
948
820
691
560
430
303
180
69
-26
-108
-186
-274
-367
-462
-559
-658
-758
-854
-950
-1045
-1137
-1224
-1299
-1357
-1391
-1405
-1400
-1376
-1332
-1270
-1195
-1107
-1012
-907
-799
-694
-592
-497
-415
-343
-275
-217
-168
-123
-81
-38
12
63
112
166
226
285
345
410
471
531
593
657
715
769
821
868
909
943
971
989
999
1001
989
962
921
872
818
757
687
604
510
416
324
233
151
81
13
-47
-104
-155
-208
-263
-318
-375
-436
-503
-575
-646
-724
-797
-861
-914
-954
-983
-998
-1003
-995
-972
-939
-889
-816
-723
-614
-498
-383
-277
-174
-75
22
116
205
287
359
420
471
513
553
595
633
665
688
700
705
712
721
735
746
750
750
747
739
722
703
677
644
607
563
514
456
389
311
223
131
40
-49
-141
-235
-332
-429
-519
-598
-662
-713
-749
-777
-802
-819
-839
-852
-860
-871
-881
-891
-902
-909
-914
-914
-911
-903
-891
-873
-849
-817
-775
-721
-652
-575
-489
-392
-290
-180
-72
29
126
224
316
409
503
595
682
760
832
894
952
1008
1058
1103
1139
1168
1193
1212
1226
1233
1230
1222
1208
1187
1159
1123
1075
1021
959
890
815
730
642
549
448
342
232
116
-8
-133
-258
-381
-496
-599
-692
-776
-855
-928
-991
-1047
-1093
-1129
-1159
-1185
-1209
-1230
-1249
-1266
-1277
-1284
-1282
-1278
-1267
-1248
-1222
-1184
-1139
-1085
-1017
-940
-852
-759
-661
-560
-456
-342
-226
-107
10
124
239
349
459
569
675
778
876
969
1051
1128
1200
1268
1332
1390
1442
1490
1524
1547
1563
1570
1569
1559
1540
1513
1474
1428
1369
1300
1221
1131
1031
917
790
654
509
358
202
45
-109
-264
-412
-554
-688
-813
-926
-1026
-1115
-1191
-1260
-1321
-1376
-1428
-1474
-1514
-1547
-1573
-1591
-1602
-1606
-1605
-1601
-1589
-1571
-1544
-1511
-1467
-1414
-1354
-1282
-1203
-1113
-1017
-911
-799
-682
-563
-442
-320
-196
-70
57
185
316
445
570
690
803
911
1015
1113
1205
1292
1371
1440
1497
1549
1592
1629
1660
1686
1702
1711
1711
1701
1680
1644
1597
1537
1466
1386
1300
1203
1092
971
841
705
567
429
295
166
42
-76
-190
-302
-410
-513
-612
-707
-797
-880
-959
-1031
-1093
-1149
-1195
-1232
-1265
-1290
-1313
-1326
-1335
-1337
-1334
-1321
-1300
-1272
-1238
-1195
-1149
-1101
-1050
-995
-937
-876
-806
-732
-654
-572
-489
-399
-306
-210
-112
-13
79
167
253
335
412
486
560
631
701
765
823
874
921
965
1004
1038
1068
1092
1110
1119
1120
1112
1096
1074
1041
1003
956
902
842
777
711
643
578
512
447
380
307
230
148
69
-11
-89
-166
-241
-315
-382
-446
-505
-556
-606
-654
-699
-741
-775
-802
-822
-840
-855
-863
-867
-864
-857
-848
-837
-827
-816
-800
-778
-746
-709
-665
-613
-560
-506
-447
-387
-328
-266
-205
-146
-84
-23
36
93
151
208
267
323
375
422
465
505
543
578
612
640
664
684
700
712
718
718
713
707
693
678
667
654
641
626
610
588
561
531
501
468
429
388
344
295
247
202
155
111
69
25
-24
-71
-118
-160
-197
-234
-267
-299
-330
-362
-389
-415
-441
-467
-487
-507
-524
-538
-553
-562
-565
-566
-563
-554
-542
-527
-510
-496
-481
-467
-451
-430
-403
-371
-335
-303
-270
-232
-196
-159
-120
-79
-41
-7
30
56
78
100
117
134
148
160
163
161
158
153
149
147
159
175
187
193
201
208
211
221
229
234
247
258
261
260
262
259
253
248
242
239
239
236
234
221
202
192
183
180
177
175
169
160
152
137
121
116
112
107
105
99
90
71
51
44
32
24
14
-7
-28
-42
-58
-81
-98
-104
-111
-110
-111
-113
-111
-116
-119
-120
-116
-110
-108
-107
-109
-123
-145
-175
-197
-197
-202
-209
-221
-236
-252
-269
-281
-293
-280
-266
-255
-246
-245
-243
-243
-243
-238
-222
-197
-176
-157
-129
-117
-97
-77
-61
-24
15
49
78
107
137
159
185
204
235
270
310
345
365
390
404
407
414
424
437
442
441
435
430
428
415
389
360
348
336
318
303
281
272
252
216
184
153
130
108
78
28
-31
-84
-117
-157
-199
-231
-281
-332
-396
-460
-498
-531
-537
-535
-553
-571
-579
-579
-604
-615
-604
-604
-603
-598
-598
-602
-597
-583
-557
-516
-476
-443
-409
-365
-304
-247
-198
-147
-86
-24
37
101
161
226
286
347
401
444
491
524
549
573
594
608
614
639
662
664
680
702
712
724
716
709
694
660
665
654
630
605
560
515
494
437
402
322
295
399
282
129
-12
-82
-80
-133
-185
-262
-293
-201
-309
-491
-547
-540
-462
-468
-559
-602
-615
-627
-618
-682
-706
-716
-716
-720
-746
-727
-726
-752
-713
-686
-683
-667
-620
-556
-496
-434
-376
-333
-283
-195
-111
-42
19
91
135
163
190
219
245
276
341
389
402
433
504
565
587
606
637
685
717
733
725
703
716
707
676
650
641
631
580
527
475
435
400
344
294
253
213
177
135
84
56
18
-42
-85
-113
-144
-206
-267
-322
-376
-415
-450
-487
-504
-518
-531
-557
-610
-630
-630
-631
-628
-611
-596
-587
-561
-530
-508
-476
-402
-322
-271
-222
-188
-146
-91
-40
21
44
72
102
101
102
122
147
156
179
211
255
291
326
354
385
423
452
475
495
506
508
497
486
490
475
429
377
339
298
260
210
160
129
104
66
15
-19
-32
-30
-53
-76
-90
-115
-146
-183
-207
-229
-244
-260
-283
-305
-325
-348
-363
-336
-320
-334
-365
-401
-414
-441
-442
-438
-412
-363
-334
-301
-266
-188
-96
-23
43
111
168
218
246
278
306
328
335
347
360
368
363
343
351
353
371
373
385
410
418
408
392
380
359
347
320
291
269
251
212
167
136
101
56
0
-58
-117
-185
-255
-296
-323
-348
-381
-422
-454
-475
-500
-545
-575
-575
-559
-551
-544
-524
-491
-464
-444
-425
-410
-394
-385
-374
-353
-330
-320
-332
-317
-278
-247
-224
-199
-135
-52
35
111
183
270
353
419
462
510
556
603
635
665
697
711
716
711
704
709
712
696
674
665
668
664
657
646
616
586
554
515
462
415
372
329
274
210
142
76
13
-49
-121
-190
-253
-320
-393
-464
-524
-580
-640
-696
-739
-768
-798
-834
-863
-872
-865
-862
-861
-845
-816
-794
-785
-783
-774
-760
-743
-737
-731
-703
-665
-614
-553
-484
-409
-329
-247
-162
-78
6
99
194
297
390
475
560
637
703
747
781
814
844
870
891
918
947
965
967
967
966
969
964
948
935
920
899
869
836
813
783
729
656
588
516
432
336
245
168
98
20
-84
-182
-272
-362
-463
-556
-628
-693
-753
-812
-858
-893
-921
-945
-966
-971
-965
-971
-984
-982
-971
-967
-980
-986
-975
-956
-931
-901
-856
-788
-714
-639
-565
-477
-386
-299
-220
-132
-29
64
140
203
279
355
428
492
545
592
648
697
742
789
838
885
919
945
965
976
986
1000
1010
1003
987
974
957
934
894
843
798
751
702
637
552
475
383
303
218
140
72
-15
-107
-182
-262
-340
-419
-499
-553
-601
-637
-687
-738
-761
-782
-811
-841
-872
-891
-906
-925
-950
-980
-987
-980
-976
-972
-946
-903
-856
-798
-730
-657
-569
-480
-393
-306
-217
-128
-60
11
83
157
230
281
329
377
430
482
523
571
623
673
715
750
783
806
820
831
826
817
807
783
754
727
703
675
639
599
553
507
461
407
342
275
216
168
122
76
25
-25
-70
-111
-153
-198
-237
-275
-304
-325
-341
-355
-367
-372
-387
-409
-428
-452
-477
-490
-506
-518
-523
-515
-509
-503
-492
-480
-462
-440
-410
-374
-322
-264
-197
-129
-67
-16
24
61
83
104
129
158
181
198
213
222
233
246
254
260
272
285
298
314
329
338
342
337
324
309
289
271
247
228
215
200
183
162
134
100
62
18
-24
-63
-97
-132
-167
-200
-226
-248
-269
-291
-313
-331
-343
-344
-339
-333
-322
-308
-296
-286
-283
-284
-281
-279
-275
-271
-260
-241
-214
-180
-146
-110
-71
-29
11
47
87
124
167
212
253
287
317
343
365
382
395
403
411
419
424
418
410
403
392
379
360
334
304
275
249
221
193
172
154
131
109
85
54
29
6
-20
-46
-73
-100
-133
-168
-205
-241
-273
-303
-330
-348
-362
-377
-385
-390
-397
-406
-408
-409
-413
-411
-404
-397
-390
-377
-365
-356
-342
-326
-309
-283
-252
-217
-177
-130
-77
-22
32
85
132
175
213
242
268
294
325
358
394
428
463
500
534
563
584
598
606
611
609
598
578
555
534
507
476
438
401
362
325
293
263
230
188
145
102
60
13
-40
-93
-151
-204
-257
-313
-365
-414
-459
-498
-527
-549
-564
-580
-594
-607
-614
-620
-628
-631
-632
-635
-634
-629
-622
-613
-603
-590
-572
-551
-528
-499
-464
-423
-380
-334
-282
-229
-174
-117
-58
0
56
110
159
210
267
322
373
426
480
530
578
628
676
719
755
779
794
803
805
800
790
780
768
751
734
713
687
660
624
584
543
497
449
399
348
293
238
183
122
61
-2
-64
-124
-183
-241
-297
-346
-387
-426
-467
-506
-545
-579
-609
-631
-651
-665
-674
-682
-687
-690
-690
-691
-691
-691
-690
-684
-673
-653
-624
-590
-552
-510
-464
-413
-361
-307
-254
-198
-140
-79
-20
38
91
140
185
228
269
307
346
384
419
453
488
521
549
575
593
607
619
625
629
629
630
627
616
597
574
545
512
472
431
390
352
315
283
254
224
194
162
125
89
50
7
-35
-79
-122
-165
-204
-238
-272
-300
-325
-350
-371
-392
-414
-429
-441
-449
-454
-459
-463
-462
-461
-456
-448
-437
-424
-412
-398
-381
-362
-339
-314
-284
-253
-221
-187
-155
-123
-93
-66
-40
-16
9
31
54
77
100
123
151
178
204
227
248
265
282
299
317
330
338
341
337
330
321
309
294
278
263
249
236
225
216
208
200
190
180
166
148
132
115
98
84
67
49
31
13
-2
-17
-31
-44
-53
-57
-64
-69
-73
-75
-80
-87
-95
-102
-107
-112
-116
-117
-114
-109
-102
-94
-86
-77
-67
-57
-48
-40
-32
-26
-23
-23
-22
-25
-31
-41
-52
-66
-80
-91
-100
-111
-117
-123
-129
-134
-139
-146
-150
-152
-153
-154
-153
-153
-154
-153
-150
-147
-145
-143
-138
-134
-132
-126
-120
-110
-99
-86
-71
-56
-38
-19
1
23
46
68
91
112
132
148
162
173
183
190
195
201
204
209
215
217
224
228
229
230
230
229
229
229
229
230
230
231
229
230
230
226
219
211
201
186
171
155
133
112
88
61
33
6
-22
-51
-80
-107
-133
-160
-186
-210
-235
-259
-282
-304
-325
-342
-358
-368
-377
-383
-388
-391
-390
-390
-382
-375
-366
-354
-338
-318
-295
-270
-243
-213
-184
-153
-124
-92
-57
-22
13
50
89
125
161
196
228
256
279
301
318
331
341
350
355
361
365
369
373
378
386
392
400
406
409
411
411
405
398
384
364
338
311
280
247
214
181
150
117
84
49
15
-20
-56
-92
-129
-166
-202
-236
-269
-301
-331
-361
-388
-415
-438
-460
-480
-495
-509
-519
-527
-531
-533
-531
-525
-516
-504
-486
-466
-444
-419
-392
-361
-332
-300
-266
-232
-195
-156
-117
-75
-34
9
49
90
127
162
193
223
252
281
310
338
366
394
420
446
469
491
513
530
543
552
554
552
546
535
520
499
475
450
425
397
368
340
308
275
244
209
176
143
108
75
41
5
-32
-67
-102
-139
-174
-209
-245
-276
-309
-340
-369
-395
-417
-436
-450
-460
-466
-470
-469
-468
-462
-453
-442
-427
-409
-387
-364
-337
-307
-277
-245
-212
-178
-147
-116
-86
-55
-30
-5
19
42
64
86
110
134
157
183
209
233
256
281
301
320
334
343
348
352
352
348
342
333
321
309
296
281
266
247
225
202
179
155
130
105
79
56
32
6
-17
-39
-63
-84
-104
-125
-141
-159
-175
-190
-203
-215
-227
-234
-238
-242
-245
-249
-250
-248
-243
-236
-228
-217
-207
-194
-179
-164
-148
-131
-113
-95
-79
-64
-49
-33
-22
-8
5
17
29
39
51
64
80
95
110
124
139
152
165
176
184
191
195
196
196
193
188
181
175
166
160
151
140
131
118
104
89
74
57
41
23
4
-15
-33
-51
-67
-83
-98
-111
-121
-130
-138
-146
-151
-153
-154
-154
-154
-154
-152
-150
-148
-146
-141
-132
-123
-112
-100
-86
-69
-51
-31
-10
11
30
49
66
82
97
111
123
135
142
150
158
163
167
169
173
174
175
176
175
174
172
169
164
157
150
140
129
120
107
93
78
66
52
38
27
11
-5
-23
-43
-63
-85
-107
-131
-153
-173
-193
-213
-230
-246
-259
-269
-275
-282
-288
-292
-295
-295
-294
-289
-284
-277
-267
-258
-248
-234
-220
-205
-185
-166
-144
-122
-96
-68
-41
-15
12
40
68
94
119
144
169
191
212
232
250
267
282
298
313
328
339
350
357
365
373
377
378
378
373
367
359
348
335
319
302
283
263
240
216
190
167
139
111
83
52
21
-11
-44
-77
-110
-141
-172
-199
-229
-255
-279
-302
-322
-341
-360
-374
-386
-397
-404
-410
-415
-417
-416
-414
-409
-402
-393
-380
-366
-349
-330
-312
-287
-261
-233
-204
-173
-139
-108
-77
-47
-16
15
45
74
101
129
154
179
203
228
251
271
289
306
322
336
348
357
363
370
372
375
376
375
372
366
358
350
339
326
312
296
277
258
235
214
190
164
138
112
87
59
32
4
-22
-47
-72
-98
-123
-149
-170
-193
-217
-239
-260
-279
-297
-315
-329
-341
-351
-359
-364
-365
-365
-365
-358
-352
-343
-331
-317
-299
-281
-264
-245
-227
-209
-189
-168
-146
-124
-99
-76
-55
-31
-6
18
44
69
92
115
136
157
178
197
215
231
249
265
278
291
302
312
321
325
329
331
330
327
322
315
307
296
283
270
254
236
217
198
179
158
137
116
95
74
51
27
5
-20
-44
-67
-90
-114
-137
-157
-177
-193
-210
-223
-236
-247
-257
-265
-271
-274
-275
-276
-274
-272
-268
-264
-259
-254
-248
-240
-231
-220
-209
-198
-185
-168
-152
-136
-118
-100
-81
-63
-45
-27
-8
11
31
50
65
83
102
118
133
146
159
171
181
190
197
204
208
213
215
217
220
222
223
222
222
218
214
210
204
196
190
180
169
156
141
125
110
94
79
65
50
36
22
7
-7
-22
-35
-48
-61
-72
-83
-94
-104
-113
-120
-128
-135
-143
-149
-154
-160
-165
-166
-169
-169
-168
-167
-165
-160
-156
-150
-144
-139
-132
-125
-117
-110
-101
-91
-82
-72
-63
-54
-45
-37
-27
-19
-12
-3
4
11
17
24
31
36
42
47
54
61
66
70
73
78
81
83
86
86
86
87
87
88
86
83
82
81
78
75
70
67
64
61
57
53
51
49
45
43
42
38
34
33
32
30
26
23
19
14
11
6
1
-3
-7
-10
-13
-16
-19
-20
-24
-26
-28
-32
-34
-37
-39
-41
-41
-44
-43
-45
-44
-45
-46
-46
-48
-49
-50
-52
-52
-52
-51
-49
-48
-46
-44
-42
-41
-39
-37
-35
-32
-30
-27
-24
-22
-17
-13
-10
-6
-3
0
3
7
11
15
18
21
22
25
28
32
34
37
42
47
52
55
58
62
66
68
69
71
71
69
68
68
67
67
66
64
63
59
57
54
50
46
41
37
34
29
24
20
16
13
11
8
4
0
-4
-9
-14
-19
-25
-30
-35
-41
-46
-51
-57
-64
-70
-75
-79
-84
-88
-90
-93
-96
-97
-98
-99
-99
-99
-97
-97
-95
-92
-88
-86
-83
-80
-76
-73
-70
-63
-55
-50
-43
-37
-29
-21
-14
-6
3
12
18
24
31
36
41
47
54
61
66
71
78
83
88
92
97
101
102
104
106
106
107
107
108
107
106
107
105
102
101
97
94
89
84
78
72
64
58
51
43
34
26
16
9
1
-10
-18
-26
-34
-42
-49
-55
-61
-66
-72
-78
-82
-85
-89
-90
-94
-96
-99
-102
-103
-103
-102
-101
-99
-98
-94
-90
-86
-83
-79
-75
-71
-63
-58
-51
-45
-39
-31
-24
-17
-9
-3
6
12
20
27
34
41
47
53
60
66
70
73
76
79
82
85
86
87
86
88
88
87
87
87
86
83
82
79
76
71
67
62
57
51
45
37
28
21
13
6
-1
-9
-15
-21
-29
-35
-41
-44
-49
-56
-61
-67
-72
-76
-81
-85
-86
-90
-93
-93
-93
-92
-92
-90
-90
-87
-84
-83
-82
-80
-78
-78
-74
-70
-66
-61
-56
-50
-43
-37
-29
-19
-10
-3
6
12
21
27
34
40
45
49
56
60
63
67
71
75
80
84
89
92
97
101
105
108
108
108
108
107
108
108
104
102
96
93
90
85
80
74
69
62
54
48
42
35
28
21
16
11
6
-1
-5
-11
-15
-18
-23
-28
-34
-39
-43
-49
-54
-61
-68
-74
-80
-87
-94
-102
-108
-113
-116
-117
-119
-120
-120
-119
-118
-115
-113
-109
-108
-105
-101
-97
-95
-92
-89
-86
-82
-78
-74
-68
-63
-57
-52
-48
-41
-34
-27
-20
-13
-6
1
8
15
23
30
38
43
49
55
61
65
70
76
81
86
90
93
97
102
104
107
110
112
113
114
116
118
119
122
124
126
126
129
130
131
131
129
126
123
117
111
104
94
87
77
68
58
49
40
30
22
13
2
-9
-19
-30
-40
-50
-62
-73
-85
-95
-105
-114
-124
-132
-139
-147
-154
-159
-165
-168
-171
-172
-171
-171
-168
-164
-161
-156
-150
-143
-136
-129
-120
-110
-99
-86
-75
-63
-51
-40
-27
-16
-4
7
20
30
41
52
61
73
84
94
104
116
125
135
143
152
159
166
171
175
177
179
178
177
174
172
167
163
159
154
149
143
139
131
124
115
107
94
81
68
52
36
19
2
-15
-32
-50
-68
-86
-104
-121
-138
-155
-172
-189
-203
-217
-232
-243
-254
-262
-268
-275
-281
-283
-282
-279
-277
-270
-263
-254
-245
-234
-220
-205
-189
-172
-152
-133
-113
-92
-69
-47
-24
0
26
53
78
104
129
155
179
202
222
241
257
272
287
298
308
316
323
326
329
330
331
329
327
325
321
316
309
302
294
284
273
259
244
225
205
184
161
137
113
88
64
39
14
-11
-36
-61
-84
-109
-133
-158
-180
-204
-227
-246
-266
-285
-303
-319
-334
-346
-356
-366
-372
-377
-379
-381
-379
-377
-372
-364
-356
-346
-333
-318
-302
-283
-265
-241
-217
-192
-164
-134
-104
-73
-42
-9
22
52
81
111
137
163
185
209
230
247
264
280
297
309
321
331
340
347
352
357
358
358
355
352
344
336
326
314
301
287
270
252
232
210
189
165
141
115
90
65
39
12
-13
-37
-62
-88
-112
-134
-158
-179
-200
-218
-236
-252
-264
-278
-288
-297
-306
-313
-317
-320
-320
-320
-318
-315
-308
-299
-288
-274
-257
-239
-217
-195
-171
-147
-122
-99
-73
-50
-27
-5
17
39
61
82
102
121
141
158
174
189
204
218
231
243
254
262
267
272
275
275
275
272
266
259
249
239
228
215
201
185
169
152
132
112
92
70
47
25
3
-21
-45
-67
-86
-108
-126
-143
-160
-173
-185
-198
-211
-222
-231
-239
-247
-253
-257
-259
-259
-259
-254
-249
-243
-234
-223
-209
-193
-176
-158
-138
-119
-99
-78
-56
-36
-16
5
25
45
65
84
102
121
137
153
167
180
194
206
217
226
234
240
244
248
247
247
245
241
236
229
219
209
195
182
168
152
135
117
98
76
55
32
11
-11
-31
-51
-68
-87
-104
-118
-134
-149
-162
-174
-186
-196
-205
-214
-222
-228
-234
-237
-238
-240
-238
-235
-231
-226
-217
-206
-195
-181
-168
-153
-135
-119
-100
-80
-61
-43
-24
-5
15
34
50
68
86
103
119
135
150
164
179
191
202
213
220
227
235
240
243
245
246
244
240
233
225
217
207
194
181
168
153
136
120
103
84
66
48
28
10
-10
-29
-49
-67
-85
-103
-118
-134
-148
-162
-177
-188
-198
-208
-215
-221
-226
-227
-228
-226
-224
-220
-213
-206
-197
-186
-175
-163
-149
-135
-120
-104
-88
-72
-54
-37
-23
-7
8
25
40
56
70
82
94
106
116
126
137
144
150
156
162
167
169
172
172
173
173
172
168
166
162
158
151
144
137
128
118
107
95
83
70
58
43
29
13
-1
-16
-30
-44
-57
-69
-83
-95
-106
-120
-130
-139
-150
-159
-166
-173
-179
-184
-189
-191
-194
-196
-194
-190
-185
-181
-175
-167
-159
-150
-140
-127
-116
-101
-89
-75
-60
-44
-28
-15
3
19
35
50
63
76
89
100
114
126
138
146
156
165
173
180
186
190
194
197
199
199
199
199
197
196
192
189
183
177
168
158
148
136
125
112
98
85
71
57
43
29
14
1
-14
-27
-40
-52
-65
-79
-93
-104
-116
-128
-139
-150
-159
-167
-173
-179
-184
-188
-192
-193
-194
-194
-195
-194
-190
-187
-182
-176
-169
-160
-151
-141
-129
-117
-106
-93
-80
-67
-52
-39
-25
-12
1
14
26
39
50
61
72
82
92
102
111
119
127
133
138
143
146
148
150
151
150
148
144
141
137
132
127
123
116
112
103
96
90
83
73
65
55
45
36
27
18
9
-1
-11
-19
-28
-37
-46
-54
-60
-67
-71
-77
-82
-85
-87
-90
-91
-92
-93
-91
-90
-87
-85
-82
-78
-73
-70
-65
-59
-55
-49
-43
-37
-31
-25
-20
-12
-6
-1
5
9
14
19
23
29
32
35
38
41
43
44
48
49
51
51
52
52
51
50
47
45
42
39
35
29
25
21
17
13
7
0
-5
-10
-15
-17
-21
-26
-31
-32
-35
-37
-39
-40
-41
-43
-45
-44
-46
-48
-48
-49
-47
-46
-42
-41
-36
-31
-26
-21
-16
-11
-5
-2
2
6
10
13
15
19
22
23
27
28
29
31
33
35
38
39
40
41
41
40
38
35
34
33
31
29
27
25
25
23
22
21
20
19
16
14
12
8
4
1
-2
-5
-10
-15
-17
-22
-24
-25
-27
-29
-30
-31
-31
-32
-32
-33
-32
-32
-32
-31
-30
-29
-28
-26
-26
-24
-20
-17
-13
-10
-7
-4
-1
2
6
12
17
21
25
29
34
37
40
44
47
50
52
52
53
53
52
51
50
46
45
40
38
35
32
28
25
20
16
14
10
4
1
-2
-6
-12
-15
-20
-24
-28
-32
-37
-41
-45
-49
-49
-51
-54
-56
-57
-60
-60
-62
-62
-64
-65
-64
-64
-63
-63
-62
-61
-60
-58
-55
-52
-51
-50
-45
-40
-36
-31
-26
-20
-14
-7
0
7
13
21
29
34
39
46
52
58
62
67
71
73
77
78
79
82
82
82
83
81
80
81
79
79
76
75
72
68
64
61
57
54
50
45
41
35
31
25
18
13
8
0
-6
-12
-19
-25
-33
-36
-41
-47
-51
-55
-61
-66
-72
-74
-77
-81
-83
-86
-88
-89
-90
-90
-90
-88
-85
-83
-80
-74
-72
-68
-64
-59
-54
-48
-45
-40
-34
-30
-25
-20
-13
-7
-2
4
11
17
22
30
36
41
48
53
57
62
65
67
70
72
73
74
75
76
76
75
77
78
77
77
77
74
73
72
69
66
60
55
49
43
36
30
25
19
13
8
3
-1
-6
-11
-15
-20
-25
-30
-36
-40
-46
-49
-54
-57
-61
-63
-65
-67
-69
-70
-71
-73
-75
-75
-73
-72
-72
-69
-66
-62
-58
-54
-49
-47
-41
-36
-33
-28
-23
-19
-14
-9
-2
3
9
13
18
22
27
32
33
35
37
39
40
40
43
44
46
48
49
51
51
54
56
57
61
63
63
63
63
61
61
58
57
53
48
44
41
37
33
29
25
20
15
10
6
2
-3
-7
-9
-13
-17
-21
-24
-27
-31
-35
-40
-44
-48
-52
-55
-58
-60
-61
-61
-63
-62
-63
-62
-61
-61
-61
-57
-55
-54
-51
-48
-47
-45
-41
-38
-35
-32
-30
-25
-22
-20
-15
-10
-6
-2
0
2
6
10
13
17
20
23
27
28
31
34
39
41
43
46
47
47
49
49
50
50
51
51
51
51
49
48
49
48
46
42
40
38
36
32
30
28
25
22
19
16
12
10
7
4
1
-3
-7
-9
-12
-16
-19
-21
-22
-24
-26
-27
-26
-28
-26
-28
-28
-28
-29
-28
-29
-29
-30
-30
-31
-30
-30
-30
-29
-30
-28
-27
-28
-27
-25
-25
-25
-24
-22
-19
-16
-16
-14
-11
-8
-7
-5
-2
-1
0
2
5
6
7
8
10
12
15
18
20
24
28
30
34
36
39
41
41
42
42
41
41
41
41
38
38
37
35
34
34
33
32
29
27
25
23
20
18
15
12
8
4
0
-4
-9
-13
-18
-22
-26
-27
-31
-35
-37
-40
-43
-46
-47
-49
-52
-54
-55
-57
-57
-58
-59
-61
-61
-60
-60
-59
-58
-55
-52
-49
-45
-41
-37
-32
-30
-26
-23
-20
-17
-14
-9
-4
0
2
7
11
15
20
24
29
33
38
43
47
50
54
58
62
64
66
68
70
68
68
68
69
68
67
66
65
64
63
62
59
57
55
51
46
43
39
34
30
24
20
14
9
4
-3
-8
-13
-18
-23
-28
-31
-36
-40
-44
-46
-49
-52
-54
-57
-58
-60
-62
-61
-62
-61
-61
-61
-61
-60
-58
-56
-54
-51
-48
-45
-43
-39
-36
-33
-27
-24
-20
-16
-12
-8
-4
-1
4
8
11
14
19
22
24
27
30
34
36
38
40
43
43
45
48
49
52
51
51
50
51
49
47
45
42
40
37
34
28
25
22
19
16
13
9
6
5
2
-2
-4
-7
-11
-14
-17
-20
-22
-24
-27
-27
-30
-30
-30
-30
-33
-34
-34
-34
-35
-35
-34
-34
-33
-33
-34
-33
-32
-31
-28
-27
-26
-24
-23
-21
-19
-16
-13
-13
-11
-8
-5
-3
0
1
2
4
6
9
11
13
16
18
20
23
24
26
27
28
30
31
31
31
33
30
30
30
28
26
25
25
24
20
19
18
17
17
15
14
14
13
12
11
10
8
7
7
5
4
4
2
-1
-2
-2
-2
-3
-4
-4
-5
-5
-6
-7
-9
-10
-10
-11
-12
-13
-13
-14
-14
-14
-15
-13
-13
-12
-14
-13
-13
-13
-13
-12
-14
-15
-14
-14
-15
-15
-15
-15
-13
-11
-10
-9
-7
-6
-5
-4
-4
-3
-3
-4
-4
-3
-2
-4
-6
-7
-7
-7
-7
-7
-5
-4
-4
-3
-3
-3
-5
-5
-5
-5
-5
-4
-3
-4
-2
0
1
1
1
3
3
3
5
5
5
7
10
12
13
13
14
15
15
15
16
15
15
14
15
17
18
17
19
20
20
20
20
18
17
17
14
12
12
9
9
10
8
9
9
7
8
6
4
3
3
2
1
0
0
-2
-4
-6
-8
-10
-12
-15
-18
-19
-21
-22
-24
-25
-27
-28
-28
-29
-28
-28
-29
-25
-25
-23
-21
-18
-16
-15
-12
-9
-8
-5
-4
-1
0
1
3
5
7
9
11
11
14
15
17
18
19
20
20
22
21
23
22
21
22
21
20
20
20
22
23
25
25
27
28
29
28
29
27
26
24
19
17
14
14
12
10
10
8
5
3
1
-2
-6
-9
-14
-20
-25
-32
-35
-41
-44
-47
-51
-53
-55
-57
-58
-60
-59
-59
-59
-60
-59
-59
-58
-55
-53
-51
-47
-43
-39
-34
-30
-26
-22
-17
-13
-7
-2
2
6
11
15
20
24
29
32
35
39
44
46
48
51
56
59
62
65
66
68
71
71
71
71
70
68
67
65
62
60
56
52
48
46
42
39
34
30
25
20
15
10
5
-1
-7
-11
-18
-23
-28
-32
-37
-42
-46
-50
-56
-58
-60
-63
-67
-67
-70
-71
-70
-70
-67
-65
-64
-61
-59
-56
-53
-50
-46
-42
-39
-36
-33
-29
-25
-22
-19
-15
-9
-5
1
7
13
19
22
27
30
35
38
42
44
47
48
49
53
52
53
54
55
56
55
55
54
54
53
52
51
50
49
47
45
42
39
36
32
30
24
18
12
8
2
-3
-7
-12
-17
-21
-26
-30
-34
-38
-41
-43
-46
-49
-50
-52
-54
-54
-55
-55
-56
-56
-56
-57
-54
-54
-53
-49
-46
-43
-42
-40
-36
-33
-30
-27
-24
-23
-20
-17
-13
-8
-5
-2
2
6
9
13
18
21
26
31
33
38
39
42
43
45
46
48
49
51
52
53
53
53
54
54
54
53
52
50
48
46
43
41
37
35
32
29
26
22
18
14
11
8
4
2
-1
-4
-6
-11
-13
-17
-20
-22
-23
-26
-27
-29
-31
-32
-33
-36
-38
-39
-39
-41
-42
-43
-44
-43
-43
-43
-46
-44
-45
-43
-41
-41
-39
-36
-34
-32
-30
-26
-24
-21
-17
-14
-10
-8
-7
-6
-5
-4
-1
1
3
6
8
12
15
17
19
21
26
28
30
30
31
32
31
32
32
33
32
33
33
35
35
35
36
36
35
33
30
29
27
23
20
19
18
15
13
11
10
8
6
4
4
3
1
0
-3
-3
-5
-7
-11
-16
-17
-18
-20
-21
-22
-23
-25
-24
-26
-25
-24
-24
-22
-23
-23
-21
-20
-20
-19
-19
-18
-18
-15
-14
-14
-12
-9
-7
-4
-3
-1
1
2
4
4
3
2
3
4
3
6
6
5
5
6
8
9
9
10
11
10
13
14
14
15
17
18
16
15
15
15
15
15
15
14
13
14
12
12
12
11
13
12
10
9
8
8
7
6
5
4
3
3
2
0
-1
-2
-5
-7
-8
-9
-10
-12
-14
-14
-13
-14
-14
-16
-17
-18
-19
-20
-22
-22
-24
-24
-26
-27
-27
-28
-27
-26
-25
-25
-25
-26
-25
-25
-23
-23
-21
-21
-20
-19
-17
-16
-14
-12
-9
-7
-5
-1
0
2
5
8
11
14
16
17
18
20
21
23
24
24
27
28
32
33
33
35
37
39
40
41
42
44
43
45
44
42
40
37
37
36
34
31
30
28
25
23
20
18
14
12
9
5
3
0
-3
-5
-6
-10
-13
-16
-18
-21
-24
-27
-28
-30
-32
-34
-35
-36
-38
-40
-41
-42
-42
-41
-41
-40
-39
-37
-36
-35
-34
-32
-32
-30
-27
-25
-25
-22
-19
-17
-15
-12
-9
-7
-7
-5
-3
0
2
5
6
9
11
14
18
18
20
22
23
24
24
24
24
23
23
23
23
23
23
20
20
19
21
21
22
21
20
18
17
17
16
14
14
11
10
8
6
5
3
2
2
1
0
0
-1
-2
-3
-3
-4
-5
-5
-6
-7
-8
-8
-9
-8
-8
-9
-9
-9
-10
-10
-11
-11
-14
-14
-15
-16
-16
-14
-16
-17
-16
-15
-14
-14
-13
-14
-13
-11
-10
-10
-11
-10
-9
-9
-9
-9
-7
-6
-4
-3
-1
0
0
2
6
7
8
11
12
16
16
16
17
20
21
20
19
19
18
18
19
17
16
16
16
16
15
15
15
13
11
11
10
10
8
6
5
4
3
2
0
-1
-1
-2
-4
-7
-6
-7
-6
-5
-7
-6
-7
-8
-9
-10
-10
-12
-13
-14
-13
-15
-17
-17
-19
-18
-19
-19
-20
-21
-19
-20
-20
-20
-19
-17
-16
-15
-12
-12
-11
-9
-9
-5
-2
0
2
4
5
7
9
11
13
15
16
16
19
19
20
21
20
21
23
23
23
25
24
24
25
24
23
24
24
24
24
23
23
22
20
18
17
16
14
11
9
7
5
3
0
-3
-4
-7
-8
-10
-11
-14
-16
-18
-20
-22
-23
-24
-26
-27
-28
-28
-28
-28
-28
-28
-29
-29
-30
-28
-28
-27
-25
-24
-23
-23
-20
-19
-19
-18
-16
-14
-15
-17
-17
-16
-16
-15
-13
-11
-9
-7
-3
-1
0
3
5
6
8
9
11
12
14
16
17
19
20
22
23
25
26
27
28
28
29
31
30
31
30
30
31
31
32
32
30
31
28
27
25
25
24
21
20
18
16
17
16
14
13
11
9
6
4
2
2
-1
-3
-4
-6
-9
-11
-14
-16
-17
-19
-19
-21
-23
-25
-26
-28
-28
-29
-30
-31
-31
-32
-32
-30
-30
-30
-29
-28
-27
-26
-25
-25
-23
-22
-21
-20
-18
-16
-15
-13
-12
-11
-9
-7
-6
-5
-3
-3
-1
3
6
10
13
15
17
19
21
22
24
25
26
26
26
27
25
26
26
26
25
25
24
24
22
21
19
18
16
14
13
12
10
8
8
4
3
-1
-4
-5
-6
-7
-9
-10
-10
-10
-12
-12
-13
-15
-17
-20
-19
-20
-21
-22
-21
-21
-20
-19
-18
-17
-18
-17
-17
-17
-15
-15
-13
-13
-11
-10
-9
-7
-5
-3
-3
-3
1
2
4
7
9
11
14
16
16
17
20
20
21
21
22
23
23
25
25
26
26
24
24
25
24
22
21
19
19
18
18
16
15
14
13
11
10
8
5
3
1
1
-2
-4
-5
-7
-7
-9
-10
-12
-15
-16
-18
-18
-19
-20
-21
-21
-21
-20
-20
-21
-20
-21
-21
-20
-20
-20
-20
-22
-21
-18
-18
-17
-14
-14
-12
-12
-10
-8
-6
-4
-3
-1
-1
1
3
3
6
6
7
9
10
11
11
11
13
13
13
12
11
12
12
13
14
13
13
12
10
10
9
8
7
6
5
5
5
3
3
2
1
1
0
-1
-2
-2
-2
-3
-5
-6
-6
-8
-9
-10
-11
-11
-11
-11
-10
-11
-10
-10
-10
-10
-10
-9
-9
-8
-7
-9
-8
-7
-7
-6
-6
-6
-5
-4
-4
-4
-3
-3
-1
1
2
1
2
3
4
4
4
6
7
6
7
7
7
10
10
11
11
11
12
14
15
17
17
16
15
16
15
14
13
13
14
14
13
14
14
13
12
12
12
11
9
9
8
6
6
6
5
6
3
2
2
2
1
1
0
1
1
0
-1
0
1
0
-1
-1
-2
0
-1
-2
-5
-4
-5
-6
-7
-10
-12
-14
-14
-14
-13
-13
-14
-15
-14
-15
-15
-15
-13
-15
-15
-14
-15
-17
-18
-18
-19
-20
-20
-21
-19
-17
-15
-16
-15
-13
-13
-13
-12
-14
-13
-12
-11
-11
-11
-10
-10
-8
-7
-8
-6
-6
-4
-3
-2
-1
1
2
1
3
5
6
7
7
8
9
11
12
13
15
15
16
18
18
18
19
20
20
20
21
21
21
21
21
21
20
20
20
21
22
23
23
22
21
20
18
19
18
16
14
13
11
10
10
8
7
6
4
