-9
-9
-8
-9
-10
-9
-8
-8
-7
-7
-5
-5
-5
-5
-4
-3
-1
-1
-2
-1
0
0
0
0
2
0
0
0
-1
0
-1
-1
0
0
0
0
0
-1
-3
-3
-4
-6
-5
-5
-4
-4
-4
-5
-5
-4
-4
-3
-4
-4
-2
-3
0
0
0
1
-1
0
0
1
1
-1
1
1
1
2
3
3
4
4
5
5
6
5
5
5
5
7
6
6
5
6
6
4
3
3
3
2
1
1
2
2
1
2
0
1
0
0
-1
0
-1
-2
-2
-3
-2
-2
-3
-4
-3
-3
-3
-4
-2
-4
-4
-5
-7
-6
-7
-7
-7
-7
-7
-8
-7
-8
-8
-7
-7
-6
-5
-6
-4
-4
-4
-3
-3
-3
-2
-1
1
1
2
3
3
2
3
4
2
3
3
4
5
4
5
5
5
6
6
6
6
6
6
7
7
7
6
7
7
6
6
5
6
6
6
5
5
6
5
5
6
6
6
6
4
5
5
4
3
4
3
4
3
4
2
2
3
3
4
4
4
4
3
4
4
3
3
2
4
3
2
1
1
-1
-1
-2
-2
-3
-2
-3
-3
-3
-4
-5
-5
-6
-6
-7
-8
-8
-8
-9
-9
-10
-10
-10
-10
-10
-9
-8
-9
-10
-10
-10
-11
-10
-9
-9
-10
-11
-10
-11
-11
-12
-12
-11
-10
-10
-10
-9
-9
-7
-7
-6
-4
-3
-2
-1
0
1
1
0
1
3
4
5
5
5
6
6
5
5
5
5
6
6
6
6
5
5
5
5
6
6
7
6
6
7
7
7
6
6
7
7
6
6
6
5
5
6
6
6
4
4
5
5
4
4
6
5
4
5
5
5
5
4
5
6
5
7
6
6
7
7
7
7
6
7
7
6
6
5
4
2
3
2
0
-1
-2
-2
-4
-1
-2
-3
-3
-4
-4
-4
-4
-5
-5
-4
-5
-4
-4
-5
-5
-5
-3
-3
-3
-3
-4
-4
-6
-7
-7
-8
-8
-9
-9
-10
-11
-10
-11
-11
-11
-11
-10
-9
-9
-8
-7
-7
-7
-5
-5
-4
-3
-3
-2
-1
0
0
2
2
3
3
4
5
5
5
6
5
5
6
6
7
7
7
7
8
8
8
8
8
9
9
8
10
11
9
8
8
7
7
6
6
4
1
1
1
0
0
-2
-2
-2
-4
-5
-6
-6
-7
-7
-8
-8
-10
-11
-11
-12
-11
-11
-10
-9
-9
-8
-8
-6
-6
-7
-6
-7
-7
-7
-6
-5
-4
-4
-4
-3
-2
-2
-2
0
0
2
1
3
4
5
6
7
8
9
9
9
9
9
10
10
10
10
10
10
10
10
10
8
7
7
7
5
5
4
4
4
2
2
1
2
1
1
1
1
0
0
0
0
-1
-1
-1
-2
-2
-2
-2
-2
-3
-3
-4
-5
-5
-6
-6
-7
-6
-6
-7
-8
-7
-8
-6
-5
-5
-3
-2
-2
0
0
2
2
3
4
5
5
5
6
7
8
9
9
8
8
9
9
9
9
8
7
7
7
6
6
4
5
3
2
2
1
1
1
2
2
2
2
2
2
1
0
-1
0
-2
-2
-4
-3
-5
-6
-6
-7
-7
-8
-9
-10
-9
-9
-10
-10
-10
-11
-10
-9
-9
-8
-8
-7
-7
-6
-6
-6
-5
-7
-6
-5
-5
-5
-5
-4
-3
-3
-2
-1
-2
-1
-3
-3
-3
-3
-2
-2
-3
-2
-1
-1
-2
-2
-2
-1
1
0
2
2
2
3
3
3
3
4
3
2
2
3
2
2
1
2
2
1
1
1
0
0
1
1
1
1
1
2
2
3
1
3
1
2
2
2
2
2
3
3
2
3
2
2
1
1
1
1
0
0
0
0
0
0
-1
0
1
0
1
-1
1
1
2
3
3
3
4
5
5
5
6
6
5
5
5
6
5
5
5
4
5
5
4
4
5
4
5
4
5
5
5
5
5
5
5
3
3
3
2
2
3
1
1
0
0
-2
-2
-2
-2
-4
-3
-2
-4
-3
-3
-4
-4
-6
-6
-5
-6
-7
-6
-5
-5
-4
-4
-4
-4
-3
-3
-3
-3
-1
-1
-1
-1
-3
-4
-3
-3
-2
-4
-3
-3
-3
-2
-3
-2
0
-2
-3
-3
-3
-2
-2
-1
1
0
-1
-2
-3
-3
-2
-1
-1
-1
0
-1
0
-1
-1
-3
-3
-3
-3
-2
-2
-1
0
-2
-4
-6
-5
-4
-4
-3
-2
-3
-5
-9
-8
-6
-2
-1
0
-2
-4
-6
-8
-7
-5
1
1
0
-1
-2
-4
-4
-4
-1
3
4
4
3
4
6
6
7
9
11
12
11
13
14
14
16
15
17
15
14
15
17
19
18
18
16
15
13
10
10
10
13
11
7
5
4
2
-1
-2
-2
-2
-4
-8
-11
-11
-11
-12
-13
-13
-10
-11
-13
-17
-20
-19
-19
-19
-17
-14
-11
-11
-12
-15
-15
-12
-9
-8
-9
-8
-6
-4
-4
-4
-2
-2
-2
-5
-5
-2
2
2
2
3
7
7
6
4
5
9
9
8
6
5
5
2
1
3
8
13
13
9
5
3
2
2
5
11
16
16
11
6
6
10
14
15
19
21
20
16
14
13
18
21
18
13
11
9
6
2
0
-1
-1
-2
-3
-3
0
3
4
2
-1
-2
-5
-6
-6
-4
-3
-3
-4
-9
-12
-15
-14
-10
-8
-9
-13
-17
-23
-29
-30
-25
-17
-14
-16
-21
-25
-27
-30
-30
-28
-22
-17
-19
-22
-21
-17
-13
-15
-15
-11
-7
-7
-10
-7
-2
0
-2
-5
-3
2
5
6
4
1
-2
-4
-2
2
7
12
10
4
-2
-7
-3
5
10
11
8
8
6
5
8
16
26
30
25
21
20
22
25
28
33
38
35
27
20
23
29
31
25
19
16
13
8
6
8
16
25
27
23
20
16
15
13
13
21
31
38
35
26
18
17
17
11
4
2
4
4
-3
-10
-9
-5
-8
-18
-24
-18
-11
-17
-27
-26
-17
-15
-21
-22
-8
5
-1
-17
-24
-12
-1
-3
-7
-1
2
-16
-42
-47
-27
-10
-15
-32
-39
-46
-69
-91
-81
-42
-16
-25
-48
-57
-62
-76
-79
-37
30
72
52
4
-23
-36
-41
-19
73
166
166
67
-49
-100
-110
-121
-99
8
121
97
-52
-179
-177
-97
-48
-25
46
132
121
-1
-101
-63
49
112
111
118
142
121
33
-55
-48
20
48
32
23
19
-1
-54
-104
-85
-37
-19
-26
-28
-20
-24
-34
-19
31
76
91
87
83
78
58
43
67
104
104
75
56
59
59
34
4
13
32
24
2
-9
1
9
-11
-39
-37
-13
2
-1
-7
7
22
15
2
4
20
32
28
26
35
34
25
11
2
0
-11
-27
-35
-41
-51
-57
-60
-61
-59
-62
-58
-53
-53
-56
-53
-41
-27
-13
-4
-1
0
3
11
21
30
26
18
2
-10
-12
-4
7
10
3
-15
-40
-56
-59
-49
-30
-11
-1
-3
-18
-34
-38
-29
-15
-3
7
15
19
14
7
6
7
5
3
8
20
26
19
1
-13
-21
-29
-35
-30
-22
-22
-31
-45
-55
-55
-51
-44
-27
-5
8
11
7
8
17
25
29
36
45
46
35
21
15
17
23
28
34
39
38
23
1
-13
-19
-16
-10
2
15
22
15
5
-2
-7
-5
-2
15
33
40
34
20
8
-1
-5
-1
10
22
25
12
-1
-4
-3
3
12
26
39
42
34
28
31
34
35
29
29
30
27
23
20
24
30
28
25
27
30
34
35
29
21
8
-4
-7
-7
-2
5
9
9
1
-11
-22
-26
-28
-30
-31
-30
-27
-31
-42
-52
-54
-54
-53
-50
-42
-36
-35
-41
-44
-40
-33
-26
-21
-17
-18
-29
-40
-45
-40
-29
-22
-18
-16
-18
-22
-24
-18
-8
-2
1
-6
-11
-17
-21
-21
-16
-6
0
5
7
11
13
13
16
22
33
36
33
34
38
42
42
42
49
58
62
61
60
66
72
73
66
64
61
57
47
39
37
34
27
14
1
-6
-17
-27
-36
-40
-39
-42
-49
-55
-58
-61
-68
-77
-78
-75
-75
-75
-70
-63
-56
-52
-48
-40
-33
-30
-27
-22
-13
-13
-16
-19
-18
-16
-16
-11
0
10
13
12
8
6
4
1
0
5
10
10
9
9
11
14
13
15
23
30
33
36
42
46
47
49
51
59
64
64
66
68
69
66
59
54
51
41
33
26
18
8
-10
-32
-53
-77
-106
-136
-158
-168
-175
-180
-185
-185
-181
-183
-184
-178
-162
-142
-122
-104
-83
-59
-34
-5
31
72
114
147
170
189
203
216
227
238
252
261
265
264
253
243
236
227
220
210
198
184
164
145
130
121
117
119
121
125
130
134
134
134
132
128
119
107
91
74
54
30
1
-32
-71
-116
-166
-222
-279
-334
-388
-441
-490
-534
-577
-611
-638
-656
-664
-663
-651
-637
-614
-581
-538
-488
-430
-363
-292
-210
-129
-50
26
99
169
227
281
333
384
429
466
496
522
542
551
552
553
549
535
515
496
478
458
437
421
408
400
392
378
364
355
338
315
290
266
244
218
194
168
139
108
69
22
-28
-81
-138
-204
-269
-333
-400
-472
-543
-610
-670
-725
-770
-807
-833
-847
-853
-848
-830
-795
-757
-702
-632
-558
-477
-392
-302
-205
-110
-13
81
172
265
350
426
499
562
617
657
688
707
710
703
683
654
624
590
555
516
479
445
410
383
360
342
325
306
291
273
255
240
223
212
202
186
167
142
113
74
26
-24
-79
-140
-204
-277
-352
-428
-507
-584
-657
-725
-789
-847
-895
-933
-955
-970
-967
-944
-907
-857
-798
-723
-637
-545
-448
-348
-245
-138
-33
73
179
281
379
466
547
618
675
723
757
776
785
777
754
719
676
634
587
540
498
458
423
384
353
322
296
275
252
235
222
205
190
177
164
152
136
117
96
67
34
-5
-47
-92
-142
-195
-251
-309
-367
-428
-487
-542
-595
-645
-690
-721
-745
-756
-753
-739
-713
-671
-622
-565
-494
-422
-346
-267
-189
-108
-30
48
128
210
290
363
429
489
539
582
611
633
644
640
626
603
576
548
515
482
451
423
391
359
330
300
273
246
216
188
162
134
105
80
57
33
9
-18
-49
-75
-104
-137
-169
-205
-240
-277
-320
-362
-403
-444
-485
-527
-564
-602
-632
-656
-672
-677
-674
-658
-636
-605
-567
-524
-471
-416
-359
-297
-233
-164
-94
-28
39
108
179
242
301
362
414
461
498
524
548
563
564
558
545
531
511
488
465
443
422
400
378
357
333
310
286
258
230
203
174
145
121
94
67
46
19
-5
-28
-54
-79
-106
-135
-165
-199
-234
-270
-307
-344
-383
-417
-451
-482
-508
-532
-545
-551
-555
-546
-534
-512
-482
-453
-412
-367
-323
-269
-216
-158
-99
-41
21
82
145
202
256
314
361
404
441
465
489
500
502
498
490
477
457
439
418
395
376
348
329
310
286
268
245
221
197
170
148
123
98
77
53
34
14
-7
-24
-45
-66
-88
-117
-146
-179
-216
-252
-291
-327
-364
-402
-433
-465
-493
-512
-529
-540
-546
-543
-535
-518
-496
-469
-433
-394
-353
-308
-255
-200
-142
-88
-31
31
93
147
204
261
314
363
402
433
461
481
488
493
493
489
480
468
458
449
436
418
402
388
369
350
330
305
279
252
222
194
167
140
113
84
58
29
-1
-32
-65
-98
-133
-170
-210
-252
-295
-339
-383
-427
-466
-503
-540
-567
-590
-606
-615
-618
-611
-599
-577
-550
-515
-469
-423
-373
-317
-258
-196
-132
-70
-2
69
138
202
271
334
391
442
486
524
557
577
588
593
594
588
575
562
548
530
511
487
463
438
406
376
342
309
275
240
204
166
128
90
51
12
-24
-61
-97
-133
-172
-210
-251
-291
-332
-375
-416
-460
-500
-543
-581
-614
-649
-672
-690
-701
-705
-701
-686
-666
-636
-599
-558
-507
-452
-398
-335
-268
-198
-127
-56
21
97
169
239
309
380
441
494
541
580
615
636
647
656
658
650
639
624
607
587
563
539
515
487
456
423
390
354
316
276
237
198
156
114
74
31
-9
-51
-92
-133
-173
-211
-251
-294
-335
-379
-423
-465
-507
-548
-584
-620
-654
-680
-697
-707
-710
-705
-691
-668
-636
-600
-555
-502
-447
-387
-322
-250
-177
-106
-33
44
123
198
271
345
416
480
537
586
632
668
692
707
717
719
714
701
686
664
639
611
580
549
514
476
439
398
355
311
267
222
175
128
82
35
-10
-56
-102
-147
-192
-235
-279
-323
-368
-414
-462
-511
-556
-602
-642
-680
-715
-745
-766
-779
-787
-786
-777
-756
-726
-691
-649
-598
-539
-479
-413
-342
-267
-189
-112
-32
49
133
214
292
370
443
511
571
626
675
715
742
762
773
778
774
762
751
733
710
684
655
627
593
556
517
478
436
389
342
294
243
193
140
85
36
-17
-70
-120
-170
-221
-272
-322
-374
-427
-481
-536
-589
-642
-692
-734
-772
-804
-830
-845
-853
-852
-841
-822
-788
-749
-702
-648
-585
-520
-447
-370
-290
-205
-121
-37
52
144
229
314
396
471
541
602
656
703
742
766
780
788
787
776
757
736
712
681
648
609
573
533
492
446
400
353
306
258
209
158
110
61
13
-33
-82
-128
-168
-213
-257
-299
-343
-388
-436
-484
-536
-583
-632
-682
-726
-764
-798
-825
-840
-848
-847
-837
-815
-785
-746
-699
-644
-581
-512
-438
-360
-278
-190
-101
-14
80
174
266
354
442
525
601
672
731
782
824
853
871
878
878
866
845
820
788
752
712
669
626
582
535
488
441
391
338
288
234
182
131
82
33
-16
-64
-110
-151
-196
-239
-280
-322
-365
-410
-457
-505
-551
-599
-648
-691
-728
-763
-792
-810
-819
-819
-811
-790
-761
-722
-677
-624
-560
-492
-421
-344
-263
-176
-88
-2
89
184
275
361
444
526
600
665
721
765
804
827
836
839
830
810
784
748
708
665
622
571
523
475
423
371
321
270
220
167
114
61
10
-39
-88
-135
-182
-227
-271
-313
-356
-397
-441
-486
-530
-579
-627
-673
-721
-768
-808
-846
-878
-902
-916
-920
-913
-898
-870
-831
-781
-721
-654
-577
-493
-406
-311
-212
-110
-5
101
210
316
425
529
624
717
803
878
943
993
1033
1063
1073
1071
1058
1032
996
953
902
847
790
729
665
603
538
473
410
347
284
221
159
99
40
-17
-74
-128
-179
-229
-275
-320
-361
-405
-449
-494
-537
-583
-631
-677
-721
-765
-805
-842
-872
-900
-916
-921
-919
-905
-883
-846
-799
-742
-678
-606
-525
-438
-349
-254
-156
-54
50
151
256
358
459
556
644
730
803
865
918
955
983
996
994
981
957
924
879
828
773
712
650
584
516
449
382
316
248
182
117
50
-16
-78
-138
-195
-250
-304
-352
-400
-443
-485
-524
-559
-596
-631
-669
-707
-740
-775
-806
-835
-859
-879
-894
-902
-901
-890
-866
-834
-791
-737
-675
-603
-526
-441
-351
-255
-155
-51
53
160
269
378
485
591
693
788
878
957
1026
1084
1127
1157
1176
1179
1169
1145
1110
1067
1011
948
881
808
734
655
578
498
420
340
258
180
104
27
-46
-117
-185
-252
-317
-377
-434
-488
-536
-581
-623
-665
-705
-742
-780
-818
-853
-888
-920
-949
-973
-990
-1003
-1009
-1003
-989
-966
-931
-886
-830
-767
-695
-617
-532
-437
-344
-242
-138
-31
81
192
303
414
524
630
728
820
906
977
1041
1089
1122
1148
1153
1149
1129
1101
1061
1011
955
890
823
752
676
599
522
443
364
283
203
124
45
-31
-106
-178
-245
-310
-371
-429
-485
-534
-580
-624
-665
-705
-744
-780
-815
-847
-876
-901
-922
-938
-947
-949
-943
-929
-906
-872
-830
-777
-716
-648
-573
-492
-406
-313
-217
-119
-14
90
201
308
414
521
623
722
812
895
973
1036
1092
1133
1162
1180
1183
1173
1153
1120
1080
1029
972
908
837
764
685
607
527
443
360
275
190
108
21
-59
-140
-216
-289
-362
-429
-495
-555
-608
-660
-708
-751
-791
-827
-861
-891
-916
-940
-959
-974
-980
-981
-975
-963
-942
-912
-874
-828
-775
-713
-644
-569
-488
-402
-310
-217
-121
-21
79
181
282
382
480
575
667
749
825
896
952
1003
1042
1069
1088
1091
1086
1070
1042
1008
963
911
855
790
725
655
582
509
430
351
271
188
108
23
-59
-139
-218
-293
-369
-440
-506
-567
-623
-675
-721
-763
-798
-830
-860
-884
-904
-922
-934
-939
-939
-932
-920
-900
-872
-837
-794
-745
-685
-620
-550
-475
-395
-312
-224
-135
-44
51
144
238
332
420
507
592
674
748
815
876
926
969
1002
1022
1034
1035
1023
1003
972
933
887
833
776
713
648
579
510
438
363
290
215
141
70
-5
-77
-146
-215
-279
-342
-399
-452
-500
-544
-584
-619
-650
-677
-698
-718
-739
-753
-766
-776
-781
-783
-778
-768
-753
-734
-709
-675
-637
-592
-541
-485
-423
-357
-289
-216
-139
-63
19
100
181
263
342
422
497
569
637
698
754
804
843
876
896
909
911
901
882
855
821
778
730
677
621
563
502
437
373
308
240
175
109
42
-22
-86
-146
-205
-261
-314
-363
-408
-450
-486
-519
-548
-573
-595
-616
-632
-649
-662
-675
-686
-693
-697
-698
-692
-683
-672
-653
-629
-599
-564
-525
-479
-429
-374
-316
-254
-187
-118
-49
24
96
172
245
316
387
455
520
582
636
688
730
767
795
812
824
823
816
801
777
749
712
672
628
578
529
474
419
363
305
248
187
130
72
13
-43
-97
-147
-197
-242
-286
-326
-364
-398
-431
-459
-484
-508
-530
-550
-567
-584
-599
-611
-622
-627
-630
-631
-628
-620
-605
-587
-563
-534
-501
-461
-417
-370
-317
-261
-198
-136
-71
-3
66
136
204
273
342
408
472
532
585
635
677
711
737
756
767
767
759
745
722
693
661
621
577
531
482
430
375
318
263
207
149
93
36
-17
-70
-121
-170
-217
-261
-302
-342
-379
-413
-444
-473
-498
-522
-543
-562
-581
-599
-614
-627
-637
-645
-651
-651
-651
-645
-633
-616
-593
-564
-529
-492
-450
-401
-350
-292
-231
-167
-99
-30
43
116
191
263
336
407
473
537
595
647
693
731
758
780
791
793
787
774
754
727
696
656
614
570
519
467
415
361
307
253
197
144
91
41
-8
-53
-96
-138
-175
-213
-246
-276
-304
-330
-353
-375
-396
-415
-434
-451
-468
-485
-501
-514
-525
-535
-542
-547
-549
-543
-534
-523
-505
-481
-453
-417
-378
-335
-286
-232
-176
-116
-55
10
76
140
208
272
335
394
448
499
541
579
609
628
643
651
647
639
623
602
573
541
503
463
421
377
332
290
244
199
157
114
73
33
-5
-41
-74
-104
-136
-163
-190
-215
-236
-257
-276
-294
-311
-327
-344
-361
-377
-393
-409
-427
-441
-455
-467
-478
-488
-493
-493
-489
-480
-467
-447
-421
-392
-356
-317
-272
-223
-172
-116
-60
-1
59
120
179
238
296
352
400
445
484
514
540
560
570
575
572
562
546
526
499
467
435
397
360
321
279
241
201
162
125
92
60
30
0
-27
-51
-73
-95
-115
-135
-153
-169
-183
-196
-209
-225
-238
-252
-268
-285
-303
-321
-341
-361
-381
-400
-420
-438
-453
-462
-468
-470
-467
-458
-442
-421
-394
-361
-325
-282
-237
-189
-135
-80
-24
36
94
150
207
264
313
359
403
440
473
501
521
535
545
546
542
532
517
497
476
452
425
401
374
346
321
293
269
247
224
202
180
158
137
117
97
74
52
31
9
-13
-34
-57
-82
-107
-134
-162
-192
-225
-259
-295
-331
-369
-406
-441
-476
-507
-534
-555
-570
-581
-585
-580
-568
-552
-527
-497
-462
-421
-377
-329
-275
-221
-167
-107
-50
7
65
121
172
222
267
306
342
373
395
415
430
435
439
437
430
422
410
397
382
366
348
331
316
301
288
275
260
243
229
210
192
173
152
131
107
85
61
34
9
-20
-49
-81
-113
-146
-182
-221
-258
-296
-336
-376
-412
-446
-476
-502
-522
-537
-546
-548
-543
-531
-511
-486
-452
-415
-374
-327
-278
-225
-171
-115
-60
-4
50
102
156
209
256
301
343
378
411
435
455
470
478
481
478
473
463
450
437
420
404
389
374
359
345
331
318
304
288
274
255
237
215
193
170
144
119
91
62
32
1
-30
-65
-99
-136
-175
-216
-256
-297
-340
-382
-423
-462
-498
-532
-561
-583
-599
-609
-612
-607
-597
-580
-556
-527
-492
-456
-415
-372
-327
-278
-228
-177
-126
-75
-25
25
76
123
168
211
251
288
320
346
368
386
401
411
420
425
425
426
424
424
423
422
419
417
415
411
407
402
394
385
372
357
339
321
298
270
243
214
179
145
109
69
28
-17
-63
-110
-158
-207
-257
-306
-355
-401
-443
-481
-514
-543
-565
-580
-589
-590
-587
-576
-558
-536
-510
-480
-447
-410
-371
-330
-288
-246
-200
-157
-112
-66
-22
22
64
104
140
175
207
234
260
280
298
314
325
334
342
348
356
360
363
367
372
375
377
378
381
381
379
376
370
359
346
330
309
286
262
231
198
164
127
87
47
5
-41
-86
-132
-179
-224
-270
-316
-357
-395
-429
-458
-485
-506
-521
-530
-533
-530
-523
-511
-492
-471
-446
-414
-381
-346
-306
-268
-228
-186
-142
-100
-58
-14
28
70
111
148
185
220
251
281
309
333
353
373
388
400
412
419
426
433
436
439
443
447
448
449
448
445
442
434
422
408
390
365
339
307
272
234
193
150
105
58
10
-39
-89
-139
-187
-236
-283
-331
-376
-419
-460
-496
-529
-558
-583
-601
-615
-622
-625
-625
-618
-604
-587
-566
-540
-510
-479
-442
-406
-367
-325
-282
-237
-192
-146
-98
-51
-1
46
93
138
180
223
261
295
328
356
382
406
426
442
456
468
478
488
496
501
505
508
507
503
499
490
479
463
442
420
395
366
335
301
264
225
186
146
103
62
19
-25
-68
-113
-157
-201
-246
-290
-333
-372
-413
-449
-483
-515
-539
-561
-577
-588
-594
-595
-591
-583
-570
-553
-532
-509
-479
-447
-412
-372
-331
-285
-237
-187
-133
-82
-25
31
84
139
190
238
284
324
362
395
425
452
476
496
513
528
542
553
560
566
570
571
569
565
558
546
531
512
490
463
432
399
360
321
280
238
193
148
100
51
2
-50
-103
-158
-214
-271
-329
-387
-443
-499
-550
-601
-648
-689
-725
-754
-779
-798
-811
-817
-816
-811
-796
-777
-750
-715
-675
-629
-575
-516
-451
-382
-309
-231
-154
-76
2
78
153
223
291
354
411
464
513
556
593
626
655
680
699
714
727
735
738
738
734
726
714
700
679
656
631
600
566
530
491
449
405
358
309
260
209
154
98
41
-21
-84
-148
-215
-281
-348
-414
-478
-540
-600
-656
-707
-756
-797
-834
-863
-885
-901
-909
-908
-897
-880
-853
-818
-776
-723
-661
-596
-521
-443
-359
-272
-185
-96
-8
79
164
245
324
397
464
526
579
629
674
711
745
772
792
806
817
824
823
819
811
797
779
757
732
704
673
640
604
565
526
483
438
391
342
289
232
173
112
47
-18
-86
-156
-225
-296
-368
-438
-508
-576
-641
-704
-764
-819
-869
-916
-955
-989
-1014
-1030
-1039
-1036
-1025
-1004
-971
-928
-875
-815
-746
-669
-586
-500
-409
-316
-222
-128
-35
55
145
231
310
389
462
526
588
644
692
735
771
800
823
841
851
855
855
847
836
821
802
779
756
726
695
663
626
587
545
501
453
402
348
289
229
166
100
34
-34
-105
-173
-244
-316
-385
-454
-521
-588
-654
-716
-775
-831
-882
-927
-967
-1000
-1022
-1037
-1043
-1036
-1019
-992
-955
-906
-851
-787
-714
-636
-554
-465
-375
-284
-191
-99
-8
82
169
255
336
415
491
561
627
686
740
790
831
867
897
918
932
940
942
940
931
918
898
877
852
823
792
757
717
676
631
582
530
472
412
348
283
214
143
71
-2
-77
-152
-227
-300
-372
-442
-510
-576
-640
-699
-755
-808
-856
-898
-935
-964
-984
-998
-1002
-997
-986
-962
-931
-891
-844
-790
-729
-662
-593
-518
-440
-362
-280
-200
-117
-35
45
125
204
277
348
414
478
538
592
638
679
717
747
772
792
805
813
814
811
802
789
771
749
724
697
665
629
590
549
505
459
409
358
302
245
185
122
60
-4
-70
-135
-201
-267
-331
-395
-457
-519
-575
-629
-680
-725
-767
-803
-834
-859
-880
-894
-903
-905
-898
-885
-864
-836
-802
-762
-713
-660
-601
-537
-469
-397
-323
-247
-170
-91
-13
63
139
214
288
359
428
493
555
612
666
713
754
792
825
852
873
889
900
905
904
899
888
872
851
824
793
758
718
676
628
577
522
464
403
340
273
203
132
58
-17
-92
-170
-245
-319
-393
-467
-534
-599
-661
-719
-772
-820
-862
-900
-932
-958
-975
-989
-996
-995
-987
-973
-950
-921
-883
-838
-788
-728
-665
-598
-526
-449
-369
-288
-204
-120
-36
49
134
217
298
376
450
522
590
653
713
768
815
857
892
921
944
962
971
976
974
966
951
930
903
870
833
790
743
691
633
573
508
440
369
295
217
138
59
-23
-105
-185
-267
-347
-425
-502
-574
-643
-709
-767
-823
-871
-913
-947
-975
-996
-1011
-1019
-1018
-1010
-997
-975
-947
-910
-866
-817
-760
-698
-629
-557
-479
-397
-312
-223
-133
-44
46
137
223
308
390
468
542
612
676
736
790
838
880
915
945
966
981
989
990
985
972
955
927
894
855
810
759
703
643
579
511
440
366
291
211
131
50
-33
-116
-197
-277
-353
-430
-504
-575
-642
-704
-762
-814
-861
-899
-934
-962
-982
-995
-1002
-1003
-994
-980
-959
-931
-895
-855
-805
-751
-690
-624
-552
-475
-394
-309
-221
-129
-36
59
152
246
335
424
509
588
662
732
795
854
903
945
982
1009
1030
1044
1050
1048
1039
1025
1000
969
932
887
836
782
721
653
584
510
434
356
274
192
111
26
-60
-141
-224
-305
-382
-460
-533
-602
-666
-727
-782
-831
-874
-912
-944
-970
-990
-1004
-1011
-1012
-1005
-992
-970
-942
-907
-866
-820
-769
-710
-647
-580
-506
-433
-355
-276
-195
-113
-31
52
134
216
296
372
446
516
580
641
696
743
787
822
850
874
890
901
906
903
893
879
857
830
798
761
717
670
617
560
498
436
367
298
227
156
85
15
-55
-123
-190
-253
-312
-371
-425
-478
-526
-571
-610
-647
-678
-703
-724
-740
-750
-755
-755
-748
-736
-720
-697
-669
-635
-596
-555
-508
-458
-404
-347
-288
-226
-162
-97
-31
36
101
165
228
286
345
399
449
496
537
576
611
639
663
682
697
707
712
712
706
696
681
659
635
603
566
527
480
432
379
321
263
202
139
76
13
-47
-108
-166
-221
-275
-322
-369
-413
-451
-488
-521
-550
-578
-598
-617
-634
-645
-651
-650
-647
-637
-624
-606
-584
-558
-528
-492
-452
-410
-364
-313
-260
-204
-146
-86
-26
36
96
154
210
261
310
356
398
435
470
499
522
542
559
569
576
581
580
575
566
553
537
518
491
461
427
391
350
306
260
212
161
109
57
5
-48
-96
-145
-193
-237
-277
-318
-354
-387
-419
-446
-471
-492
-510
-523
-536
-542
-546
-547
-542
-533
-521
-505
-485
-459
-431
-398
-366
-327
-284
-242
-195
-145
-94
-44
10
63
114
168
217
266
312
353
392
428
459
487
512
533
549
561
571
577
581
581
576
569
557
541
520
493
462
428
387
342
293
241
185
129
69
9
-48
-106
-163
-215
-267
-316
-360
-401
-439
-474
-503
-532
-555
-575
-592
-604
-613
-617
-616
-612
-603
-590
-572
-551
-527
-498
-468
-435
-396
-357
-311
-264
-214
-159
-103
-44
18
81
143
205
266
322
379
429
476
519
556
589
619
643
662
677
687
695
700
698
695
689
678
664
647
622
593
558
518
473
422
366
308
246
178
112
44
-26
-94
-161
-227
-290
-351
-408
-463
-512
-559
-601
-639
-673
-703
-727
-747
-764
-774
-781
-780
-775
-765
-749
-728
-703
-674
-639
-602
-561
-517
-470
-423
-372
-320
-265
-211
-153
-96
-37
23
81
144
202
259
315
367
418
466
507
550
587
620
647
672
695
710
726
736
743
748
748
744
735
721
701
677
648
613
574
529
479
428
373
317
259
198
137
77
17
-43
-101
-159
-217
-271
-325
-376
-423
-468
-512
-552
-588
-618
-645
-666
-684
-693
-700
-702
-697
-688
-677
-658
-637
-611
-583
-553
-518
-480
-441
-398
-353
-308
-259
-210
-160
-108
-56
-4
45
97
147
195
243
288
331
373
412
449
484
514
543
571
593
613
628
639
644
647
644
635
625
609
590
565
535
505
470
432
391
350
306
261
215
167
118
70
20
-27
-75
-122
-168
-212
-253
-292
-330
-363
-397
-428
-454
-478
-501
-517
-530
-542
-548
-552
-552
-546
-539
-527
-513
-495
-475
-451
-426
-400
-371
-341
-307
-275
-242
-209
-176
-141
-106
-72
-37
-2
32
66
101
133
165
196
226
252
280
302
322
341
354
365
375
380
384
384
381
376
368
356
346
330
315
297
278
255
230
204
177
150
123
93
63
32
1
-30
-59
-87
-115
-142
-166
-189
-209
-228
-246
-259
-270
-279
-284
-288
-289
-287
-284
-277
-268
-257
-245
-230
-211
-192
-173
-153
-132
-110
-88
-68
-48
-26
-6
16
37
58
79
100
121
140
160
175
191
207
217
228
237
243
249
252
253
254
253
250
246
242
234
225
216
205
192
179
165
149
134
115
97
78
56
34
12
-11
-33
-54
-77
-97
-116
-136
-153
-167
-181
-193
-203
-211
-217
-222
-224
-224
-223
-221
-216
-209
-205
-195
-186
-177
-164
-151
-140
-126
-112
-98
-82
-66
-52
-37
-21
-7
9
23
35
48
59
71
83
95
107
117
127
137
145
151
159
165
168
170
172
170
168
164
159
156
147
139
131
119
109
99
85
73
60
45
30
16
-1
-16
-30
-47
-64
-77
-93
-107
-121
-134
-146
-154
-164
-174
-181
-189
-194
-198
-201
-202
-201
-198
-193
-188
-178
-169
-156
-143
-130
-113
-96
-79
-61
-44
-25
-8
9
28
43
60
75
91
106
117
131
144
153
164
172
179
186
191
196
200
203
204
203
203
200
198
194
191
186
180
173
166
157
146
134
120
107
93
78
60
42
23
5
-15
-33
-54
-73
-90
-109
-127
-144
-161
-176
-191
-205
-217
-227
-237
-244
-250
-255
-256
-256
-255
-250
-244
-236
-227
-216
-205
-192
-177
-161
-142
-125
-107
-89
-70
-53
-35
-17
1
18
34
48
63
77
88
102
113
125
135
143
153
160
167
173
179
184
188
190
192
195
197
197
198
195
193
190
185
178
171
163
153
142
129
118
104
90
77
60
46
30
12
-5
-20
-37
-52
-67
-83
-96
-109
-120
-132
-141
-149
-156
-161
-166
-171
-175
-177
-179
-179
-177
-174
-169
-163
-156
-150
-141
-133
-123
-112
-103
-91
-80
-68
-56
-42
-31
-19
-4
7
20
31
45
56
68
81
91
101
111
118
126
134
141
148
153
159
163
167
169
170
172
171
171
168
164
161
154
147
137
128
116
105
91
78
64
49
35
20
6
-8
-22
-40
-54
-68
-83
-97
-109
-121
-131
-143
-152
-160
-167
-172
-177
-180
-181
-184
-183
-184
-181
-178
-176
-170
-163
-157
-149
-142
-134
-125
-117
-108
-98
-88
-76
-64
-54
-42
-28
-14
-1
15
30
45
59
73
88
102
115
127
139
149
162
171
180
187
194
200
203
205
208
207
204
200
194
186
179
168
157
145
133
118
103
88
71
56
41
27
12
-3
-16
-30
-43
-57
-70
-82
-94
-105
-115
-124
-133
-141
-148
-154
-158
-161
-163
-165
-165
-165
-163
-163
-160
-158
-152
-148
-143
-137
-131
-124
-115
-107
-97
-87
-76
-65
-52
-41
-29
-17
-3
10
22
36
47
58
69
79
91
102
110
118
126
132
135
140
142
144
143
141
137
132
126
119
110
99
89
78
66
57
45
33
22
11
1
-8
-18
-28
-38
-48
-58
-67
-76
-85
-92
-99
-105
-110
-115
-118
-122
-125
-126
-127
-127
-126
-124
-121
-119
-114
-109
-102
-95
-87
-80
-70
-61
-50
-38
-28
-16
-5
6
18
27
38
49
59
69
78
89
98
107
115
125
136
144
152
158
164
168
170
173
175
174
172
168
164
160
154
147
138
128
119
109
98
86
74
62
50
39
28
16
5
-7
-18
-29
-39
-50
-58
-67
-76
-83
-92
-99
-105
-111
-115
-120
-122
-126
-125
-125
-126
-124
-121
-118
-114
-110
-105
-100
-96
-90
-83
-76
-69
-61
-54
-45
-36
-28
-19
-11
-4
5
14
22
30
37
43
50
56
61
65
69
73
75
78
79
80
81
79
78
73
71
67
61
57
50
45
38
31
22
11
2
-7
-18
-27
-36
-45
-54
-63
-70
-79
-87
-93
-99
-103
-107
-109
-112
-115
-114
-112
-112
-109
-105
-102
-96
-91
-83
-76
-69
-61
-53
-46
-39
-30
-22
-14
-5
4
13
21
29
38
46
53
60
69
76
83
90
98
105
112
117
121
125
126
129
130
132
131
131
128
125
121
117
111
107
102
95
88
80
73
64
54
44
34
22
12
3
-7
-16
-26
-35
-43
-52
-57
-65
-72
-77
-83
-88
-93
-97
-101
-104
-107
-109
-111
-110
-111
-110
-107
-104
-101
-96
-91
-85
-80
-74
-69
-63
-57
-51
-45
-37
-31
-22
-16
-9
-3
4
10
17
23
29
36
40
47
51
56
60
62
64
66
67
69
66
66
64
63
61
59
57
54
51
49
45
41
36
32
28
24
19
14
8
1
-4
-12
-16
-21
-25
-29
-35
-37
-40
-42
-45
-47
-48
-49
-50
-51
-52
-52
-52
-50
-49
-46
-44
-40
-38
-35
-30
-28
-24
-21
-17
-12
-8
-3
0
5
9
13
16
19
22
26
29
31
35
38
41
45
46
48
50
52
53
54
56
57
57
56
54
54
52
50
50
47
46
44
40
39
36
30
28
26
22
17
13
9
5
1
-3
-7
-11
-16
-19
-22
-26
-28
-29
-30
-31
-34
-35
-37
-38
-38
-38
-38
-39
-38
-37
-35
-32
-30
-27
-25
-24
-23
-20
-18
-17
-16
-14
-12
-11
-10
-8
-7
-6
-4
-3
1
2
4
5
8
9
9
11
11
13
12
13
13
14
14
15
14
14
16
18
18
17
18
16
15
14
12
11
8
7
5
2
1
-1
-3
-5
-9
-11
-13
-14
-15
-16
-16
-16
-18
-19
-21
-21
-22
-23
-22
-21
-21
-20
-20
-20
-19
-17
-16
-14
-11
-10
-9
-7
-6
-4
-3
-1
0
0
1
2
3
4
4
5
5
6
8
8
9
9
9
9
9
8
8
7
7
8
8
9
8
8
9
11
11
11
12
13
14
14
14
13
13
13
12
11
11
8
7
5
3
3
1
-1
-2
-4
-5
-6
-7
-9
-11
-12
-13
-13
-14
-15
-16
-15
-15
-16
-14
-14
-12
-12
-11
-9
-9
-9
-8
-7
-6
-5
-5
-6
-4
-3
-4
-4
-2
-2
-3
-2
-1
-3
-2
-1
-2
-2
-3
-3
-1
0
0
1
2
2
3
4
4
5
7
10
11
12
12
12
12
10
10
10
9
9
9
10
9
9
11
11
11
11
10
9
9
7
7
6
5
5
4
4
3
2
3
2
2
1
1
1
0
1
2
0
1
2
0
0
1
0
-1
0
1
1
0
1
2
3
3
3
5
5
6
7
9
9
9
11
13
14
17
18
19
18
20
22
22
24
23
25
25
25
25
24
24
23
23
23
23
22
20
19
17
15
12
10
7
5
1
-1
-3
-7
-11
-13
-16
-19
-22
-25
-27
-31
-33
-35
-36
-34
-36
-37
-38
-38
-38
-38
-40
-40
-40
-41
-41
-41
-39
-40
-39
-37
-36
-35
-32
-31
-28
-27
-24
-22
-20
-17
-15
-12
-9
-8
-5
-1
2
3
6
10
12
15
17
21
22
24
26
27
29
30
31
33
35
36
37
38
37
36
35
33
32
29
26
25
22
17
13
11
8
3
0
-5
-8
-10
-14
-15
-17
-19
-21
-21
-23
-25
-26
-27
-26
-26
-26
-25
-25
-25
-23
-24
-23
-21
-21
-20
-19
-18
-16
-15
-15
-13
-13
-12
-11
-10
-7
-6
-4
-2
0
1
3
7
8
11
14
17
19
21
22
24
25
26
26
28
27
28
29
28
29
27
27
25
23
21
18
15
13
10
6
4
1
-1
-4
-8
-10
-12
-14
-15
-16
-17
-18
-21
-22
-22
-22
-22
-23
-21
-21
-21
-19
-20
-19
-18
-17
-16
-15
-13
-11
-11
-9
-9
-7
-6
-5
-3
-1
2
3
6
8
12
13
16
18
21
23
26
28
32
36
38
40
43
44
47
48
49
50
50
50
49
50
49
48
45
43
39
35
32
28
25
21
16
13
8
6
1
-4
-6
-10
-14
-17
-20
-23
-25
-27
-29
-32
-34
-35
-38
-40
-40
-42
-42
-43
-43
-44
-43
-43
-44
-43
-42
-42
-40
-39
-37
-36
-34
-31
-28
-26
-24
-21
-17
-16
-13
-10
-6
-3
-1
3
6
9
13
16
20
22
26
28
29
31
32
34
34
35
35
34
35
33
31
28
28
24
21
18
14
11
8
3
-1
-2
-6
-10
-13
-17
-20
-24
-24
-28
