1
1
1
1
1
0
1
1
0
1
1
1
0
0
1
0
0
1
1
1
1
0
0
0
0
1
1
1
1
-1
0
1
1
1
0
0
2
2
1
0
0
0
2
1
1
0
0
0
1
1
0
0
0
1
1
1
0
0
-1
1
1
0
-1
-1
0
2
1
-1
-2
0
1
0
-1
-2
-1
-1
1
0
0
-1
0
0
-2
-1
0
1
0
0
0
-1
0
0
0
0
0
0
1
2
0
-1
-2
-1
2
3
2
0
-2
-1
0
0
-1
0
-1
0
1
-1
-2
-3
-1
-2
-1
1
0
-2
-1
-2
-4
-3
-1
0
1
1
-2
-4
-2
2
2
-2
-1
1
2
0
0
-1
0
1
1
0
-1
0
0
-1
0
1
-1
-3
0
1
0
0
0
-1
-1
-1
-1
-2
-2
1
2
1
-1
0
1
-1
-1
0
1
2
1
2
0
-1
2
3
1
0
2
2
0
1
1
2
1
3
1
-1
3
5
-1
-4
-1
2
2
2
3
-1
-2
1
4
2
-1
-2
0
2
2
0
-1
1
1
1
0
1
-2
-1
2
2
1
0
0
-2
-3
0
2
2
2
0
-2
-5
0
4
2
-4
-4
0
1
1
1
-2
-5
-2
1
1
-3
-3
-3
0
2
3
-1
-5
-5
0
4
1
-4
-6
-4
2
5
3
-2
-4
-2
0
0
-2
-2
-1
0
0
1
0
-2
-1
2
0
-2
-1
0
0
0
2
0
-5
-3
3
4
1
1
-1
-4
-1
3
2
-2
-2
-1
0
1
3
2
-4
-6
-2
1
4
4
0
-1
-1
0
2
3
0
-1
-1
1
2
4
1
1
1
2
2
-2
-3
0
3
2
-1
1
1
0
1
4
3
-3
-5
0
6
2
-3
-2
2
1
2
3
-1
-2
2
5
2
-1
-2
0
2
-4
-2
2
0
-2
2
1
-4
-5
-2
0
0
-1
-1
0
0
0
2
2
-1
-2
3
3
-2
-3
3
6
2
0
1
2
1
0
4
2
-2
-2
0
4
0
-2
1
0
0
-1
0
-1
-3
-3
0
1
-1
-2
0
-3
-2
6
2
-6
-5
3
3
-2
1
4
1
-3
-2
3
4
2
2
-2
-3
-1
2
-2
-4
0
1
-2
0
2
-1
-1
-1
0
-3
-6
0
-4
-1
2
1
2
0
1
0
0
4
2
2
-1
-2
0
0
0
2
0
-2
-2
-1
-3
-4
0
-2
-6
-4
-2
-3
-3
-2
2
-1
-5
-2
1
2
-2
-1
0
1
5
4
2
0
-3
-2
1
2
1
1
2
7
9
2
-3
-2
2
5
1
1
2
-1
2
11
7
1
1
4
2
3
2
-1
-3
2
4
-1
0
-1
1
0
3
-2
-6
-3
2
4
-2
-1
3
-2
1
4
-3
-2
-2
-1
1
3
2
2
1
-2
3
7
2
-3
-6
-2
4
7
1
-4
-1
2
-1
-3
-6
-4
-2
-1
-1
-4
-6
-7
-5
-3
1
-2
-6
-5
-1
-6
-7
2
3
-5
-4
-2
5
0
-4
-3
-2
-1
3
5
-3
-4
-2
5
3
1
-2
-1
-7
-1
11
5
-8
-7
5
2
-6
-1
3
3
0
2
3
2
-3
-8
-5
-7
3
4
0
-4
-2
-5
-2
7
5
5
-2
-4
-3
5
10
10
0
-2
4
7
14
10
4
-5
-1
12
17
4
-7
-5
-1
2
12
7
-2
-4
-2
3
5
1
-7
0
0
-1
-4
1
1
1
-1
1
3
-3
-2
-1
5
0
-5
-2
1
-2
-5
-1
-2
-7
-6
1
7
4
-2
-10
-11
-4
7
9
-8
-15
-5
8
11
2
-9
-9
-3
7
4
-2
-8
-9
3
11
6
-8
-2
2
-1
1
10
2
-11
-1
3
0
0
0
-1
1
6
5
1
-6
-5
-2
4
2
1
-1
-8
-3
-1
0
-2
2
3
-1
0
-3
0
4
3
-2
3
6
-6
-1
0
10
0
-3
6
5
6
0
1
4
-10
-2
3
10
-2
-7
6
6
7
-7
-11
-5
-10
-6
16
7
-14
0
4
4
-11
-7
4
-2
8
-13
4
3
-5
4
-11
4
0
-3
6
-7
1
4
3
-6
-10
-12
-3
18
4
-3
-5
-15
5
2
-7
-12
7
-7
11
13
-4
4
-8
5
-2
-9
1
-4
24
1
-6
9
1
1
-10
11
2
0
12
14
-1
-4
-19
-3
25
0
4
6
-3
7
-2
15
-14
-3
1
9
23
-13
-1
7
-10
12
8
-2
8
5
17
27
-27
-5
-10
-11
35
22
10
-10
-1
5
8
7
-33
-3
-3
8
9
2
-5
-32
4
17
1
-9
-8
25
0
6
-21
-30
1
-26
20
-39
8
6
-2
48
-24
-10
-24
-14
6
-45
4
-5
4
12
-7
0
-15
28
-17
-7
45
-70
-28
25
-14
-8
-41
27
39
-93
116
105
-137
-21
6
7
-59
30
6
-95
81
53
33
20
-55
-46
-19
41
1
-24
22
30
-22
68
32
-84
-1
-26
-5
31
13
36
-28
29
21
26
-39
-52
32
-19
42
57
-32
-33
12
18
-16
23
-24
-51
29
20
46
30
-44
-72
-11
-22
4
-74
53
76
-112
341
132
-241
33
-122
-37
-115
-7
79
-203
357
210
75
38
-219
-12
-189
23
11
-148
24
70
123
127
115
-37
-28
-26
-38
-94
-190
41
81
-56
298
23
-39
165
-35
-103
-209
82
-111
-169
185
-37
-146
178
-2
-84
14
-67
-18
-116
111
84
-173
182
148
-207
202
43
58
-42
31
187
-238
60
39
-82
85
-100
138
92
-83
181
-289
96
-285
-57
173
-254
69
13
-108
-74
-6
-53
-167
-6
285
-144
35
88
-308
95
-62
84
71
23
173
-159
211
-47
-95
87
5
71
-157
254
-46
-119
-72
-161
72
-276
231
-177
-50
209
-102
100
-41
-68
-286
86
131
35
331
26
35
91
-57
-73
-170
119
25
170
134
140
72
46
-18
70
-38
24
-56
22
49
-114
13
21
-154
118
-26
-89
-84
-45
-319
-53
64
-124
-38
40
73
-108
87
-101
-41
-37
-53
11
192
105
-70
92
-17
-13
-2
167
77
133
196
-44
-62
-95
-128
7
85
156
107
66
7
-212
-53
-183
-42
68
98
-141
214
36
-86
-234
-68
-28
-59
205
177
-50
63
-58
-54
-252
-55
-98
-37
262
197
63
-53
-37
-186
5
90
180
166
219
9
-58
-64
78
-20
178
264
13
66
-7
-194
-111
-104
-34
-71
28
-43
-147
-137
-171
-184
-93
86
63
-37
-100
-64
30
-150
-20
110
143
228
164
168
83
-68
-59
-22
74
130
82
42
-89
-121
-209
-68
-68
-15
42
-7
-31
-120
-264
-189
-120
41
53
101
64
-109
-198
-146
-65
75
221
240
158
56
-31
-181
-36
129
125
237
268
83
-14
-142
-155
-175
-14
140
101
79
-64
-244
-255
-191
-123
-51
49
115
12
-29
-98
-27
26
103
218
255
67
-9
-81
15
138
114
195
120
120
-21
-135
-102
-143
-71
18
136
105
-35
-45
-91
-118
-25
92
83
59
90
10
42
17
-4
-12
18
92
107
145
106
40
-13
-6
-50
-65
30
36
33
112
122
49
21
-57
-187
-12
40
38
79
-20
-47
-68
22
24
-153
-89
-242
-174
-81
-86
-116
-139
-104
-193
-150
-284
-205
-260
-198
-116
-133
-47
-187
-110
-48
7
78
-48
11
-18
35
81
40
102
44
-8
-98
-133
-261
-262
-273
-213
-157
-264
-290
-502
-573
-710
-721
-589
-555
-442
-409
-422
-455
-550
-617
-485
-446
-204
-66
-18
113
-1
-42
52
215
342
394
475
518
508
577
519
481
534
570
692
758
614
523
468
560
637
660
791
737
724
597
521
632
737
815
825
936
874
828
762
731
743
706
749
730
814
727
708
573
476
431
300
214
233
255
263
200
99
-14
-185
-182
-264
-250
-231
-344
-335
-364
-324
-579
-711
-766
-885
-830
-905
-738
-781
-662
-705
-922
-861
-1023
-580
445
1018
767
-94
-176
-383
-714
-548
-285
177
76
106
-164
-831
-1493
-2415
-2334
-1867
-1224
-1205
-1573
-1550
-2146
-2408
-2544
-2099
-1692
-1796
-1435
-1117
-751
-637
-641
-353
-87
364
590
956
1169
1125
1022
1024
1425
1557
1666
1676
1590
1448
1029
973
953
1005
992
910
879
556
207
-7
0
203
250
371
384
491
440
397
519
653
1043
1303
1619
1759
1621
1447
1424
1507
1734
1856
1935
1851
1660
1436
1085
838
695
564
469
299
75
-255
-581
-849
-993
-1015
-995
-1008
-1151
-1280
-1325
-1343
-1278
-1158
-1003
-951
-841
-768
-666
-541
-519
-480
-430
-279
-182
-98
-100
-141
-288
-235
-182
-247
-227
-132
-144
-282
-400
-357
-426
-504
-474
-475
-356
-481
-551
-668
-838
-846
-983
-872
-667
221
1247
1142
368
-296
-281
-577
-463
59
602
1038
748
739
-29
-863
-1569
-2284
-1386
-896
-240
-724
-1301
-1736
-2728
-2616
-2446
-1676
-1458
-1535
-1224
-1388
-1150
-1402
-1141
-608
-257
308
386
878
798
568
541
756
1337
1380
1650
1712
1532
1350
988
1167
1171
1325
1225
998
1066
777
467
288
354
530
520
706
733
709
628
718
1016
1316
1840
2020
1954
1742
1597
1727
1756
2113
2409
2405
2294
1966
1761
1287
927
809
753
870
706
550
14
-400
-815
-1032
-957
-827
-683
-896
-922
-1049
-1026
-968
-923
-773
-670
-491
-217
69
46
-275
-503
-337
-137
-39
-122
-122
-104
-129
-247
-334
-461
-577
-664
-622
-434
-520
-587
-621
-568
-614
-705
-720
-739
-686
-816
-842
-728
-821
-804
-862
-719
-938
-985
-979
-1014
-935
-925
143
917
980
-82
-887
-763
-875
-570
-502
125
582
481
433
-891
-1431
-2237
-2516
-1898
-1342
-459
-1129
-1705
-2372
-2984
-2897
-2789
-2084
-1651
-1307
-1026
-1226
-1066
-1239
-1105
-650
-5
783
1104
1636
1692
1503
1535
1639
2093
2240
2481
2524
2438
2411
2107
2034
1786
1588
1271
1093
1128
853
761
622
690
666
673
884
887
913
845
1067
1403
1699
2004
2178
2464
2612
2553
2451
2351
2356
2250
2354
2449
2346
2070
1774
1471
990
470
236
176
264
66
-186
-386
-573
-851
-1359
-1347
-1410
-1351
-1181
-1039
-1059
-843
-928
-1003
-1063
-959
-818
-793
-387
-530
-622
-363
-493
-439
-908
-958
-598
-440
-477
-1039
-881
-872
-891
-1350
-1541
-1132
-836
-1133
-1632
-1348
-1018
-1020
-1356
-1636
-1456
-1310
-1199
-1354
-1415
-1396
-1330
-1283
-1386
-1424
-1344
-1143
-1201
-1275
-1233
-1038
-797
-618
-582
-612
-551
-432
-320
-403
-373
-153
102
231
57
-109
-218
-299
-339
-391
-206
97
318
158
-146
-420
-543
-538
-471
-293
-156
19
116
110
-22
-158
-224
-159
104
457
775
894
859
725
556
585
748
1009
1238
1267
1301
1156
1127
1171
1153
1160
1071
1128
1133
1253
1254
1196
1255
1255
1275
1234
1276
1360
1407
1462
1403
1348
1375
1440
1482
1358
1455
1504
1603
1656
1558
1526
1411
1369
1350
1387
1327
1212
1226
1181
1116
1058
971
886
705
645
581
605
522
257
60
-15
102
111
-22
-170
-303
-353
-375
-470
-662
-956
-1055
-1047
-1106
-1246
-1363
-1431
-1666
-1891
-2124
-2058
-2114
-2179
-2148
-2184
-2062
-2045
-2051
-2129
-2141
-2212
-2355
-2298
-2037
-1867
-1827
-1906
-2102
-2257
-2157
-1944
-1897
-1811
-1695
-1540
-1323
-1222
-1185
-1260
-1236
-1151
-1035
-749
-560
-456
-428
-331
-234
-165
-1
117
274
311
298
326
217
275
367
375
332
261
404
485
437
235
161
248
342
463
467
526
572
534
410
397
502
638
655
695
716
817
900
943
930
924
1019
1017
1108
1234
1395
1432
1320
1398
1359
1493
1521
1354
1329
1328
1409
1324
1310
1334
1230
1222
1129
1060
1111
1018
980
973
936
849
862
883
979
1014
1019
897
803
952
848
739
693
779
831
681
646
541
417
554
562
575
500
351
253
117
164
215
222
243
175
20
-96
-90
-47
-190
-252
-415
-383
-170
-313
-542
-700
-766
-712
-671
-742
-965
-891
-899
-1101
-1160
-1131
-955
-1017
-1116
-1455
-1469
-1210
-1310
-1221
-1049
-1136
-1236
-1388
-1467
-1551
-1371
-1036
-877
-997
-1222
-1444
-1539
-1611
-1423
-1397
-1487
-950
-600
-899
-1254
-1445
-1439
-1256
-1012
-460
-99
-4
-514
-816
-816
-1022
-604
-962
-874
-23
109
-16
-615
-563
-1092
-919
-499
-694
-183
128
428
-45
-451
-357
-248
188
-150
372
767
1166
931
512
848
673
950
725
1034
1460
1500
1405
847
1193
1363
1320
1267
1176
1586
1717
1705
1430
1467
1506
1274
1461
1450
1367
1359
1417
1482
1402
1356
1322
1264
1177
1051
994
1042
1275
1207
923
889
731
606
694
770
794
814
944
874
934
664
450
755
544
521
704
933
1143
795
537
760
825
551
573
295
135
494
631
245
24
320
-137
-630
-762
-732
-422
-638
-893
-1038
-914
-918
-1280
-1566
-1389
-1193
-1342
-1399
-940
-638
-1035
-1260
-1456
-1350
-1357
-1232
-975
-736
-686
-1059
-1283
-1093
-1166
-1385
-1569
-1173
-808
-220
-461
-1570
-1135
-1059
-1070
-1148
-896
-318
-394
-632
-580
-805
-1167
-958
-245
-326
-993
-616
-549
-605
-649
-946
-968
-983
-759
-427
-680
-1135
-1261
-656
-984
-1291
-1457
-825
-577
-1358
-1023
-657
-671
-1580
-1275
-248
-383
-551
-589
192
-149
-560
-509
-494
98
341
541
527
612
639
191
170
288
808
1184
1067
1209
1170
962
884
1095
1514
1661
1613
1782
1856
1560
1190
1163
1573
1871
1910
1985
2008
1766
1429
1259
1249
1405
1716
1937
1799
1593
1384
1223
889
658
1078
1427
1478
1251
1004
1007
788
646
532
729
1010
850
721
564
550
419
325
289
132
377
406
138
-9
-102
-82
-23
11
-255
-326
-69
-125
-418
-565
-259
-203
-428
-499
-410
-358
-410
-140
-151
-459
-277
-71
-180
-519
-628
-362
-235
-396
-696
-547
-174
-285
-730
-1321
-1082
-435
-801
-1260
-1555
-973
-519
-1349
-1793
-2063
-1808
-1521
-1629
-2079
-2082
-1385
-1786
-2483
-2635
-2198
-1728
-2144
-2398
-2126
-1687
-1740
-2136
-2140
-1907
-1426
-1924
-2154
-1366
-801
-1280
-1504
-1249
-589
-685
-1198
-1298
-623
-215
-744
-428
-504
-333
35
-591
-250
116
564
532
3
261
640
1043
550
556
1241
1430
1520
1286
1194
1626
1939
1656
1476
1889
2112
2111
1927
1808
2159
2578
2758
2832
2826
2652
2349
2151
2176
2272
2427
2669
2878
2690
2217
1873
1387
1001
972
1108
1396
1252
952
619
-23
-400
-651
-509
-300
-173
-128
-324
-302
-541
-749
-555
-305
90
208
341
578
486
166
-70
264
527
736
864
892
841
413
185
289
281
149
98
249
247
168
4
-166
-241
-396
-383
-270
-156
-134
-75
11
-114
-191
-154
102
49
-256
-159
61
123
-87
-150
-58
-42
-318
-707
-725
-635
-745
-955
-1070
-947
-911
-1457
-1600
-1659
-1839
-1861
-1980
-1861
-1832
-1937
-2162
-2351
-2270
-2025
-2018
-2048
-1927
-1778
-1861
-1817
-1811
-2060
-1826
-1261
-1597
-1722
-1375
-1412
-1265
-1294
-1353
-1587
-1159
-707
-1225
-1338
-863
-470
-652
-986
-371
-246
31
-76
-138
239
254
214
366
587
814
938
985
968
877
1121
1247
1197
1199
1604
1823
1843
1749
1891
1940
2074
2440
3081
3618
3136
2311
1869
1990
2294
2207
2455
2887
2852
2475
1495
1044
553
413
767
1002
1438
988
453
-41
-690
-894
-1078
-465
58
34
3
-345
-315
-519
-611
-231
351
955
823
758
771
634
486
323
700
1022
1010
1002
815
624
208
12
96
5
-15
-105
-51
-402
-849
-894
-820
-789
-749
-667
-582
-536
-783
-997
-838
-601
-403
-289
-96
160
72
-83
-120
-26
132
312
516
535
546
494
243
34
-78
-78
-23
-165
-458
-483
-502
-811
-1321
-1657
-1670
-1623
-1699
-1854
-1861
-1928
-2220
-2392
-2318
-2145
-2106
-2190
-2058
-1735
-1524
-1677
-1718
-1453
-1391
-1430
-1316
-794
-551
-923
-1026
-1014
-929
-715
-560
-710
-659
-250
-506
-763
-627
-558
-499
-395
-380
-308
-176
-139
-283
-376
-210
-1
265
372
432
495
338
287
353
623
833
1064
1088
1011
1543
2393
2999
2442
1263
858
1137
1559
1485
1661
2342
2402
1761
488
-161
-250
-365
-106
382
1081
850
-308
-1208
-1815
-1622
-1300
-769
-105
-126
-214
-758
-994
-883
-631
312
801
1167
1108
1024
1276
903
868
1157
1759
2119
1831
1845
1743
1496
1188
1041
1441
1584
1371
1051
879
696
337
215
467
637
550
503
619
640
401
258
391
691
926
1115
1346
1261
919
873
1103
1280
1252
1419
1722
1748
1379
1173
1247
1066
669
407
547
662
435
-57
-478
-858
-1268
-1634
-1782
-1716
-1849
-2174
-2500
-2654
-2947
-3279
-3210
-2958
-2916
-2991
-2951
-2748
-2665
-2707
-2496
-2158
-1869
-1716
-1720
-1544
-1234
-1145
-1207
-1130
-799
-469
-391
-564
-684
-612
-602
-546
-443
-444
-292
-334
-668
-867
-604
-342
-410
-514
-262
46
59
5
185
429
302
179
294
505
655
771
936
1672
2745
3091
2098
838
639
1145
1418
1418
1802
2444
2199
1088
16
-443
-680
-948
-594
188
596
-128
-1534
-2328
-2524
-2331
-1810
-1228
-750
-1051
-1486
-1744
-1665
-1370
-959
50
720
906
812
717
858
771
1045
1722
2414
2647
2229
2078
1977
1736
1754
2065
2554
2610
2248
1959
1708
1503
1297
1449
1752
1794
1816
1785
1697
1524
1332
1307
1545
1984
2300
2461
2550
2497
2274
2127
2199
2477
2715
2786
2801
2616
2300
2152
2087
1933
1625
1361
1255
913
553
228
-194
-460
-918
-1112
-1304
-1694
-2201
-2729
-2715
-2738
-3024
-3202
-3139
-3067
-3266
-3419
-3361
-3306
-3314
-3353
-3067
-2754
-2465
-2476
-2586
-2419
-2172
-2003
-2038
-2119
-2104
-1922
-1744
-1752
-1741
-1780
-1907
-2073
-1962
-1693
-1632
-1721
-1994
-2170
-2130
-1946
-1735
-1665
-1426
-1293
-1124
-980
-836
-754
-768
-592
-536
-338
-98
249
393
623
1754
2500
2000
536
-115
566
924
1152
1166
1773
1979
840
-347
-1362
-1289
-1224
-1085
-81
306
-189
-1814
-2890
-2668
-2370
-1642
-1351
-905
-876
-1509
-1535
-1625
-1010
-323
341
1254
1442
1688
1420
1320
1640
1997
2958
3353
3492
3256
2746
2634
2445
2617
2805
2998
3175
2794
2509
2097
1829
1806
1727
1911
1895
2110
2173
1857
1555
1216
1402
1754
2219
2549
2661
2764
2633
2484
2321
2372
2567
2753
2941
3001
3117
2905
2382
2047
1882
1869
1592
1434
1405
1061
512
-182
-475
-725
-1037
-1136
-1462
-1727
-2293
-2589
-2477
-2653
-2805
-3055
-2969
-2770
-2726
-2761
-3054
-3092
-3071
-2855
-2435
-2220
-2110
-2373
-2493
-2400
-2128
-1961
-2144
-2263
-2353
-2321
-2427
-2427
-2336
-2491
-2741
-2907
-2664
-2488
-2525
-2739
-3027
-3029
-2826
-2595
-2477
-2357
-2155
-2049
-1973
-1772
-1482
-1395
-1461
-1344
-1084
-633
-313
-184
-218
162
1365
2050
1504
241
-56
613
800
875
901
1358
1341
280
-473
-1183
-1153
-1305
-1341
-632
-582
-835
-2155
-2842
-2613
-2425
-1613
-1535
-1237
-1205
-1344
-1049
-1168
-401
329
1128
1797
1919
2389
2252
2441
2763
3150
4022
4226
4363
4011
3777
3892
3627
3736
3668
3814
3744
3256
3070
2715
2626
2271
2002
2228
2365
2623
2395
2191
2119
1999
2265
2540
3147
3536
3621
3656
3567
3741
3789
3867
3822
3962
4388
4442
4268
3781
3429
3114
2915
2937
2829
2448
1769
1141
588
199
-223
-673
-1007
-1407
-1808
-2417
-2813
-3144
-3506
-3641
-3689
-3546
-3752
-3870
-3902
-3966
-4033
-4181
-3892
-3469
-3110
-3071
-3077
-2978
-3040
-2910
-2790
-2510
-2524
-2610
-2502
-2523
-2537
-2744
-2708
-2697
-2834
-2822
-2820
-2631
-2701
-2914
-2951
-2948
-2866
-2877
-2631
-2331
-2196
-2009
-1837
-1503
-1380
-1242
-1046
-956
-636
-527
-120
30
166
388
938
2093
1936
1114
105
299
853
560
937
898
984
197
-380
-532
-1690
-1789
-1975
-1289
-958
-1325
-1632
-2935
-2992
-3029
-2720
-1979
-1724
-1134
-1719
-1612
-1084
-679
92
458
1547
1925
2132
2442
2380
2948
3179
3759
4211
4180
4258
3804
3871
3799
3761
3926
3837
3974
3513
3239
3075
2843
2761
2439
2546
2718
2840
2855
2621
2657
2592
2660
2982
3335
3811
3906
3985
4034
4078
4241
4180
4246
4385
4763
5021
4728
4325
3727
3235
2943
3093
3449
3175
2392
1380
692
257
-130
-484
-972
-1296
-1763
-2142
-2738
-3275
-3725
-4104
-3998
-3970
-3815
-4138
-4468
-4696
-4793
-4437
-4180
-3825
-3780
-3761
-3578
-3515
-3234
-3144
-2979
-2945
-2865
-2600
-2600
-2560
-2671
-2655
-2758
-2947
-3000
-2973
-2862
-2890
-2992
-3139
-3104
-3176
-3335
-3373
-3251
-2928
-2883
-2780
-2648
-2554
-2314
-2254
-1756
-1640
-1617
-1391
-1193
-826
-994
-774
-419
-246
522
1245
1390
256
-805
-86
340
478
298
375
601
-229
-495
-945
-1480
-1467
-1733
-966
-809
-734
-1420
-2781
-2545
-2273
-1562
-1336
-1201
-759
-1378
-1123
-645
141
783
898
1635
1899
2347
2725
2935
3573
3720
4060
4099
4124
4431
4125
4212
4336
4591
4607
4162
4091
3766
3584
3498
3396
3577
3359
3205
3019
2912
3052
2881
2968
2994
3089
3218
3181
3462
3537
3628
3542
3407
3601
3638
3656
3610
3726
3891
3489
3029
2740
2762
2737
2396
2141
1677
1396
1178
612
14
-690
-887
-1252
-1630
-1794
-2218
-2672
-3377
-3501
-3499
-3577
-3652
-4159
-4168
-4188
-3996
-4052
-4186
-3783
-3693
-3420
-3469
-3214
-2960
-3059
-2722
-2535
-2142
-2200
-2181
-1938
-2028
-1997
-2358
-2278
-2240
-2351
-2264
-2329
-2186
-2475
-2676
-2783
-2817
-2769
-2939
-2793
-2666
-2491
-2633
-2707
-2556
-2375
-2143
-2091
-1659
-1573
-1632
-1675
-1458
-1000
-966
-782
-579
-370
338
907
759
-385
-1080
-238
164
151
90
182
230
-619
-545
-776
-1184
-1135
-1300
-606
-658
-658
-1458
-2531
-1901
-1482
-994
-1080
-824
-480
-1144
-690
-124
635
952
1031
1838
2186
2738
2859
2877
3518
3827
4156
4070
4325
4688
4433
4497
4645
4900
4675
4211
4345
4410
4524
4298
3892
3797
3469
3406
3391
3658
3915
3493
3141
2941
3254
3449
3272
3377
3487
3721
3605
3433
3497
3335
3362
3384
3627
3812
3540
3326
2864
2638
2520
2382
2372
2029
1569
792
189
-2
-325
-720
-1255
-1669
-1997
-2482
-2896
-3263
-3611
-3935
-4145
-4080
-4097
-4252
-4544
-4634
-4439
-4280
-4119
-4049
-4016
-3924
-3680
-3233
-2924
-2790
-2700
-2601
-2391
-2292
-2210
-2247
-2305
-2219
-2100
-2056
-2113
-2206
-2359
-2459
-2471
-2496
-2590
-2578
-2501
-2557
-2668
-2655
-2517
-2582
-2536
-2231
-2047
-2005
-2110
-1923
-1871
-1798
-1707
-1619
-1423
-1357
-1168
-989
-795
-490
85
355
-89
-788
-718
-30
184
187
210
358
252
-295
-289
-674
-640
-717
-625
-208
-412
-622
-1673
-1869
-1240
-858
-647
-898
-636
-741
-895
-184
377
907
778
945
1653
2088
2503
2362
2619
3217
3560
3788
3772
4068
4061
3799
3997
4317
4611
4339
4084
4099
4113
4155
3773
3492
3409
3485
3608
3452
3443
3421
3184
2929
2814
3102
3311
3302
3349
3363
3401
3178
2946
2895
2909
3078
3107
3118
3033
2764
2422
2085
1963
1776
1545
1213
906
588
214
-34
-650
-1368
-2023
-2171
-2039
-2336
-2754
-3411
-3681
-3912
-4114
-4109
-4377
-4328
-4381
-4230
-4126
-4240
-4204
-4271
-3862
-3543
-3211
-3075
-3198
-2954
-2794
-2453
-2306
-2197
-2068
-2149
-1994
-1907
-1754
-1706
-1778
-1855
-2102
-2080
-2023
-2163
-2366
-2447
-2303
-2400
-2546
-2538
-2454
-2483
-2613
-2487
-2358
-2225
-2280
-2438
-2386
-2276
-1949
-1956
-1970
-1812
-1748
-1390
-1218
-420
297
18
-561
-1263
-482
294
466
676
386
722
118
-148
-28
-291
159
-225
55
189
-213
-587
-1656
-1173
-658
-464
-378
-871
-596
-809
-548
30
253
767
713
1038
1523
1836
2222
2058
2542
3106
3372
3606
3534
3871
3899
4039
4481
4547
4599
4371
4264
4339
4382
4648
4361
4005
3866
3845
3990
3841
3827
3679
3308
3193
3170
3359
3398
3227
3146
3053
3142
2974
2683
2592
2630
2751
2712
2720
2616
2246
1989
1832
1847
1700
1383
1178
802
496
-27
-271
-412
-895
-1430
-1958
-1800
-2037
-2535
-2919
-3157
-2995
-3343
-3485
-3719
-3982
-3922
-3969
-3552
-3510
-3483
-3591
-3711
-3352
-3213
-2926
-3013
-2802
-2405
-2263
-2080
-2047
-1713
-1659
-1726
-1556
-1341
-1114
-1301
-1367
-1277
-1236
-1235
-1448
-1472
-1416
-1416
-1636
-1896
-1866
-1842
-1923
-2041
-1976
-2019
-2263
-2500
-2397
-2190
-2158
-2215
-2331
-2355
-2276
-2026
-1830
-1529
-1194
-574
-143
-430
-893
-1117
-332
259
415
557
468
587
190
347
416
127
99
-49
460
387
31
-564
-1135
-650
-408
-174
-333
-506
-315
-482
-27
424
785
878
702
1247
1764
2084
2136
2179
2761
3096
3334
3404
3468
3752
3821
4067
4224
4356
4392
4166
4160
4264
4438
4375
4035
3919
3784
3857
3881
3819
3742
3486
3320
3077
2988
3046
3003
2912
2837
2834
2678
2272
2122
2172
2260
2351
2371
2308
1942
1653
1605
1602
1474
1164
885
624
337
42
-164
-385
-807
-1350
-1633
-1556
-1704
-2157
-2663
-2831
-2818
-3025
-3280
-3528
-3711
-3916
-4018
-3767
-3584
-3646
-3905
-4032
-3761
-3498
-3259
-3268
-3221
-2855
-2487
-2216
-2231
-2153
-2029
-1898
-1444
-1074
-854
-921
-1094
-1133
-1167
-954
-821
-932
-1073
-1194
-1214
-1459
-1663
-1786
-1969
-2043
-2139
-2163
-2362
-2548
-2746
-2985
-3026
-2923
-2730
-2714
-2712
-2643
-2569
-2358
-2161
-1862
-1510
-639
-25
-274
-829
-864
69
269
300
531
903
1255
869
982
635
270
366
367
925
852
664
-37
-733
-282
-176
-43
-192
-175
-50
-411
-92
82
164
283
417
994
1196
1419
1544
1529
1953
2229
2592
2735
2785
3046
3140
3493
3695
3649
3578
3492
3757
3861
3932
3882
3563
3452
3294
3402
3409
3279
3075
2695
2615
2576
2541
2435
2270
2261
2169
2015
1883
1807
1897
1899
1853
1830
1768
1548
1189
1149
1271
1240
902
549
476
433
249
0
-146
-164
-382
-793
-1034
-1157
-1303
-1627
-1822
-1855
-2073
-2421
-2726
-2746
-2696
-2783
-2832
-2905
-2958
-3143
-3352
-3237
-3017
-2777
-2739
-2729
-2572
-2423
-2256
-2136
-1886
-1666
-1534
-1398
-1289
-1158
-1248
-1302
-1271
-1199
-1147
-1238
-1240
-1382
-1646
-1896
-1986
-1912
-1984
-2135
-2347
-2557
-2672
-2794
-2858
-2945
-3023
-2977
-2951
-2900
-2835
-2795
-2657
-2406
-2042
-1796
-1687
-1362
-1071
-493
249
701
405
-238
120
1011
1407
1466
1611
1966
1820
1538
1568
1300
1152
1072
1367
1591
1264
674
-295
-490
134
527
447
9
-54
-330
-656
-349
57
334
321
568
1011
1157
1202
1048
1136
1713
2315
2697
2624
2669
2924
3046
3217
3372
3639
3744
3561
3556
3612
3727
3544
3235
3184
3179
3245
3062
2920
2751
2452
2133
1945
2163
2321
2186
1986
1931
1930
1685
1498
1606
1649
1545
1342
1312
1276
1113
1044
907
791
696
566
443
227
243
237
47
-97
-215
-297
-586
-821
-847
-950
-1127
-1370
-1534
-1710
-1835
-1829
-1941
-2070
-2214
-2337
-2346
-2266
-2089
-2061
-2083
-1979
-1785
-1674
-1747
-1689
-1470
-1233
-1043
-1040
-1022
-1100
-1135
-1005
-874
-774
-974
-1211
-1260
-1244
-1242
-1429
-1618
-1801
-2062
-2126
-2161
-2141
-2305
-2587
-2754
-2876
-2880
-3009
-3081
-3014
-2974
-2850
-2760
-2546
-2494
-2544
-2398
-2175
-1836
-1522
-1391
-1116
-288
410
351
-441
-369
471
851
972
1067
1485
1446
1054
1056
793
809
710
729
981
918
800
-152
-619
-253
119
233
-230
-308
-390
-593
-370
-271
63
187
286
495
682
1136
1188
1188
1494
1951
2351
2423
2618
2835
2836
2953
3037
3284
3487
3495
3427
3331
3428
3328
3076
2932
2891
2908
2855
2851
2779
2512
2187
1992
2048
2148
2135
2006
1851
1650
1402
1243
1282
1272
1133
1041
1048
1065
871
682
574
545
529
433
403
355
302
192
-48
-133
-145
-29
-209
-536
-720
-858
-843
-1072
-1138
-1305
-1535
-1565
-1748
-1675
-1820
-1812
-1812
-1961
-1754
-1815
-1773
-1940
-1949
-1691
-1652
-1437
-1524
-1515
-1551
-1555
-1393
-1498
-1371
-1366
-1395
-1417
-1477
-1438
-1697
-1910
-2033
-2005
-1966
-2148
-2244
-2509
-2701
-2848
-2978
-2949
-3130
-3171
-3277
-3323
-3238
-3333
-3303
-3342
-3146
-2867
-2753
-2565
-2505
-2250
-2062
-1829
-1536
-1170
-973
-549
471
801
356
-590
44
868
1099
1424
1341
1640
1045
1008
1242
734
1027
647
919
898
692
585
-698
-421
-176
103
19
-436
-175
-696
-566
-218
-71
365
216
596
815
1112
1474
1101
1420
1792
2291
2679
2678
3001
2948
3035
3283
3289
3564
3396
3345
3370
3434
3684
3336
3133
2942
2895
2981
2877
2968
2793
2504
2259
2051
2235
2185
2120
2046
1867
1844
1624
1577
1496
1396
1499
1449
1556
1508
1426
1341
1160
1275
1238
1269
1249
1094
992
676
709
553
151
-141
-290
-81
-289
-504
-760
-1081
-1172
-1314
-1090
-1204
-1386
-1511
-1741
-1660
-1762
-1715
-1755
-1787
-1750
-1875
-1808
-1819
-1772
-1781
-1835
-1716
-1816
-1946
-2030
-1975
-1976
-2179
-2171
-2156
-2274
-2587
-2696
-2527
-2502
-2675
-2969
-3039
-3052
-3131
-3199
-3261
-3164
-3211
-3274
-3290
-3187
-3058
-3121
-3032
-2839
-2611
-2507
-2487
-2254
-1908
-1568
-1429
-1325
-1052
-920
-824
-675
-412
104
926
1497
1261
491
450
1069
1428
1692
1881
2042
1765
1542
1712
1360
1141
949
1080
1405
1392
1313
445
65
283
521
844
709
712
232
16
522
807
1073
1049
1245
1445
1544
1936
2004
2078
2240
2481
2777
2852
2985
2987
2986
3222
3366
3451
3342
3311
3414
3346
3339
3205
3066
2844
2588
2693
2848
2903
2697
2385
2240
2087
2088
2045
1937
1873
1729
1734
1710
1697
1614
1445
1527
1720
1781
1504
1186
1198
1200
1086
985
985
950
715
375
214
240
136
-134
-397
-511
-584
-779
-978
-1157
-1206
-1353
-1566
-1665
-1781
-1967
-2254
-2346
-2251
-2219
-2388
-2633
-2745
-2733
-2695
-2668
-2781
-2898
-2973
-2986
-2901
-2828
-2878
-3078
-3190
-3188
-3109
-3045
-3084
-3125
-3162
-3168
-3187
-3173
-3137
-3235
-3405
-3479
-3370
-3255
-3283
-3286
-3283
-3325
-3257
-3124
-2963
-2913
-2904
-2772
-2545
-2254
-2012
-1802
-1610
-1433
-1313
-1196
-930
-513
-316
-108
21
358
1141
1593
1511
841
792
1434
1765
2083
2096
2111
1872
1629
1934
1729
1690
1504
1525
1822
1849
1769
904
591
890
1201
1475
1268
1256
919
700
1088
1400
1714
1586
1602
1746
1937
2369
2378
2379
2419
2573
2924
2953
3043
3019
3014
3165
3160
3229
3193
3174
3140
3054
3117
3066
2834
2493
2296
2435
2518
2437
2285
2053
1788
1541
1551
1620
1499
1307
1163
1213
1172
1045
884
730
749
710
673
539
400
289
155
206
117
-86
-335
-528
-562
-635
-654
-808
-1032
-1224
-1305
-1292
-1391
-1552
-1789
-1995
-2126
-2211
-2296
-2469
-2626
-2701
-2758
-2859
-2907
-2975
-3073
-3053
-3056
-3086
-3123
-3107
-3087
-3111
-3074
-2964
-2994
-3188
-3209
-3166
-3139
-3106
-3054
-3039
-3129
-3156
-3155
-3144
-3080
-2976
-2956
-2997
-2963
-2874
-2873
-2843
-2793
-2684
-2531
-2363
-2199
-2229
-2313
-2174
-1825
-1439
-1237
-1154
-1026
-890
-675
-593
-357
16
293
489
541
795
1268
1713
1866
1639
1597
1899
2164
2207
2335
2533
2518
2442
2509
2553
2351
2124
2017
2179
2372
2278
1869
1405
1484
1654
1700
1707
1620
1432
1112
1200
1557
1796
1886
1823
1912
2063
2278
2355
2339
2539
2735
2808
2845
2997
3105
3022
2982
3139
3346
3386
3251
3122
3152
3176
3128
3044
2883
2706
2532
2520
2518
2418
2197
1955
1813
1728
1736
1637
1502
1324
1182
1112
1080
995
762
604
591
710
742
664
505
337
229
173
59
-66
-158
-213
-310
-517
-764
-1051
-1295
-1414
-1473
-1541
-1759
-2003
-2254
-2492
-2680
-2809
-2866
-3108
-3290
-3438
-3486
-3519
-3685
-3784
-3910
-3844
-3764
-3757
-3739
-3879
-3797
-3720
-3572
-3479
-3554
-3425
-3440
-3335
-3244
-3264
-3231
-3164
-2924
-2840
-2830
-2807
-2770
-2582
-2497
-2372
-2332
-2331
-2167
-2080
-1873
-1715
-1657
-1636
-1564
-1270
-1045
-909
-789
-568
-298
-125
78
295
418
519
694
1006
1236
1334
1369
1686
2255
2482
2329
2245
2474
2637
2587
2705
2869
2971
2816
2789
2761
2587
2492
2285
2304
2312
2305
2137
1705
1674
1667
1626
1476
1483
1628
1414
1258
1301
1611
1721
1627
1708
1845
2088
2097
2055
2223
2472
2669
2551
2580
2795
2965
3001
3001
3206
3240
3087
2964
2900
2934
2844
2709
2521
2313
2206
2106
2067
1982
1825
1605
1385
1299
1185
1017
953
877
835
732
685
644
436
351
327
464
500
283
50
-170
-153
-134
-236
-377
-687
-895
-1125
-1240
-1316
-1586
-1822
-2156
-2348
-2484
-2616
-2697
-3026
-3244
-3430
-3524
-3670
-3931
-4010
-4150
-4248
-4310
-4265
-4162
-4316
-4437
-4441
-4304
-4167
-4097
-3976
-3952
-3944
-3936
-3783
-3554
-3406
-3297
-3235
-3126
-3051
-3074
-2946
-2718
-2521
-2518
-2562
-2429
-2365
-2319
-2277
-2133
-1901
-1827
-1716
-1686
-1560
-1366
-1191
-1008
-900
-750
-623
-483
-212
72
267
438
619
781
894
1064
1379
1530
1597
1687
1935
2414
2566
2591
2442
2533
2783
2785
2971
2969
3074
2968
2879
3055
2854
2829
2580
2626
2732
2655
2616
2101
2050
2070
2192
2231
2024
2003
1697
1686
1804
1919
2071
1971
2056
2011
2099
2278
2260
2353
2470
2685
2717
2627
2738
2777
2742
2705
2782
2845
2683
2598
2536
2497
2413
2225
2056
1794
1652
1619
1549
1525
1356
1095
843
725
748
655
533
426
354
278
72
-55
-108
-123
-143
-205
-212
-351
-592
-776
-837
-788
-885
-1130
-1424
-1606
-1651
-1833
-2027
-2248
-2438
-2654
-2857
-2910
-3029
-3263
-3558
-3719
-3748
-3780
-3865
-4004
-4132
-4190
-4288
-4266
-4135
-4022
-4047
-4112
-4004
-3825
-3701
-3649
-3581
-3460
-3305
-3207
-3089
-2927
-2760
-2697
-2678
-2529
-2359
-2248
-2145
-1988
-1846
-1821
-1789
-1713
-1629
-1495
-1388
-1267
-1155
-1045
-881
-825
-825
-727
-494
-213
-66
26
110
269
505
685
940
1149
1305
1452
1559
1824
2050
2194
2272
2333
2552
2710
2846
3071
3258
3277
3074
2991
3174
3314
3363
3284
3284
3303
3199
3159
3019
2923
2821
2763
2818
2683
2597
2474
2380
2385
2316
2379
2264
2174
2149
2212
2354
2371
2430
2398
2402
2435
2444
2499
2493
2557
2566
2544
2538
2477
2416
2349
2386
2411
2339
2201
2037
1913
1822
1738
1642
1453
1236
1082
967
887
713
610
461
334
158
-47
-134
-264
-315
-387
-505
-679
-885
-967
-944
-916
-923
-1092
-1238
-1415
-1605
-1644
-1654
-1705
-2001
-2241
-2345
-2494
-2616
-2838
-2947
-3122
-3275
-3397
-3597
-3598
-3750
-3887
-4013
-4081
-4014
-4140
-4197
-4238
-4204
-4151
-4182
-4088
-4035
-3886
-3828
-3732
-3486
-3381
-3244
-3184
-2997
-2818
-2739
-2589
-2414
-2169
-2038
-1993
-1897
-1736
-1505
-1376
-1260
-1122
-995
-939
-919
-750
-543
-453
-403
-267
-147
-60
16
148
348
525
635
753
895
1090
1169
1295
1494
1680
1813
1834
2046
2253
2380
2428
2465
2616
2683
2718
2795
2931
3070
3007
3013
3111
3175
3054
2901
2974
3056
3002
2923
2791
2768
2687
2616
2511
2323
2317
2208
2143
2127
2132
2102
1882
1831
1817
1812
1805
1720
1692
1580
1593
1544
1470
1467
1453
1474
1438
1478
1483
1413
1396
1353
1353
1326
1231
1180
1083
1030
950
825
769
613
545
410
292
267
124
0
-230
-325
-360
-460
-559
-740
-825
-915
-917
-938
-1049
-1066
-1127
-1116
-1185
-1293
-1401
-1536
-1519
-1597
-1634
-1764
-1973
-2149
-2337
-2327
-2446
-2581
-2732
-2942
-3121
-3344
-3327
-3337
-3431
-3584
-3780
-3790
-3850
-3817
-3817
-3830
-3871
-3930
-3809
-3717
-3590
-3537
-3434
-3293
-3152
-2914
-2810
-2672
-2531
-2396
-2226
-2079
-1843
-1685
-1609
-1539
-1423
-1262
-1111
-957
-846
-792
-755
-685
-562
-423
-328
-263
-242
-122
40
117
163
224
424
576
680
777
892
1029
1112
1299
1479
1647
1738
1766
1904
2067
2295
2408
2514
2635
2667
2734
2761
2870
2962
3038
3067
2961
2957
2928
2963
2946
2946
2957
2809
2731
2638
2620
2617
2529
2493
2403
2402
2337
2231
2148
2059
2083
2003
2010
1947
1855
1766
1644
1706
1707
1704
1654
1522
1490
1437
1504
1501
1409
1385
1327
1326
1240
1166
1109
983
899
788
741
673
523
375
225
198
106
-62
-181
-233
-233
-383
-507
-549
-640
-746
-831
-815
-831
-893
-984
-1074
-1116
-1125
-1140
-1188
-1224
-1288
-1352
-1466
-1500
-1529
-1669
-1829
-1969
-1980
-2060
-2165
-2284
-2412
-2496
-2683
-2671
-2697
-2718
-2821
-2949
-2917
-2968
-2952
-3027
-2996
-2894
-2899
-2831
-2810
-2659
-2608
-2575
-2424
-2311
-2126
-2119
-2025
-1854
-1672
-1499
-1539
-1464
-1371
-1228
-1085
-1048
-946
-966
-895
-802
-675
-529
-533
-513
-521
-402
-301
-229
-117
-7
60
61
166
366
550
636
714
834
986
1123
1244
1392
1545
1657
1754
1883
2074
2237
2329
2431
2524
2652
2694
2668
2708
2730
2850
2855
2824
2809
2734
2765
2695
2732
2809
2723
2686
2565
2633
2607
2525
2518
2431
2495
2415
2387
2383
2328
2339
2203
2142
2137
2086
2096
2013
2038
1986
1880
1845
1768
1737
1587
1525
1517
1386
1260
1075
959
872
737
683
507
376
184
-14
-67
-165
-226
-457
-636
-717
-791
-810
-916
-939
-1011
-1081
-1095
-1143
-1140
-1218
-1260
-1234
-1205
-1184
-1299
-1374
-1439
-1458
-1420
-1456
-1464
-1563
-1679
-1758
-1845
-1829
-1838
-1875
-2014
-2142
-2220
-2315
-2331
-2356
-2362
-2414
-2463
-2490
-2533
-2479
-2502
-2540
-2565
-2525
-2439
-2515
-2487
-2465
-2347
-2293
-2317
-2229
-2235
-2184
-2184
-2088
-1932
-1835
-1761
-1762
-1716
-1649
-1558
-1406
-1329
-1247
-1225
-1203
-1141
-1062
-903
-833
-780
-713
-707
-626
-569
-431
-315
-253
-129
-30
79
147
237
348
467
613
741
848
964
1044
1116
1214
1358
1522
1619
1718
1812
1901
2008
2069
2119
2115
2144
2182
2217
2301
2298
2235
2158
2178
2278
2253
2239
2238
2237
2192
2140
2232
2272
2226
2180
2185
2269
2212
2187
2176
2219
2259
2177
2138
2074
2117
2091
2036
2064
1969
1874
1702
1700
1687
1542
1418
1250
1224
1111
1010
892
716
642
440
331
189
106
25
-207
-311
-437
-447
-562
-736
-811
-908
-962
-1094
-1169
-1219
-1288
-1329
-1407
-1411
-1458
-1540
-1622
-1656
-1638
-1694
-1773
-1806
-1804
-1819
-1849
-1868
-1886
-1938
-1990
-2015
-1980
-1954
-1997
-2048
-2072
-2039
-2050
-2083
-2078
-2058
-2040
-2062
-2065
-2016
-2016
-2039
-2073
-2027
-2001
-2075
-2114
-2094
-2044
-2025
-2047
-2011
-1975
-1923
-1849
-1803
-1710
-1660
-1611
-1545
-1505
-1430
-1367
-1247
-1143
-1061
-1017
-1005
-945
-881
-807
-731
-628
-577
-568
-516
-404
-271
-189
-100
-13
55
119
199
321
411
511
638
772
895
946
1014
1119
1281
1432
1557
1665
1758
1868
1947
2070
2133
2185
2212
2218
2328
2419
2479
2428
2386
2440
2478
2532
2549
2600
2595
2520
2522
2567
2658
2676
2675
2692
2675
2673
2662
2661
2716
2725
2702
2623
2596
2585
2490
2419
2359
2344
2257
2125
2037
1925
1814
1677
1549
1462
1321
1194
1022
916
790
599
452
309
232
41
-140
-252
-338
-418
-586
-724
-837
-963
-1060
-1149
-1175
-1255
-1367
-1444
-1502
-1504
-1562
-1572
-1603
-1648
-1657
-1670
-1603
-1622
-1678
-1710
-1732
-1702
-1711
-1703
-1713
-1718
-1696
-1710
-1722
-1764
-1817
-1865
-1905
-1888
-1890
-1888
-1908
-1954
-2003
-2042
-2025
-2041
-2038
-2037
-2018
-2025
-2077
-2060
-2026
-1975
-1931
-1898
-1858
-1865
-1852
-1802
-1723
-1634
-1560
-1492
-1416
-1339
-1292
-1230
-1121
-1029
-977
-929
-897
-806
-732
-645
-558
-518
-431
-425
-320
-190
-102
-2
30
166
225
318
417
512
648
706
828
919
1016
1104
1146
1279
1389
1490
1569
1654
1735
1766
1860
1959
2056
2081
2093
2162
2208
2262
2302
2322
2354
2387
2451
2501
2510
2525
2515
2536
2575
2633
2645
2603
2599
2637
2653
2606
2545
2533
2522
2481
2436
2417
2349
2246
2120
2065
2030
1941
1835
1702
1598
1504
1394
1269
1154
1052
926
784
669
536
407
259
124
4
-132
-233
-372
-495
-603
-714
-820
-963
-1069
-1193
-1274
-1343
-1390
-1457
-1547
-1631
-1685
-1711
-1743
-1761
-1811
-1851
-1873
-1874
-1869
-1913
-1939
-1973
-1981
-1945
-1924
-1911
-1978
-1977
-1951
-1937
-1931
-1963
-1957
-1981
-2004
-1980
-1977
-1939
-1984
-2011
-1999
-2021
-2036
-2098
-2084
-2072
-2074
-2084
-2116
-2103
-2092
-2084
-2031
-2004
-1967
-1949
-1937
-1869
-1830
-1760
-1729
-1677
-1604
-1560
-1473
-1410
-1324
-1250
-1188
-1097
-1040
-987
-903
-782
-670
-608
-554
-483
-386
-260
-132
-44
4
82
212
363
489
572
614
692
814
979
1135
1218
1275
1336
1459
1580
1704
1786
1843
1947
2031
2158
2238
2283
2324
2365
2491
2580
2648
2652
2644
2679
2648
2696
2701
2736
2731
2670
2658
2605
2608
2550
2502
2487
2428
2385
2304
2274
2228
2133
2068
1989
1937
1875
1832
1792
1721
1621
1519
1448
1379
1323
1250
1152
1046
937
879
802
722
608
456
354
258
183
58
-64
-172
-286
-354
-451
-530
-669
-778
-868
-957
-997
-1107
-1197
-1284
-1329
-1356
-1471
-1542
-1623
-1661
-1674
-1718
-1749
-1809
-1851
-1883
-1919
-1922
-1934
-1958
-2001
-2042
-2026
-2052
-2083
-2115
-2119
-2124
-2179
-2192
-2170
-2144
-2166
-2207
-2221
-2229
-2241
-2246
-2214
-2177
-2186
-2193
-2193
-2130
-2071
-2044
-2004
-1972
-1911
-1874
-1833
-1736
-1657
-1584
-1519
-1430
-1352
-1285
-1205
-1143
-1031
-921
-841
-793
-714
-603
-542
-481
-385
-254
-157
-102
-23
62
167
275
375
536
635
707
789
899
1045
1114
1243
1386
1496
1602
1647
1778
1869
1980
2105
2188
2305
2331
2404
2488
2582
2690
2684
2720
2744
2786
2838
2857
2892
2859
2851
2844
2842
2844
2808
2775
2709
2670
2658
2623
2580
2507
2443
2378
2310
2285
2217
2127
2035
1964
1911
1822
1764
1697
1612
1536
1441
1356
1256
1173
1099
1026
965
864
762
655
579
496
393
303
192
101
-9
-127
-225
-326
-421
-530
-641
-757
-868
-965
-1060
-1161
-1246
-1330
-1415
-1500
-1574
-1625
-1699
-1761
-1826
-1888
-1956
-2021
-2032
-2030
-2060
-2123
-2190
-2208
-2209
-2209
-2228
-2250
-2273
-2318
-2342
-2346
-2335
-2338
-2362
-2381
-2381
-2392
-2419
-2442
-2432
-2412
-2379
-2356
-2344
-2332
-2338
-2308
-2256
-2184
-2123
-2097
-2045
-1989
-1923
-1835
-1765
-1676
-1626
-1552
-1455
-1382
-1302
-1228
-1125
-1033
-935
-852
-773
-690
-595
-498
-391
-281
-192
-120
-33
76
205
313
416
496
600
727
843
971
1056
1150
1248
1364
1500
1609
1706
1784
1866
1970
2082
2169
2223
2274
2360
2453
2514
2553
2585
2619
2638
2667
2706
2728
2711
2688
2690
2682
2642
2600
2573
2555
2506
2447
2396
2346
2306
2244
2206
2135
2051
1945
1843
1804
1759
1693
1585
1488
1429
1337
1244
1165
1107
1045
944
849
774
707
618
520
450
377
286
181
106
47
-40
-138
-236
-319
-408
-513
-611
-677
-767
-882
-990
-1071
-1149
-1261
-1357
-1444
-1505
-1582
-1672
-1757
-1838
-1907
-1965
-2016
-2055
-2119
-2212
-2276
-2306
-2313
-2349
-2393
-2422
-2450
-2463
-2472
-2465
-2472
-2516
-2536
-2526
-2502
-2495
-2501
-2504
-2509
-2493
-2479
-2461
-2422
-2383
-2357
-2338
-2297
-2245
-2193
-2148
-2103
-2044
-1988
-1926
-1841
-1755
-1682
-1624
-1538
-1446
-1354
-1264
-1190
-1093
-1009
-909
-813
-708
-607
-532
-429
-328
-214
-117
-21
94
174
270
377
502
614
710
807
894
993
1103
1233
1346
1442
1535
1625
1718
1812
1919
2011
2087
2170
2243
2317
2384
2442
2514
2584
2645
2686
2723
2762
2776
2804
2833
2853
2848
2835
2833
2820
2802
2780
2752
2708
2653
2612
2566
2512
2445
2390
2315
2244
2175
2107
2026
1935
1851
1756
1679
1599
1516
1437
1346
1249
1145
1057
976
888
792
691
578
477
388
325
240
136
29
-82
-168
-250
-325
-425
-521
-616
-706
-790
-879
-975
-1048
-1122
-1205
-1293
-1392
-1475
-1556
-1610
-1665
-1735
-1816
-1893
-1948
-2010
-2061
-2113
-2159
-2195
-2249
-2273
-2298
-2329
-2368
-2391
-2391
-2396
-2398
-2407
-2406
-2407
-2395
-2374
-2349
-2326
-2314
-2308
-2284
-2246
-2205
-2160
-2122
-2081
-2026
-1962
-1902
-1843
-1776
-1718
-1652
-1582
-1499
-1411
-1325
-1233
-1149
-1061
-968
-870
-775
-670
-558
-453
-352
-261
-153
-41
57
153
255
358
450
537
632
721
798
879
971
1066
1147
1234
1320
1408
1495
1590
1662
1722
1792
1859
1922
1980
2057
2125
2175
2221
2277
2338
2372
2404
2441
2483
2507
2524
2541
2561
2570
2567
2569
2571
2569
2557
2544
2521
2489
2439
2401
2358
2314
2246
2184
2145
2089
2018
1935
1861
1781
1694
1612
1529
1441
1348
1269
1174
1074
971
871
783
694
612
515
405
303
199
102
15
-70
-164
-253
-328
-406
-493
-590
-667
-741
-819
-885
-951
-1019
-1107
-1193
-1240
-1297
-1366
-1441
-1503
-1552
-1623
-1683
-1743
-1804
-1870
-1921
-1954
-1989
-2039
-2094
-2142
-2171
-2200
-2226
-2240
-2263
-2274
-2282
-2278
-2281
-2288
-2289
-2279
-2253
-2216
-2187
-2160
-2145
-2121
-2083
-2041
-1982
-1931
-1897
-1868
-1822
-1766
-1714
-1649
-1581
-1530
-1480
-1417
-1348
-1276
-1210
-1139
-1064
-988
-908
-826
-747
-660
-586
-507
-414
-326
-244
-169
-82
7
90
175
255
330
400
470
547
622
708
773
840
906
972
1042
1098
1163
1232
1295
1341
1386
1449
1513
1573
1625
1657
1693
1739
1788
1843
1882
1919
1949
1970
1992
2025
2058
2079
2087
2090
2093
2093
2096
2090
2081
2056
2029
1996
1960
1921
1884
1855
1806
1742
1675
1618
1557
1492
1429
1366
1282
1193
1113
1038
954
869
790
717
646
557
480
399
316
244
170
100
12
-74
-139
-204
-277
-348
-421
-492
-564
-632
-692
-744
-809
-883
-944
-1010
-1072
-1122
-1175
-1232
-1292
-1349
-1394
-1441
-1494
-1541
-1584
-1626
-1667
-1706
-1733
-1769
-1801
-1830
-1855
-1876
-1895
-1911
-1926
-1934
-1942
-1946
-1939
-1936
-1925
-1911
-1901
-1891
-1875
-1847
-1808
-1779
-1753
-1724
-1689
-1645
-1598
-1552
-1514
-1462
-1404
-1356
-1305
-1256
-1191
-1138
-1074
-1010
-949
-888
-831
-755
-680
-601
-526
-458
-378
-294
-221
-152
-68
25
100
171
245
333
410
474
551
632
706
766
826
898
961
1004
1061
1128
1187
1228
1261
1314
1358
1396
1434
1469
1505
1533
1562
1588
1616
1641
1663
1692
1715
1735
1748
1756
1771
1777
1790
1803
1809
1810
1810
1798
1781
1777
1770
1750
1727
1701
1675
1641
1600
1570
1520
1473
1427
1376
1317
1257
1197
1129
1061
1002
947
879
807
733
667
599
539
474
402
338
274
209
157
100
42
-27
-96
-145
-199
-259
-308
-357
-412
-472
-530
-572
-619
-672
-727
-761
-799
-862
-911
-949
-989
-1033
-1071
-1103
-1146
-1189
-1221
-1256
-1288
-1314
-1333
-1359
-1386
-1410
-1431
-1437
-1441
-1451
-1459
-1482
-1497
-1492
-1475
-1461
-1460
-1452
-1441
-1430
-1425
-1406
-1377
-1352
-1333
-1309
-1279
-1245
-1212
-1180
-1144
-1106
-1068
-1026
-980
-931
-892
-849
-796
-742
-689
-649
-597
-540
-486
-432
-372
-305
-245
-188
-129
-56
-5
48
106
164
222
280
336
382
431
489
543
587
641
684
730
772
820
858
885
914
957
990
1012
1046
1085
1110
1122
1150
1183
1205
1218
1236
1260
1278
1290
1301
1326
1341
1346
1343
1360
1372
1373
1371
1366
1365
1347
1338
1324
1308
1293
1270
1246
1211
1168
1129
1089
1051
1011
973
924
860
805
754
711
661
606
551
490
438
385
335
282
228
180
136
93
37
-11
-53
-95
-133
-170
-212
-257
-298
-336
-374
-418
-446
-486
-528
-572
-605
-634
-666
-702
-745
-776
-805
-830
-860
-886
-909
-927
-954
-981
-1002
-1014
-1023
-1038
-1046
-1061
-1074
-1087
-1086
-1084
-1092
-1100
-1102
-1104
-1106
-1100
-1093
-1085
-1082
-1065
-1048
-1040
-1028
-1015
-986
-954
-935
-923
-902
-871
-846
-817
-783
-750
-729
-710
-675
-642
-607
-579
-541
-505
-476
-433
-399
-360
-317
-276
-238
-201
-165
-130
-93
-46
-3
31
72
106
141
178
225
258
294
331
358
385
414
445
482
510
537
558
576
601
627
660
682
701
722
735
745
757
782
794
803
812
810
819
823
829
838
832
823
818
822
826
813
800
796
789
779
769
754
736
724
704
690
673
662
636
606
591
570
546
515
494
472
442
409
388
363
335
300
280
253
224
198
163
136
98
79
57
30
-3
-31
-47
-71
-98
-118
-145
-172
-206
-231
-244
-271
-300
-323
-342
-366
-398
-421
-436
-459
-483
-501
-519
-537
-559
-576
-588
-602
-614
-624
-637
-645
-647
-653
-660
-666
-659
-664
-659
-657
-656
-656
-651
-635
-622
-612
-604
-583
-571
-559
-552
-537
-508
-490
-477
-461
-441
-425
-414
-399
-372
-354
-344
-325
-300
-275
-256
-241
-217
-196
-177
-154
-132
-111
-96
-74
-48
-23
-7
12
41
63
85
103
123
152
179
202
224
250
270
291
309
330
355
374
394
412
437
458
479
487
499
516
521
532
547
565
570
566
574
588
591
593
595
599
589
582
584
589
589
575
567
565
562
555
549
551
544
526
512
507
504
494
481
472
457
444
433
415
400
375
362
351
334
317
297
277
262
242
219
196
177
159
133
113
97
80
57
35
21
-5
-30
-50
-64
-79
-99
-116
-141
-165
-189
-204
-211
-235
-258
-287
-297
-312
-335
-351
-369
-386
-409
-420
-431
-444
-454
-468
-482
-492
-499
-507
-516
-521
-523
-521
-520
-518
-522
-529
-532
-522
-515
-509
-505
-503
-488
-478
-476
-474
-463
-450
-440
-434
-422
-407
-399
-397
-386
-365
-351
-346
-340
-323
-309
-298
-285
-267
-261
-243
-228
-220
-207
-197
-175
-161
-134
-119
-106
-88
-65
-50
-35
-12
3
21
35
63
81
98
120
136
157
174
191
202
220
238
257
275
288
300
315
328
348
363
373
383
396
408
417
423
438
455
460
456
453
466
473
469
471
479
472
463
463
472
469
458
449
446
446
436
427
418
418
413
397
384
374
364
347
337
330
314
295
276
265
249
232
215
195
179
164
139
118
106
88
69
39
24
13
-11
-27
-43
-57
-77
-99
-110
-129
-149
-165
-179
-194
-220
-239
-252
-273
-295
-308
-321
-341
-365
-379
-390
-409
-425
-436
-452
-465
-482
-492
-493
-503
-511
-519
-527
-527
-526
-526
-523
-526
-525
-516
-513
-507
-493
-484
-477
-468
-450
-440
-431
-414
-404
-392
-381
-365
-351
-339
-325
-313
-304
-287
-270
-251
-247
-237
-215
-203
-192
-178
-159
-144
-132
-119
-103
-85
-69
-54
-36
-17
2
15
30
49
71
94
107
122
135
152
174
187
204
222
235
255
268
286
299
306
325
338
347
355
365
374
376
385
388
389
390
400
411
414
412
414
420
421
423
424
427
431
431
431
419
418
421
415
415
415
414
405
400
394
394
390
378
373
365
356
348
340
331
320
309
293
282
275
261
238
221
212
200
186
170
150
132
125
111
89
70
62
45
25
11
-2
-20
-38
-54
-73
-95
-111
-127
-145
-155
-179
-200
-225
-241
-257
-276
-288
-308
-329
-349
-363
-374
-388
-398
-406
-418
-423
-428
-444
-459
-461
-453
-457
-461
-461
-455
-451
-451
-449
-443
-438
-430
-423
-410
-404
-399
-395
-386
-371
-359
-347
-349
-343
-325
-308
-299
-288
-278
-263
-252
-236
-218
-210
-199
-188
-173
-158
-142
-123
-107
-96
-84
-64
-44
-33
-22
1
26
41
54
72
89
96
114
135
153
168
178
201
219
231
243
260
277
293
302
318
341
353
356
359
376
389
398
405
414
424
431
433
438
439
447
454
456
456
450
450
448
449
446
443
435
428
427
417
404
397
390
383
372
359
350
343
328
306
291
281
263
249
232
218
204
187
175
160
139
126
120
105
87
66
47
31
21
7
-7
-19
-36
-53
-73
-85
-97
-112
-121
-131
-149
-167
-178
-187
-205
-223
-237
-247
-257
-270
-278
-299
-314
-324
-341
-349
-356
-365
-375
-385
-390
-405
-418
-426
-431
-437
-437
-434
-435
-435
-434
-431
-428
-417
-407
-396
-387
-384
-371
-358
-347
-335
-324
-315
-298
-284
-273
-260
-249
-237
-225
-212
-206
-196
-180
-172
-160
-140
-129
-127
-114
-96
-89
-77
-63
-49
-38
-24
-12
3
8
17
32
41
53
61
75
90
98
109
114
120
130
140
163
176
183
190
198
208
218
229
236
248
255
264
266
279
287
294
299
303
315
310
313
322
331
331
330
333
339
334
330
331
332
330
325
320
316
314
305
298
291
286
279
270
262
253
243
235
220
206
199
184
171
158
150
134
123
113
100
89
76
62
52
40
30
17
1
-13
-27
-37
-46
-59
-72
-82
-95
-109
-121
-134
-144
-157
-167
-182
-193
-203
-213
-222
-235
-244
-249
-258
-268
-283
-288
-294
-300
-304
-312
-317
-322
-323
-332
-331
-332
-335
-338
-339
-338
-335
-333
-328
-325
-324
-316
-307
-301
-298
-285
-277
-267
-262
-256
-246
-236
-228
-210
-202
-194
-178
-171
-156
-145
-135
-123
-108
-97
-89
-75
-59
-50
-43
-31
-17
-5
5
15
26
41
50
62
72
84
92
101
110
112
120
132
142
152
157
162
167
178
186
188
194
205
210
213
225
236
234
237
244
247
252
254
258
258
265
270
273
279
278
271
271
276
276
269
269
273
261
260
261
255
247
234
229
222
213
205
197
188
179
175
168
159
149
130
119
116
110
103
93
88
76
59
55
48
37
29
19
8
-7
-14
-14
-21
-32
-43
-51
-56
-64
-75
-83
-90
-101
-109
-115
-115
-124
-140
-142
-144
-150
-155
-160
-161
-170
-180
-183
-188
-189
-186
-186
-189
-196
-209
-204
-207
-208
-208
-211
-215
-215
-211
-208
-209
-209
-205
-208
-199
-195
-189
-183
-180
-184
-181
-172
-167
-163
-156
-147
-139
-131
-127
-120
-117
-109
-105
-92
-79
-74
-64
-59
-49
-35
-29
-19
-4
5
11
17
28
33
38
50
60
61
67
73
78
91
93
98
103
109
108
112
118
112
113
118
121
122
124
130
130
130
132
134
137
141
147
144
144
150
151
154
156
160
162
165
168
168
171
176
175
171
172
173
171
163
157
160
164
159
155
147
145
139
134
132
121
113
116
106
100
89
80
80
74
64
57
50
45
41
23
22
17
12
0
-7
-15
-25
-28
-33
-34
-47
-52
-53
-62
-71
-73
-80
-86
-94
-100
-109
-115
-122
-127
-135
-142
-138
-142
-148
-156
-161
-162
-163
-165
-162
-168
-175
-174
-177
-173
-178
-179
-175
-170
-173
-174
-168
-161
-167
-172
-165
-162
-163
-161
-152
-152
-158
-153
-143
-134
-136
-136
-127
-116
-110
-105
-98
-92
-90
-83
-73
-63
-56
-53
-42
-31
-30
-21
-7
-4
0
8
21
28
29
36
42
44
49
55
64
67
68
73
79
85
89
91
93
100
103
104
109
112
116
115
114
121
121
122
126
127
124
127
130
134
132
138
134
133
132
135
138
141
145
141
139
134
132
136
135
132
125
120
122
116
114
116
111
104
105
101
94
88
88
85
73
67
63
59
48
44
42
39
30
19
13
10
0
-2
-4
-12
-19
-28
-31
-39
-40
-47
-53
-50
-52
-55
-59
-63
-64
-69
-73
-74
-83
-89
-91
-94
-96
-92
-93
-101
-106
-109
-109
-111
-111
-115
-122
-124
-123
-118
-122
-123
-119
-119
-119
-120
-121
-117
-112
-107
-112
-109
-99
-104
-104
-97
-91
-89
-88
-87
-86
-84
-79
-76
-71
-67
-65
-67
-57
-48
-42
-45
-43
-34
-33
-32
-27
-22
-17
-10
-5
1
4
8
11
14
23
29
32
38
45
44
55
60
65
64
69
75
78
83
85
86
82
81
84
91
86
91
90
91
101
92
94
86
88
91
93
95
88
89
91
95
87
88
90
91
93
91
86
84
87
88
90
92
93
93
94
91
91
86
90
96
96
89
83
87
82
79
76
79
73
69
65
66
54
45
44
37
31
21
20
10
5
-4
-12
-17
-20
-28
-34
-34
-43
-48
-50
-50
-57
-68
-68
-63
-67
-72
-71
-75
-76
-84
-85
-83
-86
-90
-92
-90
-90
-92
-95
-93
-96
-94
-96
-99
-97
-98
-100
-98
-94
-93
-96
-93
-86
-85
-87
-88
-83
-79
-80
-78
-75
-73
-73
-72
-71
-68
-64
-61
-55
-53
-55
-53
-50
-50
-49
-45
-40
-34
-30
-25
-23
-20
-18
-13
-3
-9
-4
3
3
11
8
14
18
15
23
29
29
35
36
39
43
45
53
49
52
55
57
59
60
61
56
59
60
64
65
64
64
63
65
63
66
63
61
60
59
64
61
60
65
70
71
71
71
68
71
73
72
70
68
73
71
70
69
66
64
59
64
63
62
56
51
51
50
47
47
45
40
34
28
29
24
20
13
11
14
8
2
-2
-1
-6
-14
-18
-20
-21
-29
-31
-29
-36
-34
-34
-36
-39
-44
-46
-52
-52
-57
-63
-58
-58
-65
-67
-63
-62
-67
-76
-74
-73
-75
-78
-78
-81
-84
-81
-82
-83
-85
-80
-81
-85
-83
-81
-83
-76
-74
-73
-67
-70
-69
-64
-63
-61
-56
-53
-51
-52
-44
-43
-48
-44
-40
-44
-40
-31
-25
-24
-24
-20
-21
-22
-19
-14
-10
-14
-15
-4
5
6
9
13
16
20
24
30
37
39
39
43
50
49
51
55
59
58
59
64
65
67
68
64
63
59
55
54
54
55
53
54
52
53
47
51
50
51
52
45
53
51
50
48
48
46
46
49
53
51
50
55
53
49
53
53
54
54
49
47
45
42
39
39
36
33
29
31
30
23
20
17
21
16
12
10
4
8
7
6
5
3
-1
-1
-3
-5
-6
-13
-19
-17
-19
-24
-24
-21
-26
-30
-33
-31
-32
-36
-38
-31
-32
-37
-39
-40
-42
-45
-47
-43
-43
-48
-51
-48
-44
-48
-51
-51
-46
-53
-52
-51
-47
-49
-50
-45
-48
-45
-43
-40
-41
-40
-34
-38
-40
-41
-44
-35
-38
-38
-35
-36
-33
-34
-33
-35
-37
-32
-26
-27
-25
-23
-27
-18
-16
-6
-11
-12
-8
-11
-6
-3
8
7
5
10
17
16
10
19
26
25
22
24
28
27
25
31
35
34
30
37
40
32
35
38
39
32
37
36
37
41
44
43
41
46
40
41
40
39
39
44
44
42
46
44
49
43
44
46
48
49
47
45
45
43
36
41
37
39
36
33
38
33
30
22
19
19
22
20
21
14
9
6
3
4
4
6
-1
-3
-5
-7
-7
-3
-5
-4
-6
-9
-7
-10
-7
-10
-11
-12
-14
-14
-11
-12
-18
-16
-13
-16
-25
-27
-25
-27
-27
-28
-29
-32
-33
-38
-42
-44
-43
-48
-53
-49
-49
-47
-49
-49
-45
-50
-55
-51
-45
-46
-47
-46
-44
-40
-43
-41
-35
-32
-30
-31
-24
-23
-23
-23
-21
-18
-14
-10
-7
-5
-5
-1
-2
-2
-2
-3
-1
-3
0
1
4
5
4
9
3
5
8
5
9
10
10
12
12
14
12
16
15
12
15
12
13
20
19
21
20
20
19
16
19
20
24
24
27
27
28
27
26
31
29
26
25
28
29
26
26
26
25
19
19
21
17
17
17
18
17
19
17
13
12
9
5
6
7
6
4
10
10
6
7
6
5
7
7
4
6
4
7
6
4
8
5
5
5
6
5
4
2
7
1
1
4
-3
-5
-2
-3
-7
-6
-8
-10
-12
-11
-13
-16
-19
-14
-17
-18
-15
-18
-15
-21
-22
-18
-16
-22
-22
-19
-20
-19
-18
-20
-19
-20
-21
-19
-20
-20
-19
-15
-15
-15
-19
-20
-19
-23
-19
-17
-17
-16
-18
-15
-15
-16
-14
-15
-18
-15
-16
-15
-12
-12
-6
-8
-4
-5
-9
-6
-3
-4
-2
2
-1
0
1
4
7
7
3
4
8
6
9
6
10
8
5
10
7
7
10
11
13
14
13
14
15
14
17
20
19
20
20
22
20
15
20
24
21
20
18
19
16
19
18
16
16
11
13
14
13
11
9
7
8
10
8
7
6
5
6
8
8
10
10
10
9
9
8
6
6
7
5
5
8
6
6
2
1
5
3
0
0
4
3
-2
-3
-1
-1
-7
-5
-1
-3
-5
-1
-3
-6
-8
-6
-5
-5
-8
-7
-6
-12
-10
-11
-9
-10
-11
-8
-11
-11
-9
-11
-9
-9
-9
-6
-8
-10
-12
-15
-14
-11
-11
-9
-7
-8
-8
-12
-12
-13
-14
-9
-13
-10
-7
-9
-10
-10
-7
-8
-16
-10
-7
-8
-10
-10
-4
-2
-2
-1
4
3
0
-2
6
5
2
-2
-1
-1
-4
0
4
6
0
-3
-2
-5
-5
-1
1
2
5
2
2
1
2
0
2
4
6
11
9
9
8
7
8
8
9
9
10
12
13
15
12
11
7
6
7
8
10
10
9
10
10
9
8
4
4
3
8
3
6
9
4
4
2
4
2
5
6
2
4
3
1
-1
4
7
1
0
4
5
5
4
6
5
5
3
5
4
1
3
3
3
4
3
1
0
-2
2
1
-1
-1
-1
-2
1
0
-3
-1
-5
-8
-7
-9
-7
-10
-8
-8
-10
-7
-8
-9
-11
-13
-14
-15
-13
-13
-14
-12
-13
-10
-11
-10
-11
-13
-13
-11
-8
-10
-10
-6
-7
-11
-14
-7
-6
-9
-5
-3
-1
2
0
0
-2
-4
-4
-3
-2
-1
0
2
3
2
4
4
2
4
4
6
3
3
4
1
0
0
2
1
2
6
1
3
7
4
4
2
3
4
4
7
9
9
9
8
10
8
9
7
7
11
6
9
8
8
8
7
8
5
4
4
5
4
6
5
0
1
0
-1
-1
-3
-3
-4
-3
-3
-3
-1
-3
-2
-1
-1
-1
2
2
2
3
3
1
1
4
5
5
5
5
4
3
4
6
4
4
4
5
5
2
1
4
0
1
5
4
2
2
2
1
1
0
-1
-2
-1
-1
-3
-4
-2
-3
-4
-3
-3
-7
-5
-7
-8
-8
-7
-9
-6
-7
-6
-5
-7
-5
-7
-6
-6
-4
-3
-6
-5
-4
-4
-7
-6
-4
-4
-8
-5
-3
-3
-5
-4
-2
-3
-6
-6
-5
-6
-5
-7
-4
-3
-3
-6
-6
-6
-5
-2
-4
0
0
-2
-1
-2
1
-1
-2
0
3
4
2
3
2
2
3
4
5
4
5
4
5
6
7
8
5
5
5
5
4
2
4
5
3
5
3
5
5
6
9
8
9
7
7
6
6
7
7
9
7
8
5
5
2
3
2
2
1
2
2
0
2
-1
-1
-2
-1
0
-4
-5
-2
-3
-4
-1
-2
-1
-2
-1
0
-2
2
0
-1
2
-1
-2
-4
-2
-3
-4
-4
-3
-1
-2
-1
1
-1
-1
-1
-3
0
-1
-3
-2
-3
-2
0
-3
-1
-4
-4
-1
-3
0
-3
-2
0
-2
-2
-3
-1
-1
-2
-3
-2
-1
-3
-3
0
-2
0
0
-1
0
-2
-2
0
0
1
3
-1
1
-1
0
0
1
3
0
1
0
3
1
2
3
2
4
3
2
2
2
1
1
0
0
-1
0
1
0
-2
-2
-1
0
0
0
1
1
2
-1
0
1
1
1
0
1
1
0
0
0
1
0
-1
1
-1
-1
-1
0
2
2
-1
-1
-2
0
-2
-1
-3
-2
-1
-3
-1
-3
-3
-4
-2
-2
-3
-3
-4
0
0
-2
-2
-1
1
2
0
1
1
0
1
2
3
2
1
3
4
3
2
3
4
4
2
1
