6
6
6
5
7
7
6
5
4
3
5
3
3
2
0
0
-2
-1
-4
-3
-3
-2
-2
-4
-5
-5
-6
-6
-5
-7
-9
-9
-10
-10
-12
-12
-11
-12
-11
-11
-11
-10
-10
-9
-9
-8
-7
-6
-5
-5
-4
-4
-3
-2
-1
-1
0
-2
0
0
1
2
1
0
-1
-1
0
1
1
3
4
5
6
7
5
7
7
8
9
10
9
8
8
8
7
6
6
6
6
6
5
4
3
3
1
1
0
0
-1
-2
-2
-1
-1
-3
-3
-3
-5
-6
-7
-9
-9
-8
-6
-6
-7
-8
-9
-9
-10
-9
-9
-9
-9
-8
-8
-7
-9
-6
-6
-5
-3
-3
-3
-2
-2
-1
0
1
2
3
3
3
4
5
5
7
7
8
10
11
12
12
11
10
10
9
9
11
11
12
12
11
11
11
10
9
9
8
7
5
5
5
3
2
1
0
-2
-1
-4
-3
-3
-4
-5
-6
-7
-7
-7
-8
-7
-4
-5
-5
-6
-5
-5
-5
-4
-6
-6
-6
-7
-6
-5
-5
-5
-6
-6
-7
-5
-6
-6
-6
-6
-6
-5
-6
-6
-7
-7
-5
-4
-2
-1
0
0
0
0
2
3
2
3
6
7
6
6
5
6
8
8
9
9
9
9
7
6
5
4
2
1
2
3
2
2
1
1
2
3
2
3
0
1
1
0
0
1
0
0
-1
-1
-2
-2
-2
-3
-4
-4
-4
-6
-5
-5
-6
-6
-6
-6
-8
-7
-7
-5
-5
-4
-4
-2
-1
-1
-1
-1
-1
-1
-1
1
2
3
3
2
2
1
1
1
0
1
2
3
3
4
3
3
2
1
2
3
4
4
5
7
8
9
8
8
9
9
9
9
8
8
9
7
6
7
5
4
5
3
5
5
3
3
2
0
-3
-2
-4
-3
-2
-3
-3
-4
-5
-6
-6
-6
-6
-6
-6
-6
-6
-8
-9
-11
-12
-12
-12
-11
-11
-10
-10
-9
-11
-13
-14
-13
-13
-10
-9
-9
-9
-9
-7
-6
-7
-6
-5
-3
-1
0
1
1
3
3
5
6
6
8
9
10
10
10
10
9
10
9
10
11
12
12
12
12
11
10
8
7
7
6
6
7
7
10
9
10
11
10
10
11
12
9
9
6
5
4
3
1
-1
-4
-5
-7
-8
-10
-12
-14
-17
-17
-18
-20
-20
-21
-21
-22
-21
-20
-21
-21
-20
-17
-15
-13
-12
-11
-10
-8
-8
-6
-5
-4
-2
0
2
3
7
8
9
12
13
15
17
19
21
25
25
25
28
28
29
29
30
32
33
32
31
30
29
27
27
26
24
22
18
16
14
14
12
10
8
5
2
-1
-5
-7
-10
-12
-16
-18
-20
-23
-26
-28
-31
-34
-38
-41
-44
-47
-49
-50
-50
-51
-49
-50
-50
-50
-50
-48
-47
-45
-43
-42
-38
-35
-31
-29
-25
-19
-15
-10
-6
0
4
9
14
20
24
28
32
35
38
41
44
48
51
55
57
59
60
62
61
63
62
61
60
56
56
55
55
54
49
49
47
45
41
37
36
34
32
29
26
21
15
11
9
4
-1
-8
-15
-19
-24
-30
-35
-41
-46
-51
-57
-62
-67
-74
-79
-84
-87
-93
-95
-97
-99
-98
-97
-95
-92
-89
-84
-82
-77
-71
-66
-60
-54
-47
-42
-33
-26
-19
-11
-3
5
13
22
29
36
43
50
56
61
65
70
73
76
81
86
90
92
95
97
100
102
103
105
106
106
105
104
101
100
99
96
92
88
84
79
73
67
60
52
44
37
29
22
12
3
-7
-17
-28
-38
-48
-58
-68
-76
-86
-94
-99
-107
-113
-118
-125
-130
-135
-138
-143
-146
-148
-149
-148
-148
-146
-144
-139
-133
-128
-124
-118
-112
-105
-98
-93
-83
-75
-66
-55
-45
-33
-20
-8
4
15
28
41
54
67
81
92
102
113
121
129
135
142
151
157
163
168
172
173
177
178
177
175
170
168
162
157
152
146
138
131
124
117
108
101
91
85
76
67
58
46
34
22
9
-4
-18
-32
-46
-61
-74
-89
-102
-115
-128
-138
-147
-156
-167
-172
-180
-187
-193
-197
-201
-204
-205
-204
-201
-199
-194
-188
-183
-175
-167
-157
-147
-134
-123
-113
-101
-90
-80
-68
-55
-41
-25
-9
7
25
42
60
76
94
109
123
138
150
160
170
179
188
193
200
206
210
212
213
215
215
214
211
205
199
192
184
176
164
152
140
128
119
109
97
86
76
64
53
42
29
15
1
-15
-30
-46
-65
-82
-99
-113
-128
-142
-155
-168
-180
-188
-195
-203
-211
-217
-222
-225
-229
-229
-231
-229
-227
-223
-217
-211
-205
-197
-185
-174
-162
-150
-138
-126
-112
-99
-88
-75
-61
-46
-32
-18
-4
12
27
44
62
79
97
113
128
142
154
167
179
190
200
210
217
224
228
233
236
239
239
239
236
234
230
224
218
210
202
189
177
163
149
138
124
112
98
83
68
54
38
22
6
-10
-27
-43
-59
-80
-98
-116
-133
-147
-162
-175
-188
-199
-209
-217
-223
-227
-229
-232
-234
-235
-235
-233
-230
-226
-221
-213
-206
-195
-185
-170
-157
-145
-130
-119
-105
-91
-76
-60
-43
-29
-12
4
18
33
50
66
83
98
111
125
139
150
161
174
184
194
200
206
209
214
215
217
219
218
218
218
215
210
205
198
193
184
173
165
155
145
134
120
107
93
80
65
49
33
13
-1
-18
-35
-50
-70
-87
-105
-120
-136
-152
-166
-181
-193
-209
-219
-231
-236
-242
-245
-249
-251
-253
-256
-252
-249
-245
-238
-234
-224
-218
-206
-199
-187
-171
-159
-140
-128
-108
-96
-74
-57
-40
-23
-7
13
28
45
57
76
91
106
125
139
157
169
181
195
207
221
225
238
243
247
251
253
256
258
260
260
257
253
248
242
233
227
216
208
198
185
173
156
143
127
110
97
78
62
44
28
12
-6
-23
-39
-54
-74
-91
-106
-126
-140
-156
-171
-186
-198
-209
-222
-229
-239
-245
-250
-254
-257
-259
-256
-259
-257
-255
-249
-243
-234
-228
-220
-208
-198
-185
-177
-160
-146
-128
-114
-103
-87
-75
-54
-41
-26
-10
6
22
36
50
65
81
99
111
129
145
157
171
184
199
212
226
234
244
252
258
269
270
275
276
276
275
269
264
254
248
239
226
218
199
186
168
158
142
124
108
88
71
47
30
10
-12
-33
-54
-70
-97
-112
-133
-153
-166
-190
-201
-221
-232
-255
-260
-269
-278
-285
-306
-293
-311
-302
-320
-302
-302
-306
-287
-299
-267
-276
-252
-260
-230
-220
-214
-184
-188
-160
-154
-128
-123
-99
-83
-64
-26
-18
3
31
60
77
97
123
141
170
186
200
236
256
275
297
326
350
365
379
399
417
430
432
433
435
431
429
420
412
401
388
368
354
335
313
294
267
244
220
190
150
124
92
67
28
-16
-41
-83
-95
-143
-175
-195
-226
-241
-282
-296
-333
-334
-360
-395
-395
-447
-419
-463
-461
-468
-485
-440
-483
-452
-467
-418
-407
-409
-388
-393
-325
-339
-329
-320
-271
-240
-247
-227
-204
-155
-128
-143
-95
-55
-12
-16
10
70
80
122
108
163
197
230
212
259
306
329
327
349
412
425
446
423
478
504
501
493
488
511
510
479
466
464
459
429
412
407
382
354
322
298
286
251
183
169
142
100
40
-3
-28
-41
-76
-175
-138
-188
-182
-251
-294
-277
-290
-304
-427
-374
-399
-377
-437
-507
-445
-447
-430
-500
-476
-452
-433
-398
-476
-389
-383
-362
-335
-371
-327
-300
-252
-270
-259
-236
-179
-106
-185
-128
-85
-14
-2
-37
29
47
134
71
116
141
200
197
192
247
260
325
310
336
400
396
405
416
464
458
460
466
459
518
446
474
445
464
467
416
407
387
403
363
327
301
284
267
200
179
136
121
81
10
5
-33
-57
-125
-139
-176
-206
-228
-272
-286
-323
-353
-382
-395
-430
-450
-475
-472
-463
-523
-488
-530
-464
-517
-527
-449
-515
-451
-481
-474
-391
-444
-397
-404
-352
-313
-378
-243
-263
-166
-242
-103
-149
-23
-27
-139
110
54
99
89
151
114
306
258
155
338
357
368
388
339
463
529
440
466
513
541
559
550
481
575
596
523
516
545
521
499
504
462
455
417
376
389
342
257
232
240
234
100
39
69
67
7
-130
-129
-114
-106
-242
-323
-253
-282
-269
-399
-481
-385
-374
-441
-532
-548
-450
-424
-522
-626
-485
-462
-506
-500
-588
-467
-409
-488
-532
-443
-320
-439
-411
-372
-297
-300
-302
-266
-195
-139
-229
-132
-92
-23
-90
-8
31
96
127
88
139
200
248
239
249
323
332
380
379
341
480
441
467
437
497
498
528
522
470
548
543
519
504
484
480
520
455
421
410
411
361
327
291
274
278
186
161
158
116
78
27
-10
-9
-59
-142
-162
-160
-201
-236
-300
-285
-304
-374
-371
-398
-409
-415
-406
-434
-434
-462
-485
-412
-441
-487
-479
-422
-433
-478
-415
-427
-386
-434
-396
-351
-375
-314
-311
-260
-330
-224
-187
-202
-202
-149
-117
-84
-49
-91
4
44
19
40
160
153
72
230
226
257
317
188
359
392
385
282
392
504
408
454
397
538
543
433
463
513
572
476
430
488
517
510
382
392
424
396
344
279
304
282
231
163
129
162
101
14
-33
-28
-7
-90
-170
-170
-168
-199
-268
-289
-265
-310
-346
-359
-356
-408
-401
-428
-446
-408
-442
-511
-434
-460
-506
-439
-439
-474
-518
-445
-427
-406
-456
-448
-339
-361
-397
-380
-292
-226
-396
-247
-189
-120
-152
-297
-85
7
72
-141
-32
162
99
125
82
231
288
244
268
285
430
396
352
402
505
597
460
460
489
604
626
520
541
573
636
527
492
545
570
548
408
462
534
450
347
296
376
391
251
162
170
176
127
59
15
14
-5
-102
-146
-137
-198
-192
-243
-266
-264
-387
-384
-393
-420
-401
-457
-504
-530
-526
-553
-592
-573
-581
-534
-646
-650
-551
-651
-621
-572
-570
-539
-584
-605
-554
-449
-448
-443
-398
-402
-358
-327
-253
-192
-218
-102
-43
-49
-1
0
145
237
213
205
303
375
365
407
462
580
618
521
564
673
720
738
685
736
796
796
710
720
792
795
780
676
676
719
676
623
549
572
575
468
402
356
382
306
234
192
153
113
-34
-50
-49
-90
-156
-291
-296
-322
-398
-433
-497
-521
-580
-622
-660
-666
-722
-780
-789
-833
-774
-746
-882
-940
-893
-793
-756
-885
-935
-781
-699
-814
-821
-772
-628
-530
-602
-596
-525
-433
-382
-349
-246
-120
-67
-103
-40
80
222
286
268
357
487
559
556
574
676
838
841
812
852
887
902
903
970
1033
1019
920
897
974
982
939
871
859
904
841
740
703
704
676
614
525
468
432
333
275
222
158
109
18
-83
-162
-197
-265
-340
-428
-510
-553
-624
-674
-741
-815
-836
-871
-910
-954
-1021
-1017
-1030
-1064
-1063
-1052
-1040
-1051
-1079
-1052
-961
-954
-964
-913
-822
-794
-782
-733
-610
-504
-517
-469
-335
-205
-157
-114
-11
159
243
254
295
450
580
627
657
746
874
899
896
913
1037
1135
1110
1065
1080
1145
1138
1088
1068
1092
1134
1062
988
961
947
923
853
816
779
735
645
548
502
460
399
297
218
152
59
-22
-109
-179
-246
-342
-427
-508
-597
-664
-727
-798
-862
-913
-972
-1036
-1082
-1116
-1119
-1157
-1189
-1198
-1211
-1189
-1180
-1205
-1174
-1141
-1108
-1072
-1050
-975
-909
-835
-789
-708
-608
-529
-456
-372
-232
-117
-48
35
119
242
378
440
527
600
682
738
794
866
926
996
1004
1012
1019
1027
1043
1057
1069
1091
1057
993
956
961
995
989
933
875
850
809
772
741
691
655
601
510
452
396
333
261
181
106
42
-33
-124
-205
-277
-343
-413
-503
-574
-633
-688
-732
-795
-853
-896
-929
-950
-963
-1023
-1046
-1067
-1073
-1082
-1076
-1043
-1020
-992
-1013
-996
-946
-863
-799
-749
-683
-582
-499
-426
-361
-270
-140
-13
76
146
213
303
387
449
526
614
705
712
702
710
756
793
794
799
823
832
798
728
717
761
793
784
728
690
640
629
641
636
614
573
529
485
447
420
398
372
306
230
160
120
80
17
-50
-98
-132
-218
-307
-365
-387
-399
-464
-556
-616
-630
-638
-669
-709
-740
-769
-828
-868
-831
-773
-754
-791
-849
-847
-788
-721
-662
-617
-552
-506
-478
-454
-398
-278
-123
-7
25
29
42
109
201
315
429
505
469
400
396
462
554
601
619
613
589
520
473
493
570
622
606
550
477
421
393
438
494
509
444
349
294
301
313
298
261
241
201
147
86
54
56
32
-8
-59
-89
-139
-207
-249
-241
-232
-279
-359
-418
-403
-392
-418
-457
-497
-492
-525
-501
-495
-466
-484
-524
-536
-502
-413
-376
-338
-327
-262
-218
-202
-184
-96
45
153
154
107
100
166
247
325
390
395
363
281
253
300
372
403
368
311
266
215
186
201
261
305
290
200
117
96
128
181
202
177
127
58
20
36
70
72
39
-6
-44
-61
-98
-117
-125
-136
-165
-201
-249
-276
-293
-290
-289
-332
-386
-407
-380
-349
-346
-375
-418
-424
-418
-361
-282
-242
-245
-312
-325
-274
-153
-55
-8
18
44
85
79
114
219
386
506
482
393
359
431
536
640
679
676
591
475
417
448
540
570
518
401
300
226
184
197
235
244
194
63
-45
-94
-52
16
14
-45
-150
-221
-251
-215
-180
-180
-226
-301
-344
-354
-344
-343
-368
-400
-433
-455
-484
-487
-476
-456
-464
-519
-550
-547
-494
-450
-438
-449
-474
-484
-471
-386
-276
-210
-218
-278
-270
-197
-47
90
157
177
197
245
274
324
448
630
752
714
599
563
664
815
894
905
860
769
644
576
634
753
776
640
463
353
323
321
313
320
297
204
40
-72
-55
34
80
11
-98
-196
-259
-275
-235
-187
-199
-304
-428
-475
-444
-406
-418
-476
-534
-589
-637
-667
-646
-612
-601
-649
-742
-761
-743
-677
-643
-630
-627
-655
-678
-684
-566
-434
-332
-358
-425
-411
-298
-125
-13
81
138
199
201
218
333
564
771
793
687
613
696
844
957
1002
1006
948
817
693
693
813
895
826
640
476
402
388
399
415
414
334
175
22
-12
69
156
142
38
-83
-162
-177
-148
-99
-91
-162
-282
-365
-365
-328
-324
-367
-426
-481
-547
-609
-621
-576
-545
-590
-706
-776
-749
-687
-658
-676
-677
-679
-713
-750
-685
-516
-392
-404
-509
-517
-406
-244
-135
-50
63
133
122
74
192
455
714
744
621
549
620
765
863
936
977
952
808
659
651
778
878
827
672
542
444
384
375
435
493
429
258
87
56
130
200
195
120
22
-60
-96
-68
-20
-20
-107
-219
-270
-252
-232
-262
-322
-362
-395
-451
-523
-544
-516
-491
-549
-646
-710
-701
-652
-635
-633
-665
-689
-747
-762
-709
-575
-474
-477
-563
-612
-531
-380
-233
-157
-82
-34
-3
-22
45
265
524
633
530
425
462
626
763
821
855
841
742
591
537
652
782
769
595
432
352
329
317
321
356
326
201
31
-37
30
130
153
70
-21
-84
-104
-82
-32
14
-24
-130
-217
-217
-153
-139
-181
-243
-274
-302
-345
-338
-308
-284
-345
-446
-482
-457
-405
-419
-432
-441
-465
-497
-552
-485
-365
-262
-269
-369
-408
-349
-188
-72
3
46
87
93
47
101
313
574
633
483
350
411
593
693
708
723
722
615
435
392
539
673
613
411
269
216
178
146
171
237
196
19
-171
-206
-107
-18
-26
-116
-209
-294
-330
-284
-189
-143
-220
-351
-419
-380
-304
-272
-288
-335
-386
-441
-455
-401
-325
-310
-389
-465
-498
-453
-409
-383
-351
-359
-386
-454
-454
-362
-213
-118
-128
-223
-262
-197
-41
105
182
238
247
240
197
280
511
776
822
656
509
566
741
859
908
927
904
740
541
505
679
826
746
517
340
264
212
186
228
272
192
-38
-248
-286
-198
-118
-134
-211
-325
-446
-519
-477
-363
-313
-385
-524
-610
-599
-536
-481
-464
-498
-581
-657
-676
-596
-493
-472
-519
-603
-624
-599
-534
-446
-386
-365
-435
-497
-488
-359
-172
-75
-81
-172
-205
-126
25
202
311
402
399
340
271
373
678
937
954
743
614
694
864
971
1024
1065
1021
826
626
630
837
960
848
616
474
397
333
303
354
406
297
60
-143
-171
-101
-53
-88
-171
-289
-438
-529
-485
-387
-359
-478
-619
-700
-698
-660
-629
-603
-645
-729
-840
-838
-729
-643
-648
-735
-780
-776
-732
-682
-616
-561
-577
-610
-648
-578
-443
-305
-222
-258
-291
-289
-160
8
130
244
294
343
290
292
466
780
972
870
715
706
876
1007
1064
1108
1150
1089
898
783
883
1057
1056
868
729
667
583
482
464
556
558
390
136
16
55
107
79
5
-63
-193
-349
-382
-295
-243
-343
-497
-580
-589
-584
-617
-636
-645
-698
-808
-886
-848
-778
-794
-853
-919
-910
-909
-857
-811
-773
-758
-801
-801
-814
-668
-542
-411
-415
-474
-453
-356
-151
-36
67
132
200
189
148
288
561
787
749
606
574
698
842
898
968
1027
1009
843
710
801
993
1046
892
757
714
667
590
570
660
689
566
368
258
288
317
296
246
221
118
-40
-98
-25
42
-47
-189
-292
-307
-319
-343
-369
-402
-458
-563
-636
-621
-585
-620
-708
-763
-783
-792
-789
-762
-743
-761
-788
-796
-785
-740
-638
-552
-496
-544
-571
-531
-358
-206
-125
-67
-11
-8
-85
12
299
570
526
342
281
444
612
659
676
733
730
572
436
533
750
793
624
489
480
454
390
379
477
504
392
203
127
202
262
255
203
179
94
-26
-42
65
138
47
-90
-154
-139
-117
-130
-149
-180
-244
-335
-383
-323
-285
-327
-422
-465
-457
-500
-490
-467
-413
-465
-539
-540
-533
-437
-405
-315
-317
-353
-401
-398
-210
-93
4
-16
20
-11
-101
16
305
566
445
215
129
272
459
517
558
569
495
266
125
318
590
626
377
203
177
163
196
247
365
315
135
-50
-54
108
180
146
73
44
-43
-149
-113
14
68
-39
-160
-206
-192
-171
-167
-133
-126
-202
-334
-373
-261
-172
-201
-294
-326
-335
-349
-331
-258
-204
-242
-307
-366
-335
-247
-143
-101
-139
-198
-221
-173
-45
47
143
200
192
49
-47
156
495
622
426
231
205
322
416
502
582
582
362
72
52
339
558
452
202
69
15
-19
37
177
253
116
-119
-250
-141
19
53
-9
-55
-106
-233
-278
-158
-25
-46
-200
-277
-276
-251
-261
-267
-206
-189
-286
-420
-411
-288
-238
-281
-342
-338
-356
-380
-346
-279
-205
-260
-293
-354
-289
-193
-77
-16
-76
-107
-138
-2
98
210
287
362
312
137
155
432
748
734
519
379
407
487
572
683
788
687
368
121
229
514
588
431
259
143
0
-53
76
281
282
55
-200
-249
-106
-7
-5
-27
-52
-192
-353
-331
-165
-85
-184
-328
-373
-357
-366
-407
-403
-357
-366
-485
-555
-508
-449
-456
-496
-469
-494
-500
-519
-457
-377
-381
-367
-436
-371
-347
-220
-114
-105
-117
-204
-81
34
160
235
313
387
243
178
319
674
831
677
514
481
581
610
712
852
895
669
318
284
525
720
638
468
384
253
120
135
340
485
330
53
-108
-28
89
105
99
88
0
-209
-282
-149
-12
-58
-229
-324
-340
-338
-375
-386
-363
-412
-529
-636
-583
-516
-546
-616
-622
-581
-648
-668
-656
-568
-545
-606
-586
-580
-504
-516
-405
-285
-267
-308
-374
-202
-64
71
143
231
214
66
111
396
712
716
503
406
475
586
653
762
875
765
471
279
456
708
737
573
460
383
236
187
333
547
519
256
44
53
206
255
252
276
225
62
-109
-13
171
200
47
-114
-118
-132
-156
-193
-165
-143
-276
-435
-487
-391
-372
-451
-495
-501
-530
-630
-636
-546
-498
-542
-627
-625
-580
-527
-474
-390
-334
-395
-456
-407
-225
-70
12
76
48
-63
-123
114
460
570
413
193
178
248
379
536
662
622
292
26
73
381
555
446
301
161
30
-69
77
358
446
256
-34
-96
28
186
244
271
288
155
-13
-47
147
301
245
113
32
39
0
-10
24
73
48
-107
-213
-197
-124
-145
-198
-213
-251
-335
-391
-359
-263
-275
-352
-412
-430
-368
-331
-214
-193
-225
-324
-366
-231
-97
72
103
102
-46
-171
-68
251
524
453
227
41
45
148
332
522
541
304
-59
-186
12
296
376
228
63
-120
-248
-218
23
254
201
-41
-256
-241
-94
52
150
175
115
-54
-152
-47
161
263
185
82
28
5
1
44
129
141
46
-95
-145
-89
-47
-52
-101
-123
-202
-272
-278
-214
-134
-185
-227
-303
-298
-267
-172
-27
-13
-65
-199
-181
-51
116
255
288
252
71
-23
118
440
639
509
268
108
130
226
369
498
466
212
-130
-228
-39
186
214
58
-114
-287
-405
-358
-142
55
-4
-240
-435
-422
-281
-153
-54
-24
-69
-221
-316
-221
-45
66
26
-34
-75
-103
-113
-82
22
61
2
-103
-149
-125
-109
-97
-82
-82
-129
-220
-226
-169
-111
-108
-148
-145
-174
-132
-52
90
147
89
9
27
178
320
458
499
459
285
208
356
663
812
660
420
269
277
351
481
589
546
264
-69
-172
5
199
220
82
-89
-264
-396
-370
-178
9
-15
-223
-417
-446
-356
-246
-142
-78
-110
-255
-380
-354
-217
-105
-85
-114
-163
-237
-301
-288
-189
-103
-120
-209
-296
-312
-311
-269
-220
-191
-235
-325
-351
-303
-221
-186
-171
-213
-217
-194
-74
66
130
103
22
58
161
348
474
541
495
334
270
400
686
836
729
500
340
335
393
511
626
610
381
46
-99
9
207
268
180
36
-134
-272
-309
-168
32
96
-32
-221
-299
-274
-189
-87
21
49
-63
-223
-294
-216
-83
-14
-17
-61
-154
-274
-328
-267
-146
-95
-171
-294
-383
-410
-375
-309
-252
-276
-371
-439
-435
-348
-276
-243
-256
-286
-272
-211
-64
37
57
14
-12
73
199
343
407
408
350
260
302
424
608
629
508
367
292
321
343
428
468
421
237
29
-18
45
152
157
117
44
-83
-197
-240
-128
1
57
5
-102
-169
-198
-143
-29
93
130
52
-62
-123
-77
8
106
164
124
3
-127
-151
-94
0
27
-39
-153
-267
-320
-310
-237
-187
-232
-333
-407
-402
-317
-272
-243
-227
-241
-224
-199
-99
-20
25
8
-24
23
98
190
221
225
223
205
160
139
194
303
348
283
139
60
65
105
172
211
215
112
-49
-171
-162
-27
91
108
9
-120
-225
-262
-193
-67
68
84
-27
-174
-223
-130
28
156
188
160
98
28
35
131
267
339
291
212
100
72
92
138
169
120
64
-13
-72
-124
-134
-59
-35
-84
-146
-158
-113
-86
-95
-52
-6
24
-25
-48
-26
46
143
54
2
-61
-20
-12
-19
-49
-64
-71
-168
-198
-216
-145
-127
-171
-228
-243
-225
-237
-230
-183
-137
-120
-174
-200
-211
-183
-137
-110
-73
-75
-94
-127
-141
-118
-47
28
57
66
59
62
87
146
233
320
342
331
321
305
293
340
410
444
419
327
282
222
236
260
292
300
228
155
95
114
167
131
186
127
186
134
88
123
91
165
117
109
-12
68
2
-30
-48
-124
-188
-237
-276
-340
-295
-320
-357
-430
-472
-508
-459
-429
-395
-386
-401
-407
-380
-374
-369
-285
-206
-185
-227
-268
-264
-207
-157
-123
-94
-50
-60
-117
-127
-97
-14
56
87
96
122
124
123
143
184
228
299
322
334
350
305
336
323
392
373
412
448
359
381
352
328
355
356
393
386
368
368
290
320
260
297
322
217
210
109
133
59
49
-18
-143
-149
-217
-242
-310
-371
-415
-485
-502
-570
-570
-559
-621
-604
-669
-615
-605
-586
-586
-554
-481
-469
-423
-412
-374
-331
-301
-247
-155
-109
-64
-69
-28
-9
16
63
112
179
198
208
211
245
274
290
310
366
412
459
415
446
507
485
511
487
577
636
630
580
574
641
593
608
642
623
663
577
450
471
460
445
328
245
218
214
122
-20
-93
-134
-207
-293
-374
-391
-398
-554
-686
-792
-675
-667
-733
-827
-872
-822
-902
-893
-934
-802
-740
-753
-770
-750
-663
-628
-581
-545
-421
-302
-256
-226
-190
-131
-40
10
78
154
242
268
261
276
306
353
387
420
452
478
477
484
493
475
531
550
560
613
667
654
695
674
629
710
752
810
813
834
731
720
592
663
645
590
567
431
325
200
182
15
-5
-135
-236
-294
-349
-569
-679
-762
-757
-781
-928
-904
-943
-1004
-1150
-1112
-1110
-939
-977
-1084
-968
-974
-901
-879
-810
-720
-562
-525
-549
-428
-349
-218
-152
-121
-21
101
178
203
276
326
386
421
419
496
591
641
651
641
630
613
642
658
719
765
808
808
756
747
709
785
873
913
931
931
884
789
780
781
827
814
733
662
575
450
373
310
196
135
-26
-123
-268
-369
-468
-628
-676
-847
-922
-999
-1067
-1144
-1218
-1238
-1349
-1372
-1345
-1299
-1359
-1260
-1206
-1302
-1140
-1147
-1035
-885
-810
-765
-687
-546
-555
-380
-312
-160
0
25
93
153
274
294
426
524
589
660
648
676
703
781
823
881
931
913
951
924
919
929
957
1011
1006
1063
1049
1042
1023
987
962
967
982
936
953
844
751
689
611
550
452
394
268
146
28
-117
-225
-359
-450
-583
-733
-852
-995
-1078
-1220
-1288
-1359
-1401
-1437
-1558
-1529
-1594
-1544
-1532
-1517
-1444
-1346
-1305
-1299
-1110
-1067
-931
-844
-729
-569
-419
-342
-267
-93
-10
104
223
310
423
553
615
681
725
783
840
882
908
975
1046
1060
1059
1051
1077
1081
1053
1031
1082
1135
1156
1129
1102
1086
1054
1033
1010
1019
998
959
893
849
781
708
615
488
380
276
176
69
-71
-212
-342
-498
-651
-815
-934
-1044
-1149
-1261
-1356
-1434
-1509
-1566
-1616
-1628
-1636
-1590
-1576
-1535
-1479
-1402
-1318
-1266
-1172
-1072
-931
-833
-700
-539
-411
-281
-204
-108
19
169
311
431
542
613
673
745
800
855
919
969
999
997
1004
1042
1061
1039
1009
977
964
940
914
919
964
982
965
936
909
902
873
866
865
873
854
806
747
674
603
501
389
275
167
50
-111
-267
-410
-561
-718
-897
-1060
-1195
-1315
-1414
-1515
-1581
-1645
-1706
-1752
-1760
-1723
-1677
-1614
-1555
-1460
-1363
-1244
-1133
-1016
-877
-726
-565
-411
-248
-114
25
151
270
382
518
656
752
827
879
952
1008
1026
1019
1034
1046
1028
1005
992
1006
995
944
879
837
808
764
725
725
756
771
774
779
777
769
748
743
756
763
748
709
670
600
511
396
282
163
17
-137
-293
-425
-585
-764
-930
-1086
-1215
-1344
-1464
-1561
-1617
-1656
-1700
-1716
-1694
-1648
-1601
-1544
-1481
-1371
-1245
-1125
-992
-857
-713
-579
-440
-281
-119
43
195
317
425
531
639
737
844
929
1003
1071
1130
1175
1170
1153
1134
1102
1063
1032
1009
979
926
860
792
732
666
598
550
532
543
535
540
540
527
524
502
508
502
490
449
403
368
307
228
113
-6
-146
-301
-456
-597
-721
-888
-1039
-1181
-1313
-1438
-1552
-1624
-1694
-1731
-1775
-1775
-1745
-1689
-1629
-1551
-1429
-1314
-1192
-1077
-920
-765
-617
-482
-318
-138
32
196
341
512
661
784
881
975
1085
1177
1253
1300
1370
1423
1444
1434
1401
1389
1354
1310
1243
1198
1147
1089
1018
931
859
772
684
605
568
551
532
505
465
446
423
393
361
319
268
203
139
71
-2
-92
-207
-332
-477
-593
-740
-887
-1042
-1200
-1339
-1465
-1558
-1656
-1708
-1752
-1778
-1806
-1815
-1790
-1751
-1686
-1611
-1499
-1370
-1235
-1106
-970
-822
-669
-521
-388
-242
-90
53
200
350
501
648
767
878
969
1062
1149
1232
1308
1371
1431
1465
1488
1487
1478
1454
1425
1385
1334
1291
1238
1186
1117
1045
963
883
809
746
686
624
568
525
494
452
412
364
301
217
127
44
-43
-143
-270
-398
-518
-637
-775
-922
-1065
-1190
-1319
-1446
-1548
-1632
-1699
-1760
-1798
-1811
-1788
-1753
-1707
-1646
-1560
-1464
-1362
-1252
-1122
-967
-829
-688
-554
-420
-281
-162
-38
82
209
340
448
565
659
766
837
911
992
1067
1146
1190
1248
1291
1339
1363
1369
1365
1345
1322
1277
1239
1207
1172
1113
1052
989
923
855
777
717
652
590
530
482
437
395
343
278
217
142
63
-26
-121
-224
-330
-445
-552
-664
-784
-901
-1012
-1123
-1223
-1319
-1410
-1476
-1526
-1553
-1566
-1564
-1541
-1511
-1465
-1406
-1324
-1232
-1128
-1016
-911
-794
-671
-555
-444
-339
-234
-133
-33
62
173
284
388
492
571
648
723
799
868
930
987
1034
1090
1133
1172
1199
1209
1199
1175
1148
1122
1096
1059
1012
957
896
832
758
688
627
568
505
443
390
340
290
241
194
154
93
21
-51
-119
-192
-272
-355
-435
-512
-602
-696
-790
-870
-957
-1037
-1108
-1160
-1198
-1233
-1249
-1253
-1231
-1215
-1184
-1143
-1089
-1024
-951
-866
-778
-677
-581
-479
-382
-289
-199
-117
-29
52
144
226
306
387
463
542
611
680
734
786
836
874
910
954
988
1007
1016
1010
988
965
936
899
865
826
773
712
646
579
509
433
362
296
230
169
115
69
27
-18
-53
-92
-129
-172
-216
-265
-312
-359
-405
-454
-504
-558
-611
-663
-716
-765
-813
-853
-887
-916
-933
-934
-926
-914
-888
-852
-807
-751
-688
-624
-545
-465
-384
-305
-222
-137
-60
20
87
155
223
296
360
423
485
541
589
628
666
701
735
765
787
809
829
848
857
854
844
826
803
768
729
687
637
583
518
451
384
312
237
156
83
12
-47
-105
-159
-208
-248
-284
-323
-353
-384
-412
-435
-457
-483
-510
-538
-572
-604
-630
-652
-672
-696
-721
-740
-754
-759
-759
-751
-735
-715
-688
-651
-603
-550
-488
-423
-356
-279
-205
-126
-54
22
96
161
222
276
340
399
459
513
559
605
644
676
701
725
746
765
782
789
802
807
798
782
762
742
709
663
607
549
488
419
344
266
188
106
21
-59
-128
-193
-260
-317
-368
-406
-438
-464
-488
-502
-508
-515
-517
-514
-509
-503
-500
-498
-496
-498
-501
-510
-512
-515
-513
-512
-509
-502
-498
-484
-464
-435
-404
-372
-339
-296
-247
-196
-135
-73
-11
48
104
163
222
275
325
372
416
455
493
531
574
607
634
654
673
692
705
717
720
721
712
699
679
657
635
602
558
505
451
395
331
259
180
104
23
-61
-142
-215
-275
-334
-391
-439
-479
-508
-536
-556
-567
-570
-566
-563
-555
-544
-529
-511
-495
-482
-471
-462
-455
-444
-430
-417
-409
-405
-397
-384
-367
-346
-326
-301
-280
-255
-222
-184
-140
-99
-58
-17
25
69
110
157
196
232
264
294
329
364
399
427
457
483
503
523
540
561
574
586
587
586
585
576
563
543
522
489
455
412
366
317
260
200
130
63
-8
-75
-136
-194
-242
-289
-330
-362
-385
-395
-403
-401
-396
-385
-372
-353
-326
-295
-268
-244
-223
-204
-187
-170
-154
-146
-147
-150
-155
-158
-157
-160
-162
-168
-171
-173
-170
-163
-154
-145
-139
-125
-113
-94
-73
-54
-35
-17
7
24
42
64
85
107
127
147
167
188
206
221
240
259
279
293
304
313
324
330
331
328
318
305
283
259
230
194
153
107
60
16
-28
-74
-118
-155
-186
-211
-229
-239
-244
-240
-229
-212
-184
-155
-123
-91
-56
-25
6
34
58
80
93
102
100
96
85
73
55
33
6
-27
-53
-80
-102
-128
-152
-172
-195
-209
-221
-223
-226
-226
-224
-218
-207
-193
-179
-165
-144
-124
-102
-81
-55
-32
-5
21
43
69
90
111
130
149
166
180
195
203
208
213
212
206
194
181
162
139
114
84
57
29
0
-25
-49
-66
-77
-86
-90
-87
-75
-55
-31
-5
22
53
84
116
147
178
205
224
237
248
253
253
247
234
216
191
159
127
91
55
18
-21
-57
-95
-128
-157
-185
-207
-228
-244
-253
-259
-260
-259
-256
-249
-240
-228
-215
-203
-190
-177
-160
-141
-119
-99
-81
-61
-40
-21
-2
14
29
42
52
60
68
73
73
70
63
57
47
35
22
9
-5
-21
-35
-50
-63
-71
-72
-68
-55
-38
-17
9
37
71
109
147
184
219
252
277
300
316
328
336
334
324
309
287
259
227
193
155
113
68
23
-20
-60
-98
-133
-166
-195
-218
-234
-248
-257
-263
-264
-261
-254
-247
-240
-235
-231
-224
-216
-204
-193
-179
-167
-155
-140
-126
-110
-96
-80
-66
-52
-38
-24
-10
-1
8
16
20
22
21
19
18
13
7
-1
-9
-20
-29
-35
-35
-31
-26
-13
4
32
61
97
135
176
215
252
286
317
345
367
387
398
402
398
385
368
347
320
285
245
204
158
114
68
24
-19
-62
-101
-136
-167
-191
-213
-230
-241
-245
-248
-247
-245
-241
-239
-231
-226
-218
-209
-201
-189
-178
-165
-154
-138
-127
-114
-101
-89
-74
-64
-54
-45
-36
-29
-24
-21
-18
-17
-18
-21
-25
-31
-36
-43
-47
-52
-57
-59
-59
-51
-39
-24
-5
22
56
87
124
159
195
227
256
283
305
325
332
334
333
325
311
291
267
235
202
164
122
85
46
5
-35
-72
-106
-135
-162
-183
-200
-213
-223
-222
-220
-214
-207
-199
-193
-185
-178
-171
-161
-153
-147
-141
-133
-128
-118
-110
-102
-91
-82
-74
-64
-55
-48
-38
-28
-22
-14
-8
-4
1
2
4
6
7
7
4
2
2
4
8
11
19
28
41
60
84
109
134
161
186
215
242
265
282
294
302
302
299
291
277
258
230
201
167
132
98
63
27
-7
-42
-76
-106
-133
-158
-178
-193
-204
-211
-215
-214
-212
-206
-199
-190
-180
-172
-166
-161
-154
-147
-140
-133
-125
-119
-114
-109
-101
-92
-80
-66
-53
-39
-26
-13
-1
10
23
32
42
52
61
67
67
67
66
67
68
69
69
68
66
68
75
86
98
109
123
143
160
177
193
208
220
229
232
233
232
221
205
185
162
134
101
65
30
-4
-42
-76
-106
-135
-159
-183
-204
-221
-233
-243
-250
-250
-247
-244
-237
-227
-218
-207
-197
-187
-174
-164
-157
-150
-145
-138
-130
-122
-110
-98
-86
-74
-58
-41
-20
3
26
46
65
83
99
117
132
144
153
159
163
162
163
161
158
155
149
145
139
134
133
136
139
144
153
162
173
184
193
199
207
210
208
203
194
182
167
145
119
91
58
24
-10
-43
-79
-112
-144
-173
-196
-217
-236
-250
-261
-272
-276
-277
-276
-270
-265
-257
-247
-237
-226
-216
-203
-192
-182
-172
-161
-148
-137
-127
-114
-98
-82
-64
-43
-20
2
25
51
79
104
128
147
166
183
195
206
213
216
216
214
210
204
195
182
173
162
155
149
144
143
144
146
151
157
163
166
170
172
174
171
167
156
141
124
104
79
51
21
-11
-42
-75
-106
-136
-162
-186
-209
-229
-244
-257
-265
-272
-277
-278
-276
-272
-266
-260
-250
-244
-235
-226
-215
-204
-192
-180
-171
-160
-149
-137
-122
-105
-87
-69
-48
-24
3
31
60
89
119
144
167
187
204
217
227
234
235
234
229
223
215
205
196
185
176
166
159
155
151
148
147
144
143
144
146
147
146
142
138
130
121
109
95
78
55
31
5
-20
-46
-71
-98
-123
-146
-169
-186
-203
-215
-226
-236
-240
-244
-245
-244
-243
-240
-238
-235
-227
-218
-210
-201
-192
-185
-178
-167
-154
-139
-124
-107
-89
-68
-47
-24
2
29
56
84
113
140
164
185
205
221
233
241
245
244
242
237
228
216
204
190
177
167
155
146
136
126
119
116
111
107
103
100
94
89
86
82
77
70
61
49
36
22
5
-12
-31
-52
-74
-96
-117
-137
-156
-171
-186
-199
-211
-221
-227
-230
-234
-239
-241
-242
-240
-237
-236
-230
-224
-218
-208
-195
-180
-164
-148
-129
-107
-85
-59
-32
-3
23
50
73
97
126
151
172
192
208
219
230
236
241
241
236
228
216
203
186
171
153
134
120
105
94
85
79
75
72
71
67
67
66
67
66
66
64
61
59
54
49
40
29
17
2
-16
-34
-55
-73
-93
-112
-130
-146
-161
-172
-182
-190
-197
-204
-211
-214
-215
-216
-217
-213
-211
-205
-198
-189
-176
-163
-151
-136
-119
-99
-75
-51
-26
-2
24
49
77
104
130
154
175
194
209
222
232
241
244
240
232
219
206
190
171
149
128
108
88
70
55
44
34
26
21
19
20
22
24
29
32
33
36
36
37
35
32
25
19
10
-1
-11
-22
-39
-57
-77
-96
-114
-130
-143
-155
-166
-174
-180
-183
-184
-186
-187
-188
-186
-186
-185
-180
-176
-169
-161
-150
-139
-125
-109
-91
-71
-51
-30
-7
18
43
69
96
121
145
168
189
210
228
242
254
260
262
259
252
240
223
202
179
154
126
100
74
50
30
14
-2
-13
-18
-19
-18
-16
-11
-8
-2
5
10
13
15
12
8
2
-4
-13
-25
-39
-56
-75
-97
-119
-140
-161
-181
-199
-215
-227
-235
-239
-239
-236
-229
-220
-210
-199
-185
-171
-155
-139
-124
-108
-92
-76
-60
-42
-26
-7
14
34
55
80
103
129
155
182
206
233
259
281
303
320
333
344
347
346
340
327
307
283
255
226
194
160
126
94
63
37
13
-8
-25
-39
-49
-56
-61
-65
-66
-67
-69
-74
-77
-83
-93
-103
-115
-131
-149
-171
-192
-213
-235
-256
-278
-296
-311
-321
-327
-331
-328
-319
-304
-286
-263
-241
-217
-191
-164
-135
-110
-88
-67
-50
-33
-17
-2
11
27
44
61
81
102
125
149
174
200
229
257
285
311
339
362
382
400
411
417
417
409
394
372
344
310
274
235
193
151
109
70
35
3
-23
-45
-61
-74
-82
-86
-92
-96
-98
-100
-103
-110
-120
-132
-144
-158
-172
-189
-207
-228
-249
-269
-283
-296
-309
-316
-318
-316
-309
-296
-280
-262
-240
-215
-189
-161
-134
-109
-85
-63
-43
-26
-13
-1
10
19
29
42
55
70
85
107
129
153
179
205
232
257
281
304
323
339
351
358
361
361
355
341
320
292
256
218
178
136
93
50
8
-31
-64
-94
-114
-130
-141
-144
-145
-141
-136
-130
-123
-117
-111
-108
-105
-109
-115
-123
-133
-146
-158
-172
-186
-200
-213
-224
-232
-235
-234
-228
-217
-205
-191
-172
-150
-126
-102
-79
-52
-29
-8
10
25
38
48
57
65
70
74
78
84
93
103
116
131
147
166
185
205
226
243
257
268
275
281
283
280
272
258
238
213
186
154
123
88
52
13
-25
-62
-95
-123
-144
-159
-169
-170
-170
-163
-152
-137
-122
-108
-96
-87
-81
-77
-76
-79
-85
-94
-103
-115
-128
-139
-151
-157
-163
-166
-165
-160
-150
-136
-120
-100
-79
-53
-28
-1
23
45
65
82
94
106
113
117
115
111
106
101
96
91
87
82
83
86
93
102
112
122
132
145
157
168
176
179
177
171
159
145
124
99
73
42
10
-24
-57
-89
-119
-147
-172
-193
-208
-217
-220
-217
-208
-195
-178
-161
-140
-118
-102
-86
-72
-63
-59
-59
-60
-66
-72
-77
-84
-91
-96
-99
-101
-100
-94
-88
-78
-63
-43
-18
8
35
65
94
120
145
168
187
201
211
214
212
206
196
181
166
150
132
117
105
95
89
83
82
86
91
98
102
107
112
115
117
117
114
105
90
74
53
26
-3
-35
-68
-101
-134
-166
-195
-222
-244
-260
-271
-275
-272
-266
-253
-236
-216
-192
-167
-143
-120
-99
-79
-65
-53
-46
-41
-39
-38
-38
-38
-39
-39
-39
-35
-31
-22
-10
5
23
45
69
92
120
145
171
193
215
231
244
255
258
257
250
241
227
213
194
172
150
126
103
85
68
56
47
39
32
28
27
25
27
27
27
22
12
0
-15
-31
-50
-69
-89
-113
-136
-160
-185
-206
-225
-242
-255
-263
-268
-269
-266
-259
-247
-229
-213
-193
-171
-151
-129
-109
-90
-74
-60
-50
-42
-36
-29
-25
-21
-17
-11
-3
6
16
29
41
55
72
87
104
123
143
161
179
197
212
224
233
238
240
239
233
225
212
197
182
166
150
134
120
105
91
80
69
61
53
43
36
29
23
15
6
-4
-19
-34
-46
-62
-78
-94
-111
-129
-144
-159
-173
-181
-189
-195
-197
-195
-192
-187
-177
-166
-153
-138
-127
-114
-100
-85
-73
-60
-51
-45
-40
-36
-33
-27
-24
-22
-17
-15
-9
-2
9
20
33
48
61
77
91
106
122
136
148
158
166
172
177
180
180
176
170
162
153
140
130
116
104
91
79
69
60
52
46
41
38
34
31
27
22
16
9
1
-10
-23
-38
-54
-70
-87
-104
-120
-133
-145
-158
-170
-178
-187
-192
-191
-188
-182
-172
-163
-151
-135
-120
-104
-90
-75
-63
-52
-44
-38
-35
-33
-33
-33
-35
-36
-37
-35
-31
-27
-21
-14
-4
7
20
34
46
59
71
83
95
108
118
126
132
134
135
135
131
128
122
114
105
97
89
80
74
68
65
62
59
59
61
64
67
69
70
69
66
63
57
49
37
23
9
-8
-21
-35
-50
-62
-75
-85
-94
-100
-103
-107
-107
-105
-101
-97
-89
-82
-71
-61
-53
-43
-33
-25
-22
-20
-19
-20
-24
-27
-32
-38
-43
-48
-51
-53
-52
-49
-44
-37
-26
-16
-5
7
20
34
45
54
60
65
69
72
71
71
69
66
61
57
52
46
41
34
28
22
16
14
14
15
18
21
25
29
35
41
44
48
47
44
41
34
28
21
10
-3
-16
-26
-37
-46
-52
-57
-60
-62
-65
-66
-67
-65
-61
-58
-54
-47
-44
-40
-34
-29
-27
-22
-20
-21
-21
-24
-26
-27
-29
-32
-32
-35
-37
-37
-35
-32
-28
-21
-16
-9
-1
5
13
18
22
26
29
31
30
30
29
28
26
26
26
24
23
23
23
23
22
22
23
24
25
30
34
39
43
47
49
50
51
50
50
47
44
41
34
28
23
18
12
6
0
-3
-7
-9
-11
-11
-11
-10
-9
-8
-7
-7
-6
-5
-6
-7
-9
-12
-14
-16
-21
-25
-30
-35
-39
-42
-46
-47
-49
-49
-47
-45
-41
-36
-31
-25
-17
-10
-3
3
8
11
15
16
15
15
13
11
9
8
6
2
-2
-5
-5
-6
-5
-5
-4
-5
-2
2
5
10
15
20
25
28
28
30
32
34
35
34
31
25
20
16
13
11
10
8
6
5
3
4
4
5
5
4
4
4
4
3
2
0
-6
-11
-13
-16
-20
-25
-32
-37
-43
-48
-52
-56
-58
-60
-59
-57
-54
-49
-41
-32
-23
-16
-9
-2
4
9
11
15
15
15
13
12
11
8
4
1
-3
-7
-7
-7
-6
-4
-1
2
7
12
17
23
28
32
37
40
43
45
46
46
46
42
39
34
31
27
26
22
20
17
16
15
13
14
13
13
13
15
16
17
19
20
19
17
13
8
5
-3
-10
-17
-25
-31
-37
-43
-48
-54
-58
-61
-61
-59
-55
-53
-47
-39
-32
-24
-14
-7
1
7
13
17
21
25
26
26
26
25
21
18
15
11
7
6
6
7
9
9
8
9
9
11
14
17
20
25
29
32
35
37
37
33
30
27
22
18
13
7
4
-1
-4
-6
-8
-11
-12
-14
-14
-14
-14
-16
-19
-21
-26
-30
-37
-42
-49
-55
-59
-63
-69
-71
-74
-76
-74
-75
-73
-71
-70
-64
-59
-51
-44
-35
-26
-15
-4
2
9
18
24
29
34
37
42
44
45
47
48
48
51
52
56
59
61
65
68
71
72
75
75
74
74
73
74
75
74
71
69
64
59
52
44
37
29
22
13
3
-7
-15
-24
-29
-36
-43
-48
-52
-56
-58
-59
-61
-64
-67
-72
-75
-79
-84
-86
-90
-92
-94
-95
-94
-92
-89
-87
-83
-79
-71
-66
-59
-50
-38
-28
-15
-5
6
16
25
34
41
48
55
62
67
72
75
79
82
83
85
85
85
85
86
85
87
86
88
90
89
89
86
86
85
82
78
74
71
65
62
57
53
45
36
28
21
13
5
-2
-10
-18
-26
-36
-44
-53
-62
-69
-75
-82
-90
-95
-100
-104
-110
-115
-120
-125
-128
-130
-132
-131
-130
-129
-126
-124
-119
-113
-107
-99
-90
-80
-70
-59
-47
-34
-20
-8
6
17
29
40
50
59
66
73
78
80
84
85
85
87
87
89
89
91
92
93
95
97
98
98
97
96
94
91
89
85
82
77
71
65
58
51
42
33
24
16
6
-2
-10
-17
-25
-32
-37
-43
-50
-56
-61
-66
-71
-75
-80
-83
-85
-88
-90
-92
-93
-93
-93
-93
-93
-93
-92
-88
-86
-80
-77
-72
-65
-58
-50
-41
-31
-22
-11
-1
9
22
33
43
54
65
73
81
89
95
99
101
104
105
104
104
102
102
99
97
95
93
90
87
84
82
78
74
69
62
56
49
42
36
31
25
17
11
3
-2
-10
-18
-26
-32
-41
-49
-55
-61
-66
-71
-77
-81
-86
-92
-97
-100
-103
-106
-109
-114
-118
-120
-121
-121
-121
-120
-118
-114
-108
-104
-97
-89
-79
-70
-60
-50
-39
-28
-16
-5
4
14
25
35
46
56
65
73
80
85
91
96
100
103
103
103
105
106
107
108
106
104
103
100
97
93
89
84
79
73
67
61
56
48
40
33
25
16
9
1
-5
-13
-19
-25
-31
-36
-41
-44
-47
-51
-53
-55
-58
-60
-62
-65
-68
-71
-75
-76
-78
-80
-81
-82
-82
-84
-84
-82
-78
-76
-72
-68
-62
-53
-45
-36
-26
-16
-7
1
11
19
26
35
41
48
55
61
67
72
76
79
83
84
86
85
85
84
83
84
83
82
81
79
76
71
68
63
56
49
42
35
29
21
14
6
-1
-9
-16
-23
-30
-36
-43
-47
-52
-58
-64
-69
-75
-79
-83
-86
-87
-88
-90
-90
-89
-88
-89
-87
-85
-83
-79
-78
-74
-70
-67
-62
-57
-51
-46
-40
-33
-27
-18
-12
-3
6
14
24
32
39
48
56
62
68
75
80
86
89
92
94
96
97
98
99
98
98
97
94
92
89
87
81
75
70
63
58
50
42
32
23
16
7
-3
-12
-21
-30
-39
-48
-54
-61
-66
-71
-74
-78
-80
-83
-84
-84
-82
-82
-80
-78
-78
-75
-75
-71
-68
-64
-61
-60
-58
-54
-51
-47
-43
-40
-36
-32
-26
-22
-16
-9
-2
5
13
24
34
43
51
59
67
74
80
84
88
91
95
96
96
97
97
95
94
90
85
80
74
69
64
60
54
47
41
36
31
26
20
15
9
2
-4
-11
-18
-25
-34
-41
-48
-54
-61
-66
-70
-75
-77
-80
-82
-85
-88
-91
-92
-93
-94
-94
-91
-90
-88
-86
-81
-76
-72
-66
-60
-56
-50
-44
-37
-30
-23
-15
-8
1
9
18
25
35
42
50
57
63
69
74
78
82
85
88
90
92
91
91
89
85
81
76
73
66
61
56
52
46
42
39
35
31
25
20
16
11
8
1
-3
-7
-12
-16
-20
-25
-29
-35
-40
-44
-48
-53
-58
-62
-64
-66
-66
-67
-68
-67
-67
-67
-65
-64
-63
-62
-61
-57
-56
-53
-51
-48
-43
-39
-36
-29
-23
-16
-11
-4
1
7
11
15
22
28
33
41
47
53
58
64
69
75
78
81
83
86
88
87
88
87
87
85
83
81
75
71
65
59
52
46
40
32
25
17
9
1
-5
-11
-17
-23
-26
-30
-34
-38
-43
-48
-51
-53
-57
-60
-62
-64
-67
-69
-72
-72
-72
-73
-75
-74
-73
-72
-71
-71
-69
-67
-65
-64
-60
-56
-53
-47
-43
-38
-35
-30
-27
-23
-18
-13
-7
-1
6
13
21
27
32
38
44
50
55
60
65
69
71
74
76
77
79
79
80
78
78
76
73
72
67
65
61
57
53
47
42
36
31
26
19
13
6
2
-2
-6
-10
-15
-18
-24
-26
-30
-33
-35
-40
-41
-45
-49
-54
-56
-56
-57
-59
-60
-61
-60
-59
-58
-55
-55
-52
-50
-49
-47
-43
-39
-35
-31
-26
-20
-16
-12
-6
0
6
11
15
21
26
31
34
39
44
46
50
53
56
56
58
57
59
59
58
58
56
54
50
48
45
44
40
35
33
29
25
20
18
14
9
6
1
-3
-5
-8
-12
-16
-20
-24
-26
-31
-33
-37
-40
-44
-46
-47
-50
-53
-54
-56
-56
-57
-57
-59
-58
-58
-58
-55
-55
-54
-51
-48
-44
-40
-35
-32
-28
-24
-20
-15
-8
-5
0
5
10
14
18
22
27
31
36
39
41
44
45
48
52
55
57
59
60
62
60
59
59
58
56
53
50
48
45
42
39
36
32
28
24
21
17
12
9
7
3
-1
-3
-7
-11
-16
-19
-23
-26
-29
-32
-35
-38
-40
-43
-44
-45
-46
-47
-46
-46
-46
-45
-44
-42
-43
-41
-40
-39
-36
-33
-31
-29
-26
-24
-20
-18
-13
-10
-6
-2
2
6
9
11
13
17
21
25
28
31
34
36
39
40
42
43
44
46
47
49
47
47
47
45
44
43
40
38
35
32
27
24
22
19
15
11
8
4
0
-5
-9
-12
-15
-18
-20
-23
-24
-28
-31
-33
-36
-38
-41
-43
-44
-44
-45
-44
-45
-45
-45
-45
-45
-45
-44
-41
-39
-37
-37
-33
-30
-27
-24
-21
-19
-16
-12
-10
-7
-3
0
3
8
11
14
17
19
23
26
28
31
32
33
34
34
36
38
37
37
37
35
34
33
32
32
29
28
26
25
24
22
21
21
21
20
18
18
15
14
12
11
8
4
0
-3
-7
-10
-13
-14
-18
-21
-22
-24
-26
-27
-27
-28
-29
-29
-29
-29
-28
-28
-28
-26
-25
-22
-20
-19
-17
-14
-12
-10
-8
-5
-4
-3
-2
0
2
3
3
5
7
9
12
14
16
19
20
22
22
25
26
26
27
28
29
29
30
29
28
28
26
27
24
23
21
18
16
14
12
8
5
3
-1
-3
-6
-9
-12
-14
-16
-18
-20
-20
-21
-24
-24
-27
-28
-30
-32
-34
-34
-36
-37
-37
-37
-36
-35
-35
-31
-30
-28
-23
-21
-19
-18
-17
-14
-12
-11
-9
-8
-5
-2
0
1
3
5
7
9
9
10
12
12
12
13
16
16
17
18
20
21
22
24
26
29
30
30
30
29
29
29
30
28
28
26
25
23
23
23
22
20
20
19
17
17
15
14
12
8
5
2
1
-2
-5
-8
-9
-12
-16
-18
-20
-21
-23
-26
-28
-29
-31
-31
-29
-30
-29
-30
-29
-30
-27
-26
-23
-21
-19
-17
-15
-12
-11
-8
-6
-3
-1
-1
0
1
3
5
7
8
9
11
13
14
15
17
18
19
20
19
20
20
21
21
21
20
21
20
20
20
19
18
18
18
18
16
13
12
9
8
6
4
2
0
-2
-4
-8
-10
-12
-14
-15
-16
-18
-20
-22
-21
-22
-23
-26
-27
-28
-26
-27
-28
-27
-26
-26
-24
-23
-23
-22
-20
-19
-17
-15
-14
-11
-13
-9
-9
-6
-4
-2
1
2
5
7
9
9
12
13
13
14
16
18
18
20
21
22
22
21
21
22
22
22
22
22
22
21
21
22
22
22
24
23
