1
-2
3
4
2
1
2
-2
-2
-2
1
0
3
2
1
0
-1
-2
-1
-3
-1
0
0
0
0
2
-2
-2
-5
-1
-4
-3
1
1
2
3
2
-2
0
-3
-1
-1
0
2
-1
1
0
0
-1
-1
-1
0
-1
-1
-1
-2
-1
-4
2
-1
1
1
0
3
-3
-1
-1
-1
1
3
3
2
1
3
-1
-4
1
-2
-2
0
2
-1
2
5
1
-1
-2
0
-3
-1
4
2
1
7
3
-1
2
3
-3
-4
-1
-2
-3
4
4
0
3
2
-1
2
0
-3
-2
3
1
2
1
3
-3
1
1
1
-1
1
0
-3
0
0
-4
2
-2
-4
0
0
0
-3
2
-1
0
0
0
-4
-2
1
-1
1
3
3
4
3
3
-1
-1
-3
-1
-1
1
1
2
1
-1
-4
2
-5
-4
-3
-1
-4
2
3
0
-2
4
-4
-2
0
0
-5
3
4
-4
-1
0
1
1
7
5
-1
-2
-1
-1
0
1
2
-5
0
-1
-2
-2
7
3
1
-2
-4
-5
-14
3
1
0
0
6
1
-5
4
2
2
-1
3
3
-7
0
5
-1
3
0
-3
-5
-2
0
5
5
7
2
-1
-2
-4
-6
-2
-1
-1
6
5
2
4
-7
0
-2
-2
0
-1
2
-5
7
5
1
-1
-3
-4
-1
0
4
1
0
-2
-1
-1
-4
0
0
-4
0
2
-1
3
3
1
-1
-3
-5
-4
-1
3
3
6
3
-1
0
-2
-1
0
1
0
-2
0
-2
-2
-1
4
8
4
6
-2
-5
-6
-4
-5
-7
5
7
2
8
10
-1
0
0
-4
-5
-4
3
0
3
5
1
-3
1
-2
1
1
-2
2
-2
-5
-6
5
2
0
6
-2
-4
-5
-3
-2
-4
6
-1
0
3
6
3
0
-4
-3
-7
-3
-1
-3
0
0
3
-3
0
7
-1
2
2
1
-4
3
-2
-5
3
1
4
-9
5
-6
-5
7
-1
-2
-1
-4
-1
-3
0
4
-5
1
4
-1
2
-6
2
1
-9
4
-7
3
8
12
-7
2
-3
-5
2
-2
6
-9
-8
6
-1
11
15
3
-4
-3
12
-10
1
10
-7
10
10
2
-9
-3
3
-15
4
11
5
-1
5
-5
-13
-5
-5
-18
3
8
-1
7
12
4
-8
-11
-5
-1
4
10
-10
7
6
-4
8
1
7
-6
4
-1
-19
1
4
-1
0
19
12
-10
-3
0
-20
-9
-5
-8
5
3
19
-5
5
9
-13
-14
-1
1
-8
0
15
5
-4
3
-11
-6
8
-5
1
1
10
4
3
11
-13
-1
-4
-25
-2
-10
1
10
-8
20
-6
6
-5
-4
4
6
0
-1
0
-2
-10
11
3
-4
16
0
2
2
5
-5
-12
8
-11
-11
12
-13
10
4
16
8
-8
11
-13
-5
-16
1
0
-3
16
4
-7
-3
-11
-3
2
-5
18
-7
-6
5
-8
12
-12
8
7
-10
17
-15
-10
13
-11
-4
12
5
7
2
0
1
-6
16
-26
-24
24
-9
-7
43
1
-5
13
11
-7
-27
25
-15
-24
33
-4
-10
0
11
8
-4
20
-25
-9
1
-17
-1
20
-10
24
-1
0
5
-15
-4
-21
-13
18
2
21
-8
15
4
-21
5
-15
2
-4
15
22
-29
22
-26
-7
28
-25
19
-4
12
2
11
-26
-25
20
2
8
8
-14
-22
-6
15
-21
13
7
-4
17
22
4
-46
17
11
-40
38
5
-32
19
-11
37
-14
-16
-3
-25
24
5
18
7
-21
14
-8
-17
3
-25
11
-2
1
27
-7
2
1
-6
13
24
-5
-23
-4
1
-21
12
-5
-12
28
-1
13
-12
-20
-15
-20
1
-16
25
42
-1
-16
21
4
-20
24
13
-16
24
10
-39
-8
-5
-25
-1
47
16
-18
10
14
-60
18
22
-16
-4
-7
23
-35
10
21
-22
5
21
-13
-13
24
35
-34
22
1
-41
22
-37
3
-5
-3
21
-5
23
4
-7
20
-45
55
-30
-29
2
-31
5
-2
42
33
16
58
-50
-2
-36
-25
10
-26
24
26
7
30
-5
-10
-16
-21
-19
-6
9
-4
10
13
31
-40
43
-39
-1
-38
18
-11
21
6
13
-18
8
-14
-24
-16
23
-6
-2
21
-4
16
-6
32
-49
1
33
-48
18
13
-3
10
35
51
-90
9
-14
-55
-1
1
14
5
15
65
-43
-43
31
-68
53
-3
-2
-2
-11
30
-39
42
9
2
29
21
-39
-6
3
-22
0
29
-14
-10
67
-6
-4
31
-36
-15
-48
15
-14
19
41
43
-21
-7
-20
-37
-39
21
-49
21
-5
74
13
-17
88
-68
22
-68
32
-24
11
86
-23
32
13
-70
-66
-69
12
11
15
84
-17
59
-81
-2
-86
-20
8
0
85
46
72
22
-31
-3
-24
-93
54
-47
27
-1
-3
9
-23
21
-69
-28
16
-23
58
58
7
12
-13
51
-10
1
-5
-34
1
-29
-18
32
-14
-1
37
-43
19
10
4
4
67
28
-26
-52
26
-67
-42
44
-4
47
35
65
-68
-74
-28
-53
12
82
21
15
-5
-4
-47
-47
-28
-9
53
54
97
-89
-27
-7
57
33
-20
24
-25
10
-11
-13
-60
-10
20
43
28
73
-32
-25
-28
-47
-26
12
15
-78
29
-11
44
-14
4
36
52
17
69
-96
-23
-5
-97
17
-140
29
26
-62
142
-21
36
-4
25
16
-94
36
25
-16
-67
67
25
14
4
51
-33
27
146
32
-34
-9
-169
-133
3
10
85
54
132
-6
48
-11
-143
-147
-16
48
29
74
3
4
-18
43
104
-89
-3
-55
-142
23
-61
89
21
-13
98
14
-28
54
-82
-35
-30
-24
-23
95
130
148
353
75
26
-205
-292
-315
-170
-90
-34
88
272
238
124
76
-159
-302
-154
-140
-78
22
95
145
75
100
176
-63
14
135
-31
-29
-4
-92
56
54
20
-67
26
-41
-127
-112
9
8
-60
75
37
-56
20
-76
-69
-88
101
88
92
63
6
24
-79
132
-65
-2
20
-41
63
-35
4
-23
-109
161
-30
45
-37
-84
-54
-91
-145
108
-70
76
227
-57
96
-54
-100
-69
-129
44
55
2
135
14
74
78
-84
31
-62
-3
-13
18
40
49
27
30
137
-212
-87
40
-165
-8
-14
-45
1
85
171
-99
-68
-95
12
-87
46
170
8
159
123
0
-113
-28
53
-176
79
41
31
119
10
-35
-276
-2
-63
-79
80
70
55
-17
74
-137
-89
4
50
30
117
116
-22
-63
141
-67
4
101
-96
-83
-64
88
-76
-72
197
-159
6
126
-90
-39
-108
-64
49
-113
47
3
82
144
46
-37
2
-60
-13
-48
26
45
17
84
107
56
-1
24
-141
-40
-54
31
-8
-113
21
-28
-136
93
79
-150
26
81
-52
-84
121
6
-107
117
25
56
19
109
-109
-89
178
35
22
22
-80
-98
94
35
103
-223
-78
-56
-50
70
-42
-69
-22
161
-2
-189
-1
7
-52
185
-39
127
151
-93
42
-17
101
-23
-36
13
53
39
32
-9
-34
36
-60
-9
-70
-52
-138
-41
-192
40
-49
89
190
-40
144
-33
36
-23
-107
-76
94
-76
36
76
-32
14
8
-33
79
-60
110
-39
-67
-74
-115
30
-110
88
97
148
82
74
59
-29
36
70
-185
96
-46
-48
-67
6
-50
-125
-86
-10
-93
-36
66
3
-28
198
160
106
154
61
-159
-173
-65
-117
-21
122
133
94
116
108
91
-191
-107
-154
-169
-149
-26
29
69
200
378
82
0
-162
-239
-265
-259
-138
43
221
240
115
205
121
-55
-112
-50
-261
-193
-11
-15
92
102
220
195
-35
190
-101
-221
-207
-211
-75
41
128
183
46
65
118
-63
-50
-85
-77
-59
109
-39
-75
46
188
178
9
86
27
-113
-14
-222
-254
-160
-93
8
120
196
232
104
98
-32
-169
-73
-238
-124
60
39
20
213
136
29
-16
-45
-145
-14
189
38
-148
-18
-15
-225
-16
-6
6
110
159
143
-3
-95
-166
-93
-30
33
130
123
139
165
24
-78
-60
-66
-41
-41
-8
56
-107
46
-18
70
35
-154
-234
-240
-18
-1
29
133
206
171
343
13
-111
-59
-14
-70
-136
-52
-27
100
122
-41
-23
47
-54
46
-135
63
37
-60
-79
-50
-22
-58
95
5
-20
5
54
-36
70
77
-26
-24
25
48
-121
40
55
-33
115
27
-27
-100
-71
-9
-38
69
93
-10
-25
-2
-117
-97
-8
52
-42
179
123
57
-78
-25
-1
-70
124
-74
-35
27
85
8
-15
99
-33
32
102
44
-36
-92
-38
-131
-102
-31
-144
-93
26
62
13
20
76
-129
-64
97
-10
5
8
-28
-18
96
80
-36
2
129
80
41
203
-32
-96
-65
-104
-47
-123
106
-22
38
111
43
-76
-52
1
-177
-175
-190
-219
-180
-47
59
68
22
147
83
-13
50
-87
-24
136
96
63
175
141
87
120
75
51
-42
16
-110
-169
-46
-81
-29
106
188
135
44
42
-3
-46
-77
-11
29
109
23
73
8
35
-29
9
-95
-147
-37
-57
-5
-23
44
24
34
-16
-17
-100
-29
37
19
39
32
17
5
15
-57
-55
-103
-104
-102
-6
48
136
39
84
121
-54
-19
-9
33
-26
45
-7
-52
11
-98
-265
-218
-7
-25
79
166
124
6
1
-54
-202
-169
-79
84
119
170
144
82
-68
-43
-98
-146
45
42
45
4
127
-1
-30
19
12
74
10
0
35
-6
46
-19
-34
79
54
111
83
13
-66
1
-25
-89
79
129
-19
24
-29
-20
-28
4
52
-79
42
-129
-179
13
-44
-45
-92
23
-54
-113
-89
-102
-112
-100
-56
-48
56
13
-58
-53
74
80
44
194
147
64
131
-40
-78
-104
-122
-82
-101
-101
-109
-67
-67
-78
-18
66
-83
-72
-70
-122
-21
21
44
89
206
140
173
178
162
134
73
111
36
22
67
81
52
151
178
45
71
42
-53
-59
-110
-103
-159
-117
-3
-28
98
93
37
92
25
-42
-106
-50
-72
-92
-31
-2
-31
-28
23
-25
-52
-51
-108
-126
-22
-71
-89
-34
-71
-33
-77
-47
-52
-40
34
-1
8
15
55
16
81
127
150
109
67
120
38
13
81
113
78
74
76
57
89
116
109
117
188
100
27
3
-5
10
-44
-70
-72
-18
11
6
-40
-46
-31
-44
-51
-89
-82
-130
-66
-125
-54
72
41
3
-13
-16
-18
-10
-41
-70
-98
-125
-136
-110
-175
-142
-119
-128
-102
-117
-118
-108
-113
-151
-193
-195
-201
-195
-166
-131
-67
37
62
82
95
107
141
121
178
124
130
188
143
132
112
73
24
25
-35
10
-17
-61
-91
-152
-137
-162
-156
-136
-82
-8
-6
9
128
158
132
82
11
65
149
99
155
186
221
221
187
135
105
170
90
77
39
50
121
68
91
100
129
97
69
67
78
88
154
152
93
116
99
94
82
100
87
94
76
48
34
49
-53
-32
-5
-15
3
-88
-114
-208
-169
-174
-198
-136
-152
-104
-81
-73
-58
-78
-91
-108
-125
-122
-224
-137
-123
-285
-331
-336
-344
-399
-291
-193
-52
333
863
1273
1468
1577
1634
1535
1294
916
476
20
-270
-566
-940
-1065
-1086
-1171
-1296
-1161
-1094
-1298
-1437
-1437
-1555
-1776
-1669
-1597
-1586
-1365
-978
-676
-380
206
691
1012
1336
1601
1589
1485
1414
1201
855
633
542
323
187
180
157
139
207
140
-19
-111
-174
-412
-727
-845
-909
-1001
-887
-647
-361
70
564
927
1305
1742
1995
2102
2188
2228
2125
1947
1757
1553
1316
1171
1001
684
542
417
179
-16
-197
-440
-652
-815
-1021
-1126
-1132
-1096
-1069
-914
-674
-549
-364
-149
-37
-38
-8
19
-74
-130
-153
-196
-241
-224
-188
-292
-352
-332
-367
-485
-586
-648
-721
-815
-828
-815
-787
-715
-667
-597
-492
-326
-265
-207
-139
-147
-122
-66
-62
-154
-178
-192
-222
-209
-231
-213
32
796
1494
1786
1986
2246
2336
2077
1729
1083
344
-98
-448
-1065
-1558
-1558
-1658
-1937
-1921
-1769
-1804
-1878
-1881
-2045
-2315
-2305
-2232
-2404
-2391
-2053
-1730
-1460
-858
-162
408
1045
1618
1939
2118
2222
2132
1750
1391
1048
635
269
84
-15
-70
39
100
131
228
213
3
-273
-521
-795
-1020
-1167
-1240
-1153
-796
-244
245
858
1469
1972
2426
2711
2887
2971
2977
2832
2640
2540
2484
2312
2127
2071
1991
1870
1679
1421
1004
521
47
-511
-1083
-1625
-2015
-2226
-2296
-2226
-2012
-1642
-1243
-846
-472
-248
-101
17
97
80
12
55
95
136
187
226
210
189
140
5
-213
-475
-654
-830
-925
-1065
-1126
-1051
-969
-934
-827
-726
-704
-605
-564
-531
-423
-277
-182
-79
64
201
255
258
259
229
225
221
175
48
252
1047
1676
1814
1940
2111
2064
1760
1400
763
-1
-406
-800
-1529
-2037
-2041
-2123
-2430
-2355
-2064
-2030
-2011
-1910
-2025
-2343
-2252
-2126
-2370
-2446
-2090
-1757
-1512
-868
-134
527
1193
1702
1963
2105
2220
2018
1522
1096
754
376
98
-17
-24
47
206
271
257
350
322
38
-444
-854
-1174
-1461
-1624
-1633
-1401
-947
-342
335
1105
1900
2529
3065
3411
3551
3572
3577
3504
3289
3157
2957
2751
2558
2415
2320
2117
1873
1587
1183
640
46
-577
-1203
-1760
-2147
-2371
-2540
-2539
-2264
-1956
-1650
-1177
-674
-430
-178
116
266
377
502
487
391
474
537
427
395
361
239
62
-104
-398
-789
-1020
-1241
-1530
-1708
-1759
-1761
-1707
-1549
-1355
-1289
-1202
-1061
-947
-904
-804
-652
-492
-303
-89
179
351
414
440
441
407
313
174
66
434
1333
1874
1932
2110
2429
2365
1896
1463
806
69
-339
-806
-1556
-1980
-1769
-1863
-2323
-2148
-1772
-1835
-1974
-1952
-2168
-2459
-2309
-2281
-2497
-2399
-1870
-1463
-1101
-283
600
1206
1710
2059
2182
2179
2149
1819
1205
757
400
20
-265
-386
-359
-318
-349
-446
-425
-346
-536
-952
-1425
-1787
-2046
-2135
-2093
-2020
-1693
-1057
-322
405
1308
2170
2762
3201
3519
3659
3682
3704
3637
3551
3646
3673
3458
3276
3205
3052
2678
2204
1547
786
240
-331
-1083
-1576
-1763
-2044
-2198
-2023
-1817
-1674
-1391
-1073
-904
-596
-164
-52
-27
293
569
621
798
1021
1147
1270
1331
1111
788
745
491
-95
-487
-715
-1053
-1320
-1459
-1692
-1810
-1639
-1532
-1668
-1593
-1386
-1423
-1514
-1471
-1405
-1363
-1109
-844
-777
-521
-90
106
88
120
149
-23
-172
-361
-571
-459
239
1159
1597
1909
2367
2673
2581
2164
1728
1008
204
-272
-937
-1771
-2088
-1992
-2277
-2661
-2376
-2083
-2233
-2367
-2266
-2444
-2706
-2609
-2611
-2820
-2684
-2089
-1620
-1136
-142
931
1566
2059
2601
2866
2813
2640
2285
1708
1176
739
344
32
-64
25
67
-19
-102
-24
-65
-442
-965
-1477
-1891
-2211
-2341
-2319
-2092
-1521
-770
-29
790
1792
2626
3044
3300
3536
3668
3698
3678
3468
3206
3231
3346
3277
3109
3081
2946
2551
2026
1400
678
-95
-813
-1451
-1953
-2217
-2226
-2204
-2155
-1860
-1385
-1015
-754
-418
-173
-56
125
173
171
328
536
581
674
950
1072
1027
972
850
550
288
3
-527
-970
-1192
-1408
-1707
-1833
-1822
-1831
-1749
-1595
-1493
-1430
-1235
-1117
-1095
-1032
-919
-815
-699
-510
-365
-239
-19
117
124
105
54
-89
-227
-306
-244
331
1267
1816
2032
2372
2743
2682
2247
1900
1186
287
-184
-654
-1469
-1874
-1679
-2034
-2523
-2264
-1977
-2169
-2284
-2234
-2662
-3072
-2873
-2870
-3053
-2768
-2137
-1715
-1251
-208
811
1583
2292
2746
2850
2754
2690
2375
1773
1194
650
261
-97
-300
-268
-149
-103
-220
-199
-311
-677
-1084
-1530
-2035
-2413
-2445
-2462
-2388
-1891
-1134
-451
368
1444
2267
2751
3280
3660
3747
3820
3833
3621
3372
3349
3422
3419
3321
3184
2990
2659
2226
1603
834
-28
-740
-1394
-2015
-2305
-2321
-2264
-2226
-1852
-1372
-995
-600
-250
-32
116
403
541
606
842
1105
1177
1250
1527
1682
1663
1616
1427
1117
840
414
-148
-645
-1011
-1371
-1669
-1790
-1942
-1967
-1861
-1833
-1908
-1850
-1714
-1770
-1871
-1854
-1714
-1598
-1422
-1299
-1222
-1004
-730
-508
-401
-268
-190
-228
-293
-425
-502
-257
553
1476
1910
2186
2549
2839
2722
2259
1582
664
-52
-574
-1250
-1938
-2102
-2110
-2585
-2909
-2595
-2308
-2497
-2751
-2879
-3189
-3301
-3022
-2889
-2751
-2252
-1540
-1034
-396
753
1730
2384
2884
3196
3307
3209
3004
2478
1803
1218
697
200
-173
-243
-218
-311
-556
-786
-923
-1104
-1499
-2008
-2521
-2901
-3056
-2963
-2733
-2298
-1500
-634
163
1080
2102
2918
3510
3903
4104
4170
4201
4130
3919
3767
3771
3710
3521
3406
3281
3015
2572
2015
1309
627
-58
-852
-1548
-2027
-2279
-2362
-2243
-1970
-1610
-1098
-649
-292
166
635
915
1060
1319
1533
1669
1883
2044
2046
2095
2216
2109
1836
1666
1383
776
183
-213
-666
-1195
-1580
-1949
-2295
-2413
-2430
-2569
-2632
-2476
-2402
-2440
-2295
-2051
-1895
-1683
-1415
-1315
-1175
-889
-724
-700
-526
-355
-419
-516
-520
-607
-700
-652
-592
-589
-243
876
1799
2160
2434
2774
2909
2458
1900
1260
448
-85
-458
-1018
-1591
-1548
-1511
-1998
-2228
-2145
-2245
-2720
-3126
-3349
-3702
-3712
-3426
-3243
-2914
-2261
-1476
-896
-49
1102
1992
2491
2781
2988
2925
2699
2432
2000
1495
1021
622
308
87
-28
-102
-351
-830
-1235
-1455
-1862
-2466
-2928
-3209
-3397
-3312
-2908
-2466
-1851
-946
-40
800
1777
2755
3287
3585
3924
4088
4103
4176
4245
4121
4075
4158
4076
3944
3858
3555
2924
2282
1616
708
-73
-700
-1366
-1865
-1981
-1814
-1613
-1192
-620
-269
109
598
973
1178
1427
1640
1695
1790
2003
2162
2220
2360
2388
2299
2229
2007
1541
981
460
-186
-927
-1510
-2025
-2549
-2927
-3154
-3316
-3411
-3315
-3226
-3163
-2916
-2681
-2501
-2288
-1960
-1663
-1479
-1282
-1184
-1122
-939
-811
-822
-818
-762
-780
-904
-925
-992
-1109
-1117
-1106
-1043
-762
112
1302
2000
2386
2729
2949
2856
2410
1880
1031
304
-52
-512
-1158
-1473
-1321
-1611
-2218
-2353
-2334
-2670
-3157
-3306
-3510
-3816
-3483
-3023
-2811
-2387
-1530
-773
-207
834
1899
2436
2675
2923
3050
2879
2706
2475
1975
1535
1210
993
750
589
573
256
-262
-807
-1159
-1554
-2187
-2669
-3080
-3344
-3427
-3171
-2670
-2161
-1417
-576
232
1060
1913
2639
3031
3324
3612
3778
3901
4014
4115
4186
4342
4406
4285
4106
3826
3340
2553
1762
995
180
-529
-1058
-1393
-1557
-1438
-1218
-945
-538
-85
270
487
741
1047
1220
1328
1475
1637
1839
2098
2273
2252
2273
2286
2106
1735
1225
601
-36
-657
-1357
-1985
-2418
-2686
-2975
-3209
-3225
-3138
-3068
-2902
-2734
-2596
-2300
-1996
-1825
-1673
-1437
-1188
-1051
-976
-897
-860
-864
-890
-1035
-1202
-1200
-1216
-1369
-1539
-1573
-1622
-1670
-1573
-1461
-1278
-566
758
1955
2574
3031
3470
3569
3186
2618
1898
923
263
-167
-918
-1601
-1694
-1804
-2539
-2993
-2833
-3024
-3600
-3928
-4053
-4358
-4275
-3682
-3227
-2752
-1919
-1080
-445
501
1728
2487
2872
3246
3510
3508
3449
3465
3198
2730
2362
1996
1594
1251
970
532
-191
-995
-1608
-2015
-2509
-3015
-3350
-3553
-3594
-3323
-2766
-2169
-1360
-375
441
1177
2127
3129
3707
4152
4762
5158
5308
5572
5777
5741
5663
5593
5135
4507
4157
3594
2619
1645
871
-6
-834
-1280
-1587
-1844
-1803
-1548
-1317
-935
-409
-99
48
259
424
474
579
708
759
945
1177
1197
1173
1243
1213
960
693
354
-291
-869
-1341
-1924
-2389
-2594
-2805
-3081
-3084
-2970
-2994
-2853
-2597
-2565
-2524
-2249
-2074
-2009
-1794
-1643
-1679
-1511
-1215
-1212
-1275
-1164
-1046
-1134
-1123
-1043
-1110
-1063
-1028
-1066
-1008
-826
-650
-565
-302
61
462
1550
2970
3664
3738
3882
3998
3478
2550
1664
535
-504
-1046
-1597
-2359
-2602
-2363
-2725
-3352
-3304
-3110
-3445
-3842
-3902
-4026
-4058
-3505
-2871
-2437
-1766
-798
-30
653
1695
2680
3294
3621
3816
3851
3661
3406
3018
2436
1858
1331
892
503
97
-353
-886
-1448
-1940
-2224
-2509
-2941
-3295
-3449
-3450
-3213
-2575
-1830
-1066
-115
879
1868
2964
4034
4728
5128
5574
5888
5904
5889
5992
5910
5622
5378
5100
4696
4281
3750
2916
1985
1212
441
-389
-1008
-1435
-1770
-1859
-1574
-1193
-888
-468
-106
32
204
444
480
382
476
609
603
704
871
863
772
767
649
311
-50
-491
-1068
-1622
-2086
-2565
-2956
-3115
-3233
-3431
-3422
-3260
-3235
-3206
-3096
-3027
-2949
-2827
-2828
-2894
-2713
-2417
-2303
-2138
-1802
-1620
-1564
-1412
-1266
-1152
-1031
-950
-1005
-1030
-884
-702
-547
-375
-171
89
379
592
862
1432
2505
3453
3662
3552
3460
3208
2498
1566
769
-109
-730
-843
-1101
-1506
-1440
-1164
-1637
-2170
-2056
-2176
-2875
-3314
-3254
-3386
-3283
-2571
-1919
-1404
-520
452
921
1434
2379
2982
3002
2903
2886
2720
2399
2175
1936
1668
1403
1081
712
304
-76
-496
-1132
-1880
-2382
-2601
-2934
-3329
-3252
-2898
-2510
-1841
-820
168
987
1837
2543
3059
3636
4220
4396
4452
4762
4973
5063
5336
5634
5602
5439
5268
4754
4029
3376
2590
1563
684
176
-367
-883
-1092
-1099
-1082
-966
-732
-599
-467
-214
-192
-384
-342
-228
-366
-510
-395
-266
-266
-163
38
109
142
140
-161
-494
-758
-1233
-1836
-2259
-2502
-2838
-3088
-3105
-3044
-2935
-2811
-2782
-2803
-2716
-2684
-2868
-2994
-3040
-3218
-3358
-3318
-3264
-3137
-2757
-2359
-2149
-1793
-1377
-1202
-1055
-793
-543
-423
-261
-17
160
444
822
1037
1211
1383
1473
1482
1432
1396
1706
2677
3377
3286
3259
3517
3306
2527
1924
1289
219
-286
-360
-951
-1597
-1493
-1529
-2339
-2534
-2042
-2215
-2688
-2591
-2515
-2832
-2593
-1922
-1571
-1061
-169
470
829
1661
2703
3120
3278
3508
3491
3182
2786
2375
1870
1317
667
8
-399
-670
-959
-1328
-1804
-2204
-2334
-2359
-2579
-2599
-2221
-1865
-1582
-980
-89
720
1554
2395
3005
3697
4596
5205
5293
5444
5808
5785
5571
5491
5291
4878
4499
4061
3415
2860
2431
1722
771
105
-355
-979
-1540
-1860
-2055
-2214
-2267
-2227
-2113
-1838
-1489
-1286
-1030
-541
-86
164
283
363
338
221
23
-253
-498
-664
-912
-1210
-1381
-1526
-1814
-2145
-2446
-2840
-3173
-3439
-3828
-4164
-4227
-4185
-4159
-3868
-3429
-3092
-2762
-2341
-2075
-1960
-1732
-1598
-1664
-1610
-1448
-1435
-1404
-1079
-752
-502
-171
27
51
186
372
374
410
679
883
982
1194
1395
1459
1525
1636
1577
1375
1418
2248
3261
3607
3573
3640
3597
3024
2322
1741
797
-39
-334
-775
-1501
-1670
-1454
-1976
-2649
-2498
-2372
-2843
-3086
-2880
-2935
-2817
-1958
-1220
-823
-3
1064
1605
2011
2842
3358
3235
3059
2929
2606
2149
1756
1364
899
382
-193
-710
-1149
-1490
-1818
-2256
-2706
-2753
-2415
-2269
-2228
-1737
-1061
-630
-111
778
1553
2089
2735
3309
3715
4258
4876
5045
5011
5305
5491
5204
4917
4772
4376
3754
3199
2545
1788
1205
643
-109
-727
-1006
-1276
-1602
-1773
-1806
-1833
-1827
-1782
-1733
-1589
-1399
-1364
-1253
-800
-231
138
406
678
843
850
688
337
-175
-720
-1329
-2048
-2613
-2978
-3378
-3842
-4138
-4227
-4340
-4479
-4493
-4466
-4385
-4195
-3980
-3742
-3374
-2997
-2695
-2366
-1914
-1477
-1136
-798
-535
-289
46
286
309
300
385
371
281
301
269
211
264
363
393
544
817
940
942
952
916
832
865
861
754
746
808
762
1165
2629
4059
4414
4366
4517
4323
3458
2567
1712
464
-265
-219
-453
-859
-400
80
-627
-1287
-1250
-1708
-2751
-3342
-3570
-4062
-3965
-3043
-2255
-1617
-490
564
847
1192
1928
2177
1885
1651
1526
1332
1227
1312
1413
1501
1608
1591
1389
1106
880
478
-267
-1019
-1327
-1357
-1517
-1527
-1142
-699
-316
174
733
1111
1482
1826
1941
2136
2663
3169
3268
3488
3969
4235
4329
4514
4492
4162
3840
3402
2684
2102
1769
1269
505
-41
-429
-949
-1433
-1815
-2199
-2556
-2796
-2992
-3118
-3051
-2860
-2781
-2685
-2418
-2044
-1594
-1252
-1060
-981
-1034
-1174
-1324
-1515
-1774
-1935
-1976
-2126
-2293
-2230
-2174
-2381
-2564
-2626
-2772
-2940
-2842
-2668
-2642
-2509
-2239
-1975
-1612
-1208
-917
-674
-334
-41
150
471
864
1124
1281
1334
1271
1283
1383
1339
1228
1207
1233
1161
1096
1183
1258
1245
1144
851
624
672
655
464
349
345
328
331
524
662
874
2211
3827
4135
3912
4189
4153
3043
1936
1425
442
-487
-428
-502
-1141
-968
-515
-1504
-2710
-2739
-3149
-4612
-5306
-4993
-5227
-5251
-3955
-2620
-1912
-771
572
889
902
1629
2273
2311
2285
2501
2726
2888
3192
3423
3391
3244
2986
2297
1268
581
157
-602
-1591
-2017
-1816
-1765
-1823
-1415
-981
-859
-567
-113
91
469
1155
1540
1694
2409
3427
3898
4150
4634
4848
4640
4476
4340
3918
3430
3072
2454
1598
975
505
-247
-1107
-1870
-2558
-3226
-3787
-4129
-4318
-4344
-4306
-4255
-4084
-3739
-3302
-3062
-2971
-2766
-2389
-2008
-1760
-1456
-1082
-796
-526
-263
-174
-242
-418
-842
-1387
-1732
-1945
-2226
-2374
-2229
-2044
-1781
-1402
-1062
-791
-531
-370
-375
-227
68
178
217
444
749
996
1276
1551
1878
2220
2297
2119
1953
1802
1592
1355
1173
955
757
693
565
372
308
233
-74
-406
-554
-548
-506
-434
-371
-312
-133
128
347
552
830
1025
1864
3147
3570
3255
3120
2939
1847
611
13
-744
-1647
-1793
-1727
-2045
-1914
-1566
-2375
-3460
-3500
-3606
-4528
-4834
-4159
-3704
-3248
-2017
-640
321
1226
1918
1937
2026
2670
3008
2893
3093
3498
3561
3511
3709
3873
3654
3077
2312
1529
788
189
-290
-695
-1074
-1239
-1141
-1080
-1031
-915
-986
-1257
-1291
-1008
-825
-491
155
784
1249
1929
2693
3022
3194
3288
3038
2588
2357
2216
1894
1673
1500
1011
440
140
-182
-970
-1814
-2480
-3194
-3905
-4303
-4361
-4332
-4150
-3891
-3610
-3207
-2688
-2305
-2206
-2014
-1679
-1446
-1270
-854
-322
-46
203
550
749
902
1088
1083
843
762
687
448
344
370
314
226
319
312
172
154
154
62
89
203
160
202
414
458
387
514
667
651
706
703
524
442
495
326
26
7
-16
-267
-438
-410
-463
-547
-509
-559
-638
-530
-426
-577
-561
-235
-20
-14
55
235
340
486
719
698
722
1733
2768
2717
2302
2295
1916
632
-402
-736
-1076
-1196
-794
-681
-894
-443
-254
-1306
-2232
-2172
-2482
-3406
-3502
-2706
-2100
-1442
-272
755
1366
2004
2297
2013
2027
2407
2511
2500
2970
3596
3738
3538
3520
3540
3055
2088
1099
301
-455
-1100
-1505
-1677
-1794
-1754
-1753
-1949
-2117
-2165
-2353
-2635
-2536
-2103
-1663
-1066
-73
864
1420
1899
2348
2551
2456
2252
1966
1731
1652
1556
1471
1479
1491
1220
718
200
-408
-1181
-1917
-2538
-2978
-3230
-3257
-3185
-3018
-2689
-2430
-2275
-2037
-1648
-1342
-1025
-513
84
566
1004
1407
1617
1729
1814
1773
1588
1479
1435
1339
1224
1106
927
713
493
192
-146
-384
-645
-994
-1175
-1177
-1211
-1124
-818
-600
-517
-332
-185
-237
-241
-205
-354
-513
-456
-461
-532
-425
-327
-407
-532
-577
-669
-764
-792
-846
-860
-714
-608
-689
-733
-671
-685
-714
-550
-291
-91
-7
142
272
318
401
498
430
353
1162
2314
2707
2596
2785
2866
2025
1209
967
635
192
212
206
-363
-364
-72
-810
-1738
-1756
-1880
-2759
-2800
-1903
-1660
-1658
-842
81
279
550
831
632
709
1262
1579
1638
2311
3058
2900
2396
2237
2038
1300
451
-183
-777
-1203
-1391
-1436
-1360
-1200
-1206
-1571
-1932
-2052
-2101
-2303
-2441
-2162
-1632
-1087
-483
333
1107
1561
1750
1812
1891
1981
2040
2039
2110
2373
2475
2408
2386
2298
1865
1200
613
73
-353
-598
-732
-947
-1069
-1034
-1142
-1311
-1389
-1485
-1635
-1692
-1524
-1262
-818
-238
247
587
921
1246
1432
1468
1355
1141
1059
935
747
645
618
452
196
43
-91
-186
-321
-610
-982
-1152
-1228
-1472
-1689
-1622
-1566
-1711
-1742
-1510
-1307
-1140
-999
-944
-964
-839
-706
-803
-864
-796
-803
-1001
-1021
-790
-602
-537
-400
-291
-300
-284
-189
-244
-391
-409
-401
-316
-131
122
344
598
771
885
951
1026
1044
1064
1024
1033
1628
2493
2798
2508
2303
2090
1312
406
-133
-413
-511
-280
-53
-177
-154
-226
-958
-1825
-2076
-2150
-2616
-2610
-1887
-1222
-766
-85
615
802
840
768
402
125
431
970
1224
1593
2145
2321
2106
1847
1583
902
76
-532
-966
-1262
-1302
-1169
-1157
-1145
-1098
-1153
-1365
-1559
-1622
-1677
-1648
-1359
-790
-140
348
804
1188
1422
1538
1596
1640
1728
2050
2352
2523
2706
3023
3157
2875
2407
1950
1439
849
440
272
241
263
267
155
-10
-241
-597
-1021
-1367
-1610
-1760
-1741
-1461
-986
-561
-306
-150
3
53
-45
-153
-159
-174
-212
-195
-96
65
188
146
7
-65
-179
-395
-571
-616
-652
-743
-851
-973
-1068
-1147
-1344
-1614
-1721
-1719
-1760
-1806
-1697
-1500
-1338
-1213
-1100
-910
-747
-650
-618
-563
-372
-184
-63
87
308
455
661
1056
1263
1194
972
788
539
272
50
-113
4
244
406
321
257
315
264
259
164
116
122
167
96
215
819
1217
1321
1322
1306
1245
1117
990
668
638
849
797
495
172
4
-361
-652
-928
-1127
-984
-805
-689
-618
-409
-423
-586
-654
-784
-872
-811
-595
-472
-254
201
566
696
603
429
214
-48
-281
-431
-374
-221
-31
116
176
233
148
-73
-355
-477
-549
-630
-518
-190
194
525
835
1060
1246
1303
1224
1224
1293
1327
1359
1549
1808
2042
2148
2142
2075
1905
1617
1262
929
589
260
-23
-277
-497
-665
-861
-1059
-1169
-1282
-1510
-1656
-1593
-1473
-1347
-1179
-951
-722
-531
-368
-289
-254
-210
-203
-212
-153
-35
13
-3
-7
17
-45
-187
-321
-450
-592
-751
-863
-881
-872
-950
-1062
-1089
-1037
-1084
-1138
-1059
-907
-751
-646
-523
-366
-189
-77
-19
118
308
384
332
394
556
648
639
639
655
583
491
389
288
209
219
180
140
216
328
347
280
264
274
197
72
28
96
185
321
490
606
666
650
542
388
298
183
22
-41
51
181
294
389
450
341
166
28
-104
-211
-258
-201
-173
-129
-116
-206
-346
-432
-469
-515
-502
-361
-154
-40
-17
-28
-103
-341
-590
-706
-731
-697
-513
-271
-65
140
267
179
-24
-123
-251
-519
-696
-592
-363
-128
141
447
671
793
865
876
891
928
978
1008
1051
1135
1196
1183
1062
909
729
471
172
-20
-134
-288
-451
-591
-710
-824
-916
-1033
-1184
-1290
-1335
-1311
-1209
-1015
-705
-379
-100
174
432
619
737
765
721
718
713
693
759
886
913
831
714
570
373
127
-147
-414
-568
-644
-738
-811
-817
-818
-907
-1016
-1022
-954
-895
-866
-804
-714
-590
-386
-229
-113
38
143
148
181
348
503
570
632
672
647
587
489
378
231
50
-106
-202
-205
-146
-78
-17
69
177
228
195
163
139
127
85
121
243
320
334
378
457
460
403
333
236
89
-65
-190
-235
-238
-211
-160
-109
-81
-81
-103
-84
-78
-124
-181
-136
-36
31
68
108
237
268
202
191
208
145
18
-49
-18
48
64
46
17
-57
-142
-251
-380
-435
-451
-516
-607
-564
-505
-496
-508
-405
-216
-107
6
154
313
473
655
789
853
926
967
939
893
852
821
728
576
434
304
159
-41
-261
-476
-704
-891
-1009
-1105
-1192
-1178
-1151
-1198
-1118
-889
-671
-466
-182
56
196
368
596
725
748
726
715
674
644
664
671
644
545
417
284
139
32
-66
-237
-467
-587
-649
-754
-716
-605
-583
-575
-510
-421
-392
-363
-246
-173
-101
-37
91
229
370
477
462
441
439
463
384
297
299
290
230
197
249
242
223
208
148
19
-174
-275
-276
-283
-170
-57
64
215
383
416
303
198
148
-27
-158
-269
-394
-440
-395
-335
-230
-146
-105
-134
-146
-200
-246
-196
-99
-42
-40
-7
72
110
142
222
196
159
180
231
213
287
334
190
118
185
130
-37
-122
-150
-115
-23
-36
-107
-110
-85
-170
-351
-429
-405
-397
-384
-397
-351
-245
-133
-24
38
30
87
99
94
187
248
273
388
563
655
647
662
712
651
603
569
480
398
368
277
179
120
77
53
27
11
-72
-186
-317
-431
-547
-675
-781
-773
-741
-658
-481
-337
-309
-268
-191
-248
-318
-191
-62
-48
28
173
246
328
354
231
64
-97
-235
-334
-327
-254
-219
-202
-168
-148
-176
-245
-287
-308
-368
-417
-371
-308
-282
-192
-125
-41
136
300
334
311
360
391
383
412
508
607
695
756
740
673
619
646
650
582
537
539
422
212
85
6
-89
-123
-141
-164
-182
-179
-171
-213
-253
-345
-478
-581
-655
-697
-645
-548
-467
-364
-263
-252
-265
-250
-250
-264
-260
-170
-57
68
247
406
491
486
426
343
244
165
164
189
197
224
256
249
252
212
90
-63
-184
-244
-284
-313
-282
-249
-291
-344
-309
-301
-311
-258
-182
-113
-7
155
187
179
162
100
24
27
121
233
318
423
499
496
453
410
335
235
192
169
169
186
210
134
56
33
3
-31
-74
-133
-191
-275
-390
-456
-431
-392
-383
-360
-306
-232
-146
-70
-19
3
-13
-42
-96
-126
-116
-89
-37
26
111
186
222
197
113
-25
-173
-271
-343
-379
-368
-350
-326
-266
-216
-208
-191
-185
-211
-254
-226
-144
-77
-3
121
230
300
382
436
471
535
587
571
550
553
505
418
364
323
273
187
88
26
7
-59
-155
-242
-282
-305
-334
-322
-278
-203
-137
-84
-44
-7
2
-39
-87
-129
-149
-161
-139
-99
-54
-17
11
6
-47
-107
-142
-144
-146
-123
-57
37
118
152
176
204
221
197
183
176
198
212
233
313
419
465
453
396
330
239
97
-40
-115
-155
-189
-226
-213
-179
-200
-288
-364
-382
-406
-464
-503
-461
-375
-319
-258
-158
-63
-7
44
107
149
185
225
243
267
302
300
270
260
276
251
195
151
102
34
-23
-115
-215
-286
-327
-368
-373
-340
-281
-226
-168
-95
-14
58
98
126
154
197
242
265
266
273
266
205
157
144
125
69
29
-1
-47
-80
-126
-209
-283
-316
-347
-391
-398
-341
-288
-269
-222
-137
-58
26
90
107
89
111
130
125
126
182
230
268
287
310
327
288
199
110
35
-49
-120
-148
-150
-116
-64
-45
-49
-20
-2
-68
-153
-145
-110
-98
-45
51
111
151
179
188
145
111
79
24
-35
-71
-77
-82
-80
-59
-46
-61
-67
-45
-66
-105
-118
-116
-114
-93
-27
34
109
167
174
153
173
185
150
151
201
222
229
259
278
282
292
233
119
42
-18
-121
-205
-231
-247
-278
-275
-252
-231
-203
-210
-254
-273
-250
-259
-267
-207
-137
-89
-13
91
163
209
256
282
289
336
388
392
356
315
253
164
87
29
-13
-51
-89
-96
-82
-71
-94
-143
-197
-247
-319
-369
-398
-398
-373
-309
-220
-133
-63
-7
17
18
14
-22
-76
-114
-125
-99
-25
45
112
185
218
207
197
186
137
83
37
-14
-57
-45
-43
-59
-25
15
9
-3
12
11
7
-14
-56
-80
-64
-39
-3
46
63
55
38
23
21
29
10
-22
-44
-74
-69
-19
26
62
115
127
128
172
202
181
177
180
154
132
137
135
124
119
91
56
39
10
-43
-100
-166
-236
-268
-274
-260
-236
-205
-176
-141
-90
-50
-30
-1
42
76
129
191
247
281
284
272
280
279
231
185
165
146
108
93
83
55
9
-56
-158
-241
-278
-311
-343
-349
-321
-295
-269
-226
-171
-125
-94
-67
-42
-20
2
35
72
125
199
261
288
302
323
327
304
277
255
203
148
88
23
-37
-84
-127
-199
-278
-313
-326
-349
-359
-368
-378
-360
-323
-286
-253
-214
-168
-138
-75
42
138
197
243
275
264
252
236
191
143
119
94
52
52
91
109
94
70
55
34
2
-44
-67
-62
-49
-55
-37
22
57
64
68
55
30
10
-24
-56
-56
-68
-127
-191
-199
-199
-213
-211
-201
-195
-183
-160
-153
-145
-110
-85
-95
-69
-1
53
96
143
190
196
170
170
181
182
161
154
158
158
151
132
109
97
83
59
37
43
52
49
43
19
6
1
-11
-42
-66
-47
-3
44
111
182
223
231
216
176
115
59
1
-47
-71
-74
-77
-81
-73
-65
-77
-85
-84
-83
-97
-112
-113
-115
-123
-110
-64
-33
-1
45
84
106
134
134
104
79
67
24
-14
1
6
-19
-31
-17
-27
-44
-26
-8
-31
-63
-76
-99
-130
-158
-188
-226
-265
-301
-306
-272
-234
-211
-188
-143
-86
-49
-27
-15
10
20
14
27
74
119
139
160
191
228
256
252
237
220
190
143
110
108
111
106
104
123
134
131
138
144
126
119
126
116
104
108
86
40
7
-30
-74
-87
-88
-105
-123
-105
-79
-74
-85
-101
-135
-180
-224
-255
-265
-248
-215
-178
-135
-88
-59
-51
-28
-17
-29
-59
-84
-93
-99
-95
-67
-21
13
29
39
35
37
37
12
-30
-58
-72
-72
-49
-16
5
21
40
47
54
60
62
49
44
49
66
104
137
155
162
155
125
89
66
43
8
-12
-9
5
7
10
10
4
-1
-8
-9
5
38
72
111
168
217
242
258
275
270
245
216
199
200
198
200
205
199
170
131
94
45
-10
-74
-135
-194
-240
-268
-285
-288
-274
-269
-280
-286
-293
-298
-299
-306
-311
-298
-288
-267
-238
-199
-165
-127
-82
-49
8
61
93
104
102
99
87
74
69
74
63
53
60
64
65
55
31
7
-1
-16
-16
10
43
62
78
114
131
131
130
133
126
127
145
163
169
171
175
179
169
151
137
114
68
31
7
-13
-39
-71
-100
-126
-140
-155
-172
-176
-175
-173
-170
-154
-135
-96
-76
-83
-90
-78
-74
-71
-48
-25
-5
4
3
-5
-3
-9
-25
-36
-46
-63
-57
-40
-30
-10
-11
-23
-18
-6
-9
-19
-14
-16
-32
-32
-9
13
49
77
76
80
95
85
67
43
24
29
37
49
82
138
171
173
177
186
159
97
62
52
49
53
84
121
141
151
153
133
106
57
0
-43
-61
-62
-67
-54
-16
12
-12
-47
-56
-76
-118
-143
-143
-142
-141
-124
-104
-98
-87
-73
-80
-90
-79
-74
-95
-91
-62
-42
-44
-30
7
19
18
21
6
-26
-59
-67
-85
-95
-68
-58
-53
-32
1
23
23
15
5
-11
-27
-23
-4
22
52
79
110
132
140
142
131
109
89
81
82
70
70
82
80
77
71
66
52
29
16
6
-11
-28
-34
-38
-50
-82
-91
-87
-82
-74
-65
-63
-64
-48
-51
-50
-44
-28
-28
-49
-36
-10
15
33
39
33
18
1
-13
-23
-38
-49
-58
-56
-52
-39
-34
-43
-59
-71
-68
-53
-43
-36
-22
0
13
18
40
64
74
80
100
118
132
124
119
116
108
100
83
76
69
65
62
70
74
67
46
18
-8
-41
-70
-80
-79
-73
-59
-38
-12
6
9
-12
-52
-76
-84
-91
-78
-60
-39
-18
10
26
35
44
10
-47
-82
-94
-98
-87
-52
-16
8
44
73
82
78
76
43
15
20
33
47
72
90
92
91
77
47
12
-15
-53
-84
-85
-79
-74
-66
-65
-65
-68
-70
-85
-89
-93
-102
-99
-88
-76
-67
-49
-25
-4
21
48
69
78
89
99
101
96
91
96
108
113
119
117
104
85
52
24
3
-10
-37
-54
-43
-40
-47
-41
-34
-59
-81
-80
-81
-87
-92
-90
-76
-40
-5
13
33
42
44
29
20
17
8
-10
-17
-12
6
9
0
9
20
20
9
-10
-16
-28
-45
-51
-50
-53
-46
-39
-29
-4
32
51
60
85
101
104
97
98
83
56
50
31
21
43
58
67
69
78
58
22
12
-1
-36
-79
-94
-99
-96
-92
-81
-56
-43
-45
-50
-40
-42
-53
-47
-48
-53
-43
-19
1
14
33
52
54
58
51
31
3
-21
-43
-44
-37
-33
-25
-7
33
58
73
73
51
22
3
-12
-27
-8
26
50
51
58
58
53
23
-16
-30
-44
-64
-72
-47
-33
-26
-12
-1
4
-1
-8
-15
-21
-32
-34
-25
-7
12
30
53
60
69
69
57
29
19
4
-14
-22
-16
-10
-6
5
16
7
-13
-31
-50
-67
-79
-75
-62
-58
-53
-38
-24
-18
-16
-13
-23
-30
-27
-11
-9
8
34
38
38
40
45
34
19
5
0
-2
-3
-4
16
29
24
18
12
4
-8
-1
-4
-3
-3
3
5
19
22
25
33
38
30
31
47
51
53
49
43
34
29
26
16
22
20
16
17
18
13
3
0
-16
-36
-52
-54
-48
-42
-37
-32
-17
-13
-13
-13
-11
-12
-29
-46
-45
-25
-7
-1
11
33
38
21
16
19
1
-23
-28
-27
-26
-15
-10
0
-1
-4
-16
-23
-21
-29
-34
-28
-12
-3
3
14
8
-6
-13
-17
-24
-21
-10
-6
-3
13
25
29
31
24
18
24
37
40
36
45
50
35
34
31
24
4
-12
-15
-25
-23
-31
-32
-20
-12
-32
-32
-24
-28
-29
-35
-39
-48
-35
-34
-33
-11
1
-4
-9
-11
-14
-10
1
7
9
10
19
25
34
45
44
39
30
24
23
15
15
23
32
33
33
47
53
38
17
17
-1
-14
-7
-2
-4
-6
5
10
15
6
-6
-15
-24
-31
-38
-35
-32
-28
-20
-13
-16
-10
-15
-19
-28
-16
-5
3
20
23
23
21
22
18
22
19
18
20
25
37
35
36
36
24
8
6
-4
-18
-23
-22
-25
-42
-50
-48
-46
-46
-40
-34
-28
-30
-29
-20
-17
-18
-11
-8
-7
-4
6
3
15
34
44
36
28
29
19
12
5
3
2
-13
-12
-10
4
13
20
14
-4
-17
-27
-17
-12
-1
14
35
48
48
53
53
39
15
-3
-9
-16
-15
-8
6
-1
1
-6
-21
-35
-42
-42
-51
-39
-39
-35
-34
-18
-10
-6
6
5
14
15
12
5
-1
-7
-8
-10
-15
-14
-3
4
-1
-2
-3
-5
-8
0
-3
-6
-6
-13
-15
-10
-7
-10
-7
1
16
21
34
41
46
47
39
35
30
24
10
-1
-1
6
16
24
38
40
27
14
7
-1
-19
-25
-26
-22
-23
-12
-6
5
14
12
15
11
0
-4
0
-1
3
12
25
28
36
39
35
24
17
11
1
-2
-4
-12
-14
-14
-16
-18
-20
-25
-35
-38
-39
-50
-48
-47
-41
-42
-31
-31
-34
-18
-15
-18
-22
-9
-8
-6
5
9
7
17
23
7
10
18
21
20
27
22
6
4
9
11
16
13
10
14
4
-10
-4
2
-4
-11
-6
-1
-1
0
4
10
16
15
10
10
13
13
5
-6
-3
4
-4
-6
0
13
12
3
1
-4
-10
-11
-17
-18
-17
-19
-21
-23
-11
-9
-8
-11
-8
-17
-23
-16
-14
-3
-7
-3
0
7
2
3
7
14
9
9
11
15
16
16
21
24
14
6
11
17
22
26
29
23
15
16
10
9
2
-10
-2
3
0
-7
5
1
-8
-7
-10
-15
-19
-19
-23
-22
-11
-1
6
11
12
7
-4
-9
-15
-15
-10
-12
1
5
23
32
32
28
25
19
8
10
3
0
2
5
5
13
27
11
3
-4
-8
-15
-18
-15
-28
-29
-26
-17
-11
2
-2
-4
-8
-18
-24
-29
-18
-21
-26
-15
-9
0
3
-2
-2
-1
0
1
-1
-1
1
8
7
4
8
14
15
11
2
2
-4
-2
-3
-2
-2
0
4
8
13
17
14
13
7
-2
-7
-12
-7
-10
-11
-5
-2
-4
-4
-2
-3
-2
-9
-20
-26
-28
-30
-24
-13
-11
-12
-9
-10
-13
-9
-3
-2
-6
-3
-11
-6
4
13
20
24
29
29
29
29
32
31
24
30
29
29
26
29
28
23
22
13
8
10
7
-3
-6
-5
-6
-11
-6
-1
-2
-8
-6
2
6
-6
-11
-9
-13
-14
-9
-5
-6
-3
-5
-4
3
6
2
-4
-1
-3
-6
-2
-1
-4
3
6
12
22
21
19
8
0
-6
-13
-9
-10
-6
-9
-3
2
6
4
2
-16
-28
-38
-42
-39
-31
-16
-8
-6
-13
-9
-6
-9
-8
-5
-6
-8
-3
-1
5
17
20
20
14
2
-5
0
4
1
0
1
-1
3
6
9
13
9
0
-7
-3
-1
-10
-14
-11
-10
-2
-3
0
2
11
10
2
13
18
17
9
10
7
8
15
13
14
15
11
11
14
14
8
8
6
-2
-7
-7
-10
-12
-13
-18
-21
-22
-14
-7
-1
-2
-7
-4
-5
-8
0
5
-1
0
5
8
5
11
18
11
4
3
-2
-6
-9
-10
-7
-8
-7
-6
1
-2
-6
-2
-4
-9
-11
-11
-15
-10
-1
1
-2
1
2
2
5
7
5
9
13
11
9
7
8
5
0
-1
9
9
10
6
10
3
-2
-4
-8
-4
-5
-3
2
9
3
5
9
8
11
14
14
9
8
9
5
1
-4
-9
-14
-14
-10
-6
1
5
11
8
7
2
1
-10
-15
-8
-8
