0
1
0
0
0
0
0
0
0
0
0
0
0
0
1
0
0
0
0
1
0
-1
0
1
0
0
0
0
0
0
0
-1
-1
0
0
0
1
0
-1
0
0
-1
0
0
0
-1
0
0
1
0
0
0
0
0
0
1
0
0
0
0
1
0
0
0
1
1
0
0
0
0
0
0
1
0
1
0
0
0
1
0
0
0
-1
1
1
0
-1
0
0
0
0
0
0
0
0
0
0
0
1
0
1
0
0
0
0
0
-1
0
1
0
0
-1
0
-1
0
0
-1
0
0
0
0
0
0
0
0
0
0
0
0
0
0
0
0
0
0
0
0
0
0
0
0
0
0
0
0
0
0
0
0
0
-1
0
0
0
0
0
0
0
-1
0
0
0
0
0
0
0
0
0
0
0
0
0
0
0
0
0
0
0
0
0
0
1
-1
0
0
0
0
0
0
0
1
0
0
0
0
0
-1
0
0
0
0
0
0
0
0
0
0
-1
-1
-1
-1
0
-1
0
0
0
0
0
0
-1
-1
0
-1
0
0
0
-1
0
0
0
0
0
0
0
1
0
0
0
0
0
0
0
0
0
0
1
1
0
0
0
0
0
0
0
0
0
0
0
1
0
0
0
0
0
1
1
0
0
0
-1
0
-1
0
0
0
0
-1
0
0
0
0
1
-1
0
0
1
0
0
1
0
1
1
0
0
0
0
1
0
0
0
0
0
1
0
1
1
0
0
0
0
0
0
0
0
0
0
0
0
1
0
0
1
0
0
0
1
0
1
0
0
0
1
1
0
0
0
0
0
0
0
1
0
0
0
-1
-1
0
0
0
0
0
0
0
0
0
0
-1
0
0
-1
0
0
-1
0
0
0
-1
0
1
0
-1
0
0
-1
0
-1
-1
0
0
0
0
0
0
-1
0
0
0
0
0
0
0
1
0
0
-1
0
0
0
0
0
0
0
0
0
0
0
0
1
0
0
0
0
0
0
0
0
0
1
0
1
1
0
0
-1
1
0
1
1
0
1
1
1
1
0
1
1
0
1
0
0
1
1
1
0
0
0
0
1
0
0
1
0
1
1
0
0
0
0
0
0
0
0
0
0
0
0
0
-1
0
-1
0
0
0
-1
0
0
0
-1
-1
-1
0
0
-1
-1
0
-1
0
-1
0
-2
1
-6
-14
-7
-3
5
-1
-7
-10
-10
-13
-21
-15
-20
-21
-16
-14
-3
-5
-6
-1
0
0
1
5
1
-2
0
7
11
16
22
16
12
12
9
20
26
27
30
29
32
29
24
25
18
24
28
22
20
16
15
15
15
19
14
12
8
3
4
0
-7
-14
-12
-23
-27
-23
-22
-24
-22
-16
-23
-27
-28
-30
-25
-23
-22
-25
-24
-29
-34
-36
-31
-24
-28
-30
-29
-31
-27
-20
-14
-3
-6
-3
-1
4
10
9
12
13
19
21
15
11
8
3
4
7
6
-1
-3
-3
5
6
5
6
5
12
11
11
13
10
7
5
14
21
22
27
25
21
20
13
14
19
19
14
21
30
28
28
24
29
27
25
25
18
21
16
10
10
4
6
4
0
-1
-1
1
-1
-6
-7
-10
-18
-22
-27
-30
-30
-39
-42
-49
-50
-41
-36
-36
-40
-38
-38
-37
-33
-30
-27
-24
-17
-10
-12
-12
-10
-4
1
6
8
12
14
12
12
5
3
7
14
15
11
15
18
17
17
17
18
13
11
9
11
21
17
7
9
13
15
19
15
18
27
31
29
31
26
20
14
1
-5
8
8
4
4
-5
-8
-7
-5
-8
-13
-20
-18
-15
-23
-29
-30
-24
-27
-34
-36
-29
-31
-32
-31
-32
-26
-24
-27
-17
-19
-21
-16
-14
-1
-5
2
10
13
13
22
25
20
28
26
20
24
29
28
22
21
20
16
14
17
17
18
14
12
14
10
5
5
7
9
14
15
11
11
8
-1
-5
-5
-1
-11
-14
-21
-25
-31
-32
-32
-37
-26
-22
-9
6
19
25
23
22
17
9
9
12
11
9
4
7
0
-10
-11
-4
-8
-11
-7
-14
-13
-13
-20
-16
-20
-20
-11
-3
3
8
7
6
8
3
3
10
6
4
9
10
16
24
30
34
34
46
55
49
33
28
25
26
29
27
22
19
18
13
8
10
15
8
6
2
-3
-4
-4
-1
-3
-9
-13
-16
-30
-43
-40
-44
-47
-42
-46
-35
-28
-26
-21
-21
-16
-16
-13
-16
-21
-21
-15
-9
-22
-18
-15
-24
-19
-20
-16
-15
-9
-9
-15
-21
-29
-23
-24
-18
-12
-12
-19
-14
-15
-20
-21
-27
-30
-34
-29
-19
-23
-24
-13
-11
-4
-7
1
8
11
15
13
12
9
12
18
27
32
25
29
32
25
27
24
24
26
34
28
30
42
44
47
49
50
48
48
44
50
46
42
46
42
43
27
22
20
13
10
2
6
1
-7
-7
-3
3
8
12
11
12
14
9
2
3
-2
-2
6
1
-2
-3
-6
-6
-12
-18
-19
-24
-32
-31
-26
-24
-28
-26
-18
-12
-19
-18
-17
-28
-34
-32
-27
-32
-31
-28
-26
-12
-5
-6
4
6
-2
-3
-14
-25
-26
-27
-25
-25
-16
-17
-25
-18
-17
-10
-11
-7
-3
2
3
-3
-3
-9
-18
-26
-43
-53
-52
-61
-58
-56
-57
-48
-36
-28
-32
-23
-14
-4
-8
0
10
15
31
37
39
47
55
51
56
54
54
55
58
62
65
62
60
54
53
47
36
36
36
29
34
27
22
27
23
26
23
27
22
16
19
24
19
21
34
42
46
48
46
35
28
24
17
18
7
-9
-20
-26
-29
-26
-22
-14
1
7
6
2
2
-10
-10
-17
-35
-32
-37
-32
-21
-17
-19
-3
19
18
15
6
4
-11
-30
-41
-50
-57
-66
-75
-85
-85
-89
-89
-88
-88
-83
-71
-62
-56
-45
-35
-22
-15
-13
-11
-2
-3
-6
-2
-3
0
5
15
14
19
23
9
19
22
21
22
22
31
39
41
31
36
39
46
41
30
42
39
28
27
31
23
17
6
-15
-28
-43
-48
-57
-73
-66
-60
-60
-59
-62
-52
-43
-25
-5
-1
5
21
30
47
49
52
55
46
44
42
42
21
18
24
20
19
3
8
25
20
35
34
21
26
29
19
18
32
30
30
27
29
35
44
58
57
68
59
47
41
28
18
-5
-30
-47
-67
-78
-80
-77
-69
-58
-36
-14
8
40
69
95
118
133
127
111
104
81
51
27
17
3
-20
-49
-77
-81
-96
-112
-117
-120
-113
-103
-101
-86
-62
-47
-28
-3
21
33
24
22
30
27
22
10
5
-2
-18
-23
-29
-35
-37
-37
-31
-22
-4
10
14
31
47
57
58
65
74
86
79
64
54
32
15
-10
-25
-46
-71
-97
-127
-140
-158
-163
-162
-147
-121
-89
-48
-24
4
26
45
54
56
48
43
35
28
32
26
42
42
33
33
14
-3
-27
-40
-54
-83
-73
-72
-55
-33
-27
5
32
44
44
53
48
38
39
31
8
-4
-16
-33
-42
-50
-52
-51
-40
-26
-13
9
25
26
31
51
64
79
98
96
103
113
109
103
102
115
121
113
104
99
96
87
79
70
55
36
17
3
-10
-25
-47
-66
-86
-94
-82
-86
-91
-92
-80
-55
-51
-48
-42
-31
-22
-18
-10
-11
-9
-9
-11
-7
-18
-36
-46
-42
-40
-32
-24
-24
0
16
39
48
55
70
80
83
76
71
60
64
64
66
61
62
53
29
24
21
13
13
11
0
-14
-15
-22
-31
-51
-68
-77
-98
-103
-99
-102
-109
-110
-99
-61
-30
-20
4
20
28
28
17
0
-7
-12
-22
-31
-38
-43
-42
-45
-51
-52
-61
-57
-62
-70
-59
-50
-42
-37
-36
-22
-22
-28
-34
-24
-2
-11
-10
7
12
-1
-16
-12
-36
-56
-61
-60
-54
-65
-45
-31
-27
-16
8
39
56
61
81
97
99
91
82
70
60
66
70
86
93
109
107
108
112
105
114
115
105
94
85
70
52
24
0
-5
1
4
23
26
25
26
0
-21
-45
-52
-58
-63
-61
-59
-44
-39
-31
-23
8
28
45
72
86
97
101
108
109
106
96
64
32
5
-19
-43
-63
-71
-73
-75
-82
-63
-37
-33
-23
-11
-18
-27
-42
-43
-42
-50
-49
-55
-52
-55
-46
-35
-28
-27
-43
-33
-31
-38
-50
-63
-60
-60
-57
-56
-54
-67
-64
-45
-28
-13
-14
-20
-36
-40
-49
-52
-41
-34
-12
-21
-30
-6
8
8
2
-7
0
20
28
53
75
91
100
96
96
88
77
61
59
70
60
45
42
9
-5
-14
-28
-32
-37
-27
-37
-39
-23
-25
-19
1
-4
0
9
18
19
4
3
14
38
36
28
16
8
9
-3
-19
-19
-18
-29
-54
-47
-37
3
11
2
2
-12
20
12
33
11
19
7
35
37
41
53
13
31
-11
11
-8
-19
-41
-57
-60
-52
-59
-83
-57
-37
-30
-15
17
36
73
81
93
60
62
92
63
75
64
58
43
27
34
30
38
30
19
9
3
-2
-4
-17
-17
-13
-9
16
15
25
22
20
23
17
5
-21
-35
-52
-66
-67
-74
-84
-80
-61
-30
1
-3
-18
-18
-22
-15
-21
-13
6
24
30
15
10
4
5
-5
-9
6
-1
-8
-15
-12
-8
7
17
14
14
3
3
4
16
17
23
23
11
21
12
-15
-35
-21
-19
-22
-24
-37
-49
-62
-58
-57
-31
-12
5
-31
-40
-30
-31
-11
-22
-27
-40
-31
-43
-55
-57
-46
-40
-45
-19
-41
-76
-82
-85
-79
-40
-19
-18
-28
-40
-11
-10
9
-2
-18
-6
-6
-1
-12
-13
-2
29
64
68
78
82
78
65
59
75
88
104
84
64
60
67
63
73
89
105
115
92
75
42
34
48
53
71
66
69
84
92
94
89
90
81
68
51
50
47
45
47
42
20
17
8
0
10
14
22
10
13
8
-1
-16
-47
-62
-61
-42
-22
-7
-11
-19
-31
-52
-73
-74
-56
-46
-63
-86
-97
-107
-100
-97
-79
-69
-59
-55
-41
-28
-27
-23
-46
-80
-107
-122
-146
-141
-130
-136
-119
-105
-99
-83
-72
-68
-51
-71
-115
-156
-161
-154
-126
-94
-71
-30
-7
21
48
85
119
119
102
103
104
117
140
152
152
152
147
120
126
136
152
166
148
140
143
143
132
108
98
74
71
78
53
44
54
59
36
6
-42
-85
-116
-135
-153
-162
-155
-150
-147
-152
-157
-153
-116
-90
-70
-65
-76
-89
-90
-73
-62
-57
-42
-18
-12
26
39
37
60
89
118
109
121
107
93
102
98
112
122
127
133
118
94
86
77
79
66
53
58
52
60
62
40
17
6
-11
-17
10
26
15
-8
-23
-25
-29
-54
-47
-27
-20
-40
-83
-99
-103
-85
-73
-75
-84
-79
-72
-96
-83
-67
-54
-48
-68
-59
-62
-40
-43
-87
-50
-14
-8
-36
-40
-17
12
10
6
-23
-25
17
-16
-30
-17
-13
-4
6
6
35
38
35
23
22
39
62
84
75
102
128
118
85
51
62
57
28
-9
-15
24
40
54
42
33
57
62
35
14
-3
-36
-68
-98
-118
-102
-75
-36
-17
-16
3
16
20
-3
-9
6
0
-19
-30
-38
-46
-75
-110
-107
-91
-76
-64
-36
-15
-3
3
-22
-45
-77
-84
-74
-63
-32
-15
-26
-48
-48
-16
3
7
10
36
87
113
119
116
116
114
105
87
99
109
117
96
92
100
76
61
37
14
-13
-37
-52
-51
-54
-62
-46
-22
7
33
48
45
32
46
56
58
56
47
58
49
37
22
5
-7
-54
-71
-88
-105
-95
-84
-66
-50
-39
-47
-31
-11
15
15
-10
-14
5
23
26
30
35
45
41
38
5
-6
-24
-52
-70
-75
-61
-83
-100
-102
-78
-44
-30
-7
30
59
71
57
50
39
38
35
25
0
-8
-19
-15
3
20
39
49
67
69
72
66
63
56
45
25
-13
-24
-26
-22
-29
-19
-24
-32
-14
-40
-40
-33
-22
-23
-34
-22
-41
-30
-35
-57
-39
-15
-9
-27
-31
-14
0
-8
-17
-44
-62
-76
-92
-99
-96
-78
-84
-101
-103
-96
-73
-65
-59
-31
-19
-19
-17
-31
-21
-12
-5
24
52
75
80
64
55
82
92
86
77
52
45
28
20
37
32
61
84
80
84
69
55
61
67
71
52
42
52
67
78
69
71
56
43
44
31
16
-1
6
27
25
41
55
75
88
62
54
37
33
29
6
-1
9
-2
-23
-19
-11
-6
-4
-9
-36
-35
-17
-21
-29
-22
-23
-19
8
13
-13
-27
-35
-51
-55
-59
-90
-104
-74
-88
-103
-96
-93
-92
-88
-68
-82
-62
-54
-64
-62
-66
-46
-40
-55
-36
-28
-32
-40
-86
-78
-58
-50
-25
-36
-43
-36
-40
-28
-5
30
41
25
29
53
78
71
80
111
116
95
85
60
51
65
41
26
18
35
55
65
99
103
95
88
48
17
13
24
20
8
-23
-31
-7
-3
2
-13
-39
-51
-64
-49
-26
-13
9
-1
6
13
-10
-5
-44
-86
-68
-61
-58
-38
-27
-15
-18
-27
-30
-53
-33
-2
34
52
24
8
17
33
56
58
45
41
60
41
29
30
31
50
83
95
73
67
41
26
35
50
40
68
39
-4
2
-17
-35
-54
-58
-64
-58
-56
-55
-80
-78
-71
-73
-42
-33
-38
-41
-30
-27
2
20
6
-8
-13
14
21
40
49
34
32
6
-8
-5
19
1
-5
10
1
9
25
42
58
65
53
39
15
35
29
0
0
-15
-12
-6
-25
-25
17
28
-14
-65
-90
-119
-120
-123
-147
-124
-106
-122
-108
-81
-43
-36
-38
-17
-27
11
35
43
61
104
104
100
105
84
79
30
6
-45
-68
-53
-39
-13
7
18
35
63
59
66
76
84
78
54
44
60
80
75
46
12
0
-22
-30
-44
-36
-29
-55
-84
-110
-108
-106
-98
-90
-67
-55
-40
-36
-50
-33
-12
-1
-14
9
14
-16
-12
9
9
3
16
11
32
54
68
53
44
54
43
36
27
22
15
22
16
6
-13
-12
1
19
63
106
110
88
71
61
48
23
21
9
3
7
28
43
42
35
40
68
66
50
51
62
62
77
53
35
43
6
-26
-46
-49
-47
-47
-46
-48
-49
-44
-43
-50
-30
-39
-64
-80
-83
-69
-39
-19
-10
-9
-16
-45
-87
-113
-125
-115
-118
-95
-60
-39
-59
-67
-71
-75
-39
0
-2
7
14
-10
-17
-12
3
45
70
53
52
62
58
36
30
28
25
8
-16
-32
-56
-48
-25
-22
-2
3
-1
12
21
53
72
67
73
90
100
120
124
119
76
6
-5
-19
-34
-5
8
-7
-9
-11
-64
-106
-110
-92
-77
-58
-40
-41
-30
-23
-43
-34
17
3
-22
-6
-12
-23
-36
-42
-15
16
8
6
0
24
44
31
71
77
107
145
133
132
112
73
22
8
16
34
33
28
27
27
51
38
10
6
10
10
21
-2
-40
-84
-119
-120
-129
-116
-88
-73
-59
-48
-49
-22
20
49
40
51
58
46
17
-28
-16
16
63
68
60
52
48
44
43
45
18
27
16
5
16
17
11
16
30
24
32
48
44
-1
-31
-61
-75
-63
-76
-86
-92
-89
-87
-90
-90
-61
-40
-23
-35
-58
-69
-85
-91
-106
-90
-75
-71
-70
-74
-95
-113
-129
-109
-58
-53
-40
0
-3
-1
25
39
67
98
103
96
118
136
140
138
117
105
105
100
85
82
83
84
86
77
64
55
32
22
36
33
44
37
17
29
17
-2
18
10
23
56
31
25
27
43
59
62
42
24
-3
-35
-74
-118
-118
-127
-126
-88
-44
-37
-13
-8
-25
-45
-63
-65
-68
-67
-48
-30
-40
-36
-27
-8
12
18
1
-8
10
15
12
-2
7
17
4
-14
-31
-39
-40
-52
-65
-47
-11
9
25
31
30
26
5
-2
8
44
68
76
57
37
23
16
11
8
15
22
13
1
-3
19
17
-7
3
19
28
5
-16
-33
-32
-14
4
26
33
22
2
-5
0
19
26
26
43
54
67
60
54
52
53
61
53
21
-22
-30
-39
-42
-28
-15
-25
-72
-86
-83
-86
-86
-85
-99
-99
-80
-72
-70
-59
-52
-68
-74
-37
4
13
13
-1
10
18
9
25
16
22
19
10
26
24
33
36
30
40
43
3
-14
-4
5
17
12
30
43
41
37
48
78
77
52
32
16
11
14
-5
-13
-11
-23
-30
-55
-53
-37
-38
-22
0
2
8
5
21
20
-3
-11
-24
-7
9
29
40
12
7
5
-15
-5
-22
-31
-16
-1
7
19
32
35
54
44
26
6
-7
3
-3
-13
-11
-14
-10
6
5
-4
24
27
33
47
46
31
16
10
19
36
24
-7
-8
-8
-19
-13
10
23
30
38
10
15
17
5
-4
-8
-11
-17
-26
-51
-59
-47
-30
-21
-23
-13
-8
-15
-26
-33
-56
-77
-84
-103
-93
-83
-86
-75
-64
-60
-44
-32
-43
-55
-49
-58
-48
-50
-45
-18
-4
16
30
35
34
43
35
52
69
98
105
89
99
88
86
91
98
110
118
113
112
105
93
96
84
67
54
12
-3
-9
-23
-41
-54
-42
-42
-49
-55
-62
-40
-40
-57
-33
-12
-36
-87
-73
-42
-72
-88
-63
-85
-76
-64
-60
-55
-86
-78
-81
-76
-48
-28
-7
28
29
2
16
8
-4
4
13
47
59
79
116
131
112
108
112
85
52
32
40
46
44
38
10
5
5
0
-14
-31
-38
-70
-77
-78
-71
-63
-67
-40
-29
-38
-42
-23
-14
-17
-2
15
29
52
51
43
56
47
22
33
35
51
57
50
56
60
63
49
33
31
37
31
13
-27
-40
-34
-36
-22
12
25
42
46
28
22
21
-1
-33
-32
-45
-23
7
7
-11
-39
-38
-48
-44
-23
-9
-10
-36
-65
-79
-88
-86
-53
-18
1
-5
-12
-19
-17
-2
14
9
0
4
-14
-22
-12
2
13
39
39
24
18
1
0
-14
-22
-17
-42
-78
-97
-100
-90
-64
-48
-27
0
13
16
15
-2
1
19
14
11
10
5
8
7
25
41
44
41
37
37
43
59
58
57
58
38
35
25
20
20
9
-9
-11
-16
-12
4
1
12
17
26
41
35
21
8
-1
5
5
8
-9
-25
-23
-15
-30
-42
-34
-31
-21
-8
11
28
34
23
11
14
23
26
41
29
12
5
8
6
16
9
-17
-10
-9
-8
-8
-23
-31
-27
-23
-8
0
13
6
-13
-20
-27
-21
-6
-5
-5
-23
-23
-13
-17
-5
12
17
32
46
58
88
82
66
62
44
38
28
2
-21
-30
-16
-32
-49
-38
-32
-19
-34
-45
-29
-38
-24
-16
-25
-25
-7
28
44
47
45
29
12
-8
-36
-36
-44
-32
-17
-33
-44
-60
-61
-70
-36
1
20
57
70
50
25
32
34
37
43
54
65
49
26
13
1
-2
-11
-34
-61
-91
-122
-141
-157
-171
-150
-100
-76
-65
-63
-60
-46
-53
-49
-44
-27
-16
-9
-5
2
10
3
7
7
19
48
69
86
89
80
85
91
98
104
120
137
130
102
79
69
63
72
74
79
57
32
20
1
7
29
44
42
10
11
41
41
40
47
56
63
53
38
17
-7
-30
-29
-16
-29
-50
-62
-67
-67
-53
-55
-55
-52
-67
-82
-77
-53
-44
-32
-26
-13
-5
-14
-5
10
18
-7
-29
-8
22
8
-17
-19
-30
-32
-30
-36
-31
-40
-65
-75
-84
-95
-87
-87
-69
-48
-37
-26
-20
-5
4
1
7
17
26
7
-7
0
10
24
22
15
3
6
19
25
22
20
24
30
33
36
49
50
44
34
31
39
42
43
26
12
11
7
-1
-10
-6
11
26
21
30
36
43
54
50
41
43
52
51
54
29
19
31
20
21
24
24
39
41
37
33
5
-25
-42
-64
-72
-77
-72
-41
-18
-15
-36
-49
-65
-76
-87
-94
-91
-100
-119
-132
-145
-133
-112
-109
-102
-89
-65
-56
-36
-37
-22
-8
-9
1
-8
8
28
32
54
74
83
104
122
131
138
119
89
85
84
97
93
79
66
54
46
20
2
0
18
28
37
43
40
54
81
98
112
113
84
58
61
59
66
71
41
10
0
-12
-19
-2
0
14
9
8
-13
-28
-30
-23
-4
-2
12
-1
-8
-25
-47
-48
-40
-44
-46
-68
-88
-94
-121
-137
-131
-120
-107
-110
-125
-105
-87
-69
-48
-31
-33
-26
-46
-63
-68
-65
-56
-51
-40
-42
-27
-20
-19
-3
10
7
-11
-12
13
43
65
60
55
46
46
54
52
46
27
13
-11
-11
-9
-2
20
23
28
48
59
59
70
53
40
40
28
15
17
17
4
-3
4
6
3
12
14
19
16
-2
-13
-17
-21
-30
-16
-21
-21
-15
-11
5
11
30
30
13
23
31
25
44
60
68
69
60
46
40
29
0
3
19
11
8
7
9
-13
-49
-58
-65
-70
-66
-54
-51
-51
-53
-50
-48
-36
-20
-15
1
11
19
18
27
43
60
85
96
99
108
124
131
120
110
99
70
40
25
12
8
-1
-19
-25
-41
-44
-34
-32
-44
-60
-76
-78
-77
-84
-90
-96
-86
-74
-77
-63
-37
-26
-19
-19
-20
-29
-56
-56
-46
-37
-33
-47
-56
-62
-66
-67
-52
-37
-31
-34
-47
-58
-62
-50
-16
-3
-15
-12
-8
-3
3
12
40
46
41
53
69
62
40
21
18
25
24
38
36
33
48
34
5
-8
-2
9
28
43
70
84
58
48
50
58
44
55
57
69
90
70
79
85
78
81
78
68
78
67
38
37
53
50
40
15
-8
-17
-40
-53
-53
-64
-77
-75
-87
-88
-94
-90
-80
-86
-77
-74
-77
-65
-55
-50
-31
-46
-52
-42
-28
-23
-14
3
1
17
17
17
24
52
62
54
37
14
32
39
46
35
13
15
16
19
33
40
40
44
39
19
2
5
-1
-1
14
6
-9
-30
-31
-10
3
5
-8
-20
-25
-26
-51
-52
-49
-50
-34
-33
-41
-64
-77
-72
-63
-48
-21
-14
-6
-6
-16
-24
-20
-15
-5
11
17
20
23
40
55
44
40
49
23
19
22
9
12
24
13
-1
-20
-25
-16
-21
-18
-11
-8
-11
-16
-28
-23
-20
-21
-25
-24
-18
-12
-14
-16
-11
-5
21
36
26
28
35
37
30
5
-14
6
21
30
33
29
21
12
12
3
0
31
68
66
56
19
11
10
-2
14
10
21
23
17
2
4
8
-2
15
9
-1
-18
-27
-20
-22
-15
-2
17
8
-6
-12
-17
-16
1
19
25
20
23
10
7
0
-23
-22
-30
-23
-13
-4
2
0
-4
-10
-20
-34
-36
-39
-44
-20
-22
-30
-24
-10
-4
-1
10
6
20
31
29
33
34
26
29
22
11
10
5
12
22
5
-2
19
13
24
27
21
20
3
8
6
6
13
15
-8
-5
0
-14
-1
5
-3
-13
-20
-33
-36
-48
-54
-70
-81
-66
-65
-46
-34
-36
-42
-33
-31
-24
-9
7
15
4
14
6
-5
-9
11
23
34
48
57
54
34
44
37
37
18
11
24
27
24
-4
4
13
25
15
-21
-29
-31
-17
-6
-15
-23
-17
-25
-43
-43
-36
-31
-29
-33
-44
-60
-57
-36
-27
-16
-10
-8
0
3
-6
1
21
31
36
21
0
7
15
21
27
17
25
40
30
36
32
29
52
44
22
12
11
28
40
22
9
1
-1
11
12
23
37
37
39
35
26
8
10
19
28
28
22
23
22
18
20
41
55
59
55
35
34
23
1
1
20
44
33
14
-12
-23
-15
-14
-21
-18
0
11
3
-1
-21
-38
-50
-59
-49
-63
-62
-79
-89
-81
-76
-82
-82
-60
-61
-67
-82
-81
-77
-72
-56
-60
-63
-56
-47
-51
-51
-48
-33
-28
-38
-26
-26
-12
-1
-1
11
21
16
12
-4
2
23
34
58
81
77
57
57
67
71
67
75
92
81
52
44
55
68
80
82
89
79
63
49
46
50
27
13
13
19
-4
-25
-22
-29
-29
-40
-32
-32
-43
-50
-62
-62
-74
-71
-70
-52
-29
-20
-19
-33
-17
-7
0
12
13
13
19
15
10
6
4
10
20
24
23
24
-2
2
19
29
25
8
14
10
5
2
2
11
15
28
28
20
22
27
31
22
16
0
-11
-2
7
14
3
-4
-3
3
-8
-8
-9
-15
-16
-21
-6
0
-6
-3
-8
-21
-26
-22
-28
-26
-11
0
4
-8
-24
-39
-45
-45
-40
-26
-10
1
4
-4
-13
-34
-39
-28
-13
-2
4
-2
-14
-16
-23
-23
-27
-15
7
16
18
8
-2
1
7
21
36
39
35
35
27
28
33
40
52
30
5
11
20
11
4
3
-5
-8
2
7
9
-8
-9
-2
-14
-26
-25
-13
-3
-9
-10
-10
-5
4
9
3
-1
-9
-3
6
-6
7
24
16
-3
-17
-30
-37
-18
7
10
15
12
2
-6
-10
-13
3
6
-12
-17
-19
-12
-7
-2
-10
-9
-11
-11
2
3
-4
-4
0
-7
-7
1
0
11
18
-1
-7
-4
14
26
24
11
-4
-8
-5
14
17
17
23
27
26
14
15
14
18
23
18
8
18
22
22
23
8
7
25
32
21
19
1
-11
-16
-7
2
3
9
-2
-9
-26
-35
-30
-25
-15
-25
-35
-28
-23
-8
-1
-3
-4
-9
-1
7
10
10
17
8
-2
4
6
-1
-9
-14
-15
-4
5
21
9
-8
-13
-23
-29
-25
-13
3
16
19
15
0
-5
-2
2
0
-1
-8
-4
5
-3
-20
-32
-38
-40
-18
-9
-3
8
10
0
-15
-10
-15
-8
0
3
-1
-22
-22
-16
-14
-21
-22
-14
-10
-5
-6
-21
-32
-26
-25
-22
-20
-19
-9
0
-1
-7
-1
-9
-4
13
11
4
0
13
28
33
38
41
39
40
48
53
55
56
55
54
46
35
31
29
19
14
12
12
18
17
19
17
16
15
14
21
21
19
14
9
1
-12
-7
-2
6
7
0
-11
-15
-15
-28
-27
-20
-21
-18
-16
-16
-18
-20
-21
-20
-11
-21
-26
-24
-23
-18
-25
-36
-34
-31
-32
-24
-10
-13
-10
3
-5
0
6
4
2
0
-3
-10
-4
12
22
29
22
18
27
17
17
24
22
11
13
23
23
24
13
5
10
12
15
20
23
14
8
4
-2
6
15
1
5
3
-13
-17
-23
-19
-17
-18
-16
-16
-23
-45
-50
-43
-36
-29
-30
-33
-28
-31
-35
-31
-29
-30
-31
-29
-23
-18
-8
2
3
8
-1
-1
11
17
20
14
7
-1
-4
-11
-12
-3
8
14
13
18
19
29
32
35
39
32
31
29
29
21
14
14
17
16
10
13
5
12
13
2
-3
-9
-16
-22
-16
-11
-10
-18
-17
-15
-18
-16
-9
-1
1
-8
-18
-16
-18
-14
-3
7
15
20
18
17
24
23
12
21
21
12
12
1
3
12
20
24
35
32
25
17
12
17
17
21
20
17
6
-1
-6
-5
-5
-6
-1
1
-1
-2
-3
-2
-6
-11
-18
-25
-26
-28
-24
-15
3
7
10
4
-4
-10
-16
-20
-28
-19
-16
-16
-17
-18
-12
-9
-2
0
-8
-7
0
9
4
-5
-2
-6
-2
3
-4
-2
-2
-9
-11
-13
-17
-16
-7
0
5
17
14
15
12
1
5
4
5
8
15
14
10
14
3
-4
-3
3
5
7
10
3
0
2
-4
-4
0
-6
-8
-2
-9
-13
-9
-14
-7
3
1
-8
-7
-15
-18
-14
-16
-11
-1
-7
-16
-14
-22
-24
-21
-26
-19
-12
-8
-12
-5
4
9
22
23
22
26
28
28
31
28
19
22
12
3
-5
-17
-14
-13
-4
-4
-2
0
5
7
5
5
0
3
9
13
9
5
1
-2
4
8
28
33
26
27
21
17
14
14
18
29
27
14
14
11
10
7
12
19
16
21
15
3
-11
-10
-9
-5
-2
-2
6
0
-5
-13
-12
-14
-11
-2
-12
-12
-19
-29
-31
-32
-32
-27
-13
-14
-20
-25
-33
-40
-37
-24
-21
-17
-24
-18
-15
-20
-14
-9
8
8
4
6
-4
-5
-5
-3
0
-3
1
1
11
16
20
29
26
21
21
22
16
8
6
13
9
4
0
-2
1
-11
-14
-18
-20
-22
-21
-19
-18
-16
-18
-18
-14
-9
-15
-4
7
19
21
14
6
4
12
10
7
8
13
18
15
12
15
10
8
12
11
12
12
6
3
10
14
7
3
9
13
16
22
22
17
13
12
20
17
8
12
11
10
4
-2
-7
-8
-6
-12
-10
-13
-18
-19
-14
-14
-21
-27
-28
-31
-34
-19
-9
-8
-2
-4
-4
6
15
13
11
7
-3
3
1
-1
7
11
4
-2
2
1
11
18
16
11
6
9
14
24
25
27
29
30
32
26
25
28
26
11
0
-6
-1
3
3
4
1
-1
-1
-3
1
8
2
-3
-6
-13
-23
-33
-38
-46
-42
-34
-28
-28
-33
-35
-39
-40
-41
-46
-55
-52
-50
-52
-39
-32
-22
-22
-22
-19
-23
-17
-11
1
4
2
10
15
25
20
9
9
3
-2
8
24
33
30
31
40
43
40
35
38
40
39
32
26
22
19
24
26
24
23
25
21
25
25
11
9
18
18
5
-1
-9
-19
-12
-5
-6
-5
-4
-15
-23
-27
-31
-28
-28
-30
-35
-41
-45
-46
-45
-39
-34
-28
-22
-21
-19
-11
-5
-4
-4
-5
4
10
6
1
15
24
27
32
34
38
34
30
38
41
36
35
40
39
40
44
47
51
53
54
56
53
46
39
37
29
20
18
16
14
8
4
-2
-11
-13
-19
-26
-27
-27
-24
-20
-16
-16
-23
-34
-45
-54
-57
-60
-64
-75
-75
-74
-74
-69
-73
-80
-80
-73
-72
-71
-71
-70
-63
-57
-46
-40
-36
-32
-25
-14
0
11
24
37
51
59
62
78
99
103
96
99
98
90
90
92
91
86
78
66
54
39
27
28
33
24
2
-17
-27
-31
-36
-39
-39
-40
-41
-43
-47
-55
-58
-61
-61
-54
-49
-47
-46
-42
-38
-23
-11
-10
-9
-14
-14
-14
-8
4
16
21
23
25
29
27
25
21
21
25
22
31
38
47
54
54
56
57
63
63
53
43
44
37
34
21
6
4
4
-1
-14
-14
-28
-41
-49
-63
-76
-83
-65
-55
-60
-72
-65
-47
-48
-51
-46
-32
-16
-12
-11
2
18
27
36
41
44
54
70
88
103
106
104
109
110
98
82
64
55
34
12
-6
-20
-31
-39
-44
-52
-67
-81
-77
-63
-45
-30
-14
-3
10
30
52
58
64
69
76
72
63
47
19
-7
-37
-67
-109
-142
-176
-206
-227
-250
-252
-254
-243
-226
-210
-183
-154
-123
-98
-60
-16
14
37
60
81
104
114
123
134
133
130
133
122
115
106
94
86
83
78
73
75
76
79
88
103
112
116
112
114
116
105
92
84
74
66
43
24
5
-21
-35
-51
-65
-89
-101
-102
-101
-104
-105
-87
-63
-46
-39
-33
-27
-21
-5
13
35
48
46
40
44
49
48
42
30
21
6
-2
-1
-18
-38
-56
-66
-78
-88
-88
-83
-82
-77
-71
-61
-39
-20
-9
-6
13
22
33
51
52
45
46
41
42
49
44
47
53
53
50
50
44
33
24
16
18
29
29
36
50
54
44
32
20
13
7
5
4
-1
-5
-11
-20
-31
-39
-50
-53
-45
-36
-37
-38
-41
-49
-42
-31
-25
-31
-41
-39
-37
-36
-50
-51
-48
-56
-62
-78
-94
-100
-101
-105
-115
-122
-123
-119
-108
-96
-97
-92
-63
-23
10
30
44
53
64
81
104
129
144
146
150
152
156
164
156
149
126
99
89
80
59
32
15
14
8
-5
-15
-16
4
13
16
21
17
14
10
6
6
8
8
-6
-21
-37
-54
-67
-81
-99
-111
-110
-103
-96
-97
-100
-96
-80
-63
-31
-4
25
52
73
94
113
135
148
154
147
143
153
163
167
152
128
103
83
60
26
-7
-34
-48
-64
-86
-100
-120
-141
-155
-164
-166
-172
-172
-170
-169
-165
-164
-150
-129
-110
-84
-67
-52
-45
-34
-13
10
32
41
49
65
90
103
104
100
99
107
111
120
122
119
123
129
127
117
109
101
97
103
109
110
111
92
69
46
36
33
25
22
16
0
-24
-51
-78
-99
-122
-149
-173
-192
-208
-218
-214
-203
-198
-193
-182
-164
-140
-116
-78
-50
-30
-17
5
33
58
66
60
65
77
87
82
68
50
40
32
21
9
-4
-10
-8
0
-7
-20
-24
-19
-20
-20
-8
9
28
45
53
62
82
90
102
114
114
124
135
150
166
178
179
167
158
146
141
132
123
115
100
70
53
39
8
-29
-73
-106
-131
-155
-185
-225
-285
-333
-368
-401
-427
-447
-450
-436
-409
-379
-352
-318
-277
-227
-177
-125
-64
1
58
112
173
232
289
341
384
418
441
460
468
465
467
468
470
461
443
414
383
364
339
303
257
207
158
117
77
41
13
-3
-11
-21
-43
-62
-83
-115
-144
-161
-181
-216
-252
-285
-304
-315
-332
-355
-368
-391
-409
-426
-437
-425
-423
-425
-432
-415
-399
-374
-333
-289
-247
-220
-183
-149
-111
-76
-34
14
60
99
128
152
176
203
229
244
248
255
251
245
241
247
265
280
279
281
285
284
273
244
219
194
177
162
137
115
107
115
119
123
122
119
110
99
84
66
43
30
29
24
17
4
-15
-43
-63
-72
-89
-113
-139
-156
-174
-178
-178
-180
-187
-184
-182
-179
-169
-164
-148
-140
-131
-124
-113
-86
-61
-30
-5
18
32
50
83
103
109
108
115
128
144
173
210
232
232
224
214
213
207
187
157
126
106
95
79
64
50
25
2
-12
-23
-43
-73
-107
-148
-188
-216
-230
-242
-274
-305
-330
-337
-335
-327
-316
-306
-301
-300
-303
-289
-255
-224
-200
-182
-167
-150
-130
-110
-87
-71
-55
-38
-26
-3
26
59
93
125
156
192
234
266
287
296
301
321
342
356
370
385
396
389
387
382
378
366
348
329
295
258
223
202
182
152
107
62
13
-41
-85
-127
-159
-191
-223
-239
-238
-251
-274
-301
-313
-298
-278
-264
-251
-243
-243
-235
-232
-202
-175
-146
-110
-76
-56
-29
-13
-1
21
22
17
-6
-23
-50
-43
-32
-34
-38
-49
-54
-64
-71
-80
-69
-68
-71
-72
-61
-44
-45
-43
-16
17
23
24
3
2
15
32
55
87
120
131
137
142
156
160
165
186
208
214
226
238
243
245
232
213
200
178
162
157
138
127
125
117
111
98
89
80
59
29
9
4
-3
-16
-39
-63
-80
-94
-102
-102
-105
-113
-109
-108
-99
-88
-97
-92
-86
-75
-53
-25
9
46
64
57
54
36
9
-11
-24
-34
-39
-46
-50
-57
-77
-100
-114
-129
-137
-143
-164
-185
-199
-208
-212
-215
-226
-240
-258
-275
-284
-274
-261
-242
-224
-216
-199
-182
-162
-150
-140
-111
-69
-23
14
48
92
138
175
206
235
256
274
292
308
318
321
304
284
265
250
246
225
194
160
150
138
113
85
60
46
20
-1
-20
-38
-57
-81
-98
-98
-89
-77
-55
-27
-10
2
12
25
47
57
58
58
57
48
44
32
25
32
33
37
43
43
34
41
54
73
91
111
130
139
137
125
123
116
104
85
53
13
-44
-91
-118
-139
-152
-179
-208
-239
-270
-304
-328
-334
-346
-360
-370
-365
-350
-335
-319
-302
-274
-234
-206
-188
-163
-142
-117
-87
-46
-18
14
61
121
177
205
231
256
291
329
351
365
376
389
392
393
399
407
416
416
425
433
423
400
382
352
312
267
216
181
140
105
73
45
20
-11
-35
-59
-82
-120
-169
-209
-247
-284
-321
-351
-370
-397
-428
-446
-449
-441
-439
-435
-426
-410
-399
-389
-365
-335
-295
-247
-211
-180
-154
-139
-120
-107
-99
-95
-94
-81
-74
-58
-39
-14
8
11
24
36
57
81
108
127
143
159
172
190
214
238
255
268
279
294
299
300
303
306
310
306
296
290
302
314
318
314
302
285
269
252
241
237
223
203
176
147
125
95
58
26
0
-14
-25
-39
-57
-79
-98
-121
-151
-183
-216
-236
-249
-266
-283
-303
-325
-353
-374
-388
-396
-409
-410
-411
-415
-417
-426
-428
-419
-388
-346
-305
-258
-206
-155
-105
-46
26
91
135
182
220
247
283
307
334
355
371
396
416
429
429
415
391
350
296
240
191
164
134
104
61
20
-2
-17
-21
-34
-52
-66
-90
-102
-117
-131
-143
-153
-154
-146
-129
-116
-106
-86
-63
-43
-31
-10
4
4
-2
-15
-18
-21
-29
-36
-39
-45
-51
-58
-68
-83
-80
-79
-79
-68
-66
-49
-29
-13
6
17
29
43
55
61
69
75
82
86
82
79
80
82
83
89
97
112
118
118
117
114
115
107
107
112
116
118
118
117
115
103
109
121
127
124
116
96
74
54
26
1
-19
-36
-58
-78
-103
-124
-151
-177
-202
-243
-296
-350
-392
-429
-455
-468
-457
-443
-427
-403
-377
-341
-315
-301
-284
-269
-252
-245
-245
-222
-174
-125
-67
-1
58
104
131
163
192
210
218
227
244
257
278
297
313
319
323
327
336
341
327
307
293
286
281
274
276
293
305
319
356
399
434
448
438
431
428
422
415
406
384
353
301
258
227
191
150
102
65
26
-29
-96
-157
-233
-308
-371
-418
-442
-461
-488
-506
-522
-531
-534
-542
-537
-533
-512
-482
-443
-414
-392
-377
-361
-342
-333
-320
-305
-280
-253
-225
-190
-164
-167
-165
-158
-148
-130
-129
-124
-110
-90
-68
-52
-38
-27
-18
-7
16
42
54
59
67
83
113
148
194
241
283
315
329
346
352
355
364
377
392
402
409
404
408
409
418
438
459
468
459
445
434
409
383
370
357
346
324
303
292
283
258
229
187
122
49
-20
-89
-153
-214
-259
-294
-329
-369
-410
-452
-499
-541
-573
-595
-622
-649
-652
-643
-633
-602
-567
-528
-490
-461
-431
-395
-360
-335
-306
-269
-220
-165
-116
-60
6
62
117
169
212
240
261
285
306
336
351
352
363
371
369
360
346
324
304
279
257
238
209
174
148
124
107
95
78
67
51
19
-10
-36
-57
-58
-48
-31
-29
-24
-22
-7
8
21
42
62
81
98
114
114
115
100
73
54
39
30
14
-3
-24
-52
-82
-105
-120
-128
-130
-126
-114
-96
-70
-54
-54
-56
-62
-62
-42
-17
-2
10
33
67
103
137
161
165
151
134
112
95
89
86
81
69
59
63
64
52
33
3
-39
-85
-127
-166
-203
-230
-253
-271
-278
-277
-279
-280
-280
-283
-287
-303
-311
-295
-282
-271
-249
-228
-209
-190
-176
-172
-159
-151
-146
-134
-117
-97
-72
-44
-10
22
50
72
92
104
105
115
135
171
211
251
294
337
373
391
405
415
432
450
461
477
488
485
467
435
409
381
344
319
294
264
231
203
179
149
117
76
44
14
-21
-46
-71
-104
-130
-168
-210
-239
-262
-276
-283
-285
-293
-288
-275
-264
-253
-251
-253
-244
-241
-245
-244
-247
-249
-241
-235
-237
-235
-238
-243
-239
-238
-223
-193
-159
-123
-101
-86
-71
-52
-42
-39
-32
-25
-16
-12
-3
6
20
33
46
64
81
92
96
100
98
95
88
86
91
95
98
104
109
106
97
85
73
71
69
85
103
116
128
145
164
183
204
215
229
241
249
255
260
261
255
239
222
207
188
162
134
117
108
105
93
82
66
42
20
-1
-32
-65
-93
-119
-138
-162
-190
-217
-227
-233
-239
-246
-251
-253
-253
-251
-249
-257
-264
-255
-242
-228
-224
-219
-217
-218
-222
-217
-202
-184
-163
-156
-144
-123
-97
-74
-44
-22
2
26
42
59
79
96
115
129
139
161
180
197
208
208
204
193
184
170
156
149
148
157
162
162
159
156
150
141
134
121
104
82
79
72
55
46
28
8
-8
-7
-8
-19
-25
-37
-37
-31
-23
-16
-18
-21
-24
-25
-37
-43
-46
-58
-67
-75
-79
-77
-80
-80
-74
-68
-63
-54
-40
-29
-13
-3
17
30
35
37
40
50
58
62
56
55
62
62
59
64
64
62
61
57
43
33
14
-1
-13
-38
-52
-65
-71
-67
-69
-75
-78
-74
-84
-94
-99
-111
-126
-135
-139
-146
-163
-168
-173
-179
-166
-152
-138
-124
-107
-106
-100
-95
-94
-88
-84
-71
-44
-15
19
51
78
99
117
133
141
151
147
136
134
138
141
147
150
154
165
183
196
203
202
202
192
178
161
143
127
109
94
80
82
84
74
64
53
36
10
-24
-65
-101
-117
-129
-130
-119
-104
-87
-65
-46
-39
-44
-48
-54
-63
-65
-71
-79
-82
-77
-66
-46
-30
-19
-15
-18
-16
-15
-19
-23
-29
-40
-45
-46
-40
-38
-42
-51
-56
-60
-70
-78
-83
-83
-82
-82
-75
-68
-54
-43
-38
-39
-35
-25
-19
-9
-12
-19
-14
-7
2
11
24
36
52
60
58
62
66
63
62
60
58
60
53
50
54
52
55
66
77
91
93
90
88
82
74
61
61
66
66
58
45
41
36
28
2
-21
-40
-48
-57
-65
-80
-102
-120
-122
-110
-108
-114
-117
-110
-95
-74
-61
-48
-41
-44
-44
-38
-30
-18
-5
4
22
41
57
76
92
97
110
116
118
118
117
117
117
113
104
98
101
106
104
98
87
74
68
63
53
43
32
23
19
25
36
32
24
20
14
12
11
5
0
-14
-32
-54
-71
-83
-91
-92
-90
-97
-102
-115
-124
-128
-135
-146
-165
-180
-194
-199
-196
-199
-200
-191
-180
-167
-160
-155
-152
-151
-146
-146
-141
-137
-135
-128
-123
-111
-86
-76
-64
-50
-40
-27
-10
22
49
78
102
127
147
171
197
220
242
254
264
279
299
315
331
343
351
356
357
361
368
364
362
351
335
325
311
295
274
241
204
169
129
89
53
22
-10
-37
-74
-116
-148
-185
-218
-256
-292
-321
-346
-364
-388
-409
-418
-424
-423
-420
-413
-413
-404
-393
-382
-363
-343
-322
-302
-279
-258
-230
-197
-161
-131
-101
-77
-51
-23
3
32
55
73
94
115
133
160
185
206
219
229
241
247
250
251
247
248
247
250
252
250
246
235
231
224
221
215
205
195
185
177
173
169
160
150
135
125
115
103
84
68
53
48
34
22
15
8
-6
-14
-15
-30
-42
-53
-60
-70
-90
-108
-112
-123
-130
-133
-138
-137
-138
-140
-142
-145
-156
-173
-187
-196
-193
-192
-186
-180
-186
-186
-180
-170
-159
-151
-145
-137
-122
-112
-104
-94
-92
-83
-73
-54
-37
-27
-17
-16
-13
-13
-16
-16
-17
-17
-13
-10
-1
10
18
30
39
49
48
42
49
59
62
68
76
87
99
105
117
122
125
132
136
139
146
153
163
172
178
185
188
185
184
182
177
170
166
163
159
155
149
140
129
113
98
81
71
63
48
37
21
11
4
-2
-7
-21
-38
-51
-60
-71
-93
-106
-118
-127
-129
-135
-139
-143
-153
-160
-163
-175
-185
-184
-180
-172
-165
-161
-160
-156
-151
-151
-153
-157
-159
-155
-151
-150
-151
-145
-144
-135
-123
-113
-103
-97
-83
-62
-44
-31
-18
-12
-6
2
14
31
48
63
80
89
98
107
115
123
135
144
146
154
167
181
194
204
211
217
217
211
206
203
197
194
196
195
192
192
189
178
178
173
163
157
151
136
123
106
87
71
51
28
3
-19
-40
-55
-67
-87
-107
-122
-139
-163
-186
-199
-208
-213
-221
-234
-246
-251
-255
-258
-254
-251
-246
-247
-242
-234
-226
-210
-199
-189
-175
-160
-147
-128
-112
-92
-65
-40
-20
-1
12
23
39
56
73
83
93
102
107
116
128
138
155
170
179
184
194
198
197
199
194
185
177
172
168
164
160
161
149
137
124
112
106
94
80
61
33
8
-9
-19
-24
-31
-40
-50
-64
-81
-92
-103
-120
-137
-149
-160
-167
-166
-161
-155
-154
-150
-151
-156
-150
-139
-130
-123
-121
-116
-106
-97
-86
-67
-52
-41
-28
-14
-4
1
8
22
39
54
71
80
83
88
100
116
127
142
158
171
179
189
206
216
225
231
235
245
248
252
253
253
247
240
228
217
206
189
176
154
131
99
70
43
11
-20
-53
-88
-119
-155
-195
-224
-249
-278
-304
-329
-352
-372
-391
-401
-412
-422
-430
-435
-439
-441
-430
-415
-408
-389
-368
-351
-329
-303
-274
-246
-215
-185
-149
-113
-73
-36
-2
34
68
105
143
176
210
247
280
311
343
372
398
422
440
455
467
474
482
487
485
481
471
461
447
427
416
400
383
362
339
315
292
264
230
199
170
145
117
92
58
28
-6
-42
-77
-113
-146
-178
-208
-238
-266
-294
-312
-329
-344
-361
-375
-389
-409
-421
-427
-435
-442
-447
-445
-441
-434
-426
-417
-400
-376
-356
-336
-314
-297
-274
-243
-208
-174
-136
-105
-76
-42
-6
24
54
85
116
151
182
209
234
260
281
309
332
348
360
369
375
379
380
379
377
373
364
351
340
329
315
302
283
255
229
199
170
143
110
71
35
7
-20
-47
-72
-100
-123
-145
-160
-175
-183
-193
-202
-206
-213
-217
-221
-218
-212
-210
-198
-187
-180
-173
-168
-160
-156
-145
-131
-120
-110
-97
-84
-69
-53
-45
-38
-30
-17
-10
4
11
14
28
34
40
50
50
54
64
69
75
81
89
92
96
102
105
108
111
106
105
104
99
93
92
89
80
76
71
63
54
46
33
28
21
9
2
-7
-15
-26
-37
-47
-58
-70
-81
-96
-110
-120
-129
-136
-141
-142
-141
-136
-130
-127
-125
-122
-117
-112
-105
-104
-99
-89
-83
-75
-59
-45
-35
-24
-14
-2
12
24
38
49
66
81
94
107
117
126
137
146
152
160
169
179
191
195
197
196
196
202
200
201
198
193
189
182
175
169
159
148
137
126
114
98
82
64
46
27
5
-14
-31
-50
-70
-87
-100
-112
-123
-133
-146
-155
-156
-165
-174
-183
-190
-196
-199
-210
-222
-230
-236
-241
-243
-240
-241
-241
-240
-237
-234
-229
-221
-217
-207
-195
-189
-177
-171
-168
-156
-137
-127
-109
-87
-70
-51
-26
-7
8
30
51
81
102
132
155
176
197
215
234
238
246
263
269
275
284
285
288
292
302
301
300
297
299
294
287
267
253
239
220
206
188
167
134
114
91
72
53
38
14
-4
-22
-36
-56
-77
-84
-94
-100
-103
-107
-118
-127
-134
-140
-145
-149
-157
-166
-165
-164
-166
-165
-161
-159
-158
-161
-154
-149
-151
-150
-153
-157
-153
-152
-165
-169
-168
-165
-158
-153
-137
-135
-132
-121
-109
-99
-80
-68
-60
-49
-36
-29
-21
-3
9
21
23
32
40
50
66
79
89
106
110
124
140
145
153
159
163
149
142
137
129
124
128
128
127
123
128
115
110
114
112
111
107
102
83
72
55
38
24
18
5
-6
-12
-20
-21
-24
-30
-32
-24
-16
-7
5
19
31
36
40
41
40
39
50
55
49
54
57
61
65
56
55
48
38
29
7
-16
-35
-48
-50
-51
-61
-80
-86
-84
-99
-113
-130
-143
-162
-170
-176
-181
-192
-195
-188
-187
-190
-195
-191
-190
-175
-157
-143
-134
-120
-103
-90
-79
-66
-45
-28
-18
-9
-6
2
3
17
31
37
54
67
85
93
98
99
100
102
112
125
144
139
143
145
137
134
119
116
112
117
115
120
122
130
134
139
145
146
150
155
168
166
153
137
131
130
137
136
130
117
105
95
75
72
67
47
31
16
14
-4
-22
-45
-68
-86
-109
-138
-166
-176
-189
-198
-223
-249
-252
-260
-253
-230
-216
-212
-209
-202
-205
-196
-191
-185
-179
-174
-166
-163
-149
-131
-113
-92
-73
-35
-12
8
42
79
102
106
100
105
109
120
137
140
150
137
112
79
47
35
27
26
20
20
14
0
10
4
-17
-40
-59
-83
-98
-89
-78
-51
-14
16
21
26
33
29
49
60
70
85
92
96
107
134
142
143
161
164
152
159
174
179
188
171
151
158
151
124
94
78
63
47
61
47
33
36
33
3
-9
-31
-43
-82
-77
-102
-80
-62
-36
-20
-13
8
-17
18
-87
372
226
67
-74
-377
-759
-389
44
61
72
254
256
-251
-190
-338
-343
-36
532
224
-88
-326
-353
-127
-162
-108
-123
-90
-86
-69
-116
-182
-208
-230
-210
-192
-218
-206
-236
-233
-204
-130
-129
-127
-56
-43
-51
-91
-123
-169
-148
-60
32
77
88
123
149
162
177
185
154
178
186
191
209
255
313
337
324
299
311
313
338
363
383
378
352
318
293
272
270
232
196
132
149
125
111
92
67
74
-13
517
344
188
14
-332
-366
-293
-199
-99
-183
121
107
-402
-336
-566
-299
-101
-75
-121
-230
-330
-345
-323
-358
-317
-346
-296
-278
-266
-274
-309
-296
-262
-266
-268
-329
-328
-327
-287
-249
-248
-192
-149
-97
-20
25
1
-2
-12
7
23
81
85
76
95
91
103
142
180
210
219
187
197
238
280
307
302
275
268
274
263
267
267
283
286
281
293
294
291
278
302
288
287
285
242
200
185
187
150
122
117
99
75
58
41
46
38
67
52
15
-31
-80
-94
-74
-66
-76
-80
-130
-177
-201
-227
-233
-236
-226
-210
-241
-240
-242
-239
-283
-283
-279
-265
-254
-261
-255
-291
-282
-302
-272
-262
-222
-195
-153
-118
-121
-118
-135
-142
-129
-88
-32
19
12
6
-29
-31
-6
11
10
37
43
60
98
86
112
91
85
82
79
98
100
130
140
146
159
171
163
177
212
208
181
141
107
98
77
72
82
125
148
155
148
147
135
131
135
121
146
107
121
125
98
120
104
111
110
109
110
77
55
25
13
0
-14
-18
-17
-26
-51
-59
-39
-9
-10
-40
-33
-58
-63
-66
-92
-101
-124
-144
-147
-151
-154
-128
-138
-134
-144
-164
-180
-173
-137
-127
-99
-84
-107
-143
-124
-146
-141
-117
-115
-98
-101
-107
-98
-53
-36
-19
-36
-10
15
13
6
-20
-19
-37
-46
-39
-17
-33
-36
-61
-56
-34
-23
34
40
58
74
51
61
76
63
63
61
49
67
65
88
116
102
117
114
98
90
88
117
151
141
143
110
135
149
152
149
132
145
121
147
128
144
120
117
116
100
104
70
64
38
30
41
42
34
38
25
35
6
1
-8
-8
4
-8
-16
-70
-53
-53
-37
-48
-49
-44
-70
-63
-79
-104
-136
-141
-132
-127
-135
-137
-158
-175
-157
-189
-181
-191
-228
-224
-195
-206
-171
-200
-215
-217
-227
-177
-194
-153
-130
-134
-103
-91
-85
-67
-96
-40
-76
61
175
21
-54
-51
-85
18
89
123
188
229
322
85
-29
93
183
305
341
222
230
186
176
233
212
205
190
239
218
202
174
136
112
148
169
131
104
78
85
110
94
43
42
38
54
12
28
-6
-13
14
-10
-49
-44
14
-16
6
-24
-25
-52
-71
-63
-82
-106
-123
-114
-68
-99
-114
-85
-126
-112
-95
-99
-103
-133
-82
-93
-145
-108
-143
-150
-161
-169
-136
-117
-150
-117
-147
-152
-96
-109
-95
-92
-76
-82
-107
-97
-64
-47
31
-29
-25
-26
-51
-4
19
59
74
38
100
47
64
103
39
141
105
108
118
46
109
137
76
78
79
45
60
11
7
9
28
105
90
76
41
35
-41
20
47
35
40
-2
-20
-28
7
4
-16
44
141
67
31
43
75
70
74
152
73
108
101
102
68
122
127
122
102
108
134
128
99
64
27
-31
31
-59
25
-24
-28
-111
-169
-189
-141
-204
-67
-66
-116
-161
-212
-183
-195
-79
-142
-180
-147
-166
-175
-189
-136
-77
-111
-2
-121
-101
-19
-84
-97
-68
-113
12
37
10
84
11
28
-24
62
130
14
68
183
-22
-58
31
17
59
104
215
10
37
58
-55
58
89
62
110
21
58
74
69
139
67
255
134
28
91
70
29
112
164
101
145
100
129
36
77
67
90
113
64
85
10
24
49
25
11
75
32
61
-128
-11
-122
-201
-64
-124
-79
-144
-100
-73
-179
-209
-135
-210
-186
-173
-143
-218
-209
-197
-243
-146
-190
-159
-60
-79
-129
-48
47
-33
-97
-71
36
-71
129
95
-66
62
137
63
-11
116
132
144
-21
9
-53
185
149
18
69
90
29
-32
-56
27
110
202
169
-72
109
-43
35
111
-25
104
164
144
-50
-156
47
-99
14
141
2
252
105
7
37
-76
166
96
128
119
-94
3
-64
-171
-29
89
56
85
54
6
-99
-138
-59
-77
37
-80
-65
34
40
-23
24
-166
-89
-117
-44
-64
-219
42
-161
90
92
-23
-19
-65
7
63
-10
81
-81
102
53
9
121
0
36
71
89
-66
-42
-68
29
-25
-11
79
1
-92
-85
-144
3
-34
43
33
-101
14
-6
31
-112
-123
-52
11
148
1
-25
599
545
532
312
-163
-290
-567
-528
-531
-504
60
156
22
-35
-284
-234
-207
-107
149
196
297
222
357
245
126
84
-127
1
-38
43
21
-38
9
-95
-42
-24
-133
-63
-167
-123
-109
-192
-90
-88
57
152
58
7
-67
-6
106
26
114
161
221
264
233
235
198
156
46
-15
34
64
80
149
186
225
123
64
-78
-128
-91
-38
-82
-84
-72
-27
-35
-114
-135
-167
-148
-150
-208
-192
-137
-141
-63
-127
-150
-167
-229
-190
-131
-88
20
52
84
53
3
40
-25
-38
15
-33
-34
-44
-65
-20
3
79
129
139
163
202
202
227
224
188
168
153
66
68
10
-28
43
-9
67
25
-46
38
-63
12
-35
-3
50
18
113
58
56
42
-15
-48
-144
-214
-227
-229
-172
-168
-66
-20
35
72
51
122
126
185
180
86
120
17
42
42
16
74
-29
-7
11
-111
-39
-87
-79
-69
-167
-115
-217
-113
-20
-73
-54
-7
13
-30
-75
-130
-244
-98
-154
-225
-193
-236
-81
-15
2
-45
-67
84
113
80
54
-77
-27
-49
-57
-50
31
137
152
163
96
108
143
105
173
151
266
194
126
197
93
32
2
21
28
56
80
13
33
91
75
89
151
218
169
323
212
177
261
163
104
-25
-1
-64
-114
-7
-107
-101
-66
-35
-21
40
74
-110
39
29
-58
19
-106
-76
-96
-72
-66
-174
-28
-98
-137
-100
-211
-266
-259
-246
-324
-253
-255
-274
-215
-288
-372
-376
-261
-411
-385
-334
-375
-387
-468
-482
-500
-251
-13
220
307
404
493
442
533
374
192
199
161
264
181
9
121
-9
214
244
200
353
317
525
488
522
457
439
560
604
643
487
426
444
373
429
225
146
196
83
194
43
89
19
-12
85
-38
-74
-183
-180
-167
-103
-163
-237
-241
-356
-462
-687
-786
-891
-933
-701
-689
-689
-603
-836
-970
-993
-1115
-1212
-1233
-1215
-1084
-1168
-1176
-1183
-1156
-774
-651
-473
20
434
896
1356
1610
1859
1983
2066
1844
1600
1396
1238
917
694
509
-69
-325
-288
-318
-57
250
424
775
1126
1411
1338
1322
1485
1493
1551
1547
1267
1073
907
578
292
50
-298
-459
-441
-497
-479
-493
-465
-428
-418
-376
-542
-729
-838
-1089
-1182
-1304
-1625
-1682
-1744
-1626
-1528
-1537
-1573
-1633
-1414
-1608
-1533
-1521
-1838
-1655
-1693
-1807
-1783
-2165
-1995
-1934
-1368
-648
295
2217
3361
4409
4700
4200
3777
3188
2200
877
153
-525
-1323
-1871
-2600
-2525
-1970
-1206
-378
189
1108
1488
2217
2964
3211
3688
3636
3494
3299
2938
2207
1135
419
-209
-575
-691
-969
-1004
-777
-496
-306
-105
84
230
548
649
469
187
-292
-705
-1114
-1580
-2034
-2602
-2866
-2924
-2863
-2448
-2002
-1319
-702
-343
-111
-173
-202
-804
-1295
-1601
-2249
-2357
-2621
-2808
-2506
-2387
-1840
-839
1301
3642
4895
5836
5541
4951
4274
2716
771
-898
-1743
-2377
-3056
-3735
-4136
-3513
-2216
-707
446
1298
2022
2793
3879
4373
4343
4026
3637
3336
2990
2161
822
-376
-1230
-1605
-1757
-1905
-1887
-1447
-591
35
510
773
871
1059
1192
1112
420
-156
-673
-1187
-1414
-2018
-2622
-3059
-3045
-2411
-2013
-1403
-767
-439
299
690
466
198
-280
-727
-945
-1340
-1526
-2061
-2500
-2337
-2480
-2294
-2233
-1395
837
3070
5153
6221
5910
5352
4569
3397
1538
-506
-1941
-3214
-3722
-4055
-4519
-4251
-2855
-987
642
1878
2369
3010
4043
4670
4841
4398
3672
2968
2202
1508
16
-1607
-2508
-2896
-2571
-2049
-1568
-978
-100
834
1486
1624
1400
1115
994
865
392
-459
-1455
-1969
-2522
-3006
-3416
-3939
-3680
-3022
-1863
-570
340
1273
1571
1693
1411
435
-408
-1292
-1820
-2122
-2426
-2807
-3299
-3581
-3577
-3241
-2767
-1574
146
2413
5251
7388
7836
7060
6156
4825
2898
510
-2279
-4150
-4722
-4960
-5136
-4570
-3112
-1184
1046
2356
2956
3778
4474
5127
5478
5277
4421
3475
2546
1196
-257
-1849
-3179
-3659
-3202
-2201
-1055
190
1171
2017
2879
2803
2085
1518
804
381
0
-931
-1636
-2562
-3330
-3690
-4272
-4401
-4375
-3490
-2038
-670
957
1928
2528
2614
1829
524
-708
-1949
-2934
-3254
-3513
-3590
-3477
-3571
-3262
-3062
-3015
-2080
-381
1818
3889
6195
7196
7033
6913
5525
3155
994
-1472
-3895
-4939
-5139
-5393
-4743
-2865
-1102
915
2396
2858
3345
4332
5064
5198
5345
4895
4163
3337
1734
-172
-2033
-3417
-3985
-3662
-2669
-1488
90
1656
2745
3350
3348
2571
1715
1097
313
-242
-809
-1746
-2431
-3069
-3990
-4497
-4781
-4518
-3477
-1899
-49
1377
2580
3224
2779
2080
703
-972
-2185
-3332
-3681
-3962
-3907
-3664
-3637
-3160
-2887
-2777
-2518
-1055
998
2871
5431
7366
7619
7371
6449
4151
1481
-953
-3872
-5747
-6030
-5980
-5345
-3537
-1172
856
2931
3915
4103
4590
4947
4924
5067
5033
4104
3192
1821
-171
-2167
-4002
-4795
-4427
-3053
-1053
1098
3104
4196
4592
4327
3066
1538
311
-597
-1124
-1402
-1841
-2423
-3014
-3712
-4344
-4478
-4098
-3248
-1806
-48
1596
2565
3122
2859
1506
170
-1709
-3208
-3838
-4532
-4375
-4028
-3579
-2800
-2541
-2037
-2191
-2163
-1030
13
2072
4059
6157
7671
7685
7106
4861
2393
-293
-3178
-5088
-6117
-5503
-4548
-2926
-456
1308
3240
3868
3744
3665
3525
3953
4202
4712
4685
3995
2855
798
-1522
-3681
-4972
-4870
-3503
-1215
1227
3271
4693
5030
4443
3213
1321
-275
-1168
-1656
-1700
-1941
-2298
-2861
-3772
-4333
-4878
-4539
-3623
-2331
-344
1391
2729
3117
2900
1761
-30
-1908
-3703
-4837
-5133
-5050
-4744
-4152
-3538
-2735
-2396
-2125
-2135
-1458
249
2224
4088
5800
7150
8010
7972
6122
2888
-414
-2925
-5086
-6265
-6309
-5191
-3180
-475
1401
2820
3802
3872
3690
3600
4020
4300
5130
5203
4771
3892
1584
-1032
-3609
-5115
-5132
-3584
-943
1651
4024
5399
5474
4681
3121
1039
-624
-1306
-1559
-1346
-1026
-1624
-2373
-3221
-4266
-4667
-4440
-3233
-1692
405
2262
2964
3292
2344
749
-959
-2786
-4111
-4999
-5038
-4702
-4457
-3734
-3531
-2671
-1963
-1877
-1408
-1031
607
1926
3619
5539
6470
6856
5840
4449
2535
-57
-2167
-4443
-5454
-5328
-4444
-3083
-1539
706
1973
3197
3564
3356
3138
3159
3935
4663
5329
4705
3517
1823
-613
-2846
-4440
-4911
-3814
-1305
1356
3588
4700
4331
3343
2096
662
-723
-1198
-1071
-592
134
-271
-1278
-2456
-3922
-4758
-4322
-3434
-2000
230
1597
2357
2376
1439
71
-1226
-2021
-3064
-3404
-3209
-3795
-3616
-3354
-3910
-3053
-2496
-1769
-1398
-1453
-9
905
3050
4736
5461
6963
6093
5126
3662
1312
-298
-2891
-4170
-4927
-4415
-3173
-2896
-1201
474
1659
2949
3071
3265
3709
3955
4700
4952
4906
3822
2021
360
-1871
-3604
-4472
-4362
-2763
-315
2201
3721
4063
3585
2447
1390
368
-460
-720
-318
154
-155
-972
-2441
-3965
-4731
-4722
-3886
-2473
-587
1316
2407
2696
1996
780
-575
-1953
-3044
-3740
-4032
-3868
-3840
-3828
-3685
-3331
-2652
-1865
-1222
-880
306
1655
2734
4145
5638
6747
6270
5107
3417
1370
9
-2161
-3930
-4487
-4064
-3243
-2609
-1118
286
1515
2574
2913
3537
4304
4574
4701
5136
5020
4110
2513
472
-1753
-3343
-3870
-3849
-2487
-477
1490
3326
3872
3148
2185
1006
49
-315
-254
-65
-232
-443
-1071
-2032
-3114
-4322
-4538
-3899
-2808
-1005
412
1430
1595
760
-357
-1539
-2319
-3178
-3404
-3269
-3094
-2985
-3252
-3640
-3521
-3167
-2476
-1373
-106
509
1392
2220
2503
3180
3674
4364
4112
3373
2948
1955
1373
53
-2197
-3184
-3519
-2539
-1734
-635
1121
2137
3141
3164
2838
2667
2466
2721
3759
4801
4708
3619
1723
-447
-2021
-2913
-3327
-2577
-564
1408
3148
3769
2560
1068
-148
-1010
-1025
-328
181
367
355
-375
-1849
-3363
-4579
-5237
-4180
-2462
-749
897
1265
997
373
-699
-1714
-2837
-3091
-2689
-2480
-1937
-2536
-3548
-3987
-4427
-3461
-2672
-1658
-221
1630
4751
6225
5909
4584
3087
1800
830
622
605
1706
2271
638
-1650
-3444
-4117
-3684
-1679
703
3005
4955
4978
4069
3109
1840
985
1579
2595
3321
3817
3033
1145
-840
-2511
-3400
-2608
-437
1494
3095
3564
2364
907
-671
-2011
-2400
-1832
-896
-99
556
-32
-1436
-2728
-4166
-4390
-3349
-1992
-534
743
1030
332
-638
-2170
-3289
-3574
-3228
-2401
-1571
-969
-1272
-2569
-3548
-4046
-4067
-3067
-1804
-397
1478
3712
4813
4704
4771
4154
2530
1444
1079
1357
2729
3346
1791
-265
-2290
-3846
-4087
-3026
-738
1902
4045
4623
4122
3331
2013
1140
1652
2723
3781
4378
3685
1997
8
-1830
-3317
-3194
-1530
531
2520
3164
2267
396
-1491
-2466
-2645
-1603
-113
718
1098
456
-951
-2672
-4387
-4904
-4218
-2351
-294
555
938
-100
-1605
-2500
-3310
-3001
-2342
-1482
-733
-647
-1186
-2723
-4288
-4786
-4482
-3328
-1552
-303
1042
3276
4238
4487
3983
3350
3086
2188
1844
2400
3739
5037
3790
560
-2339
-4125
-4214
-3551
-1508
1597
3820
4535
3436
1707
632
-19
718
2680
4970
6140
5409
3450
827
-1425
-2824
-2878
-1589
534
2414
2746
1537
-668
-3039
-4180
-3487
-1411
821
2297
2224
860
-968
-3041
-4392
-4431
-3371
-1538
-229
121
-830
-2365
-3751
-4420
-3780
-2728
-1097
-5
265
-379
-2103
-3268
-4282
-4386
-3315
-2328
-912
-272
284
1237
2210
3370
3437
3275
3448
2548
2051
2778
3905
5135
4321
1599
-1434
-3418
-3619
-2951
-1050
1563
3096
3230
2158
915
465
720
1718
3709
5656
6391
5686
3530
1061
-992
-2108
-1623
-131
1305
1981
1096
-944
-2928
-4324
-4353
-2935
-734
1171
2254
1787
123
-1581
-2970
-3247
-2778
-1638
-804
-660
-1483
-3091
-4219
-5003
-4670
-3306
-1896
-490
155
-40
-885
-1873
-2676
-3004
-2364
-1966
-1251
-913
-1247
-1367
-330
1378
2797
4036
4177
3729
3440
1990
1697
3296
5002
6079
4343
1052
-1935
-3439
-3632
-2705
-79
2440
3408
2807
1172
271
219
786
2537
5015
6681
6606
5016
2171
-326
-1581
-1947
-899
888
1854
1473
-378
-2704
-4725
-5481
-4304
-2067
533
2090
1933
514
-1284
-2423
-3009
-2556
-1242
-235
-45
-1035
-3118
-5134
-6151
-5831
-4255
-2461
-981
-535
-696
-1320
-2051
-2209
-2502
-1986
-1083
-1222
-909
-1183
-941
1000
2288
3072
3075
3316
3253
2099
1314
1518
4150
6601
5801
3379
79
-2105
-2761
-2696
-1117
1802
3772
3223
1496
-57
-495
21
1222
3591
6257
7168
5874
3571
1129
-451
-1070
-645
857
2034
1895
227
-2091
-4150
-5379
-5094
-3203
-774
1332
1633
302
-1345
-2547
-2635
-1944
-610
131
197
-474
-2505
-4379
-5762
-5953
-4762
-3209
-1875
-1545
-1484
-2160
-2537
-2198
-1948
-1067
-644
-986
-1286
-1842
-1798
-641
1102
2568
2896
2836
2715
2989
2708
1742
2462
4487
5604
4999
2663
109
-1139
-1467
-1383
98
1991
2471
1736
345
-286
222
917
1911
3918
5790
5965
4575
2945
1572
729
809
1237
2072
2353
1116
-870
-2681
-3856
-4449
-3921
-2566
-1189
-375
-631
-1237
-1602
-1674
-1340
-530
173
127
-446
-1846
-3099
-3910
-4468
-4455
-4225
-3589
-3409
-3247
-2892
-2672
-2191
-2122
-1958
-1902
-1674
-1472
-1729
-1412
-471
1256
2779
3397
2649
1814
2371
2795
2639
3022
4242
4991
4402
2677
112
-1221
-1027
-680
252
2008
2585
1499
-168
-1111
-286
1533
3078
4422
5265
5072
3883
2433
1914
1979
2441
2706
2612
2270
1035
-811
-2586
-3478
-3372
-3099
-2761
-2368
-2194
-2429
-2673
-2450
-1742
-721
229
550
287
-549
-1710
-2446
-2643
-2761
-2815
-3180
-3799
-4080
-4648
-4613
-3823
-2885
-2033
-1565
-1511
-2019
-2476
-2497
-2549
-1257
1039
3039
4123
3526
2141
1231
1722
2219
2720
4351
5642
5626
3704
913
-1022
-1247
-2
867
2192
3098
2137
201
-1486
-1543
80
2252
3712
4723
4982
3860
2522
1778
2081
3130
4212
4255
3291
2066
295
-1247
-2078
-2273
-2309
-2491
-2791
-3380
-3898
-4174
-4037
-3296
-2018
-937
-504
-495
-885
-1487
-1761
-1441
-1191
-1459
-2016
-2943
-3848
-4165
-3967
-3625
-3166
-2300
-1946
-2285
-2671
-3186
-3537
-3024
-1875
-153
1762
3383
3434
1959
1272
1795
2690
3804
4659
5559
5592
4119
1801
-153
7
1088
1975
2735
2842
1763
-101
-1822
-2120
-527
1529
2629
3123
3079
2397
1577
1514
2402
3694
4886
4891
3880
2698
1376
341
-211
-615
-1039
-1750
-2665
-3522
-4355
-4878
-4751
-3953
-2949
-2202
-1688
-1581
-1675
-1728
-1671
-1209
-792
-531
-999
-2020
-2713
-3207
-3395
-3456
-3197
-2695
-2583
-2837
-3320
-3350
-3253
-2919
-2687
-2104
-24
1724
2761
2478
1851
1999
2161
2693
3174
4594
5949
5086
3289
1274
584
1269
1977
2624
3242
3168
1446
-604
-1431
-920
421
1519
1980
1960
1575
906
545
1594
3278
4436
4812
4360
3426
2545
1899
1559
1261
788
-113
-1335
-2304
-3254
-3912
-4270
-4234
-3800
-3635
-3433
-3194
-2770
-2385
-2112
-1560
-1263
-1063
-1140
-1691
-2168
-2398
-2234
-2155
-2438
-2796
-2978
-3067
-3337
-3319
-3016
-2881
-3054
-2409
-987
398
1695
1501
1196
1820
2412
2314
2352
4229
5476
4563
2815
1137
1272
2352
2889
3079
3476
3378
1601
-181
-452
613
1678
1861
1618
1281
697
-168
-158
1062
2627
3654
3744
3498
3060
2762
2380
2253
2418
1822
836
-246
-952
-1712
-2647
-3176
-3665
-3905
-4241
-4651
-4632
-3960
-3220
-3005
-2656
-2266
-2096
-1791
-1648
-1743
-1708
-1470
-1604
-1993
-2187
-2492
-2799
-2939
-2801
-2665
-2437
-2825
-2658
-1457
-25
1038
1023
1040
1288
1948
2037
1864
3245
4277
3746
2054
619
911
1886
2825
2660
2819
3152
2108
1050
818
1780
2644
2632
2152
1403
1034
118
-350
548
1839
2737
2694
2443
2100
2087
2202
2359
2640
2168
1163
191
-201
-241
-653
-1357
-2165
-2697
-3348
-3972
-3982
-3652
-3254
-3174
-3323
-3290
-2976
-2711
-2443
-2199
-2066
-1945
-2067
-1890
-2036
-2248
-2336
-2653
-2276
-2333
-2469
-2660
-2246
-852
-180
454
493
848
1939
2313
1880
1228
2778
4481
3910
2186
371
446
1472
2242
2034
1951
3023
2415
1081
564
1381
2685
3159
3419
2853
1946
765
-174
573
1957
2718
2375
1826
1900
1749
1403
1230
1583
1862
1329
501
-265
-566
-701
-1092
-1441
-1857
-2657
-3707
-3985
-3544
-3185
-3200
-3668
-3607
-3203
-2948
-2989
-3166
-2657
-2188
-2005
-1908
-2099
-2000
-2060
-2199
-2360
-2794
-2660
-2792
-2553
-1453
-404
427
308
273
896
1779
2450
2323
2961
4149
4088
2652
807
512
1673
2682
2578
2165
2093
1461
666
536
1545
3021
3641
3307
2682
2236
1524
875
1190
2094
2732
2464
1900
1640
1613
1703
1728
1816
1699
1104
214
-279
-187
-145
-529
-1096
-1506
-2123
-2917
-3407
-3436
-3014
-2849
-3121
-3441
-3671
-3595
-3507
-3284
-2935
-2346
-2088
-2389
-2382
-2333
-1987
-1869
-2126
-2466
-2813
-2724
-2894
-2066
-904
-381
87
-152
170
1119
1903
1802
2056
3676
4335
3410
1508
482
1153
2390
2860
2135
2339
2443
1408
457
378
2017
3429
3798
3510
2689
2007
1049
852
1595
2446
2692
1921
1450
1509
1638
1694
1705
1753
1427
678
-121
-349
-83
-223
-592
-1052
-1563
-2189
-2863
-2959
-2686
-2465
-2840
-3517
-3709
-3625
-3558
-3753
-3821
-3446
-3002
-2903
-2978
-2717
-2162
-1867
-2034
-2261
-2264
-2208
-2296
-1959
-997
-142
71
-408
-627
318
1527
1659
1270
2445
3975
3734
1956
225
560
2139
3232
2818
2268
2574
1926
689
266
1282
2919
3516
3513
3214
2652
1964
1294
1692
2667
3116
2379
1438
1453
1830
2091
2054
2008
1755
1067
265
-181
56
104
-311
-733
-1151
-1564
-2191
-2557
-2274
-1859
-2267
-3310
-3846
-3645
-3350
-3358
-3623
-3724
-3471
-3398
-3513
-3396
-2798
-2380
-2357
-2385
-2400
-2374
-2490
-2676
-1882
-681
-97
-372
-865
-475
742
1769
1235
1062
2614
3817
3195
1350
388
1256
2716
3142
2353
2330
2687
1995
788
425
1559
2629
2899
2879
2751
2482
1908
1549
2056
2840
2939
2152
1577
1815
2131
2193
2145
2020
1645
789
-67
-162
134
130
-420
-1073
-1447
-1893
-2285
-2369
-1945
-1705
-2213
-3055
-3580
-3507
-3229
-3421
-3460
-3225
-3096
-3375
-4044
-3987
-3418
-2746
-2458
-2569
-2708
-2909
-3190
-2724
-1668
-282
192
-333
-684
-291
813
1504
1380
2455
4006
4062
2493
509
533
2087
3503
3483
2772
2755
2570
1444
624
907
2171
2771
2674
2601
2333
1970
1469
1545
2431
3160
2788
1865
1661
2303
2708
2674
2397
1967
1424
639
135
253
366
-143
-982
-1647
-2005
-2419
-2738
-2586
-2200
-2308
-3081
-3767
-3748
-3263
-3026
-3159
-3241
-3200
-3351
-3754
-3979
-3588
-2913
-2621
-2695
-2798
-2788
-2683
-2684
-2187
-976
53
119
-583
-785
-129
1046
1521
1274
2167
3657
3631
1966
441
872
2503
3621
3403
2876
3096
3022
1878
884
1278
2319
2755
2510
2391
2157
1694
1286
1398
2319
3117
2820
2046
1912
2389
2643
2443
2246
2050
1581
728
178
206
199
-311
-1084
-1627
-1814
-2058
-2459
-2523
-2338
-2514
-3242
-3817
-3785
-3441
-3245
-3303
-3311
-3244
-3406
-3861
-4086
-3560
-2943
-2717
-2741
-2675
-2656
-2771
-2745
-2085
-893
-44
-41
-669
-841
-119
865
1166
1397
2594
3641
3262
1763
614
1139
2695
3805
3598
3129
3303
3112
2102
1314
1629
2438
2813
2556
2097
1667
1352
1008
984
1779
2500
2327
1750
1655
2076
2246
2063
1901
1912
1796
1259
673
305
72
-330
-921
-1300
-1431
-1690
-2170
-2501
-2672
-2891
-3268
-3365
-3085
-2887
-3009
-3408
-3671
-3633
-3459
-3590
-3704
-3502
-3229
-3105
-3021
-2804
-2575
-2489
-2291
-1622
-531
124
-182
-813
-776
206
1186
1292
1491
2688
3605
3055
1484
667
1483
2955
3722
3517
3475
3816
3338
2078
1376
1864
2664
2827
2421
2032
1669
1145
606
682
1709
2535
2382
1809
1634
1936
1967
1799
1862
2116
2059
1365
606
179
-24
-421
-905
-1112
-1200
-1480
-2080
-2627
-2801
-2937
-3211
-3316
-3136
-3090
-3477
-3993
-4141
-3879
-3676
-3899
-4157
-4028
-3789
-3636
-3456
-3107
-2631
-2367
-2087
-1474
-657
-155
-277
-556
-399
322
988
1274
1747
2577
3085
2593
1613
1243
1868
2885
3483
3536
3585
3856
3557
2634
1931
2014
2494
2682
2530
2250
1957
1568
1013
809
1360
2096
2352
2240
2196
2209
1971
1633
1546
1739
1938
1679
1024
453
107
-283
-715
-972
-1065
-1242
-1697
-2275
-2735
-3022
-3223
-3342
-3391
-3463
-3622
-3918
-4175
-4189
-4125
-4078
-4007
-3996
-4007
-3892
-3563
-3101
-2815
-2457
-1881
-1117
-447
-257
-310
-239
185
694
930
1414
2340
3101
3056
2261
1571
1605
2125
2732
3160
3592
4048
3902
3068
2132
1788
2060
2486
2741
2773
2583
2102
1362
733
720
1268
1815
2010
1999
2058
2001
1658
1361
1357
1582
1613
1243
690
260
-7
-389
-787
-1063
-1270
-1483
-1827
-2171
-2452
-2737
-3046
-3337
-3463
-3579
-3762
-3876
-3926
-3956
-4030
-4216
-4335
-4387
-4226
-3908
-3475
-3010
-2622
-2146
-1585
-1079
-668
-368
-48
327
575
685
997
1731
2495
2732
2330
1839
1685
1945
2296
2653
3088
3552
3792
3549
3050
2632
2386
2380
2567
2805
2911
2627
2051
1462
1155
1179
1356
1510
1620
1707
1758
1713
1559
1375
1262
1178
987
660
387
262
124
-205
-688
-1140
-1443
-1638
-1868
-2097
-2286
-2566
-2845
-3124
-3365
-3606
-3773
-3731
-3598
-3518
-3692
-3919
-4069
-4077
-3959
-3631
-3188
-2753
-2220
-1666
-1199
-793
-473
-141
213
534
613
661
1131
1829
2254
2172
1944
1823
1805
1857
2013
2428
3070
3467
3419
3202
3093
2938
2678
2505
2519
2660
2712
2473
2056
1770
1526
1287
1129
1110
1177
1211
1162
1113
1161
1160
1015
690
329
68
-61
-112
-226
-437
-744
-1120
-1488
-1749
-1950
-2106
-2237
-2355
-2487
-2710
-3037
-3328
-3431
-3342
-3266
-3347
-3491
-3596
-3620
-3575
-3457
-3207
-2871
-2552
-2212
-1744
-1250
-836
-576
-344
-8
279
401
543
912
1408
1699
1737
1745
1848
1966
1969
2040
2349
2867
3221
3322
3383
3463
3440
3173
2891
2777
2745
2682
2476
2276
2194
2055
1752
1446
1254
1106
932
785
827
967
988
802
511
195
-63
-246
-350
-445
-608
-879
-1227
-1494
-1657
-1831
-2024
-2172
-2290
-2476
-2733
-2935
-3013
-3011
-3032
-3159
-3344
-3458
-3538
-3602
-3604
-3423
-3147
-2984
-2855
-2671
-2294
-1813
-1395
-1004
-629
-245
58
193
339
696
1154
1504
1726
1938
2138
2223
2195
2238
2445
2800
3081
3229
3398
3555
3569
3365
3131
2998
2919
2764
2529
2375
2347
2233
2016
1820
1634
1418
1116
823
783
975
1078
964
746
545
327
128
-74
-300
-530
-809
-1177
-1396
-1466
-1630
-1823
-2029
-2179
-2329
-2488
-2592
-2681
-2720
-2851
-3120
-3320
-3467
-3605
-3685
-3649
-3502
-3379
-3370
-3412
-3278
-2875
-2389
-1929
-1440
-952
-596
-371
-199
68
442
764
1010
1270
1621
1890
1978
2025
2187
2495
2769
2886
2991
3212
3408
3371
3176
3022
2959
2867
2668
2519
2531
2575
2402
2105
1931
1874
1739
1424
1209
1242
1360
1308
1049
815
683
517
279
39
-108
-270
-539
-841
-1081
-1202
-1367
-1594
-1779
-1908
-1997
-2088
-2185
-2313
-2495
-2718
-2939
-3117
-3250
-3374
-3490
-3527
-3465
-3445
-3469
-3464
-3364
-3125
-2814
-2452
-2024
-1552
-1137
-848
-602
-303
36
372
648
981
1378
1631
1712
1750
1927
2251
2506
2630
2757
2971
3127
3087
2959
2881
2844
2706
2499
2453
2584
2645
2510
2333
2242
2170
1933
1582
1399
1476
1594
1523
1361
1223
1089
896
611
386
232
43
-207
-474
-641
-779
-995
-1234
-1434
-1559
-1653
-1767
-1891
-2091
-2318
-2515
-2733
-2887
-3045
-3214
-3353
-3471
-3483
-3519
-3572
-3554
-3411
-3145
-2827
-2480
-2130
-1820
-1537
-1245
-941
-602
-272
-47
195
547
926
1211
1344
1494
1705
1916
2050
2140
2288
2495
2651
2647
2590
2548
2473
2357
2291
2346
2404
2367
2277
2231
2251
2199
2011
1855
1809
1836
1801
1665
1510
1367
1217
990
749
577
445
237
-15
-327
-620
-853
-1035
-1131
-1211
-1239
-1290
-1354
-1485
-1752
-2023
-2240
-2402
-2527
-2654
-2810
-2961
-3077
-3171
-3245
-3295
-3270
-3173
-2987
-2705
-2376
-2039
-1741
-1467
-1178
-867
-597
-362
-141
164
546
902
1119
1200
1302
1460
1585
1672
1817
2008
2182
2257
2189
2066
1960
1882
1851
1899
1994
2021
1963
1895
1894
1927
1848
1729
1681
1713
1757
1729
1630
1507
1420
1317
1165
966
746
544
339
125
-110
-397
-640
-840
-991
-1086
-1142
-1123
-1111
-1172
-1336
-1556
-1724
-1866
-1990
-2134
-2308
-2449
-2540
-2575
-2643
-2732
-2785
-2762
-2635
-2421
-2186
-1917
-1654
-1396
-1129
-901
-663
-444
-208
83
438
752
966
1106
1192
1244
1282
1369
1510
1671
1793
1818
1772
1685
1588
1500
1460
1473
1457
1400
1328
1262
1225
1188
1112
1036
986
1018
1061
1066
1042
999
945
877
796
655
528
443
357
230
-1
-270
-507
-662
-775
-862
-869
-799
-709
-721
-892
-1122
-1307
-1402
-1456
-1528
-1612
-1658
-1684
-1743
-1843
-1934
-1960
-1917
-1800
-1644
-1437
-1227
-1026
-811
-593
-377
-180
0
196
420
668
849
936
1004
1078
1151
1191
1221
1264
1328
1385
1421
1417
1371
1285
1211
1182
1153
1096
1009
920
865
827
743
611
492
438
413
385
315
237
176
145
139
76
-29
-133
-205
-251
-345
-498
-646
-736
-758
-784
-822
-834
-773
-679
-626
-649
-743
-812
-857
-911
-1007
-1098
-1142
-1144
-1150
-1182
-1222
-1259
-1272
-1249
-1153
-965
-749
-537
-328
-125
72
256
397
572
770
967
1115
1222
1322
1350
1344
1312
1300
1330
1357
1392
1419
1419
1406
1341
1269
1208
1130
1052
967
917
874
803
667
514
372
263
175
85
-1
-122
-205
-256
-342
-482
-648
-772
-823
-876
-1001
-1186
-1339
-1417
-1458
-1504
-1570
-1586
-1490
-1325
-1209
-1194
-1206
-1184
-1134
-1123
-1150
-1146
-1084
-1012
-992
-998
-974
-917
-875
-828
-687
-482
-296
-118
72
287
525
703
842
1009
1201
1347
1449
1579
1700
1762
1731
1664
1614
1622
1635
1673
1715
1744
1703
1591
1488
1417
1365
1303
1256
1254
1210
1085
863
627
535
507
464
342
168
0
-91
-163
-305
-512
-694
-797
-864
-1005
-1258
-1493
-1623
-1714
-1802
-1967
-2129
-2134
-2059
-1954
-1884
-1839
-1773
-1693
-1625
-1623
-1634
-1560
-1443
-1308
-1231
-1212
-1169
-1109
-1037
-928
-741
-549
-356
-173
7
209
418
594
754
958
1152
1306
1430
1565
1685
1765
1767
1772
1812
1869
1911
1945
2005
2027
2040
1951
1864
1786
1749
1702
1656
1604
1524
1416
1255
1080
965
896
767
634
456
326
224
148
17
-192
-387
-561
-754
-923
-1104
-1266
-1404
-1536
-1720
-1972
-2154
-2212
-2148
-2043
-1956
-1900
-1860
-1824
-1863
-1916
-1893
-1804
-1669
-1614
-1586
-1539
-1496
-1434
-1357
-1231
-1069
-914
-748
-583
-325
-54
169
370
531
695
871
981
1089
1221
1373
1476
1515
1465
1444
1498
1546
1597
1627
1708
1756
1801
1735
1698
1661
1616
1558
1521
1556
1517
1395
1243
1137
1061
916
703
649
713
848
730
494
220
-33
-265
-471
-634
-780
-925
-1103
-1257
-1527
-1668
-1869
-1894
-1714
-1628
-1504
-1536
-1492
-1415
-1435
-1364
-1439
-1409
-1419
-1523
-1510
-1527
-1518
-1470
-1373
-1235
-1090
-892
-785
-635
-304
-94
105
364
544
688
915
1043
1123
1215
1295
1237
1291
1313
1199
1258
1273
1230
1204
1199
1152
1148
1210
1255
1251
1323
1278
1261
1296
1265
1181
1065
1041
941
740
573
370
305
311
237
53
-159
-243
-435
-524
-602
-722
-850
-968
-1123
-1391
-1568
-1631
-1680
-1625
-1557
-1582
-1581
-1495
-1446
-1422
-1320
-1207
-1114
-1077
-1002
-1063
-968
-836
-803
-698
-591
-506
-406
-260
-205
9
202
390
565
695
847
889
1076
1174
1219
1319
1291
1355
1395
1319
1302
1294
1314
1347
1319
1208
1202
1165
1172
1179
1197
1217
1124
1156
1032
839
762
583
547
491
293
70
-64
-198
-448
-595
-737
-855
-821
-929
-1039
-1131
-1233
-1369
-1575
-1578
-1721
-1741
-1686
-1799
-1753
-1751
-1793
-1727
-1672
-1466
-1410
-1304
-1164
-1189
-1027
-909
-863
-644
-475
-274
-196
-172
-61
-16
379
616
820
1044
1168
1287
1383
1426
1517
1623
1815
1923
1869
1812
1700
1656
1650
1599
1501
1501
1458
1449
1386
1437
1436
1435
1359
1210
1049
1035
1062
966
1012
992
792
440
-70
-529
-754
-710
-670
-915
-962
-1213
-1514
-1717
-1931
-2040
-1977
-1756
-1764
-1878
-1946
-2006
-2111
-2110
-2168
-2259
-2254
-2139
-2120
-1927
-1707
-1549
-1471
-1407
-1389
-1444
-1183
-980
-747
-492
-332
-229
-134
54
80
272
627
800
1198
1456
1639
1804
2061
2152
2160
2276
2273
2370
2466
2423
2289
2235
2208
1996
1940
1845
1857
1948
1907
1851
1686
1569
1452
1425
1319
1164
1007
864
632
490
292
-28
-128
-177
-417
-709
-960
-1168
-1226
-1302
-1385
-1626
-1779
-1920
-2168
-2197
-2303
-2269
-2262
-2368
-2398
-2461
-2508
-2440
-2312
-2258
-2154
-2003
-1937
-1884
-1790
-1708
-1516
-1305
-1198
-1196
-985
-784
-611
-344
-106
148
473
573
620
822
1143
1494
1691
1857
1984
2088
2215
2085
2082
2205
2322
2468
2355
2318
2220
2235
2162
2126
2111
2109
2074
1979
1817
1711
1698
1541
1427
1293
1122
902
732
532
379
295
193
-47
-332
-550
-790
-903
-1083
-1252
-1316
-1549
-1697
-1863
-2137
-2282
-2448
-2500
-2638
-2614
-2569
-2667
-2513
-2476
-2441
-2344
-2247
-2152
-2056
-1855
-1714
-1603
-1404
-1368
-1299
-1069
-1004
-809
-534
-370
-188
-15
191
374
552
878
1000
1202
1451
1419
1592
1631
1660
1752
1858
2034
2073
2035
1988
1955
2129
2292
2250
2324
2267
2322
2300
2149
2067
1930
1877
1755
1527
1360
1150
1078
1007
775
558
266
93
-42
-202
-387
-622
-792
-989
-1293
-1545
-1733
-1772
-1850
-1939
-2065
-2183
-2200
-2352
-2395
-2306
-2186
-2042
-2036
-2062
-2026
-2021
-2006
-2041
-1856
-1614
-1475
-1382
-1341
-1194
-950
-783
-676
-462
-313
-66
97
228
434
571
754
817
933
1053
1078
1196
1280
1388
1524
1587
1653
1711
1775
1864
1927
1994
2023
2082
2197
2205
2239
2150
2045
1987
1859
1703
1546
1437
1439
1313
1039
751
474
328
124
-53
-240
-389
-483
-716
-973
-1097
-1276
-1396
-1553
-1748
-1793
-1834
-1805
-1892
-1983
-1969
-2080
-2149
-2134
-2101
-1962
-1792
-1700
-1646
-1678
-1731
-1738
-1565
-1326
-1147
-884
-745
-660
-561
-519
-489
-321
-22
218
461
627
673
681
752
872
1040
1176
1268
1327
1404
1452
1407
1440
1436
1538
1649
1671
1699
1692
1758
1743
1724
1685
1634
1673
1663
1635
1432
1245
1155
1059
938
760
612
548
352
143
-188
-392
-410
-583
-714
-916
-1038
-1160
-1345
-1494
-1551
-1617
-1579
-1649
-1660
-1629
-1703
-1696
-1729
-1663
-1596
-1584
-1559
-1489
-1391
-1300
-1263
-1163
-1091
-996
-889
-777
-587
-430
-367
-254
-158
-47
11
131
361
547
730
743
765
862
946
1038
1083
1162
1349
1370
1381
1284
1268
1314
1318
1430
1495
1564
1533
1478
1432
1362
1327
1238
1153
1155
1123
1004
876
719
576
410
180
68
-19
-76
-185
-354
-496
-690
-891
-1078
-1199
-1198
-1223
-1266
-1342
-1461
-1522
-1587
-1649
-1658
-1607
-1525
-1486
-1345
-1341
-1311
-1295
-1239
-1137
-1073
-926
-848
-673
-532
-467
-418
-341
-292
-188
-75
72
222
304
392
400
463
551
579
705
779
836
900
970
1107
1143
1206
1200
1294
1378
1431
1415
1470
1535
1525
1477
1389
1361
1306
1259
1126
1085
986
897
740
624
460
354
188
69
-10
-115
-225
-374
-487
-686
-828
-936
-996
-1046
-1045
-1141
-1162
-1272
-1318
-1395
-1438
-1402
-1380
-1352
-1371
-1344
-1338
-1309
-1274
-1177
-1104
-991
-929
-871
-787
-670
-519
-385
-253
-215
-184
-189
-98
8
102
224
295
373
426
490
491
563
620
792
885
980
1035
1054
1142
1180
1212
1191
1237
1261
1309
1311
1342
1299
1270
1159
1082
991
950
895
807
807
703
601
418
245
118
45
-60
-142
-224
-306
-378
-490
-632
-736
-830
-893
-966
-991
-984
-1051
-1043
-1126
-1181
-1236
-1230
-1170
-1121
-1046
-1043
-1028
-965
-923
-862
-794
-707
-607
-554
-483
-478
-356
-278
-160
-58
-23
22
54
102
193
267
357
446
466
548
515
573
590
626
736
785
867
851
843
855
864
893
920
934
957
932
920
824
790
740
677
617
517
493
424
363
288
242
110
28
-111
-245
-312
-335
-407
-507
-567
-631
-691
-740
-722
-769
-756
-779
-839
-837
-829
-853
-803
-760
-681
-673
-654
-667
-649
-541
-495
-407
-312
-196
-153
-110
-101
-60
-27
77
108
225
306
319
326
284
316
329
373
403
490
546
582
551
600
580
578
591
572
607
609
621
562
566
542
497
461
433
428
387
324
268
205
159
81
-17
-88
-175
-239
-331
-412
-451
-500
-524
-574
-612
-634
-637
-635
-588
-584
-578
-623
-648
-675
-641
-623
-559
-463
-413
-341
-388
-314
-324
-235
-154
-71
33
88
145
173
145
181
193
233
307
322
417
435
508
541
563
555
557
564
587
590
628
648
664
660
602
563
513
471
422
442
450
467
410
359
296
238
157
82
62
43
0
-58
-136
-233
-308
-428
-472
-557
-584
-648
-679
-685
-722
-738
-788
-802
-790
-778
-773
-761
-738
-722
-712
-681
-679
-630
-576
-542
-469
-411
-361
-304
-236
-139
-56
23
85
168
223
255
258
300
354
448
532
586
650
630
631
645
625
685
702
772
823
810
810
753
770
772
768
751
739
687
642
530
486
449
383
369
260
210
163
102
29
-19
-43
-54
-106
-187
-273
-394
-446
-553
-593
-661
-708
-793
-852
-897
-939
-947
-953
-907
-882
-864
-883
-898
-871
-823
-795
-753
-722
-649
-630
-587
-574
-499
-394
-308
-205
-133
-49
59
108
182
236
314
411
489
599
635
699
724
766
807
825
867
881
939
943
926
928
932
945
977
949
953
894
827
789
715
706
637
607
517
450
322
208
114
56
14
-33
-90
-183
-280
-393
-491
-549
-573
-632
-697
-819
-883
-989
-1020
-1058
-1028
-1010
-992
-983
-1004
-1011
-1024
-971
-894
-819
-763
-721
-693
-642
-622
-569
-500
-402
-315
-254
-149
-71
17
97
157
243
306
394
440
548
615
675
728
770
806
833
855
897
905
909
888
875
894
908
902
896
898
862
843
758
741
677
674
628
599
512
407
284
147
69
-10
-42
-113
-159
-258
-366
-465
-558
-589
-635
-687
-720
-802
-846
-930
-951
-970
-981
-1008
-1006
-1030
-986
-994
-958
-892
-867
-793
-775
-688
-662
-587
-521
-438
-327
-254
-174
-127
-64
-4
35
109
196
290
380
483
524
592
601
672
716
783
850
855
908
931
921
887
887
872
920
931
926
881
843
784
766
719
728
673
610
526
431
350
238
164
88
42
-44
-102
-219
-273
-368
-400
-484
-497
-571
-616
-687
-768
-823
-888
-901
-930
-888
-913
-887
-918
-905
-925
-947
-909
-873
-833
-761
-733
-657
-639
-613
-556
-504
-386
-322
-196
-103
-42
34
70
131
223
284
365
426
507
549
609
663
725
768
801
859
842
885
884
929
957
958
937
904
847
808
734
729
692
702
648
577
527
429
410
338
309
241
171
55
-47
-172
-264
-391
-417
-474
-508
-557
-612
-718
-762
-792
-843
-798
-835
-806
-830
-831
-871
-880
-907
-887
-874
-801
-737
-681
-615
-595
-555
-507
-430
-416
-337
-277
-186
-116
-34
29
126
165
252
315
380
484
509
612
686
744
801
833
831
865
848
878
869
909
905
912
881
874
838
788
772
720
716
644
587
480
422
295
246
132
112
51
-21
-117
-228
-263
-355
-409
-466
-512
-556
-620
-737
-809
-903
-918
-976
-958
-941
-950
-944
-974
-972
-972
-951
-943
-872
-818
-728
-682
-697
-636
-643
-569
-508
-413
-298
-200
-122
-44
6
71
174
233
360
436
524
603
654
749
815
855
874
902
909
911
930
977
1036
1054
1065
1010
983
926
910
899
943
948
892
827
712
626
528
421
340
306
269
197
59
-39
-153
-261
-327
-407
-431
-486
-536
-611
-682
-774
-876
-926
-966
-955
-982
-994
-1023
-1027
-1049
-1081
-1118
-1085
-1053
-995
-940
-914
-828
-801
-754
-728
-675
-618
-533
-448
-335
-213
-149
-70
-13
64
153
229
326
437
516
592
626
681
733
785
847
890
978
1006
1045
1037
1031
1061
1040
1068
1080
1095
1091
1038
983
895
842
777
743
669
620
568
462
370
252
144
60
-13
-83
-113
-198
-272
-387
-483
-565
-653
-701
-763
-788
-841
-908
-946
-983
-1006
-1024
-1031
-1022
-994
-977
-935
-937
-921
-923
-914
-878
-841
-786
-737
-666
-631
-539
-504
-400
-318
-218
-126
-32
88
142
250
297
383
435
497
566
606
663
693
734
770
823
859
921
956
1017
1029
1046
1016
995
948
914
899
842
832
723
714
605
533
465
407
357
298
260
192
100
29
-66
-132
-217
-262
-361
-417
-472
-537
-585
-672
-693
-743
-737
-766
-769
-785
-777
-784
-765
-733
-732
-731
-729
-736
-723
-733
-719
-715
-633
-582
-512
-469
-408
-342
-278
-213
-136
-35
35
109
142
192
232
269
305
409
463
554
583
611
647
659
652
679
702
770
794
751
745
697
675
637
601
584
596
551
542
456
393
330
250
209
168
121
81
39
-35
-56
-139
-179
-236
-290
-329
-380
-431
-476
-524
-547
-590
-626
-616
-618
-610
-609
-577
-574
-550
-548
-525
-512
-514
-486
-467
-442
-427
-399
-371
-325
-275
-248
-185
-165
-106
-42
9
80
118
154
188
236
262
328
379
440
481
515
527
550
561
575
602
644
662
681
655
641
610
565
552
517
504
474
470
407
370
272
227
150
103
81
20
-40
-105
-178
-244
-275
-320
-351
-371
-396
-404
-435
-466
-470
-529
-513
-555
-567
-564
-574
-565
-583
-558
-575
-551
-574
-527
-509
-474
-405
-374
-301
-271
-228
-181
-128
-95
-36
16
81
152
202
218
254
273
325
375
409
465
479
528
536
564
578
616
617
664
665
673
651
611
599
546
522
465
454
407
412
359
298
248
199
136
87
24
-8
-65
-93
-151
-218
-267
-352
-383
-426
-464
-507
-535
-572
-558
-604
-611
-642
-643
-648
-653
-636
-619
-607
-599
-558
-556
-526
-530
-515
-467
-444
-415
-381
-335
-271
-218
-170
-113
-42
26
95
144
203
257
303
353
403
405
454
460
492
521
535
593
598
654
656
679
687
712
694
687
684
636
618
561
526
493
452
414
365
326
301
264
229
167
121
65
23
-39
-111
-162
-217
-264
-330
-384
-430
-458
-484
-487
-511
-515
-545
-552
-568
-576
-583
-583
-576
-566
-561
-553
-533
-519
-504
-480
-433
-432
-374
-393
-354
-328
-295
-261
-218
-141
-64
-9
35
75
118
166
218
257
290
326
340
382
398
441
450
478
499
511
520
543
555
567
585
578
553
531
487
437
412
381
344
330
314
303
245
216
186
150
135
87
78
30
-2
-89
-152
-202
-239
-274
-304
-315
-341
-365
-378
-394
-419
-419
-433
-422
-413
-402
-410
-412
-429
-423
-442
-422
-403
-398
-362
-384
-343
-323
-288
-260
-234
-181
-160
-118
-74
-44
3
38
73
95
120
152
168
218
235
267
283
294
337
356
389
430
439
457
423
433
418
416
400
360
327
276
268
210
208
195
211
181
157
146
122
89
74
32
20
-38
-109
-140
-203
-186
-243
-248
-273
-282
-275
-294
-298
-290
-269
-279
-253
-263
-262
-266
-272
-276
-246
-255
-226
-229
-198
-156
-165
-106
-104
-20
0
46
50
54
74
63
98
103
144
143
171
166
201
180
198
194
228
248
245
262
249
275
234
258
246
245
235
212
172
156
122
100
74
53
29
14
-27
-55
-92
-144
-131
-184
-166
-201
-206
-232
-239
-256
-279
-303
-323
-305
-324
-290
-296
-276
-267
-251
-221
-197
-184
-157
-128
-124
-87
-93
-63
-39
-28
6
20
60
80
108
137
174
188
222
228
245
259
291
296
299
307
303
323
317
339
323
329
305
307
295
277
263
228
238
209
216
177
149
133
96
78
35
2
-35
-88
-144
-171
-203
-240
-257
-290
-305
-333
-335
-360
-368
-392
-412
-420
-418
-415
-437
-425
-450
-442
-439
-409
-390
-339
-313
-247
-229
-196
-183
-142
-114
-91
-61
-60
1
11
63
73
109
143
182
233
286
312
365
385
421
430
436
444
453
475
494
499
499
515
508
510
502
499
518
507
486
452
385
358
286
269
222
204
183
165
107
42
-3
-58
-88
-120
-154
-196
-258
-313
-363
-401
-440
-459
-477
-502
-513
-557
-558
-618
-603
-658
-633
-647
-646
-618
-650
-586
-595
-539
-528
-480
-458
-400
-360
-319
-263
-244
-173
-152
-74
-27
-6
49
98
132
212
264
338
381
424
470
494
531
550
579
595
635
635
648
638
644
639
622
632
626
625
608
599
573
572
530
497
425
389
339
292
238
188
135
74
47
-40
-70
-149
-194
-233
-276
-350
-386
-443
-481
-518
-578
-585
-643
-648
-685
-708
-719
-717
-716
-698
-689
-680
-663
-653
-612
-590
-558
-514
-486
-433
-389
-339
-286
-249
-215
-163
-108
-35
44
85
147
198
243
291
352
385
458
479
528
559
540
605
580
621
649
654
690
688
696
710
706
700
704
672
664
628
574
549
491
438
424
346
322
234
179
129
64
33
-36
-60
-122
-168
-243
-302
-352
-395
-450
-469
-517
-553
-587
-641
-619
-699
-690
-703
-724
-699
-710
-677
-661
-643
-630
-606
-600
-556
-527
-495
-461
-420
-398
-345
-316
-264
-208
-152
-81
-46
23
58
128
168
242
259
309
358
370
424
440
482
499
533
528
572
572
604
649
622
670
638
640
623
619
614
585
573
517
484
425
401
359
308
291
248
217
160
107
35
3
-51
-68
-97
-185
-187
-270
-294
-338
-388
-408
-441
-447
-490
-502
-559
-549
-562
-566
-554
-570
-547
-517
-507
-494
-476
-473
-426
-434
-387
-360
-328
-299
-262
-252
-198
-155
-143
-54
-40
36
61
112
145
182
177
228
261
276
323
307
349
351
363
355
381
387
418
448
427
432
415
380
399
370
345
366
324
314
303
271
252
221
177
166
90
58
46
-27
4
-52
-91
-124
-158
-193
-224
-225
-249
-243
-272
-286
-305
-325
-326
-331
-358
-339
-332
-350
-299
-313
-289
-264
-264
-219
-214
-193
-162
-152
-115
-81
-89
-25
-18
10
44
54
108
136
160
192
224
211
252
232
262
286
280
317
264
291
271
278
266
268
280
235
248
209
208
176
165
154
121
113
76
47
8
-10
-38
-60
-82
-109
-135
-148
-171
-184
-213
-235
-250
-268
-282
-302
-305
-323
-300
-342
-313
-316
-301
-286
-289
-258
-263
-228
-230
-217
-206
-174
-155
-117
-90
-58
-28
-7
38
58
64
116
134
183
206
222
241
227
268
253
296
299
342
325
360
351
359
354
345
359
340
370
331
343
289
298
252
255
218
207
178
151
137
77
99
22
20
-36
-74
-111
-136
-158
-197
-216
-268
-269
-315
-345
-358
-386
-386
-406
-423
-438
-441
-442
-440
-424
-436
-404
-419
-398
-375
-356
-315
-302
-271
-244
-212
-178
-155
-116
-104
-58
-41
5
37
66
111
134
190
212
252
249
298
312
341
366
384
401
419
434
428
443
436
452
449
445
434
430
411
401
383
363
360
321
310
271
247
213
186
167
125
78
46
-3
-25
-65
-105
-118
-160
-183
-239
-254
-298
-319
-344
-367
-382
-412
-402
-432
-419
-436
-423
-432
-433
-419
-435
-416
-417
-386
-374
-347
-330
-300
-278
-258
-208
-206
-157
-146
-103
-71
-46
-5
7
52
67
106
129
158
187
205
229
250
273
281
305
315
334
345
342
356
355
361
362
349
359
343
343
330
318
302
289
275
255
235
211
200
165
149
114
84
57
29
7
-27
-51
-63
-96
-114
-139
-160
-180
-201
-218
-237
-248
-269
-270
-284
-278
-292
-276
-290
-278
-284
-297
-270
-276
-257
-253
-235
-229
-212
-196
-182
-160
-136
-122
-93
-86
-61
-50
-19
-6
8
40
51
78
86
119
109
139
139
156
155
170
190
194
212
214
225
224
234
225
236
233
237
227
217
213
185
191
162
160
145
143
124
100
106
80
74
48
44
23
4
-7
-37
-54
-65
-81
-95
-107
-116
-129
-127
-155
-157
-178
-189
-191
-196
-179
-186
-176
-184
-174
-188
-197
-189
-191
-182
-176
-164
-149
-137
-129
-120
-97
-98
-72
-72
-52
-51
-40
-22
-12
8
11
33
38
57
61
87
94
103
110
115
132
128
144
154
169
165
165
171
161
162
163
153
153
147
136
128
124
114
104
94
82
77
59
60
38
29
19
2
-5
-18
-15
-46
-43
-62
-67
-77
-94
-93
-103
-95
-104
-85
-92
-90
-100
-104
-96
-96
-90
-90
-89
-90
-83
-79
-71
-58
-46
-39
-27
-29
-27
-26
-23
-2
-12
9
9
17
23
29
33
31
47
42
54
52
57
63
78
79
84
82
78
75
81
76
62
67
69
82
62
64
43
51
39
33
30
10
16
-2
-8
-26
-26
-38
-31
-36
-48
-56
-57
-68
-75
-71
-80
-75
-73
-75
-77
-72
-73
-65
-61
-59
-65
-64
-55
-48
-53
-38
-48
-30
-38
-27
-25
-33
-8
-26
-2
-18
4
-5
9
15
12
29
26
45
35
38
46
52
62
57
64
60
64
78
68
78
68
72
70
70
62
60
55
45
55
43
42
45
33
33
19
24
7
0
5
-16
-2
-31
-21
-39
-33
-43
-48
-46
-56
-56
-59
-48
-60
-48
-61
-38
-53
-50
-50
-53
-37
-39
-34
-41
-34
-36
-23
-22
-12
-16
-8
6
-2
12
-5
15
7
20
22
21
32
30
42
30
37
27
37
28
38
42
48
49
53
46
42
39
26
33
26
33
25
31
11
24
15
11
11
8
6
-1
-10
-8
-5
-18
-17
-24
-22
-23
-35
-35
-29
-33
-36
-50
-45
-53
-54
-60
-51
-49
-41
-32
-32
-35
-24
-22
-15
-15
-6
-3
5
10
4
23
7
17
13
19
20
16
21
18
27
24
25
25
26
33
19
31
25
28
19
24
35
22
39
18
33
7
16
6
15
10
-2
7
-6
11
-5
11
-5
6
-9
-6
-33
-35
-46
-45
-49
-52
-45
-63
-46
-58
-43
-48
-46
-53
-48
-53
-60
-48
-47
-32
-32
-32
-16
-14
1
4
22
21
29
32
29
38
40
44
41
49
53
69
69
83
72
77
66
77
66
69
80
69
71
61
64
54
53
49
47
48
42
45
39
33
30
17
3
-1
-11
-15
-22
-28
-34
-49
-48
-58
-61
-64
-76
-85
-85
-87
-97
-104
-98
-97
-97
-103
-104
-114
-109
-103
-88
-85
-82
-62
-71
-49
-57
-35
-28
-15
-4
-9
-3
-2
12
8
33
31
44
54
61
73
73
84
83
89
95
89
102
102
116
101
101
90
91
93
92
99
80
78
68
69
65
55
62
42
42
28
23
24
1
6
-21
-9
-34
-20
-34
-46
-46
-67
-66
-87
-76
-101
-101
-101
-116
-100
-118
-109
-119
-113
-109
-118
-96
-118
-97
-105
-89
-81
-93
-84
-89
-64
-69
-55
-45
-37
-24
-9
-2
12
24
43
43
57
62
67
72
75
94
95
115
117
129
123
139
140
146
154
147
143
138
134
132
137
131
128
119
113
101
108
91
78
64
58
48
36
30
11
10
-6
-17
-30
-36
-50
-60
-70
-83
-97
-103
-120
-112
-118
-129
-128
-154
-144
-155
-153
-154
-161
-157
-159
-155
-158
-150
-150
-137
-125
-118
-110
-102
-89
-83
-64
-56
-40
-23
-16
-1
3
15
31
37
44
56
62
78
81
99
97
111
109
119
128
127
136
125
136
136
127
134
123
126
121
123
124
118
119
105
104
89
92
84
75
69
53
44
31
13
8
-5
-13
-35
-35
-55
-57
-67
-83
-87
-108
-103
-124
-116
-128
-134
-140
-148
-139
-151
-142
-147
-146
-141
-141
-130
-127
-119
-118
-109
-100
-82
-66
-60
-41
-33
-34
-12
-2
12
20
38
50
60
74
81
98
114
125
129
132
141
140
145
149
152
153
154
148
147
150
142
148
132
135
125
123
116
107
97
84
88
59
51
31
26
6
5
-4
-18
-19
-50
-46
-77
-69
-96
-88
-104
-114
-109
-137
-124
-155
-143
-164
-155
-156
-155
-157
-165
-158
-166
-162
-161
-156
-152
-146
-129
-119
-110
-99
-90
-65
-60
-39
-38
-17
-4
3
18
29
41
45
58
72
84
95
102
110
117
118
123
119
129
125
144
137
143
145
132
136
129
130
127
130
130
122
124
106
108
84
76
67
63
67
46
45
25
25
-7
-10
-22
-30
-44
-49
-54
-67
-72
-89
-97
-107
-112
-114
-127
-124
-126
-125
-125
-130
-129
-128
-115
-109
-106
-114
-108
-108
-100
-86
-81
-73
-63
-54
-32
-38
-26
-15
-6
1
7
27
29
46
46
58
57
67
68
70
85
80
91
95
104
101
103
112
101
107
107
104
105
97
106
90
87
77
79
73
63
63
39
36
21
12
-1
-4
-14
-27
-33
-47
-51
-56
-61
-67
-74
-76
-80
-88
-84
-97
-92
-98
-100
-99
-108
-99
-104
-88
-88
-76
-78
-74
-61
-61
-43
-46
-29
-32
-26
-12
-12
10
11
27
25
38
40
45
61
66
75
78
91
85
88
84
86
89
85
88
87
77
84
72
80
64
70
63
65
66
42
52
30
50
21
29
8
10
4
-13
-7
-34
-16
-41
-36
-52
-53
-57
-66
-65
-81
-79
-93
-88
-97
-97
-95
-103
-97
-103
-101
-100
-98
-92
-96
-81
-79
-70
-63
-63
-50
-52
-35
-31
-16
-11
-6
10
15
31
31
44
54
63
60
71
78
84
89
91
94
89
93
96
101
107
114
110
107
107
109
108
107
93
94
87
78
76
63
65
53
46
34
25
22
10
7
-10
-11
-25
-29
-47
-52
-69
-81
-84
-95
-91
-111
-107
-125
-115
-129
-123
-131
-125
-128
-135
-128
-135
-111
-121
-103
-104
-90
-85
-75
-61
-62
-44
-45
-31
-22
-9
4
13
25
23
40
41
49
65
71
85
89
100
101
108
111
118
121
121
127
123
124
120
119
116
115
112
117
109
108
94
89
77
71
71
55
55
34
39
28
24
10
0
-5
-23
-27
-50
-50
-62
-67
-79
-86
-95
-104
-106
-111
-108
-125
-114
-133
-125
-132
-127
-130
-128
-126
-133
-118
-119
-101
-111
-94
-94
-78
-79
-66
-55
-46
-31
-23
-7
0
14
19
37
35
50
52
61
68
72
77
80
84
84
87
96
104
104
111
110
117
118
121
116
111
107
102
100
96
91
84
77
71
58
45
40
37
26
23
12
1
-2
-11
-16
-31
-33
-46
-49
-63
-69
-76
-84
-81
-87
-87
-93
-85
-86
-84
-84
-85
-83
-80
-80
-79
-74
-71
-66
-70
-62
-63
-53
-45
-39
-34
-25
-15
-15
-8
-6
7
12
23
29
31
34
36
42
46
51
52
56
61
70
72
74
74
77
79
78
78
73
70
68
67
63
55
49
45
44
40
37
39
28
21
16
9
4
-1
0
-5
-11
-19
-21
-20
-25
-27
-36
-35
-39
-45
-50
-57
-64
-71
-73
-70
-73
-72
-74
-70
-65
-68
-59
-63
-55
-56
-47
-50
-49
-48
-47
-37
-33
-23
-17
-11
-2
6
10
17
19
25
24
26
28
35
38
39
39
33
36
33
43
44
46
45
48
43
40
44
45
44
45
37
42
46
38
38
27
33
25
30
20
18
15
10
15
5
4
-4
-7
-9
-11
-12
-9
-11
-14
-18
-28
-33
-39
-36
-39
-40
-37
-38
-36
-38
-35
-34
-30
-31
-29
-26
-27
-25
-19
-13
-11
-8
-7
2
2
9
10
13
13
11
13
12
18
16
20
18
17
18
16
14
18
24
29
30
26
20
17
8
10
12
13
11
6
12
11
12
10
16
6
12
7
8
6
5
1
-4
-7
-17
-13
-22
-17
-21
-19
-20
-22
-27
-27
-28
-26
-19
-21
-12
-21
-25
-24
-22
-18
-14
-12
-15
-10
-9
-10
-7
-4
-4
-3
2
1
3
2
4
7
7
10
8
14
14
11
15
18
22
22
24
18
23
22
17
22
19
21
17
16
17
13
13
9
10
5
1
-2
-5
-8
-10
-8
-17
-9
-14
-15
-23
-24
-18
-16
-13
-19
-11
-11
-7
-12
-15
-14
-12
-12
-11
-9
-12
-13
-12
-14
-12
-13
-9
-5
-6
-2
-4
1
-2
1
1
5
7
11
13
12
21
15
19
13
18
20
24
24
18
20
13
19
16
19
21
19
23
19
18
18
15
15
17
12
11
17
14
13
16
14
9
7
3
0
-5
-5
-6
-12
-16
-17
-18
-20
-18
-22
-23
-26
-27
-29
-28
-24
-28
-25
-20
-17
-17
-14
-18
-21
-22
-23
-21
-22
-22
-20
-16
-14
-12
-11
-11
-7
-5
-6
-3
-1
2
1
2
4
6
7
12
12
12
18
16
21
24
26
25
28
26
27
33
32
30
27
24
20
20
17
17
13
11
11
8
3
-2
0
-3
-4
-7
-12
-14
-13
-11
-11
-7
-7
-9
-9
-12
-8
-5
-6
-7
-6
-9
-12
-9
-10
-8
-8
-7
-5
-7
-8
-7
-8
-9
-6
-9
-12
-10
-12
-8
-5
-7
-4
-3
-4
-4
-4
-3
0
4
6
9
7
6
9
9
12
18
20
19
17
18
16
13
9
7
5
2
3
2
2
5
4
3
4
-2
-7
-10
-9
-9
-10
-11
-13
-15
-12
-13
-15
-10
-7
-6
-4
-3
-6
-7
-5
-7
-3
-6
-3
-4
-4
-2
-3
1
-1
1
0
2
3
2
4
6
5
10
13
10
10
11
11
14
12
13
13
14
12
9
10
12
12
14
15
16
16
11
6
7
4
-3
0
-2
-5
-4
-7
-5
-7
-7
-4
-5
-5
-5
-8
-9
-8
-11
-11
-10
-18
-17
-22
-20
-21
-18
-18
-19
-21
-21
-16
-19
-15
-14
-12
-12
-16
-16
-16
-13
-6
-6
-8
-4
3
7
6
11
9
15
18
19
20
22
21
17
18
16
17
17
18
17
19
18
17
21
25
27
23
24
22
24
26
19
17
16
11
10
8
7
8
3
2
3
-1
-2
-4
-5
-7
-9
-13
-14
-17
-22
-22
-26
-27
-29
-31
-29
-30
-28
-24
-20
-23
-21
-19
-24
-23
-22
-21
-19
-21
-19
-15
-16
-17
-14
-11
-9
-8
-5
1
3
9
11
11
10
11
12
14
18
17
22
23
25
27
21
19
19
23
23
24
23
24
26
24
20
18
20
20
18
16
14
15
10
7
6
6
2
-1
-6
-8
-7
-15
-14
-16
-20
-21
-23
-21
-24
-25
-27
-27
-26
-25
-27
-28
-24
-29
-29
-30
-32
-26
-22
-21
-15
-14
-16
-11
-12
-11
-12
-12
-10
-7
-2
0
5
9
10
12
14
20
22
22
26
27
30
28
31
31
31
32
33
35
36
36
36
36
35
33
33
37
33
30
30
29
27
25
23
23
23
16
18
15
10
9
8
6
3
0
-7
-10
-14
-21
-25
-32
-35
-39
-42
-46
-49
-50
-52
-48
-47
-47
-46
-49
-50
-51
-52
-53
-48
-41
-37
-33
-33
-30
-25
-23
-20
-13
-11
-6
-3
0
5
8
10
13
15
14
17
19
23
21
25
29
29
34
34
35
36
36
34
32
34
34
32
30
28
27
26
27
28
27
27
25
21
18
17
15
16
13
9
6
-2
-6
-11
-12
-15
-15
-15
-13
-12
-15
-12
-15
-18
-20
-21
-23
-20
-24
-23
-21
-20
-21
-23
-21
-19
-18
-18
-15
-16
-16
-15
-14
-14
-14
-14
-12
-10
-8
-6
-2
0
0
3
5
10
10
15
18
20
20
23
24
22
26
25
28
28
30
30
31
25
22
26
23
22
21
19
15
16
10
11
10
9
6
5
8
6
6
2
-1
-1
-4
-8
-10
-12
-14
-18
-17
-21
-23
-24
-22
-22
-24
-27
-30
-32
-37
-37
-36
-37
-37
-38
-37
-33
-30
-29
-26
-27
-26
-20
-21
-15
-11
-9
-6
-3
-2
0
4
8
7
8
9
8
10
9
11
10
12
15
20
19
21
24
22
24
22
24
24
23
23
21
24
25
27
25
24
25
23
21
19
18
14
14
12
9
7
5
5
3
4
2
0
3
0
-7
-9
-10
-8
-4
-7
-9
-10
-11
-9
-9
-11
-7
-7
-7
-5
-5
-5
-4
-5
-5
-7
-8
-6
-3
-3
-3
-6
-2
0
-1
-1
1
-1
0
-1
-1
-2
-1
0
-1
2
3
5
9
11
8
9
7
7
9
11
12
14
13
14
16
12
12
9
6
3
1
-2
-6
-5
-8
-10
-13
-14
-17
-20
-21
-23
-23
-22
-22
-25
-24
-25
-23
-24
-26
-27
-29
-27
-32
-28
-24
-22
-18
-19
-15
-14
-10
-8
-8
-7
-8
-5
-5
-3
3
5
11
11
16
20
22
24
26
28
27
28
26
25
24
22
24
23
25
23
26
23
25
27
26
24
23
22
16
19
20
22
22
17
15
12
9
8
7
5
1
-1
-5
-6
-7
-12
-14
-16
-14
-14
-16
-16
-17
-18
-17
-19
-19
-19
-17
-21
-20
-20
-21
-22
-22
-21
-21
-17
-19
-16
-12
-10
-13
-11
-12
-10
-4
-4
1
3
3
3
7
7
10
12
10
13
13
12
11
14
13
13
14
13
16
16
17
17
17
18
19
14
11
8
4
0
-3
1
-4
-5
-3
-3
-3
-2
-5
-5
-5
-9
-11
-11
-12
-14
-14
-14
-13
-10
-11
-10
-10
-9
-6
-4
-3
-4
-6
-6
-7
-7
-6
-2
2
4
7
5
5
6
5
4
3
1
2
2
2
5
5
7
8
12
13
13
13
13
16
15
11
11
10
9
11
11
11
12
13
11
11
10
11
7
7
6
4
4
2
1
2
1
-1
-1
-4
-1
-1
-2
-3
-8
-9
-11
-11
-11
-11
-11
-11
-10
-14
-13
-16
-16
-14
-15
-15
-17
-14
-18
-18
-20
-21
-20
-22
-23
-21
-19
-17
-16
-12
-9
-6
-6
-8
-5
-4
-4
-2
0
2
4
5
4
4
7
9
8
10
11
11
11
12
12
14
14
17
19
20
15
14
13
10
11
12
10
10
12
9
11
9
9
7
6
6
6
1
3
5
5
7
6
5
3
4
1
3
2
2
1
0
0
0
0
1
0
2
3
1
2
-1
-3
-3
-2
-3
-4
-6
-8
-10
-10
-12
-11
-9
-5
-5
-3
-5
-5
-5
-9
-8
-10
-10
-9
-6
-3
-1
2
1
3
4
3
6
5
7
6
4
4
3
2
2
2
3
5
7
7
4
5
4
4
3
3
0
-1
0
-1
-1
-3
0
-2
-2
-6
-6
-8
-9
-6
-6
-7
-6
-6
0
-1
-3
-2
0
1
2
1
2
4
3
5
4
5
5
5
6
0
0
-1
-6
-7
-7
-5
-6
-4
-1
-1
0
-1
-1
-3
-2
-6
-6
-6
-4
-5
-6
-6
-6
-5
-6
-6
-6
-6
-8
-6
-8
-7
-6
-5
-3
-4
2
1
0
-1
0
1
-1
-3
-1
-1
0
-1
3
4
5
7
9
9
11
11
9
6
4
0
-4
-1
0
2
4
5
5
4
2
1
2
0
3
3
5
7
7
6
8
10
8
13
12
9
10
12
11
10
11
10
8
7
8
4
7
6
5
4
5
5
2
1
1
-4
-5
-7
-8
-3
-3
-3
-4
-3
-1
0
-2
-5
-4
-4
-5
-4
-7
-7
-9
-11
-9
-11
-11
-13
-12
-11
-10
-7
-6
-3
0
1
-1
-3
-1
-5
-3
-5
-2
-1
0
-1
-2
-2
-1
0
-1
1
0
4
4
4
5
0
-3
-5
-2
-2
-2
-1
-4
-3
-4
-3
-1
-3
-3
-2
2
2
0
-2
-1
-1
-2
-1
0
2
0
-4
-3
-4
-3
0
3
1
3
1
-1
-4
-6
-7
-7
-9
-10
-13
-15
-16
-16
-13
-13
-12
-9
-5
-4
-3
-3
-1
-1
-1
0
2
4
6
8
7
11
11
12
14
17
20
20
20
23
25
24
25
24
26
25
25
24
25
25
25
20
19
19
17
14
12
13
10
8
7
11
9
9
5
1
-2
0
-4
-9
-9
-12
-12
-13
-11
-12
-13
-13
-11
-14
-17
-17
-18
-18
-20
-18
-22
-21
-21
-22
-21
-19
-18
-18
-17
-18
-15
-14
-11
-10
-7
-10
-8
-8
-6
-5
-6
-7
-7
-5
-3
-3
-5
-2
-4
-6
-6
-4
-6
-3
-2
-1
3
3
5
7
7
5
1
3
5
8
9
9
8
7
9
8
8
7
6
7
4
1
1
0
-3
-5
-6
-7
-7
-7
-8
-7
-10
-10
-10
-7
-8
-10
-9
-10
-5
-3
-4
-5
-1
4
6
9
7
11
11
12
13
12
12
9
9
12
13
15
17
17
19
20
23
22
21
22
18
18
19
16
16
16
18
19
19
17
14
16
15
12
12
10
10
7
8
5
3
2
1
-1
-3
-1
-5
-4
-7
-10
-12
-19
-21
-20
-20
-20
-18
-17
-17
-19
-21
-20
-21
-21
-23
-22
-20
-19
-18
-19
-20
-23
-18
-17
-16
-15
-10
-9
-8
-5
-5
-5
-5
-4
-5
-2
-4
-1
-2
2
3
3
6
6
6
5
5
5
5
4
5
8
8
6
6
5
8
10
11
11
11
11
12
12
11
11
11
11
9
11
8
9
10
8
8
6
2
1
-1
-2
-5
-6
-8
-9
-12
-14
-11
-9
-7
-7
-9
-6
-6
-7
-7
-9
-9
-10
-12
-11
-11
-10
-12
-11
-7
-5
-2
-1
-2
-1
2
5
6
5
4
4
2
4
6
11
14
15
15
15
13
14
14
15
16
15
15
14
15
16
17
15
15
13
11
11
12
9
8
9
5
3
3
2
4
4
2
0
-5
-9
-10
-6
-7
-8
-9
-10
-12
-11
-9
-8
-9
-11
-11
-14
-13
-13
-14
-14
-16
-15
-15
-16
-14
-13
-16
-14
-12
-12
-10
-8
-7
-6
-4
-3
0
-1
-2
-3
-2
0
0
4
4
5
5
4
5
5
8
7
8
7
8
12
11
12
13
14
15
13
14
11
9
7
6
7
9
9
9
10
7
9
9
5
4
1
-1
-3
-7
-9
-11
-10
-12
-12
-10
-11
-12
-12
-9
-9
-10
-11
-12
-15
-17
-15
-16
-13
-13
-11
-7
-7
-5
-4
-4
-2
-2
-6
-5
-2
0
1
3
3
4
6
7
7
5
4
2
5
5
6
6
7
8
9
12
11
12
12
10
13
11
12
14
17
20
20
21
18
18
18
15
14
12
8
7
3
0
-2
-3
-1
-3
-3
-5
-7
-8
-5
-6
-7
-4
-3
-4
-4
-4
-8
-5
-5
-7
-9
-11
-10
-8
-9
-9
-8
-7
-5
-6
-5
-5
-4
-5
-4
-6
-4
-1
-3
-1
-4
-7
-8
-7
-6
-8
-7
-3
-1
0
2
3
5
5
6
7
7
4
1
1
0
3
2
4
5
6
5
4
3
2
-1
-3
-3
-4
-5
-8
-7
-6
-5
-6
-8
-6
-8
-10
-11
-8
-7
-4
-3
-3
-1
-2
-6
-5
-5
-8
-6
-6
-8
-6
-6
-7
-5
-4
-5
-1
0
0
3
4
4
3
5
8
7
8
12
14
15
13
12
13
11
12
12
12
10
10
12
15
17
19
19
18
16
15
15
15
11
8
11
11
10
9
5
3
4
5
5
4
0
-2
-3
-3
-5
-9
-10
-13
-14
-17
-19
-21
-19
-18
-14
-13
-16
-15
-16
-16
-19
-18
-14
-13
-12
-10
-10
-7
-7
-7
-8
-6
-3
-2
-1
-2
2
3
5
9
8
10
12
11
9
7
4
2
1
2
4
2
1
0
2
3
6
3
2
1
3
5
2
0
0
-2
-2
-2
0
1
-2
1
3
6
7
8
7
7
6
1
1
1
-2
-4
-5
-4
-2
-3
-3
-1
0
1
2
3
3
1
0
-3
-5
-6
-6
-6
-6
-6
-8
-7
-3
2
2
1
0
3
3
2
2
5
10
8
10
9
7
8
9
7
2
3
6
4
0
0
0
-1
-2
-2
-5
-3
-2
-2
-6
-5
-3
0
1
0
-1
-2
-4
-3
-2
-1
0
1
2
0
1
0
-1
0
-1
-2
-2
-1
-2
0
1
1
1
1
2
2
-1
-3
-3
-3
-6
-8
-8
-7
-8
-7
-8
-7
-7
-8
-8
-8
-7
-10
-11
-11
-13
-10
-7
-3
-1
-1
0
0
1
1
3
3
4
2
1
0
1
0
1
2
3
8
9
9
9
7
7
8
8
8
7
6
6
6
8
7
10
10
10
9
7
4
4
5
5
5
5
7
8
7
8
9
8
9
8
7
6
7
7
9
8
5
2
0
-2
-1
0
0
-1
-1
-2
-3
-5
-6
-6
-9
-8
-5
-6
-8
-4
-6
-6
-5
-6
-4
-5
-8
-8
-6
-7
-12
-13
-13
-10
-9
-9
-8
-8
-7
-8
-5
-2
-1
-1
0
0
0
0
-1
1
3
4
4
4
1
0
-3
-4
-3
-2
-1
0
2
0
2
3
1
1
-2
-7
-6
-7
-8
-10
-10
-8
-10
-9
-10
-7
-3
-3
-1
2
0
2
3
1
0
3
6
6
7
5
4
6
6
4
0
4
8
7
7
5
5
5
5
6
5
4
2
4
3
3
5
4
3
2
3
6
6
7
9
7
5
4
5
4
5
4
3
5
4
4
5
4
6
6
8
6
5
3
2
2
-1
-2
-2
-1
0
1
1
0
-2
-2
-1
-2
-1
-1
-3
-1
-1
-5
-2
-2
-2
-2
-1
1
3
3
1
-1
2
1
-1
-1
-3
-6
-4
-4
-4
-4
-3
-2
-3
-4
-5
-7
-8
-8
-8
-9
-10
-9
-10
-8
-9
-11
-13
-12
-14
-14
-13
-13
-12
-12
-11
-8
-7
-5
-5
-2
2
0
-1
-3
-3
1
0
1
3
6
6
5
3
1
1
4
3
4
2
1
1
-1
-1
-2
-2
0
1
5
5
7
8
9
9
9
13
10
9
9
6
8
9
12
15
16
18
19
18
16
14
11
8
6
5
5
5
5
5
6
6
9
10
12
13
12
8
5
2
0
-2
-4
-7
-8
-8
-9
-8
-9
-8
-9
-10
-11
-14
-14
-15
-15
-19
-16
-14
-14
-14
-12
-10
-8
-8
-8
-7
-6
-6
-7
-7
-6
-4
-5
-4
-2
0
1
1
2
6
6
6
3
2
3
2
3
0
0
1
3
2
5
2
1
2
1
4
5
5
3
4
4
2
3
3
3
5
4
2
1
-2
-3
-3
-3
-2
-2
-4
-4
-4
-5
-4
-2
-2
-3
-4
-4
-5
-6
-7
-7
-8
-10
-11
-11
-12
-13
-9
-8
-8
-8
-7
-6
-6
-3
-1
0
0
0
2
4
6
8
8
12
14
15
18
18
18
18
21
21
21
17
17
16
17
19
20
17
16
15
14
14
12
11
7
6
3
2
-2
-3
0
-2
-2
-4
-6
-4
-4
-3
-3
-5
-7
-7
-8
-9
-8
-6
-7
-8
-8
-11
-10
-8
-8
-8
-9
-9
-11
-12
-12
-10
-10
-10
-11
-11
-10
-12
-11
-10
-9
-8
-10
-9
-8
-6
-5
-5
-5
-5
-3
-3
-3
-4
-5
-4
-4
-1
1
2
6
4
4
5
4
4
3
2
0
0
-2
-2
0
0
3
6
8
8
9
7
7
7
7
7
8
7
5
6
6
4
5
4
3
3
2
3
3
4
0
-1
-2
0
1
1
3
1
0
0
1
0
4
1
1
3
2
3
0
0
-1
-1
1
1
-2
-4
-5
-3
-2
0
2
1
1
3
5
7
7
5
7
5
6
8
8
10
6
2
0
-3
-4
-2
-2
-3
-2
-3
-5
-5
-3
-4
-4
-4
-6
-4
-2
-5
-4
-3
-1
-1
-3
-5
-5
-4
-5
-4
-4
-4
-5
-3
-2
-3
0
0
2
3
1
-1
-1
-2
-5
-6
-6
-6
-4
-1
0
2
4
2
3
5
6
5
6
6
7
9
8
6
7
9
10
11
9
12
13
12
13
12
10
9
8
7
6
7
8
8
6
4
0
-4
-4
-7
-7
-5
-5
-7
-10
-12
-15
-15
-17
-19
-19
-20
-19
-20
-19
-18
-18
-16
-14
-13
-13
-10
-8
-6
-6
-6
-6
-7
-8
-8
-7
-9
-9
-10
-10
-8
-7
-6
-3
-4
-3
-2
-1
2
3
5
7
8
9
11
12
14
14
14
13
16
17
19
19
19
20
20
20
18
15
13
10
9
9
9
8
9
9
9
11
9
10
8
9
8
8
5
0
0
0
-2
0
2
-2
-1
-2
-1
0
0
-1
-2
0
0
-1
-1
-2
-2
-4
-5
-3
-1
-2
-2
-2
-6
-7
-6
-4
-6
-8
-10
-10
-13
-13
-15
-15
-13
-14
-11
-10
-9
-5
-5
-4
-3
-2
-1
1
-1
0
0
-1
1
2
1
3
4
4
5
4
3
1
3
3
3
2
2
3
4
4
5
4
5
4
2
0
-1
-3
-4
-4
-6
-6
-6
-6
-7
-6
-10
-11
-13
-16
-15
-17
-17
-17
-18
-17
-15
-15
-14
-15
-16
-15
-15
-14
-13
-12
-9
-7
-3
-2
0
3
4
8
10
11
14
15
15
16
15
14
15
15
18
18
18
19
20
21
24
25
27
29
29
27
25
23
22
23
22
21
19
19
17
17
17
16
15
13
10
7
7
3
3
1
-1
-2
-3
-5
-5
-7
-7
-8
-9
-9
-10
-9
-10
-9
-10
-10
-9
-11
-11
-12
-13
-15
-15
-15
-18
-17
-16
-19
-19
-18
-18
-18
-16
-17
-16
-16
-15
-17
-15
-16
-17
-15
-14
-14
-16
-16
-15
-15
-14
-13
-11
-10
-8
-7
-6
-6
-7
-7
-7
-4
-4
-5
-3
-1
3
4
6
7
8
7
6
9
8
12
14
14
12
14
15
15
15
16
16
14
14
10
8
7
5
7
5
5
5
3
3
3
4
3
2
1
2
4
6
6
8
6
1
2
0
-1
-1
-2
0
4
7
6
8
9
11
11
10
11
9
8
8
8
9
8
9
8
9
8
7
7
7
6
7
7
6
6
2
0
-3
-4
-5
-6
-3
-4
-3
-2
-2
-1
-2
-3
-3
-3
-6
-7
-8
-7
-8
-8
-9
-10
-10
-13
-10
-10
-8
-7
-9
-9
-9
-9
-9
-7
-3
-4
-3
-4
-4
-4
-5
-5
-3
-3
-3
-2
-5
-5
-5
-5
-6
-7
-5
-6
-4
-4
-3
-6
-7
-5
-5
-4
-6
-6
-6
-7
-8
-7
-7
-7
-7
-6
-5
-5
-5
-4
-4
-5
-5
-6
-2
0
0
1
2
3
2
2
5
6
8
9
8
8
8
8
8
8
10
11
13
15
12
12
11
13
13
14
15
13
11
10
8
8
6
7
7
6
8
9
9
9
9
8
8
8
7
7
6
7
6
7
6
5
8
9
8
9
7
5
4
4
2
1
0
-1
-1
-1
-1
-2
-4
-7
-7
-9
-9
-11
-12
-14
-16
-18
-18
-18
-18
-17
-16
-15
-15
-14
-15
-14
-13
-14
-14
-13
-13
-12
-12
-11
-8
-6
-7
-9
-9
-7
-5
-3
-2
0
0
0
0
4
4
4
7
7
8
7
9
9
10
13
12
11
11
9
8
8
5
3
4
3
2
4
3
1
-1
-1
-1
-2
1
1
1
2
0
0
1
0
-1
-4
-4
-8
-8
-8
-9
-8
-9
-8
-6
-6
-3
0
2
0
1
1
3
4
3
3
1
1
-1
2
3
3
4
3
4
4
4
6
7
8
8
8
8
9
7
6
5
4
4
5
5
5
4
6
7
8
9
9
11
11
9
10
9
8
6
6
4
2
3
1
0
2
-2
-2
-2
0
1
-1
-1
-3
-4
-6
-7
-7
-9
-8
-7
-8
-8
-8
-8
-8
-8
-9
-11
-11
-10
-8
-4
-6
-3
-3
-4
-2
-1
-1
-2
-3
-1
-1
0
0
-1
-1
0
0
2
3
3
4
3
3
2
3
1
1
2
1
1
-1
0
-1
-2
-5
-3
-2
-2
-3
-2
-3
-4
-6
-9
-11
-11
-8
-10
-10
-9
-8
-10
-10
-10
-9
-10
-11
-10
-9
-8
-7
-5
-6
-6
-4
-5
-3
-2
-3
-3
-3
-4
-2
-2
0
1
0
0
2
3
3
2
3
4
5
4
3
4
5
6
7
7
8
9
12
12
12
11
13
12
10
11
11
10
12
14
15
15
14
13
15
15
16
16
14
15
16
16
17
17
17
13
12
11
9
9
7
6
7
7
6
5
5
5
5
3
2
1
0
0
-1
-3
-3
-4
-3
-3
-3
-5
-9
-12
-13
-14
-13
-14
-14
-14
-18
-20
-18
-15
-13
-15
-15
-15
-16
-16
-14
-15
-13
-14
-15
-14
-14
-15
-14
-14
-13
-13
-12
-11
-10
-8
-6
-7
-6
-5
-3
-1
2
2
2
3
4
4
5
6
8
9
7
6
4
4
3
4
4
2
1
1
-1
0
0
1
3
2
0
-2
-1
-3
-4
-2
-1
-1
-1
1
1
2
2
3
6
6
4
4
2
0
2
4
4
5
4
2
2
3
2
2
1
1
1
-1
1
1
0
-1
0
2
4
4
2
3
4
4
4
5
6
6
6
9
9
8
9
9
9
10
9
8
9
7
8
6
6
4
2
2
1
2
3
4
3
3
3
2
2
0
0
0
1
2
2
3
4
3
2
4
3
5
4
3
3
4
2
0
-2
-5
-5
-7
-7
-8
-10
-11
-10
-9
-9
-8
-8
-9
-8
-7
-9
-9
-10
-10
-11
-14
-13
-12
-14
-13
-12
-12
-13
-11
-10
-9
-8
-7
-7
-5
-4
-2
1
2
3
2
2
6
7
7
8
8
8
9
8
10
12
11
11
10
9
7
7
8
6
7
5
2
2
0
0
-1
0
0
1
-1
-4
-3
-2
0
-2
-4
-3
-6
-3
-2
-1
-2
-1
-1
-3
-2
-2
1
0
0
-1
-1
-1
-3
-4
-3
-2
-1
0
1
0
4
5
5
5
5
4
2
3
1
0
0
1
-1
0
1
4
6
10
10
9
9
6
5
4
3
4
4
4
1
0
-2
0
-1
-5
-5
-3
-3
-4
-8
-8
-7
-9
-10
-11
-12
-13
-13
-13
-12
-13
-14
-13
-13
-13
-14
-14
-11
-10
-8
-7
-4
-2
0
-1
1
4
7
9
10
10
12
16
17
17
17
17
16
17
17
15
15
16
16
16
15
14
12
11
12
10
9
10
11
12
12
11
10
10
9
7
5
4
