26
25
22
20
19
16
13
9
6
4
2
1
1
-1
-3
-4
-6
-6
-7
-10
-11
-13
-14
-15
-16
-18
-19
-19
-20
-21
-21
-19
-17
-16
-14
-12
-9
-5
-4
-3
-1
-1
-1
0
3
3
4
5
6
7
6
6
6
5
6
7
9
9
11
13
15
16
17
17
17
17
16
14
15
11
11
9
7
6
4
3
1
0
-1
-1
-1
-2
-2
-2
-2
-3
-3
-3
-3
-2
-4
-5
-6
-8
-8
-9
-12
-13
-15
-15
-15
-16
-16
-18
-20
-19
-19
-17
-16
-15
-14
-12
-12
-8
-7
-6
-4
-3
0
0
3
5
7
10
11
12
11
12
13
12
10
10
10
9
8
9
9
9
9
10
13
13
14
14
14
14
15
13
14
13
13
11
9
9
7
6
4
2
0
-2
-3
-6
-6
-6
-7
-7
-10
-11
-12
-15
-15
-15
-16
-15
-16
-16
-16
-15
-14
-14
-14
-15
-15
-14
-13
-12
-10
-10
-9
-10
-9
-9
-8
-9
-6
-6
-5
-3
-1
0
2
3
3
3
3
4
4
6
7
9
9
11
12
13
14
13
13
10
10
10
8
7
7
6
6
7
7
4
2
1
2
0
1
0
-1
-1
0
0
0
1
4
6
6
6
6
4
4
3
4
3
3
2
-1
-2
-3
-4
-3
-4
-4
-4
-2
1
3
4
6
5
5
5
6
6
6
6
5
5
5
6
6
5
4
3
2
1
3
3
3
5
3
4
4
2
1
-1
-2
-3
-5
-7
-9
-9
-10
-10
-9
-9
-9
-7
-7
-5
-6
-5
-3
-4
-4
-3
-3
-5
-6
-4
-4
-3
-4
-6
-8
-10
-11
-11
-11
-12
-13
-14
-14
-14
-12
-11
-11
-10
-11
-10
-7
-3
-3
0
0
-1
-1
0
1
1
2
2
4
4
5
6
8
10
10
9
10
11
14
14
14
15
14
13
11
8
7
7
6
6
5
3
3
3
3
3
3
6
5
6
6
6
6
6
4
4
4
3
2
1
0
-1
-1
-2
-1
-2
-6
-5
-7
-7
-6
-5
-4
-4
-3
-2
-1
-1
-1
-2
-2
-2
-2
-4
-5
-4
-6
-4
-4
-4
-4
-1
1
2
4
5
6
3
4
4
3
3
3
3
2
3
3
2
1
0
-3
-2
-3
-2
-2
-3
-1
-1
0
1
0
-1
0
0
-1
0
-2
-1
-1
-3
-5
-5
-7
-9
-10
-9
-9
-9
-8
-8
-8
-9
-8
-8
-7
-6
-4
-3
-3
-2
-1
0
1
-1
1
-2
-2
-2
-2
-2
-2
-2
-2
-1
-1
1
-1
1
3
5
6
6
6
7
8
9
8
8
7
8
8
8
8
9
9
8
8
7
6
6
8
7
7
6
6
5
6
5
5
6
5
5
4
3
2
-1
-2
-4
-5
-7
-8
-8
-8
-7
-5
-5
-5
-6
-6
-6
-7
-8
-9
-9
-9
-8
-9
-9
-10
-10
-10
-10
-9
-10
-9
-7
-5
-4
-2
0
1
2
4
5
6
7
7
8
8
9
8
8
8
9
12
14
15
14
13
13
12
11
11
10
9
9
8
9
9
7
5
3
1
-1
-1
-2
-3
-4
-6
-8
-9
-11
-8
-10
-10
-12
-12
-12
-10
-10
-9
-8
-8
-8
-7
-5
-5
-4
-4
-2
-2
-3
-2
-4
-2
-2
-3
-4
-4
-5
-4
-4
-3
-2
-3
-1
0
1
3
4
6
7
9
9
11
11
12
12
12
12
13
12
11
9
6
6
6
5
5
5
4
3
3
1
0
0
-3
-4
-4
-5
-6
-6
-4
-3
-5
-5
-7
-9
-11
-12
-12
-11
-10
-9
-9
-10
-8
-7
-7
-7
-7
-8
-8
-8
-7
-5
-3
-3
-4
-4
-3
-2
-2
-2
-3
-2
-2
1
0
2
3
4
6
6
6
7
8
8
9
10
11
11
11
11
11
13
13
13
13
11
10
10
10
9
9
10
9
8
7
6
4
3
2
0
-1
-2
-2
-3
-3
-3
-4
-5
-8
-10
-12
-14
-14
-14
-15
-14
-14
-12
-13
-12
-10
-9
-8
-6
-4
-3
-1
-1
-2
-2
-1
-2
-2
-1
-2
0
1
1
0
-1
0
0
0
2
3
5
6
8
9
12
13
12
11
10
7
5
4
5
5
5
4
5
4
5
5
5
4
6
3
2
2
2
2
3
2
0
0
-1
-3
-3
-5
-6
-7
-7
-10
-12
-12
-13
-13
-11
-9
-9
-9
-9
-9
-9
-7
-6
-4
-3
-2
-3
-2
-1
0
2
2
1
-1
0
0
0
2
2
1
1
3
4
5
7
8
10
10
10
10
9
10
11
9
8
8
6
5
4
4
4
4
3
0
-1
-1
-2
-2
-1
0
2
3
3
4
3
3
4
3
2
1
0
0
-2
-4
-5
-6
-8
-8
-7
-7
-9
-11
-12
-11
-10
-8
-10
-10
-10
-10
-10
-9
-9
-10
-9
-8
-6
-4
-3
-2
-1
1
1
1
-1
-3
-3
-5
-4
-3
-3
-2
-1
0
1
4
4
7
8
8
7
6
7
7
8
9
7
7
6
6
5
5
7
9
9
9
8
7
8
8
7
8
9
7
6
2
0
0
-2
-3
-4
-6
-6
-6
-7
-6
-6
-5
-4
-4
-4
-5
-4
-4
-3
-2
-1
2
5
6
6
5
7
6
5
4
3
2
2
4
5
4
5
4
3
4
4
6
7
7
7
6
6
7
6
7
6
6
6
4
4
2
-1
-3
-4
-4
-4
-4
-4
-4
-5
-5
-3
-3
-2
-1
-1
-2
-4
-4
-5
-7
-8
-9
-10
-11
-12
-13
-16
-15
-16
-15
-14
-14
-14
-13
-12
-12
-10
-11
-9
-10
-9
-8
-6
-6
-4
-4
-4
-3
-3
-3
-2
0
1
0
1
0
-1
0
2
4
6
7
6
6
7
8
8
9
10
11
10
8
8
7
6
6
7
6
5
4
2
2
3
4
6
8
8
8
6
7
6
6
7
6
6
4
4
2
0
0
-1
-2
0
1
0
-1
-3
-2
-4
-4
-5
-5
-5
-3
-2
1
1
2
3
4
5
4
4
2
2
3
4
6
7
7
6
7
6
5
5
4
5
4
4
1
2
2
1
1
2
1
1
2
0
-1
-2
-1
-2
-2
-1
-2
-4
-4
-4
-2
-1
0
2
2
2
1
2
3
3
4
3
4
2
2
0
-1
-3
-3
-5
-7
-8
-10
-11
-12
-13
-13
-14
-12
-11
-9
-5
-3
-2
-2
-2
-2
0
0
1
0
-1
-4
-6
-4
-6
-7
-6
-8
-10
-11
-12
-13
-11
-9
-7
-6
-3
-4
-2
0
1
3
3
5
7
6
7
5
5
6
4
3
2
1
0
0
3
4
5
4
3
2
2
3
4
4
4
4
2
2
1
0
-2
-1
1
1
0
-1
-2
-1
-1
-1
-1
0
2
1
3
3
4
4
3
1
0
0
1
-1
-2
-3
-4
-4
-5
-3
-2
-1
1
3
3
2
4
4
6
7
9
12
11
12
11
10
11
12
13
12
12
9
7
5
6
5
5
5
7
10
13
14
14
15
15
15
17
19
22
20
20
18
13
12
8
5
4
2
2
-2
-6
-10
-14
-16
-19
-20
-22
-22
-24
-25
-25
-25
-25
-23
-23
-25
-28
-29
-30
-32
-33
-32
-30
-28
-26
-24
-24
-24
-24
-23
-22
-19
-17
-14
-13
-10
-8
-6
-3
0
4
8
10
12
13
11
11
10
12
14
16
20
23
27
28
31
31
32
31
28
27
24
23
22
23
24
26
25
23
22
19
17
17
19
18
15
13
9
5
4
3
1
-2
-6
-11
-16
-21
-23
-25
-24
-26
-25
-26
-28
-29
-29
-29
-28
-27
-28
-28
-29
-35
-40
-41
-42
-40
-33
-28
-23
-16
-12
-9
-5
0
5
12
19
22
22
20
21
22
26
33
39
45
49
50
49
46
45
46
47
49
51
50
48
44
38
35
33
32
31
27
23
18
10
5
2
2
1
-2
-4
-8
-13
-20
-27
-31
-36
-39
-40
-43
-44
-47
-48
-46
-43
-38
-33
-29
-26
-23
-22
-22
-26
-28
-29
-31
-31
-31
-30
-31
-30
-32
-32
-27
-22
-17
-13
-11
-10
-10
-10
-6
-4
5
10
16
20
20
21
20
21
23
24
28
29
30
31
32
35
37
38
41
40
39
37
36
35
31
33
32
30
27
23
16
9
3
-5
-12
-17
-21
-24
-27
-29
-31
-33
-33
-33
-34
-33
-32
-32
-33
-33
-31
-29
-27
-27
-26
-27
-27
-25
-23
-20
-20
-18
-17
-17
-19
-19
-20
-18
-15
-10
-4
2
6
9
13
16
20
25
33
39
46
47
47
45
42
40
40
41
42
44
46
48
47
47
48
51
54
61
64
64
61
55
48
39
32
25
15
3
-10
-24
-35
-44
-47
-46
-43
-38
-34
-30
-29
-28
-25
-25
-21
-19
-18
-20
-23
-28
-32
-35
-36
-36
-35
-37
-41
-46
-51
-56
-58
-58
-58
-58
-60
-62
-65
-64
-58
-49
-35
-22
-10
-4
-5
-8
-13
-18
-19
-15
-8
-4
1
6
11
17
24
30
41
49
57
65
72
76
82
87
90
93
98
103
104
104
102
95
84
74
63
55
46
39
37
32
29
25
23
20
18
18
17
14
11
6
0
-6
-9
-13
-16
-20
-25
-29
-35
-43
-53
-64
-79
-94
-111
-129
-146
-157
-161
-161
-159
-157
-158
-164
-168
-168
-167
-161
-151
-141
-134
-132
-128
-123
-114
-95
-71
-43
-15
11
31
43
55
67
84
101
122
142
158
167
172
174
177
179
188
199
211
221
224
223
213
204
199
194
198
206
216
222
223
218
205
194
187
178
172
162
149
130
105
77
47
23
4
-10
-21
-38
-59
-85
-114
-144
-171
-198
-224
-248
-272
-298
-328
-356
-377
-390
-395
-397
-402
-409
-418
-427
-432
-438
-438
-435
-423
-409
-391
-368
-337
-293
-241
-181
-121
-65
-13
35
78
119
160
199
240
280
318
351
376
398
415
432
456
484
505
519
523
512
493
473
458
446
440
439
435
421
403
381
359
343
334
325
312
290
261
224
177
131
87
49
15
-18
-55
-97
-147
-198
-253
-307
-357
-402
-444
-486
-530
-577
-626
-668
-700
-717
-727
-732
-736
-735
-730
-722
-712
-698
-680
-655
-618
-577
-531
-478
-419
-354
-280
-204
-120
-37
51
136
208
271
326
379
434
491
543
584
613
636
661
694
728
756
770
765
741
707
677
651
637
634
629
609
575
534
492
459
443
434
417
385
337
278
210
146
92
51
17
-11
-44
-90
-145
-204
-262
-314
-361
-402
-446
-496
-553
-620
-689
-753
-800
-832
-846
-854
-861
-869
-877
-880
-875
-867
-850
-821
-775
-719
-653
-586
-515
-442
-361
-272
-177
-72
37
146
248
331
391
430
467
519
579
640
687
716
734
748
760
768
777
783
785
779
758
725
689
660
639
614
583
545
501
462
431
405
378
342
297
246
192
140
95
60
32
5
-28
-72
-123
-177
-230
-280
-325
-370
-416
-470
-532
-601
-674
-737
-784
-816
-836
-851
-866
-885
-902
-916
-919
-910
-894
-872
-844
-804
-748
-675
-595
-507
-417
-323
-228
-130
-30
73
186
292
378
438
477
519
577
644
704
742
765
781
789
798
800
803
808
810
795
759
714
679
658
649
635
599
553
505
464
433
410
393
367
332
289
238
181
129
92
60
28
-8
-51
-100
-160
-225
-293
-359
-420
-480
-541
-612
-688
-759
-822
-875
-920
-951
-967
-977
-982
-983
-979
-966
-945
-921
-895
-862
-809
-732
-640
-542
-439
-337
-232
-126
-21
92
216
347
460
534
575
603
641
688
732
765
784
802
824
838
837
824
820
824
820
797
754
707
673
644
620
580
532
487
457
434
401
369
337
305
267
225
179
121
63
10
-40
-89
-132
-167
-213
-279
-352
-424
-486
-543
-601
-665
-740
-815
-884
-948
-1007
-1047
-1065
-1068
-1064
-1060
-1053
-1036
-1005
-970
-936
-897
-843
-766
-673
-570
-462
-348
-224
-94
34
159
288
426
551
634
691
738
783
827
862
879
885
899
934
963
973
967
959
947
921
889
848
806
764
722
672
605
534
481
447
425
403
380
347
299
253
211
167
113
53
-16
-90
-154
-208
-251
-290
-340
-400
-460
-525
-596
-663
-727
-798
-866
-935
-1009
-1081
-1133
-1167
-1179
-1173
-1158
-1138
-1106
-1068
-1046
-1018
-979
-927
-861
-779
-676
-553
-417
-264
-111
29
171
332
504
634
726
816
903
974
1016
1010
969
946
971
1023
1066
1091
1103
1104
1085
1040
970
904
861
832
793
736
667
582
496
440
404
373
365
368
347
313
283
228
132
33
-54
-134
-189
-218
-242
-280
-337
-411
-497
-587
-678
-751
-816
-893
-966
-1040
-1136
-1248
-1330
-1369
-1385
-1372
-1330
-1275
-1213
-1163
-1153
-1171
-1175
-1143
-1080
-991
-873
-744
-625
-481
-298
-116
65
297
562
754
848
936
1033
1098
1155
1199
1180
1141
1152
1214
1224
1200
1214
1234
1242
1221
1173
1080
978
911
842
760
669
594
543
516
512
496
481
488
485
452
407
372
305
193
85
-10
-109
-189
-207
-217
-272
-342
-402
-483
-594
-697
-806
-930
-1046
-1136
-1228
-1336
-1415
-1498
-1567
-1584
-1575
-1519
-1404
-1267
-1195
-1215
-1250
-1269
-1263
-1192
-1038
-848
-658
-465
-262
-72
64
278
603
895
1063
1141
1194
1184
1126
1099
1086
1065
1085
1157
1186
1137
1102
1077
1028
1015
1146
1201
1032
851
800
754
609
477
410
472
653
665
489
490
703
771
608
503
445
304
98
-78
-149
-139
-97
-130
-247
-410
-538
-632
-746
-832
-894
-1000
-1169
-1310
-1453
-1636
-1741
-1790
-1867
-1932
-1852
-1698
-1567
-1429
-1331
-1321
-1407
-1477
-1421
-1298
-1133
-824
-374
33
324
646
945
1321
1944
2504
2493
2212
2131
1883
1264
758
597
462
360
351
129
-269
-430
-498
-723
-767
-391
67
460
869
1169
1331
1482
1644
1761
2081
2541
2704
2617
2411
1943
1248
696
244
-309
-650
-715
-963
-1451
-1677
-1699
-1834
-1796
-1423
-1143
-1040
-689
-259
-325
-607
-555
-491
-730
-834
-711
-856
-1208
-1387
-1517
-1755
-1795
-1564
-1378
-1247
-1221
-1413
-1510
-1387
-1192
-849
-254
186
416
872
1174
1186
1815
2975
3166
2516
2243
1664
292
-483
-433
-691
-571
460
423
-709
-710
-301
-1071
-1326
-111
619
927
2140
2891
2271
1910
1982
1400
1192
1913
2214
2070
2106
1516
158
-727
-1217
-1867
-1823
-1123
-891
-914
-682
-788
-1201
-1152
-824
-549
-97
461
657
524
239
-410
-1161
-1487
-1530
-1624
-1568
-1384
-1509
-1919
-2140
-2006
-1813
-1509
-969
-563
-620
-842
-841
-843
-687
-25
580
777
1014
1168
1057
1747
3012
2969
2189
2163
1639
-51
-873
-684
-909
-429
769
428
-492
-31
-56
-1353
-1374
-357
-68
763
2448
2812
2192
2165
1790
858
955
1664
1935
2259
2481
1763
625
-323
-1406
-2066
-1771
-1265
-902
-470
-290
-498
-769
-1120
-1306
-945
-345
151
648
929
437
-449
-1072
-1534
-1889
-1772
-1316
-1057
-1135
-1461
-1795
-1923
-1846
-1637
-1271
-927
-925
-1032
-924
-902
-874
-387
277
690
923
1056
1389
2540
3597
3166
2257
2129
1445
-200
-937
-887
-861
-126
534
-122
-622
-279
-817
-1740
-1401
-692
-114
1310
2660
2668
2380
2194
1467
993
1372
1832
2070
2225
1983
1290
475
-475
-1463
-1898
-1775
-1555
-1270
-868
-499
-426
-738
-997
-991
-839
-421
244
799
893
400
-372
-1025
-1534
-1798
-1652
-1262
-983
-986
-1184
-1422
-1574
-1584
-1452
-1081
-687
-596
-601
-526
-636
-685
-482
-175
179
526
825
1309
2555
3471
2970
2353
2202
1209
-459
-1053
-968
-917
-105
611
144
-183
89
-628
-1668
-1439
-887
-292
1192
2512
2603
2429
2236
1415
847
1180
1617
1909
2228
1968
1225
547
-465
-1515
-1867
-1728
-1562
-1230
-630
-238
-155
-419
-836
-881
-677
-434
130
893
1011
461
-132
-724
-1308
-1766
-1742
-1347
-1079
-1016
-1071
-1134
-1283
-1414
-1363
-1035
-701
-621
-558
-463
-526
-868
-898
-385
-51
185
584
883
1433
2740
3264
2480
2171
1894
122
-1401
-1304
-1417
-1272
235
757
-69
21
47
-1296
-2058
-1559
-1084
-127
1539
2464
2572
2565
2033
1193
1058
1457
1783
2148
2142
1458
784
48
-1083
-1798
-1654
-1418
-1207
-664
-188
-143
-274
-573
-875
-636
-197
197
838
1258
976
429
-159
-852
-1352
-1541
-1329
-916
-697
-797
-941
-956
-1203
-1379
-1102
-845
-703
-554
-542
-608
-883
-960
-571
-88
93
22
332
902
2112
3139
2906
2580
2284
760
-1355
-1983
-1862
-1665
-434
471
169
207
337
-915
-2207
-2246
-1891
-1039
770
2325
2957
3130
2593
1504
868
964
1394
1863
2097
1789
1250
669
-486
-1698
-2087
-1946
-1735
-1187
-246
350
387
37
-469
-701
-513
-97
648
1443
1476
935
302
-417
-1170
-1656
-1567
-1203
-881
-743
-711
-611
-824
-1023
-1002
-864
-731
-650
-406
-307
-511
-797
-645
-345
-76
338
632
678
1399
2739
2707
2158
2288
1447
-603
-1650
-1825
-2308
-1418
307
209
-339
258
-153
-1805
-2298
-1937
-1670
-486
1414
2557
2904
2950
2306
1411
1157
1231
1273
1454
1356
837
450
-148
-1206
-1888
-1939
-1817
-1412
-600
-19
202
305
-83
-378
-6
307
638
1201
1557
1373
733
-14
-668
-1167
-1435
-1182
-750
-650
-685
-651
-794
-1042
-1127
-1105
-964
-698
-470
-512
-611
-755
-837
-494
32
434
754
1216
2152
3035
2838
2154
1765
948
-702
-1795
-1952
-1938
-1200
-178
-272
-605
-343
-753
-1775
-2131
-2031
-1616
-281
1381
2404
2773
2672
2173
1629
1483
1524
1507
1428
984
408
91
-367
-1227
-1923
-1981
-1777
-1462
-639
56
151
106
-28
-18
255
566
947
1334
1666
1526
876
113
-658
-1309
-1530
-1192
-695
-342
-249
-388
-653
-1006
-1333
-1348
-1091
-723
-274
139
156
-414
-597
-382
-257
191
597
1281
2955
4226
3589
2167
1203
-563
-2748
-3130
-2546
-1825
-116
1022
270
-551
-784
-1684
-2615
-2518
-1945
-819
1241
3063
3502
2865
1855
847
339
682
1320
1736
1718
1112
348
-348
-1352
-2437
-2731
-2262
-1666
-733
352
654
274
-169
-418
-229
304
822
1380
2028
2180
1544
528
-671
-1586
-1752
-1394
-626
177
295
-195
-768
-1149
-1574
-1770
-1249
-694
-300
201
381
-37
-398
-488
-486
-54
643
1420
3011
4520
3803
2176
1259
-431
-2608
-2988
-2352
-1774
-225
884
82
-713
-922
-1845
-2769
-2553
-1875
-739
1335
3072
3373
2693
1623
531
-63
264
1258
2115
2252
1548
561
-349
-1474
-2617
-3026
-2596
-1751
-644
393
756
403
-246
-701
-501
263
938
1539
2248
2337
1572
591
-463
-1499
-1850
-1325
-511
213
473
87
-580
-1085
-1509
-1792
-1530
-951
-319
135
369
71
-456
-521
-208
257
652
943
1771
3359
3809
2834
1915
657
-1418
-2677
-2421
-1897
-936
308
89
-906
-962
-1066
-1955
-2488
-2265
-1562
-14
2133
3334
2932
1858
890
175
128
1024
1982
2269
1848
1077
390
-377
-1606
-2621
-2603
-2013
-1157
-114
443
220
-225
-560
-684
-253
404
839
1376
1862
1766
1126
117
-918
-1369
-1180
-512
377
711
284
-355
-860
-1186
-1503
-1555
-1230
-824
-366
-8
8
-353
-640
-354
239
817
1467
2568
3791
3458
2054
983
-106
-1427
-2039
-1724
-1200
-226
259
-1048
-2168
-1886
-1859
-2232
-1922
-1237
-501
894
2287
2513
1872
1136
637
382
594
1440
2214
2310
1661
631
-98
-775
-1859
-2647
-2373
-1501
-778
-53
409
-49
-673
-769
-560
21
838
1386
1702
1759
1296
504
-442
-1075
-1118
-741
42
784
767
-8
-674
-962
-1338
-1581
-1501
-1022
-454
-243
-309
-710
-928
-797
-182
538
898
2100
4224
4930
3531
1967
568
-1252
-2319
-2045
-1390
110
1863
960
-1807
-2992
-2951
-3313
-3035
-1899
-878
639
2653
3420
2437
1016
-3
-494
-143
1275
2800
3439
2836
1117
-228
-885
-1658
-2272
-2090
-1401
-773
-120
192
-290
-1046
-1543
-1465
-447
836
1493
1765
1791
1121
212
-481
-1079
-1216
-876
-136
718
887
315
-451
-893
-1069
-1184
-948
-633
-693
-806
-749
-801
-962
-596
242
874
1289
1591
2454
3556
3155
1859
973
182
-861
-1132
-666
-428
373
749
-943
-2606
-2652
-2529
-2616
-1962
-1126
-453
839
2174
2301
1524
823
271
-27
504
1622
2317
2236
1280
137
-243
-438
-913
-1102
-893
-858
-809
-485
-442
-771
-975
-946
-674
166
809
880
823
443
113
-265
-750
-821
-751
-496
67
491
329
-173
-319
-377
-375
-121
-213
-630
-1144
-1492
-1415
-979
-164
569
1176
1592
1572
2047
2873
2376
1185
819
780
169
-101
281
159
77
-64
-1340
-2494
-2139
-1490
-1595
-1530
-1079
-530
233
826
1070
1179
1184
886
702
1016
1573
1856
1524
568
-337
-463
-434
-566
-565
-469
-568
-808
-636
-459
-519
-605
-779
-728
-255
394
616
547
474
131
-429
-844
-1010
-1040
-841
-535
-290
-170
-214
-355
-372
-398
-408
-350
-366
-733
-983
-754
-217
555
1082
1404
1370
1537
2355
2985
2284
1121
696
307
-298
-383
-241
-80
441
52
-1556
-2163
-1478
-1248
-1302
-958
-655
-183
632
1020
1062
1235
1246
805
691
1157
1656
1714
1147
94
-860
-1093
-1115
-1203
-892
-300
-181
-498
-480
-276
-303
-403
-464
-350
27
389
369
152
-53
-441
-822
-1090
-1251
-1211
-1076
-876
-890
-854
-940
-937
-445
-191
27
124
27
-207
-428
-510
-336
524
1303
1503
1734
1750
2195
3106
2592
1136
483
191
-495
-394
222
240
475
280
-1254
-2074
-1497
-1063
-908
-389
95
416
848
992
877
825
679
595
925
1540
1877
1556
830
-152
-993
-1225
-1157
-1083
-821
-458
-535
-716
-539
-407
-394
-268
-124
-32
185
172
-246
-528
-662
-799
-890
-886
-895
-987
-1018
-1094
-1217
-1338
-1399
-1173
-696
-291
-82
-66
-221
-715
-1250
-584
836
1827
2617
3037
2729
2382
2447
1421
61
511
1248
705
529
837
230
-303
-707
-2122
-2661
-1001
149
-122
-91
174
123
491
979
1031
1434
1920
1492
939
1033
1138
813
665
262
-676
-967
-1129
-1726
-1721
-1170
-1099
-1009
-309
37
-176
-80
-62
-205
209
534
315
94
-194
-897
-1427
-1616
-1699
-1563
-1452
-1411
-1362
-1283
-1329
-1422
-1183
-1014
-993
-713
-450
-340
-322
229
1245
2028
2677
2726
2373
2621
3455
3189
1599
539
137
-359
-337
184
357
667
720
-894
-2465
-1875
-888
-707
-213
332
467
1141
1927
1691
1301
1347
1076
880
1403
1761
1276
619
-3
-922
-1186
-893
-1163
-1337
-1113
-1310
-1606
-1299
-861
-761
-427
87
196
392
408
-85
-383
-465
-699
-1003
-1328
-1543
-1593
-1673
-1762
-1791
-1684
-1608
-1468
-1105
-817
-952
-1107
-907
-901
-968
-384
785
2014
2964
3299
3178
3904
5074
4132
1573
-236
-928
-834
60
721
765
1238
887
-1660
-3513
-2522
-731
319
733
464
169
791
1319
1169
1421
2025
2211
2412
2739
2428
1365
229
-840
-1526
-1099
-589
-766
-1107
-1465
-1959
-1990
-1435
-1028
-836
-579
-455
-389
17
198
-54
-163
-142
-361
-798
-1302
-1802
-2063
-1930
-1705
-1625
-1740
-2013
-2187
-1979
-1362
-1299
-1368
-999
-1041
-1016
-317
548
1136
2205
3258
3737
5343
6800
5120
1697
-531
-1448
-1074
575
1307
802
734
-20
-2423
-3559
-2062
-139
1133
1563
927
294
628
1110
1278
1932
2620
2815
2990
3058
2463
1411
524
-327
-1000
-895
-810
-1327
-1688
-1814
-2068
-1919
-1187
-672
-564
-499
-626
-996
-873
-402
-261
-70
64
-509
-1487
-2134
-2248
-1937
-1737
-1830
-1888
-2127
-2476
-2689
-2397
-1672
-1314
-1217
-1544
-2099
-1841
-638
835
1854
2260
2476
3748
6099
6925
4616
1289
-655
-925
139
1367
1595
1433
648
-1957
-4429
-3625
-493
1927
2509
1354
-133
-5
1260
1913
2146
2561
2727
2824
3144
3135
2303
1322
719
14
-160
-62
-809
-1830
-2389
-2476
-2177
-1399
-567
-386
-441
-529
-892
-867
-539
-501
-426
-231
-376
-1061
-2008
-2595
-2493
-1925
-1667
-1850
-2179
-2478
-2558
-2321
-1838
-1597
-1819
-2224
-2395
-2407
-1528
45
1007
1386
1701
2359
4229
6388
6034
3022
649
237
603
1627
2191
1484
933
-155
-2913
-4150
-1974
971
2406
2070
456
-611
192
1608
2451
3194
3412
2747
2409
2466
2431
2206
1796
1139
530
415
-75
-1127
-1901
-2289
-2287
-1808
-1406
-1183
-936
-805
-620
-426
-162
17
-299
-727
-1123
-1589
-1961
-2117
-2005
-1845
-1857
-2213
-2812
-3100
-2941
-2661
-1862
-1170
-1439
-2214
-2975
-3392
-2865
-1218
256
1184
1778
2065
2845
4626
5432
3947
1986
1133
987
1381
1854
1448
1076
708
-1123
-3045
-2225
93
1271
1101
285
-187
530
1751
2311
2604
3197
3221
2788
2734
2766
2558
2364
2086
1208
301
-184
-819
-1315
-1209
-1132
-1390
-1750
-2134
-2391
-1968
-889
-78
258
388
99
-307
-443
-718
-1289
-1852
-2058
-2038
-2152
-2501
-2969
-3240
-3090
-2691
-2240
-1910
-1928
-2213
-2565
-2930
-2707
-1690
-691
175
874
1154
1774
3856
5748
5055
2925
1326
744
1441
2115
1275
493
735
9
-1881
-2322
-805
1063
1808
692
-720
-160
1714
2919
3099
2912
2652
2694
3165
3354
3333
3074
2383
1707
1025
232
-479
-919
-1229
-1453
-1421
-1604
-2067
-2151
-1950
-1472
-589
-98
-241
-383
-434
-205
111
-192
-869
-1593
-2108
-2353
-2656
-3077
-3406
-3329
-2947
-2644
-2390
-2267
-2605
-2991
-2986
-2911
-2445
-1267
-105
290
245
667
2437
5118
5936
3747
1217
742
1763
2676
2229
808
88
-357
-1859
-2784
-1302
1234
2317
1161
-784
-1205
587
2796
3681
3321
2683
2237
2491
3345
4108
4045
3134
2281
1514
718
171
-243
-608
-841
-1074
-1609
-2298
-2416
-2159
-1733
-837
-231
-488
-930
-1028
-698
-120
95
-288
-1036
-1683
-1896
-2084
-2588
-3134
-3397
-3324
-3009
-2615
-2507
-2691
-2957
-3196
-3406
-2934
-1838
-976
-241
149
111
1178
3846
5515
4620
2674
1203
1031
2304
2874
1807
824
83
-1676
-3084
-2031
420
2049
1680
-267
-1476
-243
2115
3700
4014
3370
2377
2188
3184
4389
5007
4462
3182
2121
1350
852
453
-37
-454
-833
-1275
-2074
-2686
-2540
-1981
-1002
-294
-585
-1224
-1513
-1087
-150
429
199
-785
-1755
-2041
-1907
-1889
-2362
-2947
-3286
-3528
-3349
-3128
-3176
-3233
-3277
-3099
-2921
-2664
-2169
-1508
-730
-304
294
2124
4300
4852
3177
1024
737
2512
3975
3080
1032
-259
-1182
-2289
-2378
-656
1563
2089
41
-2353
-1878
1235
3967
4547
3561
2328
1934
2921
4510
5459
5075
3765
2455
1727
1819
1813
1041
322
-246
-1053
-1936
-2483
-2501
-2059
-1032
-401
-835
-1446
-1673
-1244
-188
636
394
-719
-1762
-2057
-1651
-1397
-1780
-2560
-3296
-3543
-3536
-3357
-3081
-3142
-3428
-3874
-3962
-3255
-2390
-1691
-1364
-1200
-458
1338
3430
3934
2745
1187
645
2114
3947
3864
2117
290
-1173
-2332
-2059
-380
1390
1937
206
-2324
-2545
164
3367
4567
3635
1797
991
2364
4707
6333
6061
4318
2698
1860
2059
2695
2558
1548
252
-722
-1515
-1948
-1717
-1572
-1308
-753
-942
-1550
-1647
-1147
-200
553
415
-715
-1897
-2116
-1517
-899
-1000
-1994
-3232
-3900
-3683
-3124
-2727
-2651
-3203
-3917
-4227
-3760
-2812
-2103
-1654
-1606
-1210
592
2557
3168
2358
1189
919
1900
3266
3207
1975
941
-367
-1838
-1769
-82
1338
1222
-406
-2348
-2145
490
2924
3631
2880
1460
745
1934
4378
6199
6068
4318
2660
2154
2684
3513
3396
2045
376
-687
-1089
-1264
-1035
-992
-1329
-1189
-1176
-1579
-1538
-920
-195
69
-159
-885
-1778
-1746
-1052
-732
-1123
-2159
-3248
-3781
-3367
-2553
-2459
-2890
-3551
-4188
-3975
-3073
-2233
-2030
-2200
-2204
-1935
-403
1781
2599
2091
995
409
1248
2602
2870
1681
524
-253
-1350
-1517
-194
1247
1479
65
-1854
-2090
148
2726
3498
2762
1453
773
1860
4025
5712
5810
4409
2824
2245
2992
4013
3894
2519
717
-473
-730
-438
-177
-523
-1091
-1192
-1128
-1184
-956
-583
-288
8
-198
-880
-1449
-1536
-1119
-886
-1267
-2163
-3144
-3431
-3150
-2742
-2599
-3132
-3777
-4217
-3922
-2656
-1715
-1678
-2145
-2455
-1889
-187
1756
1981
887
246
200
1169
2611
2584
1260
120
-841
-1774
-1407
198
1094
784
-318
-1572
-1204
1087
2978
3094
2167
1065
847
2360
4481
5399
4802
3572
2637
2720
3858
4531
3719
2189
658
-327
-320
287
294
-635
-1296
-1390
-1163
-507
-28
-116
-394
-491
-597
-891
-944
-853
-903
-1167
-1891
-2653
-3045
-2988
-2624
-2594
-3067
-3615
-3971
-4112
-3596
-2353
-1780
-2214
-2664
-2613
-1206
1353
2471
889
-858
-619
779
2212
2609
1278
-93
-475
-1232
-1944
-709
1118
942
-748
-2170
-2066
141
2779
3274
1924
910
788
1492
3411
5219
5215
3888
2592
2184
3103
4705
5142
3724
1768
317
-195
525
1326
681
-860
-1803
-1860
-1214
-13
717
361
-302
-766
-942
-602
-158
-235
-793
-1458
-2074
-2552
-2578
-2244
-2171
-2614
-3374
-4177
-4476
-3767
-2634
-2182
-2472
-2960
-3311
-2328
502
2478
1543
-465
-1293
-356
1992
3412
1902
-204
-631
-1140
-2035
-1041
878
1006
-559
-2440
-3174
-1091
2372
3303
1582
200
58
886
2875
4802
5024
3950
2880
2373
2969
4629
5495
4451
2582
1048
450
1017
1975
1794
153
-1480
-2194
-1902
-661
479
557
-238
-1058
-1109
-435
415
598
-234
-1256
-1797
-1822
-1600
-1502
-1674
-2244
-2919
-3354
-3767
-3676
-2826
-2367
-2775
-3458
-3791
-2750
-93
1875
1060
-889
-1369
-297
1513
2690
1690
41
-382
-1011
-2071
-1243
872
1145
-814
-3060
-3757
-1578
1909
2980
1271
-395
-688
229
2463
4670
4716
3201
1985
1712
2853
4892
5814
4714
2678
1030
410
1166
2480
2426
763
-979
-1801
-1473
-328
614
433
-648
-1540
-1584
-736
423
730
-148
-1173
-1574
-1536
-1244
-952
-1225
-2016
-2686
-2977
-2882
-2369
-1934
-2224
-2902
-3345
-3081
-1496
538
792
-801
-1838
-1047
668
2007
1760
124
-918
-1054
-1522
-1510
22
1218
154
-2211
-3640
-2644
361
2533
1752
-436
-1434
-691
1298
3654
4674
3698
2081
1229
1839
3708
5260
5034
3356
1642
979
1644
2739
2808
1595
36
-990
-998
-191
564
629
90
-706
-1259
-1007
-188
298
-21
-820
-1460
-1565
-1213
-758
-673
-1211
-2050
-2633
-2584
-1897
-1127
-963
-1667
-2835
-3126
-1432
1031
1571
-280
-2192
-2122
-281
1385
1179
-196
-1112
-1775
-2643
-2293
-172
1409
392
-2390
-4244
-3116
133
2269
1715
-45
-1275
-1306
222
2627
4086
3604
1990
795
1232
3090
4680
4688
3255
1426
483
993
2211
2862
2273
753
-644
-820
103
930
966
350
-562
-1198
-1097
-451
134
120
-516
-1290
-1705
-1530
-1035
-789
-994
-1543
-2248
-2478
-1769
-631
-51
-484
-1538
-1882
-524
1307
1496
192
-935
-1087
-415
283
217
-254
-803
-2162
-3696
-3219
-874
532
-427
-2477
-3550
-2530
-272
1105
846
-69
-854
-1045
91
2239
3697
3388
1996
945
1237
2697
4014
4064
2869
1279
372
724
1879
2571
2023
686
-406
-482
247
891
1067
757
-59
-781
-702
-90
194
-78
-555
-928
-1031
-902
-811
-829
-901
-1115
-1415
-1468
-1098
-546
-294
-589
-747
-20
1127
1529
879
13
-165
257
409
-147
-610
-566
-1119
-2607
-3369
-2349
-886
-798
-2232
-3607
-3316
-1621
-264
-59
-384
-771
-1057
-635
712
2100
2541
1950
1133
1058
1870
2824
3218
2871
1934
946
625
1040
1536
1480
780
-30
-248
224
784
966
750
202
-409
-540
-132
164
-76
-591
-932
-890
-575
-320
-340
-570
-911
-1236
-1207
-602
186
465
32
-453
-46
1198
2045
1704
807
394
650
835
322
-470
-731
-848
-1656
-2468
-2107
-1170
-1089
-1956
-2742
-2651
-1812
-1126
-1093
-1186
-1039
-965
-762
77
1091
1465
1221
915
1025
1668
2375
2497
1991
1256
649
593
1129
1571
1344
599
-124
-346
11
483
658
613
349
-229
-633
-353
145
116
-339
-761
-1062
-1200
-1073
-814
-540
-328
-366
-609
-569
-23
539
677
847
1573
2248
1969
1188
1064
1711
2257
1827
426
-666
-658
-765
-1790
-2264
-1362
-817
-1834
-3233
-3412
-2064
-386
-68
-1183
-2130
-2093
-1521
-537
725
1237
493
-402
-218
982
2219
2591
1936
867
145
138
647
1108
1002
251
-511
-511
169
668
491
34
-165
-115
22
108
-74
-543
-955
-913
-456
-86
-193
-692
-1112
-1035
-559
-122
47
97
159
157
283
1096
2542
3505
2955
1439
727
1685
3043
2939
1357
-62
-534
-857
-1375
-1256
-440
-371
-1863
-3582
-3535
-1663
-15
-206
-1573
-2417
-2125
-1217
-128
801
878
-65
-918
-530
813
1917
2039
1272
252
-271
-41
542
916
595
-539
-1623
-1581
-592
200
252
-145
-644
-869
-512
116
339
-136
-949
-1334
-925
-270
-174
-636
-991
-854
-348
139
374
500
585
510
728
1798
3032
3155
2267
1662
2123
3193
3567
2497
1036
490
327
-326
-806
-454
-122
-804
-2171
-2897
-2049
-411
160
-789
-1884
-2162
-1823
-1035
47
621
122
-802
-1060
-241
1123
1946
1518
297
-582
-583
-22
541
512
-380
-1506
-1833
-1192
-435
-335
-894
-1527
-1681
-1270
-696
-430
-630
-1118
-1528
-1394
-652
-6
-124
-764
-1188
-925
26
1006
1237
895
660
735
1386
2842
3966
3412
2010
1536
2284
3331
3547
2441
1046
541
349
-203
-199
584
559
-852
-2179
-2090
-800
344
158
-905
-1429
-1115
-603
7
609
525
-280
-874
-625
231
940
854
109
-603
-857
-661
-215
3
-476
-1445
-2152
-2028
-1240
-662
-911
-1592
-1995
-1956
-1635
-1208
-1086
-1471
-1886
-1882
-1585
-1231
-970
-992
-1088
-709
26
502
685
922
1150
1425
2191
3272
3726
3207
2438
2283
2971
3779
3545
2238
1174
907
659
305
550
1009
505
-876
-1812
-1356
117
1130
641
-581
-1069
-633
91
887
1458
1171
203
-436
-212
575
1278
1248
346
-697
-1133
-1053
-828
-676
-942
-1697
-2301
-2275
-1988
-1860
-1868
-2000
-2236
-2293
-2092
-1948
-2060
-2290
-2414
-2286
-1962
-1702
-1688
-1830
-1840
-1363
-434
394
732
793
896
1303
2267
3385
3785
3417
2987
2821
2956
3312
3322
2688
1926
1247
475
161
722
1154
499
-660
-1205
-764
200
761
502
87
81
243
561
1279
1860
1647
989
635
831
1360
1686
1322
464
-233
-523
-541
-402
-434
-1040
-1987
-2535
-2444
-2157
-2052
-2199
-2592
-3045
-3193
-2945
-2608
-2490
-2646
-2887
-2957
-2770
-2446
-2157
-1966
-1723
-1295
-840
-406
196
781
1058
1489
2435
3147
3079
2820
2847
3023
3244
3199
2668
2189
1967
1355
605
750
1353
1067
-28
-799
-646
210
934
827
363
340
538
685
1223
2031
2234
1749
1288
1240
1572
1979
1901
1230
542
199
12
-99
-156
-495
-1206
-1798
-1923
-1844
-1888
-2108
-2477
-2872
-3073
-3076
-3106
-3251
-3424
-3541
-3567
-3454
-3165
-2829
-2635
-2465
-2066
-1498
-942
-369
148
491
1004
1949
2714
2731
2437
2474
2849
3209
3126
2518
2028
1961
1575
725
513
1140
1280
320
-718
-717
278
1165
1003
267
86
491
911
1458
2209
2481
1959
1325
1274
1837
2517
2619
1898
900
325
290
488
590
284
-480
-1228
-1475
-1382
-1385
-1524
-1732
-2153
-2699
-3002
-3021
-3074
-3291
-3519
-3638
-3690
-3691
-3612
-3488
-3289
-2818
-2110
-1513
-1102
-669
-228
348
1380
2365
2459
2069
2102
2467
2792
3024
2829
2120
1505
1080
581
549
1175
1292
305
-762
-941
-247
750
1178
703
144
189
625
1300
2183
2643
2257
1633
1494
1931
2606
2961
2569
1665
880
579
751
1062
974
264
-641
-1120
-1007
-706
-698
-1034
-1516
-2026
-2436
-2568
-2547
-2754
-3200
-3545
-3736
-3861
-3817
-3649
-3550
-3345
-2754
-2084
-1644
-1278
-917
-422
688
2068
2434
1771
1502
2095
2739
2921
2576
1912
1475
1205
533
-3
523
1181
528
-854
-1432
-891
96
748
651
188
29
238
741
1736
2755
2831
2064
1561
1830
2467
2961
2958
2295
1319
659
567
813
970
671
-42
-643
-740
-557
-479
-580
-824
-1235
-1707
-1967
-2020
-2218
-2650
-3004
-3189
-3393
-3547
-3526
-3536
-3536
-3100
-2357
-1820
-1501
-1232
-944
-115
1335
2166
1750
1280
1639
2247
2565
2507
2052
1594
1335
726
-1
246
1032
728
-643
-1592
-1410
-538
177
124
-354
-462
-153
307
1104
2046
2387
2073
1818
2007
2490
2951
2992
2449
1649
1038
809
895
982
693
21
-592
-791
-676
-521
-466
-575
-927
-1421
-1715
-1710
-1713
-1963
-2360
-2776
-3108
-3141
-2950
-2907
-2964
-2721
-2137
-1537
-1193
-1129
-841
239
1497
1745
1213
1155
1779
2277
2229
1935
1892
2014
1481
301
-91
809
1422
540
-979
-1686
-1217
-357
-84
-453
-781
-881
-901
-418
764
1764
1857
1456
1295
1663
2423
3054
3035
2403
1603
1018
884
1119
1211
744
-70
-701
-878
-709
-488
-496
-855
-1449
-1938
-2015
-1819
-1784
-2079
-2495
-2775
-2760
-2519
-2372
-2360
-2158
-1719
-1308
-971
-693
-487
-4
924
1568
1412
1087
1257
1747
2117
2058
1617
1382
1492
1226
558
450
918
900
130
-637
-830
-483
-149
-337
-755
-801
-635
-580
-294
417
1038
1196
1113
1105
1328
1776
2195
2292
1991
1439
914
691
798
916
704
177
-386
-762
-899
-800
-625
-740
-1287
-1932
-2315
-2419
-2386
-2373
-2547
-2865
-3120
-3207
-3024
-2379
-1444
-747
-548
-632
-523
252
1570
2449
2251
1548
1235
1456
1853
2086
2018
1754
1293
520
-64
288
1164
1298
351
-727
-1029
-569
-14
116
-72
-278
-485
-569
-142
758
1461
1502
1135
933
1178
1672
2032
2070
1781
1239
680
392
417
518
427
72
-393
-736
-871
-839
-706
-666
-956
-1526
-2050
-2330
-2416
-2433
-2508
-2727
-3049
-3361
-3432
-2944
-1975
-1130
-855
-936
-804
-55
1170
2146
2375
2138
1936
1885
1998
2274
2478
2348
1805
919
175
212
807
1006
390
-530
-1102
-1075
-674
-342
-229
-214
-303
-449
-234
566
1504
2005
1974
1724
1630
1847
2193
2354
2169
1648
944
345
81
89
96
-102
-525
-1034
-1408
-1512
-1396
-1277
-1353
-1661
-2065
-2373
-2479
-2402
-2260
-2210
-2380
-2751
-3022
-2778
-1985
-1125
-734
-849
-970
-538
451
1357
1706
1689
1658
1627
1550
1611
1945
2294
2127
1270
396
355
968
1241
714
-109
-617
-714
-632
-530
-382
-235
-283
-484
-419
157
955
1539
1777
1803
1812
1937
2198
2489
2601
2354
1815
1240
827
604
467
264
-119
-645
-1186
-1592
-1769
-1772
-1787
-1967
-2302
-2640
-2781
-2653
-2417
-2269
-2260
-2341
-2344
-2038
-1437
-852
-567
-544
-506
-166
411
804
862
900
1108
1226
1089
900
933
1184
1334
1084
626
438
559
632
505
323
170
19
-138
-241
-169
76
258
194
63
130
430
843
1227
1431
1432
1391
1475
1703
1946
2022
1869
1610
1373
1175
1007
884
732
436
-25
-555
-1000
-1257
-1393
-1593
-1952
-2400
-2766
-2895
-2767
-2562
-2477
-2526
-2499
-2172
-1571
-968
-619
-503
-399
-103
353
722
834
793
780
771
679
541
467
465
430
260
31
-53
25
74
7
-29
63
194
247
244
312
513
740
850
850
845
891
981
1094
1172
1153
1066
1006
1010
1033
1018
964
928
936
954
944
927
904
806
604
353
109
-126
-363
-626
-980
-1395
-1757
-1975
-2058
-2091
-2179
-2343
-2412
-2218
-1809
-1412
-1177
-1102
-1025
-768
-345
31
212
256
260
276
340
463
544
480
278
81
67
237
363
230
-48
-185
-82
114
249
299
335
432
597
780
947
1090
1178
1195
1171
1165
1169
1145
1049
875
666
474
351
338
420
503
487
389
320
354
432
442
366
241
87
-98
-291
-477
-667
-873
-1093
-1307
-1486
-1605
-1677
-1696
-1629
-1485
-1351
-1290
-1268
-1178
-969
-700
-470
-330
-241
-137
6
181
358
478
515
514
558
673
774
767
646
495
386
344
344
348
341
314
264
221
246
363
514
615
630
607
621
717
851
919
862
713
565
516
579
668
678
574
399
249
186
181
157
49
-149
-385
-587
-727
-829
-943
-1100
-1277
-1416
-1474
-1443
-1339
-1208
-1096
-1028
-996
-946
-827
-650
-494
-414
-390
-354
-270
-129
40
176
245
285
365
516
703
834
852
792
733
706
694
665
603
517
422
343
297
275
260
247
255
290
337
390
440
476
490
496
505
522
536
548
580
635
673
635
518
374
250
144
28
-118
-313
-564
-849
-1088
-1233
-1318
-1415
-1539
-1633
-1635
-1536
-1369
-1164
-954
-763
-608
-447
-237
-2
176
263
294
334
395
442
454
438
424
437
491
570
643
693
718
719
698
662
632
616
591
529
416
282
172
109
80
70
66
61
68
95
133
178
216
243
270
317
369
395
394
373
338
294
232
139
15
-118
-246
-378
-517
-691
-904
-1124
-1312
-1444
-1527
-1573
-1602
-1616
-1573
-1439
-1224
-974
-736
-522
-310
-79
165
407
632
812
915
945
951
969
1002
1029
1028
996
936
867
809
761
699
608
513
457
439
419
363
270
176
114
83
78
79
71
45
9
-14
-4
28
56
71
88
126
181
234
270
275
241
178
101
2
-118
-252
-395
-546
-716
-907
-1105
-1281
-1409
-1488
-1534
-1548
-1538
-1502
-1408
-1250
-1052
-851
-658
-453
-219
35
280
499
694
848
944
1013
1094
1194
1279
1307
1272
1206
1158
1124
1078
987
844
689
574
512
466
387
269
142
51
16
18
26
30
24
-1
-33
-53
-56
-47
-52
-82
-111
-108
-79
-55
-64
-113
-188
-265
-332
-392
-460
-548
-667
-814
-952
-1065
-1158
-1244
-1318
-1378
-1404
-1384
-1324
-1233
-1119
-991
-849
-670
-447
-211
0
184
375
587
793
947
1041
1105
1189
1293
1382
1417
1393
1331
1269
1224
1179
1105
994
876
774
698
634
561
471
373
281
218
188
181
164
114
34
-40
-79
-82
-75
-81
-113
-157
-199
-230
-261
-307
-378
-470
-577
-677
-761
-827
-895
-985
-1099
-1225
-1324
-1385
-1411
-1414
-1414
-1407
-1371
-1285
-1155
-1011
-873
-737
-584
-397
-187
27
229
416
577
715
845
972
1100
1216
1307
1360
1377
1373
1355
1319
1257
1168
1076
1004
948
890
811
718
632
569
524
488
461
440
415
377
324
261
199
143
94
56
26
-13
-76
-159
-241
-318
-399
-488
-603
-738
-872
-983
-1070
-1148
-1233
-1341
-1455
-1541
-1578
-1577
-1557
-1529
-1495
-1448
-1367
-1250
-1113
-962
-795
-609
-408
-190
29
237
421
582
733
884
1043
1192
1303
1367
1398
1413
1421
1407
1358
1276
1186
1110
1047
977
890
788
692
622
581
563
551
539
521
500
490
489
486
465
426
384
356
329
280
193
76
-54
-187
-324
-468
-625
-795
-970
-1125
-1249
-1358
-1473
-1597
-1712
-1788
-1808
-1790
-1749
-1695
-1623
-1529
-1406
-1259
-1098
-927
-747
-560
-370
-163
43
232
397
551
707
875
1042
1174
1253
1289
1303
1300
1288
1255
1195
1112
1027
951
886
831
775
708
636
582
560
572
602
621
613
591
584
605
643
671
670
645
617
595
565
497
377
216
29
-158
-340
-522
-712
-911
-1111
-1300
-1462
-1597
-1715
-1818
-1896
-1937
-1927
-1873
-1790
-1693
-1588
-1463
-1307
-1121
-924
-730
-540
-346
-150
41
213
367
508
651
795
923
1016
1071
1099
1108
1107
1089
1046
988
920
853
795
752
716
676
629
582
555
561
593
625
644
647
648
662
699
743
781
802
801
777
736
678
592
468
308
133
-45
-218
-390
-571
-768
-978
-1182
-1358
-1498
-1610
-1707
-1788
-1832
-1822
-1760
-1667
-1567
-1468
-1356
-1215
-1039
-848
-666
-503
-357
-208
-50
107
251
378
497
613
724
817
878
893
878
853
829
802
762
714
660
619
599
589
575
557
546
552
572
604
631
645
657
672
701
746
796
842
871
881
859
806
725
623
498
354
196
24
-155
-334
-501
-665
-829
-990
-1142
-1277
-1385
-1467
-1523
-1545
-1526
-1474
-1400
-1316
-1226
-1121
-990
-838
-687
-549
-425
-315
-200
-70
68
196
313
418
516
605
675
712
712
688
660
632
606
570
520
465
423
397
380
362
339
316
305
316
344
373
393
409
440
492
563
642
709
756
782
790
773
723
635
513
370
225
78
-67
-214
-366
-528
-701
-860
-995
-1104
-1195
-1276
-1335
-1354
-1332
-1280
-1208
-1119
-1021
-911
-776
-630
-491
-373
-266
-165
-58
55
163
258
342
418
488
544
581
596
592
579
557
527
491
457
423
392
365
338
311
278
247
220
205
207
223
242
255
271
297
339
400
473
542
598
637
657
650
615
550
467
367
255
133
2
-138
-282
-432
-585
-736
-880
-1009
-1121
-1206
-1260
-1270
-1240
-1181
-1094
-983
-857
-723
-578
-437
-308
-193
-86
11
107
204
297
384
467
540
595
633
654
658
646
617
567
507
445
393
353
326
309
292
271
244
211
183
167
162
160
161
155
154
170
209
262
320
373
414
445
470
474
444
382
288
177
61
-47
-149
-251
-360
-481
-607
-736
-859
-973
-1080
-1169
-1233
-1255
-1233
-1169
-1079
-971
-855
-734
-601
-460
-315
-173
-44
69
174
289
411
527
626
703
758
798
827
840
828
792
739
677
619
571
530
490
452
417
380
339
295
254
223
207
208
215
223
231
241
252
265
283
303
326
340
335
306
259
190
101
-6
-121
-240
-361
-481
-600
-724
-854
-986
-1114
-1226
-1315
-1383
-1423
-1429
-1393
-1318
-1212
-1081
-939
-789
-640
-487
-335
-186
-50
70
180
286
389
491
591
684
762
822
869
902
919
918
905
881
849
812
772
736
700
668
638
608
577
546
518
494
480
473
468
462
455
451
450
450
450
447
435
407
359
293
206
98
-27
-169
-318
-471
-620
-764
-903
-1039
-1176
-1305
-1418
-1510
-1581
-1628
-1647
-1628
-1571
-1474
-1347
-1197
-1034
-870
-703
-533
-365
-207
-63
67
188
308
427
544
648
740
817
880
929
960
973
972
960
943
921
899
877
854
827
798
770
746
726
711
700
691
689
692
701
710
718
719
712
694
665
629
585
526
440
327
191
35
-137
-322
-514
-704
-886
-1060
-1226
-1386
-1534
-1664
-1766
-1843
-1893
-1919
-1916
-1878
-1804
-1689
-1541
-1376
-1206
-1031
-856
-679
-506
-345
-203
-77
47
172
306
440
565
674
774
869
954
1028
1083
1114
1133
1143
1144
1140
1127
1106
1076
1046
1022
1001
984
966
945
925
913
904
900
897
891
883
871
852
827
792
745
673
574
450
302
137
-50
-256
-472
-693
-906
-1107
-1293
-1469
-1636
-1787
-1918
-2019
-2086
-2117
-2109
-2065
-1984
-1864
-1710
-1531
-1341
-1150
-962
-781
-613
-454
-305
-165
-33
95
220
347
474
593
701
798
885
960
1024
1074
1112
1142
1164
1181
1191
1198
1196
1185
1173
1161
1148
1131
1108
1083
1057
1039
1025
1015
1008
1001
985
967
937
893
835
758
658
531
378
198
0
-212
-430
-646
-858
-1066
-1270
-1463
-1637
-1793
-1927
-2043
-2136
-2198
-2221
-2198
-2133
-2030
-1894
-1732
-1546
-1340
-1131
-939
-767
-615
-474
-342
-213
-91
24
132
240
353
473
588
690
775
847
917
980
1040
1093
1140
1181
1220
1262
1303
1335
1356
1363
1355
1337
1315
1290
1261
1235
1205
1173
1144
1118
1088
1041
976
893
798
692
568
419
247
55
-145
-349
-550
-748
-947
-1139
-1318
-1481
-1632
-1771
-1897
-2007
-2087
-2128
-2130
-2098
-2040
-1954
-1838
-1692
-1524
-1352
-1182
-1022
-868
-720
-573
-428
-289
-160
-37
83
204
323
434
536
629
711
790
870
953
1032
1106
1175
1247
1319
1392
1454
1498
1526
1543
1550
1548
1537
1517
1489
1458
1423
1382
1336
1279
1208
1119
1018
900
769
631
480
319
147
-35
-222
-411
-597
-780
-959
-1139
-1314
-1478
-1628
-1760
-1877
-1974
-2048
-2094
-2107
-2086
-2035
-1958
-1861
-1750
-1624
-1489
-1348
-1205
-1067
-934
-802
-667
-530
-387
-242
-100
39
171
294
409
521
631
735
833
927
1017
1107
1202
1293
1376
1446
1504
1546
1581
1609
1628
1631
1621
1601
1573
1541
1503
1451
1381
1295
1197
1086
962
827
679
523
359
189
17
-156
-326
-496
-667
-833
-989
-1132
-1261
-1378
-1489
-1594
-1688
-1764
-1819
-1850
-1864
-1862
-1841
-1799
-1737
-1657
-1562
-1458
-1344
-1223
-1097
-970
-847
-723
-600
-473
-342
-209
-79
49
178
315
451
579
700
814
929
1047
1161
1261
1346
1419
1483
1541
1587
1617
1630
1631
1625
1613
1592
1561
1516
1458
1392
1317
1233
1136
1023
893
754
609
459
306
146
-15
-178
-334
-481
-621
-754
-883
-1005
-1114
-1210
-1293
-1365
-1431
-1495
-1553
-1598
-1625
-1640
-1645
-1645
-1636
-1611
-1563
-1497
-1415
-1324
-1229
-1126
-1009
-880
-748
-620
-498
-374
-238
-85
77
234
384
529
679
832
980
1110
1222
1316
1399
1472
1534
1580
1606
1615
1611
1599
1581
1548
1499
1435
1363
1284
1201
1113
1017
910
794
677
561
445
318
176
26
-117
-247
-366
-477
-584
-687
-781
-863
-930
-985
-1040
-1096
-1150
-1198
-1236
-1272
-1311
-1355
-1401
-1437
-1458
-1463
-1458
-1444
-1422
-1381
-1323
-1245
-1153
-1048
-933
-808
-670
-520
-364
-204
-40
124
293
465
637
795
939
1068
1186
1288
1374
1444
1492
1522
1535
1533
1525
1501
1462
1407
1341
1270
1200
1125
1042
947
845
743
646
557
464
364
257
146
40
-59
-152
-240
-327
-413
-492
-559
-620
-676
-734
-794
-851
-899
-939
-975
-1009
-1046
-1085
-1124
-1155
-1181
-1199
-1213
-1218
-1212
-1192
-1158
-1114
-1054
-981
-890
-779
-657
-525
-391
-253
-110
39
190
339
484
630
771
901
1015
1113
1190
1244
1278
1297
1306
1298
1277
1234
1177
1111
1043
975
903
827
749
672
595
519
442
363
281
202
125
54
-7
-62
-112
-163
-212
-258
-301
-336
-367
-397
-429
-463
-496
-528
-563
-602
-646
-691
-735
-776
-816
-854
-891
-927
-956
-972
-976
-965
-936
-896
-845
-781
-711
-634
-547
-449
-340
-222
-103
18
134
253
369
480
576
661
730
789
842
882
906
908
895
871
840
802
759
712
665
616
562
510
456
401
348
299
250
207
165
127
90
53
21
-8
-28
-39
-45
-49
-53
-58
-66
-75
-91
-111
-140
-172
-205
-240
-278
-324
-374
-430
-480
-522
-559
-585
-606
-620
-630
-635
-633
-622
-605
-584
-554
-515
-465
-404
-335
-257
-178
-99
-16
63
139
204
260
308
347
378
400
412
420
428
434
437
435
429
414
395
376
357
336
315
289
262
240
223
207
188
168
148
133
121
116
111
112
115
118
126
137
149
158
159
152
140
125
105
76
36
-10
-60
-104
-147
-188
-228
-262
-288
-304
-313
-322
-332
-343
-356
-364
-367
-367
-365
-361
-352
-338
-319
-292
-264
-237
-212
-191
-167
-146
-127
-109
-96
-83
-71
-56
-38
-19
-1
16
30
47
65
81
94
103
111
124
140
156
168
179
185
193
205
220
235
246
256
264
275
288
302
312
319
325
330
333
332
323
309
292
268
237
204
168
131
96
63
29
-1
-25
-42
-56
-67
-80
-100
-120
-141
-161
-187
-214
-243
-274
-301
-326
-352
-377
-399
-417
-427
-426
-423
-418
-414
-407
-398
-386
-369
-353
-333
-312
-290
-264
-231
-192
-154
-114
-75
-40
1
48
96
142
185
224
257
286
317
345
370
395
416
432
446
454
455
453
452
450
448
444
438
428
415
401
384
363
343
323
301
282
265
245
222
193
160
126
89
49
3
-49
-107
-171
-238
-298
-352
-399
-446
-495
-537
-570
-590
-601
-610
-622
-633
-638
-636
-631
-622
-611
-596
-570
-529
-481
-427
-374
-324
-269
-207
-139
-68
-4
55
108
158
211
265
312
353
387
418
448
476
500
512
514
511
503
495
486
475
460
443
431
425
423
429
435
444
455
463
461
452
434
406
367
320
267
210
152
91
26
-42
-113
-183
-249
-312
-368
-420
-470
-516
-560
-599
-633
-658
-673
-682
-686
-686
-683
-678
-669
-652
-630
-599
-558
-510
-453
-394
-335
-276
-221
-165
-104
-37
33
101
166
221
268
311
347
376
401
420
437
447
454
455
449
444
437
435
438
446
454
466
481
497
510
522
533
536
533
520
495
458
411
357
293
226
156
88
22
-41
-100
-159
-219
-278
-336
-392
-441
-482
-515
-543
-567
-590
-610
-625
-630
-626
-614
-592
-568
-547
-527
-509
-489
-461
-422
-379
-331
-278
-228
-176
-126
-77
-30
18
65
112
154
194
226
245
260
267
275
284
295
301
307
314
324
335
350
366
381
401
422
444
464
482
491
490
481
465
443
417
389
355
314
267
216
162
105
47
-11
-67
-117
-161
-199
-233
-263
-292
-317
-337
-355
-366
-375
-381
-385
-387
-384
-377
-370
-362
-353
-346
-339
-332
-323
-314
-300
-281
-257
-230
-201
-171
-139
-107
-77
-49
-28
-10
6
22
39
56
69
82
96
114
134
157
178
203
227
253
278
298
316
333
342
349
348
346
342
337
334
327
318
304
287
261
233
200
161
119
76
33
-7
-41
-71
-97
-121
-143
-159
-168
-170
-170
-172
-173
-178
-184
-190
-194
-201
-210
-217
-224
-229
-232
-232
-235
-238
-239
-237
-230
-219
-208
-198
-185
-170
-153
-138
-125
-112
-95
-76
-53
-33
-12
8
27
48
69
90
108
125
140
154
164
173
180
186
191
197
205
212
224
234
239
243
245
242
234
222
205
183
155
128
102
80
60
47
35
24
16
11
8
8
7
6
3
-2
-12
-26
-44
-62
-81
-96
-107
-117
-125
-132
-141
-149
-157
-164
-173
-182
-194
-200
-201
-202
-201
-201
-199
-193
-179
-163
-148
-133
-116
-100
-83
-68
-58
-47
-38
-27
-14
-1
11
24
39
55
70
86
100
117
135
152
166
174
178
179
179
180
178
178
178
178
178
177
173
168
161
158
155
149
143
135
123
110
95
80
64
51
35
17
-3
-21
-36
-49
-60
-72
-86
-101
-115
-128
-138
-147
-160
-173
-186
-189
-190
-188
-187
-191
-195
-194
-186
-177
-170
-166
-165
-162
-155
-145
-139
-136
-131
-121
-101
-79
-57
-38
-20
4
32
60
82
100
114
124
133
143
151
158
164
168
176
184
192
197
199
199
199
200
200
200
195
186
171
157
144
128
112
96
78
63
48
35
18
3
-14
-28
-40
-51
-64
-82
-96
-110
-118
-126
-135
-145
-159
-170
-178
-182
-189
-194
-199
-204
-201
-199
-197
-196
-191
-187
-179
-170
-162
-152
-138
-121
-102
-82
-60
-40
-18
1
19
38
61
82
104
121
138
153
171
189
204
219
228
234
241
246
249
249
246
238
228
220
209
195
179
159
139
122
107
91
74
57
41
25
11
-6
-22
-37
-52
-66
-78
-91
-105
-118
-131
-143
-155
-169
-184
-198
-205
-210
-218
-224
-230
-234
-234
-230
-225
-219
-214
-206
-194
-177
-160
-143
-125
-106
-84
-61
-39
-15
6
28
50
70
93
114
132
150
166
180
192
202
211
219
222
224
223
221
222
220
214
206
193
177
161
144
128
110
90
71
54
37
23
12
2
-6
-16
-24
-35
-45
-56
-68
-82
-98
-116
-132
-148
-162
-178
-192
-205
-214
-221
-226
-230
-232
-233
-232
-227
-220
-211
-202
-188
-174
-159
-142
-121
-101
-78
-55
-31
-7
18
43
67
91
116
140
161
182
201
217
233
246
256
263
267
270
271
269
264
255
243
229
213
197
180
161
143
123
103
84
68
53
39
24
12
0
-13
-26
-39
-52
-68
-84
-99
-115
-131
-144
-160
-173
-184
-198
-208
-217
-227
-236
-240
-244
-244
-245
-240
-231
-220
-207
-193
-178
-160
-140
-121
-101
-82
-63
-44
-23
0
24
45
65
84
105
127
145
158
168
179
189
198
207
210
211
210
210
206
201
194
185
174
164
153
142
127
115
103
92
83
74
64
53
43
30
17
2
-12
-28
-45
-59
-75
-88
-102
-119
-135
-150
-162
-172
-181
-189
-198
-208
-214
-215
-214
-214
-214
-212
-206
-195
-181
-167
-152
-138
-125
-110
-91
-70
-50
-34
-19
1
24
48
70
87
101
116
131
148
161
170
174
178
183
186
188
187
183
179
176
174
173
172
168
165
160
154
147
139
128
117
109
97
85
72
60
47
35
21
5
-11
-28
-47
-64
-84
-101
-117
-131
-144
-154
-162
-167
-173
-176
-180
-182
-182
-182
-179
-177
-174
-172
-165
-157
-145
-133
-120
-109
-94
-79
-65
-51
-38
-30
-21
-13
-1
10
20
31
41
51
61
72
83
93
105
115
124
130
138
145
154
161
167
169
169
169
169
167
160
151
140
131
123
114
102
87
73
59
47
36
24
7
-10
-25
-40
-53
-65
-77
-88
-98
-110
-120
-126
-133
-139
-145
-149
-153
-154
-154
-152
-149
-144
-138
-130
-122
-117
-111
-106
-99
-92
-86
-81
-78
-74
-69
-61
-54
-44
-34
-23
-12
2
18
33
45
58
69
84
97
110
120
127
134
141
148
156
160
159
157
157
158
158
153
145
138
130
124
115
103
89
74
60
49
37
27
14
1
-8
-14
-21
-28
-36
-44
-52
-59
-67
-77
-88
-96
-103
-108
-111
-113
-115
-118
-121
-126
-128
-131
-134
-138
-140
-142
-142
-142
-138
-136
-130
-122
-111
-99
-86
-73
-60
-47
-32
-15
3
21
39
56
73
91
106
119
130
140
149
158
167
172
176
178
180
181
181
176
171
164
157
149
139
130
118
105
92
81
69
60
51
41
32
23
11
1
-9
-19
-30
-39
-49
-61
-74
-88
-100
-114
-125
-138
-150
-163
-177
-188
-197
-203
-206
-210
-210
-209
-203
-194
-183
-171
-162
-154
-141
-126
-111
-96
-81
-67
-50
-31
-12
7
24
42
59
80
99
115
129
142
155
166
180
189
198
203
205
207
207
203
199
194
184
175
164
153
142
130
118
106
95
86
76
64
51
38
24
10
-4
-16
-31
-48
-63
-80
-96
-113
-131
-147
-163
-178
-188
-199
-209
-218
-226
-229
-228
-226
-223
-217
-210
-200
-187
-171
-156
-142
-129
-113
-95
-77
-58
-37
-18
-1
19
38
58
79
99
118
135
151
167
180
192
203
211
218
222
229
232
234
233
228
223
217
210
204
196
185
175
163
148
132
117
101
83
64
45
25
6
-12
-32
-53
-74
-95
-116
-134
-151
-170
-187
-204
-219
-230
-237
-243
-249
-253
-257
-254
-249
-244
-237
-230
-219
-205
-188
-170
-151
-133
-113
-93
-74
-54
-35
-16
2
19
38
56
76
95
113
131
147
164
179
192
201
207
211
216
217
217
215
210
208
201
195
187
178
169
158
145
133
118
105
91
77
63
47
30
13
-4
-22
-38
-56
-73
-91
-111
-128
-142
-158
-172
-185
-197
-207
-214
-219
-225
-227
-226
-221
-215
-206
-195
-182
-165
-150
-131
-114
-98
-81
-66
-48
-32
-17
-1
15
30
45
61
77
91
106
120
134
147
158
167
176
185
191
196
200
200
199
199
196
189
181
170
158
143
130
116
103
87
71
56
41
25
10
-5
-20
-34
-48
-62
-78
-92
-106
-118
-129
-140
-151
-161
-169
-176
-181
-184
-184
-183
-181
-176
-169
-159
-148
-135
-124
-111
-98
-83
-69
-56
-42
-30
-17
-2
10
25
39
50
62
72
83
92
101
108
114
120
128
135
142
145
149
150
151
149
146
141
136
128
119
110
99
87
75
63
51
39
25
12
0
-13
-22
-32
-43
-53
-63
-73
-79
-87
-95
-103
-110
-115
-120
-123
-126
-129
-132
-133
-133
-130
-125
-119
-111
-102
-93
-84
-74
-63
-51
-40
-29
-17
-5
9
22
34
43
49
55
63
71
78
84
88
89
90
91
92
93
95
98
99
100
101
101
100
98
93
86
76
67
56
44
31
18
3
-11
-21
-32
-42
-49
-58
-63
-67
-68
-71
-74
-75
-76
-78
-78
-78
-79
-79
-80
-82
-83
-84
-81
-77
-72
-66
-60
-52
-42
-31
-19
-10
-1
7
17
26
36
45
51
57
62
69
74
80
83
84
85
86
87
89
87
86
82
78
74
68
63
57
52
46
37
30
24
17
12
5
-2
-10
-17
-25
-34
-41
-50
-59
-67
-73
-79
-82
-86
-89
-91
-94
-95
-94
-93
-90
-86
-81
-76
-69
-63
-56
-50
-45
-39
-30
-23
-13
-3
6
14
23
32
41
48
54
61
69
74
79
83
87
89
91
94
95
92
91
88
86
84
83
80
75
68
62
57
50
44
36
27
18
11
3
-5
-16
-27
-38
-48
-57
-65
-73
-82
-88
-95
-99
-102
-104
-106
-108
-107
-107
-106
-103
-101
-99
-95
-88
-81
-72
-63
-53
-44
-33
-22
-11
-1
8
16
25
35
44
53
62
69
76
83
90
96
100
104
107
109
110
110
109
106
104
102
99
97
91
83
73
64
55
45
34
21
8
-2
-11
-22
-31
-40
-49
-58
-67
-74
-80
-87
-94
-100
-104
-108
-112
-113
-115
-115
-115
-113
-109
-105
-100
-93
-88
-83
-78
-72
-65
-57
-49
-40
-31
-22
-11
1
13
26
38
49
59
69
79
89
96
103
108
111
117
120
124
125
125
123
122
121
115
112
108
101
97
91
85
79
72
64
54
42
33
24
12
0
-13
-26
-38
-50
-61
-73
-82
-92
-99
-107
-110
-115
-117
-120
-122
-121
-120
-117
-114
-110
-106
-101
-96
-92
-85
-77
-71
-64
-57
-49
-39
-31
-23
-13
-5
3
12
22
34
45
54
62
71
80
90
98
104
108
110
112
112
113
112
111
107
102
97
90
83
77
69
61
49
40
30
21
12
2
-7
-14
-22
-29
-36
-41
-48
-56
-62
-68
-72
-77
-81
-87
-90
-94
-96
-98
-98
-95
-93
-89
-87
-82
-78
-72
-66
-62
-57
-52
-46
-39
-32
-24
-16
-9
1
9
19
29
37
44
51
58
65
69
75
79
85
91
95
97
100
101
103
103
101
98
96
91
86
79
72
64
53
45
37
27
15
6
-5
-12
-20
-27
-35
-41
-47
-53
-58
-64
-69
-73
-78
-81
-85
-89
-91
-93
-91
-90
-87
-84
-80
-76
-70
-65
-58
-51
-44
-37
-31
-25
-18
-11
-5
1
7
14
20
26
32
37
40
45
48
53
58
62
64
66
69
73
75
77
75
75
72
69
66
63
60
55
49
43
34
27
21
13
6
0
-8
-14
-19
-23
-27
-31
-36
-40
-43
-44
-45
-45
-46
-47
-48
-49
-50
-50
-49
-49
-49
-47
-44
-41
-38
-34
-30
-27
-25
-20
-16
-13
-6
-4
1
5
9
12
16
20
23
24
24
26
27
28
28
28
28
28
28
28
28
28
27
25
25
25
24
22
21
19
15
12
10
8
7
4
0
-3
-5
-9
-10
-15
-18
-21
-23
-25
-26
-28
-30
-32
-33
-35
-33
-33
-32
-32
-29
-26
-25
-20
-18
-15
-13
-10
-7
-5
-2
0
2
4
4
4
3
4
3
5
6
7
7
8
10
11
12
15
15
16
18
22
25
28
30
28
27
29
28
29
27
25
24
23
22
21
19
14
8
6
1
0
-3
-4
-4
-3
-3
-4
-3
-2
-2
0
0
0
0
-1
-1
-1
1
2
3
4
5
6
8
10
12
13
15
14
12
11
9
9
7
6
3
1
-2
-5
-7
-11
-15
-16
-19
-18
-19
-20
-21
-24
-24
-25
-25
-26
-27
-26
-27
-29
-29
-30
-31
-29
-29
-27
-27
-25
-23
-20
-18
-16
-15
-14
-13
-13
-11
-10
-10
-10
-8
-7
-5
-1
3
7
10
11
14
16
20
23
25
27
30
32
35
37
38
38
40
42
43
42
40
37
32
31
27
22
18
12
8
3
-1
-3
-7
-10
-16
-18
-22
-24
-26
-29
-30
-32
-33
-32
-32
-31
-31
-31
-31
-29
-27
-26
-25
-22
-20
-16
-14
-10
-8
-9
-6
-3
0
2
4
7
10
13
16
19
22
24
28
29
31
33
35
36
36
36
36
38
39
40
40
39
38
38
38
34
31
28
26
23
21
18
15
10
2
-4
-7
-12
-16
-22
-27
-33
-36
-37
-40
-42
-45
-47
-49
-49
-48
-48
-49
-49
-47
-43
-41
-40
-39
-37
-36
-33
-31
-26
-23
-21
-19
-16
-11
-7
-2
4
7
12
15
19
24
29
33
36
39
39
40
40
39
38
39
37
35
36
37
37
37
36
37
36
35
35
32
29
25
20
17
14
9
4
-2
-9
-14
-22
-27
-30
-32
-34
-38
-42
-45
-46
-45
-42
-41
-41
-41
-40
-37
-35
-35
-36
-36
-36
-33
-29
-26
-25
-24
-22
-19
-13
-10
-4
0
4
8
14
19
24
26
28
30
32
33
33
35
35
36
35
36
36
38
37
37
39
39
39
39
40
38
37
35
33
31
27
23
18
15
10
6
1
-6
-12
-17
-21
-26
-31
-33
-35
-36
-36
-38
-38
-39
-39
-40
-38
-37
-35
-35
-35
-32
-31
-29
-26
-25
-24
-22
-20
-18
-13
-8
-5
-1
4
8
12
16
20
23
26
28
30
32
34
35
37
39
40
40
40
39
39
39
38
37
35
32
28
25
20
15
10
6
1
-2
-5
-7
-9
-13
-16
-18
-19
-22
-23
-26
-29
-31
-31
-32
-32
-34
-34
-34
-34
-33
-32
-32
-30
-29
-28
-27
-24
-22
-18
-16
-14
-12
-12
-9
-8
-7
-5
-3
0
2
4
8
9
11
15
18
20
22
24
27
29
31
31
31
31
30
29
27
25
21
18
17
15
14
11
8
4
1
0
-2
-4
-5
-9
-11
-14
-16
-18
-19
-21
-24
-24
-25
-23
-22
-22
-21
-21
-21
-19
-19
-17
-15
-14
-13
-12
-10
-8
-5
-4
-2
-1
0
4
7
9
12
14
16
18
20
24
26
27
28
28
30
32
34
35
34
34
34
34
35
36
35
34
31
29
27
25
22
18
14
8
3
0
-4
-8
-13
-18
-23
-25
-28
-31
-33
-36
-37
-37
-37
-36
-34
-35
-34
-33
-32
-30
-29
-27
-25
-23
-20
-18
-16
-14
-10
-6
-4
-2
1
2
4
6
6
6
8
7
9
10
12
14
16
19
21
24
26
30
31
32
33
36
36
35
32
29
27
24
21
17
12
7
3
-1
-4
-9
-12
-15
-19
-22
-26
-27
-30
-32
-33
-34
-34
-35
-36
-35
-36
-36
-37
-37
-36
-35
-33
-30
-29
-28
-27
-25
-22
-19
-16
-11
-9
-5
-2
1
4
7
9
11
12
17
18
20
23
24
27
29
29
31
34
35
37
38
38
38
40
39
40
38
37
35
33
30
27
25
20
15
11
8
4
1
-4
-7
-9
-12
-13
-15
-18
-20
-23
-24
-24
-25
-26
-26
-26
-26
-26
-22
-22
-21
-20
-19
-17
-14
-12
-10
-8
-5
-3
0
2
4
6
9
11
14
17
20
20
21
22
24
26
27
28
27
30
31
30
30
30
30
27
27
23
20
18
16
13
11
9
5
1
-3
-7
-10
-15
-19
-23
-26
-28
-31
-34
-38
-41
-43
-45
-47
-48
-49
-48
-50
-47
-44
-43
-42
-40
-39
-37
-34
-30
-28
-27
-25
-24
-22
-18
-15
-14
-10
-6
-2
2
5
10
14
18
21
27
31
33
35
36
39
41
43
44
45
44
45
44
43
42
40
39
38
36
34
30
27
24
22
20
16
13
11
8
5
3
-1
-4
-10
-13
-17
-22
-25
-29
-31
-36
-39
-39
-39
-39
-39
-39
-37
-36
-34
-33
-29
-27
-23
-21
-19
-15
-13
-12
-9
-6
-3
-2
0
2
3
5
7
9
13
17
23
28
34
38
42
45
48
51
53
55
54
54
54
54
51
49
47
44
39
34
30
26
22
19
15
10
7
3
0
-6
-11
-15
-19
-22
-27
-31
-36
-40
-45
-48
-51
-54
-56
-59
-60
-60
-60
-60
-60
-59
-59
-59
-57
-55
-53
-51
-48
-45
-42
-37
-33
-29
-23
-18
-12
-5
1
8
14
19
24
28
32
37
39
44
46
47
50
54
56
58
59
59
59
60
60
58
58
57
55
52
48
44
40
35
30
25
18
13
8
4
-2
-7
-12
-16
-21
-27
-31
-33
-37
-39
-41
-44
-45
-47
-47
-49
-49
-48
-47
-48
-48
-47
-45
-46
-46
-46
-45
-44
-43
-41
-38
-34
-30
-26
-22
-16
-11
-6
0
6
13
19
23
29
34
40
42
45
47
50
52
55
56
57
59
58
59
59
60
59
58
56
55
54
52
49
44
38
32
26
19
10
2
-6
-11
-15
-20
-25
-30
-34
-37
-40
-40
-42
-43
-44
-46
-47
-47
-48
-48
-49
-48
-49
-51
-51
-51
-50
-49
-46
-42
-39
-35
-32
-26
-20
-13
-7
-3
4
10
16
22
26
29
33
36
40
44
45
48
50
52
55
57
59
59
60
59
60
59
56
54
52
47
43
38
33
28
23
19
12
5
-1
-6
-12
-18
-22
-28
-31
-35
-37
-41
-43
-46
-49
-53
-55
-58
-59
-61
-62
-61
-62
-60
-61
-60
-60
-58
-56
-56
-52
-49
-45
-41
-37
-35
-32
-27
-21
-15
-9
-3
3
9
13
21
26
30
36
41
46
48
50
54
55
57
58
58
58
58
56
57
57
55
52
49
49
47
46
45
43
40
36
34
29
24
20
16
10
5
1
-3
-10
-13
-18
-21
-25
-28
-31
-34
-36
-37
-39
-40
-42
-45
-45
-46
-45
-46
-46
-45
-45
-43
-41
-38
-35
-31
-28
-25
-21
-17
-12
-7
-4
-1
3
6
10
12
16
19
22
24
26
27
29
30
31
32
33
36
36
36
35
34
34
33
31
30
28
26
27
25
23
20
18
15
15
13
11
8
3
2
-1
-3
-7
-11
-17
-21
-26
-29
-32
-35
-37
-40
-40
-40
-41
-42
-44
-45
-46
-44
-41
-38
-37
-34
-31
-30
-27
-24
-22
-20
-17
-14
-11
-7
-3
1
4
7
10
14
18
21
26
29
31
33
34
35
35
37
39
40
41
41
42
41
40
40
41
40
38
36
33
30
28
24
22
18
14
10
7
2
-2
-7
-11
-14
-16
-17
-20
-23
-26
-29
-32
-34
-36
