18
17
17
17
16
15
16
17
16
15
14
15
13
13
11
10
11
14
16
19
20
22
23
24
26
28
27
28
28
26
22
21
18
14
12
11
9
6
4
2
2
1
0
-3
-5
-7
-7
-7
-7
-8
-6
-3
-1
0
2
4
5
7
10
10
9
8
9
8
5
3
0
-2
-2
-1
-3
-4
-4
-4
-4
-3
-6
-5
-8
-8
-8
-9
-9
-10
-10
-11
-9
-7
-7
-5
-3
-1
-2
-1
1
4
5
7
6
4
1
0
-2
-2
-4
-7
-7
-7
-8
-11
-14
-12
-10
-7
-6
-4
-5
-4
-3
-2
-1
-2
-4
-3
-3
-3
-4
-5
-6
-6
-9
-9
-10
-8
-9
-9
-12
-13
-14
-15
-14
-15
-13
-13
-13
-14
-14
-12
-10
-8
-6
-5
-4
-3
0
2
1
2
3
3
3
4
3
4
4
3
4
5
4
5
5
6
7
8
8
9
11
13
15
16
17
18
20
23
25
26
27
27
28
25
27
26
25
25
24
22
19
17
14
11
8
5
5
3
1
-3
-4
-3
-3
-4
-7
-9
-11
-12
-13
-13
-14
-14
-15
-15
-17
-16
-17
-17
-18
-18
-17
-16
-17
-18
-19
-20
-18
-17
-16
-15
-14
-13
-12
-11
-11
-9
-9
-7
-4
-2
-2
-1
0
4
6
9
11
12
12
13
14
15
17
17
18
18
18
17
18
19
18
19
20
19
19
18
18
15
12
13
13
12
12
12
10
10
7
5
3
1
-1
-2
-5
-6
-10
-9
-10
-10
-11
-12
-13
-15
-18
-21
-23
-24
-25
-25
-25
-23
-22
-22
-22
-21
-18
-17
-17
-18
-19
-19
-19
-20
-22
-23
-24
-22
-20
-17
-17
-15
-13
-9
-5
-5
-7
-7
-8
-7
-6
-6
-5
-3
-1
-1
2
5
7
8
10
11
14
17
17
19
20
22
24
27
28
28
29
31
33
33
32
30
28
27
26
25
24
22
20
17
17
18
19
18
17
15
13
13
13
12
11
10
7
5
5
4
3
2
4
4
3
1
-1
-3
-5
-7
-9
-10
-10
-11
-13
-13
-11
-11
-11
-11
-12
-10
-8
-8
-9
-9
-10
-12
-13
-13
-13
-13
-14
-16
-17
-15
-14
-16
-16
-15
-13
-12
-10
-8
-8
-7
-6
-7
-9
-12
-10
-8
-6
-4
0
3
6
8
11
13
12
13
14
13
11
11
9
8
5
4
2
0
-2
-4
-5
-7
-7
-10
-13
-15
-16
-19
-20
-22
-23
-23
-25
-25
-26
-26
-24
-21
-20
-19
-17
-16
-16
-13
-10
-7
-4
-2
1
2
3
5
8
9
10
13
13
13
14
15
17
17
16
18
20
21
19
19
19
21
21
20
20
18
17
13
13
12
11
11
10
10
10
8
9
8
7
5
2
0
-2
-2
0
0
0
3
5
9
12
14
14
14
13
13
13
13
11
11
9
7
6
6
6
5
4
5
6
5
5
3
0
-2
-4
-7
-8
-8
-9
-8
-7
-4
-2
-2
-2
0
2
2
3
2
1
-2
-3
-4
-3
-5
-5
-4
-5
-5
-3
-2
-3
-4
-6
-7
-8
-10
-10
-11
-12
-13
-16
-16
-16
-17
-17
-17
-19
-18
-18
-17
-20
-20
-20
-21
-21
-23
-25
-23
-24
-23
-21
-22
-21
-21
-18
-15
-13
-14
-15
-14
-15
-11
-8
-8
-6
-3
0
2
6
9
12
17
19
18
19
19
19
22
22
23
22
23
22
21
23
24
24
24
22
21
19
19
19
18
19
19
22
22
22
22
22
22
17
17
19
18
19
19
17
16
13
15
13
7
7
4
3
3
1
-2
-5
-6
-6
-8
-11
-14
-17
-19
-19
-19
-19
-18
-18
-17
-16
-17
-17
-19
-19
-17
-16
-15
-14
-11
-11
-9
-8
-8
-6
-7
-9
-9
-10
-8
-7
-7
-6
-6
-6
-6
-6
-5
-5
-6
-7
-5
-6
-7
-4
-7
-2
2
2
7
4
4
5
3
4
2
2
4
3
4
3
4
5
5
6
5
4
6
6
9
4
4
4
0
1
-3
-5
-5
-4
0
2
0
-3
-6
-5
-8
-9
-11
-11
-9
-8
-4
-5
-4
-6
-8
-8
-8
-8
-5
-4
0
2
3
3
5
7
4
6
5
11
15
18
20
22
21
24
24
25
21
20
21
21
22
17
20
18
17
20
19
17
17
13
13
8
3
1
-2
-1
-2
0
3
2
0
-4
-8
-9
-10
-11
-17
-12
-15
-14
-17
-20
-12
-13
-16
-16
-21
-20
-17
-22
-21
-24
-17
-14
-16
-16
-16
-16
-15
-17
-20
-20
-14
-11
-13
-14
-21
-20
-17
-16
-16
-20
-13
-13
-15
-15
-17
-9
-5
-8
-5
-9
-9
-8
-5
-1
-1
3
9
11
20
26
28
35
36
32
29
36
46
48
45
44
40
46
41
23
21
31
39
43
38
33
43
44
37
17
7
14
14
21
24
15
9
3
-6
-11
-6
0
-6
-10
-12
-12
-11
-32
-40
-29
-21
-22
-32
-42
-48
-37
-37
-54
-52
-40
-22
-15
-20
-30
-49
-37
-35
-45
-31
-25
-25
-26
-30
-28
-29
-16
-3
2
2
-4
2
-7
-1
15
8
10
11
7
4
-5
12
13
18
33
21
18
19
8
12
9
25
30
31
32
0
-3
15
7
-8
3
2
8
27
16
-1
-7
-1
10
-26
-21
-4
-9
13
14
-6
-4
-11
4
7
2
6
-2
1
11
-1
-1
16
25
48
27
5
-1
11
22
13
-4
1
19
41
43
-4
-3
18
5
33
29
10
18
13
10
-16
-38
-3
-18
2
18
-21
-22
-12
-8
5
28
33
27
3
-2
-31
-32
-11
-26
-8
30
33
15
-7
-14
-26
-4
26
-3
7
23
-10
-26
-21
-31
-49
-32
-15
-23
-23
-12
-21
-34
-14
-39
-54
-41
-37
-26
-7
-11
-23
-24
-20
-44
-31
-17
-8
6
17
15
-26
-21
-9
-6
1
12
-7
-18
6
30
35
45
48
19
-6
30
0
17
48
56
51
30
13
6
-17
49
29
-28
37
31
5
48
55
14
8
-31
-25
-54
17
39
-48
-13
-22
-73
-17
35
28
35
57
-32
-132
-50
-10
15
82
81
3
-34
-38
-71
-64
37
55
38
49
1
-59
-13
38
19
12
-23
-45
-43
43
86
71
28
-12
-56
-26
-28
25
15
-22
52
69
9
-3
-21
2
28
32
6
-81
-7
56
37
15
-11
-90
-32
31
34
3
-14
-57
-53
10
22
-24
7
36
-17
-2
-1
-66
-38
55
28
13
-18
-50
-66
20
121
29
-57
-68
-44
63
36
5
-2
10
-3
-70
-80
-117
12
96
22
-33
-73
-13
-13
-25
43
-63
-34
-5
-9
-28
-43
7
-45
-77
-23
-36
-37
44
80
32
0
40
-26
-69
-65
24
60
107
29
-53
-17
25
36
-8
40
56
79
105
25
-46
20
71
58
11
29
-76
-33
99
59
-16
16
49
8
23
33
-66
-35
81
34
-54
40
35
-52
-8
-15
-67
-81
-5
27
39
117
27
-96
-63
-60
-44
0
31
38
39
0
-98
-141
-20
55
59
90
65
-48
-57
-36
-3
-5
34
5
6
28
-25
-17
-34
36
46
-25
-14
10
42
19
-39
-5
-65
-10
56
27
54
-6
-82
-74
-14
51
19
25
60
14
3
-29
-49
44
103
6
-40
-67
-52
5
17
42
57
50
24
-57
-68
-28
16
84
71
-11
-68
-56
-20
3
-3
-12
19
81
34
-38
-62
-9
63
11
-7
-68
-40
43
-65
-101
-96
-45
24
-33
-9
-51
-70
4
-40
15
9
-8
57
-6
-46
-68
-4
59
16
24
-45
-39
-13
-51
-87
-54
57
98
52
-11
-6
26
32
15
-16
39
86
36
33
-57
-28
4
-1
53
11
106
69
-22
20
-32
31
36
28
54
40
128
46
-50
-70
-89
11
21
-18
0
33
109
63
10
-42
-57
15
52
39
15
57
31
-19
-56
-105
-122
-46
56
27
-20
-11
-43
-4
21
15
-8
40
105
-28
-94
-88
-107
-19
18
-7
5
32
35
-50
-48
-15
-11
73
65
-25
-28
-31
-56
-37
-8
5
-19
18
57
-8
9
17
0
36
8
-6
-2
36
94
68
94
51
-48
-38
-38
-21
-11
9
32
15
35
-9
-58
9
54
50
32
24
10
10
47
17
5
2
-59
-122
-114
-73
-57
-14
35
48
28
20
-33
-84
-52
-58
-77
-46
-42
-18
-24
-26
-4
-24
-7
-24
-60
-32
-7
5
26
54
79
50
-4
-53
-91
-84
-63
-55
3
44
39
21
-17
-21
-47
-41
-2
3
70
69
-26
-36
-15
9
-2
-12
24
8
31
33
-25
14
69
88
85
47
35
-30
-46
-10
27
93
71
63
87
53
29
-4
12
56
44
46
4
7
102
106
51
61
104
82
7
-31
-27
-50
-18
-11
-70
-18
1
-16
-13
-30
15
6
42
93
29
64
35
-2
27
-15
-19
-78
-72
-50
-127
-89
-88
-83
-17
-22
10
-2
-13
-11
-77
-56
-48
-76
-9
45
40
19
-32
-58
-87
-95
-76
-87
11
119
73
48
11
-28
-28
-54
6
-5
18
94
35
42
27
-6
-9
-71
-47
-80
-69
12
-42
-4
-11
-16
45
2
33
21
35
67
-8
34
18
-26
16
-20
4
-4
-3
10
-42
-22
-53
-92
-41
-17
3
42
69
75
15
-54
-61
-84
-75
-48
-94
-37
-18
-56
-39
-86
4
32
36
130
118
159
117
101
131
58
108
59
27
85
9
35
2
27
61
-57
-36
-77
-73
-8
-84
-31
6
-2
34
9
51
7
-24
65
16
15
10
-31
25
32
58
-7
-30
76
15
3
-12
-54
18
-15
18
42
58
128
-10
-35
-33
-105
-76
-98
-34
7
16
90
20
35
28
-72
-20
-7
12
3
-48
-3
-44
-62
-53
-106
-34
-12
-25
51
50
73
65
38
70
-6
-4
10
-21
33
-5
-30
-11
-26
-11
-94
-87
-29
-76
-29
-9
31
55
-9
11
-18
7
59
-78
-81
-70
-85
-52
-92
-15
27
3
57
13
25
61
-5
-4
-25
-5
20
-4
2
-30
-55
-24
-68
-67
-32
-42
5
16
1
-16
-25
43
3
-13
64
50
113
127
118
146
130
161
55
-19
-10
-83
-59
-33
-14
-22
-77
-62
-70
-41
3
-2
30
67
55
59
93
75
108
121
82
62
30
12
-51
-81
-44
-62
-17
51
73
92
48
53
25
-47
-101
-182
-180
-147
-117
-80
-85
-54
-54
-66
-8
33
91
96
93
78
32
-15
-54
-33
-29
-19
-17
3
39
14
-9
-114
-168
-216
-324
-287
-315
-240
-124
-53
131
171
240
229
233
313
250
268
155
80
35
-37
-10
-79
46
-32
-87
5
-88
47
55
187
291
214
343
190
224
247
137
210
52
143
154
74
124
-28
8
-73
-147
-101
-132
-23
49
141
190
141
139
74
-20
-115
-173
-241
-286
-314
-423
-482
-550
-501
-456
-366
-205
-138
11
52
-1
-26
-127
-180
-211
-251
-279
-369
-365
-387
-485
-425
-385
-335
-198
-157
-88
-30
72
191
188
297
272
228
375
398
542
597
458
366
81
-17
-138
-146
175
203
405
496
406
509
437
467
500
476
592
422
361
393
224
261
174
134
189
151
252
266
311
371
279
310
290
229
170
-6
-118
-226
-361
-472
-572
-592
-638
-687
-697
-710
-671
-624
-551
-489
-438
-406
-459
-481
-526
-669
-708
-870
-1005
-1179
-1350
-1256
-1180
-884
-706
-722
-580
-603
-325
198
666
1408
1752
1991
1841
1481
1330
835
870
830
536
288
-110
-268
-501
-476
-347
-400
-39
186
328
600
903
1383
1647
1907
1961
1896
1862
1547
1190
825
464
100
-129
-290
-431
-489
-525
-500
-480
-314
-185
-64
135
127
60
-157
-415
-673
-1047
-1255
-1435
-1495
-1520
-1587
-1457
-1352
-1179
-1003
-918
-854
-830
-786
-835
-917
-1082
-1296
-1484
-1673
-1732
-1925
-1757
-1289
-610
666
1584
2558
3053
2860
2417
1475
1297
919
424
225
-553
-852
-1112
-1138
-923
-825
-79
50
80
404
658
1418
2014
2610
2977
3175
3385
3114
2716
1952
952
84
-570
-911
-1113
-1048
-957
-822
-561
-381
-104
188
544
751
883
983
780
416
-174
-800
-1386
-1920
-2261
-2438
-2398
-2160
-1731
-1136
-684
-332
-201
-255
-297
-456
-530
-704
-856
-1164
-1641
-1924
-2277
-2300
-1918
-1373
-342
826
2000
2902
3252
3156
2212
1550
1196
701
295
-378
-989
-1357
-1329
-1123
-1079
-676
-304
-201
57
293
769
1434
2120
2771
3227
3556
3546
3231
2614
1589
418
-509
-1089
-1384
-1376
-1308
-1149
-950
-767
-551
-135
373
828
1184
1329
1461
1223
703
-88
-1081
-1839
-2586
-2989
-3023
-2858
-2232
-1562
-914
-346
-96
31
28
41
63
-50
-288
-653
-1199
-1840
-2250
-2738
-2707
-2193
-1535
-183
975
2229
3188
3395
3310
2299
1655
1270
495
73
-629
-1252
-1410
-1432
-1169
-987
-626
-282
-331
-189
145
728
1631
2502
3070
3549
3720
3500
3083
2230
1193
55
-717
-1072
-1314
-1186
-1108
-1052
-936
-801
-608
-227
404
956
1488
1818
1880
1549
757
-270
-1400
-2337
-3005
-3325
-3233
-2874
-2277
-1624
-846
-268
133
343
232
346
87
-54
-266
-741
-1166
-1957
-2444
-2713
-2425
-1759
-1045
73
1309
2480
3361
3479
2811
2096
1637
892
142
-529
-1022
-1164
-1086
-790
-832
-532
-194
-298
-267
-251
189
1000
2029
3123
3785
4171
3969
3341
2470
1325
167
-681
-1047
-1194
-1117
-1023
-1060
-1139
-1205
-1042
-711
-181
610
1242
1904
2312
2217
1558
299
-1023
-2335
-3229
-3547
-3491
-3097
-2524
-1922
-1231
-671
-157
228
434
563
418
215
-53
-599
-1200
-1848
-2637
-3113
-3270
-2661
-1949
-1061
200
1135
2424
3510
3829
3380
2732
2298
1465
524
-313
-1146
-1440
-1277
-1107
-1078
-775
-468
-499
-456
-398
161
1194
2431
3619
4337
4705
4362
3581
2619
1322
34
-847
-1172
-1295
-1146
-1061
-1152
-1174
-1194
-872
-422
304
1242
1906
2491
2661
2164
1177
-268
-1773
-2939
-3852
-4103
-3834
-3339
-2550
-1903
-1202
-589
-283
5
114
250
376
342
156
-400
-1315
-2335
-3349
-3929
-3492
-2783
-1822
-766
417
1747
2803
3656
3495
2624
2260
1669
1002
481
-173
-442
-793
-849
-921
-1050
-555
-263
-300
-294
-177
499
1818
3183
4256
4785
4648
4102
3185
2287
1321
299
-172
-497
-654
-710
-887
-1116
-1348
-1198
-820
24
1047
1950
2612
2815
2576
1773
452
-1016
-2258
-3217
-3600
-3707
-3380
-2874
-2536
-2021
-1565
-1094
-446
10
320
449
298
139
-282
-984
-1861
-2830
-3707
-4078
-3748
-3018
-2063
-1083
0
1113
2172
3182
3137
2437
2013
1508
1155
844
393
-34
-529
-858
-1157
-1361
-937
-556
-627
-674
-565
88
1415
2823
3942
4477
4358
3977
3369
2708
1917
894
269
-173
-514
-711
-1021
-1266
-1423
-1294
-785
41
1013
1909
2497
2568
2414
1638
579
-531
-1695
-2375
-3056
-3147
-2987
-2949
-2566
-2323
-1751
-1001
-408
136
261
296
170
22
-204
-688
-1495
-2595
-3470
-4095
-3621
-2886
-2071
-1024
-132
1396
2848
3827
3655
2491
1772
1135
867
839
612
415
-50
-444
-1022
-1343
-1089
-932
-1055
-1323
-1102
-186
1528
3490
4700
5143
4739
4011
3293
2526
1879
1055
536
175
-306
-712
-1187
-1594
-1957
-1833
-1273
-388
753
1598
2431
2713
2591
2109
852
-187
-1327
-2242
-2573
-2871
-2683
-2786
-2998
-2931
-2629
-1867
-1070
-353
90
332
283
132
-53
-732
-1549
-2480
-3470
-3858
-3759
-2934
-2051
-1181
-119
770
2008
3078
3355
2463
1483
1255
1258
1464
1243
655
141
-385
-756
-1246
-1419
-1101
-1091
-1337
-1369
-766
602
2408
3839
4547
4488
3881
3309
2692
2160
1582
944
625
196
-311
-824
-1401
-1776
-2001
-1656
-938
-29
1022
1584
2055
2137
1905
1284
226
-554
-1262
-1823
-2149
-2311
-2460
-2628
-2764
-2579
-1974
-1228
-540
-23
122
166
37
-137
-429
-1091
-1725
-2469
-3026
-3093
-2498
-1833
-1169
-400
202
1280
2327
3043
2732
1515
1288
1396
1687
1852
1351
890
143
-478
-869
-1192
-939
-647
-870
-1319
-1368
-656
713
2376
3724
4305
3993
3532
3042
2493
2118
1595
1429
1346
1016
450
-560
-1528
-2330
-2638
-2322
-1508
-402
533
1154
1596
1758
1510
907
105
-478
-873
-1205
-1392
-1640
-2147
-2699
-3064
-3024
-2584
-1849
-1173
-725
-519
-496
-618
-754
-936
-1411
-1787
-2245
-2415
-2031
-1606
-863
-380
-138
362
901
1866
2275
1619
1095
975
1455
2089
1971
1527
884
125
-313
-778
-847
-310
-117
-345
-825
-1073
-474
553
1774
2891
3264
3215
3182
3064
2982
2739
2350
2137
1848
1365
507
-685
-1818
-2685
-2941
-2540
-1704
-610
237
843
1350
1393
1025
322
-174
-414
-534
-505
-755
-1176
-1920
-2812
-3327
-3381
-2843
-2066
-1494
-1094
-979
-832
-712
-736
-708
-1202
-1585
-1663
-1747
-1091
-464
28
85
-287
-162
128
947
1569
1147
1059
1489
2069
2522
2226
1476
707
208
-5
-74
102
560
584
63
-716
-1342
-1013
-157
1060
2339
2853
3027
2991
2915
2924
2892
2927
2878
2729
2136
975
-379
-1632
-2535
-2782
-2406
-1740
-982
-536
-389
-120
77
94
-88
-148
6
67
115
-380
-1134
-1929
-2745
-3024
-2951
-2553
-2125
-1905
-1830
-1883
-1787
-1499
-1150
-883
-765
-862
-1074
-1126
-1058
-453
16
152
356
153
412
803
906
666
690
1662
2494
2841
2408
1241
261
-229
-88
225
889
1512
1247
468
-733
-1383
-1226
-485
794
1965
2674
2793
2699
2582
2521
2698
2927
3130
2984
2329
1068
-411
-1630
-2559
-2704
-2352
-1743
-1128
-917
-832
-785
-622
-558
-564
-204
183
413
322
-242
-1066
-1970
-2572
-2768
-2582
-2149
-1845
-1836
-1984
-2091
-2021
-1610
-1136
-726
-476
-652
-788
-1240
-1130
-588
-451
119
137
262
838
1356
1883
1448
1427
2123
2403
2682
2332
1543
871
418
181
12
273
665
649
-71
-879
-1294
-1250
-356
845
2079
2796
2824
2930
2900
3019
3225
3231
3201
2738
1834
568
-698
-1689
-2415
-2595
-2490
-2170
-1812
-1688
-1654
-1335
-864
-553
-241
5
245
115
-159
-461
-1126
-1544
-1914
-2217
-2257
-2422
-2330
-2312
-2350
-2073
-1799
-1338
-874
-501
-472
-635
-819
-1230
-1096
-693
-60
534
836
1156
1239
1504
1576
1204
1550
2385
3063
3327
2731
1590
396
-331
-450
-97
674
1412
1119
-53
-1255
-1964
-1581
-328
1289
2751
3231
2973
2486
2092
2217
2606
2972
3045
2716
1782
312
-1103
-2199
-2772
-2744
-2340
-1907
-1690
-1751
-2018
-2098
-1811
-1336
-694
-23
265
63
-361
-940
-1510
-1874
-2096
-2181
-2213
-2243
-2212
-2245
-2180
-1889
-1425
-869
-430
-217
-254
-534
-774
-1140
-1244
-654
-147
321
697
765
1021
1565
2153
2379
2532
3350
3870
3803
3246
2009
1041
657
595
590
615
830
569
-397
-1388
-1774
-1175
45
1344
2267
2611
2424
2045
1931
2223
2875
3349
3280
2675
1507
200
-909
-1650
-1941
-2002
-1897
-1926
-2155
-2521
-2936
-2898
-2327
-1642
-1032
-545
-493
-786
-1215
-1598
-1843
-1894
-1685
-1609
-1761
-1896
-2083
-2180
-2070
-1704
-1088
-504
-167
-291
-672
-1109
-1274
-1457
-1340
-744
-311
91
26
333
910
1589
2663
2913
2869
3214
3571
3732
3283
2566
1697
881
625
394
367
808
1089
475
-639
-1613
-1672
-623
734
1903
2327
2222
1928
1679
1901
2320
2839
3149
2980
2270
1036
-127
-1035
-1337
-1354
-1425
-1570
-1956
-2302
-2808
-3124
-2937
-2386
-1678
-1096
-864
-1208
-1728
-2058
-2042
-1779
-1489
-1178
-1164
-1259
-1441
-1763
-1737
-1417
-732
-167
-64
-360
-905
-1284
-1552
-1481
-1427
-1093
-632
-505
-275
-192
510
1444
2312
3091
2859
2673
3012
3378
3603
3122
2327
1565
1162
1100
927
809
999
1053
220
-850
-1557
-1350
-272
747
1430
1518
1277
1138
1212
1640
2137
2562
2733
2627
2046
1044
71
-564
-424
-359
-709
-1154
-1831
-2312
-2680
-2764
-2579
-2501
-2179
-1999
-2101
-2330
-2608
-2625
-2252
-1692
-1270
-1011
-899
-876
-1037
-1198
-1112
-776
-168
291
235
-235
-969
-1550
-1724
-1516
-1241
-903
-493
-401
-438
-295
190
1052
1926
2823
3014
2610
2646
2723
2910
2964
2753
2604
2326
2178
1690
800
613
725
559
30
-658
-962
-761
-158
429
745
874
861
827
976
1364
1734
1935
2050
1793
1218
544
208
258
283
94
-534
-1402
-2078
-2392
-2469
-2387
-2442
-2733
-2978
-3116
-3085
-3013
-2714
-2194
-1787
-1261
-906
-727
-573
-493
-235
-60
98
180
157
206
-18
-421
-882
-1132
-1147
-1131
-1069
-969
-715
-393
-84
101
280
722
1391
2227
2636
2480
2453
2720
3069
2910
2609
2388
2156
2054
1556
814
494
727
706
53
-622
-967
-751
-58
539
632
291
-23
-162
112
666
1085
1327
1407
1322
916
471
229
253
448
291
-269
-1046
-1739
-2145
-2409
-2469
-2606
-2892
-3066
-3192
-3091
-2857
-2516
-2005
-1541
-1018
-598
-402
-282
-154
119
337
485
596
557
455
181
-78
-304
-460
-439
-527
-472
-373
-318
-277
-394
-123
433
1064
1758
2144
2152
1790
1918
2510
2844
2749
2272
1858
1571
1441
1121
717
1008
1442
1216
220
-821
-1059
-612
150
389
24
-570
-1062
-1026
-552
160
636
935
1159
1059
769
282
87
391
668
558
-151
-974
-1609
-2019
-2127
-2250
-2432
-2649
-2801
-2739
-2575
-2353
-2125
-1827
-1363
-839
-333
-83
-46
64
258
532
730
805
845
812
652
281
-112
-254
-323
-258
-88
-158
-302
-355
-343
-115
385
1006
1401
1622
1779
1390
1143
1595
2026
2128
1902
1604
1380
1272
1239
880
849
1378
1373
520
-631
-1324
-1328
-826
-304
-307
-660
-1084
-1369
-1205
-566
124
563
880
1048
886
370
-69
-59
216
417
208
-355
-1095
-1716
-1942
-2001
-1893
-1759
-1802
-1828
-1825
-1827
-1887
-1771
-1233
-614
-47
293
253
178
325
630
829
967
1035
853
669
407
38
-202
-211
-3
45
178
301
48
15
45
230
586
957
1476
1422
1121
592
210
948
1861
2301
1994
1464
1179
679
422
345
714
1502
1475
370
-1202
-1981
-1782
-1058
-124
196
-174
-935
-1434
-1278
-661
152
622
894
857
322
-438
-959
-651
-17
432
333
-330
-1051
-1617
-1613
-1290
-1067
-988
-1227
-1420
-1485
-1473
-1396
-1186
-539
156
584
664
492
356
307
451
475
441
535
473
450
262
-26
-201
-321
-78
99
173
241
100
111
72
158
360
553
932
1115
1068
675
468
857
1306
1456
1087
744
589
522
516
238
297
629
652
57
-946
-1402
-1306
-708
-42
92
-108
-600
-902
-777
-377
78
180
201
147
-68
-328
-535
-329
137
425
294
-129
-604
-995
-1100
-923
-726
-737
-838
-886
-773
-478
-296
-172
77
381
610
613
508
332
157
135
171
310
452
426
292
30
-139
-229
-227
-129
-104
170
380
404
332
113
129
250
515
742
752
758
294
-122
24
416
741
592
440
264
143
95
-235
-209
262
598
248
-581
-1089
-1166
-686
-30
231
45
-455
-881
-1020
-688
-233
40
296
470
460
163
-160
-244
-88
227
312
154
-178
-574
-804
-734
-372
-140
-63
-48
25
213
247
224
151
255
520
623
652
439
208
23
-195
-144
-118
-43
40
-83
-110
-282
-389
-397
-317
128
331
262
14
-343
-397
-298
-53
181
319
461
52
-533
-566
-152
308
361
162
-48
-140
-128
-265
-297
129
513
298
-322
-876
-1024
-715
-204
124
73
-155
-428
-501
-96
328
502
517
566
622
393
238
170
208
423
482
497
384
259
164
45
285
440
418
475
621
833
760
595
392
218
323
415
359
196
-39
-346
-608
-599
-434
-279
-89
125
46
-160
-354
-609
-646
-598
-366
-211
-224
-187
-499
-679
-624
-600
-459
-399
-277
-430
-747
-726
-550
-162
132
115
-80
-281
-344
-456
-431
-134
151
150
-142
-480
-653
-384
97
465
608
498
250
-50
-67
81
178
260
284
369
429
419
312
183
305
507
662
795
863
903
947
1057
1112
1073
1033
997
936
818
546
108
-250
-415
-438
-365
-271
-246
-359
-503
-620
-700
-580
-371
-254
-278
-366
-437
-556
-598
-506
-299
-57
-82
-376
-746
-937
-890
-879
-758
-546
-447
-579
-887
-934
-716
-452
-320
-423
-475
-386
-331
-278
-93
351
752
828
641
378
314
485
669
751
730
554
270
35
-19
-20
-18
52
154
294
380
353
332
446
755
1063
1344
1613
1693
1668
1606
1501
1292
989
780
636
500
333
-8
-355
-556
-613
-591
-607
-607
-655
-782
-877
-988
-975
-775
-534
-341
-346
-406
-520
-726
-842
-839
-688
-538
-560
-740
-1002
-1129
-1106
-1069
-982
-857
-821
-1024
-1277
-1341
-1084
-594
-206
-74
-91
-1
142
320
662
1079
1383
1392
1126
737
471
505
584
621
572
345
50
-221
-336
-338
-205
75
302
539
806
1004
1184
1389
1619
1757
1851
1915
1848
1716
1549
1299
951
648
426
253
154
17
-225
-511
-735
-882
-982
-939
-838
-795
-793
-815
-837
-835
-753
-684
-705
-745
-800
-880
-957
-995
-1023
-1031
-1004
-1084
-1299
-1461
-1468
-1461
-1488
-1454
-1366
-1215
-1076
-1017
-934
-638
-129
265
464
622
768
936
1099
1240
1384
1529
1539
1221
781
526
438
421
444
449
367
222
89
54
225
602
969
1243
1481
1622
1654
1678
1751
1804
1785
1754
1686
1579
1446
1227
941
648
371
67
-185
-321
-438
-594
-790
-986
-1145
-1225
-1199
-1120
-1016
-965
-1033
-1143
-1190
-1141
-1066
-1037
-1055
-1155
-1289
-1414
-1559
-1653
-1663
-1648
-1689
-1788
-1832
-1811
-1737
-1575
-1387
-1142
-838
-602
-464
-292
69
493
809
1051
1195
1271
1320
1307
1259
1258
1337
1300
1112
938
793
654
572
608
719
856
967
997
1028
1142
1273
1368
1483
1617
1666
1650
1621
1560
1463
1364
1284
1214
1129
960
678
394
155
-81
-313
-504
-634
-766
-901
-1024
-1145
-1254
-1346
-1409
-1403
-1323
-1247
-1254
-1306
-1357
-1399
-1427
-1476
-1536
-1620
-1700
-1774
-1905
-2005
-1986
-1870
-1711
-1590
-1472
-1346
-1211
-1018
-799
-482
-84
248
419
487
616
802
983
1149
1266
1349
1389
1331
1237
1255
1410
1545
1559
1496
1391
1293
1298
1384
1477
1528
1509
1440
1385
1399
1440
1472
1508
1513
1462
1386
1325
1262
1166
1046
889
701
503
318
137
-44
-228
-452
-685
-867
-991
-1088
-1181
-1270
-1374
-1485
-1559
-1613
-1642
-1649
-1674
-1734
-1826
-1910
-1977
-2034
-2061
-2099
-2120
-2100
-2078
-2048
-2013
-1882
-1676
-1456
-1210
-997
-775
-553
-363
-173
10
271
518
655
736
754
812
921
1058
1232
1396
1554
1623
1601
1613
1671
1767
1864
1902
1871
1792
1715
1644
1577
1555
1571
1583
1583
1528
1439
1370
1335
1298
1220
1143
1056
946
832
683
503
311
132
-45
-230
-378
-514
-651
-783
-930
-1071
-1191
-1274
-1364
-1476
-1573
-1665
-1763
-1854
-1920
-1963
-2002
-2036
-2091
-2142
-2159
-2155
-2127
-2072
-1987
-1901
-1821
-1700
-1531
-1301
-1024
-774
-582
-440
-316
-189
-60
113
325
542
734
852
926
1008
1133
1297
1452
1585
1687
1758
1832
1909
1994
2084
2146
2167
2146
2092
2031
1955
1865
1755
1627
1525
1442
1375
1311
1231
1146
1033
902
759
621
507
393
269
138
12
-102
-225
-361
-493
-617
-741
-875
-1024
-1182
-1329
-1467
-1612
-1755
-1874
-1962
-2030
-2070
-2106
-2152
-2191
-2224
-2239
-2219
-2163
-2077
-1968
-1823
-1669
-1527
-1400
-1278
-1155
-1026
-877
-714
-544
-367
-203
-54
90
250
426
615
812
971
1080
1168
1258
1376
1524
1687
1832
1929
1996
2045
2089
2139
2176
2190
2171
2106
2000
1879
1766
1655
1537
1414
1274
1111
942
786
653
540
430
312
196
102
34
-14
-50
-97
-172
-271
-394
-534
-677
-812
-944
-1076
-1197
-1297
-1385
-1470
-1553
-1648
-1745
-1825
-1889
-1922
-1925
-1905
-1869
-1820
-1744
-1650
-1539
-1422
-1319
-1240
-1176
-1115
-1039
-932
-797
-650
-510
-375
-229
-78
71
211
340
470
591
708
820
942
1084
1217
1334
1444
1539
1627
1694
1735
1758
1765
1763
1755
1743
1726
1689
1627
1544
1434
1306
1168
1025
881
729
569
422
306
228
163
103
43
-28
-109
-186
-251
-308
-366
-432
-511
-584
-643
-695
-745
-801
-860
-933
-1015
-1098
-1168
-1217
-1251
-1277
-1292
-1282
-1254
-1220
-1178
-1142
-1115
-1090
-1059
-1019
-964
-893
-807
-715
-623
-536
-445
-344
-240
-151
-72
5
85
166
254
350
446
536
621
699
776
849
907
946
974
1000
1022
1044
1072
1100
1128
1145
1134
1090
1027
958
885
809
733
653
572
495
414
333
260
192
131
65
-7
-86
-167
-234
-281
-311
-328
-348
-370
-388
-402
-411
-426
-452
-487
-524
-559
-587
-607
-615
-617
-613
-607
-600
-600
-619
-649
-674
-691
-694
-680
-646
-600
-545
-485
-426
-371
-319
-268
-212
-141
-66
8
78
147
209
259
309
355
400
443
475
493
496
499
507
525
558
591
618
639
649
651
639
621
591
553
525
506
496
493
479
449
404
345
272
195
126
64
4
-52
-102
-151
-193
-227
-258
-284
-314
-349
-388
-412
-420
-419
-415
-412
-402
-385
-359
-335
-320
-317
-327
-350
-376
-399
-417
-425
-419
-411
-403
-394
-384
-366
-341
-303
-263
-225
-193
-167
-135
-84
-20
46
106
162
212
250
280
300
313
323
332
335
336
345
355
360
357
343
319
290
274
262
254
256
255
257
260
268
279
281
275
241
198
159
126
97
69
48
24
-6
-41
-82
-125
-160
-182
-200
-214
-225
-233
-233
-222
-206
-190
-174
-159
-152
-143
-137
-139
-149
-164
-171
-172
-167
-159
-157
-158
-164
-168
-174
-177
-171
-163
-150
-129
-105
-78
-43
-5
35
75
113
146
174
200
223
237
246
251
250
249
249
243
225
200
171
144
125
107
89
71
60
56
60
70
76
71
58
46
34
19
3
-14
-30
-38
-50
-71
-92
-113
-132
-153
-175
-198
-218
-221
-210
-195
-182
-177
-172
-166
-150
-130
-108
-90
-80
-69
-60
-51
-46
-39
-33
-30
-32
-41
-51
-53
-49
-41
-37
-35
-37
-35
-24
-3
21
48
79
112
145
180
213
243
264
281
290
295
299
296
286
273
254
235
209
179
151
123
102
85
68
53
39
29
17
4
-12
-26
-38
-46
-52
-62
-71
-86
-108
-130
-151
-167
-184
-199
-215
-229
-238
-248
-254
-255
-251
-242
-227
-209
-194
-182
-169
-157
-142
-121
-102
-78
-59
-46
-41
-44
-49
-50
-44
-38
-33
-31
-31
-32
-37
-37
-33
-28
-18
-1
27
58
85
110
128
147
174
202
227
243
247
249
256
268
280
285
279
269
258
244
225
203
189
178
162
138
103
70
46
33
22
8
-5
-18
-30
-48
-68
-84
-95
-102
-102
-108
-123
-137
-144
-142
-139
-142
-149
-159
-168
-168
-163
-153
-150
-148
-146
-145
-136
-124
-114
-109
-104
-95
-85
-69
-58
-52
-47
-45
-48
-58
-71
-80
-80
-72
-62
-61
-65
-66
-61
-49
-34
-20
-6
7
16
29
48
73
105
139
172
201
226
249
265
267
257
242
231
226
225
219
207
189
168
142
117
93
73
54
30
1
-28
-39
-31
-16
-12
-30
-53
-58
-40
-18
-13
-22
-28
-25
-19
-29
-57
-90
-108
-113
-113
-121
-130
-136
-133
-123
-116
-106
-86
-56
-33
-31
-49
-67
-72
-61
-54
-61
-87
-117
-143
-163
-180
-201
-227
-245
-256
-256
-253
-252
-249
-232
-196
-147
-98
-53
-16
16
53
90
118
139
169
206
239
266
278
271
261
259
262
262
257
244
221
197
183
176
171
167
163
156
157
163
171
187
203
205
197
180
163
153
142
119
75
24
-18
-52
-79
-99
-122
-132
-120
-98
-81
-80
-84
-85
-76
-60
-46
-35
-27
-31
-47
-73
-105
-135
-164
-199
-250
-304
-338
-348
-346
-348
-369
-398
-406
-393
-369
-346
-322
-288
-246
-198
-159
-137
-119
-94
-62
-27
7
42
86
139
175
191
197
202
206
212
220
225
232
247
256
259
273
300
327
341
348
365
391
408
418
420
417
412
387
335
269
214
179
151
116
87
64
43
25
-1
-24
-32
-29
-23
-16
-17
-28
-38
-40
-41
-47
-67
-110
-160
-201
-233
-262
-290
-324
-363
-394
-433
-487
-529
-538
-530
-536
-553
-570
-567
-539
-514
-502
-489
-448
-386
-322
-274
-247
-221
-167
-110
-74
-41
-5
31
65
84
87
96
130
196
265
312
347
392
454
525
581
616
626
637
669
701
701
676
650
649
656
624
559
488
439
427
414
363
298
257
278
303
268
193
139
121
128
112
55
-4
-33
-34
-49
-114
-189
-239
-266
-296
-364
-441
-483
-504
-531
-572
-635
-689
-712
-731
-757
-787
-787
-745
-715
-700
-674
-634
-580
-543
-525
-503
-460
-404
-369
-376
-407
-417
-379
-319
-265
-207
-127
-25
54
101
129
170
253
371
494
590
664
730
772
779
773
766
762
772
792
805
813
804
775
746
703
659
628
598
571
553
541
537
513
468
403
309
219
154
101
55
7
-46
-80
-111
-157
-225
-319
-403
-462
-511
-566
-623
-662
-658
-648
-662
-692
-745
-795
-809
-804
-781
-737
-689
-635
-596
-584
-595
-621
-642
-646
-635
-609
-577
-530
-449
-350
-269
-212
-185
-160
-101
-10
105
225
325
408
469
503
530
557
603
668
717
746
758
758
770
786
806
826
837
840
841
824
788
751
731
721
713
689
640
579
519
461
395
319
243
180
126
73
10
-55
-106
-158
-226
-308
-391
-464
-516
-552
-580
-596
-609
-643
-697
-752
-782
-783
-766
-760
-766
-748
-713
-694
-707
-716
-699
-668
-647
-652
-649
-616
-551
-465
-398
-352
-281
-191
-99
-42
-9
45
121
208
278
315
340
365
405
452
488
531
584
632
665
683
701
727
747
765
770
751
723
697
675
654
624
584
534
478
431
392
348
297
253
212
166
108
41
-27
-98
-168
-241
-314
-371
-425
-474
-523
-575
-617
-641
-660
-674
-679
-672
-653
-628
-614
-608
-606
-602
-597
-591
-581
-561
-536
-505
-481
-460
-434
-399
-347
-283
-212
-133
-52
22
88
136
176
219
264
316
370
419
468
518
562
601
629
644
650
653
659
662
663
671
678
678
668
642
608
573
540
508
474
438
404
371
343
309
268
231
190
141
86
23
-42
-102
-155
-209
-269
-327
-378
-425
-471
-507
-537
-561
-580
-598
-612
-622
-627
-629
-632
-638
-646
-645
-637
-625
-617
-608
-594
-566
-530
-486
-438
-385
-324
-262
-202
-146
-97
-52
-12
23
58
99
144
192
241
284
324
364
407
451
487
512
532
549
562
573
576
575
567
553
542
528
507
484
460
439
423
408
387
364
337
311
286
251
209
164
119
78
37
-2
-44
-86
-123
-161
-197
-232
-268
-301
-334
-362
-383
-394
-400
-406
-410
-416
-422
-429
-438
-448
-451
-453
-452
-451
-448
-437
-420
-395
-367
-337
-305
-265
-219
-177
-144
-118
-93
-67
-38
-8
24
63
110
154
194
227
256
279
303
328
357
382
401
415
424
424
416
401
390
378
366
358
351
343
334
320
299
271
239
205
177
155
136
124
112
97
80
52
23
-5
-34
-62
-85
-107
-126
-149
-177
-205
-229
-253
-274
-291
-306
-316
-323
-325
-324
-324
-326
-332
-340
-350
-353
-348
-330
-306
-278
-249
-223
-201
-185
-177
-168
-154
-133
-105
-72
-37
-4
25
51
72
89
103
117
135
154
174
195
216
235
247
253
251
243
238
237
240
246
254
261
264
264
258
246
228
210
193
178
164
153
144
132
116
100
80
60
38
18
2
-9
-18
-25
-33
-44
-55
-68
-77
-90
-107
-129
-150
-167
-179
-186
-192
-198
-206
-215
-221
-222
-219
-212
-205
-199
-195
-191
-184
-173
-161
-145
-129
-112
-92
-75
-59
-47
-35
-23
-11
0
12
23
37
52
70
88
104
120
129
134
139
143
147
154
161
165
164
158
149
139
125
113
107
102
100
95
88
79
70
63
61
59
53
49
47
47
47
46
42
38
33
28
20
13
6
0
-4
-10
-19
-28
-41
-55
-68
-77
-82
-82
-83
-84
-89
-92
-92
-92
-92
-92
-94
-93
-90
-81
-74
-66
-61
-60
-65
-73
-77
-79
-77
-72
-62
-55
-50
-43
-37
-33
-31
-26
-20
-15
-8
0
7
13
15
15
13
6
-1
-9
-14
-15
-13
-9
-3
1
7
10
14
16
19
24
32
40
50
58
62
67
70
74
74
74
73
74
76
77
79
80
81
80
77
70
61
55
52
50
49
43
36
31
28
29
31
33
33
31
30
29
23
15
3
-9
-21
-28
-33
-40
-43
-48
-49
-54
-59
-63
-67
-68
-66
-63
-60
-58
-56
-55
-57
-57
-60
-63
-66
-69
-72
-72
-71
-66
-64
-63
-62
-61
-60
-58
-54
-48
-42
-34
-25
-14
-5
3
8
14
19
27
37
49
61
74
83
90
97
101
103
101
96
92
87
80
75
71
70
69
68
68
66
65
66
64
61
56
54
50
45
40
31
23
14
5
-8
-19
-29
-38
-44
-49
-54
-58
-60
-63
-66
-71
-74
-76
-79
-82
-87
-88
-91
-94
-96
-98
-97
-92
-86
-80
-77
-76
-75
-72
-68
-62
-53
-42
-36
-27
-20
-15
-11
-6
1
9
18
27
36
44
52
62
72
79
84
89
91
92
91
91
90
89
87
86
82
81
81
80
83
85
88
88
88
84
80
74
65
56
47
36
26
17
6
-3
-12
-20
-27
-34
-39
-45
-50
-56
-62
-70
-76
-81
-86
-89
-93
-95
-94
-92
-90
-86
-85
-84
-82
-83
-82
-81
-80
-78
-72
-67
-63
-58
-54
-48
-42
-38
-33
-26
-18
-10
-3
7
16
24
31
37
43
46
48
51
57
60
62
63
65
68
69
71
73
77
81
85
89
91
92
91
89
82
75
68
61
53
46
38
28
21
14
8
4
2
0
-5
-11
-17
-23
-29
-33
-41
-47
-54
-61
-66
-69
-71
-73
-75
-79
-82
-84
-83
-82
-80
-78
-76
-70
-62
-55
-49
-44
-41
-36
-31
-24
-16
-7
2
9
19
28
36
43
49
55
58
61
61
60
61
62
61
63
63
64
63
61
62
64
68
72
75
76
76
76
73
73
68
63
55
45
36
28
20
12
3
-4
-13
-21
-27
-34
-40
-47
-53
-60
-65
-71
-77
-84
-88
-91
-93
-96
-100
-105
-109
-114
-116
-115
-112
-109
-103
-97
-92
-86
-79
-71
-67
-60
-51
-43
-33
-25
-13
1
13
26
39
47
54
62
69
73
76
82
85
89
90
90
91
91
95
95
97
98
101
104
110
113
115
117
113
112
109
103
97
89
79
69
58
45
33
21
8
-2
-11
-23
-34
-44
-55
-65
-76
-85
-92
-98
-103
-108
-116
-120
-123
-125
-127
-129
-130
-131
-131
-129
-126
-122
-118
-113
-108
-104
-99
-91
-83
-75
-64
-51
-38
-24
-12
1
13
27
41
53
65
76
86
94
102
105
107
110
112
114
114
113
114
114
116
118
121
122
124
121
120
119
117
113
110
104
98
91
84
77
69
59
50
38
26
14
0
-15
-31
-46
-59
-71
-82
-91
-102
-111
-120
-129
-134
-139
-145
-149
-152
-154
-154
-153
-150
-147
-145
-142
-140
-135
-128
-121
-115
-108
-99
-90
-79
-70
-57
-44
-31
-15
3
19
34
49
61
74
85
96
108
116
122
128
133
136
139
144
146
147
147
148
148
145
144
141
137
136
132
128
121
113
107
100
93
86
79
70
61
51
42
31
17
3
-10
-23
-35
-48
-60
-73
-87
-100
-111
-122
-130
-135
-139
-141
-145
-147
-153
-155
-158
-161
-163
-163
-163
-160
-159
-157
-152
-144
-136
-127
-118
-107
-97
-86
-74
-61
-49
-35
-23
-10
1
10
21
31
42
54
66
77
85
93
102
110
117
126
130
133
135
136
137
137
136
137
136
133
131
128
126
123
119
119
115
111
106
100
92
84
75
65
57
46
34
23
10
-4
-16
-26
-39
-49
-57
-66
-75
-84
-92
-99
-105
-110
-114
-118
-121
-123
-124
-122
-120
-118
-115
-112
-111
-109
-105
-101
-95
-90
-84
-78
-74
-66
-59
-51
-42
-31
-23
-13
-2
9
21
33
43
53
61
69
76
85
91
97
100
104
105
103
103
103
102
102
102
101
100
100
99
97
95
89
86
80
75
70
63
57
51
45
37
27
16
7
-3
-14
-22
-33
-45
-54
-65
-75
-85
-95
-103
-108
-111
-115
-116
-120
-120
-118
-117
-114
-112
-111
-108
-106
-104
-100
-96
-93
-91
-87
-83
-80
-75
-68
-59
-49
-36
-25
-12
-1
13
26
37
48
59
68
76
83
90
95
97
100
103
104
105
104
102
101
101
100
99
96
94
91
87
84
82
79
73
67
63
61
56
52
48
42
36
28
21
12
4
-5
-15
-25
-35
-46
-54
-62
-67
-72
-76
-80
-79
-80
-80
-80
-79
-76
-73
-70
-69
-70
-72
-73
-74
-76
-77
-77
-77
-75
-72
-68
-61
-54
-46
-39
-29
-19
-11
-1
8
18
28
37
46
54
60
67
74
79
85
89
90
91
90
88
84
80
76
73
69
66
62
60
55
53
50
47
44
40
36
32
29
24
21
14
8
1
-8
-18
-27
-36
-46
-56
-64
-71
-76
-81
-83
-84
-84
-83
-80
-77
-76
-71
-67
-65
-60
-56
-53
-51
-51
-50
-49
-47
-45
-42
-39
-35
-29
-26
-23
-19
-14
-10
-7
-1
5
12
18
25
33
39
46
51
57
64
68
71
73
73
74
75
72
72
68
66
62
59
56
55
53
52
50
48
43
40
38
34
30
28
25
20
14
10
3
-4
-11
-17
-21
-26
-30
-35
-40
-44
-47
-50
-54
-56
-58
-60
-61
-61
-60
-58
-56
-56
-53
-50
-48
-44
-40
-38
-34
-33
-33
-31
-30
-29
-26
-25
-23
-18
-15
-10
-5
0
5
13
21
26
35
40
47
50
53
55
56
58
60
60
62
61
60
59
58
56
53
51
48
45
43
40
39
37
34
31
29
27
24
22
18
15
8
3
-3
-9
-13
-18
-22
-26
-29
-33
-36
-38
-43
-45
-48
-51
-56
-59
-60
-63
-62
-62
-60
-60
-59
-57
-54
-53
-51
-48
-46
-43
-40
-39
-37
-36
-35
-34
-32
-30
-28
-24
-22
-17
-11
-6
0
4
10
14
18
22
26
31
35
38
41
44
45
47
47
50
49
50
50
49
50
52
52
53
54
53
52
51
49
46
43
40
38
37
35
36
33
30
28
28
25
22
17
12
6
1
-5
-12
-18
-24
-29
-35
-39
-42
-46
-48
-50
-51
-53
-53
-54
-56
-57
-58
-58
-58
-57
-57
-56
-54
-50
-48
-46
-45
-42
-40
-34
-29
-25
-18
-11
-5
-1
4
7
12
16
18
20
24
28
33
36
40
44
49
52
54
56
58
58
59
60
59
59
59
58
57
56
54
56
57
58
60
61
61
58
55
50
47
42
38
32
25
17
10
3
-5
-11
-17
-22
-27
-32
-37
-42
-46
-50
-53
-59
-62
-65
-69
-71
-72
-74
-76
-78
-78
-80
-80
-80
-79
-80
-79
-76
-76
-73
-72
-68
-65
-61
-56
-52
-48
-45
-41
-36
-29
-24
-20
-15
-9
-3
2
10
14
22
28
33
36
41
43
48
52
55
59
62
66
72
77
81
85
87
91
92
93
94
94
93
90
88
85
83
77
74
68
64
57
50
45
38
33
27
22
17
12
6
-1
-6
-12
-18
-26
-31
-37
-44
-49
-53
-58
-63
-66
-68
-70
-72
-73
-72
-74
-73
-73
-72
-73
-74
-74
-73
-73
-71
-68
-64
-61
-58
-54
-49
-46
-41
-36
-31
-27
-22
-17
-13
-9
-4
2
6
11
16
23
30
37
44
50
57
62
67
70
74
78
82
84
85
85
84
84
81
79
76
72
70
69
65
62
59
56
52
50
46
43
38
31
24
17
9
-1
-9
-18
-25
-32
-40
-48
-56
-62
-67
-72
-76
-80
-85
-87
-89
-89
-91
-93
-95
-95
-94
-93
-90
-89
-86
-83
-82
-78
-73
-70
-65
-62
-57
-51
-46
-39
-33
-27
-22
-16
-10
-3
3
12
19
27
37
45
52
59
67
74
80
87
91
94
96
98
101
102
102
103
104
106
107
109
112
109
109
107
103
99
94
87
80
72
63
52
41
33
23
12
2
-5
-14
-21
-28
-35
-42
-47
-51
-56
-62
-67
-73
-80
-85
-90
-94
-97
-100
-103
-103
-104
-103
-102
-101
-100
-98
-96
-92
-90
-87
-82
-79
-75
-70
-64
-57
-50
-41
-33
-23
-13
-5
5
14
21
27
35
39
43
47
48
52
55
58
63
66
69
73
75
79
84
87
90
91
92
93
91
88
86
81
77
72
67
61
53
45
39
34
27
20
14
6
-2
-10
-15
-20
-27
-33
-39
-45
-50
-55
-57
-61
-64
-66
-69
-71
-72
-73
-75
-75
-76
-75
-75
-73
-71
-71
-67
-64
-59
-54
-50
-45
-39
-32
-26
-19
-11
-5
0
4
9
13
17
20
23
26
29
33
34
37
40
43
47
50
55
57
59
62
65
67
68
69
68
65
63
61
57
52
49
45
40
35
31
28
25
20
16
11
6
0
-4
-10
-13
-17
-21
-23
-25
-27
-29
-31
-33
-35
-37
-39
-42
-45
-47
-51
-54
-55
-57
-56
-57
-56
-58
-57
-55
-52
-49
-43
-37
-30
-23
-17
-10
-4
2
7
11
15
18
20
22
25
27
29
33
34
36
40
44
45
48
47
51
52
52
52
51
51
49
49
47
45
43
41
38
35
32
30
26
21
19
13
7
0
-4
-9
-15
-19
-25
-31
-35
-40
-42
-45
-46
-48
-50
-52
-51
-52
-54
-55
-56
-56
-57
-59
-59
-58
-59
-57
-55
-54
-48
-44
-38
-34
-27
-22
-16
-12
-7
-1
4
10
14
19
23
26
28
31
34
35
38
41
42
44
47
51
53
55
57
57
58
57
59
57
57
56
55
52
50
46
43
37
33
30
24
18
13
7
3
-3
-10
-15
-22
-28
-33
-38
-42
-45
-48
-50
-53
-54
-56
-58
-58
-58
-59
-60
-62
-61
-60
-60
-59
-57
-56
-53
-51
-47
-42
-37
-31
-25
-19
-11
-5
2
8
14
21
28
36
40
49
54
60
65
69
73
76
80
83
83
82
84
84
83
83
83
82
78
76
72
69
65
61
56
50
45
39
32
27
20
14
6
0
-9
-17
-24
-33
-40
-49
-57
-64
-69
-77
-81
-87
-92
-97
-101
-105
-107
-109
-110
-111
-112
-112
-110
-108
-105
-101
-99
-93
-89
-82
-76
-70
-63
-55
-48
-40
-34
-24
-16
-6
4
14
24
32
39
48
55
63
69
76
81
88
91
95
99
103
104
106
109
109
109
109
108
107
104
102
98
95
92
88
84
80
76
71
67
60
54
45
36
29
21
13
4
-4
-12
-23
-32
-41
-48
-55
-63
-71
-76
-82
-88
-92
-97
-99
-101
-101
-102
-103
-102
-100
-97
-94
-91
-87
-84
-80
-77
-74
-68
-64
-59
-53
-47
-40
-32
-26
-17
-9
-1
6
15
24
30
39
45
51
57
62
67
71
75
78
80
81
80
81
81
79
80
78
77
73
70
67
65
61
59
55
49
48
44
39
34
31
26
20
14
8
1
-6
-15
-24
-31
-40
-47
-54
-60
-67
-73
-77
-81
-86
-90
-92
-93
-93
-92
-92
-89
-89
-86
-83
-81
-79
-74
-71
-66
-60
-54
-48
-43
-36
-29
-20
-14
-6
1
10
17
24
32
39
47
53
61
68
75
80
85
89
93
96
97
98
98
98
96
95
92
91
88
84
79
75
70
66
62
59
56
52
48
45
40
34
29
23
17
10
1
-7
-13
-21
-27
-33
-40
-47
-54
-60
-67
-72
-77
-82
-86
-92
-95
-98
-99
-101
-101
-100
-100
-97
-95
-89
-85
-80
-76
-71
-65
-61
-56
-51
-46
-41
-34
-30
-25
-19
-13
-6
3
10
17
25
32
38
46
53
58
65
70
75
78
81
84
86
86
86
87
86
86
84
82
80
77
74
70
67
64
59
54
51
46
41
36
31
24
17
11
6
-1
-8
-15
-22
-27
-34
-38
-44
-48
-54
-57
-60
-65
-67
-69
-72
-72
-74
-73
-73
-73
-72
-71
-69
-67
-65
-63
-59
-58
-53
-50
-46
-43
-41
-37
-32
-28
-23
-20
-14
-9
-4
3
7
13
20
28
32
36
40
44
48
50
53
56
59
62
63
64
64
65
64
63
62
61
57
55
52
48
45
42
40
38
35
31
27
25
22
18
13
8
5
0
-5
-10
-16
-20
-25
-31
-36
-40
-44
-47
-50
-51
-53
-53
-53
-52
-50
-49
-48
-48
-43
-40
-38
-35
-32
-31
-27
-24
-20
-18
-13
-8
-7
-4
0
3
5
9
11
13
17
20
24
27
31
33
35
38
40
42
46
47
48
48
47
45
46
44
42
39
35
33
31
27
25
22
20
17
14
12
10
7
5
3
-1
-3
-7
-10
-15
-18
-22
-26
-30
-35
-40
-43
-47
-48
-51
-52
-53
-55
-54
-54
-55
-54
-53
-51
-48
-47
-43
-40
-36
-33
-29
-25
-23
-21
-18
-16
-14
-13
-11
-7
-5
-2
1
3
6
10
14
18
22
26
29
33
36
39
43
46
47
49
49
50
50
49
48
46
45
43
41
38
36
35
31
28
25
23
21
19
16
15
14
13
12
11
9
6
5
2
-1
-4
-6
-10
-12
-14
-17
-19
-22
-25
-26
-28
-30
-32
-34
-36
-37
-36
-36
-36
-35
-35
-34
-33
-34
-32
-30
-30
-28
-26
-25
-21
-20
-18
-15
-14
-10
-8
-4
-1
3
7
8
12
16
21
26
28
31
34
36
38
40
40
41
41
40
40
40
37
35
33
31
30
30
28
29
27
26
25
25
23
20
18
16
14
13
11
6
3
0
-2
-6
-10
-13
-16
-20
-24
-27
-30
-33
-36
-38
-40
-39
-40
-40
-41
-40
-41
-40
-39
-37
-35
-34
-34
-33
-33
-33
-33
-34
-35
-35
-34
-33
-33
-31
-29
-28
-27
-25
-22
-20
-16
-14
-10
-8
-4
0
3
8
13
17
19
22
25
26
29
30
31
32
33
35
37
37
39
40
41
42
44
44
45
43
43
41
41
40
40
38
38
35
32
30
26
25
21
17
13
8
4
1
-3
-8
-11
-13
-16
-18
-18
-18
-18
-19
-18
-17
-18
-19
-19
-19
-21
-23
-24
-24
-26
-28
-27
-29
-28
-28
-27
-26
-26
-23
-23
-20
-18
-16
-12
-10
-8
-4
-2
1
2
5
7
9
11
12
13
14
16
16
17
18
17
16
15
15
15
16
18
18
19
19
20
20
21
23
22
23
23
22
22
22
21
18
15
11
8
6
2
1
-2
-6
-8
-12
-15
-17
-20
-22
-25
-25
-26
-28
-29
-31
-31
-32
-32
-33
-33
-33
-33
-32
-32
-32
-30
-30
-28
-26
-24
-22
-22
-19
-16
-15
-15
-12
-10
-8
-6
-4
-2
-1
1
4
7
7
9
13
13
14
17
18
19
21
25
25
24
25
27
27
28
29
29
30
30
31
31
31
31
32
33
32
31
30
27
26
25
23
20
18
15
13
10
7
3
-1
-5
-7
-9
-12
-15
-16
-19
-22
-24
-26
-27
-28
-28
-29
-31
-31
-32
-34
-34
-31
-32
-31
-29
-27
-27
-25
-24
-23
-22
-19
-17
-14
-12
-10
-8
-6
-5
-3
0
2
5
8
11
13
15
16
19
22
22
25
26
26
30
28
29
29
29
30
29
30
30
30
30
30
30
28
26
24
22
19
16
13
9
5
3
0
-2
-3
-6
-8
-10
-11
-13
-16
-17
-17
-17
-19
-20
-20
-20
-23
-23
-24
-23
-23
-23
-22
-22
-22
-22
-22
-21
-22
-21
-20
-19
-19
-15
-13
-10
-6
-3
0
1
5
6
8
9
9
9
9
7
7
7
9
8
10
11
13
13
13
12
12
13
13
11
12
11
11
11
11
13
13
13
14
13
14
13
13
11
9
6
5
2
0
-2
-3
-6
-8
-11
-13
-16
-17
-19
-22
-23
-24
-26
-26
-26
-26
-27
-28
-27
-26
-25
-23
-23
-22
-21
-19
-18
-16
-14
-15
-13
-12
-10
-8
-7
-4
-2
2
5
8
13
18
21
23
27
30
31
33
33
34
34
33
32
30
30
29
28
29
28
27
29
28
27
30
30
29
25
24
24
22
20
18
17
15
12
9
6
4
1
-1
-2
-6
-9
-13
-15
-17
-20
-22
-22
-26
-26
-26
-26
-27
-26
-25
-25
-25
-24
-22
-21
-20
-17
-16
-16
-15
-14
-12
-12
-13
-12
-13
-12
-11
-12
-10
-8
-5
-6
-4
-2
2
4
5
7
10
11
13
14
15
15
14
14
12
11
9
8
6
5
5
4
6
6
5
5
5
4
4
3
2
0
-2
-3
-5
-6
-9
-11
-14
-16
-18
-21
-24
-25
-27
-29
-30
-33
-35
-34
-35
-36
-35
-35
-35
-33
-30
-27
-24
-22
-21
-18
-15
-12
-9
-5
-2
3
6
10
13
17
21
25
29
33
36
38
42
45
47
48
51
53
55
55
55
55
55
53
53
52
52
50
49
46
44
41
38
35
34
31
27
24
20
17
15
12
10
8
6
4
2
0
-3
-5
-8
-12
-15
-18
-22
-26
-30
-35
-40
-44
-45
-48
-51
-54
-57
-57
-57
-56
-56
-54
-53
-52
-52
-50
-47
-47
-45
-42
-40
-37
-36
-34
-31
-29
-25
-21
-20
-16
-14
-9
-6
-1
2
6
9
12
16
18
20
24
27
27
30
32
34
34
36
36
36
35
34
33
34
34
32
31
29
28
27
27
26
27
24
24
24
22
22
20
20
18
16
13
10
7
4
1
0
-4
-8
-10
-14
-19
-23
-25
-27
-30
-35
-38
-40
-40
-41
-42
-42
-43
-43
-43
-42
-40
-38
-37
-35
-30
-29
-26
-21
-18
-15
-12
-9
-6
-1
3
7
11
14
18
21
24
28
32
36
39
43
45
47
48
50
51
50
51
51
50
48
48
46
44
43
42
42
40
36
32
28
24
21
18
13
8
5
0
-4
-8
-11
-15
-19
-23
-27
-29
-31
-34
-37
-39
-40
-42
-44
-44
-46
-47
-47
-46
-47
-48
-47
-46
-45
-42
-40
-38
-37
-32
-29
-27
-24
-21
-19
-17
-15
-11
-8
-6
-3
0
2
4
7
12
14
18
19
22
25
28
30
33
35
35
35
37
38
39
38
39
39
40
41
42
43
42
42
42
40
38
35
34
28
22
19
14
10
4
-1
-6
-9
-13
-15
-17
-18
-19
-21
-24
-25
-26
-28
-29
-31
-32
-34
-36
-37
-38
-38
-38
-37
-37
-37
-36
-35
-33
-31
-30
-28
-26
-25
-23
-21
-20
-17
-16
-14
-12
-10
-7
-5
-2
2
6
7
8
10
10
11
11
12
13
14
15
16
16
16
17
18
20
21
23
24
26
26
28
28
29
29
29
29
27
26
26
24
23
21
18
16
14
10
8
6
4
1
-1
-3
-6
-7
-7
-9
-11
-11
-13
-16
-17
-16
-17
-18
-18
-16
-17
-17
-16
-13
-11
-10
-7
-7
-5
-3
-2
-1
0
0
1
2
4
6
8
10
10
11
11
13
14
16
16
14
15
16
13
12
10
7
7
7
8
7
7
9
9
9
8
6
6
6
6
5
4
3
2
2
1
0
0
0
-2
-1
-3
-5
-6
-8
-9
-10
-12
-13
-15
-16
-17
-17
-19
-20
-21
-22
-22
-24
-25
-26
-25
-25
-24
-22
-21
-21
-20
-18
-17
-16
-16
-15
-15
-15
-14
-11
-11
-9
-7
-6
-5
-3
-1
1
3
5
6
9
9
10
11
12
12
13
14
13
13
14
13
14
12
13
14
16
16
15
16
16
15
17
16
16
16
15
14
13
14
13
12
11
11
10
9
9
6
5
3
1
-1
-1
-2
-2
-4
-5
-3
-3
-3
-4
-4
-4
-5
-6
-6
-8
-7
-6
-7
-7
-7
-6
-5
-6
-5
-5
-5
-5
-5
-4
-5
-6
-5
-5
-4
-5
-5
-5
-5
-4
-5
-3
-2
-1
1
1
3
5
4
3
5
6
6
8
7
7
9
10
11
13
13
15
15
16
16
17
17
16
16
15
12
12
10
8
7
4
1
1
-2
-4
-4
-6
-7
-9
-10
-9
-11
-12
-14
-13
-14
-15
-14
-16
-16
-15
-15
-13
-11
-11
-11
-10
-10
-8
-7
-6
-5
-7
-7
-5
-5
-4
-4
-4
-4
-3
-2
-1
-2
-1
0
2
2
4
5
6
6
5
5
3
4
3
3
2
3
2
1
1
0
1
0
0
-1
0
1
1
1
2
2
2
1
0
0
-2
-2
-3
-3
-4
-3
-4
-4
-4
-4
-4
-6
-6
-6
-8
-8
-9
-8
-7
-8
-7
-6
-5
-3
-2
-1
-1
0
1
0
4
3
3
5
4
4
3
2
4
4
3
3
1
2
1
2
1
3
3
3
4
2
1
2
3
2
2
4
4
4
4
5
6
7
9
10
11
12
13
15
15
16
15
17
18
18
19
21
21
22
22
22
22
20
19
18
17
15
15
13
10
8
7
5
3
1
0
-3
-4
-6
-9
-10
-9
-11
-13
-12
-14
-15
-17
-18
-20
-20
-22
-23
-24
-22
-23
-23
-22
-21
-20
-20
-20
-18
-18
-19
-18
-19
-16
-16
-15
-14
-13
-11
-11
-10
-8
-7
-4
-4
-3
-4
-2
-1
-1
1
2
3
3
5
6
5
7
7
9
9
9
9
10
9
9
9
9
8
7
7
6
6
6
6
5
4
5
4
4
3
1
1
0
0
-1
-1
-2
-4
-6
-7
-8
-9
-8
-10
-9
-8
-9
-9
-9
-8
-8
-9
-9
-9
-9
-8
-8
-6
-6
-6
-5
-3
-2
-2
-1
0
0
1
2
4
5
6
7
9
11
14
15
17
19
21
22
26
27
30
30
30
32
33
34
33
33
32
33
32
30
30
29
28
28
25
23
20
19
17
13
11
9
7
5
2
0
-3
-5
-7
-10
-12
-15
-19
-21
-26
-27
-30
-30
-33
-33
-35
-36
-37
-38
-38
-38
-37
-37
-38
-37
-37
-36
-34
-32
-32
-30
-28
-26
-25
-23
-21
-18
-17
-15
-14
-13
-11
-8
-6
-5
-3
-1
0
3
4
5
9
10
12
12
14
17
17
17
18
19
20
20
20
19
20
20
19
19
19
19
19
19
19
19
18
17
16
14
13
11
10
9
8
7
6
6
5
3
1
-1
-3
-4
-3
-3
-3
-4
-2
-4
-4
-5
-7
-9
-8
-8
-9
-10
-12
-12
-12
-11
-9
-8
-10
-9
-9
-8
-8
-8
-7
-7
-6
-4
-2
1
2
3
4
6
8
10
11
10
11
10
11
12
13
14
14
14
14
16
17
17
18
18
18
18
18
18
19
19
20
19
16
15
14
13
13
11
10
9
8
7
6
4
3
0
-1
-3
-3
-6
-8
-10
-12
-14
-15
-16
-17
-18
-19
-21
-20
-22
-22
-23
-22
-23
-25
-25
-25
-25
-26
-27
-27
-27
-27
-26
-26
-25
-24
-22
-21
-20
-18
-17
-16
-12
-11
-10
-7
-6
-5
-3
-2
-1
0
0
1
3
4
6
7
9
10
11
12
12
11
12
12
11
14
12
13
14
14
14
16
16
14
14
13
12
11
11
11
9
8
7
8
9
10
9
8
8
7
5
5
5
4
3
1
2
2
1
1
1
2
2
2
1
0
-1
-1
-2
