SAMPLES:	8061
BITSPERSAMPLE:	16
CHANNELS:	1
SAMPLERATE:	16000
NORMALIZED:	FALSE
6
6
-4
-3
-1
-2
-1
3
12
5
9
7
4
0
-1
8
8
10
2
-2
-8
-7
-3
-6
6
-5
2
4
-13
-8
-15
-1
3
6
-2
2
0
4
15
0
5
4
1
0
8
15
12
17
-3
-5
-10
-4
0
5
7
6
-3
-4
-7
-2
0
0
4
-8
-3
-1
5
-8
-3
-1
0
6
-2
-1
-2
4
-4
-9
5
1
1
6
2
2
4
-5
-4
1
1
1
-2
0
-6
1
0
-4
-2
-1
-7
-7
-3
-11
-1
-6
-10
1
3
12
9
1
-5
-8
8
-10
3
7
-4
-3
1
15
-6
-2
6
-9
15
-2
-11
0
2
-23
-13
12
-1
8
-3
-17
-6
-8
-2
1
-2
11
1
1
-5
-5
-10
11
-4
1
15
-3
9
-3
-13
9
-15
-8
14
2
18
0
6
8
13
-3
9
-7
-3
-1
-2
19
6
23
5
-5
-13
0
-3
8
0
-1
-22
-16
5
10
2
-4
-20
-10
-3
23
12
-1
-6
8
-1
4
17
10
11
-5
21
15
6
-4
-10
-5
-2
17
8
-21
-8
-11
-2
1
6
-22
-22
-1
-14
10
-9
3
-4
-5
7
-7
11
7
6
16
3
-21
-2
7
-5
13
7
-19
-11
-8
9
9
-5
4
-9
-8
-20
2
0
6
14
0
-10
-6
17
2
2
2
-3
2
-7
-12
-5
4
16
-4
-3
-4
-1
3
13
3
-8
-3
-8
-4
-1
18
-10
-1
4
-5
5
-19
2
2
-9
-6
2
1
0
-4
13
4
-4
13
1
10
1
8
3
7
-1
3
11
-9
-9
-5
0
-22
4
-5
20
3
-28
10
-4
-10
6
10
1
4
-8
-3
1
-6
-11
0
15
3
-6
-6
-1
15
2
-14
0
8
7
2
18
6
-2
5
6
-2
-5
-10
-8
16
26
14
-3
-12
-4
-2
6
12
11
4
-4
-16
1
18
2
10
-6
10
-14
-12
4
-9
-2
-8
4
-7
-3
-9
-4
3
-17
-22
4
-5
-8
11
-16
-5
-10
-7
-2
-2
-2
5
20
5
-6
-5
-9
16
5
-3
5
3
16
-12
4
-11
3
7
7
6
6
13
-11
1
-6
2
5
9
18
-1
-1
-10
6
1
3
8
-1
10
-14
-13
-10
0
8
-7
5
-25
-15
-7
-4
6
-14
10
-15
-4
3
-13
3
4
4
9
15
3
-5
-11
9
15
11
14
-1
-4
-20
-8
0
6
20
5
15
-2
-15
-5
-2
7
7
5
3
13
-12
-18
-8
-14
-4
5
8
-6
-9
-6
-12
-3
11
-1
3
8
-7
3
12
4
-6
14
1
5
7
-3
-4
-1
11
9
-3
-6
5
1
3
5
4
-13
15
10
-1
4
-9
1
4
3
-10
1
-3
-5
5
7
-1
-22
-6
-3
8
0
7
-2
-3
13
5
9
-18
-11
5
13
4
14
17
3
4
14
-3
-5
13
6
-4
-2
6
-16
-9
5
-6
-19
-7
-17
-26
-24
-12
-21
-7
-9
0
-12
-29
-1
-1
1
-3
6
0
5
14
7
4
25
10
11
12
10
9
13
13
-2
3
-9
8
10
6
-1
-6
-6
-20
-7
2
-14
-1
-9
-3
-5
-6
-11
-10
9
2
13
7
4
-9
-5
11
1
8
3
-3
8
5
-5
-7
-16
-9
-1
2
-8
-11
2
2
-2
-10
-8
-5
-12
-8
-9
5
-1
-3
3
-9
13
2
14
6
-9
16
20
18
20
19
11
18
21
18
23
13
14
16
21
14
17
14
6
-2
-2
11
9
6
-15
-17
1
-5
-6
-8
-16
-23
-18
-16
-25
-13
-16
-22
-16
-7
-13
-12
-17
-27
-29
-18
-3
-9
-2
-10
-12
-8
-8
1
0
-2
7
11
9
7
1
14
20
18
28
22
29
23
29
38
34
34
21
18
19
24
28
19
15
6
17
10
-1
-11
-22
-17
-20
-20
-31
-31
-32
-40
-46
-38
-34
-38
-41
-37
-39
-25
-15
-13
-21
-25
-11
-6
-2
-10
-12
-4
10
7
4
8
5
0
0
2
-1
5
-4
-8
-14
-13
-3
-3
-11
-29
-17
-9
-7
-4
-3
15
16
27
25
31
33
46
59
59
57
57
71
70
69
61
60
64
63
60
56
44
36
19
5
15
13
0
-11
-26
-43
-50
-53
-55
-54
-52
-53
-62
-74
-84
-83
-72
-63
-59
-54
-41
-47
-57
-56
-38
-17
-9
0
2
4
5
-1
13
26
29
22
34
47
51
47
42
60
67
79
61
33
31
89
187
213
153
58
59
82
74
73
106
141
122
67
-48
-145
-158
-96
-56
-49
-66
-156
-251
-272
-238
-195
-169
-130
-116
-129
-151
-170
-158
-109
-11
51
65
61
19
-10
6
63
109
125
128
97
56
20
-7
-28
-27
-9
-27
-53
-77
-104
-145
-176
-151
-105
-67
-34
-20
-28
-18
4
41
93
168
221
235
250
253
253
245
249
249
261
263
234
171
101
65
33
9
-22
-57
-106
-158
-205
-232
-229
-210
-190
-179
-163
-151
-160
-166
-124
-75
-28
25
72
80
72
75
54
49
85
127
127
101
71
39
8
-15
-13
-19
-26
-41
-51
-79
-98
-93
-85
-69
-67
-39
-30
-28
-42
-44
-16
15
55
76
102
123
119
103
100
154
211
222
185
157
143
141
147
156
166
119
45
-20
-29
-10
5
-2
-38
-87
-139
-214
-263
-231
-156
-98
-107
-159
-232
-290
-296
-239
-158
-125
-119
-108
-107
-128
-139
-131
-99
-63
-42
-10
7
3
-32
-71
-52
-30
-27
-19
12
41
68
73
57
7
-26
-2
54
122
228
428
550
446
170
36
106
214
349
495
602
527
310
-19
-296
-307
-82
147
209
111
-166
-516
-713
-630
-391
-190
-94
-146
-299
-436
-488
-413
-208
93
313
286
150
24
-24
17
192
454
557
509
322
139
43
10
63
108
149
99
-9
-162
-286
-297
-305
-275
-207
-152
-130
-187
-249
-281
-240
-104
22
158
252
306
290
242
244
288
382
496
583
586
527
453
421
357
318
236
232
219
160
106
-17
-99
-241
-302
-384
-417
-349
-322
-350
-436
-432
-493
-547
-479
-331
-174
-201
-192
-222
-196
-127
-108
-51
-5
105
109
47
-19
-24
37
64
141
178
120
-18
-199
-265
-246
-199
-159
-171
-218
-286
-316
-257
-208
-158
-198
-212
-284
-295
-29
490
1057
995
530
53
35
150
314
779
1241
1336
831
-24
-823
-994
-508
91
393
304
-206
-1064
-1695
-1619
-1073
-549
-247
-173
-440
-831
-1074
-1039
-573
167
811
855
572
361
132
154
444
995
1352
1272
954
550
335
273
284
299
356
390
138
-231
-436
-548
-646
-691
-607
-456
-360
-346
-457
-518
-464
-361
-178
98
456
687
686
559
490
545
688
946
1187
1261
1161
881
568
381
382
500
521
456
286
-75
-424
-592
-630
-555
-428
-383
-493
-654
-752
-859
-791
-588
-369
-274
-287
-276
-271
-183
-37
139
268
320
320
289
298
318
320
329
336
362
332
253
210
209
151
-29
-130
-134
-207
-304
-414
-414
-393
-419
-478
-574
-618
-556
-482
-486
-469
-411
-368
-351
-267
-131
-81
-136
-116
-73
3
103
137
191
244
282
267
202
145
108
153
179
226
217
81
-95
-170
-193
-175
-132
-141
-187
-246
-329
-450
-439
-361
-245
-169
-142
-123
-165
-167
-137
26
202
336
379
363
346
387
403
440
517
555
485
383
311
253
240
213
213
172
116
86
-4
-83
-105
-123
-93
-98
-47
-30
-20
-17
37
120
177
208
194
221
232
263
276
303
364
358
332
278
282
266
241
194
178
172
105
63
16
34
51
66
65
22
-68
-149
-99
-38
18
28
-9
-74
-60
3
-2
-15
9
37
0
-32
-55
30
53
34
-24
-41
-37
-82
-92
-123
-41
-50
-119
-238
-228
-198
-198
-139
-228
-292
-520
-485
-478
-356
-251
-161
-86
-284
-290
-439
-412
-555
-472
-403
204
1180
1334
638
-250
-162
-208
-111
393
1129
1496
1155
401
-915
-1596
-1152
-303
214
481
304
-940
-2151
-2292
-1600
-930
-409
-57
-457
-1076
-1520
-1652
-1263
-267
765
879
513
272
-12
-244
79
925
1442
1435
1157
644
255
198
235
257
388
494
191
-318
-641
-718
-732
-777
-686
-596
-560
-479
-476
-491
-437
-320
-153
158
567
896
1010
964
943
1001
1146
1395
1690
1875
1843
1656
1262
962
862
895
868
873
828
445
-7
-444
-514
-446
-212
-196
-407
-603
-796
-818
-824
-601
-358
-191
-223
-313
-313
-254
-30
220
445
508
420
196
20
115
252
416
425
257
38
-96
-171
-322
-338
-269
-296
-346
-520
-684
-742
-725
-644
-522
-320
-293
-287
-299
-497
-549
-400
-225
-36
31
145
33
-49
-173
-233
-126
-40
225
166
106
538
1227
1420
618
162
417
482
495
661
1124
1154
1000
322
-789
-1336
-1088
-545
-471
-384
-572
-1537
-2492
-2586
-1923
-1592
-1250
-1073
-1458
-1807
-1865
-1672
-1460
-609
330
426
251
239
378
344
669
1428
1789
1806
1599
1339
1105
1082
1192
991
841
813
570
121
-236
-340
-533
-713
-753
-796
-787
-680
-737
-849
-806
-696
-526
-236
191
627
832
816
826
928
1104
1474
1765
1901
1950
1738
1339
1086
1184
1204
1098
933
712
353
-157
-498
-661
-673
-659
-638
-837
-1069
-1136
-1175
-1122
-886
-545
-474
-552
-465
-280
33
284
453
541
682
695
517
511
634
853
859
716
490
245
138
66
24
9
35
-83
-464
-741
-762
-729
-717
-702
-780
-929
-943
-818
-943
-1025
-834
-660
-691
-852
-773
-651
-473
-412
-375
-341
832
2381
2484
974
-97
674
914
886
1507
2661
2923
2009
637
-1314
-2063
-1009
361
582
460
-92
-2113
-3871
-3640
-2147
-1345
-929
-715
-1541
-2494
-2764
-2487
-1902
-353
1240
1024
154
-57
-6
-22
652
2037
2590
2350
1851
1163
814
916
1148
939
873
987
488
-300
-769
-849
-1080
-1368
-1338
-1315
-1261
-1063
-1115
-1450
-1568
-1254
-934
-439
403
1086
1215
980
861
985
1435
2106
2664
2968
3023
2569
1774
1380
1583
1859
1759
1519
1122
424
-285
-718
-725
-514
-554
-891
-1369
-1494
-1370
-1354
-1244
-962
-589
-674
-871
-754
-432
40
321
457
525
660
624
426
622
961
953
552
268
216
131
89
-28
-232
-375
-429
-589
-941
-976
-741
-724
-857
-843
-734
-706
-666
-616
-689
-756
-667
-496
-504
-480
-303
-317
-489
-718
-753
-653
-455
-56
50
251
1503
2544
1919
150
-101
886
1167
1404
2153
2931
2460
1349
-371
-1850
-1781
-256
815
614
332
-856
-3065
-4279
-3317
-1685
-1131
-624
-910
-2192
-3124
-3066
-2323
-1284
702
1816
988
41
-240
-136
68
1286
2785
3007
2520
1675
792
390
690
1209
1104
1096
885
-50
-967
-1303
-1256
-1422
-1365
-1108
-1156
-1249
-1346
-1551
-1644
-1316
-692
-249
263
981
1284
1095
935
1097
1535
2072
2704
3029
3090
2871
2104
1423
1225
1597
1953
1773
1582
1166
375
-617
-1268
-1052
-572
-126
-170
-566
-1012
-1536
-1637
-1538
-981
-196
259
237
-143
-274
-414
-399
130
883
1321
1001
475
70
-268
-329
-133
18
54
1
-305
-846
-1289
-1382
-1286
-1161
-910
-552
-525
-905
-1305
-1466
-1302
-855
-371
-104
-220
-489
-700
-829
-861
-656
-143
242
320
46
361
1596
2663
2374
1043
592
952
1264
1588
2332
3135
2879
1572
-488
-2108
-2013
-684
432
701
179
-1583
-3720
-4554
-3673
-2271
-1370
-972
-1417
-2524
-3376
-3395
-2517
-1010
673
1337
857
298
-2
-24
487
1829
3091
3214
2612
1767
1088
912
1163
1289
1074
861
400
-332
-914
-1197
-1415
-1742
-1814
-1600
-1416
-1378
-1402
-1508
-1672
-1528
-1071
-446
320
1199
1696
1597
1353
1355
1801
2435
3153
3601
3644
3361
2640
1926
1618
1897
2263
2145
1855
1373
518
-430
-1183
-1337
-1157
-710
-554
-870
-1244
-1793
-2033
-2012
-1509
-851
-387
-17
-37
-148
-276
-139
172
632
1151
1232
985
659
443
279
273
359
282
114
-43
-334
-840
-1245
-1417
-1488
-1335
-1092
-1051
-1217
-1336
-1382
-1599
-1591
-1237
-869
-767
-785
-799
-833
-871
-811
-813
-554
-84
54
-4
50
1648
3210
3242
1603
336
701
1063
1708
2376
3375
3535
2315
167
-2311
-2753
-1349
490
1089
443
-1072
-3559
-4984
-4567
-2874
-1404
-601
-820
-2509
-3754
-3813
-2948
-1676
-57
1375
1248
384
-338
-283
463
1647
2921
3123
2767
2301
1772
1380
1260
1485
1271
965
707
206
-346
-1015
-1513
-1960
-2135
-2036
-1961
-1704
-1510
-1497
-1871
-2118
-1807
-1129
-30
1114
1861
1847
1560
1359
1477
2273
3320
4089
4314
4121
3285
2279
1939
2413
3009
3117
2715
1723
597
-449
-1083
-1173
-666
-17
-124
-831
-1902
-2472
-2467
-1891
-958
-299
57
-150
-448
-650
-408
304
802
1328
1535
1213
680
380
571
659
888
932
421
-101
-492
-667
-927
-1041
-1122
-1369
-1520
-1743
-1791
-1819
-1762
-1779
-2052
-2071
-1802
-1552
-1552
-1539
-1423
-1287
-1216
-1071
-944
-543
-348
-323
-222
827
2908
3839
2982
1111
499
836
1403
2333
3497
4396
3521
1141
-1861
-3496
-2480
-221
1294
1058
-369
-2917
-5361
-5859
-4259
-1931
-540
-485
-1960
-3777
-4399
-3735
-2332
-369
1713
2193
1053
-1
-79
560
1598
2931
3759
3686
3115
2263
1510
1218
1517
1550
1101
878
609
-56
-1017
-1737
-2187
-2506
-2500
-2313
-1971
-1632
-1551
-2089
-2707
-2422
-1413
-185
987
1924
2166
1720
1305
1419
2278
3558
4568
4778
4388
3719
2696
2006
2108
2777
3164
2784
1898
773
-112
-829
-1284
-1349
-1067
-824
-1191
-1828
-2240
-2239
-2055
-1806
-1411
-854
-338
-65
132
283
408
640
1081
1509
1778
1926
1792
1581
1380
1233
979
721
684
583
353
-155
-676
-1213
-1553
-1566
-1593
-1652
-1710
-1811
-2053
-2340
-2208
-1965
-1831
-1790
-1791
-1595
-1627
-1478
-1448
-1273
-1010
-765
-395
57
1773
3356
3212
1387
158
420
804
1789
3164
4360
3888
1942
-810
-3308
-3248
-1150
920
1308
360
-1866
-4993
-6414
-5306
-3015
-1390
-715
-1248
-3112
-4541
-4530
-3279
-1271
914
1973
1161
91
-257
-49
695
2192
3669
3840
3118
2300
1672
1483
1608
1613
1440
1420
1104
240
-620
-1142
-1665
-2231
-2319
-2025
-1724
-1603
-1794
-2245
-2592
-2374
-1753
-621
809
1768
2029
1639
1345
1392
2132
3465
4573
5076
4638
3756
2719
2132
2346
2809
3208
3107
2553
1313
-202
-1068
-1136
-806
-515
-483
-837
-1430
-1959
-2254
-2216
-1599
-831
-192
124
145
164
178
491
896
1448
1969
2094
1991
1631
1379
1263
1207
1241
1156
950
471
-38
-530
-1083
-1414
-1588
-1716
-1758
-1726
-1857
-2259
-2655
-2824
-2776
-2436
-1961
-1714
-1828
-2028
-2160
-1989
-1610
-1105
-864
-832
-768
-740
-390
992
3110
3833
2512
676
-54
88
861
2460
4059
4516
3101
188
-3053
-4345
-2626
34
1415
912
-1094
-4075
-6361
-6182
-4234
-2079
-576
-473
-2197
-4214
-4576
-3519
-1910
103
1834
2004
1043
380
253
749
2090
3564
3996
3555
3131
2525
1809
1519
1468
1153
799
731
324
-323
-992
-1894
-2890
-3350
-2858
-2217
-1786
-1569
-1736
-2280
-2784
-2455
-1254
405
2028
2740
2538
1942
1538
1790
2915
4477
5498
5582
4830
3566
2443
2059
2503
3289
3549
3049
1739
146
-843
-1192
-1077
-892
-640
-687
-1114
-1616
-2048
-1881
-1337
-597
-129
81
470
741
937
1117
1321
1529
1753
2019
2036
1971
1975
1842
1470
1053
755
575
315
38
-322
-726
-1107
-1465
-1757
-1938
-1767
-1741
-2012
-2443
-2518
-2283
-2104
-1901
-1920
-1907
-2119
-1992
-1646
-1395
-1187
-1164
-1092
-1215
-904
178
2079
3453
2694
676
-740
-665
-43
1143
2691
3565
2865
530
-2456
-4567
-3972
-1359
716
817
-741
-3126
-5632
-6488
-5038
-2729
-961
-585
-1765
-3712
-4624
-3881
-2482
-733
912
1497
759
-61
17
573
1608
2844
3530
3322
2890
2678
2282
1946
1796
1560
1133
881
907
631
116
-614
-1622
-2535
-2655
-1942
-1220
-870
-1004
-1514
-2238
-2544
-1791
-279
1480
2754
2989
2316
1522
1521
2353
3755
5051
5719
5276
3887
2583
1836
1976
2649
3227
3161
2175
625
-944
-1758
-1845
-1498
-1090
-956
-1162
-1692
-2205
-2507
-2150
-1265
-354
256
557
898
1029
1049
1268
1750
2269
2568
2669
2419
2079
1823
1712
1567
1423
1320
782
141
-408
-805
-1200
-1352
-1202
-1388
-1800
-2234
-2359
-2549
-2593
-2289
-1854
-1573
-1665
-1839
-2145
-2051
-1523
-909
-676
-780
-783
-842
-744
-525
895
3060
4027
2696
62
-1117
-902
260
1627
2835
3392
2066
-691
-4144
-5624
-3999
-1079
591
-87
-1905
-4544
-6588
-6809
-5029
-2310
-662
-623
-2437
-4211
-4568
-3713
-2053
-195
1592
1794
713
-136
-171
803
2060
3309
3706
3374
3066
2490
1979
1790
1965
1762
1127
858
713
527
-60
-978
-1788
-2247
-2088
-1724
-1167
-582
-542
-1140
-1934
-2061
-1237
274
1894
2972
3180
2532
1578
1324
2167
3734
5080
5342
4669
3360
2052
1370
1527
2330
2821
2654
1658
164
-1105
-1827
-1787
-1424
-980
-748
-997
-1523
-1996
-2026
-1436
-534
225
630
836
1085
1321
1537
1788
2129
2387
2433
2491
2422
2272
2141
1859
1481
1158
1076
707
133
-254
-704
-1109
-1394
-1474
-1572
-1740
-1810
-2067
-2411
-2550
-2076
-1430
-1062
-1021
-1350
-1675
-1972
-1658
-1068
-568
-91
-98
-222
-536
278
2221
3294
2478
495
-476
-779
-475
627
2021
2748
1556
-1117
-4459
-6048
-4672
-1976
-310
-616
-2057
-4594
-6776
-7105
-5334
-2622
-1002
-772
-2341
-4106
-4627
-3935
-2159
-175
1656
1762
455
-400
-278
825
1903
2995
3574
3265
2812
2150
1781
1668
1742
1754
1256
890
601
361
-73
-718
-1189
-1668
-1780
-1539
-1135
-665
-572
-926
-1489
-1621
-937
266
1704
2858
3310
3029
2259
1967
2601
3956
5198
5539
5028
3931
2760
1950
1804
2184
2537
2330
1518
86
-953
-1391
-1664
-1803
-2041
-1711
-1665
-1830
-2124
-2112
-1486
-889
-203
-40
125
553
1292
1929
2077
2413
2615
2622
2461
2700
2920
2640
2405
2032
1710
1308
1054
594
-138
-570
-989
-1316
-1711
-1789
-1961
-2382
-2561
-2738
-2696
-2667
-2243
-1728
-1497
-1556
-1971
-2077
-1971
-1312
-627
-278
-78
-329
-390
-587
696
3218
4542
3321
597
-506
-711
-183
1027
2691
3681
2260
-949
-4907
-6571
-4938
-1769
166
-392
-2217
-5177
-7497
-7888
-5945
-2916
-1185
-1091
-2885
-4547
-5026
-4218
-2281
-247
1636
1735
748
31
53
1106
2080
3113
3640
3638
3401
2663
2323
2062
1908
1628
1144
1061
794
649
173
-763
-1554
-2053
-1878
-1617
-1136
-567
-529
-918
-1512
-1518
-784
551
2033
2980
3272
2930
2269
2087
2770
4073
5142
5352
4860
3832
2684
1889
1796
2174
2342
1991
1246
139
-998
-1785
-2034
-1993
-1892
-1584
-1636
-1893
-2133
-2020
-1621
-992
-47
522
763
884
1199
1568
1921
2403
2671
2826
2736
2566
2482
2384
2202
1844
1544
1184
766
339
-98
-685
-1346
-1591
-1657
-1853
-2270
-2472
-2467
-2538
-2572
-2564
-2289
-1816
-1244
-1099
-1470
-1676
-1596
-1182
-730
-266
312
281
105
-276
648
2886
4127
3278
689
-281
-244
103
869
2174
3291
2141
-631
-4293
-6261
-5107
-2398
-497
-834
-2446
-5063
-7345
-7924
-6277
-3473
-1729
-1467
-3020
-4679
-5189
-4488
-2640
-650
1197
1426
537
-69
-57
982
2132
3202
3735
3678
3626
3062
2741
2564
2331
2009
1535
1561
1303
978
420
-671
-1544
-2009
-1856
-1588
-1188
-692
-786
-1230
-1867
-2010
-1216
228
1932
3033
3372
2978
2250
2101
2858
4306
5593
6033
5652
4519
3209
2374
2319
2741
2916
2684
1917
591
-658
-1558
-1755
-1538
-1314
-1226
-1767
-2202
-2458
-2270
-1738
-953
21
368
360
183
325
942
1907
2656
2772
2688
2563
2445
2144
2231
2444
2460
2192
1512
793
85
-124
-479
-1006
-1265
-1490
-1802
-2628
-2948
-2830
-2695
-2594
-2697
-2448
-2310
-1934
-1778
-2091
-2229
-2074
-1468
-1318
-989
-590
-510
-721
-996
-478
1195
3517
4223
2236
-476
-1135
-543
200
1196
2724
3280
1345
-2145
-5558
-6429
-4377
-1285
228
-712
-2950
-5681
-7591
-7477
-5109
-2288
-1012
-1799
-3812
-5204
-5361
-4198
-2336
-312
1077
917
162
-454
-18
1194
2245
3014
3256
3584
3498
3021
2851
2524
2163
1527
1413
1697
1663
1364
326
-700
-1499
-1762
-1535
-1190
-566
-303
-683
-1560
-2245
-1878
-686
948
2394
3063
2988
2235
1749
2165
3405
4983
5940
6092
5313
4063
3071
2780
3225
3632
3637
3201
2216
1029
-35
-682
-918
-1015
-779
-810
-1075
-1381
-1624
-1401
-1122
-654
-227
154
561
763
1123
1367
1663
1874
1994
2235
2266
2310
2223
2040
1826
1535
1219
570
48
-156
-375
-700
-1172
-1689
-2332
-2753
-2764
-2743
-2733
-2579
-2377
-2482
-2844
-2905
-2781
-2552
-2292
-1992
-1701
-1657
-1618
-1706
-1660
-1398
-1158
-789
-581
111
1758
3146
2840
496
-924
-704
-121
479
1622
3338
3013
648
-2720
-5111
-4892
-2548
231
613
-1008
-3535
-5998
-7255
-6653
-4042
-1922
-1369
-2509
-4297
-5291
-5546
-4312
-2343
-85
1329
1053
325
-275
271
1202
2243
3456
4124
4645
4339
3672
2930
2294
2329
2290
2606
2735
2483
1747
266
-908
-1790
-1812
-1263
-797
-406
-661
-1348
-2358
-2813
-2048
-593
1085
2144
2471
2144
1524
1447
2009
3315
4780
5637
5740
5068
4104
3218
2904
3374
4039
4358
3963
2828
1300
79
-394
-361
-110
378
504
-1
-814
-1395
-1596
-1461
-594
555
1137
1027
633
249
52
384
1240
1956
2200
2138
1877
1548
1082
880
925
911
787
384
-31
-560
-1065
-1496
-1959
-2140
-2178
-2145
-2328
-2570
-2651
-2666
-2549
-2591
-2658
-2686
-2614
-2405
-2112
-1841
-1778
-1863
-2010
-2113
-2187
-1922
-1465
-1025
-911
-581
835
2173
1901
-274
-1679
-1371
-409
498
1362
2628
2499
568
-2617
-5013
-4759
-2427
186
772
-494
-2923
-5289
-6646
-6505
-4449
-2074
-823
-1822
-3915
-5436
-5964
-4880
-2633
184
1787
1590
420
-836
-822
277
2230
4049
4835
4773
3834
2947
2250
2080
2598
3090
3477
3056
2375
1448
277
-562
-1176
-1162
-991
-608
-324
-592
-1078
-1874
-2184
-1815
-706
874
2135
2872
2592
1971
1568
1754
2906
4574
6021
6205
5425
4368
3424
3148
3507
4209
4560
4265
3255
1778
623
282
689
1237
1582
1323
379
-570
-1024
-946
-550
209
818
679
93
-317
-243
43
568
1105
1319
1255
1074
988
767
602
502
247
-11
-245
-407
-692
-1085
-1448
-1862
-2266
-2503
-2320
-2046
-2026
-2343
-2755
-3050
-3204
-3062
-2576
-1911
-1759
-2273
-3038
-3329
-2954
-2301
-1727
-1558
-1706
-2159
-2697
-2946
-2660
-2009
-1376
-1165
-907
222
1449
1343
-498
-1610
-1080
114
1017
1749
2817
2598
765
-2186
-4219
-3936
-1732
955
1603
-11
-3054
-5599
-6526
-5838
-3555
-1347
-327
-1482
-3755
-5195
-5176
-3453
-1130
1178
2273
1774
715
-147
166
1196
2893
4491
5081
4782
3738
3009
2543
2449
2776
3143
3390
2775
1800
784
-153
-782
-1041
-658
-331
-181
-269
-672
-1223
-1728
-1374
-481
514
1358
2028
2411
2003
1441
1520
2549
3836
4754
5316
5235
4654
3893
3523
3662
4070
4582
4573
3985
3074
2357
1909
1526
1485
1667
1933
1671
836
-54
-650
-703
-529
-92
327
391
-7
-681
-1290
-1479
-726
370
953
517
-403
-933
-1152
-927
-450
136
283
-309
-1052
-1630
-1526
-1128
-767
-681
-1116
-1681
-2248
-2419
-2266
-2041
-1798
-1889
-2390
-2973
-3267
-3117
-3056
-3138
-3285
-3541
-3599
-3500
-3157
-2997
-3068
-3137
-3303
-3167
-2793
-2234
-1658
-1362
-1086
-1141
-618
601
1703
1773
598
-237
-540
-91
735
1701
2447
2030
506
-1856
-3597
-3664
-1974
345
1140
-157
-2676
-4476
-4782
-3950
-2300
-579
342
-317
-1836
-3105
-3140
-1616
583
2453
3016
2418
1189
312
584
1718
3242
4312
4469
3658
2420
1656
1345
1688
2383
2896
2672
1730
794
54
-230
-159
211
733
962
901
552
213
-48
-130
242
1025
1914
2427
2575
2549
2488
2391
2466
3038
3915
4740
5087
4958
4365
3590
3259
3404
3792
4113
4241
3935
3055
1926
1069
878
1226
1653
1567
1028
461
-190
-803
-1116
-1015
-785
-746
-953
-1407
-1793
-1924
-1753
-1652
-1722
-1681
-1633
-1462
-1271
-1093
-1117
-1311
-1337
-1253
-926
-551
-347
-413
-742
-1148
-1641
-1861
-1696
-1527
-1570
-1992
-2563
-3279
-3950
-4211
-4229
-4156
-4261
-4437
-4715
-5076
-5135
-4840
-4353
-4029
-3849
-3706
-3507
-3049
-2483
-1807
-1185
-818
-732
-773
-638
-204
425
949
1336
1709
1937
1609
791
96
58
632
1311
1847
2048
1723
843
-373
-1188
-1105
-59
1296
2145
1877
415
-1253
-2080
-1448
74
1415
1906
1367
289
-898
-1651
-1480
-339
1137
1981
1832
819
-337
-939
-676
374
1539
2352
2302
1458
436
-26
372
989
1524
1882
2035
1879
1445
1087
904
984
1324
1748
2162
2525
2738
2662
2258
1937
2063
2645
3402
3986
4200
3768
3033
2325
2076
2511
3399
4226
4372
3743
2630
1657
1378
1840
2577
3094
3136
2585
1442
187
-553
-462
233
933
1190
816
-159
-1396
-2306
-2377
-1566
-541
-5
-404
-1431
-2530
-3333
-3365
-2647
-1580
-852
-993
-1907
-3070
-3693
-3499
-2905
-2381
-2157
-2216
-2686
-3575
-4321
-4559
-4189
-3746
-3496
-3467
-3751
-4106
-4407
-4278
-3847
-3401
-3058
-2983
-3009
-3043
-2880
-2680
-2486
-2143
-1664
-1242
-1113
-1175
-1307
-1292
-1194
-913
-506
-108
174
169
-60
-277
-291
-25
429
855
1190
1231
1063
770
640
1070
1914
2707
2883
2557
2091
1615
1387
1691
2487
3205
3437
3031
2008
803
177
511
1422
2263
2451
1828
674
-549
-1174
-897
52
1070
1536
1204
68
-1158
-1755
-1474
-441
669
1451
1345
464
-577
-1204
-845
221
1614
2627
2771
2213
1402
1028
1272
2032
2957
3521
3562
3058
2400
1883
1719
2040
2569
3019
2988
2543
1979
1444
1229
1348
1777
2140
2128
1864
1505
1251
1081
1126
1400
1604
1659
1566
1439
1228
1025
1017
1105
1159
1020
866
709
410
99
-101
-165
-290
-545
-769
-1091
-1541
-2066
-2615
-2960
-3099
-3072
-3153
-3522
-4163
-4856
-5170
-5170
-4981
-4762
-4575
-4492
-4744
-5000
-4949
-4602
-4088
-3643
-3177
-2881
-2733
-2647
-2653
-2404
-1949
-1346
-885
-694
-700
-861
-956
-1001
-904
-627
-307
-192
-379
-610
-633
-614
-605
-581
-481
-346
-304
-239
-223
-236
-245
-139
201
653
1049
1180
1062
931
990
1271
1664
2142
2535
2569
2232
1861
1771
2039
2456
2681
2570
2255
1929
1612
1424
1575
1878
1860
1421
904
559
487
625
802
795
581
323
28
-99
46
452
879
1066
1030
781
642
839
1234
1773
2109
2145
1872
1689
1856
2170
2609
2813
2699
2340
2047
2021
2008
2025
2127
2172
1922
1473
1030
692
561
654
799
713
463
149
-101
-201
-153
82
363
628
618
348
21
-128
76
389
718
930
866
569
121
-177
-232
-60
18
-277
-717
-1248
-1704
-2132
-2481
-2702
-3049
-3407
-3806
-4110
-4209
-4175
-4063
-4122
-4293
-4479
-4427
-4057
-3694
-3335
-3016
-2735
-2619
-2581
-2335
-1930
-1389
-960
-754
-688
-636
-444
-305
-107
180
327
324
218
199
212
157
127
126
120
85
-7
-137
-321
-398
-461
-570
-584
-477
-394
-441
-589
-878
-1014
-890
-638
-441
-267
-115
-123
-139
-131
26
330
648
889
1022
1095
1149
1273
1440
1477
1408
1413
1538
1674
1664
1621
1551
1376
1149
943
947
1132
1239
1130
867
762
720
679
824
1003
1206
1251
1209
1096
1030
1293
1564
1802
1883
1912
1948
1859
1877
2017
2251
2417
2312
2047
1756
1659
1693
1756
1795
1705
1549
1267
1058
976
977
1054
1125
1144
1003
807
598
455
440
436
364
301
284
297
257
138
-15
-215
-416
-604
-717
-678
-648
-801
-1142
-1580
-2023
-2413
-2595
-2576
-2442
-2369
-2497
-2835
-3360
-3815
-3919
-3618
-3133
-2745
-2632
-2836
-3193
-3505
-3446
-2929
-2244
-1732
-1561
-1673
-1995
-2278
-2246
-1819
-1218
-814
-706
-830
-1017
-1076
-871
-375
157
491
591
495
479
525
696
931
1107
1380
1615
1761
1673
1521
1550
1518
1415
1365
1415
1419
1323
1151
934
711
481
409
473
546
574
457
174
-133
-216
16
271
434
426
281
229
109
33
88
282
474
433
346
225
118
32
-10
117
259
328
228
48
-58
-131
-92
53
313
607
635
431
226
241
519
830
996
1035
1073
1051
959
876
963
1068
1125
1172
1126
1057
922
888
940
1037
1202
1433
1705
1762
1724
1702
1773
1938
2050
2203
2244
2184
1994
1833
1726
1566
1503
1443
1304
978
548
210
-88
-288
-468
-663
-979
-1428
-1802
-2163
-2420
-2523
-2515
-2537
-2715
-2887
-3080
-3181
-3084
-2908
-2623
-2349
-2093
-1964
-1970
-1904
-1726
-1404
-1118
-952
-790
-691
-610
-586
-578
-584
-587
-519
-517
-429
-420
-593
-788
-969
-986
-759
-481
-457
-576
-673
-689
-706
-613
-272
75
270
233
93
69
209
467
725
883
925
854
778
735
792
881
948
1032
1025
901
707
574
570
576
551
476
367
287
242
126
-28
-66
-72
-82
3
74
36
-62
-218
-303
-274
-106
122
242
217
16
-39
-10
134
364
539
749
774
669
535
556
706
883
1052
1118
1103
985
722
569
566
665
778
701
540
272
30
-144
-209
-102
-38
50
33
-106
-182
-60
202
389
556
595
580
634
720
842
992
1137
1143
1029
881
785
814
857
678
346
103
-42
-118
-249
-468
-561
-757
-1109
-1395
-1487
-1499
-1536
-1512
-1618
-1749
-1875
-1919
-1743
-1547
-1476
-1451
-1398
-1483
-1594
-1458
-1186
-920
-684
-592
-707
-912
-983
-816
-435
-91
-15
-101
-228
-347
-388
-239
-49
52
96
100
168
266
305
311
312
314
388
594
767
825
868
810
708
707
687
716
835
964
956
849
730
589
548
558
571
596
566
520
475
425
356
229
131
33
-2
31
48
10
-165
-395
-560
-551
-487
-424
-357
-344
-390
-540
-655
-605
-398
-206
-151
-175
-254
-273
-215
-174
-98
21
104
118
105
108
123
102
34
-9
47
85
53
61
16
0
-24
-78
-60
13
109
144
184
182
154
176
226
363
460
487
527
548
558
535
559
558
493
461
357
295
258
164
-12
-190
-234
-277
-329
-445
-646
-784
-908
-896
-764
-675
-668
-787
-841
-777
-589
-399
-216
-94
-141
-237
-276
-224
-106
58
154
166
113
-7
-134
-162
-144
-107
-59
-36
-108
-193
-205
-285
-374
-368
-317
-288
-301
-235
-190
-115
-64
-156
-164
-108
86
323
539
698
700
672
580
596
795
1115
1449
1621
1678
1643
1515
1331
1303
1498
1751
1847
1663
1328
1065
982
944
902
844
734
553
305
42
-154
-207
-261
-388
-519
-640
-679
-663
-741
-965
-1145
-1129
-973
-723
-501
-416
-462
-606
-724
-731
-533
-230
19
167
82
-130
-300
-360
-280
-91
106
147
35
-178
-406
-504
-477
-360
-255
-207
-274
-458
-563
-565
-498
-349
-218
-167
-133
-170
-272
-282
-135
18
89
78
-35
-141
-195
-217
-258
-296
-365
-495
-634
-703
-749
-782
-849
-1073
-1256
-1305
-1274
-1208
-1084
-1001
-1016
-1065
-1110
-1019
-817
-558
-323
-161
-160
-262
-242
-96
171
458
591
590
482
380
412
521
651
708
715
680
644
656
706
751
754
782
764
700
645
687
760
760
714
664
660
625
565
515
510
563
591
591
584
588
557
548
629
739
870
1002
1079
1089
1112
1141
1223
1345
1436
1446
1410
1389
1316
1248
1192
1201
1173
1035
877
665
490
331
168
19
-83
-158
-355
-558
-654
-690
-723
-824
-857
-844
-849
-870
-945
-976
-882
-768
-775
-802
-729
-621
-567
-595
-657
-593
-501
-472
-421
-412
-447
-544
-626
-664
-631
-511
-515
-570
-670
-723
-705
-722
-739
-702
-565
-514
-523
-529
-572
-619
-641
-606
-617
-628
-643
-688
-741
-835
-855
-819
-799
-838
-878
-931
-1050
-1094
-1039
-917
-792
-730
-756
-779
-763
-755
-670
-531
-403
-304
-290
-291
-269
-248
-234
-174
-63
-27
-40
-3
29
66
65
28
-23
-29
76
166
294
325
249
185
170
248
412
655
831
906
859
803
863
989
1061
1143
1299
1365
1326
1286
1259
1274
1294
1292
1306
1340
1363
1263
1152
1144
1221
1306
1292
1220
1195
1113
1031
1040
1122
1216
1281
1274
1174
1075
993
1016
1166
1274
1222
994
773
720
733
759
773
730
577
316
56
-53
-17
26
-29
-140
-347
-601
-728
-742
-683
-635
-660
-782
-991
-1155
-1259
-1223
-1081
-977
-954
-1010
-1123
-1232
-1184
-1044
-946
-871
-820
-829
-857
-849
-809
-738
-610
-505
-452
-384
-417
-494
-578
-666
-705
-666
-601
-660
-841
-1050
-1160
-1225
-1303
-1362
-1386
-1405
-1458
-1536
-1617
-1687
-1724
-1652
-1454
-1191
-1051
-989
-938
-899
-805
-644
-411
-163
11
54
94
168
277
417
566
650
689
698
575
502
538
550
483
399
310
273
263
210
159
133
101
88
151
267
392
453
439
433
507
548
581
716
872
994
1022
1011
1035
1061
1082
1086
1068
1058
1039
1043
1029
1029
1025
965
947
942
932
880
812
759
733
727
718
675
645
570
450
401
362
340
343
310
271
273
264
242
240
247
251
224
220
263
357
432
455
462
425
409
391
382
375
411
388
259
94
-47
-55
-32
-89
-204
-342
-533
-722
-801
-850
-830
-743
-714
-787
-916
-985
-952
-813
-655
-554
-488
-478
-512
-509
-439
-318
-216
-165
-191
-287
-372
-403
-411
-413
-457
-491
-524
-675
-816
-865
-860
-868
-872
-914
-1031
-1122
-1139
-1062
-962
-910
-907
-926
-928
-886
-777
-604
-453
-356
-319
-355
-323
-184
-10
149
265
238
142
129
160
228
353
429
395
323
215
105
70
170
260
286
262
182
104
34
55
172
279
319
296
226
219
296
384
468
530
574
598
637
630
641
733
818
885
911
936
968
1023
1042
991
961
988
1048
1097
1104
1072
1011
892
767
734
711
669
622
547
448
414
432
358
270
182
100
62
53
103
166
198
95
-63
-121
-125
-53
42
90
96
-22
-192
-336
-324
-198
-71
-42
-227
-416
-578
-688
-615
-495
-463
-615
-733
-820
-914
-895
-823
-714
-606
-553
-597
-627
-612
-611
-580
-477
-377
-290
-271
-349
-449
-475
-458
-425
-363
-387
-422
-440
-505
-557
-543
-492
-442
-406
-387
-417
-426
-400
-335
-241
-180
-138
-124
-78
-71
-81
-15
27
-41
-106
-82
-27
-21
-27
-47
-81
-104
-115
-46
-18
-36
-61
-125
-128
-115
-130
-95
-39
21
51
31
-12
-73
-42
50
142
211
236
194
159
160
208
328
417
470
474
417
342
359
457
528
512
482
434
363
369
423
491
480
415
327
304
346
405
472
465
451
415
348
321
320
309
346
361
334
301
229
230
239
221
235
244
275
310
342
321
286
261
231
250
284
360
426
410
271
128
108
149
162
164
208
191
99
-30
-160
-214
-193
-147
-110
-137
-223
-292
-340
-372
-337
-238
-170
-186
-275
-356
-374
-323
-265
-233
-237
-272
-371
-463
-507
-480
-462
-502
-547
-591
-603
-621
-630
-617
-642
-687
-730
-704
-602
-568
-533
-511
-487
-472
-454
-377
-259
-141
-74
-56
-118
-146
-91
-13
93
159
169
107
15
-28
-3
16
18
4
-32
-56
-84
-96
-53
-6
26
12
-9
-15
-34
4
93
131
126
77
82
134
179
237
261
290
266
249
272
320
394
394
351
320
318
340
348
398
434
452
395
282
201
131
125
166
214
237
189
117
56
15
50
118
220
254
226
215
219
222
199
222
281
372
424
417
378
312
286
308
395
462
489
476
414
352
298
299
281
235
204
159
115
108
73
-16
-65
-53
-67
-76
-99
-68
-29
-61
-114
-120
-53
-22
37
37
-38
-98
-127
-126
-106
-87
-96
-128
-166
-186
-221
-213
-174
-170
-178
-240
-278
-316
-374
-464
-537
-520
-502
-488
-489
-527
-591
-646
-669
-655
-605
-561
-545
-534
-579
-595
-596
-582
-510
-410
-311
-332
-371
-394
-391
-354
-303
-262
-233
-223
-271
-274
-248
-228
-169
-117
-75
-83
-150
-146
-103
-64
-15
40
107
183
242
278
356
414
459
510
514
509
528
579
627
667
676
660
604
559
575
590
611
579
511
412
319
247
250
249
191
118
4
-111
-145
-129
-94
-16
-19
-75
-114
-89
-18
50
123
175
210
235
254
267
280
313
317
316
330
341
331
296
256
223
229
209
194
145
93
30
-6
16
-41
-52
-71
-38
-21
-85
-124
-186
-156
-117
-64
56
95
57
14
18
-11
50
163
261
288
219
306
379
381
245
64
-129
-264
-405
-467
-411
-355
-262
-378
-635
-891
-894
-717
-460
-274
-262
-264
-276
-279
-267
-234
-153
-36
43
-9
-96
-140
-95
-127
-213
-288
-276
-216
-292
-334
-387
-425
-559
-585
-583
-514
-393
-395
-262
-288
-378
-500
-513
-493
-290
-106
-118
-121
-181
-61
-213
-81
61
83
240
523
334
199
342
306
501
396
476
604
543
436
453
276
276
418
455
445
318
264
189
61
77
150
138
198
93
61
22
-59
-46
-38
38
182
217
153
114
110
111
93
110
183
191
248
346
382
415
296
257
157
184
191
215
274
382
341
196
28
-158
11
8
89
102
87
52
-64
-170
-294
-294
-229
1
62
43
-104
-118
-201
-280
-190
-49
83
170
298
196
84
-89
-76
-21
167
343
394
359
109
-27
-235
-245
-146
74
124
-12
-146
-327
-433
-527
-403
-303
-132
-98
-191
-310
-389
-373
-352
-261
-154
-50
-76
-113
-174
-198
-132
-74
-15
11
33
-28
-102
-80
-86
-162
-196
-214
-221
-232
-272
-266
-236
-264
-314
-346
-340
-303
-226
-112
-76
-98
-150
-171
-137
-30
104
220
271
259
216
202
221
254
299
300
333
368
337
359
388
358
305
278
261
154
105
139
192
214
155
62
-21
-59
-61
-35
27
85
81
10
-67
-86
-37
26
96
131
112
82
43
39
37
80
133
138
110
70
21
-38
-43
-24
-17
-13
16
86
93
33
-22
-51
-65
-53
-2
93
134
109
78
45
20
7
34
43
94
115
85
110
70
33
6
39
83
93
112
86
50
-1
-46
-75
-49
-31
-41
-50
-53
-74
-79
-46
-50
-49
-66
-91
-93
-104
-81
-53
-51
-60
-63
-79
-111
-161
-168
-133
-101
-54
-34
-30
-79
-157
-180
-194
-203
-181
-117
-76
-88
-148
-194
-242
-284
-253
-267
-203
-131
-103
-117
-160
-222
-281
-296
-252
-169
-106
-43
-24
-19
-78
-129
-111
2
156
240
237
155
70
11
28
100
219
316
315
216
122
39
34
69
155
233
248
205
153
104
47
63
76
179
226
238
256
213
153
59
-1
-6
45
85
133
133
86
15
-51
-44
-38
10
42
49
19
5
-30
-64
-61
-45
-30
-59
-70
-74
-46
-22
12
16
1
-28
-74
-120
-100
-16
48
46
19
24
-6
-12
-27
36
101
95
90
80
112
126
122
98
77
43
28
75
105
113
93
74
14
-16
6
26
45
19
-46
-101
-110
-96
-41
-29
-16
-68
-147
-221
-240
-135
-30
16
15
0
-27
-54
-103
-114
-77
-23
-22
-15
-29
-62
-115
-141
-100
-91
-85
-79
-83
-95
-103
-113
-142
-161
-155
-184
-173
-141
-111
-84
-127
-159
-174
-167
-134
-93
-36
6
-31
-47
-21
0
75
147
184
164
110
53
56
104
175
274
269
196
133
117
143
161
203
222
212
144
77
54
91
155
141
108
81
64
35
-4
6
31
10
-23
-37
-59
-85
-69
-47
-51
-80
-138
-166
-170
-109
-81
-49
22
4
-31
-107
-164
-134
-50
-1
25
65
24
5
-24
-14
10
55
51
11
18
29
10
-31
-21
2
48
63
55
-14
-63
-39
15
64
78
93
75
46
6
-13
-35
-15
50
91
71
34
-36
-86
-63
-21
49
104
135
108
51
-22
-52
-22
49
109
120
95
57
-13
-80
-84
-48
17
63
66
59
17
-47
-59
-23
11
67
90
91
106
81
56
62
41
28
61
81
101
129
104
58
-17
-70
-113
-95
-84
-105
-118
-130
-135
-182
-196
-220
-218
-180
-150
-156
-172
-175
-136
-90
-29
26
47
60
81
91
91
97
129
157
181
216
222
194
164
143
116
116
121
157
142
111
74
26
-21
-92
-114
-98
-85
-104
-138
-143
-137
-129
-141
-151
-108
-98
-109
-116
-89
-61
-46
-15
-13
-35
-53
-45
-23
-11
0
21
24
-19
-64
-79
-36
-57
-55
-63
-72
-82
-116
-117
-142
-134
-118
-85
-67
-55
-40
-49
-77
-85
-102
-89
-98
-120
-79
-69
-49
-29
4
20
14
3
-1
28
88
145
187
179
146
84
60
34
55
108
167
198
130
87
30
37
30
40
56
69
94
48
-10
-16
8
9
12
46
105
188
186
159
128
105
104
82
109
167
194
190
180
163
159
126
104
101
85
48
22
9
7
-47
-115
-142
-159
-136
-114
-90
-61
-46
-35
-34
-56
-75
-63
-52
-3
64
120
122
89
58
49
52
59
80
80
72
31
-17
-73
-87
-64
-58
-30
-20
-36
-86
-152
-201
-235
-228
-174
-106
-98
-140
-210
-260
-269
-208
-149
-116
-81
-54
-83
-125
-122
-105
-67
1
16
3
7
-4
8
54
107
99
111
99
61
47
71
103
87
114
95
77
32
-9
-18
-6
25
12
-9
-60
-95
-83
-62
-48
-36
-62
-80
-84
-79
-73
-58
-52
-62
-30
-13
18
59
66
58
38
29
27
57
82
70
57
62
89
102
68
38
35
51
34
-13
-27
-52
-43
-12
22
55
32
44
-7
-12
-8
3
20
35
72
55
27
-6
14
51
59
43
17
24
83
89
85
91
89
97
106
111
142
154
136
132
110
55
23
1
-9
12
46
29
-9
-32
-43
-67
-97
-87
-93
-67
-54
-47
-69
-97
-100
-93
-59
-44
-36
-22
-24
-67
-80
-34
1
-3
-25
-24
-37
-44
-36
-50
-41
-19
-26
-40
-92
-129
-119
-76
-59
-24
-7
-22
-40
-25
-31
-18
39
56
66
46
47
41
63
57
38
54
85
84
62
73
69
51
25
-11
-5
11
-18
-30
-25
-36
-76
-102
-102
-84
-69
-64
-80
-87
-104
-147
-154
-120
-99
-71
-57
-59
-52
-33
9
45
63
28
25
40
44
64
101
136
136
137
99
65
50
58
78
70
76
75
74
23
-3
3
37
76
72
45
14
10
-17
5
27
53
41
29
18
-18
-38
-37
-19
-24
-14
1
27
27
38
50
33
28
13
13
22
42
70
64
72
23
-26
-13
15
30
34
56
51
5
-31
-48
-39
-27
-20
-27
-51
-77
-98
-84
-55
-27
0
28
-10
-46
-55
-52
-41
-70
-73
-55
-57
-67
-66
-73
-57
-32
-29
-24
-19
-18
-2
11
24
41
58
43
-14
-34
-2
24
8
18
33
29
22
-12
-15
1
-6
-18
4
27
49
52
23
1
34
45
10
-5
2
7
-4
37
35
49
21
-17
-34
-32
-16
-4
43
22
-1
-56
-53
-31
-13
-6
-33
-19
-18
-23
-20
-11
5
20
25
1
-12
-17
-5
14
30
24
-19
-51
-35
1
21
20
17
34
25
-30
-74
-73
-9
59
53
31
-12
-3
4
5
31
22
49
35
14
4
-16
2
21
38
31
41
-4
-28
-22
4
15
9
-6
-26
-36
-28
-15
-25
-4
-21
-5
8
29
35
9
2
-18
-39
-6
26
64
64
60
18
-8
-16
-9
16
19
39
41
26
-32
-49
-28
-24
-29
-45
-37
-22
3
17
7
-18
-28
-58
-82
-59
-2
43
47
42
25
-8
-34
-30
-29
-17
21
52
61
27
-2
-20
-12
-11
-27
-4
12
6
-4
-39
-46
-18
-14
6
17
16
-1
-21
-27
-27
-38
-9
23
55
36
-11
-18
-4
18
19
20
22
14
13
32
13
2
-3
9
-32
-25
21
18
27
8
-14
-29
14
10
-19
-18
-13
7
-8
-13
-10
-17
-31
-41
-19
6
12
2
10
12
8
-11
-9
21
29
22
32
21
8
22
27
30
35
38
21
20
16
21
18
15
-17
-10
-1
21
27
1
-26
-29
-18
-41
-23
-3
-12
-26
-37
-62
-51
-36
-12
7
9
-8
-19
-14
-36
-20
11
28
8
4
14
6
-9
-9
30
59
30
13
19
23
12
5
24
9
14
9
-9
-22
-16
-18
-33
-16
9
10
-2
-4
-12
-10
-34
-17
0
0
-9
-13
18
-8
-38
-32
20
32
8
3
11
18
0
23
19
9
8
7
15
7
-4
-4
16
17
17
10
-5
-18
-36
-17
1
9
-2
-11
-7
-20
-18
-28
-12
4
-6
8
-6
-7
-11
-1
15
13
38
27
8
5
16
4
-22
-29
-11
5
-12
10
-18
-5
-15
-40
-33
-38
-1
-15
-20
-15
29
19
1
9
-4
8
3
33
35
21
15
33
60
26
-10
-15
-1
18
17
25
26
33
20
1
11
0
-14
-23
-35
-11
0
28
0
-26
-24
-25
-27
-32
10
30
33
-24
-65
-42
-19
4
29
29
-13
-21
-14
-5
7
-4
-6
17
26
24
-4
20
24
-12
3
10
22
12
8
4
-8
-18
-48
-38
-5
5
31
37
17
-23
