-6
-5
-4
-6
-7
-7
-7
-9
-9
-9
-10
-11
-12
-11
-11
-12
-12
-11
-11
-11
-11
-9
-9
-8
-7
-6
-6
-7
-6
-6
-7
-7
-8
-9
-10
-10
-11
-10
-9
-9
-6
-6
-3
-2
-1
0
3
5
5
6
7
7
7
7
8
6
7
8
7
6
6
8
8
9
8
9
9
9
10
10
10
9
11
11
10
9
7
9
8
8
7
6
6
5
4
2
1
0
0
1
-2
-2
-4
-4
-5
-6
-5
-4
-4
-3
-2
-2
-1
-2
-1
-1
0
0
0
1
1
-1
-2
-2
-3
-4
-4
-4
-5
-6
-6
-5
-3
-4
-2
-1
0
2
4
5
6
5
6
4
4
2
2
2
1
0
0
0
0
1
1
0
0
1
3
3
3
3
1
1
0
0
1
1
1
3
5
6
4
5
6
6
7
7
7
7
6
4
3
2
2
2
1
0
0
0
1
1
1
0
0
-1
-2
-2
-3
-5
-5
-5
-6
-8
-9
-10
-11
-12
-12
-13
-14
-13
-13
-13
-13
-15
-15
-15
-12
-12
-12
-11
-10
-11
-11
-10
-10
-10
-10
-9
-8
-6
-6
-5
-3
-3
-2
1
1
3
4
5
6
7
9
8
9
7
8
9
9
10
10
10
10
12
12
12
13
12
14
14
13
12
11
12
13
11
11
9
7
7
6
5
3
3
2
1
1
2
0
1
1
2
4
2
2
3
3
3
3
2
3
2
3
2
4
4
3
3
4
4
2
5
2
1
2
0
1
0
-1
-1
0
0
0
0
-3
-4
-6
-6
-9
-9
-11
-12
-10
-11
-13
-11
-8
-8
-7
-7
-7
-6
-5
-6
-6
-6
-6
-5
-6
-6
-6
-4
-4
-5
-4
-4
-5
-3
-4
-4
-1
-1
0
0
1
1
4
6
6
7
5
5
4
5
4
3
0
0
-1
-1
0
-1
-1
2
2
2
2
1
1
1
2
2
1
1
3
1
1
2
3
3
3
4
4
3
3
2
3
2
0
1
1
1
1
-1
-2
-3
-3
-3
-4
-3
-5
-5
-6
-5
-4
-4
-4
-5
-5
-5
-4
-3
-3
-3
-3
-5
-5
-5
-5
-3
-4
-3
-3
-3
-3
-2
-1
-1
0
0
1
0
1
1
3
4
6
8
7
8
9
10
11
11
10
10
11
11
12
10
10
8
8
8
6
6
3
4
4
3
3
3
2
2
2
2
2
3
3
3
1
1
2
0
0
0
-1
-1
-1
-2
-1
-3
-3
-6
-8
-9
-9
-9
-9
-9
-9
-8
-9
-9
-9
-8
-9
-8
-8
-8
-7
-6
-4
-3
-3
0
1
1
1
3
4
4
5
5
6
7
6
7
8
7
5
6
6
7
7
7
6
5
4
5
4
4
5
3
3
2
2
2
0
-1
-2
-3
-2
-4
-6
-8
-8
-8
-8
-8
-9
-9
-8
-9
-9
-10
-9
-10
-11
-12
-12
-13
-12
-13
-12
-13
-13
-12
-11
-9
-8
-6
-7
-5
-6
-4
-3
-2
-1
-2
-1
-1
0
1
1
1
2
4
5
4
6
7
7
7
7
8
9
9
11
12
12
14
13
14
15
16
17
16
17
17
17
17
17
17
19
19
18
16
14
13
13
11
11
9
10
9
9
9
8
6
5
5
4
2
0
-4
-5
-7
-9
-10
-10
-11
-13
-12
-12
-12
-14
-15
-16
-16
-18
-19
-19
-20
-20
-19
-19
-18
-18
-18
-17
-17
-16
-16
-16
-15
-15
-12
-10
-10
-8
-6
-5
-5
-3
-2
-2
-1
-1
0
0
0
0
2
4
4
6
6
7
8
10
12
13
14
14
14
15
15
16
17
16
15
15
15
14
13
14
13
10
9
10
9
7
5
3
1
0
-2
-2
-2
-3
-4
-4
-5
-4
-4
-4
-4
-3
-3
-4
-5
-6
-3
-4
-4
-2
-2
-2
-4
-3
-4
-4
-6
-5
-6
-5
-5
-6
-5
-7
-6
-6
-6
-6
-6
-6
-5
-4
-3
-3
-2
-2
0
1
0
2
4
4
4
5
3
3
2
2
1
2
2
0
-1
-1
-1
0
0
1
2
4
3
3
3
2
4
3
4
4
4
5
5
3
5
4
3
5
7
7
6
5
6
6
7
6
6
5
5
4
3
3
4
4
4
3
2
1
1
1
0
1
-1
-1
-5
-4
-5
-6
-7
-7
-7
-8
-8
-8
-9
-10
-10
-9
-9
-10
-10
-9
-9
-8
-8
-7
-6
-5
-5
-5
-6
-6
-6
-7
-7
-7
-9
-7
-6
-5
-3
-4
-3
-1
-1
-1
1
0
2
2
2
3
3
2
3
3
3
2
2
3
4
4
4
5
5
7
6
6
7
7
8
7
7
9
8
8
9
9
9
10
9
9
9
9
10
10
8
7
7
8
7
7
6
6
5
4
5
4
3
1
1
1
-1
-1
-2
-2
-3
-2
-4
-3
-4
-5
-5
-6
-6
-6
-7
-6
-4
-6
-5
-5
-5
-6
-5
-5
-5
-4
-4
-6
-6
-7
-7
-6
-8
-7
-6
-6
-6
-8
-8
-7
-7
-7
-7
-8
-10
-9
-10
-11
-9
-9
-8
-9
-7
-4
-2
-3
-2
0
1
1
3
4
3
4
5
7
8
9
10
11
12
14
14
15
14
13
14
13
13
13
11
9
8
8
8
5
2
0
-2
-1
-2
-3
-3
-2
-1
-1
-1
-1
-1
-2
-3
-3
-4
-4
-3
-3
-3
-2
0
2
3
5
6
9
11
10
11
10
9
8
8
7
4
5
5
5
5
6
4
4
3
2
0
-2
-5
-7
-10
-13
-15
-16
-17
-18
-18
-19
-17
-17
-16
-14
-14
-13
-11
-10
-10
-9
-9
-9
-9
-7
-5
-3
-1
2
3
5
5
8
8
9
9
9
9
8
8
6
3
1
1
-1
-3
-4
-3
-4
-4
-4
-4
-3
-4
-4
-6
-7
-7
-8
-9
-9
-10
-11
-9
-10
-8
-7
-7
-5
-6
-3
-2
-2
-1
-1
-1
0
0
1
0
0
0
3
5
6
9
11
13
13
14
14
13
12
12
12
11
11
11
12
12
14
17
19
22
23
25
25
27
25
25
26
25
25
25
23
25
25
25
26
25
25
24
22
18
16
12
9
6
0
-4
-10
-14
-17
-18
-18
-19
-22
-19
-19
-21
-20
-24
-25
-27
-29
-32
-36
-33
-36
-37
-39
-41
-39
-38
-28
-25
-22
-16
-15
-12
-11
-8
-4
-3
0
-2
-4
-8
-7
-9
-14
-9
-6
-4
-8
-11
-8
-4
1
3
1
0
2
9
1
-6
-2
-1
-3
-3
-6
-12
-10
-6
-14
-15
-9
-3
0
12
12
7
3
-8
-9
-7
-1
6
10
11
7
10
6
-4
5
15
26
29
26
24
15
17
17
15
22
24
27
28
20
23
30
25
24
22
30
25
24
19
12
17
34
35
23
14
6
16
14
-1
-8
-4
12
26
13
-8
-26
-8
-1
-2
3
-3
0
1
0
-15
-15
-7
-8
-17
-18
-32
-26
-37
-28
-14
-22
-13
-20
-27
-24
-19
-24
-39
-42
9
12
18
18
-12
-20
-42
-35
-40
-10
27
31
33
7
-36
-31
-23
-9
17
24
25
-2
4
-12
-19
16
36
42
34
22
-3
-14
-16
-1
-2
10
38
24
10
-14
-28
-33
-10
5
19
8
23
13
-10
-11
-46
-45
-17
0
19
6
-23
-28
-16
-9
-13
-10
-7
16
29
31
-24
-45
-10
-2
22
30
8
-16
-18
-14
-57
-37
17
45
59
33
-12
-64
-59
-23
-19
41
52
35
27
-27
-30
-17
-1
40
61
64
31
-2
28
22
47
63
18
32
46
13
4
-23
10
53
58
31
-32
-45
-5
1
-16
-18
-15
55
67
23
-17
-54
-51
-5
-13
-11
-7
19
10
-50
-33
-34
-11
4
-14
-25
-26
-22
-37
-47
20
31
8
-33
-76
-52
-35
6
-25
-38
33
27
-17
-42
-46
2
-11
-20
-24
-22
51
64
51
25
3
-1
2
-52
-7
38
29
51
6
-55
-44
41
59
14
15
4
-48
30
51
-15
4
29
-4
-11
16
-42
7
80
26
-26
-62
-55
-25
71
94
29
0
-19
-84
-4
16
-34
19
26
-49
-36
10
-50
-38
57
66
37
0
-69
-114
-47
68
5
32
77
4
94
73
-79
-84
-46
44
40
33
24
8
26
-4
-93
-38
8
39
19
-25
-44
68
81
1
-1
-33
-29
-17
-46
-61
-40
49
102
14
26
-11
-34
-7
-61
-58
-86
-59
15
77
85
81
55
-70
-73
2
-65
-66
-33
29
132
123
75
-142
-149
57
40
57
33
-48
29
40
-45
-115
-64
60
153
157
8
-108
-31
23
41
29
54
-1
59
97
-43
-28
4
-57
-5
15
-36
-10
53
122
79
125
17
-132
-95
-70
-95
-27
18
-14
-23
0
-123
-179
-74
-22
22
52
33
-16
10
34
-79
-26
65
19
41
-9
-135
-108
27
64
-2
-12
-71
-166
-88
-82
-100
-43
66
20
14
-2
-98
-17
172
166
133
105
14
-73
-70
-61
-153
-15
133
108
145
106
-37
-1
69
43
22
97
45
-39
36
9
-67
34
64
-11
-19
-12
-122
-143
-35
2
84
184
88
0
39
-2
-43
12
39
58
141
107
-73
-127
-114
-121
-73
0
-42
-40
79
60
-39
16
60
54
162
148
0
-46
-35
-148
-130
-36
-5
4
63
32
-74
-40
-29
-123
-71
47
91
143
161
47
-71
-42
-47
-97
-74
-9
-11
35
65
-79
-88
34
3
21
82
32
2
74
58
-24
31
36
-82
-56
-17
-127
-118
-77
-88
-63
35
55
48
99
102
34
27
-18
-125
-137
-95
-72
-58
-5
-18
40
72
0
-62
-56
-31
-16
23
32
61
105
96
35
34
15
8
-13
59
42
8
84
73
89
81
-18
-127
-173
-136
-131
-109
52
67
52
65
-2
-30
-15
23
30
56
74
-17
-58
-18
-32
-1
83
99
33
-4
-57
-103
-8
124
140
119
113
-10
-131
-154
-141
-98
-1
55
52
85
101
0
24
133
94
61
6
-64
-58
-6
-12
6
50
66
25
10
-3
-71
-45
-10
-22
44
38
-54
-88
-97
-92
-100
-38
-3
40
115
46
-9
-29
-40
-48
0
89
54
21
-2
-46
-9
-16
-51
-80
-78
-44
-108
-132
-135
-118
-91
-65
-55
-39
55
90
145
183
124
51
-58
-110
-105
-93
-64
-73
2
71
27
-20
-47
-26
11
63
62
0
35
46
24
13
11
13
31
85
70
22
52
65
82
98
91
99
113
113
62
61
69
29
27
72
101
114
53
-79
-184
-172
-141
-141
-113
-70
-4
52
23
-12
67
145
171
170
103
16
-35
-32
-15
-13
15
-38
-119
-127
-168
-184
-69
78
97
81
50
-43
-91
-124
-100
-32
34
61
-30
-83
-100
-76
-32
-84
-33
68
80
42
-52
-38
1
-15
-61
-69
-8
-13
-22
-35
-48
-19
-6
-3
-29
11
51
18
40
31
14
30
52
58
37
42
76
83
77
63
-6
-60
-71
-117
-146
-154
-115
-52
-63
-41
-3
43
90
116
185
216
153
96
82
70
69
19
-31
-66
-124
-120
-157
-149
-27
37
83
85
61
54
40
39
35
73
70
16
-36
-39
-39
-84
-51
-74
-67
30
13
31
55
66
21
-71
-9
-6
-7
41
-2
-5
-47
-125
-164
-191
-117
-61
-33
23
38
78
139
138
161
153
98
37
-16
10
9
-39
3
-9
-67
-102
-110
-56
-19
41
38
1
15
2
-27
-17
39
71
88
78
28
38
24
9
-2
-22
37
-35
-48
-8
-54
7
-64
-135
-71
-50
-9
-26
20
103
38
32
2
-61
-57
-52
-28
-2
47
62
45
51
21
-12
-45
-38
13
61
127
58
27
67
-58
-134
-109
-80
-35
-33
22
23
-7
38
3
42
121
105
70
65
87
60
27
1
-28
-20
-37
-39
-6
63
85
3
2
-12
-59
-49
-82
-55
3
13
-11
-79
-41
-36
-100
-61
-40
-30
-69
-125
-134
-122
-103
-113
-87
-40
20
63
6
9
6
0
21
-38
-42
-74
-48
15
-16
22
24
31
82
64
70
86
137
171
181
186
92
28
-2
-43
-60
-37
-24
-50
-13
24
62
66
81
114
99
153
120
107
128
44
53
26
-10
-24
-85
16
23
-2
41
-21
42
62
-12
-75
-106
-57
-103
-146
-136
-138
-135
-138
-141
-138
-76
-40
-60
6
6
-48
-90
-144
-106
-81
-12
46
69
114
86
42
16
-22
-82
-94
-79
-85
-53
1
68
130
139
158
110
106
125
57
73
63
52
82
93
163
90
-8
0
-10
10
-34
-30
74
180
240
169
117
93
26
-35
-83
-47
-53
-57
-88
-121
-70
-113
-96
-52
7
71
6
27
21
-12
-36
-119
-76
-66
-47
-28
-43
31
-53
-144
-155
-156
-103
-151
-120
-69
-96
-117
-210
-225
-199
-167
-161
-214
-171
-178
-178
-129
-125
-84
-137
-153
-135
-131
-43
-21
54
145
122
199
243
257
275
208
163
127
88
66
42
111
205
180
200
200
184
220
260
317
441
502
479
453
399
359
292
254
257
205
158
135
121
159
186
163
189
236
206
118
0
-70
-102
-189
-211
-215
-217
-220
-348
-442
-481
-561
-705
-905
-973
-872
-648
-328
-31
175
214
84
-196
-475
-682
-902
-995
-931
-846
-760
-683
-563
-466
-388
-247
-121
163
575
896
1142
1203
1121
888
583
346
158
75
19
-20
62
147
166
229
367
571
684
737
773
783
889
1022
1101
1125
1064
972
852
691
530
321
177
86
22
31
-1
9
26
6
-21
-144
-219
-328
-476
-571
-716
-788
-841
-895
-922
-1021
-1061
-1158
-1227
-1089
-1054
-977
-877
-915
-930
-1061
-1141
-1168
-1307
-1324
-1410
-1509
-1457
-1532
-1375
-848
-78
876
1602
2152
2500
2461
2151
1558
947
503
174
-81
-366
-568
-731
-783
-666
-514
-196
169
614
1122
1487
1785
1859
1991
2313
2411
2452
2368
2107
1723
1078
442
-127
-522
-675
-784
-687
-512
-377
-139
60
247
355
340
351
266
125
-100
-492
-848
-1218
-1562
-1757
-1895
-1842
-1704
-1549
-1292
-1080
-868
-748
-681
-611
-706
-869
-1156
-1453
-1570
-1697
-1718
-1663
-1409
-718
11
799
1610
2206
2598
2454
1907
1198
525
297
171
16
-132
-442
-766
-1093
-1191
-1004
-600
114
801
1391
1847
1999
2090
2137
2208
2294
2233
2238
2068
1653
1138
395
-262
-745
-1036
-999
-864
-627
-425
-273
46
283
456
532
453
396
173
-115
-455
-930
-1291
-1663
-1957
-2042
-2021
-1741
-1385
-986
-564
-378
-236
-207
-423
-651
-875
-1101
-1223
-1305
-1396
-1532
-1641
-1557
-1271
-642
152
847
1679
2377
2652
2431
1650
977
671
555
349
-90
-416
-892
-1324
-1448
-1407
-855
-98
579
1122
1474
1814
1991
2283
2594
2545
2309
1833
1429
1106
679
271
-184
-438
-576
-719
-646
-521
-353
-152
75
418
627
684
657
570
405
-18
-564
-1025
-1414
-1713
-1975
-2113
-2033
-1861
-1519
-1086
-673
-272
-53
65
74
-50
-142
-385
-701
-1042
-1531
-1967
-2297
-2404
-2258
-1765
-894
5
870
1769
2565
3026
2895
2179
1291
854
772
569
236
-185
-646
-1159
-1547
-1611
-1258
-438
400
957
1325
1561
1844
2246
2652
2757
2421
2070
1822
1620
1366
849
254
-320
-762
-1016
-1153
-938
-601
-319
21
342
658
806
835
858
671
224
-350
-940
-1426
-1827
-2241
-2492
-2582
-2458
-2075
-1619
-931
-324
113
516
602
535
182
-268
-684
-1288
-1713
-2265
-2621
-2675
-2563
-1845
-1241
-478
351
1008
1977
2625
2941
2620
1840
1718
1569
1244
893
210
-500
-1310
-1872
-1976
-1645
-718
205
674
991
1179
1445
1929
2481
2939
2949
2787
2619
2426
2167
1478
596
-296
-1019
-1385
-1517
-1160
-740
-427
17
282
594
768
785
936
875
671
157
-565
-1094
-1761
-2307
-2657
-2856
-2716
-2460
-1937
-1287
-707
-112
208
266
147
-167
-381
-679
-1052
-1407
-1974
-2353
-2706
-2827
-2221
-1486
-562
187
597
1206
1726
2345
2333
1789
1923
2127
2149
1777
848
-131
-1200
-1827
-1849
-1549
-637
372
886
1047
957
1001
1373
1855
2595
3077
3134
3158
2955
2613
1875
864
42
-730
-1147
-1263
-1123
-715
-443
-135
199
434
610
708
863
1028
995
633
-6
-774
-1452
-2105
-2626
-2785
-2855
-2642
-2214
-1708
-1032
-608
-242
-65
-152
-150
-292
-355
-558
-1134
-1829
-2488
-2956
-3139
-2523
-1583
-718
-4
373
772
917
1402
1714
1314
1725
2322
2577
2397
1490
637
-616
-1574
-1690
-1636
-773
372
961
1043
604
271
398
824
1774
2752
3257
3613
3593
3307
2720
1631
676
-137
-693
-833
-740
-391
-227
-147
-27
-25
-41
11
255
542
817
837
442
-216
-914
-1586
-2240
-2523
-2615
-2549
-2223
-1893
-1392
-1027
-716
-437
-451
-394
-426
-485
-622
-1126
-1791
-2475
-2921
-3183
-2770
-1768
-822
146
491
652
664
743
1237
1007
1055
1891
2568
3009
2511
1470
190
-1295
-1860
-1852
-1301
-68
875
1060
600
-46
-244
59
866
2209
3359
4019
4253
3978
3386
2366
1240
442
-92
-345
-334
-169
-165
-346
-571
-667
-572
-464
-46
484
932
1322
1159
633
-100
-930
-1475
-1975
-2245
-2246
-2243
-1992
-1739
-1569
-1337
-1154
-894
-622
-405
-158
-287
-736
-1332
-2194
-2815
-3108
-2976
-2308
-1412
-345
368
634
821
747
742
698
444
552
1379
2630
3349
2903
1665
4
-1678
-2478
-2356
-1438
176
1498
1846
1093
-34
-609
-656
133
1612
3054
4075
4368
4141
3406
2238
1110
264
-106
-179
-143
24
-8
-397
-891
-1218
-1199
-887
-331
517
1167
1446
1336
660
-176
-970
-1476
-1731
-1879
-1835
-1875
-1938
-1996
-2044
-1978
-1834
-1372
-911
-418
-20
-129
-467
-1342
-1973
-2311
-2501
-2052
-1611
-722
-41
92
225
-93
-134
257
723
1208
1440
2296
3193
3263
2613
1321
-42
-1206
-1549
-1140
-379
603
1286
1050
-94
-1201
-1530
-1036
239
2159
3816
4467
4223
3485
2589
1621
1017
1008
1078
1043
770
250
-509
-1447
-2007
-2064
-1589
-730
133
858
1223
1114
661
8
-511
-682
-705
-733
-896
-1278
-1891
-2499
-2804
-2734
-2376
-1799
-1143
-632
-368
-304
-516
-939
-1301
-1572
-1450
-1314
-1049
-1024
-1430
-1188
-1139
-768
-263
-51
684
955
1303
1391
1324
2396
3114
3226
2605
1125
-9
-1050
-1276
-694
31
886
1011
245
-964
-1873
-1891
-845
948
3002
4355
4557
3966
2856
2007
1437
1295
1724
1852
1577
812
-265
-1375
-2358
-2613
-2174
-1299
-256
518
773
615
107
-351
-472
-425
-180
-125
-348
-875
-1743
-2524
-3066
-3095
-2759
-2241
-1495
-991
-713
-640
-669
-687
-806
-763
-740
-803
-1087
-1361
-1834
-2202
-1801
-1181
-357
237
497
732
756
1178
1420
1579
2776
3703
3904
3149
1631
232
-934
-1208
-740
-166
655
1035
316
-978
-2029
-2022
-916
868
3055
4491
4566
3767
2610
1946
1674
1904
2384
2490
2083
914
-393
-1692
-2669
-2742
-2285
-1357
-451
114
337
-45
-476
-827
-988
-666
-140
276
201
-549
-1541
-2439
-3042
-2986
-2448
-1762
-1178
-919
-995
-1112
-1080
-833
-536
-352
-434
-981
-1744
-2090
-2249
-2213
-1487
-732
-93
290
340
481
584
1221
1896
2075
3008
3926
4022
3237
1631
109
-1142
-1400
-629
249
1102
1267
354
-1277
-2497
-2332
-1040
1020
3272
4624
4506
3336
2002
1293
1427
2319
3098
3419
2785
1025
-801
-2363
-3147
-2942
-1966
-637
-87
-86
-587
-1604
-2093
-2057
-1280
-199
650
967
321
-812
-2148
-3008
-3059
-2424
-1424
-729
-466
-798
-1407
-1687
-1547
-931
-276
42
-34
-723
-1534
-2158
-2387
-2012
-1570
-862
5
541
847
887
890
1090
1641
2154
2505
3274
3975
3697
2416
866
-504
-1384
-1110
-196
622
1233
1080
-90
-1686
-2462
-1951
-424
1727
3613
4296
3469
2071
989
681
1539
2610
3345
3318
2133
516
-1171
-2179
-2407
-2015
-1002
-413
-398
-755
-1621
-2320
-2547
-2107
-1205
-288
356
204
-504
-1464
-2148
-2164
-1627
-792
-228
-89
-419
-1093
-1489
-1485
-1047
-379
-151
-164
-733
-1671
-2266
-2591
-2054
-1206
-498
362
708
703
487
274
714
1419
2302
2778
2963
3427
3256
2199
913
-75
-619
-497
291
979
1239
1180
208
-1435
-2515
-2241
-948
761
2447
3233
2689
1345
326
274
1178
2651
3653
3834
2921
1144
-432
-1507
-1762
-1373
-843
-448
-853
-1697
-2534
-3296
-3309
-2675
-1674
-688
-208
-313
-850
-1394
-1596
-1260
-582
112
384
118
-395
-1076
-1472
-1372
-964
-281
-130
-501
-998
-1653
-1898
-1922
-1294
-462
-221
130
221
121
332
633
1289
1829
2313
2641
2099
2136
2658
2706
2397
1672
1048
550
364
784
903
875
754
-218
-1444
-2275
-2135
-1078
230
1468
1928
1437
653
119
353
1350
2572
3461
3517
2737
1380
-32
-898
-1204
-1122
-922
-1047
-1568
-2282
-3034
-3642
-3673
-3047
-2155
-1384
-857
-704
-938
-1053
-871
-427
217
700
785
441
-162
-741
-1053
-982
-589
-136
-217
-583
-1057
-1406
-1448
-1338
-738
-366
-368
-119
-113
-43
319
727
1327
1758
2263
2324
1947
2382
3046
3103
2583
1756
1035
532
609
901
809
711
364
-751
-2181
-2788
-2192
-1028
231
1080
1015
197
-494
-301
715
2172
3371
3830
3424
2227
728
-388
-719
-537
-299
-354
-1046
-2160
-3197
-3915
-4111
-3628
-2647
-1705
-1077
-865
-1082
-1288
-1085
-471
388
1083
1287
972
317
-271
-607
-551
-126
294
496
104
-712
-1221
-1488
-1444
-1110
-754
-481
-613
-664
-563
-408
90
628
1232
1731
2020
1898
1567
1977
2744
3038
2669
2040
1490
894
812
895
739
783
548
-426
-1845
-2677
-2486
-1737
-727
83
182
-250
-585
-339
718
1963
2863
3435
3279
2372
1089
211
-24
-17
248
70
-856
-2034
-3078
-3627
-3654
-3004
-2080
-1535
-1281
-1334
-1529
-1520
-1052
-155
708
1234
1246
746
170
-104
-202
45
363
594
590
-204
-815
-1211
-1296
-939
-775
-344
-504
-1006
-886
-898
-478
91
609
1124
995
1173
1061
791
1560
2624
3119
2716
2119
1681
1155
1087
1281
1180
1061
843
-192
-1749
-2684
-2631
-1961
-1054
-207
-67
-650
-1026
-757
161
1357
2366
2946
2808
2068
1053
462
418
526
772
648
-223
-1502
-2475
-2846
-2865
-2347
-1676
-1477
-1496
-1573
-1685
-1716
-1322
-538
190
756
904
584
145
18
158
290
532
680
605
70
-458
-547
-661
-466
-339
-325
-455
-988
-883
-786
-648
-135
75
291
32
117
479
402
1248
2388
2906
2530
1727
1383
815
824
1399
1453
1320
1025
175
-1417
-2531
-2400
-1702
-816
-58
65
-614
-1291
-1259
-508
636
1546
2095
2112
1534
816
320
273
542
1027
1204
468
-652
-1404
-1751
-1688
-1224
-861
-921
-1195
-1316
-1337
-1318
-937
-342
183
441
348
65
-245
-193
184
464
567
497
347
94
-59
71
144
161
44
-252
-535
-947
-952
-557
-293
13
-47
-231
-523
-557
103
275
539
1415
1913
1791
1022
604
413
272
892
1157
1094
1085
727
-267
-1605
-2040
-1609
-860
68
506
87
-845
-1468
-1328
-428
683
1420
1720
1465
813
52
-243
56
707
1385
1261
392
-515
-1065
-1163
-827
-281
-172
-448
-677
-847
-905
-694
-291
-46
97
88
-141
-442
-543
-251
21
299
351
195
56
-180
-65
57
75
-26
-267
-204
-514
-704
-551
-469
-122
-103
-134
-402
-628
-134
-67
-40
553
1193
1337
661
113
-165
-198
482
1015
1042
1030
863
38
-1082
-1538
-1106
-301
551
978
560
-382
-1247
-1294
-436
621
1366
1736
1571
814
61
-301
-278
358
1272
1568
906
0
-662
-1008
-612
156
574
452
87
-228
-486
-544
-415
-217
35
125
-87
-457
-765
-748
-398
-58
35
-64
-203
-314
-367
-228
-175
-284
-265
-244
-378
-737
-771
-612
-466
-173
-185
-343
-489
-340
-281
-680
-347
455
906
721
20
-325
-511
-129
558
747
1025
1138
684
-377
-1317
-1199
-432
543
1210
1108
431
-555
-1060
-548
454
1281
1756
1716
1029
46
-501
-461
32
1057
1705
1386
594
-189
-647
-498
246
857
855
555
76
-463
-720
-679
-455
-101
177
51
-397
-854
-1055
-908
-509
-227
-146
-30
-204
-410
-473
-459
-436
-563
-331
-477
-759
-442
-292
-79
-202
-280
-264
-532
-64
-42
-381
-227
148
591
92
-356
-375
-421
46
244
221
187
330
438
-158
-654
-704
-217
521
1024
1157
912
340
-203
-20
577
1020
1217
1338
1032
294
-72
-267
-163
478
1143
1224
591
89
-391
-584
-18
529
786
669
390
-26
-405
-389
-308
-58
263
221
-177
-612
-884
-985
-759
-428
-193
-93
-268
-615
-943
-968
-1043
-1046
-736
-691
-706
-573
-450
-541
-665
-273
-73
-28
222
39
-374
-515
21
483
386
233
-93
-387
-409
-381
-394
-175
446
661
205
-365
-598
-231
429
1131
1465
1455
1095
451
278
538
875
1171
1523
1574
1025
522
170
-71
215
815
1121
967
739
366
-99
-26
297
463
514
525
317
-56
-210
-336
-403
-223
-107
-268
-539
-721
-834
-870
-761
-649
-597
-661
-930
-1204
-1268
-1243
-1286
-1198
-1078
-1067
-965
-804
-788
-897
-758
-417
-210
-57
32
-231
-574
-454
-64
73
-9
-50
-129
-345
-474
-521
-437
164
855
1013
599
103
21
226
721
1309
1657
1741
1320
769
514
511
730
1074
1543
1641
1260
793
342
159
458
966
1235
1252
1141
745
284
125
194
265
343
445
361
195
-72
-385
-579
-614
-591
-605
-553
-554
-695
-871
-976
-1080
-1169
-1198
-1183
-1124
-1119
-1246
-1430
-1529
-1525
-1378
-1112
-842
-743
-699
-581
-631
-681
-567
-437
-444
-323
95
208
-109
-403
-456
-347
-156
145
338
596
985
983
536
95
214
649
1061
1443
1595
1536
1186
716
482
561
892
1219
1522
1683
1500
1132
767
599
773
1120
1341
1390
1318
1045
589
247
173
158
191
258
239
134
-136
-499
-846
-977
-886
-831
-727
-623
-659
-853
-1134
-1298
-1373
-1337
-1230
-1123
-1022
-1060
-1258
-1531
-1733
-1746
-1513
-1135
-828
-698
-703
-839
-1097
-1223
-1069
-813
-500
-127
217
234
-33
-291
-404
-228
173
615
904
1092
1166
910
482
236
370
746
1109
1374
1396
1241
949
643
594
775
1068
1332
1569
1727
1639
1400
1121
935
964
1087
1210
1277
1257
1082
760
493
329
189
91
57
62
63
-57
-278
-526
-700
-785
-875
-860
-763
-709
-738
-891
-1062
-1218
-1347
-1355
-1315
-1216
-1189
-1336
-1553
-1778
-1849
-1733
-1510
-1270
-1123
-1077
-1151
-1287
-1293
-1125
-892
-627
-327
-53
81
70
7
-7
104
352
572
714
910
1115
1105
869
672
641
700
820
1010
1195
1306
1283
1168
1066
1036
1090
1188
1311
1411
1462
1470
1387
1275
1196
1118
1029
971
1002
990
886
786
632
392
162
18
-22
-44
-96
-234
-438
-591
-720
-817
-846
-829
-826
-912
-1005
-1076
-1141
-1204
-1269
-1303
-1326
-1352
-1436
-1561
-1689
-1750
-1708
-1637
-1559
-1485
-1420
-1387
-1360
-1267
-1148
-1016
-810
-594
-425
-302
-132
53
203
399
581
687
738
805
921
1049
1199
1310
1333
1334
1350
1367
1364
1377
1402
1394
1376
1374
1364
1323
1267
1209
1150
1107
1085
1088
1091
1086
1040
952
845
733
655
585
505
403
278
151
19
-99
-216
-348
-469
-580
-658
-699
-742
-793
-855
-934
-1045
-1176
-1286
-1358
-1405
-1448
-1513
-1592
-1688
-1806
-1880
-1892
-1868
-1827
-1759
-1678
-1610
-1529
-1421
-1339
-1257
-1118
-941
-769
-605
-430
-249
-76
112
301
451
612
753
894
1048
1217
1405
1552
1690
1781
1805
1817
1794
1756
1691
1641
1639
1626
1602
1547
1473
1396
1311
1243
1175
1109
1062
1024
989
941
891
822
723
596
460
334
220
130
51
-72
-207
-325
-422
-517
-621
-710
-818
-931
-1026
-1118
-1225
-1345
-1473
-1571
-1644
-1668
-1663
-1697
-1729
-1735
-1709
-1704
-1706
-1688
-1642
-1602
-1547
-1489
-1428
-1343
-1230
-1095
-980
-878
-774
-649
-493
-301
-119
60
248
438
625
816
1042
1271
1468
1618
1723
1801
1849
1885
1913
1934
1944
1934
1896
1821
1737
1650
1545
1436
1350
1288
1208
1125
1059
991
904
812
739
665
584
500
405
303
205
110
14
-85
-183
-281
-381
-479
-594
-722
-855
-971
-1080
-1195
-1306
-1407
-1489
-1550
-1601
-1649
-1703
-1741
-1721
-1671
-1620
-1604
-1600
-1597
-1594
-1577
-1547
-1514
-1466
-1405
-1340
-1261
-1170
-1050
-926
-787
-629
-455
-274
-94
88
262
457
661
854
1041
1211
1361
1484
1593
1692
1779
1863
1934
1983
1996
1973
1931
1873
1814
1753
1697
1644
1573
1489
1409
1323
1213
1105
1017
931
844
756
663
568
479
395
270
126
1
-112
-208
-305
-390
-487
-614
-746
-879
-997
-1104
-1196
-1264
-1320
-1376
-1416
-1457
-1503
-1547
-1549
-1529
-1515
-1515
-1519
-1515
-1508
-1487
-1466
-1446
-1424
-1382
-1325
-1262
-1189
-1093
-981
-851
-721
-590
-464
-344
-203
-43
136
317
489
646
781
896
1000
1104
1216
1326
1423
1502
1559
1584
1581
1577
1577
1577
1571
1560
1543
1511
1472
1427
1372
1309
1256
1204
1134
1045
940
828
714
609
502
381
250
120
0
-114
-217
-312
-410
-518
-625
-726
-818
-904
-972
-1022
-1068
-1107
-1139
-1169
-1199
-1218
-1224
-1238
-1260
-1281
-1299
-1307
-1304
-1284
-1261
-1244
-1223
-1192
-1157
-1111
-1042
-953
-850
-740
-631
-525
-421
-310
-191
-59
81
216
328
425
519
609
703
797
884
955
1004
1041
1062
1074
1094
1128
1165
1180
1179
1172
1162
1160
1156
1155
1148
1126
1097
1046
980
903
820
734
655
585
502
402
291
183
85
2
-72
-148
-230
-322
-407
-482
-549
-596
-633
-676
-720
-754
-782
-813
-829
-828
-825
-831
-846
-867
-896
-910
-904
-887
-871
-854
-835
-816
-795
-763
-704
-628
-546
-466
-393
-333
-270
-192
-109
-19
66
145
211
267
315
352
378
407
433
456
477
487
491
489
490
497
509
521
535
548
568
591
607
614
611
604
589
566
544
516
485
448
403
352
294
239
193
154
120
88
53
6
-50
-100
-150
-195
-231
-255
-277
-302
-320
-341
-366
-386
-395
-399
-405
-414
-418
-425
-429
-421
-409
-395
-385
-374
-369
-370
-364
-344
-308
-263
-215
-166
-127
-92
-56
-15
34
89
144
187
218
238
249
255
252
252
252
252
246
236
223
201
181
168
161
163
170
178
186
183
170
151
134
129
130
139
142
135
119
99
76
53
31
16
6
-4
-15
-35
-64
-93
-118
-137
-154
-162
-167
-170
-175
-188
-202
-214
-218
-206
-188
-175
-173
-178
-189
-198
-201
-200
-200
-197
-195
-195
-198
-193
-177
-147
-107
-67
-28
9
46
90
134
183
236
283
323
346
354
351
341
334
333
336
338
328
310
287
256
231
208
188
172
154
136
115
93
71
48
26
10
-1
-10
-23
-44
-73
-103
-124
-141
-148
-152
-156
-162
-173
-186
-203
-219
-233
-244
-254
-264
-271
-274
-276
-276
-269
-260
-244
-224
-205
-192
-185
-181
-182
-178
-171
-162
-158
-152
-145
-139
-136
-131
-121
-102
-72
-33
9
51
93
136
181
228
273
314
348
375
396
411
422
434
447
458
465
465
455
434
409
380
352
330
311
292
265
231
189
146
103
66
41
22
-2
-35
-77
-120
-157
-183
-200
-216
-230
-246
-265
-287
-315
-339
-359
-371
-380
-388
-396
-406
-412
-413
-404
-385
-363
-340
-319
-303
-294
-288
-280
-270
-252
-228
-208
-194
-187
-182
-177
-169
-154
-132
-103
-70
-33
0
32
64
100
138
180
225
271
312
351
388
423
452
478
504
528
546
556
556
548
540
527
513
500
484
460
428
393
355
317
279
244
210
174
139
101
62
22
-15
-48
-77
-104
-132
-160
-191
-226
-265
-299
-327
-351
-371
-392
-411
-429
-441
-445
-442
-435
-426
-417
-409
-406
-398
-392
-381
-370
-360
-348
-337
-331
-327
-319
-309
-296
-278
-257
-235
-212
-186
-156
-126
-92
-54
-15
27
70
113
156
200
246
295
338
379
417
451
480
502
519
536
549
561
569
570
564
552
535
516
495
471
450
428
405
377
343
303
261
219
182
148
121
93
62
27
-15
-59
-104
-149
-190
-228
-263
-297
-330
-358
-381
-401
-415
-422
-429
-433
-440
-445
-451
-453
-451
-447
-442
-443
-443
-443
-445
-447
-448
-445
-440
-432
-422
-412
-396
-375
-351
-324
-295
-266
-231
-191
-147
-96
-43
9
60
108
152
197
244
293
342
388
431
470
501
527
549
567
580
595
612
623
631
636
634
625
612
601
585
570
554
534
510
480
445
403
354
308
258
204
151
101
48
-3
-53
-99
-145
-185
-223
-258
-287
-314
-340
-366
-389
-412
-431
-448
-464
-479
-497
-513
-530
-544
-558
-570
-578
-584
-585
-584
-583
-575
-562
-546
-523
-502
-475
-442
-406
-365
-319
-271
-223
-177
-133
-88
-42
9
64
117
167
212
254
291
323
352
379
407
437
470
504
534
565
592
615
634
650
665
676
683
683
675
661
638
608
569
529
488
446
402
356
306
252
198
147
98
54
12
-29
-70
-107
-147
-189
-226
-265
-303
-339
-373
-407
-440
-473
-507
-539
-567
-592
-612
-626
-633
-640
-644
-645
-645
-640
-628
-613
-594
-571
-543
-513
-481
-445
-406
-367
-321
-272
-225
-175
-129
-87
-46
-8
29
65
103
140
179
218
257
294
333
373
414
452
490
526
560
590
615
638
655
668
677
679
677
669
658
643
624
603
574
544
509
470
428
384
341
300
257
213
166
120
71
18
-29
-75
-117
-157
-195
-236
-280
-322
-361
-394
-421
-446
-467
-490
-512
-536
-561
-580
-596
-603
-602
-595
-581
-565
-549
-528
-504
-481
-454
-423
-388
-357
-329
-302
-281
-262
-237
-208
-180
-147
-116
-83
-48
-17
16
53
95
138
178
212
244
278
312
346
375
406
441
474
500
519
531
542
551
554
557
557
548
533
514
488
457
428
405
380
351
318
277
235
193
150
110
73
40
6
-26
-62
-96
-130
-163
-198
-230
-254
-283
-320
-351
-375
-400
-425
-443
-453
-457
-458
-460
-458
-449
-437
-420
-404
-391
-370
-347
-333
-319
-301
-283
-268
-244
-212
-186
-166
-142
-112
-83
-52
-24
4
39
74
99
118
134
154
179
214
248
279
315
346
364
378
384
382
392
409
422
423
416
405
387
365
339
322
312
309
302
303
304
305
299
282
253
210
166
101
36
-24
-83
-148
-206
-268
-320
-354
-378
-403
-427
-423
-405
-381
-361
-346
-328
-305
-290
-297
-307
-309
-308
-316
-320
-333
-342
-334
-321
-309
-287
-258
-229
-196
-157
-114
-78
-38
12
67
118
156
184
227
255
244
215
174
130
106
111
124
147
198
258
298
343
392
422
457
505
525
517
505
493
467
432
378
297
224
170
117
76
59
45
31
22
12
7
8
-9
-34
-45
-51
-85
-132
-164
-185
-201
-227
-268
-315
-344
-368
-396
-426
-447
-453
-447
-439
-435
-426
-415
-396
-377
-353
-340
-330
-303
-272
-257
-254
-240
-219
-189
-155
-118
-86
-50
-7
30
68
113
156
197
240
276
304
328
349
372
394
405
405
408
423
440
453
451
438
424
410
391
367
351
335
320
297
260
226
199
181
156
133
113
92
70
54
33
10
-14
-53
-102
-149
-183
-219
-261
-296
-328
-364
-401
-430
-451
-460
-461
-461
-467
-472
-465
-443
-422
-407
-390
-370
-345
-327
-315
-310
-304
-277
-243
-213
-183
-146
-99
-49
-7
32
67
107
152
195
238
275
305
330
353
366
380
384
385
388
395
400
407
424
438
448
447
438
428
421
419
409
388
365
337
309
277
243
209
164
121
83
45
10
-18
-33
-44
-63
-84
-101
-128
-158
-191
-230
-268
-299
-325
-347
-367
-392
-420
-447
-463
-475
-496
-507
-513
-506
-486
-472
-460
-440
-411
-379
-359
-345
-332
-307
-266
-227
-192
-161
-128
-93
-52
-16
12
40
79
118
162
202
233
261
288
311
316
315
317
326
347
375
397
411
424
434
443
448
450
442
436
431
416
395
362
330
296
265
222
176
136
107
96
87
77
65
56
41
20
-6
-28
-49
-71
-96
-126
-156
-186
-217
-249
-280
-306
-332
-357
-379
-392
-401
-411
-413
-412
-400
-377
-359
-352
-344
-333
-317
-299
-282
-269
-256
-241
-225
-209
-192
-176
-156
-129
-99
-73
-47
-21
3
33
68
106
141
175
200
215
227
236
247
255
263
272
277
281
283
284
290
297
299
302
305
303
302
301
299
287
266
245
232
229
227
220
208
203
203
209
202
185
167
154
136
107
72
31
-7
-36
-59
-88
-117
-142
-160
-182
-204
-225
-245
-254
-258
-263
-276
-298
-314
-317
-318
-319
-330
-338
-337
-327
-309
-294
-281
-266
-249
-234
-225
-218
-207
-194
-180
-161
-146
-130
-105
-71
-39
-15
2
14
33
56
79
91
103
115
126
134
138
137
141
151
165
186
203
217
223
228
232
234
236
242
247
250
252
247
249
252
253
244
227
212
194
180
163
146
122
97
75
57
44
32
12
-8
-25
-31
-35
-41
-54
-71
-87
-107
-132
-159
-177
-185
-187
-196
-210
-225
-238
-251
-268
-282
-290
-289
-275
-253
-237
-228
-222
-211
-193
-169
-146
-130
-117
-103
-84
-67
-53
-40
-38
-46
-50
-47
-34
-16
5
26
40
58
73
85
100
112
124
136
148
171
202
231
258
278
293
299
299
292
276
259
248
240
231
215
190
160
136
126
122
116
107
100
102
107
112
115
105
90
72
51
29
9
-10
-27
-50
-76
-105
-135
-159
-176
-191
-205
-222
-236
-240
-235
-227
-221
-216
-207
-197
-184
-176
-175
-175
-173
-167
-163
-166
-172
-175
-169
-164
-161
-155
-147
-131
-109
-92
-83
-75
-58
-36
-15
1
9
13
24
47
72
92
113
132
150
166
182
192
196
198
198
192
181
169
158
149
143
136
130
124
123
123
124
131
137
143
148
151
148
139
126
109
91
71
48
19
-10
-32
-47
-56
-61
-64
-66
-79
-97
-113
-121
-120
-116
-110
-109
-111
-114
-115
-115
-113
-108
-105
-100
-99
-101
-100
-100
-100
-102
-108
-115
-126
-140
-146
-142
-128
-109
-88
-66
-44
-20
2
24
45
63
81
94
106
119
125
126
120
107
90
74
63
60
60
56
52
50
54
60
69
84
101
118
128
129
126
116
103
88
75
64
53
41
27
14
4
-4
-14
-25
-39
-53
-62
-64
-58
-50
-45
-44
-41
-40
-46
-52
-56
-56
-55
-50
-42
-34
-27
-22
-23
-27
-29
-30
-35
-42
-49
-61
-76
-89
-94
-97
-98
-97
-90
-72
-48
-22
1
22
50
77
103
124
142
155
160
155
140
116
90
65
42
24
5
-11
-22
-23
-18
-9
3
14
27
39
47
50
47
40
28
12
-8
-34
-61
-87
-108
-124
-135
-142
-148
-149
-151
-150
-149
-147
-145
-140
-134
-126
-117
-107
-97
-85
-78
-76
-72
-64
-51
-32
-9
11
28
45
59
71
77
80
79
74
69
68
68
71
81
93
106
123
142
161
178
190
203
215
228
236
238
230
215
196
176
157
137
117
100
88
80
76
75
78
81
78
71
61
49
35
18
0
-18
-40
-58
-80
-102
-131
-161
-191
-214
-235
-251
-264
-270
-270
-266
-259
-250
-235
-221
-208
-202
-201
-201
-202
-207
-212
-212
-205
-193
-180
-165
-150
-133
-114
-90
-62
-29
9
41
70
98
124
146
160
163
164
159
157
162
174
193
217
238
256
269
278
287
292
295
297
295
293
289
278
260
238
211
182
151
120
88
65
49
38
32
30
26
20
10
0
-8
-19
-29
-42
-60
-84
-115
-152
-188
-224
-260
-294
-322
-340
-354
-361
-365
-362
-356
-345
-328
-310
-287
-264
-240
-220
-206
-195
-187
-183
-179
-178
-174
-165
-150
-128
-103
-76
-48
-19
10
38
65
90
115
143
171
201
234
265
292
312
326
336
352
367
378
383
381
371
360
349
337
326
313
299
282
263
244
223
201
186
171
154
137
118
100
83
71
57
44
30
14
-8
-40
-77
-118
-159
-197
-233
-266
-299
-326
-350
-369
-385
-397
-403
-406
-404
-398
-387
-377
-365
-352
-340
-331
-323
-313
-306
-293
-276
-255
-230
-204
-180
-157
-137
-116
-92
-65
-36
-4
30
70
110
154
197
232
257
277
292
310
331
350
370
386
398
406
408
404
396
385
373
359
344
329
317
305
292
278
262
247
230
212
195
178
163
148
131
108
78
45
10
-26
-55
-82
-107
-128
-149
-172
-197
-219
-244
-270
-291
-311
-325
-336
-343
-349
-354
-361
-364
-365
-364
-359
-352
-342
-331
-317
-304
-290
-274
-258
-241
-223
-207
-192
-171
-150
-129
-105
-83
-63
-42
-19
10
44
83
126
169
210
248
278
297
310
318
321
321
317
312
304
293
283
272
259
247
234
223
217
213
210
208
205
199
190
180
167
154
139
122
106
92
77
60
39
13
-14
-43
-71
-97
-120
-137
-149
-158
-168
-174
-182
-189
-195
-200
-204
-209
-213
-213
-212
-211
-213
-218
-218
-217
-216
-216
-211
-203
-193
-181
-169
-155
-143
-130
-118
-104
-87
-69
-50
-31
-7
15
37
60
86
108
128
147
163
177
190
202
210
218
222
224
223
219
213
205
197
189
183
177
175
172
168
166
160
156
149
141
131
123
113
104
94
83
68
50
31
8
-15
-38
-60
-86
-109
-131
-148
-161
-167
-169
-168
-167
-166
-166
-166
-169
-167
-166
-164
-162
-159
-160
-163
-166
-170
-175
-181
-184
-183
-181
-173
-163
-150
-133
-116
-97
-78
-60
-42
-19
4
29
52
72
88
103
116
126
133
137
142
142
142
144
144
142
142
140
137
134
129
129
129
128
129
130
130
130
126
119
114
105
94
84
75
63
51
36
19
2
-16
-36
-54
-72
-88
-100
-112
-116
-117
-115
-111
-105
-98
-92
-85
-79
-72
-70
-71
-74
-81
-87
-94
-97
-97
-93
-88
-83
-78
-73
-70
-65
-57
-47
-32
-16
1
19
36
53
71
87
101
112
122
130
135
139
142
141
136
129
120
109
98
87
79
73
69
66
64
61
59
55
51
46
42
38
34
24
13
3
-8
-19
-32
-44
-56
-68
-78
-86
-94
-102
-111
-119
-125
-133
-139
-142
-143
-147
-146
-146
-143
-138
-131
-123
-116
-108
-99
-94
-89
-82
-72
-63
-53
-46
-39
-35
-32
-27
-21
-13
-4
7
17
28
38
49
62
75
90
107
123
137
149
160
170
181
188
193
194
193
189
181
173
165
156
146
135
127
120
113
107
101
95
87
82
76
70
62
53
42
33
23
10
-3
-18
-35
-51
-68
-85
-104
-122
-140
-157
-170
-182
-190
-201
-209
-215
-219
-220
-217
-212
-206
-201
-195
-190
-185
-179
-173
-167
-160
-153
-143
-135
-126
-117
-106
-94
-79
-62
-46
-28
-11
6
23
43
64
83
101
119
133
145
159
171
181
188
191
193
192
190
189
188
187
188
189
186
185
181
178
173
171
170
168
165
161
156
150
144
136
126
117
104
90
76
62
44
25
5
-17
-38
-61
-82
-100
-120
-138
-154
-167
-180
-190
-196
-198
-200
-202
-202
-200
-200
-199
-198
-196
-193
-191
-189
-185
-181
-174
-168
-159
-152
-142
-131
-118
-104
-88
-71
-51
-31
-11
10
26
41
57
70
81
93
106
115
122
129
134
138
142
145
148
149
149
148
147
146
145
149
149
150
150
150
149
147
145
145
141
136
131
122
112
101
89
77
61
45
28
9
-9
-26
-45
-64
-82
-97
-111
-122
-131
-140
-146
-150
-152
-153
-157
-159
-160
-162
-164
-168
-171
-172
-174
-174
-172
-171
-166
-161
-157
-148
-142
-131
-120
-109
-96
-80
-66
-52
-36
-20
-3
13
29
45
58
68
78
85
94
101
107
114
119
125
129
134
141
151
158
167
175
183
188
191
195
197
197
198
196
191
187
182
175
166
156
145
130
116
99
82
65
50
34
22
7
-8
-23
-39
-53
-67
-79
-91
-102
-113
-123
-131
-140
-152
-162
-170
-181
-190
-198
-204
-209
-212
-214
-212
-209
-205
-198
-191
-183
-175
-166
-156
-145
-135
-122
-107
-93
-78
-63
-50
-36
-24
-12
1
13
24
34
45
53
63
74
85
99
113
129
142
152
164
174
184
193
202
208
211
214
213
209
203
196
187
177
165
153
141
129
118
105
95
85
75
66
55
46
36
25
15
4
-7
-20
-34
-47
-62
-79
-95
-111
-126
-140
-152
-162
-172
-181
-187
-192
-195
-196
-196
-194
-192
-189
-184
-180
-173
-165
-156
-147
-137
-128
-118
-109
-102
-94
-86
-77
-69
-61
-51
-41
-31
-19
-6
8
24
41
57
74
91
106
120
136
150
162
171
179
185
188
189
187
184
181
176
171
164
157
151
143
137
131
126
122
115
110
104
98
90
80
72
61
49
35
23
9
-5
-19
-34
-48
-61
-73
-85
-95
-107
-115
-123
-129
-133
-137
-140
-141
-142
-143
-143
-142
-138
-134
-132
-130
-125
-119
-115
-109
-102
-98
-91
-88
-82
-77
-73
-65
-59
-51
-40
-31
-20
-9
5
18
32
46
57
70
78
89
96
101
105
108
111
111
112
112
113
114
114
115
114
115
114
112
108
105
102
98
95
91
87
82
76
71
65
58
49
41
30
19
9
-2
-11
-20
-30
-40
-47
-55
-61
-67
-75
-81
-86
-91
-95
-100
-103
-106
-108
-111
-113
-113
-114
-113
-113
-113
-112
-112
-111
-107
-106
-100
-94
-89
-80
-71
-63
-55
-44
-33
-22
-10
2
14
22
32
40
47
52
58
61
64
67
68
69
69
69
69
69
70
71
72
71
71
71
70
71
72
73
74
73
70
68
66
64
62
57
53
47
40
34
27
19
12
6
0
-5
-10
-17
-24
-26
-31
-35
-37
-39
-39
-40
-39
-39
-37
-36
-35
-34
-33
-34
-35
-36
-38
-39
-40
-42
-42
-41
-39
-38
-33
-30
-26
-21
-15
-9
-2
2
7
13
18
23
30
35
39
41
43
42
43
42
41
40
38
36
33
30
27
24
21
18
15
15
13
11
11
8
8
5
2
1
-3
-7
-12
-16
-20
-26
-28
-32
-34
-36
-37
-39
-41
-42
-43
-41
-41
-39
-36
-34
-33
-32
-30
-30
-28
-27
-24
-22
-21
-21
-21
-19
-18
-16
-15
-11
-7
-4
-1
4
7
10
14
18
21
23
25
28
31
34
37
40
43
43
44
42
42
41
38
36
35
33
29
27
23
23
21
20
20
17
17
17
17
14
14
11
9
9
7
3
-2
-5
-9
-13
-16
-21
-26
-29
-33
-38
-43
-46
-49
-51
-52
-52
-53
-53
-54
-53
-51
-48
-46
-42
-39
-34
-31
-29
-25
-21
-17
-14
-10
-6
-4
-1
3
5
9
14
19
23
27
31
34
39
42
47
51
58
61
64
68
68
69
71
71
71
70
68
67
65
62
59
55
52
50
45
42
37
32
28
24
20
16
9
3
-4
-11
-20
-30
-37
-46
-52
-59
-64
-69
-74
-79
-82
-86
-88
-90
-92
-94
-94
-93
-94
-94
-92
-87
-83
-77
-72
-67
-60
-55
-50
-45
-39
-34
-28
-20
-13
-6
-1
5
10
17
21
27
33
41
47
54
61
67
74
81
86
90
93
96
97
99
97
96
93
91
88
84
78
74
69
63
59
54
49
44
42
36
31
27
22
16
12
6
-2
-9
-17
-23
-29
-38
-45
-51
-59
-65
-72
-80
-86
-90
-93
-95
-97
-98
-98
-98
-95
-93
-90
-86
-82
-78
-73
-69
-65
-59
-55
-50
-43
-38
-31
-25
-19
-13
-8
-2
5
13
20
27
35
40
45
51
55
62
68
73
78
84
86
89
93
93
95
96
95
95
93
90
88
83
80
76
72
68
62
58
52
47
41
37
30
24
17
11
5
-2
-9
-17
-23
-30
-38
-43
-51
-58
-67
-72
-79
-83
-88
-92
-94
-95
-95
-94
-94
-94
-93
-91
-89
-86
-83
-81
-77
-74
-70
-65
-59
-54
-49
-41
-36
-30
-24
-20
-14
-8
-3
3
9
16
21
28
34
41
47
52
58
64
69
74
79
83
84
87
88
89
89
88
88
86
84
82
81
78
77
73
69
66
61
57
52
48
41
35
29
22
15
9
2
-4
-10
-17
-25
-32
-40
-46
-53
-62
-69
-74
-81
-88
-92
-97
-100
-103
-103
-103
-101
-98
-96
-93
-88
-85
-81
-78
-72
-67
-61
-55
-51
-45
-40
-34
-26
-20
-11
-3
3
12
19
26
32
40
49
55
62
68
72
78
81
84
87
90
92
96
95
95
97
97
96
94
91
87
82
76
70
66
62
57
52
48
43
38
32
26
20
13
5
-3
-13
-23
-31
-40
-46
-52
-59
-66
-72
-76
-81
-85
-88
-90
-94
-97
-99
-101
-100
-102
-102
-101
-96
-94
-92
-87
-83
-75
-70
-63
-58
-50
-45
-37
-31
-24
-16
-9
2
11
21
32
44
55
65
74
82
90
98
104
108
113
118
121
122
122
123
123
123
123
120
118
113
109
103
97
91
86
78
72
66
58
48
39
29
20
8
-2
-12
-24
-34
-45
-54
-65
-75
-86
-95
-105
-114
-123
-132
-139
-145
-152
-157
-163
-164
-166
-167
-166
-163
-160
-154
-149
-143
-135
-127
-119
-111
-103
-95
-84
-75
-64
-55
-45
-35
-23
-12
2
15
28
42
56
69
83
95
108
120
131
141
150
157
163
169
172
176
178
180
179
176
172
168
162
155
150
141
133
125
117
108
100
92
82
74
63
52
39
26
12
-1
-16
-29
-42
-56
-68
-80
-94
-105
-116
-124
-132
-139
-146
-151
-156
-159
-160
-162
-162
-162
-160
-158
-154
-150
-142
-135
-126
-118
-107
-98
-88
-77
-64
-52
-40
-28
-15
-2
10
22
34
47
60
72
85
95
106
117
128
139
147
155
162
167
172
175
176
176
175
173
169
163
157
149
142
135
127
117
106
94
84
74
61
50
38
25
10
-5
-20
-36
-52
-68
-82
-95
-108
-122
-133
-144
-152
-161
-168
-173
-179
-183
-185
-187
-188
-188
-188
-187
-183
-180
-177
-172
-168
-162
-156
-148
-139
-129
-121
-111
-99
-87
-74
-61
-47
-33
-19
-4
11
26
40
55
67
82
95
107
121
134
147
161
173
183
191
199
203
205
206
206
204
199
195
189
185
177
167
158
150
141
130
119
109
99
88
76
65
52
38
24
9
-4
-18
-34
-47
-60
-73
-85
-96
-107
-119
-129
-140
-147
-155
-159
-162
-166
-169
-168
-168
-168
-165
-162
-158
-154
-147
-142
-136
-131
-123
-113
-103
-95
-82
-70
-59
-45
-32
-16
-2
13
27
40
51
63
75
84
93
99
107
113
119
125
130
134
139
143
147
148
150
150
149
146
143
141
137
133
130
125
119
114
109
100
93
85
77
69
60
48
36
23
9
-7
-21
-36
-51
-65
-80
-96
-109
-122
-137
-147
-158
-165
-171
-178
-181
-184
-186
-185
-181
-178
-175
-170
-166
-161
-156
-150
-142
-133
-122
-114
-104
-94
-83
-72
-59
-47
-37
-26
-14
-5
6
17
30
42
53
64
75
85
95
106
115
123
130
136
142
148
152
156
159
163
163
165
166
166
165
162
160
156
152
146
140
132
123
115
104
94
80
68
55
42
28
16
3
-10
-21
-33
-47
-60
-73
-83
-92
-100
-107
-115
-119
-121
-125
-126
-126
-126
-124
-125
-123
-122
-120
-116
-113
-109
-107
-106
-104
-100
-97
-92
-87
-83
-77
-69
-61
-52
-44
-35
-27
-18
-8
1
9
19
27
36
45
55
62
70
77
83
87
92
96
99
101
102
105
105
105
103
100
96
92
87
80
74
68
60
52
46
39
35
29
22
15
8
2
-3
-9
-15
-21
-27
-33
-38
-43
-49
-51
-54
-55
-58
-60
-62
-62
-63
-64
-65
-65
-67
-66
-65
-65
-65
-63
-62
-62
-58
-57
-55
-51
-49
-47
-43
-39
-35
-32
-26
-22
-18
-11
-6
0
7
11
16
21
26
32
37
41
45
47
51
55
57
60
62
64
67
69
69
70
70
70
71
69
67
63
61
59
54
52
49
46
42
37
35
31
28
23
20
17
11
5
3
-3
-8
-13
-19
-23
-27
-30
-33
-34
-35
-37
-39
-39
-37
-35
-34
-34
-33
-33
-32
-31
-33
-30
-30
-30
-30
-29
-26
-25
-23
-22
-21
-20
-19
-19
-19
-18
-16
-14
-12
-11
-10
-6
-4
-3
-2
0
3
4
4
5
8
6
7
9
9
8
9
9
10
9
7
8
7
8
8
8
6
4
3
2
0
-3
-5
-8
-10
-11
-12
-14
-17
-18
-20
-20
-22
-23
-24
-23
-23
-24
-25
-24
-22
-20
-17
-17
-14
-14
-11
-8
-6
-4
-2
0
3
5
8
12
17
21
25
28
29
33
35
36
36
38
39
41
42
43
43
43
43
44
45
44
44
44
41
41
38
35
31
29
26
22
16
12
8
6
4
-1
-2
-4
-6
-8
-11
-13
-16
-19
-21
-25
-27
-31
-34
-37
-41
-42
-46
-47
-51
-52
-55
-55
-56
-55
-55
-54
-52
-52
-48
-46
-43
-41
-38
-35
-32
-27
-23
-18
-15
-10
-5
1
7
11
15
19
24
26
30
32
35
38
41
45
46
50
51
50
51
51
51
50
49
50
49
46
46
43
42
39
36
32
28
23
19
15
11
7
4
1
0
-3
-6
-10
-15
-17
-20
-22
-23
-23
-26
-26
-27
-29
-30
-30
-32
-33
-34
-35
-36
-38
-38
-37
-37
-40
-39
-38
-37
-36
-34
-32
-30
-28
-25
-23
-20
-19
-15
-13
-13
-9
-8
-5
-4
-1
4
8
11
15
20
25
28
33
36
38
40
41
43
45
47
48
48
50
50
50
50
48
47
45
44
41
39
35
32
28
25
22
18
16
12
9
3
0
-5
-9
-13
-17
-19
-22
-27
-30
-33
-37
-37
-39
-43
-46
-48
-49
-51
-53
-54
-57
-55
-54
-53
-53
-51
-51
-50
-50
-49
-46
-45
-44
-41
-37
-32
-27
-23
-19
-15
-10
-5
-3
0
6
8
14
20
25
29
33
37
42
47
49
51
55
55
60
61
62
65
64
64
60
58
59
58
56
53
50
47
44
40
35
30
27
23
19
14
9
5
0
-6
-11
-16
-21
-26
-28
-32
-35
-36
-40
-43
-47
-49
-51
-53
-54
-55
-54
-54
-55
-56
-56
-54
-54
-52
-51
-50
-46
-43
-39
-35
-30
-25
-20
-15
-10
-7
-3
1
4
8
12
17
20
24
29
32
35
38
43
48
51
55
59
63
66
67
69
70
72
70
70
66
62
63
59
56
52
48
45
42
39
37
33
29
25
22
18
15
11
7
3
-2
-5
-11
-17
-23
-30
-35
-40
-46
-53
-59
-65
-70
-74
-78
-82
-84
-88
-90
-92
-92
-92
-91
-89
-86
-83
-79
-75
-71
-68
-63
-57
-51
-49
-43
-39
-34
-31
-26
-21
-18
-11
-7
-3
2
8
14
20
25
29
35
42
47
51
54
57
60
66
68
70
71
73
76
79
82
83
82
83
84
85
82
80
80
76
74
71
66
62
57
53
49
43
36
31
24
17
11
7
1
-4
-10
-15
-19
-25
-31
-36
-39
-42
-45
-48
-51
-54
-57
-59
-61
-65
-65
-66
-68
-70
-74
-74
-75
-73
-71
-70
-66
-63
-59
-53
-49
-42
-37
-32
-28
-22
-17
-15
-12
-8
-5
1
4
9
12
16
20
22
26
29
33
35
36
41
43
44
47
49
49
50
50
52
52
51
50
49
47
46
47
46
44
40
38
37
36
33
33
31
28
24
20
17
13
7
3
-4
-11
-17
-24
-30
-35
-43
-48
-50
-52
-53
-53
-52
-52
-51
-51
-49
-47
-43
-41
-39
-36
-34
-31
-28
-25
-20
-16
-13
-13
-8
-6
-3
0
1
2
3
3
4
4
5
5
5
4
5
7
9
9
11
15
16
16
18
18
18
20
21
22
23
23
25
26
25
26
27
27
27
27
25
24
23
21
18
16
14
12
10
7
5
3
0
-2
-4
-3
-6
-7
-7
-6
-4
-5
-7
-8
-8
-10
-9
-9
-8
-8
-9
-8
-8
-9
-9
-11
-12
-14
-15
-16
-16
-15
-15
-15
-14
-13
-11
-11
-13
-12
-10
-10
-8
-8
-7
-8
-7
-5
-2
-2
-3
-5
-5
-7
-7
-5
-5
-3
-2
-1
0
2
1
1
1
2
3
4
4
3
4
5
5
7
8
9
8
8
10
9
9
8
6
5
4
3
2
0
-2
-2
-4
-6
-8
-9
-9
-9
-8
-7
-5
-4
-2
0
2
5
8
10
11
14
16
20
22
25
28
29
30
30
29
28
25
22
22
19
16
14
15
13
13
12
9
9
10
8
6
5
3
1
-1
-2
-3
-2
-3
-5
-5
-6
-7
-7
-5
-7
-8
-8
-10
-12
-16
-21
-25
-27
-30
-33
-38
-39
-38
-38
-38
-37
-37
-36
-34
-34
-32
-30
-27
-26
-23
-22
-20
-18
-16
-15
-15
-12
-12
-9
-7
-6
-5
-2
-1
2
4
7
8
10
13
14
16
19
23
26
28
32
36
39
40
42
46
47
47
48
48
47
46
46
44
41
38
34
30
27
19
14
10
6
1
-1
-3
-6
-6
-7
-7
-9
-9
-12
-14
-15
-18
-21
-24
-26
-28
-30
-31
-34
-36
-37
-38
-42
-43
-43
-44
-45
-44
-45
-43
-40
-39
-39
-39
-39
-37
-34
-32
-27
-22
-15
-9
-2
5
11
19
28
33
38
41
45
46
47
47
45
43
41
38
33
30
26
22
20
16
16
16
16
17
17
20
23
27
29
32
36
38
43
46
51
52
52
53
53
53
51
49
43
37
31
24
15
8
-2
-10
-18
-26
-33
-39
-46
-54
-58
-63
-67
-69
-70
-71
-69
-66
-63
-56
-53
-49
-48
-47
-45
-46
-45
-44
-44
-43
-43
-42
-43
-43
-43
-45
-47
-48
-49
-49
-48
-45
-43
-38
-34
-28
-20
-13
-7
0
9
18
25
33
39
44
50
56
62
66
69
72
73
71
73
75
74
74
72
71
69
67
67
66
65
62
60
57
57
56
55
53
51
49
46
42
37
31
24
16
7
-4
-15
-24
-32
-39
-48
-51
-56
-63
-69
-73
-76
-79
-81
-80
-80
-78
-75
-71
-67
-63
-59
-52
-47
-42
-36
-29
-25
-20
-14
-7
-1
3
8
11
13
15
15
16
16
15
15
18
19
20
19
18
18
20
21
23
28
31
34
39
43
49
55
60
64
66
65
65
62
61
57
53
48
40
32
23
12
3
-6
-17
-26
-35
-44
-49
-54
-62
-64
-68
-70
-72
-72
-71
-68
-66
-65
-64
-62
-58
-56
-52
-50
-45
-42
-38
-36
-32
-29
-27
-25
-26
-24
-23
-20
-17
-14
-14
-13
-8
-8
-4
-1
3
7
12
17
24
30
36
41
45
49
53
55
56
56
57
55
55
55
53
50
48
45
41
38
35
33
32
30
29
31
32
34
37
37
38
39
41
41
41
42
42
39
38
36
34
32
30
27
23
18
11
7
-2
-11
-16
-21
-26
-32
-37
-39
-43
-45
-46
-49
-50
-50
-50
-50
-51
-49
-47
-42
-38
-38
-36
-33
-32
-31
-31
-31
-31
-31
-31
-30
-29
-30
-30
-28
-28
-29
-30
-33
-33
-33
-32
-33
-32
-31
-28
-26
-24
-20
-17
-13
-6
0
8
14
22
29
36
42
46
47
49
48
47
47
44
42
38
35
32
30
28
26
25
23
22
20
18
14
12
11
11
12
11
9
7
5
4
5
4
2
1
-2
-2
-2
-5
-9
-11
-15
-19
-22
-24
-27
-28
-31
-31
-32
-31
-29
-27
-24
-20
-14
-10
-4
-5
-1
4
8
11
16
21
23
24
25
26
25
26
26
24
22
21
22
22
20
20
20
20
20
16
13
10
8
6
4
-1
-5
-5
-4
-1
0
2
3
2
0
-2
-5
-6
-7
-9
-10
-14
-16
-17
-20
-22
-23
-23
-26
-26
-26
-28
-25
-24
-23
-20
-18
-16
-12
-11
-7
-6
-4
-2
-1
0
1
4
4
2
1
3
3
5
6
7
8
9
10
12
13
14
14
13
12
11
12
10
10
10
10
10
9
8
9
9
9
8
7
6
4
3
0
-4
-6
-9
-11
-12
-13
-13
-14
-15
-15
-15
-15
-15
-15
-15
-13
-11
-11
-9
-6
-5
-3
-2
0
2
3
3
5
6
7
5
6
7
6
7
7
6
7
7
6
9
9
10
8
8
6
4
5
5
6
7
6
6
9
11
12
14
14
14
13
12
10
7
7
7
4
3
1
0
-3
-6
-10
-12
-13
-13
-15
-14
-13
-13
-13
-13
-15
-17
-17
-16
-16
-16
-14
-12
-12
-11
-10
-9
-6
-5
-3
0
0
-1
2
5
5
5
6
6
7
6
7
8
9
11
13
13
14
16
17
17
18
19
20
20
20
20
19
19
17
15
14
12
9
5
4
2
0
-1
0
-1
-2
-3
-5
-7
-7
-10
-11
-12
-14
-14
-14
-14
-14
-12
-13
-11
-10
-10
-8
-8
