-5
-6
-9
-9
-10
-10
-10
-10
-9
-10
-10
-10
-10
-10
-10
-10
-10
-10
-11
-12
-15
-15
-16
-18
-18
-20
-22
-23
-23
-23
-25
-25
-26
-26
-25
-26
-26
-24
-25
-25
-24
-23
-21
-17
-14
-11
-9
-8
-5
-3
-1
0
2
3
6
9
11
12
15
17
19
21
22
24
25
26
28
29
31
33
33
35
36
37
37
37
36
36
37
37
36
35
35
33
33
30
27
25
22
19
18
16
11
9
6
4
4
1
0
-1
-2
-3
-3
-3
-3
-3
-1
-2
-2
-3
-4
-4
-5
-7
-8
-12
-14
-15
-19
-18
-19
-21
-21
-20
-18
-19
-18
-17
-17
-17
-17
-16
-16
-14
-13
-14
-13
-14
-15
-15
-16
-19
-20
-20
-20
-20
-17
-18
-17
-16
-16
-14
-14
-12
-10
-8
-9
-9
-10
-10
-10
-9
-7
-6
-7
-7
-7
-6
-7
-5
-6
-4
-3
-3
-2
-2
-1
1
2
2
5
5
7
8
7
7
8
10
11
13
14
16
17
20
20
22
23
24
25
24
26
25
25
26
26
26
25
25
24
23
23
21
21
21
19
19
18
17
14
13
11
9
5
2
-1
-5
-7
-11
-13
-16
-19
-21
-24
-25
-26
-28
-29
-28
-28
-28
-28
-29
-28
-28
-27
-27
-24
-21
-20
-17
-16
-14
-15
-13
-11
-11
-10
-8
-7
-6
-3
-1
0
3
6
10
11
13
17
17
19
20
20
22
23
23
24
24
24
24
23
23
22
21
19
16
13
11
9
6
4
1
-1
-2
-3
-6
-8
-10
-11
-13
-14
-16
-17
-18
-19
-19
-19
-21
-21
-22
-23
-23
-24
-24
-25
-25
-26
-25
-26
-25
-23
-20
-17
-13
-9
-7
-3
1
4
8
11
13
18
20
22
24
27
30
32
33
35
36
36
38
39
38
37
37
35
35
34
32
32
32
32
31
30
30
26
22
20
18
15
11
8
4
1
-1
-4
-8
-11
-15
-18
-22
-24
-28
-30
-33
-34
-35
-38
-39
-38
-38
-38
-38
-39
-39
-37
-36
-35
-33
-32
-30
-29
-28
-25
-23
-22
-19
-18
-16
-15
-11
-8
-9
-9
-6
-5
-4
0
0
3
6
7
8
9
11
12
14
16
19
18
19
20
20
20
20
18
17
14
12
11
8
7
7
6
6
6
6
6
6
7
9
9
10
11
10
9
8
8
5
5
4
2
2
0
-2
-3
-5
-4
-5
-3
-3
-3
-2
-3
-1
2
3
5
8
8
10
9
9
10
11
13
13
14
14
15
15
16
17
19
19
18
17
15
13
12
12
11
10
9
6
4
3
1
0
-2
-4
-5
-8
-10
-11
-14
-17
-18
-19
-19
-21
-22
-23
-22
-21
-21
-22
-22
-22
-22
-22
-22
-23
-21
-21
-20
-19
-19
-16
-14
-12
-11
-10
-9
-8
-8
-7
-7
-7
-7
-6
-4
-4
-2
-2
0
3
5
7
8
10
12
15
17
19
21
23
25
25
26
26
28
28
28
26
26
23
22
19
16
14
13
11
9
6
5
4
2
3
4
3
4
3
1
0
-1
0
-4
-7
-11
-14
-16
-19
-21
-22
-24
-24
-27
-28
-29
-30
-30
-31
-30
-30
-30
-27
-25
-25
-24
-22
-19
-19
-18
-14
-12
-11
-9
-7
-5
-3
-1
2
4
6
8
11
11
14
14
16
17
18
19
20
20
21
22
23
23
24
25
25
26
27
27
28
27
27
27
25
24
24
24
23
23
22
22
21
20
19
17
16
14
13
12
9
10
8
6
3
1
-1
-4
-8
-9
-11
-13
-17
-19
-23
-24
-25
-27
-27
-27
-26
-24
-24
-23
-21
-19
-18
-17
-16
-15
-15
-13
-11
-11
-10
-8
-9
-7
-5
-5
-5
-3
0
2
3
3
4
3
3
3
3
4
4
4
3
4
3
3
2
3
1
2
2
1
1
0
0
-1
-2
-3
-4
-7
-8
-8
-8
-10
-10
-11
-12
-12
-12
-12
-11
-10
-8
-8
-8
-9
-10
-11
-11
-10
-10
-10
-11
-10
-10
-10
-10
-9
-9
-9
-8
-8
-7
-7
-6
-5
-6
-5
-4
-3
0
2
4
6
6
9
10
10
10
11
12
15
16
18
18
21
22
25
28
29
30
31
33
35
35
34
33
34
33
32
32
32
31
28
27
25
23
21
21
19
18
17
15
13
11
9
8
5
2
0
-2
-5
-5
-8
-10
-11
-14
-15
-18
-18
-20
-21
-22
-23
-26
-28
-28
-30
-30
-31
-32
-32
-33
-34
-35
-37
-38
-38
-38
-36
-34
-35
-33
-33
-31
-27
-25
-23
-21
-19
-16
-15
-13
-12
-9
-7
-6
-3
-1
2
4
6
9
10
14
16
18
20
24
25
26
28
29
30
33
35
34
34
34
33
31
29
27
26
26
23
22
20
18
16
14
12
11
9
6
4
4
1
0
-1
-3
-2
-5
-7
-9
-10
-11
-13
-15
-15
-18
-19
-20
-20
-20
-20
-21
-21
-20
-18
-18
-18
-17
-16
-14
-13
-11
-11
-11
-9
-6
-6
-4
-3
-2
-1
1
3
4
5
4
5
4
6
7
8
8
8
9
9
9
10
8
9
9
8
7
8
9
10
11
11
11
10
10
9
8
6
5
5
4
3
2
0
0
0
2
2
2
0
0
0
0
-2
-2
-5
-4
-5
-6
-5
-5
-3
-4
-5
-3
-3
-3
-3
-3
-2
-1
-2
-1
-1
0
0
1
1
2
3
4
3
5
6
5
7
9
9
9
9
10
9
9
8
6
6
6
6
7
6
6
6
6
4
2
2
0
-1
-2
-3
-3
-3
-4
-5
-5
-4
-5
-5
-7
-9
-8
-8
-7
-9
-10
-10
-13
-13
-14
-14
-14
-16
-16
-18
-19
-18
-17
-16
-14
-13
-12
-12
-11
-11
-11
-12
-13
-11
-11
-11
-11
-11
-10
-11
-10
-8
-7
-7
-7
-5
-4
-3
-4
-2
-2
-1
2
3
4
7
8
8
8
9
12
14
15
15
16
16
15
15
16
16
16
17
17
19
19
19
19
19
21
18
19
18
19
19
19
19
18
17
18
18
17
17
17
15
14
13
12
11
10
9
8
7
8
7
4
3
2
0
-1
-3
-3
-4
-5
-5
-7
-6
-6
-5
-5
-5
-6
-7
-8
-8
-8
-9
-8
-8
-9
-9
-11
-13
-15
-16
-18
-19
-20
-20
-20
-19
-20
-19
-18
-18
-18
-15
-16
-15
-15
-15
-14
-13
-13
-13
-11
-11
-11
-12
-11
-11
-9
-10
-8
-7
-6
-5
-5
-5
-3
-3
-2
-2
-2
-1
0
2
3
5
5
5
6
6
6
5
5
5
5
5
5
6
7
8
7
7
6
8
9
8
9
9
9
9
9
11
12
13
13
12
12
11
9
10
9
8
10
9
7
8
5
5
6
6
6
6
5
6
4
4
5
4
3
3
3
3
2
1
2
2
2
2
2
2
2
2
2
2
1
0
0
-1
-1
-2
-1
-2
-1
-1
-1
0
0
-1
-3
-4
-4
-3
-3
-3
-4
-4
-6
-6
-6
-6
-6
-7
-6
-7
-6
-6
-7
-6
-6
-6
-6
-7
-8
-7
-8
-10
-10
-10
-10
-11
-11
-10
-8
-8
-9
-9
-8
-8
-6
-7
-6
-5
-4
-4
-3
0
0
0
1
2
2
3
2
3
4
5
5
6
8
8
9
9
9
10
10
11
10
11
11
11
11
12
11
11
10
8
7
7
5
5
4
4
5
5
3
3
2
2
1
2
1
1
1
0
0
-2
-3
-5
-6
-8
-9
-10
-11
-11
-11
-12
-12
-13
-12
-12
-13
-13
-12
-10
-9
-9
-9
-9
-7
-6
-4
-4
-4
-4
-2
-3
-1
1
2
3
5
8
9
9
11
12
12
12
11
11
11
11
9
9
9
10
10
9
10
9
6
6
6
5
4
2
3
1
1
-1
-3
-3
-3
-4
-6
-5
-5
-4
-6
-8
-9
-9
-9
-10
-11
-11
-11
-11
-9
-9
-7
-7
-5
-5
-3
-3
-2
-1
-1
0
0
1
3
4
6
8
10
9
9
10
10
11
12
12
11
10
10
10
10
8
8
6
6
7
7
7
6
3
4
3
2
1
1
0
-1
0
1
1
1
1
-1
-2
-3
-2
-3
-4
-5
-6
-8
-9
-10
-11
-10
-10
-10
-11
-10
-11
-12
-10
-10
-8
-8
-8
-9
-8
-8
-8
-8
-8
-9
-9
-8
-9
-8
-7
-6
-6
-5
-3
-3
-1
0
1
1
1
2
2
2
2
4
4
3
3
3
3
3
4
6
6
7
8
9
10
10
10
12
12
12
10
9
8
8
8
6
5
5
5
6
5
4
4
4
4
6
5
6
5
5
5
4
4
3
3
3
3
4
4
4
6
4
3
2
1
2
2
1
2
0
0
0
-2
-2
-1
0
-1
-1
-1
-2
-3
-5
-4
-4
-4
-4
-4
-4
-5
-5
-5
-6
-6
-6
-7
-7
-7
-5
-6
-8
-9
-9
-10
-8
-7
-6
-7
-8
-8
-9
-8
-9
-10
-8
-9
-9
-9
-8
-8
-6
-5
-5
-4
-3
-4
-4
-4
-3
-3
-2
-2
-1
0
1
0
0
0
-2
-1
0
0
0
0
-1
-1
-1
-1
-1
-1
0
0
1
1
2
1
2
4
5
6
7
6
6
6
5
6
6
6
4
4
2
3
5
5
6
7
8
10
9
10
10
9
10
12
12
12
12
13
13
13
14
15
14
15
15
14
15
15
14
14
12
11
12
10
7
8
8
7
6
4
2
0
0
-1
-1
-2
-1
-3
-3
-3
-4
-5
-5
-6
-6
-7
-7
-7
-8
-8
-11
-12
-11
-11
-12
-11
-12
-13
-15
-14
-12
-12
-10
-10
-8
-8
-8
-8
-7
-8
-7
-6
-7
-6
-6
-6
-6
-8
-8
-8
-8
-8
-7
-7
-5
-4
-3
-4
-5
-5
-5
-5
-3
-2
0
-1
-1
-2
-2
-2
-2
-1
-1
0
0
1
-1
-2
-2
-1
-1
-1
0
-1
0
1
2
2
2
2
1
0
1
2
3
1
0
0
1
1
1
1
2
3
2
2
2
0
0
-1
0
1
1
1
1
0
1
1
3
4
4
5
5
7
7
9
10
9
10
11
10
10
9
10
10
11
12
11
11
11
10
10
10
9
9
10
9
9
9
8
7
6
7
5
4
3
1
-1
-2
-2
-2
-2
-3
-2
-2
-3
-4
-4
-7
-7
-8
-9
-8
-9
-8
-8
-7
-7
-7
-7
-8
-8
-8
-7
-6
-7
-7
-8
-9
-9
-9
-9
-9
-10
-10
-10
-8
-7
-6
-5
-5
-4
-4
-4
-4
-4
-2
-2
-1
0
-1
0
-1
0
-1
0
0
-1
-1
-1
-1
0
0
0
0
0
2
2
5
4
3
4
3
3
4
4
6
6
6
6
5
6
6
7
7
7
7
7
6
3
4
3
4
5
4
4
5
5
6
5
6
4
3
3
3
4
3
3
1
2
2
3
4
4
3
2
2
2
2
2
2
1
1
1
2
1
1
1
1
2
0
0
0
0
0
-1
0
-1
-2
-2
-2
-1
-2
-2
-1
0
0
-1
-2
-3
-4
-5
-5
-5
-6
-6
-6
-5
-5
-4
-5
-5
-5
-6
-7
-6
-7
-7
-7
-6
-5
-4
-2
-3
-3
-3
-2
-1
-3
-3
-4
-6
-6
-6
-6
-6
-5
-4
-3
-3
-3
-2
-2
-4
-2
-1
-1
0
0
1
2
1
3
2
3
3
4
4
4
4
5
4
3
3
3
5
5
6
6
5
4
3
1
1
2
2
4
3
3
3
2
2
3
2
2
2
3
4
3
4
3
1
1
0
-2
-1
-2
-1
-2
-2
-1
-1
-1
-2
0
-1
-2
-2
-3
-3
-2
-1
-1
-2
-3
-3
-5
-4
-4
-5
-6
-7
-8
-7
-8
-7
-6
-6
-5
-4
-3
-2
-2
-1
-3
-2
-2
-1
-1
-1
-2
-1
-2
-2
-1
0
1
3
5
4
5
5
8
10
12
14
14
14
15
16
17
17
17
17
15
16
16
16
15
15
14
11
10
9
7
5
5
5
4
3
4
3
1
2
0
-1
-1
-1
-1
-2
-4
-4
-4
-3
-4
-2
-2
-4
-5
-8
-8
-7
-9
-10
-12
-13
-13
-13
-13
-13
-12
-10
-9
-8
-8
-7
-8
-6
-7
-7
-7
-7
-8
-8
-8
-8
-9
-11
-12
-11
-13
-12
-12
-13
-13
-13
-13
-11
-11
-10
-8
-9
-9
-9
-8
-7
-6
-6
-7
-7
-7
-8
-6
-7
-5
-3
-3
-2
-2
-1
-1
0
1
3
5
7
8
7
9
9
10
12
13
14
15
15
16
18
16
15
16
15
16
17
17
16
16
15
15
13
13
14
15
15
15
16
14
12
11
11
11
11
11
9
9
7
5
3
3
2
1
0
-3
-4
-5
-7
-8
-9
-10
-10
-10
-8
-7
-8
-7
-7
-8
-9
-10
-10
-8
-9
-10
-11
-13
-13
-13
-12
-12
-12
-13
-11
-9
-10
-8
-8
-7
-6
-5
-3
-1
-3
-1
-1
-1
-1
-1
-1
-2
-1
0
1
2
2
2
4
5
5
7
7
7
6
8
8
6
7
7
6
4
4
3
2
0
-1
-1
-1
-1
-2
0
0
1
0
0
1
0
0
0
-1
-1
-1
0
0
1
1
2
2
2
2
4
4
3
4
4
4
4
5
5
6
6
5
4
5
3
4
3
1
2
2
3
3
1
1
0
-1
-1
0
-1
-2
-4
-5
-6
-6
-5
-7
-7
-8
-8
-8
-10
-12
-12
-13
-12
-12
-12
-12
-10
-9
-8
-9
-6
-7
-7
-5
-4
-4
-3
-2
-4
-3
-2
-1
-1
1
2
1
1
1
2
2
3
5
4
4
3
2
0
1
3
4
4
5
4
4
4
3
4
5
4
2
4
2
4
4
3
3
2
3
5
5
5
6
5
7
6
5
6
6
8
8
10
12
12
11
13
14
14
16
16
16
16
15
14
12
10
9
5
4
2
0
-1
-3
-3
-5
-7
-5
-5
-6
-5
-5
-6
-7
-6
-5
-4
-2
-3
-3
-4
-4
-7
-9
-11
-11
-12
-10
-12
-13
-13
-14
-15
-15
-14
-12
-12
-11
-8
-9
-8
-5
-6
-2
0
0
2
3
1
2
-1
-2
-1
-4
-4
-5
-6
-6
-7
-11
-14
-16
-17
-14
-16
-14
-13
-13
-12
-10
-8
-8
-8
-7
-6
-6
-6
-5
-5
-4
-3
0
1
3
8
9
10
10
9
12
12
15
18
18
23
24
24
28
30
32
37
36
38
39
33
33
31
27
25
19
16
16
8
6
3
-3
-3
-4
-6
-3
-5
-7
-5
-9
-9
-7
-10
-12
-11
-13
-12
-14
-16
-18
-19
-23
-24
-25
-28
-27
-28
-30
-28
-30
-27
-25
-24
-18
-15
-11
-7
-6
-2
3
5
10
13
15
21
22
23
24
21
19
18
14
12
11
5
3
3
0
1
2
2
5
5
7
10
9
12
10
7
7
5
3
4
2
0
2
-1
-3
-4
-7
-6
-9
-10
-11
-16
-17
-18
-21
-18
-17
-17
-14
-12
-7
-3
-2
4
7
10
15
14
13
15
12
12
10
8
6
0
-2
-3
-7
-7
-9
-11
-13
-11
-11
-8
-4
-2
1
1
2
4
5
6
4
4
3
-2
-4
-5
-6
-6
-8
-7
-10
-14
-14
-17
-15
-14
-12
-6
-5
-4
-2
-3
0
2
7
14
17
21
26
23
23
25
22
23
20
16
16
5
2
1
-6
-5
-6
-9
-5
-7
-8
-7
-10
-5
-1
-1
5
7
6
8
4
2
7
2
1
3
1
2
-1
-5
-4
-8
-6
-3
-4
-1
2
-2
-2
-2
-3
0
5
4
10
12
11
15
15
19
25
24
24
28
23
21
23
17
18
19
15
17
15
13
14
9
11
17
17
24
29
31
34
29
25
21
9
-2
-10
-22
-30
-38
-46
-52
-61
-67
-70
-80
-82
-83
-89
-88
-92
-90
-85
-83
-75
-66
-61
-53
-48
-46
-41
-38
-31
-25
-23
-19
-16
-16
-15
-18
-17
-14
-14
-8
-4
-2
4
9
15
26
33
45
55
62
74
83
92
101
111
121
126
131
134
132
130
127
123
120
113
107
97
86
77
66
55
48
41
34
33
28
23
20
12
6
-1
-10
-10
-16
-21
-21
-27
-34
-41
-55
-63
-72
-85
-93
-104
-117
-126
-138
-146
-151
-154
-152
-150
-150
-144
-138
-133
-124
-115
-108
-101
-96
-93
-93
-95
-95
-91
-86
-76
-62
-50
-37
-22
-10
1
9
19
32
44
58
78
93
107
127
142
162
182
201
220
231
236
242
237
232
226
216
208
200
192
183
169
157
148
134
127
120
110
105
91
75
62
43
30
18
10
6
-2
-8
-19
-41
-66
-97
-134
-169
-206
-236
-267
-296
-316
-338
-362
-382
-397
-408
-415
-421
-428
-431
-436
-437
-425
-405
-374
-328
-274
-216
-157
-95
-34
22
74
118
159
189
217
242
260
281
305
334
366
399
441
481
518
546
566
570
560
544
520
500
486
473
466
446
425
405
373
342
313
283
252
210
159
105
42
-16
-67
-112
-144
-171
-201
-235
-281
-335
-394
-461
-527
-586
-641
-692
-741
-785
-823
-858
-880
-893
-899
-895
-889
-885
-891
-890
-878
-858
-813
-736
-638
-520
-388
-253
-119
10
138
259
365
465
559
639
714
784
846
905
958
1007
1057
1102
1141
1166
1159
1128
1072
994
913
837
772
720
670
622
577
522
471
432
396
370
343
304
255
190
117
47
-18
-68
-111
-150
-190
-241
-308
-383
-475
-575
-677
-780
-879
-973
-1065
-1146
-1220
-1283
-1323
-1355
-1368
-1358
-1344
-1321
-1291
-1259
-1212
-1155
-1074
-960
-830
-675
-504
-332
-154
15
179
330
463
588
702
801
895
976
1040
1092
1134
1178
1225
1270
1318
1345
1330
1286
1210
1106
998
898
819
754
683
621
560
492
435
391
368
356
340
316
272
205
132
64
1
-53
-94
-124
-159
-208
-271
-345
-433
-531
-635
-738
-849
-959
-1071
-1184
-1284
-1367
-1429
-1471
-1491
-1485
-1469
-1450
-1424
-1387
-1347
-1294
-1205
-1079
-926
-744
-541
-328
-119
83
283
465
621
757
879
983
1065
1129
1166
1186
1196
1210
1248
1287
1327
1363
1358
1306
1217
1104
990
875
780
714
638
556
482
405
349
326
338
369
382
376
354
287
198
125
64
9
-37
-67
-96
-154
-224
-292
-379
-487
-588
-691
-812
-944
-1077
-1203
-1334
-1452
-1535
-1596
-1633
-1636
-1614
-1591
-1571
-1545
-1512
-1472
-1403
-1294
-1139
-966
-779
-547
-320
-95
151
394
623
812
969
1120
1211
1256
1309
1329
1326
1350
1397
1464
1518
1561
1601
1567
1472
1373
1239
1083
946
822
709
574
441
357
281
227
250
306
350
377
377
341
257
172
128
78
26
13
1
-45
-118
-189
-258
-353
-456
-554
-674
-838
-1024
-1208
-1400
-1577
-1692
-1758
-1800
-1815
-1794
-1754
-1747
-1741
-1700
-1658
-1602
-1500
-1358
-1187
-1007
-785
-531
-299
-37
264
538
777
981
1160
1287
1335
1371
1411
1407
1412
1462
1521
1573
1617
1666
1683
1625
1553
1473
1334
1170
1024
876
711
550
429
338
259
246
305
359
389
408
389
321
221
131
57
-23
-83
-108
-153
-227
-285
-330
-396
-486
-576
-672
-816
-1002
-1181
-1367
-1562
-1718
-1825
-1909
-1968
-1982
-1969
-1964
-1966
-1941
-1900
-1868
-1791
-1646
-1464
-1254
-1010
-739
-458
-181
129
458
744
1002
1236
1402
1479
1508
1534
1546
1547
1589
1664
1728
1772
1817
1837
1801
1744
1673
1560
1404
1226
1050
861
663
519
423
356
350
398
464
519
545
565
540
454
376
292
183
80
-5
-77
-157
-236
-278
-330
-423
-515
-621
-777
-969
-1179
-1383
-1583
-1776
-1918
-2021
-2104
-2143
-2148
-2145
-2135
-2113
-2071
-2019
-1961
-1847
-1680
-1494
-1265
-987
-695
-384
-53
291
622
903
1151
1347
1441
1475
1492
1478
1469
1494
1558
1655
1738
1814
1882
1893
1871
1832
1742
1603
1432
1229
1003
768
556
408
316
274
306
370
436
514
553
547
521
457
384
291
172
83
3
-87
-143
-195
-242
-276
-356
-452
-582
-783
-1000
-1242
-1507
-1734
-1931
-2079
-2165
-2237
-2264
-2255
-2261
-2248
-2218
-2189
-2119
-2029
-1903
-1706
-1486
-1228
-909
-594
-253
123
469
809
1096
1310
1468
1514
1509
1495
1443
1436
1485
1558
1663
1761
1851
1915
1922
1907
1860
1753
1607
1426
1210
968
741
563
430
358
366
438
530
610
676
696
655
580
475
345
228
130
52
-27
-109
-162
-215
-285
-351
-422
-525
-672
-861
-1082
-1327
-1566
-1770
-1934
-2060
-2135
-2166
-2178
-2188
-2194
-2190
-2178
-2159
-2116
-2036
-1909
-1721
-1481
-1189
-861
-512
-129
240
583
902
1168
1383
1494
1527
1537
1485
1444
1461
1504
1608
1716
1831
1949
1978
1974
1940
1809
1651
1463
1236
1013
767
561
420
290
259
309
365
465
565
628
656
604
532
436
285
175
88
-12
-86
-150
-199
-246
-317
-376
-455
-609
-801
-1020
-1281
-1552
-1806
-2020
-2173
-2282
-2328
-2328
-2328
-2321
-2300
-2277
-2253
-2206
-2107
-1973
-1782
-1537
-1258
-941
-620
-260
127
476
833
1170
1421
1588
1652
1655
1611
1523
1497
1539
1610
1720
1855
1975
2042
2066
2048
1961
1820
1653
1472
1247
993
766
564
395
297
269
309
401
522
634
679
661
611
499
336
187
86
17
-42
-94
-130
-187
-272
-340
-419
-535
-680
-860
-1085
-1362
-1664
-1921
-2138
-2319
-2393
-2390
-2362
-2315
-2291
-2258
-2230
-2213
-2129
-2010
-1855
-1598
-1318
-1020
-691
-358
20
375
699
1048
1338
1521
1654
1699
1653
1563
1481
1461
1476
1518
1646
1793
1878
1969
2017
1959
1844
1672
1483
1271
1023
834
660
472
375
332
320
381
495
641
754
788
794
707
515
335
184
48
-50
-115
-153
-206
-295
-372
-466
-603
-747
-911
-1130
-1379
-1640
-1896
-2137
-2350
-2497
-2557
-2572
-2535
-2461
-2391
-2329
-2295
-2279
-2249
-2178
-2002
-1720
-1393
-1021
-651
-286
59
370
711
1052
1331
1577
1747
1786
1713
1581
1489
1459
1492
1643
1852
2020
2164
2260
2240
2124
1950
1762
1547
1314
1143
993
812
658
558
466
407
471
623
794
948
1067
1085
930
703
499
284
103
27
16
-12
-90
-189
-322
-515
-705
-861
-1048
-1251
-1444
-1677
-1956
-2240
-2473
-2642
-2748
-2746
-2646
-2538
-2440
-2348
-2318
-2342
-2350
-2278
-2084
-1776
-1380
-939
-521
-170
118
342
565
855
1126
1397
1657
1745
1718
1606
1443
1381
1329
1410
1676
1889
2155
2347
2334
2251
2003
1711
1483
1250
1147
1105
1018
968
879
732
625
579
651
818
971
1129
1186
1042
799
529
266
33
-103
-90
-37
-35
-91
-187
-367
-670
-935
-1150
-1358
-1529
-1722
-1919
-2182
-2493
-2708
-2893
-3038
-3001
-2863
-2716
-2587
-2506
-2467
-2513
-2508
-2283
-1939
-1541
-1006
-489
-176
31
263
505
734
1058
1458
1768
1805
1754
1686
1442
1287
1332
1468
1716
1961
2205
2363
2282
2196
2050
1760
1551
1458
1409
1349
1323
1357
1290
1070
859
766
724
808
1061
1287
1347
1226
993
686
312
57
55
145
193
207
121
-115
-476
-854
-1118
-1343
-1545
-1646
-1803
-2048
-2313
-2605
-2911
-3204
-3350
-3329
-3258
-3102
-2903
-2791
-2777
-2790
-2758
-2664
-2355
-1767
-1164
-602
13
473
618
614
772
995
1014
1280
1827
2122
2139
1901
1666
1544
1202
920
1021
1523
2199
2548
2611
2528
2136
1451
845
783
1206
1692
2072
2326
2238
1720
1191
913
860
986
1250
1623
1803
1573
1242
1068
769
224
-106
-37
51
-61
-104
-77
-416
-1126
-1877
-2424
-2695
-2762
-2631
-2462
-2514
-2874
-3430
-3873
-4079
-4037
-3760
-3290
-2859
-2829
-2998
-2922
-2504
-1811
-884
497
2000
2635
2326
1808
1584
1085
416
832
1840
1970
1310
890
527
-580
-1553
-1484
-989
-450
248
1088
1759
2097
2011
1480
1293
1772
2179
2500
3588
4953
5102
4278
3716
3176
1822
560
690
1322
1272
998
1121
909
-341
-1446
-1514
-1261
-1023
-523
152
363
-245
-1124
-1937
-2567
-2770
-2656
-2279
-1687
-1430
-1869
-2652
-3137
-3586
-4292
-4225
-3317
-2672
-2550
-2525
-2342
-2496
-2916
-2744
-1572
337
1635
2232
3081
3414
2665
1335
428
131
-441
-685
-431
-375
-280
-323
-764
-1289
-1442
-1327
-1022
281
2268
3499
3981
4641
4929
3959
2945
3174
3986
4497
4873
5187
4743
3300
1419
-281
-1266
-1443
-1213
-672
204
776
510
-63
-331
-375
-346
-19
691
1174
980
311
-629
-1663
-2683
-3429
-3402
-2824
-2455
-2362
-2302
-2686
-3743
-4631
-4748
-4430
-3943
-3365
-2552
-1891
-2261
-2925
-2490
-1107
212
1238
2502
3624
3698
2587
713
-577
-1161
-1973
-2124
-1375
-548
91
224
23
-376
-946
-1126
-301
1380
2955
4135
5155
5691
5168
3849
2886
2801
3308
3935
4426
4755
4323
2831
863
-893
-1823
-1888
-1321
-196
1086
1925
1914
1327
700
164
-158
-66
382
709
545
-117
-1249
-2645
-3851
-4476
-4320
-3556
-2672
-2050
-1938
-2351
-3187
-4124
-4534
-4402
-4037
-3149
-2022
-1714
-2184
-2273
-1648
-1164
-610
397
1725
2995
3127
2347
1224
-242
-1828
-2957
-2734
-1788
-604
947
1924
1928
953
-404
-983
-615
301
1728
3789
5623
6182
5629
4441
3213
2407
2200
2881
3950
4604
4325
3252
1740
-294
-1799
-2105
-1572
-266
1220
2345
2721
2157
1088
-19
-694
-987
-980
-382
54
-238
-1052
-2343
-3554
-4219
-4211
-3579
-2627
-1709
-1367
-1676
-2531
-3674
-4488
-4752
-4441
-3628
-2610
-1890
-1686
-1655
-1645
-1446
-604
547
1652
2799
3544
3221
1535
-575
-2163
-3031
-2836
-1964
-565
1241
2157
1622
425
-657
-1391
-1370
-244
1776
4028
5523
6088
6023
4997
3326
2271
2425
3242
3966
4357
4155
3332
1851
-293
-1750
-1882
-1424
-419
1056
2425
2984
2398
1249
173
-661
-1210
-1190
-473
112
-65
-807
-2062
-3335
-4121
-4378
-3777
-2709
-1793
-1274
-1525
-2430
-3649
-4709
-5051
-4611
-3621
-2543
-1844
-1724
-2155
-2390
-2048
-1169
151
1282
2542
3694
3440
1758
-288
-1900
-3086
-3298
-2540
-1263
835
2243
1860
875
-188
-1339
-1779
-856
988
3196
5108
6197
6707
6048
4027
2430
2207
2766
3361
3933
4396
3990
2721
705
-1123
-1684
-1640
-812
856
2410
3314
3079
2186
1083
-82
-760
-972
-538
130
191
-348
-1537
-2923
-3967
-4500
-4185
-3330
-2287
-1399
-1207
-1819
-3041
-4232
-4781
-4627
-4247
-3574
-2372
-1746
-2161
-2495
-2545
-2241
-817
814
2094
3813
4492
2594
-46
-2034
-3844
-4369
-3221
-1711
566
2840
2949
1765
585
-1092
-2301
-1708
73
2558
5107
6478
6870
6499
4737
2689
1917
2214
2956
3634
3979
4030
3401
1707
-437
-1722
-1724
-897
423
1945
3359
3869
3003
1734
493
-685
-1252
-1282
-790
-249
-474
-1411
-2715
-3879
-4668
-4780
-4084
-2999
-1753
-1160
-1520
-2391
-3742
-4733
-4992
-5104
-4508
-3013
-1929
-2069
-2287
-1954
-1701
-865
208
1181
3241
4488
2816
272
-1329
-2991
-4319
-3577
-1738
473
2824
3361
2558
1704
-128
-1957
-1870
-322
1850
4238
6338
7783
7741
5624
3210
2292
2059
2098
2855
3743
4181
3822
2316
378
-1034
-1784
-1545
-188
1544
3027
3798
3396
2079
548
-864
-1674
-1702
-1429
-873
-479
-1037
-2129
-3384
-4592
-4983
-4518
-3532
-2247
-1276
-1248
-2114
-3303
-4717
-5717
-5536
-4854
-3611
-1979
-1245
-1525
-2077
-2389
-2257
-1196
409
2274
4591
5244
3014
170
-1869
-3657
-4478
-3314
-1009
1816
3915
3529
2083
730
-1289
-2646
-2084
41
3002
5558
7330
8175
7240
4674
2540
1918
1800
2276
3453
4297
4569
3920
2170
192
-1328
-1869
-1308
15
1661
2982
3518
2669
981
-379
-1459
-2026
-1997
-1476
-531
-373
-1205
-2348
-3649
-4438
-4623
-4234
-3010
-1706
-1113
-1565
-2515
-3542
-5014
-5926
-5537
-4640
-3453
-2100
-1567
-2053
-2223
-2204
-2031
-516
1027
2364
4506
4968
2599
141
-1431
-3154
-3662
-2101
-38
2549
4269
3222
1710
455
-1392
-2225
-1339
947
3877
6121
7442
7845
6699
4071
1986
1557
1796
2624
3672
4237
4320
3239
1253
-612
-1848
-1982
-1214
194
1680
2606
2806
1779
252
-863
-1538
-1577
-1349
-787
-284
-775
-1886
-3350
-4583
-4986
-4808
-3850
-2524
-1545
-1401
-2382
-3750
-5047
-5921
-5910
-5023
-3508
-2132
-1282
-1513
-2626
-3065
-2755
-1504
659
3120
6109
7387
4975
838
-2234
-4088
-5259
-4053
-836
2889
6023
5410
2617
1027
-1187
-3563
-3410
-757
3306
6889
8591
8950
8201
5196
1401
295
1154
2126
3570
4859
5315
4641
2338
-633
-2607
-2942
-2253
-902
1249
3242
3993
3011
913
-853
-1928
-2348
-2122
-1219
114
455
-733
-2551
-4259
-5435
-5780
-5188
-3719
-1759
-775
-1402
-2659
-4273
-5855
-6735
-6714
-5430
-3255
-1330
-705
-1192
-1859
-2513
-2294
-826
713
2855
5610
6214
3724
419
-1770
-3353
-4098
-2596
161
3153
5198
4155
1879
362
-1489
-2868
-2054
947
4578
7118
8314
8273
6837
3935
1071
446
1543
2966
4204
4882
4788
3536
1239
-1275
-2716
-2430
-1272
288
2009
3105
3045
1489
-641
-1882
-2112
-1762
-1193
-483
-33
-524
-1966
-3855
-5129
-5404
-5080
-3859
-2208
-1012
-725
-1991
-3961
-5409
-6252
-6193
-5098
-3442
-1791
-609
-896
-2538
-3125
-2713
-2021
-37
2101
4587
7219
6324
2148
-1161
-2712
-4037
-3763
-985
2651
6114
6334
3021
830
-563
-2844
-3421
-1154
2885
6908
8534
8135
7466
5236
1192
-985
61
2433
4575
5469
5421
4683
2363
-963
-3202
-3224
-1795
-146
1406
2955
3667
2271
-483
-2422
-2909
-2390
-1434
-548
428
650
-962
-3390
-5388
-6250
-5949
-4984
-3046
-952
-158
-1025
-3358
-5548
-6720
-7280
-6569
-4385
-1693
-65
38
-1217
-3347
-4237
-3781
-2200
1072
4576
7584
8520
5424
254
-3535
-4989
-4982
-2838
1365
5713
8241
6455
2039
-1063
-3344
-4735
-3266
887
6304
10057
10035
8134
5761
1871
-1900
-2003
1047
4396
6657
6919
5585
3416
-105
-3623
-4643
-2928
-256
1878
3575
4373
3321
653
-2348
-3588
-2728
-1196
109
1053
1443
176
-2510
-5166
-6864
-6770
-5422
-3672
-1500
287
306
-1716
-4581
-6781
-7576
-7230
-5693
-3007
-627
723
443
-1961
-4220
-4593
-3787
-1461
2160
5676
8623
8719
4115
-1579
-4430
-5362
-4802
-1415
3293
7431
8772
5080
279
-2266
-4413
-5061
-2250
2944
8416
10713
9187
6753
3611
-789
-3345
-1620
2526
6213
7713
6747
4724
1851
-2195
-4913
-4304
-1500
1608
3585
4451
4258
1956
-1544
-3976
-3970
-2002
-46
1098
1585
1014
-1233
-4545
-6979
-7505
-6199
-4004
-1936
31
778
-709
-3670
-6588
-7744
-7437
-6364
-3963
-1119
527
744
-640
-3517
-5157
-4546
-2847
671
4592
7527
9336
7161
1012
-4025
-5518
-5260
-2874
1643
5936
9114
7918
1814
-2664
-4161
-5052
-3502
961
6450
10833
10799
7057
3703
431
-3203
-3352
827
5687
8481
8321
5712
2539
-766
-4290
-5206
-2337
1500
3948
4663
4320
2642
-656
-3872
-4830
-2829
145
1792
2023
1345
-663
-4115
-7146
-7995
-6764
-4257
-1797
-88
994
129
-3079
-6438
-8136
-8013
-6642
-4466
-1688
611
762
-851
-2967
-4831
-5275
-3748
-402
3687
6839
8484
7718
3892
-1514
-5354
-5698
-3343
766
4993
7618
8046
4570
-1377
-4856
-5232
-3800
-234
4424
8507
10285
8096
3923
776
-1660
-2643
-64
4545
8084
8801
6427
2748
-531
-3160
-4130
-2334
979
3657
4513
3349
1238
-940
-3331
-4440
-2827
-32
2187
2796
1468
-687
-3360
-6053
-7022
-6128
-4114
-1628
-85
58
-587
-2506
-5405
-7203
-7352
-6482
-4779
-2888
-1234
-400
-1068
-2584
-4009
-4681
-4107
-1754
2313
5992
7800
7766
5388
1016
-3322
-5072
-3703
-361
3777
6394
6689
4886
328
-4283
-5534
-4101
-1007
3301
7083
9130
8344
4435
592
-1075
-1430
229
4120
7716
8825
7203
3772
5
-2315
-2964
-2134
427
2918
3683
2782
848
-1233
-2962
-3521
-2315
80
2262
2769
1511
-780
-3331
-5284
-5991
-5189
-3436
-1753
-728
-559
-1515
-3093
-4737
-6291
-6732
-6010
-5024
-3967
-2980
-2045
-1881
-2222
-2427
-3337
-3240
-1747
326
3302
5042
5912
6551
4617
224
-3545
-3810
-1831
943
3884
5083
5427
3657
-1555
-4994
-4226
-1795
1253
4465
6908
7935
6452
2658
-91
-477
-129
1816
5532
8177
7857
5015
1441
-1132
-2167
-2136
-689
1827
3344
2697
583
-1267
-2108
-2547
-2287
-486
1863
2875
1973
-73
-2171
-3725
-4556
-4507
-3568
-2307
-1642
-1726
-2299
-3133
-3945
-4844
-5599
-5683
-5282
-4800
-4340
-3580
-2302
-1257
-918
-1204
-2054
-2247
-1320
930
3791
4916
5617
5973
3647
-239
-2991
-3188
-1275
1824
3894
4184
4333
2449
-1851
-4271
-3442
-714
2776
5408
6678
6670
4719
1664
-79
17
1028
3224
5951
7190
5952
3086
345
-1145
-1379
-751
557
1826
2247
1009
-1075
-2052
-1991
-1601
-899
480
1709
1593
387
-1566
-2974
-3451
-3675
-3326
-2901
-2735
-2817
-2955
-3044
-3334
-3602
-4210
-5095
-5463
-5567
-5333
-4331
-2753
-1293
-573
-457
-1354
-2302
-2093
-841
1739
4276
5511
6303
5546
2100
-1988
-3701
-2442
258
3084
4352
4162
3207
-96
-3885
-4248
-1710
1799
4727
6108
6147
4902
2497
383
215
1253
2901
5301
6699
6080
3926
1193
-352
-360
25
572
1596
1941
700
-1004
-2091
-1869
-778
-192
368
1273
1288
111
-1269
-2280
-2581
-2380
-2588
-2853
-2899
-3209
-3345
-3130
-2859
-2721
-3209
-4243
-5342
-5692
-5496
-4985
-3659
-1833
-523
-181
-877
-2313
-2681
-1489
520
3399
5488
6113
5540
2921
-922
-3497
-2607
103
2687
4337
3574
1875
25
-2879
-4139
-2027
1609
4483
5349
4761
3460
2115
1170
830
1550
3246
5230
6141
5163
3014
1222
584
683
1186
1383
1366
1096
-129
-1477
-2122
-1512
-277
162
83
82
106
-126
-787
-1352
-1632
-1727
-1941
-2749
-3401
-3522
-3368
-2801
-2292
-2180
-2639
-4040
-5551
-6253
-5889
-4724
-3386
-1929
-946
-869
-1606
-2746
-2878
-1499
802
3622
5331
5280
4473
2871
338
-1820
-1489
659
2718
3661
2415
495
-625
-1952
-2861
-1607
1385
3809
4260
3281
2170
1855
2163
2608
3148
3766
4428
4931
4573
3275
2284
2279
2358
1901
1095
419
186
-199
-929
-1147
-549
-71
-386
-1077
-1282
-564
289
517
54
-738
-1640
-2612
-3208
-3480
-3150
-2421
-2181
-2156
-2603
-3531
-4648
-5755
-5900
-5121
-3848
-2947
-2758
-2527
-2637
-2725
-2501
-1954
-614
838
2362
3250
3296
3343
2814
1900
382
-505
440
1548
2421
1887
403
-13
-589
-1436
-1240
408
2499
3197
2929
2477
2383
3014
3292
3161
3125
3426
4154
4621
4264
3467
3045
2568
1775
1097
665
878
1015
332
-567
-922
-777
-1022
-1358
-1173
-504
402
546
-217
-1138
-2023
-2827
-3130
-3002
-2785
-2459
-2354
-2680
-3125
-3481
-4061
-4864
-5192
-4964
-4348
-3665
-3465
-3035
-2352
-2429
-2859
-2858
-1700
-29
1716
3217
3327
3569
3531
2014
525
212
1408
2613
2967
2198
271
-577
-624
-1306
-1244
314
2334
2991
2055
1230
1352
2501
3571
3497
3192
3377
3976
4306
4029
3803
3792
3587
2740
1624
1042
1051
1207
800
-170
-748
-921
-1370
-1863
-1751
-960
-161
212
-296
-1466
-2211
-2794
-3012
-2644
-2184
-1908
-2353
-2843
-2963
-3095
-3407
-4123
-4462
-4317
-4208
-4033
-4056
-3634
-2800
-2711
-3479
-3636
-1881
-56
1030
2149
2391
2619
3229
2724
1374
1210
2632
3042
2389
1660
366
-129
287
-62
-788
-215
1461
2022
1278
795
1129
2318
3491
3608
3021
2936
3751
4389
4391
4346
4437
4135
3122
2025
1412
1595
1952
1481
224
-1022
-1491
-1767
-2102
-1872
-1300
-790
-752
-1241
-1994
-2567
-2428
-2202
-2118
-1803
-1869
-2306
-2715
-2865
-2549
-2541
-3181
-4212
-4888
-4592
-4135
-3997
-3996
-3642
-3073
-3372
-3883
-3131
-1346
605
2010
2306
2252
2836
3132
2322
1756
2764
4017
3849
2567
848
-242
195
700
19
-379
630
1460
837
73
310
1418
2918
3588
3003
2565
3251
4270
4584
4552
4608
4464
3861
2924
2174
2081
2427
2256
1018
-574
-1534
-1978
-2190
-2068
-1674
-1375
-1402
-1702
-2275
-2681
-2558
-2250
-1952
-1710
-1710
-2040
-2421
-2486
-2304
-2192
-2694
-3649
-4250
-4469
-4392
-4195
-4013
-3598
-3309
-3650
-4427
-4122
-2224
-349
988
1642
1760
2389
3042
2496
1494
2359
4286
4530
3178
1114
-277
163
947
486
-232
539
1518
808
-408
-448
1111
3077
3706
2813
1789
2334
3792
4466
4567
4663
4621
4029
2981
2288
2417
3023
2939
1790
248
-1083
-1690
-1912
-1943
-1571
-1330
-1557
-2039
-2401
-2654
-2736
-2351
-2038
-1918
-1868
-2179
-2560
-2627
-2214
-1896
-2260
-2968
-3609
-3807
-3771
-3767
-3604
-3220
-2893
-3236
-3975
-3973
-2635
-846
261
880
1374
1993
2566
2370
1776
2255
3849
4242
2790
1196
350
417
942
911
431
562
1084
651
-226
157
1615
2786
2853
2091
1543
1933
3148
4136
4196
3946
3814
3296
2547
2490
3012
3258
2941
1958
488
-553
-805
-948
-1193
-1215
-1311
-1757
-2137
-2336
-2494
-2522
-2417
-2276
-2286
-2371
-2482
-2663
-2676
-2399
-2015
-2098
-2698
-3160
-3289
-3328
-3475
-3479
-3234
-3018
-3119
-3738
-3960
-2926
-1351
-364
-69
398
1401
2439
2749
2060
1807
2996
3922
3139
1664
977
1113
1285
833
17
296
1541
1628
408
-111
816
2031
2572
2259
1695
2062
3076
3516
3380
3411
3755
3796
3305
2819
2825
3189
3092
2313
1374
554
8
-412
-868
-1063
-1070
-1374
-1903
-2188
-2297
-2454
-2552
-2649
-2742
-2743
-2824
-3020
-3039
-2790
-2510
-2487
-2893
-3341
-3277
-3047
-3135
-3323
-3290
-3067
-2930
-3192
-3610
-3109
-1688
-662
-309
-44
609
1781
2664
2283
1445
1938
3140
3224
2194
1048
621
964
1184
694
409
1241
1888
1217
422
806
2081
3057
2956
2065
1659
2406
3351
3671
3540
3366
3260
2894
2394
2365
2893
3238
2767
1757
695
129
99
-84
-433
-656
-922
-1416
-1929
-2158
-2183
-2068
-2131
-2666
-3213
-3396
-3301
-3125
-2917
-2776
-3036
-3444
-3560
-3447
-3149
-2939
-3062
-3133
-2867
-2699
-2999
-3133
-2598
-1735
-1054
-640
-96
742
1650
2031
1680
1575
2225
2908
2837
2031
1110
514
555
900
926
935
1206
1156
629
558
1508
2717
3288
2888
1889
1461
2161
3274
3890
3790
3253
2659
2311
2263
2604
3101
3154
2569
1693
921
503
489
455
55
-432
-853
-1252
-1525
-1639
-1708
-1931
-2279
-2699
-3095
-3253
-3326
-3435
-3469
-3444
-3487
-3654
-3692
-3542
-3384
-3275
-3357
-3325
-2906
-2583
-2676
-2902
-2725
-2087
-1245
-367
114
486
1332
2008
1873
1564
1966
2688
2716
1898
732
198
638
991
654
381
838
1290
1131
1093
1745
2763
3346
2965
2112
1867
2748
3786
3868
3304
2840
2612
2458
2510
2768
2901
2775
2262
1520
1104
1092
1003
539
56
-277
-628
-904
-1135
-1383
-1658
-1966
-2181
-2452
-2878
-3279
-3568
-3676
-3664
-3641
-3631
-3649
-3637
-3500
-3314
-3276
-3287
-3064
-2685
-2504
-2759
-2979
-2544
-1657
-935
-726
-606
121
1242
1881
1721
1555
1959
2321
2123
1535
991
799
690
406
206
544
1316
1691
1430
1214
1604
2505
3246
3223
2595
2208
2536
3035
3282
3303
3097
2748
2411
2255
2356
2637
2746
2323
1633
1118
828
684
577
335
-39
-374
-693
-1016
-1308
-1527
-1667
-1929
-2380
-2907
-3357
-3565
-3633
-3726
-3863
-3914
-3783
-3674
-3589
-3432
-3335
-3250
-3043
-2821
-2842
-2781
-2290
-1856
-1697
-1397
-818
6
913
1399
1311
1342
1873
2212
2077
1924
1726
1149
464
144
186
465
955
1209
988
871
1274
1988
2653
3010
2833
2353
2150
2441
3029
3510
3534
3106
2508
2173
2332
2733
2822
2386
1758
1199
833
722
689
499
140
-185
-450
-727
-911
-981
-1070
-1397
-1943
-2425
-2759
-3033
-3261
-3459
-3735
-4012
-4020
-3826
-3580
-3400
-3423
-3462
-3366
-3152
-2877
-2398
-1778
-1528
-1687
-1706
-1171
-5
1127
1409
1097
1138
1636
1899
1938
2048
1979
1425
554
-111
-172
352
977
991
550
405
839
1596
2280
2657
2559
2219
2015
2128
2679
3379
3698
3432
2785
2352
2530
2947
2952
2457
1784
1137
784
769
813
650
199
-283
-565
-636
-619
-604
-685
-1169
-1879
-2304
-2389
-2445
-2754
-3230
-3749
-4108
-3957
-3560
-3345
-3358
-3466
-3569
-3573
-3247
-2723
-2112
-1436
-1257
-1621
-1793
-1123
178
1138
1234
810
688
1007
1302
1555
1769
1675
1033
184
-161
126
701
969
610
50
-34
608
1492
2106
2274
2081
1852
1793
2088
2634
3054
3194
2998
2657
2583
2934
3229
2926
2257
1646
1304
1220
1196
1042
621
97
-295
-427
-345
-228
-224
-617
-1389
-2006
-2113
-1962
-2093
-2512
-3029
-3580
-3782
-3506
-3031
-2825
-2994
-3277
-3512
-3430
-2936
-2316
-1768
-1418
-1411
-1679
-1636
-769
370
917
667
291
284
481
788
1158
1351
1074
380
-200
-163
549
1226
1124
410
-252
-150
697
1647
2124
2065
1778
1527
1672
2247
2868
3165
2951
2519
2409
2895
3595
3677
2964
2006
1396
1295
1498
1676
1381
657
-50
-435
-394
-66
246
94
-678
-1559
-1933
-1761
-1562
-1729
-2300
-3120
-3724
-3751
-3230
-2601
-2419
-2766
-3362
-3649
-3276
-2403
-1560
-1337
-1730
-2136
-1877
-800
390
846
378
-260
-333
-27
340
708
853
343
-604
-1066
-584
443
1149
937
121
-469
-247
498
1160
1515
1495
1234
1018
1332
2228
3056
3210
2670
2052
1967
2587
3465
3772
3237
2300
1566
1389
1643
1961
1811
1069
223
-237
-163
216
537
407
-297
-1121
-1474
-1235
-962
-1171
-1785
-2566
-3165
-3216
-2786
-2374
-2334
-2566
-2926
-3118
-2858
-2263
-1577
-1260
-1572
-2091
-2032
-967
385
927
394
-345
-452
-135
168
369
476
170
-803
-1680
-1477
-305
703
619
-207
-744
-359
579
1261
1382
1136
834
683
990
1927
2979
3352
2875
2149
1908
2350
3091
3446
3073
2287
1642
1432
1583
1866
1842
1255
441
-62
-40
299
627
552
-169
-1116
-1513
-1154
-620
-579
-1138
-1951
-2518
-2561
-2207
-1864
-1904
-2316
-2805
-2973
-2548
-1713
-1051
-1127
-1801
-2309
-1964
-807
296
564
-13
-691
-781
-329
202
498
385
-287
-1292
-1831
-1370
-331
307
2
-839
-1279
-755
344
1229
1492
1162
507
61
423
1598
2793
3163
2636
1974
1998
2696
3367
3406
2780
1960
1475
1514
1883
2144
1874
1100
296
-81
91
538
740
333
-531
-1276
-1427
-1034
-614
-626
-1073
-1611
-1866
-1694
-1307
-1090
-1299
-1870
-2394
-2387
-1705
-801
-363
-700
-1427
-1728
-1126
-72
550
319
-453
-1104
-1161
-610
76
321
-170
-1185
-2020
-1932
-1009
-188
-264
-1113
-1888
-1874
-1056
3
712
790
353
-97
-2
730
1659
2149
1938
1449
1407
2009
2789
3196
3002
2328
1587
1259
1498
1981
2149
1688
850
246
257
691
993
743
-26
-835
-1198
-1050
-694
-544
-823
-1351
-1674
-1511
-982
-430
-249
-662
-1303
-1493
-994
-249
172
93
-293
-584
-432
154
726
789
202
-703
-1221
-979
-431
-272
-665
-1262
-1667
-1662
-1254
-695
-410
-665
-1292
-1767
-1621
-863
-52
249
-1
-328
-207
488
1319
1760
1657
1248
960
1084
1584
2106
2296
2063
1611
1269
1250
1493
1707
1595
1142
629
353
420
642
681
364
-192
-734
-1021
-948
-695
-617
-894
-1330
-1579
-1460
-1045
-618
-411
-434
-513
-428
-111
302
572
554
336
129
168
535
961
944
282
-607
-1071
-912
-571
-596
-1076
-1665
-1984
-1889
-1473
-957
-641
-771
-1248
-1623
-1487
-911
-352
-201
-419
-619
-465
69
736
1252
1426
1267
975
811
920
1181
1339
1251
1055
986
1092
1252
1334
1270
1066
811
631
550
510
451
295
37
-231
-384
-359
-257
-267
-491
-797
-932
-797
-539
-337
-209
-80
100
336
624
927
1156
1193
1030
840
828
962
995
761
311
-137
-416
-531
-624
-763
-929
-1180
-1539
-1814
-1778
-1482
-1206
-1170
-1347
-1517
-1476
-1246
-990
-810
-709
-647
-551
-312
88
536
840
888
786
715
765
856
848
693
487
400
508
723
876
855
671
420
228
169
182
155
37
-135
-266
-276
-151
8
61
-39
-189
-283
-267
-142
34
189
278
346
486
750
1051
1244
1241
1125
1001
887
755
591
416
237
75
-63
-146
-195
-278
-437
-638
-809
-922
-985
-1051
-1165
-1294
-1349
-1292
-1158
-1014
-908
-851
-814
-755
-641
-454
-235
-48
70
135
195
272
364
462
513
478
370
248
177
184
263
356
385
294
132
-16
-117
-183
-224
-245
-257
-266
-254
-200
-131
-84
-52
-17
38
125
233
347
456
557
658
783
939
1092
1171
1152
1085
1015
947
893
863
836
798
737
668
610
556
489
384
234
24
-242
-540
-814
-1040
-1209
-1318
-1360
-1344
-1297
-1258
-1228
-1182
-1098
-994
-905
-840
-779
-702
-596
-459
-302
-145
-23
72
135
144
90
5
-46
-39
-13
-33
-124
-245
-346
-408
-444
-488
-555
-637
-689
-658
-530
-345
-150
28
219
441
696
963
1182
1324
1416
1509
1614
1704
1759
1777
1752
1704
1653
1611
1585
1560
1502
1380
1213
1026
843
655
457
237
-32
-344
-664
-949
-1176
-1340
-1450
-1520
-1547
-1523
-1453
-1388
-1353
-1328
-1285
-1222
-1156
-1122
-1128
-1133
-1098
-992
-844
-697
-576
-494
-452
-436
-445
-476
-529
-586
-652
-718
-761
-766
-744
-729
-720
-724
-721
-678
-556
-357
-109
154
421
695
961
1217
1473
1735
1962
2113
2180
2210
2246
2294
2334
2345
2326
2280
2223
2149
2044
1888
1683
1460
1222
953
639
300
-20
-311
-571
-799
-987
-1132
-1245
-1349
-1436
-1480
-1479
-1456
-1435
-1428
-1437
-1445
-1452
-1446
-1421
-1391
-1388
-1415
-1421
-1382
-1316
-1254
-1197
-1148
-1109
-1085
-1070
-1068
-1092
-1144
-1184
-1174
-1097
-975
-857
-761
-665
-525
-330
-87
178
437
672
896
1139
1406
1673
1915
2118
2284
2408
2495
2559
2604
2636
2655
2659
2623
2552
2457
2339
2182
1978
1722
1437
1139
836
524
205
-112
-394
-617
-775
-879
-963
-1046
-1126
-1193
-1243
-1289
-1341
-1391
-1421
-1450
-1494
-1553
-1596
-1610
-1608
-1613
-1638
-1678
-1718
-1757
-1805
-1852
-1881
-1866
-1805
-1707
-1605
-1537
-1503
-1471
-1396
-1247
-1031
-780
-525
-293
-61
194
475
764
1021
1223
1383
1533
1693
1870
2041
2180
2274
2354
2456
2594
2727
2795
2777
2689
2591
2502
2398
2245
2029
1754
1459
1181
928
693
455
204
-42
-246
-396
-511
-614
-725
-836
-939
-1018
-1073
-1126
-1203
-1304
-1415
-1516
-1586
-1638
-1699
-1771
-1858
-1956
-2041
-2108
-2157
-2211
-2271
-2336
-2385
-2397
-2345
-2238
-2104
-1954
-1792
-1599
-1350
-1041
-714
-394
-94
199
491
785
1068
1326
1539
1694
1793
1865
1948
2057
2190
2322
2437
2525
2603
2689
2774
2825
2808
2715
2563
2388
2203
2000
1752
1469
1187
944
751
600
461
314
158
16
-99
-191
-280
-396
-548
-712
-858
-973
-1074
-1192
-1337
-1502
-1668
-1812
-1923
-2020
-2132
-2273
-2422
-2541
-2607
-2617
-2604
-2595
-2607
-2613
-2584
-2494
-2347
-2144
-1902
-1623
-1298
-922
-520
-145
176
438
670
894
1131
1361
1551
1672
1741
1797
1874
1980
2093
2197
2274
2328
2360
2383
2397
2397
2365
2293
2190
2058
1910
1737
1548
1349
1159
986
842
734
644
549
433
306
185
77
-15
-110
-228
-374
-535
-697
-847
-990
-1147
-1329
-1528
-1725
-1905
-2064
-2215
-2366
-2519
-2655
-2749
-2790
-2781
-2749
-2708
-2650
-2551
-2393
-2163
-1874
-1565
-1253
-935
-601
-252
97
418
702
939
1132
1294
1436
1566
1678
1768
1847
1925
2009
2094
2162
2195
2188
2154
2102
2044
1971
1883
1774
1640
1505
1390
1302
1226
1152
1064
960
851
751
671
598
513
402
266
130
20
-66
-156
-271
-420
-595
-782
-972
-1177
-1413
-1673
-1929
-2156
-2340
-2484
-2601
-2700
-2783
-2840
-2851
-2814
-2728
-2596
-2420
-2196
-1925
-1611
-1258
-902
-568
-272
-4
248
509
762
980
1148
1269
1366
1464
1575
1683
1772
1826
1855
1866
1876
1885
1879
1833
1748
1647
1537
1436
1343
1256
1171
1091
1028
989
968
948
918
871
802
722
630
535
443
349
255
158
60
-36
-139
-264
-422
-620
-844
-1066
-1280
-1491
-1716
-1953
-2177
-2361
-2495
-2582
-2634
-2650
-2629
-2566
-2451
-2278
-2051
-1786
-1494
-1193
-890
-593
-309
-42
215
458
682
872
1026
1154
1264
1368
1460
1540
1609
1668
1708
1721
1697
1636
1556
1475
1402
1326
1239
1140
1029
924
845
798
774
750
707
652
610
591
582
568
539
497
453
411
375
328
257
157
29
-114
-263
-430
-628
-864
-1122
-1373
-1605
-1805
-1979
-2132
-2261
-2354
-2407
-2421
-2395
-2316
-2182
-1991
-1751
-1472
-1182
-907
-655
-419
-185
61
309
539
730
894
1050
1192
1326
1442
1533
1588
1609
1585
1517
1423
1322
1228
1143
1064
970
866
757
670
615
590
581
573
557
521
476
439
419
401
370
329
292
266
257
249
224
177
112
30
-64
-177
-326
-508
-706
-892
-1064
-1233
-1401
-1559
-1697
-1792
-1842
-1858
-1857
-1833
-1766
-1641
-1466
-1266
-1057
-860
-673
-500
-327
-150
45
254
464
657
839
1026
1203
1376
1530
1659
1741
1775
1754
1679
1560
1412
1248
1073
904
740
593
470
374
307
259
225
196
169
141
115
92
81
79
83
94
109
121
128
127
113
77
3
-111
-258
-427
-607
-788
-965
-1143
-1327
-1509
-1673
-1799
-1874
-1892
-1862
-1796
-1708
-1596
-1447
-1261
-1059
-850
-654
-468
-281
-98
73
227
365
485
600
725
860
1007
1171
1342
1505
1654
1778
1864
1889
1854
1776
1671
1550
1421
1276
1104
921
744
585
444
320
209
101
-1
-98
-181
-246
-296
-328
-344
-343
-315
-259
-187
-116
-66
-56
-95
-184
-310
-464
-641
-845
-1081
-1343
-1599
-1821
-1992
-2108
-2165
-2168
-2119
-2016
-1860
-1660
-1423
-1163
-890
-612
-341
-88
129
300
433
558
695
842
983
1107
1215
1311
1413
1520
1618
1688
1717
1706
1669
1633
1602
1560
1501
1428
1350
1268
1188
1099
991
862
723
578
423
259
84
-94
-262
-411
-536
-633
-694
-718
-707
-671
-619
-567
-527
-508
-511
-535
-592
-685
-813
-969
-1149
-1350
-1561
-1767
-1954
-2104
-2201
-2227
-2187
-2076
-1901
-1672
-1401
-1107
-814
-537
-283
-66
127
308
505
708
900
1070
1220
1362
1503
1642
1757
1835
1871
1871
1840
1785
1707
1607
1501
1404
1327
1275
1237
1201
1156
1109
1066
1026
974
897
785
644
487
327
162
-5
-168
-314
-439
-540
-624
-700
-778
-859
-940
-1023
-1106
-1200
-1293
-1390
-1496
-1613
-1739
-1874
-2008
-2116
-2184
-2213
-2202
-2146
-2037
-1883
-1690
-1472
-1243
-1016
-787
-560
-338
-127
83
286
477
661
844
1029
1218
1412
1594
1740
1846
1909
1927
1902
1846
1771
1684
1596
1524
1464
1409
1357
1306
1263
1234
1219
1201
1165
1103
1014
906
786
663
536
399
255
115
-15
-141
-272
-408
-554
-707
-860
-1002
-1132
-1254
-1376
-1499
-1625
-1758
-1889
-2012
-2114
-2190
-2225
-2217
-2170
-2076
-1939
-1768
-1581
-1380
-1174
-972
-774
-588
-426
-279
-138
1
155
327
519
715
908
1089
1251
1386
1495
1567
1590
1577
1536
1476
1406
1338
1274
1214
1164
1127
1112
1120
1148
1187
1223
1247
1256
1249
1232
1198
1145
1070
977
870
748
614
464
299
117
-75
-271
-462
-646
-831
-1021
-1209
-1390
-1561
-1724
-1879
-2020
-2139
-2225
-2265
-2259
-2210
-2129
-2008
-1849
-1659
-1447
-1234
-1041
-871
-721
-591
-461
-332
-201
-77
42
164
291
422
561
703
838
962
1060
1121
1150
1153
1144
1128
1110
1094
1079
1072
1067
1063
1059
1060
1072
1097
1135
1180
1228
1271
1307
1330
1335
1322
1283
1214
1114
980
814
619
404
172
-68
-311
-546
-768
-978
-1179
-1372
-1553
-1725
-1885
-2013
-2102
-2144
-2148
-2110
-2029
-1901
-1730
-1534
-1332
-1142
-973
-823
-687
-564
-453
-351
-259
-172
-83
13
110
208
302
390
469
535
581
606
616
629
660
706
768
830
880
914
931
933
923
907
892
880
878
886
902
931
970
1017
1070
1115
1148
1162
1155
1123
1060
966
843
691
519
336
149
-44
-242
-443
-653
-873
-1091
-1298
-1483
-1636
-1746
-1813
-1830
-1796
-1716
-1593
-1441
-1274
-1105
-942
-788
-648
-524
-421
-330
-249
-172
-101
-33
20
58
78
86
83
68
50
31
22
27
50
96
161
243
336
435
531
616
686
736
773
806
838
870
903
940
979
1013
1045
1067
1074
1059
1032
996
949
880
795
699
599
504
413
318
211
86
-56
-216
-389
-573
-758
-941
-1111
-1258
-1372
-1445
-1468
-1446
-1388
-1302
-1201
-1093
-992
-899
-805
-709
-601
-481
-354
-232
-121
-36
21
45
45
28
-7
-51
-95
-141
-181
-205
-201
-163
-93
7
118
226
323
404
473
527
575
622
675
742
821
902
972
1016
1037
1035
1013
975
921
849
759
658
555
458
367
282
202
122
50
-12
-77
-149
-233
-326
-422
-514
-590
-651
-698
-727
-742
-746
-735
-719
-702
-686
-668
-646
-610
-559
-493
-415
-328
-242
-160
-82
-20
20
37
37
15
-25
-75
-124
-164
-182
-181
-165
-136
-96
-49
2
60
118
167
212
260
312
372
441
514
582
649
705
748
771
771
745
707
664
617
562
489
402
307
213
123
32
-57
-148
-233
-311
-380
-439
-483
-511
-522
-523
-512
-489
-463
-434
-399
-361
-326
-299
-282
-274
-270
-264
-250
-231
-208
-178
-146
-114
-87
-69
-63
-69
-78
-89
-101
-112
-124
-133
-130
-116
-94
-64
-26
22
74
124
167
198
228
263
306
357
414
465
500
522
528
525
514
498
479
457
433
400
356
296
225
150
71
-1
-69
-132
-196
-260
-318
-375
-425
-469
-508
-538
-556
-559
-540
-503
-449
-387
-315
-237
-166
-101
-39
10
51
87
117
141
166
191
208
218
223
214
199
178
149
107
62
24
-5
-29
-49
-66
-77
-77
-65
-43
-13
20
54
84
114
145
177
212
253
301
348
384
402
397
370
333
288
232
169
97
17
-66
-155
-242
-320
-387
-437
-470
-491
-505
-516
-524
-528
-532
-538
-540
-537
-520
-486
-430
-352
-256
-148
-41
56
135
194
237
268
297
331
367
403
431
450
458
459
451
435
409
372
327
278
229
181
142
115
102
93
88
80
66
47
31
17
2
-7
0
27
67
116
163
198
219
228
225
207
170
119
57
-13
-86
-159
-230
-296
-356
-412
-459
-499
-535
-570
-603
-632
-656
-670
-673
-659
-633
-596
-547
-485
-406
-322
-229
-136
-47
41
129
211
285
349
400
442
485
529
569
606
629
633
620
598
571
538
499
455
414
378
349
318
283
243
202
163
128
94
60
27
0
-20
-34
-43
-40
-26
-5
16
28
22
-3
-39
-80
-121
-160
-198
-239
-279
-318
-355
-394
-435
-481
-528
-577
-623
-665
-703
-733
-752
-755
-737
-699
-649
-589
-523
-449
-367
-281
-188
-92
0
93
183
265
346
427
503
571
638
697
738
769
794
808
817
825
825
813
791
759
707
648
591
536
479
420
354
279
207
150
102
64
34
-5
-54
-104
-145
-181
-204
-216
-229
-245
-267
-293
-320
-340
-355
-363
-368
-376
-391
-415
-445
-482
-525
-576
-631
-689
-738
-777
-804
-821
-825
-816
-794
-761
-719
-665
-601
-524
-438
-347
-254
-159
-61
44
153
256
351
439
523
612
700
787
864
926
969
993
1004
1004
995
974
942
895
841
775
705
632
561
492
425
357
285
216
152
95
42
-12
-67
-118
-163
-195
-218
-235
-252
-265
-277
-284
-291
-296
-302
-307
-313
-325
-349
-391
-446
-508
-571
-627
-677
-722
-764
-799
-824
-840
-846
-840
-824
-793
-751
-698
-636
-568
-491
-404
-306
-199
-88
25
138
247
353
454
560
663
763
861
950
1018
1063
1087
1092
1084
1070
1047
1008
948
872
785
692
594
498
402
311
222
133
39
-53
-137
-208
-262
-299
-322
-339
-350
-354
-353
-348
-341
-331
-314
-295
-281
-271
-274
-290
-316
-350
-391
-438
-486
-534
-581
-628
-670
-708
-739
-759
-764
-759
-741
-710
-671
-622
-563
-497
-427
-349
-258
-152
-38
80
194
303
404
502
594
678
761
840
913
978
1034
1066
1069
1047
1009
964
922
882
831
759
668
568
464
360
259
165
80
9
-57
-124
-188
-244
-285
-308
-309
-295
-276
-254
-234
-220
-213
-214
-221
-229
-231
-229
-230
-240
-269
-311
-367
-428
-489
-550
-609
-657
-698
-728
-750
-765
-775
-775
-756
-718
-666
-606
-540
-472
-398
-316
-226
-131
-36
64
165
271
379
475
555
616
660
694
724
754
780
800
807
797
771
733
689
642
595
545
493
439
381
320
259
201
152
108
72
44
18
-7
-25
-35
-41
-44
-47
-57
-66
-73
-77
-85
-95
-111
-137
-166
-196
-231
-270
-311
-353
-393
-433
-472
-506
-535
-558
-571
-575
-567
-558
-546
-533
-512
-486
-454
-419
-377
-326
-265
-199
-134
-70
-9
47
104
158
209
256
295
329
354
368
375
376
376
380
384
389
389
380
362
337
315
295
279
271
267
265
263
257
245
226
206
187
173
163
153
144
134
127
119
110
103
94
83
66
41
12
-19
-52
-84
-116
-143
-168
-186
-197
-204
-212
-221
-234
-252
-273
-296
-317
-337
-351
-359
-360
-360
-358
-353
-346
-331
-311
-291
-273
-256
-237
-217
-193
-165
-134
-101
-71
-44
-20
-1
20
43
72
102
130
156
179
199
220
244
271
299
325
347
366
386
403
413
416
414
408
403
398
390
376
357
335
313
292
269
241
213
180
144
110
71
30
-9
-44
-74
-98
-119
-136
-157
-180
-206
-231
-262
-293
-325
-358
-389
-417
-438
-458
-474
-490
-504
-514
-519
-518
-512
-501
-487
-472
-457
-439
-414
-378
-337
-291
-245
-197
-149
-100
-51
-6
39
88
138
191
246
293
337
380
417
447
473
498
524
550
577
597
609
616
616
607
596
584
569
555
538
518
490
458
423
384
348
312
272
225
174
122
69
19
-30
-77
-119
-156
-193
-232
-271
-315
-363
-411
-456
-501
-540
-576
-607
-637
-664
-686
-708
-725
-739
-745
-743
-736
-724
-711
-689
-656
-611
-556
-492
-425
-359
-292
-223
-155
-85
-15
57
128
197
267
331
387
437
482
525
566
607
642
671
697
717
731
741
745
741
734
727
718
707
693
674
649
620
587
549
505
454
394
329
261
192
121
52
-12
-71
-125
-178
-233
-291
-350
-408
-462
-515
-563
-608
-649
-684
-717
-746
-772
-797
-818
-831
-835
-831
-820
-801
-778
-747
-705
-654
-594
-530
-460
-386
-308
-227
-145
-68
7
80
153
227
299
366
421
470
513
551
585
617
643
665
687
706
724
737
743
740
732
724
716
708
699
683
662
636
600
560
513
460
401
336
265
190
111
34
-44
-120
-195
-269
-341
-407
-471
-532
-590
-645
-692
-733
-764
-793
-815
-834
-848
-854
-852
-843
-830
-811
-790
-761
-723
-677
-624
-569
-515
-456
-393
-322
-247
-172
-101
-36
29
95
162
228
295
358
418
475
533
584
632
677
713
746
779
815
844
868
885
893
894
888
875
859
835
804
768
724
674
618
555
485
407
326
241
151
63
-24
-109
-192
-273
-351
-423
-489
-546
-598
-643
-682
-716
-746
-771
-792
-804
-814
-820
-819
-814
-802
-784
-761
-735
-705
-671
-631
-591
-549
-507
-465
-420
-370
-317
-263
-210
-156
-99
-41
20
81
140
198
253
310
365
421
477
532
585
634
680
720
757
787
811
829
838
838
828
808
784
753
713
666
617
560
498
432
362
285
206
125
44
-32
-102
-167
-226
-280
-329
-371
-405
-434
-461
-485
-503
-518
-531
-541
-549
-557
-559
-558
-555
-551
-549
-543
-533
-520
-503
-485
-466
-448
-425
-401
-371
-337
-299
-256
-209
-161
-114
-68
-19
31
81
134
188
239
286
332
375
418
461
501
533
563
589
612
629
638
640
633
622
606
583
553
513
468
417
364
308
251
192
134
76
19
-36
-86
-135
-181
-220
-257
-284
-303
-320
-334
-345
-353
-361
-365
-367
-366
-364
-361
-353
-346
-341
-336
-330
-325
-320
-312
-303
-293
-282
-273
-262
-245
-227
-213
-194
-167
-137
-107
-75
-44
-14
18
51
84
117
148
178
208
238
268
295
320
340
360
378
398
414
424
426
424
418
405
389
368
339
307
273
238
204
170
133
96
59
28
-5
-37
-65
-91
-117
-138
-152
-165
-177
-188
-197
-207
-212
-216
-219
-225
-232
-237
-242
-245
-244
-241
-241
-240
-241
-241
-243
-247
-244
-241
-237
-231
-225
-217
-208
-194
-178
-160
-143
-126
-105
-82
-60
-36
-14
7
31
59
87
118
148
174
199
224
249
276
297
320
333
339
345
349
349
344
335
322
305
286
266
242
219
196
174
153
136
118
101
82
63
46
31
19
6
-7
-21
-37
-54
-71
-84
-99
-111
-126
-140
-152
-164
-176
-191
-204
-217
-230
-242
-250
-255
-256
-257
-257
-258
-255
-250
-244
-239
-233
-227
-217
-206
-192
-179
-167
-151
-134
-112
-89
-65
-44
-22
-2
23
48
75
104
131
159
183
206
226
242
255
266
277
284
290
290
284
276
270
263
259
254
246
238
228
215
202
186
168
149
128
110
89
69
51
29
9
-11
-29
-47
-64
-83
-102
-117
-133
-149
-164
-178
-191
-204
-214
-222
-228
-233
-238
-244
-250
-254
-256
-261
-263
-265
-266
-264
-260
-255
-249
-240
-229
-216
-202
-183
-160
-137
-109
-79
-49
-17
17
51
87
122
155
184
211
236
260
279
298
313
324
329
333
334
332
327
319
308
295
281
268
254
235
213
188
165
142
119
99
79
59
40
23
3
-17
-38
-59
-76
-93
-107
-123
-141
-158
-177
-195
-212
-224
-238
-250
-264
-273
-283
-292
-298
-305
-311
-314
-311
-307
-294
-281
-268
-252
-234
-212
-184
-153
-121
-86
-48
-9
29
65
103
140
175
211
244
274
304
329
349
366
378
386
389
390
385
377
364
352
337
319
301
279
254
232
208
185
163
140
116
92
69
49
27
6
-17
-41
-64
-88
-111
-140
-165
-190
-216
-241
-265
-289
-312
-334
-355
-377
-394
-408
-419
-426
-431
-434
-435
-436
-431
-421
-408
-390
-367
-343
-317
-287
-252
-219
-182
-140
-95
-48
-1
44
86
128
169
209
250
291
326
357
384
407
428
444
457
466
470
471
468
460
451
438
423
408
392
375
357
337
315
294
269
244
220
193
166
139
113
82
51
19
-16
-52
-86
-120
-156
-192
-229
-264
-298
-328
-359
-388
-412
-432
-451
-466
-475
-483
-488
-488
-484
-476
-464
-447
-430
-409
-384
-355
-322
-287
-248
-212
-172
-129
-85
-41
1
43
86
133
176
215
254
287
319
347
373
396
413
425
433
440
443
443
439
434
426
418
411
402
385
367
346
324
301
277
252
224
195
164
130
95
58
18
-24
-62
-100
-139
-176
-214
-252
-287
-319
-351
-381
-407
-429
-446
-460
-470
-476
-480
-480
-477
-470
-459
-445
-428
-405
-377
-348
-319
-286
-253
-218
-181
-138
-93
-48
-5
35
73
111
151
189
227
263
297
329
357
382
407
427
442
455
467
476
480
478
470
461
449
435
421
405
387
366
339
310
278
243
207
171
136
100
62
23
-18
-61
-103
-146
-187
-227
-262
-294
-326
-356
-384
-413
-436
-457
-473
-484
-490
-496
-498
-495
-489
-480
-470
-457
-440
-419
-395
-367
-338
-308
-276
-244
-209
-170
-128
-87
-47
-9
28
65
101
138
175
213
249
285
318
350
381
408
430
451
468
484
501
510
518
519
516
508
499
488
473
456
434
410
382
352
319
285
248
213
179
147
112
74
34
-9
-50
-92
-130
-171
-212
-251
-291
-331
-368
-401
-430
-456
-480
-500
-517
-529
-536
-540
-539
-536
-529
-518
-504
-481
-457
-431
-403
-374
-343
-311
-277
-237
-196
-153
-111
-70
-30
10
50
89
129
169
211
252
290
326
358
389
416
439
461
478
496
508
514
514
510
501
490
475
457
438
411
387
357
326
295
262
225
191
157
123
88
52
12
-28
-66
-101
-138
-175
-209
-245
-278
-309
-337
-364
-390
-414
-433
-447
-459
-467
-470
-467
-459
-450
-440
-425
-409
-390
-369
-344
-320
-291
-260
-231
-199
-167
-134
-100
-67
-33
1
34
71
109
145
178
211
241
271
305
334
359
379
397
408
419
429
433
434
431
431
426
417
405
389
370
349
327
305
279
254
225
196
168
139
106
71
35
-2
-40
-76
-113
-147
-182
-213
-242
-271
-297
-326
-352
-375
-395
-411
-421
-430
-436
-437
-434
-429
-421
-410
-395
-382
-363
-341
-317
-290
-264
-234
-205
-174
-143
-108
-74
-37
0
35
70
103
138
170
202
234
263
292
318
341
359
376
391
404
411
415
421
422
420
416
406
393
377
362
343
321
300
276
251
222
191
161
130
96
62
25
-12
-48
-86
-121
-157
-192
-224
-255
-286
-316
-344
-367
-386
-402
-412
-421
-426
-430
-429
-425
-416
-406
-390
-374
-357
-339
-319
-298
-273
-245
-215
-186
-155
-123
-90
-56
-24
7
40
72
102
132
163
195
224
250
276
299
319
337
348
358
366
374
380
382
380
374
366
358
349
339
327
310
291
268
244
219
195
169
141
113
84
55
28
-2
-35
-67
-98
-130
-158
-185
-211
-237
-260
-283
-304
-322
-334
-343
-349
-351
-351
-347
-341
-334
-324
-311
-295
-278
-259
-241
-221
-203
-181
-159
-137
-115
-91
-66
-41
-15
10
32
53
76
98
122
148
172
197
218
240
258
271
282
290
298
306
310
313
311
308
301
292
283
271
258
242
225
204
183
160
136
114
92
69
43
17
-10
-37
-65
-89
-114
-139
-161
-183
-200
-219
-234
-247
-261
-274
-282
-287
-291
-294
-294
-291
-285
-277
-266
-256
-245
-231
-214
-195
-176
-156
-137
-116
-96
-76
-54
-31
-9
11
32
50
70
87
103
119
134
150
166
184
200
216
229
238
248
255
262
265
267
264
262
259
253
243
230
218
203
189
172
152
134
114
97
78
60
38
18
0
-18
-39
-57
-76
-96
-115
-130
-143
-152
-163
-174
-184
-196
-207
-215
-220
-225
-228
-227
-223
-219
-217
-217
-215
-210
-201
-189
-177
-163
-152
-140
-127
-114
-100
-84
-68
-51
-35
-20
-4
8
20
31
44
59
74
88
102
114
126
137
149
159
169
177
185
194
201
207
209
209
208
207
206
203
198
190
183
175
164
156
147
138
129
120
109
97
84
69
57
42
28
14
-1
-13
-29
-44
-59
-76
-92
-106
-121
-135
-147
-158
-168
-177
-185
-195
-200
-205
-208
-211
-211
-211
-211
-211
-210
-208
-206
-203
-197
-188
-178
-170
-161
-151
-141
-128
-114
-100
-82
-62
-41
-20
1
19
35
53
72
90
111
133
151
171
189
203
214
224
234
241
247
253
257
259
261
260
257
253
245
236
225
213
203
187
170
153
135
118
101
82
61
39
14
-9
-31
-51
-70
-89
-109
-127
-146
-163
-177
-190
-205
-215
-223
-230
-237
-244
-252
-258
-258
-257
-253
-248
-245
-241
-234
-226
-214
-202
-189
-171
-152
-131
-107
-83
-57
-32
-9
14
36
57
79
101
123
145
164
181
194
204
214
221
229
236
240
242
241
241
239
234
231
223
217
210
201
192
178
161
141
122
105
89
76
59
42
22
0
-24
-48
-71
-94
-112
-128
-144
-162
-182
-203
-226
-245
-263
-277
-288
-296
-301
-304
-308
-310
-311
-308
-300
-286
-268
-249
-227
-206
-187
-163
-137
-110
-79
-44
-7
31
66
98
125
152
179
205
231
257
280
303
324
345
361
373
380
386
389
392
392
388
383
374
364
353
339
326
307
283
254
224
189
156
122
87
51
15
-23
-62
-101
-141
-179
-214
-247
-277
-304
-330
-354
-381
-405
-428
-447
-459
-463
-463
-462
-459
-456
-450
-439
-422
-400
-374
-344
-310
-277
-243
-211
-183
-153
-121
-87
-51
-15
20
51
84
114
142
171
198
222
248
270
293
313
329
346
359
371
381
388
392
389
383
376
367
354
341
325
306
283
261
235
207
178
150
119
89
62
33
4
-25
-53
-80
-106
-128
-150
-170
-189
-207
-223
-239
-250
-261
-269
-274
-278
-279
-278
-280
-278
-274
-266
-253
-240
-225
-213
-200
-188
-172
-157
-138
-118
-99
-77
-58
-38
-17
5
28
52
75
100
125
145
164
181
195
208
220
230
240
249
257
262
267
267
266
260
249
236
223
208
195
179
164
147
125
101
75
49
26
2
-18
-34
-53
-73
-93
-116
-138
-157
-173
-185
-198
-208
-218
-230
-240
-249
-256
-260
-261
-258
-253
-248
-242
-235
-227
-215
-204
-189
-171
-154
-134
-112
-89
-66
-43
-19
6
32
58
82
109
131
155
177
198
217
235
249
258
266
272
276
276
275
272
267
260
252
241
228
215
199
182
164
148
129
109
87
66
44
24
3
-19
-41
-61
-81
-102
-118
-136
-150
-163
-174
-184
-193
-202
-207
-210
-212
-210
-208
-207
-205
-201
-197
-194
-189
-182
-174
-165
-155
-142
-132
-120
-110
-96
-82
-67
-52
-37
-24
-11
1
16
28
40
51
62
74
86
95
104
111
115
119
123
125
129
129
128
127
126
124
121
119
114
110
105
100
97
91
86
81
75
70
68
66
64
60
57
56
53
49
43
37
34
31
26
22
17
11
3
-4
-10
-14
-19
-24
-29
-34
-41
-48
-54
-62
-68
-72
-75
-77
-81
-83
-86
-89
-91
-93
-94
-93
-90
-87
-85
-81
-78
-74
-70
-64
-57
-50
-44
-36
-28
-21
-16
-10
-5
-2
3
10
16
21
25
29
31
34
38
40
41
44
45
47
50
52
53
54
55
57
59
61
62
62
62
62
63
64
61
56
50
44
38
31
24
17
10
5
-2
-12
-21
-29
-36
-41
-44
-45
-47
-47
-48
-50
-50
-50
-52
-53
-53
-50
-48
-48
-48
-51
-54
-55
-56
-58
-59
-59
-57
-55
-53
-50
-46
-44
-42
-38
-32
-25
-18
-15
-10
-4
0
6
11
17
25
34
43
54
63
69
78
83
91
97
103
110
115
118
120
121
124
125
127
126
121
116
110
103
94
85
74
62
49
35
20
4
-11
-24
-40
-54
-67
-81
-92
-104
-112
-121
-128
-133
-139
-146
-151
-155
-157
-156
-158
-158
-159
-160
-157
-155
-149
-142
-133
-122
-107
-92
-77
-61
-45
-27
-9
10
29
47
63
77
92
108
122
137
151
163
172
182
191
196
200
203
205
205
205
204
199
190
181
171
159
149
136
123
109
94
78
61
43
23
3
-16
-34
-53
-73
-90
-108
-126
-142
-158
-173
-187
-198
-207
-214
-219
-225
-229
-234
-235
-235
-232
-230
-227
-220
-211
-201
-187
-176
-161
-146
-131
-112
-93
-71
-49
-29
-8
14
33
54
72
90
107
126
143
158
173
186
196
205
213
220
227
233
237
241
243
241
238
233
229
221
211
201
189
177
163
145
126
107
86
63
41
20
0
-22
-42
-62
-82
-101
-120
-136
-150
-164
-175
-187
-198
-206
-216
-221
-224
-225
-223
-220
-216
-214
-208
-201
-191
-178
-167
-153
-137
-122
-105
-89
-70
-52
-32
-11
8
29
46
65
83
98
115
129
143
158
169
181
188
198
206
210
212
212
212
211
212
206
198
189
179
169
156
144
129
111
93
74
53
33
10
-12
-35
-54
-74
-93
-114
-132
-149
-163
-175
-185
-193
-202
-209
-215
-220
-223
-225
-224
-224
-221
-216
-212
-205
-196
-186
-175
-160
-146
-131
-115
-100
-83
-65
-46
-23
-4
17
37
59
82
101
122
141
159
177
194
207
218
226
232
237
240
242
241
238
233
226
219
211
200
191
178
165
153
138
122
106
89
71
53
35
17
-1
-20
-39
-56
-75
-93
-108
-127
-140
-151
-161
-171
-180
-189
-197
-203
-208
-210
-209
-211
-208
-205
-199
-194
-190
-179
-172
-159
-145
-132
-117
-105
-92
-77
-64
-48
-34
-16
2
20
40
57
73
86
100
112
127
140
153
165
172
178
182
183
185
184
182
181
177
173
165
157
146
133
124
113
104
92
82
70
57
45
32
19
6
-6
-16
-27
-36
-50
-60
-72
-84
-92
-99
-106
-110
-116
-120
-126
-130
-130
-131
-129
-127
-124
-119
-114
-108
-102
-96
-88
-81
-74
-63
-54
-46
-37
-29
-19
-10
1
11
18
27
37
45
52
58
64
69
72
76
81
84
87
88
89
89
87
85
83
80
76
70
66
60
52
46
39
33
26
18
12
6
0
-7
-14
-22
-26
-31
-36
-41
-45
-48
-52
-56
-59
-62
-64
-65
-68
-66
-66
-65
-66
-66
-63
-63
-60
-58
-57
-54
-51
-47
-45
-40
-36
-32
-28
-23
-17
-12
-7
0
5
11
13
18
23
28
33
39
45
50
52
56
59
61
62
64
66
68
69
69
70
69
68
67
66
64
60
58
55
53
49
43
39
35
29
25
21
15
9
4
0
-3
-8
-11
-15
-17
-20
-22
-23
-26
-27
-30
-32
-35
-38
-40
-42
-44
-45
-47
-49
-51
-49
-50
-50
-50
-51
-51
-52
-53
-53
-53
-52
-50
-50
-48
-47
-45
-42
-38
-34
-28
-25
-22
-19
-16
-11
-7
-2
2
6
11
17
21
24
27
30
33
38
43
48
52
54
57
59
61
64
67
70
72
73
72
68
66
65
66
63
62
58
55
53
50
47
40
33
28
22
17
10
1
-7
-16
-25
-30
-39
-46
-51
-57
-60
-64
-67
-71
-74
-77
-79
-82
-85
-87
-88
-89
-89
-89
-89
-88
-85
-80
-79
-74
-68
-61
-54
-47
-38
-29
-19
-10
0
7
16
23
31
40
48
56
63
69
74
79
83
86
89
92
94
96
97
97
95
93
92
88
85
81
78
73
66
61
55
49
42
35
28
20
14
7
1
-6
-10
-17
-24
-29
-35
-43
-47
-53
-59
-63
-69
-73
-77
-81
-83
-85
-86
-89
-90
-91
-91
-90
-88
-87
-83
-78
-73
-66
-59
-54
-46
-39
-31
-21
-14
-6
1
8
14
20
27
32
37
42
46
51
54
56
59
63
66
68
69
71
73
74
73
73
72
69
66
65
64
59
55
52
49
47
44
41
38
34
27
24
18
14
8
3
-5
-14
-21
-29
-37
-45
-54
-61
-67
-73
-79
-83
-88
-91
-92
-92
-91
-90
-86
-85
-81
-78
-75
-70
-64
-58
-50
-42
-32
-24
-16
-7
0
7
17
26
35
42
49
55
62
68
73
76
78
82
82
82
83
81
81
81
79
75
72
68
66
64
62
61
58
54
51
44
38
33
26
19
11
4
-3
-11
-17
-25
-32
-39
-44
-50
-55
-60
-65
-69
-73
-77
-80
-84
-85
-87
-88
-87
-88
-87
-86
-86
-83
-82
-78
-76
-72
-66
-60
-54
-47
-42
-36
-30
-22
-15
-7
2
8
16
24
33
41
49
57
64
70
78
84
89
93
94
96
96
97
96
96
91
87
83
80
76
71
65
60
56
53
52
49
44
38
33
29
24
18
13
6
0
-5
-13
-20
-27
-38
-47
-55
-62
-68
-76
-82
-88
-94
-101
-105
-109
-110
-112
-112
-112
-111
-107
-104
-100
-93
-88
-80
-74
-64
-56
-46
-36
-28
-19
-9
-1
8
16
24
31
38
45
54
61
68
75
79
84
88
90
95
97
97
99
98
97
95
93
90
87
85
82
79
77
75
73
69
65
60
55
50
45
39
32
23
14
3
-6
-15
-25
-35
-45
-56
-66
-74
-81
-89
-97
-104
-107
-110
-111
-109
-107
-106
-104
-102
-97
-93
-87
-81
-76
-69
-62
-55
-48
-40
-32
-24
-18
-9
-2
8
15
22
28
34
39
45
48
52
55
60
63
66
69
70
71
74
75
77
78
79
80
81
81
80
79
75
71
67
64
59
53
47
40
32
25
15
6
-3
-14
-23
-32
-40
-49
-59
-69
-81
-87
-93
-98
-102
-106
-108
-109
-112
-112
-112
-110
-106
-102
-96
-88
-84
-80
-73
-67
-60
-53
-45
-36
-28
-19
-11
-2
7
17
28
39
47
56
64
72
80
87
97
103
107
111
116
119
122
123
123
122
121
119
116
113
108
104
98
93
85
79
70
62
55
45
36
27
18
7
-5
-15
-24
-34
-43
-53
-62
-70
-79
-87
-95
-103
-107
-112
-116
-119
-122
-122
-123
-123
-121
-118
-114
-110
-103
-99
-94
-86
-79
-71
-64
-54
-47
-39
-30
-22
-14
-5
2
11
21
29
37
43
49
55
60
67
75
80
86
91
95
99
100
101
101
101
100
98
96
93
88
83
77
71
66
60
55
49
40
31
23
15
6
0
-8
-16
-22
-32
-39
-46
-53
-61
-67
-74
-81
-86
-89
-92
-95
-99
-100
-101
-100
-98
-95
-94
-90
-85
-81
-75
-69
-63
-54
-45
-35
-25
-16
-6
3
11
20
30
38
46
51
56
60
64
69
73
75
79
82
86
89
91
92
94
95
97
98
96
94
90
87
84
78
71
64
56
48
39
32
22
13
4
-5
-11
-20
-30
-39
-47
-56
-64
-69
-75
-82
-89
-93
-98
-99
-101
-102
-103
-102
-101
-97
-94
-90
-85
-79
-73
-68
-61
-56
-50
-44
-37
-28
-19
-12
-5
3
11
20
27
33
39
46
53
59
65
70
74
78
82
86
88
90
91
94
93
94
93
92
90
87
83
79
74
69
62
56
51
42
32
22
13
2
-6
-17
-27
-36
-44
-53
-61
-69
-74
-81
-84
-86
-90
-94
-97
-101
-101
-101
-101
-102
-101
-100
-99
-97
-92
-89
-83
-77
-72
-65
-58
-50
-43
-34
-26
-19
-12
-3
5
13
21
31
40
46
53
62
69
76
83
89
94
98
100
103
104
104
103
103
101
98
96
92
88
85
77
72
66
61
55
48
42
36
28
20
11
4
-2
-10
-18
-26
-33
-39
-47
-53
-61
-68
-72
-76
-80
-82
-86
-87
-89
-90
-89
-87
-84
-81
-78
-73
-71
-67
-62
-57
-52
-44
-38
-31
-23
-16
-8
-1
6
14
21
27
36
43
50
54
57
60
64
68
71
73
76
78
78
80
78
78
77
76
76
74
73
70
66
60
56
52
48
43
39
34
26
21
12
4
-4
-12
-21
-30
-38
-47
-56
-63
-71
-77
-85
-91
-95
-98
-102
-105
-107
-107
-107
-106
-104
-101
-96
-92
-86
-80
-72
-65
-60
-54
-48
-41
-34
-25
-18
-10
-2
4
10
17
24
31
36
43
50
55
60
65
70
74
78
80
82
83
84
86
86
85
84
82
81
78
76
74
70
66
62
57
51
43
36
28
19
10
1
-8
-16
-23
-33
-39
-44
-49
-53
-59
-61
-62
-64
-65
-64
-63
-64
-62
-62
-58
-54
-50
-47
-44
-42
-36
-32
-27
-22
-19
-15
-10
-5
0
3
7
11
15
19
22
25
29
32
37
40
41
45
47
51
53
55
56
57
58
57
56
54
50
46
43
40
37
33
28
21
16
11
6
3
-1
-5
-10
-15
-19
-24
-29
-34
-38
-41
-45
-49
-52
-57
-58
-62
-63
-63
-63
-61
-60
-58
-55
-53
-50
-47
-45
-41
-38
-33
-30
-27
-23
-21
-18
-13
-9
-4
0
5
9
12
14
17
22
23
26
31
33
37
38
40
42
44
46
49
51
52
53
54
55
53
51
48
46
45
43
39
37
34
29
24
19
14
8
3
-3
-9
-13
-19
-24
-29
-34
-35
-38
-40
-42
-46
-48
-48
-48
-46
-46
-46
-46
-45
-42
-40
-37
-35
-33
-31
-27
-23
-18
-15
-13
-10
-7
-1
3
6
9
12
16
20
24
29
32
35
38
40
42
43
45
47
46
47
46
46
46
45
42
40
38
34
32
29
25
22
21
18
16
11
8
2
0
-3
-8
-10
-15
-19
-24
-27
-31
-34
-37
-38
-38
-38
-40
-40
-40
-38
-37
-36
-34
-30
-30
-28
-28
-27
-26
-26
-24
-24
-22
-22
-20
-19
-17
-14
-13
-9
-7
-6
-2
-1
1
2
3
3
5
7
9
10
10
13
14
15
18
19
22
24
27
29
32
34
36
36
38
38
37
36
36
34
32
30
27
24
22
20
19
18
17
13
9
8
6
3
1
-2
-6
-9
-11
-14
-16
-22
-25
-27
-29
-30
-32
-34
-37
-38
-38
-38
-39
-41
-41
-40
-40
-38
-37
-37
-34
-32
-28
-23
-19
-15
-10
-4
1
8
15
20
24
29
31
34
36
39
40
43
40
39
37
35
34
31
30
27
25
22
22
21
18
17
15
14
14
13
12
11
9
7
5
1
-3
-7
-10
-14
-17
-21
-26
-30
-32
-33
-37
-39
-40
-41
-40
-38
-36
-34
-32
-30
-28
-24
-21
-16
-14
-11
-8
-4
-2
1
4
5
7
10
13
16
19
19
19
19
21
21
23
23
23
24
24
25
24
23
20
17
16
13
10
9
6
3
0
-1
0
-1
-1
-1
-1
0
2
4
4
5
7
8
9
9
11
11
9
8
6
6
5
3
2
-1
-3
-5
-7
-9
-11
-12
-12
-14
-14
-13
-15
-14
-14
-13
-11
-10
-9
-7
-7
-8
-6
-5
-6
-5
-5
-5
-6
-7
-7
-8
-12
-14
-17
-22
-26
-29
-31
-35
-37
-38
-40
-40
-38
-35
-31
-27
-23
-18
-13
-8
-2
4
9
15
18
23
26
28
32
36
37
39
41
44
46
46
47
48
47
46
43
44
44
41
37
32
28
25
22
20
19
15
13
13
11
11
11
11
9
8
5
3
-1
-5
-8
-11
-13
-17
-21
-25
-29
-31
-33
-34
-37
-39
-42
-44
-45
-48
-48
-49
-49
-47
-47
-44
-43
-43
-39
-36
-31
-26
-19
-13
-9
-5
-2
2
8
12
15
19
23
26
29
32
33
33
33
32
33
33
34
34
33
32
32
31
29
27
26
26
26
25
23
21
21
20
21
21
20
18
18
14
13
12
9
7
2
-4
-9
-12
-17
-22
-27
-32
-37
-40
-43
-44
-43
-43
-44
-46
-44
-43
-40
-37
-35
-31
-29
-27
-25
-22
-20
-17
-12
-7
-4
0
4
7
10
13
16
20
24
26
27
29
32
33
35
35
36
35
33
32
29
25
24
21
19
17
16
16
15
12
10
9
9
7
6
5
3
0
-3
-5
-6
-9
-11
-13
-15
-18
-20
-23
-23
-24
-26
-27
-31
-31
-32
-34
-36
-38
-38
-39
-38
-38
-38
-38
-35
-32
-28
-25
-22
-18
-14
-11
-7
-3
2
6
11
16
20
22
26
27
31
33
33
34
37
38
40
39
39
39
39
40
40
40
40
41
39
40
39
39
37
34
33
32
31
28
25
23
18
16
14
11
6
2
-3
-7
-11
-15
-18
-24
-27
-31
-34
-37
-39
-42
-42
-44
-45
-46
-47
-47
-45
-44
-43
-41
-38
-36
-36
-34
-34
-33
-30
-27
-24
-20
-16
-12
-8
-3
1
5
11
16
22
26
28
31
32
34
34
35
35
37
38
37
36
37
36
35
33
32
33
32
31
29
26
23
22
18
15
11
7
4
-1
-5
-11
-16
-21
-24
-28
-30
-33
-38
-41
-46
-48
-50
-52
-54
-56
-57
-55
-54
-52
-50
-48
-43
-40
-35
-32
-29
-25
-22
-19
-15
-11
-7
-1
4
8
13
17
22
27
32
36
39
41
45
48
50
52
52
51
54
52
54
53
53
51
51
48
46
45
42
39
35
33
28
25
20
15
9
6
2
-3
-6
-10
-13
-17
-20
-24
-25
-28
-31
-33
-35
-36
-39
-40
-38
-38
-37
-38
-37
-37
-33
-33
-30
-29
-28
-26
-23
-20
-18
-12
-9
-4
-1
2
5
9
11
15
18
18
18
20
19
20
20
20
20
19
19
18
16
14
13
13
12
10
8
7
7
5
3
2
0
0
-2
-3
-4
-5
-5
-7
-8
-10
-12
-14
-14
-15
-13
-13
-15
-16
-19
-19
-20
-20
-24
-24
-23
-22
-19
-16
-13
-9
-7
-4
0
4
9
12
14
17
17
20
21
22
22
23
23
23
22
22
21
21
19
18
18
18
18
18
19
18
18
19
18
18
17
15
14
11
10
9
5
3
1
-1
-5
-8
-12
-15
-20
-23
-25
-28
-30
-32
-33
-33
-32
-32
-34
-33
-32
-31
-29
-27
-27
-25
-23
-22
-19
-17
-16
-15
-15
-14
-12
-9
-7
-6
-4
0
2
5
8
12
14
17
21
24
27
30
32
36
38
39
38
37
35
34
31
28
24
19
15
11
7
4
1
-2
-5
-5
-6
-7
-8
-8
-9
-9
-8
-8
-9
-8
-9
-10
-11
-12
-11
-10
-9
-11
-9
-10
-8
-7
-5
-5
-4
-4
-3
-1
0
2
4
6
7
8
8
9
11
11
13
14
15
18
17
18
20
18
17
17
15
13
11
11
11
9
8
7
7
6
4
2
0
-2
-4
-6
-10
-12
-16
-20
-22
-28
-30
-33
-35
-35
-35
-36
-35
-37
-36
-34
-32
-30
-28
-25
-22
-21
-19
-16
-12
-10
-7
-4
0
4
6
9
12
13
14
14
16
17
18
20
21
21
22
22
23
22
22
23
22
22
21
19
20
20
21
22
24
23
23
23
21
19
16
17
16
13
10
6
1
-3
-5
-9
-14
-17
-20
-23
-25
-28
-31
-31
-31
-32
-32
-30
-29
-28
-29
-28
-27
-27
-27
-25
-24
-21
-19
-17
-15
-12
-11
-8
-5
-2
1
4
5
6
7
8
11
13
14
16
17
20
23
24
26
28
31
33
35
35
34
34
34
33
34
35
34
33
33
32
30
27
26
23
21
19
16
14
9
6
3
-3
-7
-10
-13
-15
-19
-22
-26
-29
-31
-33
-37
-39
-39
-41
-42
-43
-44
-43
-42
-40
-37
-34
-31
-27
-24
-20
-17
-15
-12
-9
-6
-3
0
2
4
7
8
12
13
15
18
21
21
23
24
25
26
27
28
28
31
32
32
33
33
31
30
29
30
30
27
25
22
19
16
12
7
2
-1
-4
-8
-10
-13
-17
-19
-22
-25
-27
-31
-34
-34
-36
-39
-39
-40
-40
-39
-40
-41
-39
-39
-39
-37
-35
-33
-31
-29
-25
-21
-19
-16
-13
-10
-7
-2
-1
2
5
8
11
12
15
18
19
22
23
25
26
27
27
27
28
29
28
30
30
30
29
30
30
30
30
30
30
29
28
26
27
26
26
24
22
19
18
16
14
13
12
9
7
6
4
3
1
-1
-3
-4
-6
-6
-8
-8
-8
-9
-10
-11
-12
-14
-13
-13
-15
-14
-14
-16
-18
-18
-17
-16
-15
-16
-16
-15
-13
-12
-13
-12
-11
-10
-10
-11
-11
-13
-13
-12
-11
-10
-9
-9
-6
-5
-3
-1
0
1
1
-1
-2
-2
-2
0
0
0
0
-1
-3
-3
-1
-3
-3
-4
-4
-5
-5
-5
-4
-3
-3
-5
-6
-6
-7
-7
-8
-8
-8
-8
-7
-7
-4
-3
-3
-2
1
3
3
4
4
3
3
4
5
5
5
5
5
7
7
7
6
8
9
9
11
12
12
12
12
11
10
10
9
9
9
8
9
8
8
9
9
10
8
8
8
8
9
8
8
6
6
5
5
5
5
5
5
4
4
4
3
2
0
0
0
-1
-2
-2
-2
-2
-1
-1
-1
-1
0
0
0
2
1
-1
0
-1
-1
-2
-1
-1
-2
-2
-1
0
0
-1
-1
-2
-1
-2
-1
-1
-1
0
-1
0
-1
-1
-2
-3
-4
-4
-4
-5
-7
-7
-7
-9
-9
-8
-7
-6
-6
-3
-3
-2
-1
-3
-3
-3
-3
-3
-4
-4
-4
-6
-6
-4
-4
-4
-2
0
1
0
-1
-2
-2
-2
-3
-2
-3
-3
-5
-6
-8
-8
-10
-11
-10
-12
-12
-13
-14
-15
-15
-13
-14
-12
-12
-11
-10
-8
-8
-7
-5
-4
-4
-2
1
2
2
2
1
3
4
5
4
5
4
5
5
5
4
5
6
8
10
12
13
15
15
14
17
19
20
20
21
21
22
21
22
20
20
22
21
22
20
19
17
14
11
10
7
5
2
2
1
-1
-2
-3
-3
-2
-2
-2
-4
-4
-4
-7
-7
-6
-6
-7
-8
-9
-8
-10
-11
-11
-10
-8
-9
-8
-8
-8
-8
-8
-7
-7
-8
-7
-8
-7
-6
-6
-5
-4
-1
1
1
2
4
4
6
7
7
6
7
7
8
10
11
13
12
11
11
11
11
12
11
8
7
5
5
2
1
-1
-2
-3
-4
-4
-7
-9
-10
-11
-9
-10
-11
-12
-14
-16
-16
-17
-17
-18
-20
-21
-21
-19
-20
-19
-18
-19
-18
-17
-17
-17
-17
-18
-18
-17
-16
-14
-13
-11
-8
-6
-2
-1
1
2
5
7
9
12
16
17
17
17
18
18
19
21
22
23
22
22
22
21
19
20
19
19
18
17
17
16
14
11
11
10
9
9
7
5
3
0
-1
-3
-7
-8
-10
-13
-15
-17
-19
-19
-19
-19
-17
-16
-16
-15
-15
-13
-11
-12
-12
-11
-9
-8
-7
-6
-4
-1
1
2
4
5
6
7
9
11
11
10
12
10
11
11
12
13
14
13
15
15
17
18
19
19
20
21
21
20
20
19
18
18
16
15
12
10
8
4
3
0
-2
-4
-7
-9
-10
-13
-15
-15
-16
-18
-19
-21
-21
-21
-22
-23
-23
-23
-23
-23
-23
-24
-24
-25
-24
-25
-25
-23
-23
-20
-19
-17
-16
-14
-11
-9
-5
-2
1
3
8
10
13
15
17
19
20
22
24
25
26
27
28
28
30
30
30
29
31
29
26
26
23
23
21
19
17
15
12
9
7
4
2
0
-5
-8
-12
-17
-20
-23
-27
-30
-34
-37
-38
-40
-41
-43
-42
-42
-43
-43
-42
-41
-39
-38
-35
-33
-30
-30
-30
-28
-24
-22
-18
-15
-11
-9
-5
-1
2
7
11
16
21
25
29
33
38
40
44
48
50
51
55
56
57
56
56
56
53
52
50
48
46
42
40
36
33
31
29
25
23
19
15
10
6
4
2
-2
-5
-7
-10
-13
-15
-21
-23
-26
-27
-29
-30
-32
-33
-35
-35
-36
-38
-38
-39
-38
-38
-38
-38
-38
-37
-36
-36
-35
-33
-32
-30
-27
-24
-23
-20
-17
-14
-12
-8
-5
-2
0
1
2
5
7
10
12
15
18
19
20
22
23
25
26
27
30
30
30
29
29
29
29
28
28
26
27
26
23
22
20
18
16
14
11
8
4
0
-1
-4
-6
-9
-11
-13
-15
-17
