0
0
0
1
1
0
-1
0
-1
-2
-1
-1
-1
-1
0
1
1
-2
0
0
0
-2
0
1
0
-1
0
1
0
0
0
0
0
-1
0
0
0
-1
0
0
0
0
-1
0
0
0
-1
-1
-1
0
0
-2
-1
0
0
-1
0
0
1
-1
1
1
0
-2
0
0
1
-1
0
1
1
1
1
2
1
0
-1
1
-1
0
-1
0
0
1
0
1
-1
0
0
0
0
-1
0
0
1
-1
1
-1
1
1
0
0
0
1
-1
3
1
1
-1
0
1
0
0
1
2
1
2
1
3
0
1
0
0
-1
-1
1
1
1
0
0
0
0
0
-1
-1
-1
-1
-2
0
-1
0
-1
1
1
0
1
0
1
-1
0
-1
1
-1
1
1
1
1
1
0
1
0
0
0
0
1
0
0
0
2
0
0
-1
0
-1
-2
-1
0
-1
-1
-1
0
-1
-1
0
0
-1
-1
-1
0
-2
-1
-1
1
-1
0
0
1
0
0
0
0
1
-1
1
0
0
-1
-1
0
0
-1
-1
0
1
0
0
0
1
0
0
0
-1
0
0
1
0
0
0
1
1
0
0
0
1
-1
1
0
1
0
0
0
0
0
0
0
-1
0
0
1
1
0
0
0
-1
-1
1
-1
-1
-1
0
0
1
0
-1
0
-1
0
0
0
-1
0
0
-1
1
-1
-1
0
1
1
0
0
1
0
0
0
2
1
2
1
1
1
2
1
1
1
-1
1
1
0
-1
0
0
0
-1
-1
-1
-1
-1
-1
0
0
0
0
1
0
0
1
1
1
0
2
2
1
1
0
1
0
0
1
0
0
0
0
0
-1
-1
-1
-1
-1
-1
0
0
0
-1
0
-1
0
0
-1
0
-1
0
0
0
0
0
0
1
0
0
1
0
0
-1
0
0
0
0
1
0
0
-1
0
0
0
-1
-1
0
-1
-1
-1
-2
-1
0
-1
-2
-1
0
0
0
0
0
1
0
1
-1
-1
-1
1
1
0
0
0
1
0
1
0
-1
0
0
0
0
-1
0
3
3
2
0
1
-1
-2
-1
-2
-3
-1
1
1
0
1
2
3
0
-2
-3
-3
-2
1
0
-1
1
2
3
0
0
0
-3
1
3
-1
-2
0
4
3
2
2
1
3
-1
-3
-1
-2
-2
0
3
0
1
3
3
3
-3
-2
-1
-5
-2
-5
0
3
3
5
4
5
3
-3
-2
-3
0
-3
-1
2
0
3
1
5
0
-4
0
-2
-4
-1
-5
-4
2
7
7
-4
4
4
-4
-1
2
2
-6
-3
-3
2
-1
-4
3
4
4
-2
1
-6
-9
-4
6
4
0
-4
-10
7
5
2
-4
-6
2
4
5
-3
0
4
-1
2
-2
-9
-8
-1
8
8
1
-1
-1
-3
-5
6
5
-7
-1
2
8
5
-3
-9
-1
1
6
3
-5
-9
-1
9
1
-7
-13
2
7
7
-2
-7
4
6
8
2
-13
-12
-3
6
4
0
-12
0
13
5
-2
-3
8
13
3
-2
-6
-16
1
9
5
0
4
4
7
7
-2
-7
-8
3
0
-2
-7
-4
-5
12
16
4
3
0
-1
-14
-5
-11
-5
6
6
-1
8
13
3
2
-4
-4
-11
7
3
-8
-4
-1
9
1
-1
-5
-4
2
-9
-2
4
-7
3
7
12
3
6
-3
-8
7
-8
2
6
1
11
9
19
-3
-10
-1
-10
-2
-8
-9
-7
-1
8
-7
-5
-15
-4
5
-5
2
-4
5
4
4
4
-8
-20
-12
-1
-3
2
15
13
12
20
24
15
-17
-14
-5
-19
-23
-12
11
15
9
7
4
-1
-16
-23
-23
-16
-9
-6
17
9
-5
-1
8
2
-13
-23
-11
4
13
17
18
21
-4
-5
-2
4
5
2
14
23
7
-5
-18
-18
-10
-8
-3
-2
-4
14
30
11
-4
-19
-11
-22
-28
-8
7
31
40
28
5
2
1
-11
-33
-14
5
15
20
1
6
22
24
17
14
-19
-35
-22
-5
7
-10
-27
4
16
27
18
1
18
7
18
21
6
-34
-17
12
-8
3
14
-5
-12
-2
-5
-16
-4
-2
-9
-11
-15
-23
-12
25
17
6
-6
19
2
-34
-17
-24
-10
28
47
25
23
-11
9
-13
-41
-18
-38
-6
22
36
21
-5
-19
1
10
-13
-22
-39
-11
10
24
-13
-23
22
44
46
6
-10
-22
-32
-28
-22
-7
-16
-7
7
-6
-3
38
-23
-34
-14
-87
-23
9
16
39
83
82
14
46
44
10
-32
-72
-44
-60
-67
0
-32
407
444
-129
-168
-196
-177
-199
-182
-10
32
214
163
54
-78
-188
-38
-31
64
114
-25
-43
20
65
70
53
53
74
64
-25
-86
-18
-2
49
31
162
21
-49
-34
-220
-95
-373
402
351
-269
131
-136
141
-189
-102
-149
-222
523
-21
96
-129
-177
-54
-53
94
-161
-66
539
166
-110
120
-217
-86
-160
60
90
-133
263
-94
146
-89
-164
142
-123
91
20
-51
14
-99
-88
32
33
39
92
95
-28
94
92
2
-35
-51
-24
48
-100
24
-155
-116
681
-108
-202
13
-182
-96
-235
11
-155
10
166
-98
250
-210
-103
124
102
106
-113
129
-111
81
20
69
21
4
90
-152
51
87
-105
30
66
74
-21
70
-186
-134
-49
-119
85
9
-88
309
285
-144
-11
-75
29
122
51
-180
-20
-9
-186
-44
-209
-246
-58
211
66
76
41
-373
59
-23
43
25
228
437
195
183
15
-273
95
-254
68
146
90
-94
-127
300
-64
-257
-20
-347
9
93
-357
242
-97
-325
291
93
-138
-82
-31
109
13
76
-21
213
-84
82
111
-31
103
29
164
62
94
-157
89
-40
-185
294
-47
-90
33
50
-144
-152
46
-160
47
90
-58
29
-28
-167
-192
28
-107
70
149
74
18
71
-39
-99
84
-168
12
417
-52
146
-5
-223
23
-103
44
146
155
-108
49
47
-319
118
-214
-63
280
-82
40
-6
-8
-199
-125
232
-25
197
106
-175
-101
-100
-13
61
-49
93
133
7
-27
-134
-71
-261
130
252
118
158
-73
-181
-102
-42
-30
-97
111
206
11
63
-104
-293
-207
-83
33
-22
107
-19
-206
-226
-192
-53
32
10
-22
97
26
-213
-186
-202
33
125
237
239
77
-62
-190
41
127
61
106
183
107
-45
-10
-68
-78
34
75
162
89
21
-249
-169
-21
-3
153
102
224
130
-33
5
85
66
199
247
319
305
206
5
-8
0
42
166
146
183
164
23
-16
52
37
-23
141
130
45
66
10
-11
18
-72
-97
-23
91
37
7
57
79
44
-4
-49
-74
12
34
86
148
-6
-188
-201
-222
-79
-20
-36
-37
-66
-120
-276
-328
-338
-283
-162
-148
-82
-141
-246
-288
-223
-104
-66
-40
-83
-165
-156
-266
-194
-119
-194
-58
10
-3
-139
-250
-199
-211
-68
19
43
165
41
-40
-55
-185
-107
-146
44
209
154
94
-20
-63
-116
-88
-81
138
187
98
128
-57
-60
-122
-73
86
109
245
137
96
56
-26
26
14
181
243
223
210
116
88
66
158
94
214
231
124
261
55
23
86
54
183
252
214
147
172
33
-16
10
18
81
140
102
-1
9
-58
-85
-74
-72
-2
5
21
-7
-2
-77
-126
-63
-33
-2
41
40
-28
-45
-4
49
30
100
92
89
68
16
57
39
45
82
104
136
91
10
36
32
41
62
27
22
-29
16
50
113
141
69
11
17
20
6
13
-20
51
-50
-6
33
-76
-41
-117
-106
-24
-50
-43
-122
-125
-95
-158
-109
-20
-83
-63
-66
-72
-118
-110
-90
-109
-76
-105
-83
-120
-179
-188
-169
-140
-104
-90
-144
-134
-245
-182
-202
-256
-162
-166
-144
-163
-141
-143
-165
-107
-99
-183
-210
-115
-143
-211
-133
-128
-40
-66
-5
-41
-132
-35
-34
14
82
80
117
126
82
57
205
199
145
151
168
174
197
276
163
170
268
232
288
269
213
223
216
235
266
290
249
299
263
325
278
266
303
246
308
260
223
256
214
208
239
247
238
268
231
206
145
134
53
-32
-84
-106
-7
-33
-57
-168
-105
-147
-169
-135
-190
-82
-90
-170
-95
-126
-184
-221
-274
-219
-217
-199
-157
-300
-349
-269
-346
-235
-340
-401
-354
-422
-399
-308
16
205
221
76
-94
-188
-232
-229
-157
102
114
122
-72
-344
-560
-892
-865
-801
-529
-509
-708
-820
-1087
-1174
-1256
-1099
-890
-870
-623
-551
-398
-374
-400
-262
-90
260
444
656
687
662
626
646
871
962
914
829
814
745
701
687
705
662
579
537
404
344
176
57
40
175
286
267
361
265
177
156
237
373
537
715
881
992
932
940
888
837
900
1069
1111
1131
1049
811
654
493
361
267
200
52
-88
-217
-363
-452
-555
-625
-591
-591
-674
-671
-719
-732
-673
-677
-567
-517
-424
-356
-398
-402
-251
-74
36
29
-2
13
-1
8
-88
-16
43
48
128
15
-153
-329
-413
-436
-405
-321
-406
-373
-578
-668
-657
-744
-642
-401
76
313
115
-241
-442
-485
-518
-358
-141
16
73
-56
-119
-528
-842
-988
-918
-604
-392
-374
-733
-932
-1140
-1374
-1360
-1191
-856
-734
-712
-621
-628
-571
-610
-360
-4
229
381
435
530
526
482
586
802
991
1084
1107
1079
1093
1059
971
1041
1076
1095
941
871
857
766
789
783
796
770
696
707
720
681
746
864
1006
1140
1137
985
972
1063
1059
1063
1086
1116
1175
1030
887
666
623
581
492
520
457
370
117
-9
-80
-151
-190
-334
-329
-389
-475
-515
-451
-556
-625
-576
-393
-390
-583
-501
-589
-746
-694
-331
-371
-733
-550
-452
-442
-508
-788
-616
-479
-395
-588
-675
-378
-489
-676
-891
-639
-247
-468
-668
-793
-644
-552
-731
-890
-891
-590
-578
-773
-825
-753
-741
-863
-928
-880
-793
-837
-961
-1014
-928
-744
-710
-814
-873
-689
-447
-381
-478
-566
-468
-371
-327
-381
-303
-75
-21
-82
-154
-162
-163
-125
-81
-79
38
157
179
102
85
74
72
126
239
377
474
529
564
599
641
661
692
780
847
1006
1033
1051
1066
1005
971
954
983
994
1015
968
894
841
739
743
790
848
845
811
907
920
881
799
838
879
888
909
910
983
947
871
836
859
928
929
835
750
699
662
596
539
466
446
400
311
293
287
232
146
90
8
-89
-221
-319
-333
-345
-403
-452
-457
-442
-516
-625
-660
-679
-673
-689
-697
-720
-756
-807
-897
-997
-1013
-1074
-1050
-1053
-1086
-1072
-1057
-1117
-1158
-1126
-1167
-1100
-1107
-1151
-1120
-1136
-1142
-1145
-1144
-1144
-1162
-1146
-1108
-1083
-1039
-1006
-987
-875
-821
-815
-718
-633
-565
-517
-476
-380
-284
-253
-278
-227
-118
-85
-6
29
21
88
105
135
157
162
206
234
264
305
324
405
390
317
351
299
261
250
272
366
358
332
317
319
260
190
231
291
373
382
408
457
512
556
568
531
588
639
697
768
772
790
766
820
882
935
1016
1053
1080
1105
1125
1155
1130
1055
1053
1117
1159
1111
1109
1092
1043
957
864
843
871
848
771
778
785
684
504
437
450
450
488
415
405
394
310
294
156
81
123
137
114
59
-6
-70
-202
-146
-221
-259
-110
-260
-261
-360
-380
-454
-621
-502
-525
-464
-415
-611
-427
-706
-840
-810
-689
-590
-1083
-618
-670
-1041
-944
-909
-961
-1186
-1029
-840
-927
-895
-1016
-875
-887
-1049
-1224
-914
-730
-1003
-882
-819
-865
-735
-824
-985
-1089
-524
-560
-577
-516
-748
-520
-483
-805
-728
-340
-338
-623
-601
-488
-266
-509
-719
-309
-18
-456
-481
-60
-238
-470
-309
90
-12
-126
-114
49
-10
-177
-99
62
211
238
247
191
202
477
513
424
600
872
999
733
641
790
974
926
987
1246
1223
1206
1241
1107
982
926
1005
1098
1072
1082
1103
1218
1046
824
853
943
835
750
854
1080
1039
830
889
985
744
604
792
868
873
820
998
920
682
645
791
704
391
559
827
997
857
508
478
479
601
511
298
441
518
595
321
168
232
121
-93
-21
173
75
-5
-131
-115
-115
-339
-369
-417
-424
-380
-714
-745
-639
-694
-805
-980
-929
-1069
-1204
-1410
-1433
-1152
-1368
-1550
-1391
-1189
-1484
-1740
-1567
-1516
-1574
-1544
-1246
-1072
-1175
-1472
-1181
-1050
-1116
-1214
-1128
-779
-642
-913
-1281
-812
-477
-842
-960
-694
-350
-687
-874
-775
-535
-341
-594
-393
-220
-268
-628
-622
-300
-290
-377
-379
-268
31
-36
-390
-479
-176
-10
-9
-19
67
195
263
365
449
679
607
288
214
266
407
348
430
610
635
532
333
221
98
46
59
280
474
487
289
26
-30
-15
105
241
395
595
626
610
617
710
818
835
944
1237
1449
1477
1386
1351
1348
1370
1508
1609
1639
1559
1449
1356
1288
1255
1287
1278
1179
1075
996
964
897
882
991
1076
1093
955
934
910
730
669
714
851
916
866
735
546
311
159
166
257
343
192
193
254
259
17
-494
-761
-777
-633
-617
-670
-711
-812
-939
-1187
-1463
-1650
-1576
-1454
-1393
-1354
-1365
-1497
-1769
-1983
-2082
-1853
-1424
-1130
-1237
-1527
-1500
-1288
-1120
-1366
-1366
-988
-801
-803
-759
-843
-1342
-1159
-585
-610
-1031
-811
-310
-809
-1234
-1272
-735
-446
-665
-789
-793
-647
-809
-930
-979
-939
-651
-372
-368
-655
-635
-485
-423
-619
-491
-52
101
322
470
750
485
51
18
138
466
600
723
931
960
833
422
134
-47
-90
119
231
569
565
163
-348
-506
-314
-346
-230
69
249
146
-59
38
260
304
326
615
1162
1427
1277
1226
1374
1455
1430
1654
2044
2318
2256
2073
2012
1905
1879
1902
1999
2117
2057
1810
1594
1540
1446
1410
1435
1437
1491
1414
1320
1148
1065
1029
1039
1215
1273
1299
1272
1117
1013
932
953
1036
1129
1189
1030
887
765
616
416
424
563
553
358
78
-68
-334
-675
-896
-877
-755
-837
-1024
-1277
-1484
-1711
-2019
-2076
-1875
-1686
-1706
-1813
-1932
-2137
-2384
-2404
-2215
-2005
-1831
-1724
-1783
-2015
-2030
-1902
-1811
-1810
-1752
-1578
-1406
-1483
-1684
-1652
-1617
-1645
-1649
-1424
-1265
-1415
-1644
-1721
-1545
-1465
-1462
-1364
-1158
-945
-1127
-1204
-1159
-866
-757
-748
-576
-468
-315
-319
-275
-75
628
1397
1598
952
248
306
651
827
763
1206
1755
1749
1151
268
59
-173
-242
-49
470
957
319
-515
-1073
-1164
-996
-1015
-446
27
71
-249
-619
-349
-212
112
597
1230
1676
1518
1440
1450
1627
1742
1958
2557
2951
2888
2528
2318
2221
2138
2179
2389
2656
2467
1992
1666
1571
1512
1310
1360
1584
1685
1603
1312
1191
1004
846
1015
1368
1646
1547
1392
1348
1219
970
882
1269
1546
1446
1296
1255
1274
946
582
481
620
758
579
272
-49
-248
-550
-773
-914
-1056
-1151
-1379
-1512
-1825
-2148
-2363
-2480
-2402
-2454
-2464
-2642
-2868
-2953
-3004
-2858
-2784
-2753
-2690
-2600
-2486
-2369
-2259
-2179
-1978
-1821
-1735
-1612
-1466
-1404
-1548
-1486
-1169
-1000
-1055
-1232
-1170
-1073
-1251
-1392
-1329
-1090
-1105
-1339
-1275
-1037
-1017
-1189
-1124
-760
-605
-660
-694
-698
-599
-561
-395
-213
363
1450
2168
2011
742
45
406
1130
1496
1417
2120
2413
1854
772
-135
-6
-290
-168
338
924
986
-483
-1449
-1920
-1727
-1364
-1334
-501
-359
-746
-1286
-1432
-677
-525
-128
536
1398
1662
974
1017
1307
1652
1794
2189
3081
3051
2571
2014
2006
2268
2123
2349
2608
2554
2014
1372
1358
1345
1272
1129
1257
1517
1385
1219
917
803
686
821
1383
1729
1837
1600
1373
1300
1286
1523
1782
2050
2064
2063
2103
1981
1793
1574
1472
1446
1407
1333
1219
1102
893
367
-46
-291
-355
-531
-950
-1263
-1543
-1646
-1879
-2188
-2300
-2529
-2609
-2763
-2768
-2607
-2696
-2829
-3032
-2837
-2509
-2346
-2263
-2304
-2086
-1836
-1736
-1652
-1499
-1233
-1144
-1163
-1119
-941
-844
-963
-1135
-1156
-1030
-965
-1170
-1380
-1488
-1580
-1692
-1800
-1769
-1592
-1484
-1525
-1369
-1095
-972
-1141
-1114
-798
-420
-329
-234
-10
384
1582
2374
2235
944
168
861
1421
1788
1573
2007
2324
1508
695
-313
-267
-558
-683
51
293
292
-1292
-2370
-2416
-2267
-1650
-1696
-990
-892
-1578
-1773
-1801
-771
-483
-140
693
1244
1680
1108
1109
1500
1870
2548
2852
3449
3272
2579
2113
1888
2398
2562
2755
2785
2296
1781
1090
1051
1195
1187
1214
1136
1312
1113
885
726
616
777
980
1526
1782
1789
1689
1534
1633
1678
2013
2325
2426
2411
2378
2508
2437
2267
2064
2000
1979
1859
1717
1410
1202
839
513
266
-49
-225
-650
-915
-1283
-1492
-1714
-2074
-2167
-2412
-2355
-2382
-2394
-2418
-2638
-2635
-2721
-2533
-2292
-2066
-1855
-1932
-1797
-1723
-1515
-1382
-1366
-1283
-1173
-907
-950
-1021
-1047
-1042
-1124
-1340
-1282
-1225
-1228
-1423
-1672
-1861
-2043
-1970
-2036
-2048
-2132
-1983
-1761
-1780
-1460
-1492
-1323
-1359
-1266
-730
-706
-236
-265
650
1973
1865
1279
-194
346
1027
1211
1693
1404
2116
1251
629
175
-945
-663
-1235
-345
-113
-571
-999
-2881
-2905
-2980
-2344
-1747
-2119
-1567
-2506
-2519
-2223
-1833
-912
-1130
-71
294
522
710
386
1086
1086
1778
2465
2690
3066
2260
1957
1657
1901
2548
2359
2520
2113
1856
1456
925
1318
1261
1388
1217
1136
1380
1086
1143
908
1001
1353
1527
2034
2087
2185
2055
1997
2397
2569
2843
2937
3088
3217
3075
3140
3078
2961
2770
2569
2570
2394
2246
2050
1660
1263
739
373
46
-254
-444
-795
-1067
-1479
-1826
-1976
-2306
-2487
-2687
-2546
-2427
-2501
-2591
-2924
-2954
-2921
-2645
-2300
-2190
-2085
-2180
-2063
-1874
-1706
-1580
-1587
-1361
-1225
-1101
-1112
-1149
-1110
-1204
-1240
-1332
-1222
-1156
-1219
-1429
-1709
-1720
-1647
-1576
-1600
-1586
-1417
-1346
-1328
-1193
-972
-940
-966
-837
-438
-81
600
1749
1967
1332
10
119
902
1131
1434
1280
1848
1355
538
114
-875
-797
-1358
-790
-307
-720
-1407
-3290
-3438
-3287
-2838
-2398
-2662
-2160
-2972
-3441
-3176
-2667
-1695
-1843
-1069
-500
-394
-342
-652
108
487
1039
1763
1934
2292
1843
1823
1878
1887
2419
2362
2579
2312
1919
1871
1624
1848
1617
1616
1830
1778
1827
1503
1573
1677
1670
1884
1968
2353
2452
2499
2703
2804
3051
3067
3251
3429
3547
3732
3672
3687
3610
3646
3741
3545
3282
2998
2950
2998
2796
2354
1789
1266
968
779
652
218
-453
-928
-1288
-1395
-1620
-1934
-2178
-2397
-2330
-2426
-2531
-2697
-2863
-2833
-2810
-2541
-2401
-2307
-2202
-2098
-1880
-1835
-1694
-1565
-1387
-1251
-1248
-1100
-1019
-976
-1059
-1073
-1026
-1111
-1216
-1315
-1282
-1383
-1522
-1630
-1541
-1399
-1492
-1579
-1561
-1369
-1347
-1251
-1017
-932
-853
-1015
-625
-285
349
1401
1504
995
-150
156
849
853
1011
842
1411
865
162
-177
-1163
-1165
-1677
-1059
-774
-1285
-1890
-3702
-3793
-3513
-2900
-2677
-3408
-2952
-3573
-3735
-3478
-2899
-1899
-2240
-1602
-1154
-892
-772
-1148
-274
214
951
1518
1500
1755
1185
1236
1468
1954
2492
2081
2032
1943
1857
1647
1293
1766
1896
1850
1764
1715
1934
1545
1418
1596
2015
2468
2277
2267
2318
2547
2790
2813
3260
3445
3447
3400
3572
4015
3883
3656
3627
3856
4132
3949
3704
3397
3256
3139
2878
2666
2294
1875
1474
1282
1169
768
151
-359
-656
-914
-1208
-1531
-1714
-1866
-1972
-2040
-2286
-2625
-2895
-2813
-2579
-2460
-2465
-2449
-2342
-2248
-2066
-1923
-1874
-1820
-1696
-1441
-1386
-1379
-1370
-1314
-1302
-1289
-1142
-1104
-1254
-1530
-1678
-1627
-1604
-1656
-1715
-1779
-1732
-1868
-1897
-1712
-1532
-1440
-1614
-1407
-1109
-932
-922
-816
-295
455
1378
1289
414
-299
118
853
787
970
1108
1220
422
-212
-456
-1224
-1438
-1500
-870
-999
-1891
-2785
-3899
-3684
-3146
-2782
-3081
-3830
-3583
-3938
-3865
-3317
-2643
-2136
-2418
-1756
-1241
-1103
-1024
-994
-86
561
1204
1455
1131
1215
1079
1394
1818
2193
2475
1967
1765
1750
1817
1784
1508
1820
1901
1842
1667
1559
1723
1489
1509
1728
2084
2290
2081
2121
2307
2601
2788
2842
3109
3229
3270
3345
3590
3936
3958
3968
3900
3937
3957
3885
3967
3850
3641
3094
2802
2768
2646
2302
1615
1371
1084
878
413
-150
-531
-1103
-1235
-1465
-1462
-1731
-2243
-2387
-2632
-2498
-2642
-2624
-2530
-2612
-2456
-2494
-2127
-1985
-1962
-1836
-1729
-1308
-1237
-1090
-1000
-1016
-864
-948
-705
-582
-544
-670
-1008
-1024
-1153
-1176
-1164
-1174
-1066
-1322
-1362
-1371
-1239
-1069
-1114
-1064
-1184
-1054
-793
-605
-436
-386
232
1276
1448
667
-435
-71
769
847
766
779
1121
375
-502
-602
-950
-1172
-1668
-1307
-1025
-1780
-2638
-3820
-3737
-3286
-3069
-3201
-3925
-3788
-4067
-4213
-3790
-3161
-2429
-2707
-2442
-1795
-1529
-1369
-1414
-570
98
494
851
699
880
848
1120
1489
1736
2145
1877
1646
1648
1816
2035
1765
1833
1971
1934
1849
1714
1932
1977
1917
2007
2077
2345
2356
2410
2585
2785
3074
2959
2904
2982
3172
3433
3468
3713
3887
3862
3839
3741
3971
3889
3827
3950
3771
3513
2905
2834
2783
2472
2197
1604
1434
958
627
267
-252
-420
-997
-1161
-1405
-1512
-1757
-2402
-2414
-2512
-2420
-2684
-2925
-2644
-2620
-2379
-2391
-2200
-2091
-2211
-1981
-1754
-1338
-1251
-1304
-1225
-1083
-868
-814
-721
-596
-647
-780
-885
-789
-691
-774
-793
-871
-858
-884
-1021
-921
-919
-672
-609
-798
-631
-763
-420
-497
-378
96
301
1497
1433
966
-38
-421
807
663
1058
763
704
662
-598
-280
-1203
-1358
-1336
-1434
-731
-1994
-2398
-3506
-4031
-3205
-3249
-2789
-3789
-4116
-3991
-4497
-3678
-3489
-2879
-2912
-3080
-2064
-2101
-1778
-1849
-1525
-619
-444
245
131
51
310
298
888
1050
1400
1473
985
1256
1409
1750
1702
1493
1739
1484
1541
1636
1771
2053
1926
2098
2021
1964
2251
2397
2779
2849
2996
3142
2952
3039
3090
3420
3642
3712
3921
3811
3785
3700
3669
3739
3814
4014
3728
3234
2936
2858
2687
2246
1996
1753
1416
992
598
241
-235
-710
-1065
-1187
-1258
-1573
-2144
-2526
-2574
-2574
-2738
-3033
-3020
-2894
-2798
-2751
-2730
-2508
-2431
-2363
-2186
-1904
-1631
-1633
-1624
-1481
-1224
-928
-805
-698
-626
-653
-686
-645
-468
-364
-360
-428
-426
-426
-456
-466
-471
-234
-84
-37
-101
-222
-102
-125
39
267
527
1096
1732
1840
1008
5
396
1166
1274
1016
807
1136
530
-130
-439
-1048
-1187
-1516
-1127
-1119
-1979
-2674
-3847
-3734
-3308
-3067
-3336
-4348
-4191
-4366
-4435
-4101
-3726
-3172
-3569
-3272
-2547
-2262
-2033
-2184
-1532
-958
-613
-142
-177
122
184
306
682
990
1463
1260
1073
1373
1695
1887
1517
1513
1723
1713
1788
1748
1995
2056
1979
2005
1876
2098
2291
2452
2672
2748
2956
2712
2604
2848
3081
3408
3380
3582
3634
3532
3647
3592
3701
3546
3488
3474
3502
3658
3258
2698
2179
2099
2054
1749
1462
1051
652
72
-253
-589
-960
-1249
-1434
-1427
-1767
-2038
-2433
-2741
-2799
-2741
-2440
-2478
-2545
-2552
-2535
-2387
-2249
-1814
-1595
-1508
-1332
-1110
-925
-1063
-916
-437
-60
-34
-346
-370
-257
-189
-120
-128
-8
-171
-392
-419
-403
-212
-270
-264
-119
-112
-61
-383
-177
57
180
230
141
696
1038
1831
1854
1115
488
439
1433
1320
1181
998
956
815
-128
-263
-926
-1089
-1112
-1126
-934
-1887
-2551
-3644
-3819
-3107
-3067
-3238
-4230
-4166
-4076
-4350
-3992
-3764
-3221
-3404
-3256
-2479
-2343
-2168
-2243
-1653
-948
-588
-130
-248
-105
44
328
805
1014
1244
1153
1109
1349
1488
1624
1537
1594
1691
1605
1607
1627
1885
2036
1910
1767
1757
1952
2074
2114
2319
2445
2371
2268
2288
2544
2631
2756
2983
3158
3355
3201
3117
3114
3160
3378
3369
3553
3367
2841
2417
2272
2508
2168
1773
1501
1258
965
268
-49
-479
-739
-910
-1081
-1139
-1682
-2040
-2383
-2410
-2348
-2413
-2355
-2489
-2416
-2401
-2356
-2204
-2050
-1749
-1614
-1434
-1206
-1009
-858
-784
-553
-273
-53
36
18
13
62
258
338
259
180
69
11
-61
-61
12
-118
-41
-17
19
-57
-251
-137
-143
49
77
114
333
283
603
1099
1610
1115
23
-180
513
954
553
303
399
395
-483
-974
-1339
-1499
-1604
-1688
-1372
-1859
-2654
-3634
-4162
-3615
-3319
-3335
-3929
-4271
-4034
-4356
-4150
-3812
-3224
-3055
-3087
-2408
-2063
-1987
-2013
-1549
-665
-200
247
284
128
295
608
1209
1379
1520
1686
1620
1636
1632
1854
1935
1740
1676
1631
1810
1968
1889
1870
1714
1832
1823
1744
1824
1908
2116
2055
2141
2295
2313
2256
2139
2413
2845
3028
2989
2711
2623
2657
2824
3114
3208
3115
2633
2260
2155
2365
2422
1841
1202
791
891
785
404
26
-474
-669
-1044
-1066
-1390
-1841
-2037
-2280
-1971
-2160
-2265
-2598
-2853
-2516
-2451
-2093
-2205
-2182
-2050
-2108
-1602
-1442
-1022
-910
-757
-390
-494
-197
-149
84
232
201
525
465
463
337
317
541
403
482
405
367
370
178
278
221
345
354
160
243
117
289
243
331
654
775
1607
1451
877
-146
-198
860
798
846
405
496
175
-752
-665
-1286
-1141
-1176
-1171
-1085
-2168
-2380
-3373
-3540
-2974
-2835
-2708
-3793
-3851
-3886
-4158
-3641
-3396
-2776
-2953
-2911
-2339
-2409
-2029
-1814
-1131
-448
-245
136
-98
-4
387
751
1266
1446
1771
1690
1316
1467
1598
1875
1768
1695
1870
1785
1857
1723
1793
1995
1882
1806
1593
1736
1974
1940
2122
2184
2273
2118
1955
2232
2467
2714
2712
2634
2754
2714
2755
2717
2867
3083
2866
2595
2293
2351
2236
1883
1538
1206
1039
742
507
171
-123
-454
-867
-1078
-1250
-1315
-1824
-2246
-2365
-2351
-2336
-2685
-2680
-2671
-2570
-2493
-2560
-2351
-2316
-2118
-2025
-1811
-1359
-1237
-1031
-1000
-658
-373
-361
-192
-97
315
506
587
630
442
437
410
674
913
868
717
423
439
395
384
403
420
510
415
369
384
387
342
320
384
560
591
1203
1728
1167
5
-597
521
1205
828
381
114
476
-149
-335
-572
-946
-974
-1446
-1023
-1196
-1605
-2441
-3505
-3026
-2667
-2529
-3195
-3787
-3416
-3746
-3578
-3443
-3005
-2743
-3009
-2452
-2167
-1782
-1561
-1385
-732
-413
67
135
53
415
756
1221
1342
1494
1627
1373
1311
1426
1772
1899
1682
1584
1445
1430
1483
1529
1674
1564
1460
1376
1380
1559
1671
1844
1895
1885
1933
1900
1956
2057
2245
2543
2560
2564
2412
2282
2356
2471
2705
2569
2300
1970
1655
1643
1497
1400
1159
945
720
110
-222
-415
-455
-745
-1177
-1287
-1570
-1791
-2189
-2370
-2422
-2488
-2416
-2593
-2593
-2703
-2723
-2685
-2635
-2233
-2058
-1834
-1797
-1716
-1403
-1246
-824
-628
-411
-295
-153
194
320
506
562
628
697
800
1030
952
737
667
814
926
827
682
606
574
537
576
449
433
309
200
205
147
229
5
-85
35
43
587
1025
1078
110
-804
-285
357
552
269
204
354
-217
-490
-581
-876
-912
-1099
-749
-955
-1433
-1985
-2894
-2777
-2462
-2145
-2511
-3155
-2979
-3230
-3219
-2902
-2374
-2004
-2359
-2019
-1562
-1279
-1079
-946
-326
-28
215
453
547
894
1082
1240
1325
1408
1651
1564
1621
1879
1984
1894
1514
1420
1406
1427
1674
1766
1777
1542
1277
1241
1206
1413
1545
1665
1752
1564
1526
1496
1691
1877
1869
2034
2065
2126
2052
1977
2119
2057
2078
1961
1819
1649
1365
1341
1125
940
630
335
148
-142
-340
-782
-1019
-1095
-1252
-1588
-2172
-2277
-2283
-2200
-2212
-2456
-2538
-2747
-2600
-2442
-2260
-2043
-2026
-1914
-1971
-1678
-1284
-986
-781
-778
-484
-264
-104
-16
155
580
830
982
975
944
911
830
923
1081
1246
1202
1001
844
825
884
878
854
720
624
540
363
155
2
110
57
-33
-170
-294
-390
-572
-348
-117
613
834
131
-800
-1030
70
349
198
-13
50
179
-420
-307
-608
-896
-993
-901
-301
-831
-1338
-2213
-2553
-1945
-1747
-1642
-2365
-2417
-2281
-2520
-2277
-2114
-1668
-1723
-1581
-937
-728
-629
-748
-363
172
503
823
736
712
821
1042
1352
1518
1631
1494
1222
1286
1471
1530
1367
1216
1320
1315
1250
1218
1244
1236
1003
926
1014
1240
1363
1375
1522
1551
1415
1254
1350
1659
1834
1827
1865
1905
1826
1621
1620
1755
1701
1420
1177
1219
1115
741
376
231
89
-136
-272
-244
-484
-1125
-1576
-1560
-1236
-1368
-1778
-1968
-2033
-1923
-2135
-2128
-2066
-2087
-2049
-2120
-1735
-1638
-1600
-1535
-1391
-906
-815
-684
-705
-576
-171
42
388
394
549
632
612
867
1043
1366
1269
1121
1122
1125
1225
1011
1002
991
872
701
385
369
193
-8
-96
-212
-200
-547
-754
-813
-883
-817
-974
-833
-779
-835
-831
-977
-189
422
341
-516
-1096
-203
196
194
71
324
791
114
-56
-419
-601
-588
-704
-141
-409
-736
-1569
-2328
-1924
-1579
-1192
-1678
-1988
-1845
-2213
-2092
-1978
-1413
-1275
-1464
-1082
-858
-557
-636
-574
-90
202
492
435
462
729
851
1017
1033
1225
1369
1228
1239
1288
1458
1418
1165
1167
1201
1333
1410
1459
1631
1428
1202
1087
1173
1514
1580
1690
1591
1478
1448
1267
1368
1596
1888
1872
1475
1390
1454
1524
1389
1190
1221
1029
782
458
185
167
232
194
-229
-711
-856
-951
-1065
-1009
-965
-1127
-1575
-1781
-1681
-1730
-1759
-1815
-1624
-1476
-1539
-1653
-1844
-1653
-1396
-1159
-956
-846
-592
-509
-378
-183
28
328
409
587
770
965
1074
997
1098
1231
1522
1546
1326
1159
1072
1158
1060
1055
980
684
318
81
169
136
-145
-466
-748
-830
-894
-923
-934
-1135
-1155
-1250
-1207
-1175
-1261
-1171
-1221
-989
-953
-491
211
70
-571
-1270
-492
276
255
202
121
629
117
-114
-295
-550
-371
-548
-34
-198
-537
-1159
-2016
-1525
-1080
-704
-1294
-1879
-1604
-1871
-1696
-1644
-1176
-961
-1239
-907
-835
-641
-606
-509
-46
141
540
614
515
668
766
1115
1232
1443
1623
1404
1372
1476
1753
1889
1707
1716
1608
1638
1790
1797
1910
1781
1740
1604
1435
1598
1656
1748
1733
1633
1644
1439
1369
1259
1112
1250
1315
1380
1104
747
633
518
586
497
374
256
24
-79
-189
-215
-293
-591
-776
-864
-779
-714
-889
-934
-979
-969
-1082
-1239
-1193
-1184
-1071
-996
-941
-949
-1080
-989
-829
-574
-439
-423
-238
-37
183
229
299
501
640
741
766
823
826
825
927
938
909
737
540
403
381
481
281
-47
-340
-509
-689
-976
-1060
-1121
-1344
-1592
-1849
-1936
-2080
-2088
-1953
-2024
-1974
-1977
-1916
-1903
-1943
-1704
-1645
-1503
-1286
-1194
-683
-81
149
-402
-963
-255
401
467
327
414
857
483
439
400
166
168
-157
190
101
22
-252
-1128
-1010
-866
-493
-775
-1235
-1007
-1410
-1377
-1366
-992
-722
-1013
-690
-648
-430
-364
-364
133
366
834
899
793
1032
1182
1559
1596
1762
2079
2016
2014
1889
2050
2248
2139
2170
2042
2088
2029
1891
2023
1990
1949
1706
1488
1511
1434
1419
1354
1255
1133
791
612
594
695
774
618
585
528
361
167
44
155
144
61
154
243
226
-91
-336
-321
-247
-110
-177
-310
-543
-744
-747
-779
-778
-809
-815
-800
-872
-924
-955
-940
-888
-788
-659
-560
-523
-522
-430
-322
-193
-72
-5
33
3
95
174
135
54
25
149
119
-46
-168
-215
-252
-506
-748
-858
-941
-1101
-1344
-1509
-1670
-1864
-1979
-1981
-1935
-2045
-2246
-2336
-2330
-2268
-2309
-2284
-2055
-1855
-1725
-1712
-1570
-1307
-1189
-990
-850
-549
-431
-18
667
840
548
48
497
1014
1098
1170
1172
1528
1278
1126
877
426
514
398
705
504
295
84
-659
-686
-655
-310
-451
-920
-816
-1092
-963
-913
-656
-232
-298
48
90
277
558
669
1156
1350
1782
1930
1729
1773
1836
2284
2502
2509
2474
2250
2330
2336
2345
2301
2080
2015
1810
1728
1762
1723
1609
1215
978
901
781
751
630
685
627
455
346
139
115
112
271
475
474
468
298
237
244
227
404
508
566
326
25
21
32
43
-74
-153
-95
-247
-374
-548
-510
-334
-428
-423
-555
-563
-702
-844
-573
-379
-254
-504
-684
-606
-642
-532
-569
-434
-382
-514
-494
-562
-428
-502
-637
-712
-777
-684
-829
-930
-996
-1075
-1164
-1344
-1341
-1416
-1529
-1747
-1956
-1968
-1978
-1940
-2038
-2124
-2212
-2340
-2309
-2212
-2069
-2018
-1999
-1918
-1844
-1645
-1447
-1298
-1148
-1057
-869
-657
-393
-198
-128
11
147
437
940
1454
1432
856
609
1120
1626
1677
1515
1497
1553
1371
1251
953
673
610
621
771
694
482
-95
-690
-487
-13
285
-17
-369
-442
-526
-277
13
370
507
469
520
641
1060
1356
1375
1381
1588
1924
1906
1770
1911
2094
2157
2098
2153
2219
2076
1852
1735
1787
1832
1632
1334
1189
1195
1151
974
886
790
572
355
373
523
499
394
381
440
415
277
240
380
579
615
536
457
404
362
326
426
531
459
253
104
91
117
52
-7
-27
-105
-156
-300
-380
-422
-513
-537
-728
-766
-867
-924
-917
-1070
-1040
-1176
-1169
-1243
-1340
-1242
-1377
-1360
-1402
-1328
-1316
-1548
-1495
-1505
-1402
-1448
-1534
-1502
-1704
-1743
-1840
-1769
-1694
-1865
-1972
-2129
-2018
-2034
-2192
-2157
-2154
-2065
-2191
-2248
-2201
-2220
-2066
-1960
-1791
-1759
-1760
-1646
-1555
-1381
-1231
-949
-685
-508
-437
-456
-220
11
348
500
598
725
738
918
954
1208
1492
1700
1722
1332
1273
1303
1482
1496
1429
1582
1504
1363
1080
1009
1080
942
886
900
1114
1166
775
467
431
687
792
700
752
847
790
630
580
803
984
1009
1076
1145
1288
1223
1172
1288
1387
1451
1343
1436
1570
1496
1406
1272
1338
1307
1271
1318
1231
1217
1072
934
768
699
823
782
732
700
665
602
445
462
504
564
583
458
396
376
502
586
492
426
419
517
595
575
542
464
483
476
409
403
359
258
49
66
196
103
-111
-344
-431
-580
-670
-703
-840
-975
-1174
-1306
-1554
-1656
-1645
-1746
-1753
-1789
-1759
-1942
-2127
-2095
-2097
-2026
-2137
-2197
-2242
-2266
-2187
-2327
-2384
-2453
-2393
-2336
-2346
-2263
-2293
-2239
-2189
-2141
-2149
-2121
-1955
-1850
-1782
-1798
-1751
-1704
-1654
-1454
-1261
-1013
-995
-1039
-1000
-846
-461
-264
-125
-101
-54
70
182
485
694
734
739
854
1089
1144
1166
1312
1500
1597
1594
1672
1676
1782
1969
2070
2046
1923
2004
1901
1869
2048
2229
2228
1918
1931
1860
1696
1634
1714
1940
1724
1528
1342
1172
1193
1125
1213
1166
1141
1074
795
780
803
872
832
819
991
934
844
816
941
1113
1052
1064
1073
1186
1288
1195
1131
1076
1193
1232
1112
1044
972
934
778
649
673
617
557
498
498
475
283
195
221
310
414
337
264
115
25
64
160
305
217
82
-11
-30
-4
-58
-102
-159
-218
-329
-530
-610
-594
-691
-891
-1049
-1043
-1151
-1449
-1666
-1761
-1766
-1854
-1922
-1973
-2173
-2344
-2514
-2430
-2298
-2306
-2377
-2495
-2413
-2504
-2593
-2610
-2492
-2283
-2312
-2305
-2363
-2392
-2362
-2267
-2031
-1966
-1974
-2005
-1953
-1823
-1731
-1580
-1441
-1358
-1338
-1311
-1153
-1003
-927
-866
-783
-649
-590
-544
-410
-277
-137
-63
9
132
169
247
404
632
824
820
865
951
1124
1267
1361
1527
1605
1724
1741
1820
1901
1965
2033
2021
2085
2085
2121
2206
2264
2257
2035
1910
1867
1879
1951
1945
1966
1768
1611
1477
1328
1266
1230
1300
1222
1074
935
796
732
662
741
853
890
839
688
656
694
770
848
900
912
803
748
825
899
923
891
861
808
765
812
784
692
607
623
660
554
367
212
196
252
310
296
154
16
-61
-37
44
75
21
-137
-296
-388
-365
-311
-325
-393
-480
-509
-577
-710
-802
-829
-864
-962
-1100
-1203
-1327
-1442
-1518
-1546
-1555
-1708
-1810
-1895
-1877
-1894
-2107
-2183
-2275
-2161
-2194
-2281
-2269
-2400
-2368
-2472
-2322
-2232
-2267
-2235
-2390
-2240
-2258
-2169
-2088
-2130
-1987
-2114
-1975
-1980
-1906
-1706
-1686
-1555
-1691
-1554
-1415
-1360
-1202
-1187
-962
-947
-884
-733
-636
-399
-354
-187
-58
34
174
222
429
575
744
879
887
993
1103
1274
1441
1533
1625
1626
1634
1706
1790
1914
1978
2023
2044
2013
2030
2013
2045
2095
2127
2155
2119
2110
2058
1974
1950
1930
1943
1947
1973
1984
1865
1731
1635
1657
1690
1705
1739
1688
1642
1570
1548
1528
1465
1406
1377
1439
1408
1242
1064
982
1015
987
923
797
624
458
351
354
324
264
161
52
-50
-117
-154
-163
-153
-115
-78
-135
-236
-320
-280
-150
-35
11
-61
-143
-179
-167
-94
-29
15
-56
-227
-357
-386
-334
-348
-439
-527
-583
-672
-820
-930
-956
-955
-1008
-1139
-1303
-1433
-1517
-1561
-1581
-1592
-1611
-1730
-1868
-1939
-1913
-1892
-2003
-2007
-1971
-1927
-1967
-2031
-1997
-1955
-1883
-1865
-1821
-1790
-1746
-1792
-1847
-1770
-1630
-1539
-1626
-1597
-1520
-1455
-1435
-1441
-1312
-1337
-1272
-1227
-1080
-946
-989
-908
-879
-675
-602
-539
-391
-233
-2
40
154
371
544
670
745
976
1143
1209
1315
1408
1549
1600
1700
1787
1845
1893
1919
1930
1968
1998
2005
1960
1926
1912
1878
1852
1829
1823
1797
1735
1733
1758
1808
1772
1709
1673
1685
1720
1721
1733
1725
1743
1740
1690
1685
1691
1718
1749
1777
1814
1761
1664
1542
1497
1499
1468
1441
1358
1240
1071
929
847
752
645
485
369
251
132
35
-136
-238
-400
-477
-520
-625
-678
-752
-731
-741
-758
-749
-809
-824
-812
-730
-646
-645
-606
-616
-571
-510
-480
-497
-552
-546
-551
-575
-617
-654
-743
-868
-930
-978
-1036
-1129
-1208
-1279
-1388
-1462
-1510
-1525
-1581
-1667
-1690
-1714
-1732
-1771
-1753
-1717
-1723
-1687
-1659
-1616
-1605
-1581
-1529
-1466
-1416
-1423
-1385
-1326
-1275
-1273
-1265
-1232
-1225
-1176
-1121
-1066
-1115
-1202
-1159
-1083
-1004
-1065
-1033
-945
-870
-801
-783
-686
-656
-561
-471
-362
-235
-222
-172
-124
43
178
215
293
360
454
476
541
597
597
622
685
804
836
849
873
873
866
886
973
1054
1087
1103
1113
1156
1217
1257
1268
1277
1349
1387
1425
1485
1538
1580
1578
1619
1669
1694
1708
1712
1776
1804
1822
1828
1788
1794
1743
1688
1654
1634
1617
1524
1462
1398
1268
1168
1135
1190
1158
1013
866
765
744
668
612
606
573
457
243
198
180
101
-32
-145
-128
-208
-327
-476
-550
-567
-624
-647
-724
-774
-872
-967
-958
-890
-797
-856
-946
-971
-938
-851
-843
-843
-868
-883
-868
-873
-854
-902
-988
-1090
-1140
-1103
-1147
-1267
-1362
-1407
-1430
-1517
-1590
-1608
-1650
-1705
-1738
-1726
-1737
-1760
-1752
-1717
-1672
-1610
-1556
-1510
-1464
-1392
-1291
-1225
-1156
-1090
-1023
-939
-851
-754
-693
-662
-606
-513
-418
-348
-281
-196
-201
-258
-265
-183
-97
-105
-84
-71
-15
-30
-49
-43
-55
8
24
143
206
186
168
150
252
305
401
395
359
409
452
544
554
602
625
607
676
775
836
781
724
759
833
886
895
861
878
926
956
989
991
1032
1071
1128
1215
1206
1160
1137
1204
1342
1401
1471
1483
1452
1403
1375
1494
1511
1567
1538
1502
1526
1434
1492
1429
1451
1426
1359
1411
1313
1311
1207
1157
1169
1140
1122
962
922
852
767
708
648
670
532
418
327
258
215
110
59
-11
-93
-217
-296
-307
-322
-392
-486
-511
-540
-567
-646
-680
-690
-742
-807
-874
-884
-925
-970
-1024
-1043
-1022
-1062
-1136
-1226
-1249
-1263
-1292
-1323
-1348
-1363
-1394
-1427
-1491
-1536
-1546
-1558
-1565
-1579
-1551
-1538
-1576
-1577
-1526
-1446
-1413
-1410
-1400
-1354
-1281
-1213
-1145
-1086
-1024
-975
-917
-833
-766
-698
-637
-599
-556
-491
-443
-387
-337
-290
-224
-200
-156
-134
-132
-104
-41
47
81
99
124
147
138
164
256
337
378
410
478
534
539
563
627
705
750
772
806
845
895
892
908
953
982
978
951
996
1048
1030
1000
1000
1018
1001
970
979
989
966
940
940
946
895
840
829
847
858
836
836
775
736
738
761
785
767
748
749
797
846
848
819
818
860
886
901
924
941
914
890
869
874
856
803
777
735
686
622
559
480
408
368
314
246
164
112
33
-55
-116
-147
-171
-219
-242
-286
-326
-397
-448
-443
-438
-425
-474
-548
-605
-658
-700
-736
-739
-763
-830
-909
-946
-944
-978
-1019
-1048
-1076
-1110
-1143
-1170
-1174
-1162
-1159
-1168
-1177
-1192
-1194
-1181
-1160
-1131
-1127
-1116
-1110
-1071
-1042
-1033
-1040
-1037
-996
-982
-969
-932
-869
-864
-884
-884
-861
-826
-775
-726
-715
-718
-704
-677
-650
-611
-584
-591
-591
-554
-500
-465
-476
-463
-407
-344
-295
-268
-237
-194
-124
-67
-31
35
78
111
147
217
294
299
324
401
497
533
532
566
601
633
653
686
713
741
754
748
764
784
799
787
793
841
861
835
791
811
860
882
897
903
912
882
887
920
971
996
972
968
985
1019
1017
1025
1046
1062
1046
1011
1014
1024
1022
1006
1012
1013
986
923
883
868
850
835
800
773
701
634
583
564
534
465
417
363
307
249
200
170
114
46
-19
-67
-111
-162
-191
-226
-263
-313
-345
-373
-417
-445
-485
-525
-545
-570
-618
-665
-671
-655
-685
-737
-763
-773
-811
-835
-838
-833
-851
-895
-896
-898
-920
-947
-958
-932
-938
-965
-964
-954
-975
-1008
-986
-941
-943
-954
-949
-937
-927
-929
-889
-838
-805
-831
-844
-799
-754
-735
-740
-723
-706
-707
-693
-652
-606
-590
-602
-585
-545
-504
-488
-474
-421
-359
-312
-296
-250
-188
-148
-113
-51
33
86
112
138
177
241
319
360
382
418
465
505
513
530
575
604
611
633
683
719
706
679
692
737
754
749
747
779
803
790
793
825
863
868
885
919
941
934
948
1014
1056
1067
1049
1070
1107
1106
1110
1114
1144
1145
1123
1102
1089
1071
1039
1032
1033
1009
950
885
836
818
788
748
694
671
642
579
526
496
478
418
358
306
265
215
151
116
89
54
-18
-89
-136
-173
-222
-270
-295
-321
-372
-441
-495
-506
-518
-560
-588
-586
-599
-657
-690
-699
-708
-714
-722
-717
-726
-760
-799
-808
-797
-796
-812
-830
-822
-825
-832
-852
-863
-868
-873
-859
-849
-854
-871
-878
-867
-868
-875
-879
-860
-845
-859
-863
-861
-846
-834
-828
-802
-773
-759
-761
-745
-714
-694
-675
-650
-613
-587
-568
-534
-481
-433
-417
-415
-384
-341
-303
-259
-223
-178
-152
-115
-82
-56
-22
12
61
96
132
171
207
237
263
303
337
364
387
417
464
492
510
527
545
580
605
631
658
669
697
720
748
764
776
798
804
826
852
900
920
912
918
935
945
946
960
971
963
943
942
937
931
921
922
915
884
858
839
825
803
796
770
727
681
647
628
593
570
536
503
462
402
368
344
315
275
237
213
166
124
87
57
21
-27
-58
-99
-138
-177
-213
-244
-277
-311
-368
-436
-486
-500
-523
-551
-578
-622
-678
-720
-733
-736
-751
-781
-809
-832
-837
-845
-859
-858
-852
-840
-836
-844
-851
-862
-864
-852
-828
-817
-823
-832
-848
-849
-848
-835
-824
-823
-813
-816
-817
-804
-779
-766
-766
-761
-736
-707
-687
-664
-624
-583
-565
-544
-515
-470
-441
-419
-391
-355
-309
-277
-247
-216
-178
-152
-134
-111
-91
-62
-34
-6
26
62
82
105
137
161
191
220
255
290
325
360
387
410
443
481
523
548
562
593
611
647
670
689
705
725
758
762
774
787
810
832
830
840
847
861
862
852
855
845
838
819
809
802
786
774
755
751
738
707
679
660
649
629
611
592
578
557
536
518
493
467
440
417
394
366
335
315
300
278
245
198
174
150
121
90
67
47
16
-27
-65
-84
-118
-153
-180
-204
-231
-275
-311
-338
-362
-391
-431
-448
-456
-471
-520
-557
-560
-556
-570
-599
-593
-593
-620
-653
-643
-608
-604
-633
-641
-628
-632
-662
-672
-643
-630
-650
-666
-651
-632
-643
-664
-652
-617
-615
-629
-617
-590
-578
-597
-599
-559
-524
-519
-514
-484
-451
-446
-435
-399
-370
-350
-325
-304
-292
-257
-232
-220
-193
-157
-124
-116
-98
-60
-28
4
15
41
65
93
138
174
206
221
236
268
307
350
365
381
409
440
486
507
523
539
558
586
608
642
668
672
683
709
724
728
730
740
761
771
775
775
769
761
751
765
775
764
737
722
726
710
693
675
668
647
622
598
575
563
535
514
497
466
420
385
372
368
344
313
282
259
229
193
182
160
136
107
77
55
33
5
-19
-33
-55
-84
-118
-140
-157
-195
-226
-246
-263
-304
-342
-360
-374
-394
-424
-447
-473
-505
-532
-539
-531
-540
-571
-591
-589
-594
-613
-616
-612
-620
-636
-638
-630
-622
-642
-663
-654
-640
-634
-647
-653
-651
-643
-638
-635
-619
-607
-602
-588
-560
-534
-527
-531
-505
-468
-450
-441
-420
-393
-374
-354
-332
-308
-289
-267
-244
-222
-202
-196
-184
-164
-142
-133
-122
-94
-77
-62
-59
-40
-14
-7
-5
16
49
62
73
93
120
137
154
172
202
238
261
285
316
344
357
373
410
456
484
499
518
543
562
577
595
616
626
634
651
666
668
673
678
678
678
666
671
666
658
653
636
635
621
609
593
572
559
540
525
510
492
478
450
417
402
387
362
338
314
298
286
260
233
210
192
166
142
127
106
74
43
23
0
-15
-51
-85
-114
-135
-164
-184
-207
-234
-253
-298
-325
-340
-355
-385
-421
-434
-440
-457
-491
-508
-509
-521
-544
-546
-540
-559
-589
-601
-585
-576
-591
-602
-602
-603
-613
-620
-610
-604
-605
-613
-614
-600
-582
-581
-585
-577
-567
-556
-549
-535
-513
-505
-500
-491
-469
-441
-424
-404
-386
-362
-335
-315
-295
-268
-239
-206
-177
-146
-123
-116
-99
-73
-38
-13
8
36
69
85
91
119
148
166
180
195
215
231
240
258
282
304
318
334
344
359
369
382
403
426
441
453
472
489
495
497
514
529
543
551
558
567
568
571
574
571
575
571
571
568
564
561
551
545
534
527
519
506
491
483
478
463
442
429
420
406
379
362
347
327
300
277
267
245
219
200
187
172
142
120
112
96
77
52
28
12
-4
-23
-42
-56
-79
-107
-127
-138
-152
-171
-188
-203
-212
-230
-247
-268
-284
-295
-305
-317
-328
-334
-353
-365
-387
-397
-407
-407
-412
-428
-429
-433
-439
-454
-460
-470
-470
-463
-468
-463
-466
-471
-478
-477
-472
-473
-472
-466
-455
-451
-454
-452
-441
-432
-426
-415
-406
-399
-390
-379
-359
-351
-342
-329
-305
-279
-264
-248
-233
-205
-177
-163
-143
-111
-86
-65
-42
-25
-12
9
37
65
84
100
118
136
154
169
189
212
230
238
251
272
292
303
310
330
346
360
371
386
399
415
428
438
445
449
452
452
463
476
474
470
473
486
482
466
466
474
471
457
447
436
429
424
415
411
402
387
374
366
360
339
325
318
298
279
276
267
245
224
204
192
175
155
137
125
107
85
61
51
33
11
-5
-27
-43
-57
-71
-94
-117
-120
-129
-144
-162
-171
-181
-199
-207
-219
-216
-224
-244
-245
-251
-256
-262
-272
-281
-285
-286
-295
-302
-303
-308
-309
-319
-319
-320
-330
-338
-343
-345
-348
-350
-352
-349
-351
-355
-355
-360
-363
-357
-357
-355
-355
-351
-353
-354
-350
-344
-339
-345
-331
-318
-315
-314
-313
-300
-292
-282
-270
-254
-234
-230
-222
-208
-185
-169
-164
-150
-130
-117
-112
-101
-76
-60
-52
-39
-27
-19
-2
17
32
49
61
74
85
103
121
135
160
174
176
190
203
220
227
242
263
274
277
282
294
310
319
319
336
340
342
348
350
357
367
374
379
382
388
383
380
384
390
397
387
387
386
384
380
370
364
360
359
349
336
331
326
312
301
296
282
265
255
240
228
214
199
180
156
142
122
102
81
68
53
32
20
7
-12
-34
-45
-64
-86
-103
-116
-124
-140
-154
-167
-176
-186
-192
-202
-217
-226
-237
-247
-258
-262
-269
-268
-275
-288
-289
-295
-300
-303
-300
-306
-309
-306
-310
-310
-314
-310
-307
-312
-310
-309
-307
-305
-301
-289
-288
-290
-288
-277
-268
-264
-268
-267
-258
-249
-244
-235
-230
-234
-227
-210
-204
-199
-190
-181
-169
-162
-152
-140
-127
-113
-96
-85
-71
-62
-50
-36
-29
-14
1
14
33
57
62
70
78
88
104
115
122
135
147
156
158
165
185
192
193
203
212
220
227
228
232
233
245
251
257
262
261
257
252
266
269
269
269
273
283
283
269
270
282
291
285
285
299
293
290
287
288
284
278
277
271
262
250
241
242
226
213
210
206
197
185
178
161
156
149
138
126
123
123
109
94
83
80
72
64
57
45
40
24
11
5
-1
-12
-22
-31
-34
-45
-63
-74
-85
-94
-107
-118
-128
-139
-147
-155
-164
-177
-189
-194
-196
-206
-212
-213
-222
-235
-242
-244
-248
-258
-257
-248
-250
-268
-268
-266
-267
-268
-264
-260
-266
-266
-268
-268
-268
-271
-275
-267
-256
-250
-246
-252
-247
-234
-233
-229
-219
-209
-202
-200
-191
-184
-179
-174
-167
-157
-144
-135
-129
-120
-104
-99
-84
-70
-66
-54
-43
-19
-11
-9
8
29
40
49
59
67
77
83
95
110
119
122
133
144
145
144
157
168
173
180
183
194
195
198
206
214
218
222
228
237
235
225
231
235
233
225
231
235
230
226
225
226
224
217
214
212
211
208
194
186
180
178
172
167
164
157
150
137
126
116
115
104
91
83
87
80
69
72
63
52
38
34
34
40
36
24
24
19
9
-5
-11
-3
-3
-10
-21
-28
-36
-51
-50
-57
-80
-87
-94
-99
-115
-130
-137
-144
-142
-149
-159
-169
-165
-166
-166
-167
-175
-171
-181
-187
-188
-183
-181
-181
-182
-182
-186
-188
-191
-187
-181
-178
-177
-170
-163
-169
-167
-163
-168
-166
-156
-145
-149
-155
-146
-133
-131
-135
-134
-131
-123
-118
-118
-115
-114
-113
-107
-105
-104
-98
-102
-96
-79
-69
-68
-69
-53
-49
-52
-54
-41
-24
-21
-19
-11
8
11
18
23
33
40
49
59
61
68
67
77
84
87
91
98
111
121
121
119
121
134
138
138
139
145
156
158
156
156
161
161
163
158
162
167
159
165
171
162
158
162
159
153
153
153
155
148
144
147
140
132
133
136
133
123
117
119
113
115
103
89
91
95
95
80
69
71
76
70
64
59
52
58
58
57
49
39
35
27
20
12
5
8
9
-3
-13
-22
-38
-38
-33
-46
-61
-72
-59
-62
-77
-86
-93
-98
-104
-103
-103
-113
-122
-130
-123
-122
-136
-134
-131
-123
-129
-138
-136
-132
-133
-140
-139
-137
-142
-147
-140
-131
-134
-130
-126
-128
-123
-119
-117
-121
-115
-106
-104
-101
-98
-98
-98
-87
-81
-79
-85
-74
-67
-66
-58
-57
-52
-54
-46
-44
-38
-31
-31
-25
-22
-14
-14
-14
-11
-3
-4
0
11
13
13
19
25
24
29
33
37
49
51
59
65
66
64
66
85
85
82
89
108
108
100
109
116
117
115
123
125
115
111
124
134
133
120
113
116
127
123
123
126
121
125
127
125
120
118
122
120
123
127
127
116
107
111
111
107
93
91
88
85
82
75
71
68
64
57
57
61
53
47
51
43
29
23
25
23
15
13
12
6
-11
-20
-24
-38
-38
-34
-42
-62
-76
-71
-69
-85
-94
-95
-98
-99
-107
-113
-113
-113
-119
-120
-126
-139
-143
-144
-126
-119
-125
-127
-133
-131
-130
-126
-117
-112
-113
-119
-114
-115
-108
-102
-102
-93
-86
-88
-89
-78
-77
-71
-78
-68
-53
-59
-67
-60
-41
-39
-48
-63
-47
-21
-25
-46
-46
-19
-9
-39
-51
-20
-5
-24
-28
-17
3
4
-15
-13
9
16
13
17
24
32
30
35
50
54
41
55
76
73
62
58
79
82
77
72
60
64
83
81
71
74
81
78
71
71
79
69
53
64
73
76
70
70
75
86
80
64
68
77
79
70
61
65
71
71
59
59
71
71
58
47
64
76
56
49
60
65
46
29
32
44
45
28
14
22
34
29
16
13
9
2
2
3
-1
-5
-6
-10
-14
-18
-24
-31
-37
-24
-25
-27
-37
-49
-47
-55
-53
-52
-59
-66
-60
-67
-83
-87
-75
-78
-90
-85
-64
-73
-100
-87
-73
-79
-99
-98
-71
-69
-84
-94
-88
-72
-66
-79
-88
-77
-58
-70
-82
-72
-54
-56
-78
-64
-37
-41
-59
-57
-39
-37
-40
-43
-41
-40
-39
-30
-27
-23
-17
-9
-6
-15
-7
5
3
2
2
11
13
7
4
16
39
43
23
17
38
45
31
30
50
56
49
56
68
67
59
55
61
70
71
67
62
67
74
66
66
76
83
74
62
62
68
78
68
55
65
83
87
66
48
64
76
57
48
56
55
43
49
49
42
50
44
38
33
35
38
21
19
42
41
25
5
6
42
37
4
-9
7
14
8
-5
-3
11
1
-17
-25
-17
-10
-34
-44
-24
-23
-34
-31
-28
-35
-41
-41
-42
-49
-47
-44
-48
-51
-43
-46
-75
-79
-45
-35
-72
-76
-48
-38
-61
-69
-57
-47
-45
-46
-55
-59
-49
-45
-52
-52
-31
-20
-45
-54
-16
-2
-33
-53
-28
-4
-18
-33
-19
-13
-18
-6
2
-7
-20
-12
7
1
-20
-16
-4
-5
-1
-5
4
-5
-12
4
7
-6
-2
19
2
-15
3
22
2
-28
-6
31
23
-3
-5
11
19
13
-12
-3
25
23
4
3
24
38
27
27
41
37
27
35
40
39
49
45
38
46
47
51
41
39
46
40
36
42
46
40
39
35
29
36
38
28
24
28
41
33
14
30
45
37
33
20
18
30
49
41
10
3
30
46
21
-5
-4
22
31
18
-3
-5
7
18
14
0
-8
-6
-1
6
5
-8
-20
-23
-6
-13
-33
-35
-22
-15
-27
-41
-45
-32
-33
-39
-48
-48
-40
-48
-50
-53
-55
-61
-48
-27
-28
-51
-75
-50
-28
-34
-62
-60
-23
-14
-33
-47
-45
-34
-24
-29
-31
-38
-36
-20
-6
-20
-32
-28
-19
-15
-19
-28
-25
-13
-15
-3
-6
-20
-19
-7
-2
-6
-9
-4
7
11
8
-6
-15
9
36
26
7
10
36
46
35
19
22
33
33
27
27
19
18
32
39
33
9
6
28
46
27
0
8
41
46
11
8
29
31
19
5
4
10
21
31
5
-6
17
44
27
14
25
23
21
11
23
30
14
7
18
24
26
30
14
4
20
11
-10
-5
19
29
3
-3
25
27
-6
-25
4
33
13
-18
-4
21
15
-17
-24
4
28
5
-25
-3
16
-2
-25
-6
13
-5
-27
-20
-2
-10
-19
-26
-27
-9
-11
-21
-25
-11
-14
-25
-25
-21
-23
-31
-24
-12
1
-6
-27
-37
-19
0
-15
-40
-40
-8
4
-30
-49
-19
-5
-29
-25
8
1
-34
-44
-12
2
-22
-32
-40
-25
-5
-10
-23
-21
-9
-6
-9
-3
-14
-21
-4
8
-1
-12
0
7
8
5
5
10
16
16
12
19
26
12
-10
1
14
2
3
2
10
17
-4
-13
9
23
-3
-12
12
24
0
-12
27
37
7
-1
21
26
-2
-2
26
32
3
18
53
37
-3
8
50
41
11
7
43
57
52
31
27
39
54
44
24
31
50
45
18
29
46
34
19
18
25
22
18
17
11
14
5
1
-3
-14
-16
-14
-4
-1
-17
-14
6
-1
-23
-26
-18
-4
-7
-13
-15
-18
-10
-13
-23
-18
-12
-25
-19
5
-9
-46
-38
5
7
-47
-56
-17
-10
-33
-48
-35
-21
-22
-41
-42
-25
-20
-36
-47
-18
-13
-39
-42
-20
-18
-49
-48
-18
-19
-50
-36
-12
-18
-38
-43
-23
-14
-30
-25
-6
-11
-29
-20
9
-1
-23
-12
29
17
-8
-4
15
17
-1
-4
0
16
29
29
17
16
21
23
4
-11
9
16
18
15
9
16
25
26
17
10
10
46
39
0
-1
36
49
8
-1
36
44
15
15
32
30
17
13
31
46
26
-10
1
45
43
-4
-11
43
61
22
2
30
46
12
-1
19
50
25
-12
2
38
30
7
16
24
22
-14
-2
20
10
-12
-10
25
27
1
-20
-6
9
-10
-20
0
6
-2
-15
0
-1
-10
-2
-14
-39
-29
12
11
-23
-33
-2
-8
-30
-27
-4
-12
-46
-36
-3
-7
-41
-42
-11
-3
-19
-29
-31
-38
-30
-29
-29
-29
-41
-42
-25
2
-7
-41
-43
-21
-7
-22
-28
-12
5
2
-16
-27
-18
1
-19
-18
8
-1
-28
-25
-4
-5
-25
-20
3
-7
-21
3
10
-14
-37
-18
21
13
-21
-23
18
37
19
1
20
26
-11
-13
18
44
14
-14
-9
22
35
13
-5
6
33
25
6
2
21
21
0
9
27
4
-11
14
29
1
-7
10
24
32
13
12
21
24
26
35
38
13
18
29
32
31
23
32
43
27
5
9
28
30
22
25
20
10
-1
25
33
16
11
11
26
24
16
-3
-4
7
13
13
-12
-23
-2
10
6
-10
-10
1
-8
-3
2
-2
-19
-15
-5
-19
-18
-5
1
-28
-39
-16
-6
-17
-19
-8
-20
-47
-45
-15
-3
-31
-59
-30
1
-23
-44
-36
-23
-27
-24
-4
-5
-39
-45
-11
3
-22
-37
-22
5
