10
11
12
11
11
11
10
9
9
8
7
5
4
4
5
4
2
2
0
-1
-1
-2
-2
-3
-6
-5
-6
-6
-5
-7
-6
-6
-6
-6
-5
-6
-6
-6
-7
-7
-8
-8
-9
-9
-9
-8
-8
-8
-8
-8
-8
-9
-8
-7
-7
-5
-5
-5
-6
-4
-5
-6
-4
-3
-1
0
0
0
1
1
1
0
0
-1
1
1
1
1
1
3
3
4
5
6
7
7
6
6
5
6
8
8
9
11
11
11
11
12
11
13
12
11
11
12
11
11
10
11
10
9
9
8
8
6
4
3
1
0
-2
-4
-6
-6
-7
-8
-10
-9
-9
-10
-12
-13
-14
-15
-15
-14
-14
-15
-14
-14
-15
-14
-15
-14
-15
-14
-14
-14
-13
-13
-12
-11
-11
-9
-6
-5
-3
0
1
4
5
8
7
10
10
12
13
14
15
14
16
14
15
14
16
17
17
17
16
16
16
14
13
12
11
9
7
6
6
5
4
4
1
2
2
2
1
0
-1
-1
-3
-3
-3
-5
-6
-6
-6
-5
-6
-6
-5
-6
-6
-5
-5
-6
-6
-7
-5
-7
-5
-6
-7
-6
-6
-6
-6
-7
-6
-7
-7
-7
-6
-6
-6
-7
-8
-8
-7
-6
-5
-5
-5
-4
-4
-3
-3
-4
-4
-3
-5
-2
-2
0
1
2
2
2
3
3
4
4
5
5
5
5
6
6
7
6
5
6
5
5
4
4
4
3
2
2
1
1
1
2
1
1
3
2
3
3
3
2
4
3
3
3
2
3
4
3
3
3
3
3
4
4
4
3
3
3
2
2
0
2
0
0
0
0
-1
0
-1
0
-1
-2
-2
-2
-2
-2
-3
-3
-3
-3
-4
-3
-3
-2
-1
-1
-1
-1
-2
-3
-2
-2
-1
-2
-3
-2
-4
-3
-4
-3
-3
-4
-3
-2
-2
-3
-3
-3
-2
-1
-1
1
1
-1
0
0
1
-1
-1
-1
0
0
-1
-1
0
1
0
2
1
1
2
2
2
1
0
-1
-1
-1
0
-1
-2
-1
-1
-2
-2
-3
-3
-3
-3
-4
-4
-5
-5
-6
-6
-5
-4
-3
-4
-4
-3
-2
-1
0
-1
0
1
1
0
1
1
2
3
3
5
5
6
6
7
8
9
9
9
9
7
9
9
8
7
8
7
7
6
6
5
6
6
5
5
6
6
4
5
4
3
4
4
3
3
3
3
1
1
-1
-2
-3
-3
-3
-4
-4
-3
-3
-4
-4
-5
-4
-3
-3
-3
-4
-5
-4
-5
-5
-6
-6
-7
-8
-7
-8
-7
-7
-6
-6
-7
-6
-5
-4
-4
-3
-3
-3
-4
-3
-3
-2
-1
-2
0
2
1
2
1
1
2
2
2
2
2
2
3
3
3
3
2
2
2
2
2
1
-1
-2
-2
-2
-2
-1
-1
0
1
1
2
2
3
0
1
1
2
2
0
1
0
-1
-1
0
0
1
1
2
1
1
1
0
0
0
0
1
1
3
2
2
2
1
1
2
1
3
3
3
3
3
3
3
3
2
2
0
1
0
0
-1
0
0
0
0
1
0
0
2
1
0
-1
-1
-2
-1
-1
0
-1
-2
-2
-1
0
-1
0
0
0
-1
0
-1
-2
-2
-2
-3
-3
-4
-3
-3
-3
-3
-4
-3
-1
-1
-1
-1
-2
-2
-1
1
0
1
1
2
2
2
2
3
3
3
5
3
4
3
4
3
3
4
4
4
4
4
4
4
4
4
4
3
2
1
0
0
0
0
-1
-1
-1
-3
-3
-2
-3
-3
-5
-6
-5
-5
-5
-5
-6
-6
-6
-6
-6
-6
-5
-4
-4
-4
-5
-5
-5
-6
-6
-6
-6
-6
-6
-6
-6
-6
-7
-6
-5
-6
-6
-5
-6
-5
-4
-4
-5
-3
-1
-1
-1
1
0
2
4
5
7
9
10
10
11
13
14
14
14
15
15
16
17
18
18
18
17
17
16
15
15
14
13
12
12
11
10
11
10
10
8
7
6
5
5
4
3
2
2
0
-1
-3
-4
-4
-6
-7
-9
-11
-11
-12
-11
-11
-12
-12
-13
-14
-13
-14
-14
-13
-15
-13
-14
-14
-15
-15
-15
-15
-16
-16
-16
-14
-14
-14
-13
-12
-10
-9
-8
-7
-5
-4
-3
-1
0
1
2
2
2
3
3
5
6
7
9
10
10
10
11
11
11
10
10
11
13
12
11
10
10
10
9
9
8
7
7
5
5
4
3
2
1
1
0
-1
-2
-3
-3
-2
-3
-4
-6
-8
-8
-9
-9
-8
-9
-10
-9
-9
-9
-8
-6
-5
-5
-4
-3
-2
0
0
1
3
4
5
6
7
8
8
9
9
9
9
9
8
7
6
7
7
5
6
6
6
6
5
4
4
3
3
3
3
2
2
2
1
1
1
0
2
-1
-2
-2
-3
-4
-7
-9
-9
-10
-8
-7
-9
-9
-9
-9
-10
-11
-10
-10
-11
-10
-10
-10
-12
-12
-11
-10
-9
-8
-8
-7
-7
-6
-4
-3
-2
-1
0
0
0
2
4
5
6
7
8
9
9
10
11
11
12
14
14
13
14
15
14
15
13
14
14
13
13
12
12
10
10
9
6
7
7
6
5
4
4
5
3
3
2
2
0
0
0
1
0
0
-1
-2
-3
-4
-5
-5
-6
-6
-7
-9
-10
-10
-10
-10
-9
-10
-10
-10
-12
-12
-11
-12
-12
-11
-11
-9
-10
-9
-7
-8
-7
-6
-5
-5
-4
-1
-1
-1
0
2
2
3
3
4
3
2
3
1
2
1
-1
-1
-2
-1
0
1
3
2
3
3
4
4
5
5
5
4
3
2
2
0
0
-1
-1
0
0
0
-1
0
-1
-3
-4
-6
-7
-8
-8
-8
-8
-8
-7
-6
-6
-6
-4
-5
-3
-3
-3
-3
-4
-3
-3
-4
-2
-3
-2
-1
-1
0
-1
0
0
2
3
4
3
4
4
5
6
5
6
6
6
8
9
9
10
9
9
10
9
8
11
10
11
11
10
8
7
8
9
9
7
7
8
10
9
6
6
7
6
6
3
3
4
3
1
1
-1
-1
-1
-3
-3
-3
-2
-2
-3
-3
-3
-4
-3
-4
-5
-4
-4
-5
-5
-6
-5
-4
-4
-4
-4
-4
-1
-1
-1
-2
-1
-1
-2
-2
-2
-1
-2
-2
-2
-4
-4
-3
-4
-5
-3
-4
-5
-6
-5
-5
-5
-5
-5
-5
-3
-3
-2
-3
-3
-3
-2
-2
0
1
1
1
2
2
2
3
1
1
1
-1
0
-2
-4
-3
-6
-6
-7
-7
-7
-9
-10
-8
-9
-10
-10
-9
-9
-10
-8
-8
-7
-6
-5
-4
-3
-2
-2
-1
-1
0
0
1
2
2
2
3
3
4
3
3
4
5
4
5
4
5
7
7
8
9
10
11
11
12
11
11
10
9
8
11
10
10
11
10
11
11
11
12
12
11
10
9
9
8
8
7
7
6
8
7
6
4
3
2
2
1
1
-2
-2
-2
-3
-4
-6
-6
-8
-8
-8
-9
-9
-8
-8
-9
-8
-9
-9
-8
-8
-9
-8
-8
-8
-9
-8
-7
-6
-6
-7
-4
-2
-2
-2
-2
-1
-2
-2
-2
-2
-1
0
-1
0
-1
-1
0
1
2
0
1
0
-1
-2
-3
-2
-3
-4
-5
-5
-5
-5
-4
-5
-6
-6
-8
-8
-10
-11
-9
-11
-10
-9
-7
-4
-4
-3
-1
-1
0
1
1
4
4
5
6
8
10
12
12
13
14
15
14
12
13
15
14
12
15
18
17
15
15
16
16
13
12
10
8
8
5
3
5
5
2
0
1
4
3
1
0
-2
-4
-4
-5
-5
-6
-7
-8
-9
-9
-9
-9
-11
-12
-11
-14
-13
-13
-13
-12
-12
-13
-13
-12
-9
-10
-11
-13
-14
-15
-14
-14
-13
-10
-6
-3
0
2
4
4
5
6
6
7
9
10
9
10
12
14
16
17
16
18
18
17
15
14
14
12
9
8
7
5
6
6
6
4
4
1
-3
-3
-2
-3
-3
-3
-5
-8
-11
-11
-10
-12
-16
-18
-22
-24
-26
-29
-28
-25
-20
-21
-20
-15
-9
-8
-9
-8
-5
-4
-5
-8
-9
-7
-5
-7
-5
1
5
4
5
10
13
15
16
19
21
20
23
25
26
28
29
26
24
26
26
24
21
23
25
24
19
16
17
15
11
9
8
5
1
-2
-3
-3
-2
-5
-9
-9
-5
-3
-7
-11
-9
-6
-11
-17
-18
-17
-18
-20
-24
-28
-29
-29
-28
-28
-29
-29
-28
-22
-16
-16
-17
-13
-6
-3
-8
-10
-7
-4
-3
-4
-5
-1
8
10
9
8
14
18
15
12
19
23
14
6
13
18
12
8
10
21
23
22
18
16
24
31
25
10
11
32
31
5
-3
12
22
5
-13
-9
-2
0
-8
-22
-25
-9
4
-8
-24
-8
14
0
-24
-17
-4
-11
-20
-22
-22
-22
-13
-13
-27
-21
-4
-10
-28
-19
-8
-18
-25
-16
-12
-24
-21
-3
-6
-12
3
12
6
4
21
24
3
12
30
15
6
20
27
17
15
22
22
17
17
24
18
18
24
21
20
22
29
37
27
24
35
41
22
-1
17
24
2
-10
-6
-13
-21
-19
-36
-41
-21
-29
-42
-36
-28
-28
-43
-34
-26
-34
-20
-24
-36
-31
-27
-20
-26
-28
-25
-25
-15
-21
-27
-12
-5
-3
-5
1
0
-7
10
12
-4
9
22
13
11
24
32
27
27
37
33
29
30
24
28
21
12
18
11
5
-2
3
24
11
7
18
16
12
6
22
4
-2
30
-8
-16
8
-12
-9
-19
-3
-2
-26
15
-18
-28
18
-19
-14
-10
-14
11
-27
-12
5
-19
11
-6
-4
16
-18
15
11
-27
12
0
-13
-3
-13
16
-7
-10
36
-3
4
37
6
-4
2
19
-2
-22
17
-3
-17
2
-4
7
-4
6
21
5
20
9
11
16
-5
25
13
1
24
6
17
14
3
20
14
6
10
23
5
-22
4
1
-17
-13
-15
-14
-21
-2
-16
-48
5
-9
-39
1
-23
-21
-9
-23
-10
-35
-9
-13
-55
2
-36
-61
1
-43
-48
-18
-26
-15
-43
-17
7
-34
7
17
-12
18
12
17
21
13
47
26
18
38
21
30
13
27
38
-3
20
28
16
9
0
32
32
17
15
17
37
23
4
16
4
-5
16
5
-24
-2
17
-22
-19
1
-12
-13
-14
-15
-22
-23
-10
-47
-33
-9
-48
-13
-6
-28
-12
-1
-6
-36
-4
27
-41
-17
22
-12
-12
2
-21
-23
11
31
-16
-25
51
20
-14
13
-10
8
32
15
25
3
14
31
19
35
-17
26
65
-10
21
39
-8
32
38
24
14
10
63
14
5
44
16
28
16
7
33
0
6
35
-14
-9
43
7
-29
10
23
-33
-38
30
-8
-53
17
-8
-70
-18
5
-41
-59
-36
-17
-14
-47
-61
-49
-12
-27
-75
-16
-38
-37
38
-47
-72
-1
6
-19
-53
19
21
-35
23
-1
-23
26
19
5
4
15
30
-15
-8
35
9
-14
-1
39
11
-23
32
21
6
35
25
12
-6
41
43
7
3
2
53
11
-20
20
2
0
5
14
-6
-36
32
20
-29
-7
-2
-15
-7
3
-15
-25
11
5
-46
-10
9
-24
-16
12
-33
-36
25
-19
-38
0
14
-22
-25
33
-20
-18
31
-19
-1
-2
6
14
-19
25
21
-11
-2
22
32
-12
53
38
-31
59
44
-9
26
30
41
9
22
51
-22
43
53
-18
19
19
5
12
0
35
-8
-15
34
-52
-6
12
-37
5
-10
-10
-22
-31
-18
-52
24
24
-80
7
12
-60
8
-38
-56
3
-10
-21
-86
-29
4
-72
16
-37
-71
43
-28
-13
-7
-55
29
-10
-2
11
1
11
-42
65
-7
-100
63
47
8
21
-16
5
-19
57
7
-54
105
25
25
40
-36
25
62
37
-2
34
93
-21
2
84
-28
-13
96
43
-45
78
47
-60
35
35
-49
-38
116
-3
-93
144
-38
-88
67
-51
-58
8
58
-55
-90
86
-91
-103
42
-68
-29
-10
11
-56
-84
39
-79
-67
1
-105
107
23
-135
79
-16
-19
-7
-2
7
-83
149
39
-203
106
66
-83
33
31
-7
13
137
37
-80
107
15
-27
106
-77
-51
156
26
-107
25
59
-104
-33
158
-120
-110
257
-30
-195
97
59
-120
-46
156
-12
-182
134
112
-183
-48
89
-5
-60
-1
99
-19
-103
83
-49
-100
35
-3
-22
-52
98
39
-157
26
98
-62
34
58
-31
87
10
-47
49
-44
-4
36
53
83
-86
44
42
-38
99
-52
-36
120
154
-27
-155
60
65
21
-26
-66
147
-36
-21
89
-179
2
67
81
18
-189
46
-60
-90
219
-164
-178
234
100
-85
-174
-34
73
55
112
-191
-199
180
-24
-171
-66
-43
62
15
-55
-83
-31
-12
-108
61
116
-155
41
154
-159
-47
100
-31
-78
85
150
-57
-11
53
-114
-32
77
29
-63
-42
114
46
-115
-20
21
9
40
98
41
-40
52
154
-35
-103
104
25
86
104
-62
-15
92
108
-104
-111
147
94
-13
71
-20
-140
80
49
-192
23
78
-15
72
38
3
-215
-78
190
-54
-49
50
4
113
24
-143
-158
-81
160
96
-83
36
-1
-29
-22
-105
-90
-3
179
68
-167
-82
-14
9
-119
-207
155
254
-34
-251
-35
186
-94
-88
37
-7
145
91
-81
-185
-109
167
-36
-203
138
167
-79
-52
55
-102
-223
171
165
-159
61
133
-103
-52
1
-82
29
240
92
-116
-1
19
4
-52
-42
96
114
84
7
9
-9
-82
183
121
-118
157
68
-106
90
44
-140
-85
233
36
-254
152
87
-202
92
69
-132
14
138
-19
-105
96
90
-148
-96
121
-9
-86
25
-16
1
-41
-54
-21
-84
62
-53
-86
81
-66
40
-102
-135
125
5
31
-55
-11
142
-60
-30
-28
-54
71
14
12
-85
-75
86
-37
-112
-1
109
21
-114
54
98
-48
-36
-1
-4
-45
103
109
-181
-61
134
-26
-104
-60
69
43
-20
119
-64
-224
103
132
-76
-42
68
74
-27
-10
-56
-77
118
80
-33
23
0
-8
-49
-64
-21
12
32
39
98
-5
-108
59
98
1
-39
100
97
11
82
-137
-61
115
-1
7
-100
49
94
-9
62
-186
35
242
-62
-9
-3
111
65
-184
5
-27
19
59
-109
43
-2
-59
57
-134
-25
190
11
-92
-69
39
78
-69
-11
99
-26
34
42
-97
77
16
-95
110
-14
-41
35
-103
14
-29
-21
27
-159
136
87
-221
25
2
-20
20
-135
65
27
-80
-30
-188
-13
48
-65
68
-80
-60
144
-108
-125
120
85
6
-13
31
26
-134
31
112
-98
82
121
6
-60
-156
96
16
-79
201
-34
-16
118
-111
-28
-12
10
130
74
22
-81
-16
10
-111
28
64
10
54
20
-94
-175
-54
7
20
87
-34
28
105
-104
-55
-4
-67
189
140
-104
-12
39
-5
-82
-45
20
17
176
9
-191
84
5
-130
10
9
128
167
-1
-43
1
-15
12
52
11
57
274
103
-256
5
149
-133
-2
132
-22
39
34
-129
-181
-67
73
11
-11
19
-8
21
-62
-103
69
52
23
74
-48
-74
5
-37
-58
11
46
-32
-80
37
-70
-182
1
34
-47
-35
-8
-11
-84
-46
3
-73
36
157
38
-70
0
40
-50
-25
70
1
7
59
-62
-44
24
-21
33
53
25
75
1
-72
73
69
-55
83
155
-28
-89
6
-27
-37
138
106
-68
78
90
-106
-65
-18
42
138
72
49
17
-99
-1
32
-80
26
136
62
-7
-6
-60
-138
-39
15
-62
44
49
-48
-18
-110
-108
-7
-30
21
75
15
-55
-57
-72
-191
-80
64
-58
-2
48
-71
-123
-148
-97
-65
-32
78
58
-23
-36
-47
-35
-47
3
74
98
113
51
-22
-33
-8
15
70
114
82
78
51
-39
-33
45
58
83
115
99
63
61
12
13
78
61
72
81
40
55
58
-11
-37
-1
-7
-40
-4
22
4
18
-14
-72
-47
-39
-61
-7
16
-14
24
15
-53
-50
-40
-54
-3
49
25
12
21
-25
-77
-83
-82
-71
-10
15
-21
-27
-65
-137
-97
-75
-71
5
28
-8
-18
-44
-119
-106
-14
14
45
84
35
-21
-31
-40
-66
-23
62
106
80
30
20
-8
-64
-44
20
41
74
113
56
-14
-13
-11
-14
-4
72
118
87
68
29
-20
-37
-9
49
64
78
98
53
-12
-50
-60
-36
-8
44
85
61
18
-22
-58
-71
-46
4
31
64
98
44
-17
-12
-23
-42
6
45
23
17
19
-45
-92
-55
-30
-43
-29
24
-1
-58
-58
-71
-99
-77
-21
2
-22
-5
30
-28
-53
1
9
3
43
88
74
41
37
1
-44
-9
22
21
64
80
43
-9
-33
-38
-48
8
68
73
64
28
5
-4
-46
-31
20
22
18
26
10
-47
-45
-24
-70
-69
-42
-40
-53
-58
-76
-120
-120
-92
-73
-49
-36
-20
-26
-58
-62
-68
-79
-42
5
0
-2
19
17
-17
-24
9
17
34
78
103
105
78
49
71
49
50
141
162
156
168
154
103
59
78
94
111
166
170
122
88
72
34
12
41
65
63
63
56
-28
-85
-86
-132
-174
-182
-163
-153
-149
-111
-137
-197
-172
-180
-200
-162
-120
-68
-61
-79
-97
-147
-147
-121
-102
-70
-57
-12
-23
-101
-89
-82
-75
-11
60
96
59
56
65
9
34
125
174
215
262
252
175
118
147
175
178
236
252
206
169
124
73
65
120
161
152
146
124
76
52
61
86
101
110
114
63
17
5
-51
-80
-58
-64
-111
-168
-225
-320
-400
-447
-483
-450
-361
-298
-299
-337
-401
-451
-436
-388
-296
-187
-142
-129
-144
-215
-256
-181
-49
56
143
219
209
156
139
107
124
253
380
410
374
335
246
144
174
271
357
440
494
423
268
211
193
166
282
436
444
396
369
298
190
218
334
388
451
496
394
228
113
39
-28
-29
21
-20
-104
-195
-325
-443
-485
-459
-447
-427
-401
-471
-557
-591
-621
-613
-564
-499
-456
-456
-494
-564
-599
-569
-528
-455
-384
-407
-491
-555
-616
-690
-627
-430
-226
-40
103
144
114
178
304
346
448
689
833
825
808
726
529
438
474
420
380
497
532
363
240
165
27
-9
125
216
264
398
474
410
395
472
527
624
796
878
818
757
654
440
280
212
123
40
-6
-121
-320
-478
-573
-677
-721
-679
-640
-622
-615
-617
-641
-655
-615
-569
-521
-446
-391
-362
-368
-378
-401
-438
-399
-395
-446
-473
-533
-596
-633
-696
-752
-624
-333
-145
-57
71
159
179
264
340
371
641
987
1000
825
730
576
336
295
382
424
554
644
438
115
-34
-110
-167
-22
248
433
502
465
349
256
282
471
726
891
956
936
747
459
268
167
73
71
110
-23
-268
-453
-634
-814
-840
-740
-653
-588
-517
-536
-649
-706
-674
-608
-498
-338
-228
-251
-290
-318
-437
-521
-477
-391
-340
-359
-449
-610
-774
-847
-911
-921
-645
-258
-21
74
123
202
252
375
520
617
933
1247
1165
883
686
517
297
275
406
423
510
571
283
-51
-137
-135
-88
153
430
497
521
531
384
361
572
771
947
1115
1116
942
756
562
305
183
186
85
-53
-181
-436
-723
-829
-844
-903
-837
-662
-627
-680
-665
-664
-709
-644
-469
-371
-302
-193
-198
-292
-337
-389
-463
-454
-361
-330
-394
-536
-749
-915
-1007
-1060
-1010
-728
-380
-141
2
13
-1
138
394
505
619
1012
1291
1164
925
685
387
252
392
443
409
583
576
160
-151
-199
-239
-149
181
420
422
466
451
280
286
531
817
1042
1211
1184
961
735
540
361
271
245
200
54
-200
-480
-753
-931
-953
-837
-683
-582
-525
-562
-659
-681
-629
-518
-345
-162
-42
-50
-117
-232
-383
-412
-378
-349
-301
-297
-419
-721
-928
-1002
-1100
-1110
-1063
-855
-480
-193
-57
-42
50
235
460
729
855
1105
1408
1347
1051
738
518
391
421
507
453
484
439
65
-249
-338
-309
-173
83
303
382
431
384
288
352
552
817
1112
1292
1227
986
734
507
316
199
109
12
-128
-363
-684
-970
-1106
-1113
-1014
-829
-676
-629
-631
-663
-709
-669
-479
-262
-93
60
65
-53
-166
-249
-313
-332
-246
-230
-286
-436
-722
-937
-1053
-1080
-1091
-1117
-930
-609
-218
-25
16
265
407
637
936
1048
1206
1480
1659
1347
920
772
459
297
425
392
332
322
170
-277
-539
-432
-401
-252
132
323
351
344
314
286
408
753
1021
1241
1368
1168
825
558
341
149
33
8
-112
-352
-654
-1062
-1290
-1297
-1183
-960
-760
-642
-673
-692
-668
-653
-464
-194
9
139
199
124
-55
-114
-131
-164
-137
-77
-165
-401
-615
-889
-1075
-1073
-1042
-1081
-1042
-778
-442
-214
-80
66
350
710
987
1132
1149
1421
1730
1593
1168
850
700
522
470
462
310
292
231
-198
-576
-555
-437
-433
-212
78
127
152
233
208
261
586
904
1059
1227
1275
1010
765
620
352
70
2
-63
-322
-584
-866
-1201
-1343
-1249
-1135
-1011
-785
-671
-730
-712
-599
-503
-345
-82
102
159
203
185
8
-78
-31
-67
-120
-142
-230
-453
-693
-834
-1059
-1183
-1064
-1122
-1019
-693
-256
-55
-18
362
554
815
1195
1322
1355
1613
1881
1518
916
808
664
400
441
417
203
75
-19
-450
-800
-574
-384
-430
-158
120
92
55
230
350
399
785
1094
1131
1205
1211
966
683
562
345
42
-29
-116
-443
-768
-1005
-1202
-1315
-1226
-1037
-929
-821
-746
-798
-778
-650
-456
-268
-77
105
139
87
30
-85
-122
-32
-21
-75
-192
-279
-502
-808
-1001
-1183
-1238
-1168
-1175
-1038
-672
-274
21
135
365
627
984
1360
1426
1653
1977
2016
1646
977
668
550
507
459
319
264
78
-256
-698
-933
-737
-440
-304
-97
97
82
-5
61
308
552
940
1280
1377
1369
1220
970
734
591
456
259
93
-142
-469
-850
-1160
-1318
-1339
-1226
-1051
-858
-859
-884
-834
-759
-624
-437
-94
95
179
223
133
-17
-103
12
56
5
-38
-233
-532
-667
-875
-1158
-1218
-1108
-1148
-1301
-1081
-815
-476
11
260
393
679
1162
1370
1385
1635
1919
1994
1659
1037
688
584
489
341
205
156
29
-264
-732
-974
-738
-524
-457
-244
-28
-37
-95
100
309
525
933
1265
1325
1305
1261
1014
790
744
615
298
91
-98
-487
-865
-1061
-1221
-1333
-1174
-991
-934
-920
-893
-843
-716
-490
-253
9
245
323
333
276
164
88
102
140
66
-29
-245
-480
-710
-983
-1196
-1333
-1294
-1320
-1395
-1241
-878
-449
-155
81
418
738
1174
1523
1472
1590
1950
2031
1541
955
762
541
326
185
0
-100
-170
-430
-920
-1109
-837
-729
-683
-367
-141
-148
-57
235
418
636
1102
1416
1470
1548
1497
1241
1070
985
678
279
65
-226
-622
-923
-1142
-1340
-1402
-1305
-1207
-1117
-1001
-895
-736
-508
-294
-77
181
349
411
469
452
394
301
274
246
105
-78
-328
-596
-810
-1004
-1200
-1381
-1414
-1429
-1618
-1541
-1051
-492
-69
318
573
717
1111
1515
1497
1582
2100
2206
1693
1159
761
339
233
262
35
-64
-3
-345
-954
-1072
-885
-798
-635
-303
-137
-56
132
304
467
772
1179
1483
1686
1723
1646
1451
1254
1064
735
319
-34
-274
-627
-1006
-1197
-1338
-1558
-1582
-1433
-1353
-1230
-996
-783
-604
-327
-91
24
214
355
401
476
508
368
149
94
-68
-351
-538
-746
-977
-1123
-1262
-1552
-1729
-1705
-1799
-1828
-1335
-764
-394
114
455
483
787
1383
1562
1517
1996
2262
1916
1510
956
406
307
433
208
41
147
-126
-620
-823
-867
-778
-481
-246
-104
129
322
385
601
908
1144
1488
1822
1854
1806
1782
1536
1226
960
517
36
-189
-360
-709
-975
-1135
-1439
-1662
-1584
-1417
-1250
-985
-706
-552
-388
-207
-108
92
333
469
473
449
359
95
-92
-226
-395
-624
-814
-915
-1124
-1334
-1518
-1649
-1771
-1773
-1618
-1424
-935
-360
19
331
650
909
1162
1584
1793
1712
1997
2140
1626
967
592
356
160
177
68
-135
-112
-239
-705
-911
-698
-500
-407
-106
207
295
457
673
791
942
1262
1559
1660
1688
1654
1398
1039
758
370
-107
-361
-458
-696
-1006
-1213
-1489
-1762
-1745
-1556
-1356
-1060
-709
-552
-442
-241
-143
-38
201
412
446
412
332
65
-236
-404
-543
-687
-782
-793
-905
-1123
-1254
-1449
-1570
-1512
-1441
-1366
-1008
-341
95
412
782
940
1088
1511
1842
1798
1978
2288
1996
1355
840
452
263
302
235
67
108
101
-298
-670
-650
-475
-299
-51
255
491
628
743
829
913
1104
1400
1642
1730
1684
1494
1159
762
349
-123
-486
-620
-725
-990
-1320
-1539
-1803
-2013
-1926
-1639
-1321
-943
-550
-419
-416
-316
-255
-172
81
281
277
228
87
-293
-635
-788
-912
-942
-832
-810
-909
-1053
-1339
-1585
-1543
-1397
-1295
-891
-324
73
446
687
744
965
1485
1835
1911
2039
2104
1952
1608
968
391
340
437
277
139
209
158
-25
-261
-520
-440
-56
128
235
538
742
661
665
806
858
1066
1376
1488
1445
1345
1063
660
358
30
-358
-535
-551
-718
-1065
-1355
-1548
-1751
-1811
-1596
-1247
-935
-688
-510
-454
-425
-333
-216
-49
135
196
105
-47
-254
-551
-769
-807
-758
-742
-780
-818
-896
-1060
-1205
-1225
-1137
-1044
-920
-641
-272
189
613
779
897
1212
1551
1676
1680
1753
1834
1767
1440
867
472
418
343
167
157
307
317
166
-68
-269
-210
-26
62
213
493
648
599
590
635
665
808
969
1019
1038
1013
791
478
195
-154
-502
-642
-660
-776
-959
-1128
-1313
-1500
-1538
-1399
-1189
-935
-668
-473
-388
-381
-418
-433
-371
-261
-204
-176
-167
-293
-525
-710
-750
-726
-670
-551
-442
-456
-577
-737
-887
-927
-820
-616
-310
92
437
638
728
799
937
1183
1379
1393
1439
1572
1515
1148
692
403
363
406
360
345
539
685
498
164
-8
-9
2
48
188
392
524
455
313
288
348
385
452
611
775
789
616
372
169
-52
-330
-490
-475
-499
-643
-774
-882
-1026
-1118
-1111
-1041
-871
-658
-559
-523
-479
-524
-620
-601
-514
-480
-433
-358
-357
-432
-473
-456
-434
-378
-277
-174
-109
-111
-203
-335
-416
-448
-450
-312
-23
271
463
591
675
697
730
741
739
823
971
1006
908
762
569
410
390
428
491
651
829
853
706
491
271
126
61
-19
-71
-4
66
-9
-133
-168
-159
-169
-161
-77
48
122
107
21
-64
-152
-273
-359
-354
-319
-321
-323
-314
-365
-464
-551
-578
-562
-559
-582
-599
-598
-640
-718
-762
-766
-737
-671
-589
-486
-328
-164
-50
53
173
260
329
408
435
404
366
346
288
209
182
211
265
301
297
270
263
238
128
17
37
104
128
192
341
457
511
576
637
697
799
887
924
959
915
732
517
337
112
-102
-194
-235
-299
-354
-387
-418
-449
-483
-520
-493
-397
-318
-248
-131
-25
20
33
58
86
106
121
117
112
108
68
-29
-138
-255
-405
-547
-642
-710
-769
-807
-828
-828
-809
-770
-688
-537
-360
-201
-56
89
207
265
275
298
361
404
392
360
321
261
201
153
107
81
60
-12
-113
-189
-251
-310
-340
-330
-270
-126
71
251
410
553
638
643
617
592
610
671
698
654
581
478
310
125
-23
-132
-193
-220
-237
-259
-282
-319
-362
-369
-334
-284
-205
-95
8
83
138
204
273
320
336
349
371
363
303
216
136
57
-42
-149
-242
-314
-395
-489
-543
-527
-469
-410
-348
-268
-182
-115
-68
-22
26
78
144
208
260
292
321
340
308
228
111
3
-71
-149
-231
-304
-364
-418
-488
-549
-572
-549
-497
-437
-352
-217
-51
100
199
239
245
242
226
192
198
260
337
390
403
363
262
130
-4
-129
-215
-257
-282
-276
-231
-191
-172
-155
-131
-104
-51
45
173
324
462
551
589
592
557
494
448
428
404
367
310
235
148
44
-61
-142
-193
-229
-251
-240
-186
-147
-143
-156
-172
-172
-153
-106
-42
35
128
213
255
249
200
120
20
-95
-226
-354
-435
-474
-517
-565
-580
-554
-514
-480
-460
-444
-412
-366
-326
-262
-137
13
135
213
256
285
310
321
338
395
475
513
495
429
319
181
34
-101
-207
-267
-290
-291
-268
-218
-174
-156
-139
-90
1
131
286
436
548
610
637
649
644
618
582
556
525
467
385
306
223
121
14
-95
-199
-274
-322
-350
-362
-365
-364
-356
-325
-280
-241
-171
-100
-61
-40
-47
-74
-99
-135
-206
-298
-378
-462
-554
-618
-659
-680
-664
-649
-645
-621
-588
-567
-539
-484
-432
-375
-273
-115
89
310
487
589
636
627
548
465
440
460
488
501
467
366
226
70
-92
-222
-280
-274
-223
-123
2
118
202
257
292
345
453
601
765
911
1018
1068
1047
962
849
746
657
578
496
402
295
181
52
-86
-206
-304
-376
-394
-355
-291
-245
-205
-183
-195
-209
-192
-201
-237
-260
-288
-334
-379
-413
-474
-533
-581
-671
-800
-911
-1009
-1085
-1093
-1045
-981
-897
-808
-732
-658
-587
-497
-355
-190
-20
159
340
491
582
593
523
421
320
232
195
223
260
256
221
141
9
-123
-219
-270
-251
-169
-51
97
267
412
510
583
654
741
860
997
1127
1235
1301
1293
1214
1080
909
748
621
526
441
348
242
133
38
-58
-164
-245
-268
-261
-249
-241
-235
-245
-259
-281
-325
-372
-405
-444
-508
-562
-581
-595
-634
-706
-807
-912
-1002
-1090
-1195
-1273
-1268
-1200
-1101
-974
-811
-622
-441
-300
-213
-144
-55
50
174
326
480
599
648
606
489
337
203
137
166
245
324
365
333
234
107
-18
-112
-114
-10
153
337
537
705
803
852
854
842
892
996
1092
1180
1244
1215
1090
925
727
518
360
259
187
153
130
69
-6
-76
-163
-252
-304
-329
-335
-306
-282
-296
-324
-364
-433
-511
-579
-652
-726
-796
-879
-953
-983
-1001
-1065
-1167
-1272
-1356
-1395
-1366
-1254
-1051
-786
-538
-372
-256
-131
-7
88
167
243
312
413
536
608
614
604
539
371
193
93
93
189
303
335
311
291
232
122
57
92
202
378
583
756
881
946
935
892
887
926
990
1064
1095
1053
952
805
632
480
349
243
193
178
149
110
81
14
-80
-133
-150
-157
-133
-117
-168
-232
-261
-323
-422
-507
-605
-740
-851
-946
-1075
-1170
-1201
-1239
-1285
-1292
-1304
-1330
-1304
-1255
-1171
-971
-697
-466
-267
-87
19
106
203
242
252
333
429
469
487
445
306
168
58
-78
-140
-48
62
112
141
122
54
33
52
80
216
453
635
750
860
916
893
867
860
877
960
1064
1098
1071
983
787
548
367
252
204
219
245
244
225
164
73
26
22
37
105
199
235
226
198
111
-14
-94
-156
-238
-312
-421
-633
-848
-978
-1083
-1180
-1240
-1315
-1413
-1438
-1403
-1386
-1296
-1051
-792
-583
-367
-183
-36
167
341
351
373
534
652
644
583
406
128
-74
-238
-435
-451
-257
-150
-167
-207
-351
-500
-450
-308
-145
182
562
770
889
985
952
907
986
1053
1093
1209
1269
1159
981
718
358
94
-13
-75
-78
-22
-35
-130
-221
-298
-307
-180
14
187
339
435
435
403
354
271
215
180
119
27
-120
-344
-591
-801
-976
-1113
-1194
-1275
-1393
-1494
-1553
-1614
-1588
-1312
-904
-547
-223
37
187
375
593
619
624
907
1154
1099
943
664
216
-90
-299
-628
-690
-380
-293
-481
-593
-743
-893
-750
-490
-251
204
688
865
987
1174
1183
1179
1364
1510
1554
1612
1543
1275
927
482
-1
-268
-342
-438
-510
-502
-548
-654
-710
-682
-545
-269
48
314
519
632
627
589
573
540
529
555
524
353
62
-274
-589
-820
-961
-1054
-1147
-1281
-1463
-1658
-1825
-1895
-1746
-1361
-858
-388
-73
140
397
651
789
872
1046
1263
1368
1244
834
359
64
-228
-598
-757
-672
-608
-641
-792
-1059
-1152
-992
-840
-591
-75
387
618
851
1062
1121
1246
1472
1594
1708
1804
1629
1333
1080
623
54
-257
-410
-616
-764
-860
-1014
-1110
-1112
-1095
-892
-479
-133
142
439
577
565
621
710
751
816
862
790
632
387
38
-283
-458
-569
-693
-812
-968
-1242
-1535
-1656
-1667
-1603
-1257
-727
-338
-101
131
350
633
1031
1200
1159
1388
1592
1278
813
480
111
-181
-358
-647
-789
-594
-630
-1028
-1199
-1126
-1083
-877
-494
-159
192
505
582
643
882
1081
1235
1493
1682
1648
1488
1244
894
499
122
-201
-405
-543
-755
-979
-1106
-1218
-1314
-1235
-979
-702
-411
-92
125
242
366
457
551
729
840
796
741
638
364
95
-58
-215
-349
-426
-593
-883
-1159
-1354
-1467
-1484
-1372
-1079
-650
-254
-20
91
277
686
1101
1245
1322
1543
1598
1314
909
464
116
-1
-200
-573
-664
-531
-649
-917
-1035
-1040
-917
-618
-334
-42
367
620
622
709
906
1031
1198
1416
1489
1409
1228
942
669
409
64
-198
-299
-484
-770
-984
-1134
-1207
-1142
-1027
-841
-522
-293
-245
-128
7
21
138
369
474
522
541
383
183
58
-138
-311
-326
-341
-437
-550
-771
-1106
-1364
-1453
-1408
-1243
-972
-591
-176
79
201
405
700
1017
1296
1381
1414
1615
1599
1103
557
189
-159
-394
-486
-606
-616
-479
-627
-1001
-1049
-805
-558
-207
207
465
644
777
780
825
1033
1218
1309
1390
1391
1221
926
610
338
58
-228
-390
-476
-643
-843
-1014
-1153
-1156
-973
-736
-481
-193
-27
-2
42
95
105
181
334
424
390
281
137
-76
-327
-492
-570
-608
-586
-601
-760
-951
-1154
-1385
-1395
-1192
-1007
-651
-67
291
408
579
728
959
1365
1513
1432
1662
1843
1448
871
363
-121
-296
-356
-652
-689
-410
-513
-880
-1009
-1019
-851
-354
57
315
712
897
738
772
964
1010
1180
1443
1389
1186
1014
653
230
-28
-312
-593
-630
-644
-900
-1184
-1309
-1363
-1314
-1042
-692
-427
-215
-80
-103
-139
-9
193
349
519
606
454
233
57
-186
-418
-500
-543
-618
-661
-727
-927
-1211
-1410
-1443
-1375
-1202
-793
-235
194
489
705
771
983
1517
1840
1812
1976
2220
2036
1607
1056
337
-42
-61
-397
-764
-599
-493
-832
-1126
-1253
-1261
-899
-396
-118
237
669
711
624
817
996
1102
1393
1594
1477
1274
992
574
235
-66
-429
-566
-577
-894
-1318
-1532
-1678
-1714
-1483
-1196
-938
-610
-435
-445
-274
-33
31
257
643
706
640
704
516
137
-4
-138
-416
-436
-379
-651
-885
-1009
-1457
-1789
-1585
-1466
-1457
-875
-147
123
417
798
871
1149
1771
1955
1958
2392
2570
2121
1632
1020
270
60
82
-324
-551
-383
-591
-1079
-1341
-1494
-1357
-792
-395
-224
170
434
302
355
677
908
1224
1618
1684
1542
1373
1011
651
499
266
-56
-211
-403
-825
-1226
-1446
-1566
-1554
-1353
-1080
-886
-774
-686
-585
-445
-224
56
359
642
760
660
502
389
244
64
-44
-116
-285
-536
-776
-1039
-1361
-1603
-1628
-1562
-1506
-1292
-866
-423
-6
347
561
890
1415
1749
1857
2053
2231
2156
1943
1535
839
348
238
-41
-421
-461
-490
-713
-892
-1142
-1347
-1060
-612
-463
-258
134
278
263
432
635
821
1140
1356
1323
1268
1150
857
626
490
209
-123
-310
-520
-865
-1173
-1353
-1441
-1399
-1240
-1064
-919
-809
-714
-571
-351
-118
97
342
576
669
625
556
438
240
59
-81
-237
-374
-523
-761
-1021
-1245
-1504
-1645
-1522
-1398
-1253
-750
-162
86
312
660
897
1256
1770
1933
1958
2307
2374
1867
1428
1014
442
239
184
-238
-435
-230
-419
-886
-1015
-1009
-923
-493
-158
-105
167
416
291
343
717
958
1178
1460
1428
1187
1032
788
485
362
178
-169
-409
-651
-1054
-1339
-1424
-1491
-1456
-1255
-1089
-1014
-905
-796
-662
-387
-83
135
369
556
534
430
346
209
77
5
-171
-419
-578
-789
-1089
-1255
-1380
-1547
-1508
-1344
-1360
-1242
-691
-186
147
572
872
1053
1536
1941
1848
1884
2267
2275
1871
1500
892
258
180
34
-471
-454
-177
-470
-839
-862
-942
-828
-272
40
81
425
648
479
577
886
980
1172
1448
1348
1083
959
701
342
146
-94
-447
-651
-840
-1178
-1422
-1485
-1497
-1416
-1222
-1069
-952
-765
-560
-351
-92
154
343
460
477
440
382
285
150
-44
-265
-474
-726
-965
-1112
-1204
-1282
-1352
-1394
-1405
-1326
-1149
-943
-506
145
581
814
1056
1269
1585
1998
2087
1953
2077
2120
1661
1072
550
60
-113
-178
-506
-659
-477
-501
-692
-649
-508
-312
113
448
507
647
819
768
814
1040
1132
1187
1279
1112
793
644
477
186
2
-228
-614
-867
-1048
-1330
-1472
-1405
-1335
-1215
-994
-870
-818
-628
-384
-174
104
348
439
460
397
205
8
-95
-198
-379
-567
-797
-1128
-1382
-1499
-1544
-1462
-1351
-1362
-1373
-1237
-1055
-903
-504
139
602
895
1160
1285
1506
1937
2078
1862
1884
2017
1679
1168
742
153
-214
-200
-439
-698
-445
-279
-457
-416
-275
-286
24
528
671
809
1147
1177
1067
1216
1273
1217
1350
1329
1013
809
625
212
-157
-431
-825
-1130
-1228
-1355
-1477
-1464
-1443
-1382
-1175
-959
-779
-510
-195
75
313
458
506
505
428
305
157
-40
-224
-430
-739
-1034
-1288
-1556
-1664
-1547
-1462
-1408
-1248
-1207
-1194
-935
-717
-511
121
740
945
1206
1521
1576
1757
2008
1772
1559
1810
1699
1115
716
237
-375
-485
-423
-661
-577
-158
-165
-317
-173
-132
-61
430
816
872
1079
1267
1119
1015
1071
997
967
1057
919
620
402
101
-340
-717
-1019
-1258
-1346
-1329
-1349
-1421
-1435
-1360
-1250
-1082
-801
-444
-86
243
440
445
417
394
274
176
158
38
-156
-361
-707
-1066
-1265
-1465
-1593
-1436
-1224
-1111
-944
-860
-943
-837
-588
-433
33
770
1147
1312
1516
1473
1457
1736
1788
1605
1723
1752
1286
808
339
-261
-471
-353
-461
-484
-177
-43
-102
-31
-21
-3
352
755
922
1087
1221
1118
965
893
803
785
869
818
589
331
32
-334
-664
-945
-1164
-1238
-1195
-1177
-1214
-1253
-1241
-1119
-924
-714
-439
-123
128
283
355
304
217
172
71
-71
-153
-308
-583
-818
-1032
-1266
-1381
-1370
-1351
-1191
-917
-798
-778
-709
-634
-492
-238
-30
268
784
1122
1158
1215
1277
1285
1404
1409
1158
1140
1249
890
399
101
-266
-446
-277
-295
-347
41
352
252
236
303
239
458
869
947
966
1124
968
625
553
547
481
578
603
345
111
-76
-429
-734
-850
-953
-979
-864
-839
-916
-915
-870
-809
-642
-423
-185
68
224
241
178
51
-71
-108
-135
-230
-333
-470
-707
-903
-1005
-1069
-1047
-968
-876
-707
-499
-410
-406
-350
-267
-145
3
82
277
682
952
977
1001
1041
1054
1138
1097
828
789
933
737
360
124
-150
-369
-291
-223
-180
196
554
492
378
359
244
299
583
677
637
677
540
226
110
115
65
119
189
78
-74
-213
-449
-657
-724
-759
-753
-657
-610
-647
-670
-667
-615
-500
-368
-191
2
83
81
60
-64
-214
-257
-302
-386
-384
-422
-573
-651
-676
-711
-620
-462
-398
-261
-3
67
-24
-8
-4
-13
131
216
237
466
674
617
592
714
757
829
939
772
608
722
642
339
244
175
9
51
132
91
291
615
618
512
508
371
254
370
364
184
181
177
-32
-143
-143
-230
-215
-66
-44
-105
-117
-209
-361
-403
-433
-498
-474
-428
-463
-503
-510
-522
-533
-519
-448
-346
-315
-344
-356
-406
-501
-521
-517
-550
-504
-420
-439
-470
-430
-383
-301
-159
-77
-5
194
303
194
109
77
-12
-52
-27
-21
119
367
443
398
430
466
497
608
605
526
668
791
618
434
349
215
222
362
362
419
658
702
531
417
268
95
127
182
70
23
47
-79
-218
-212
-184
-124
37
164
167
127
76
-16
-112
-165
-202
-222
-216
-240
-327
-422
-476
-550
-644
-620
-503
-452
-442
-437
-520
-618
-606
-562
-525
-395
-245
-191
-159
-120
-120
-64
42
78
148
304
347
229
91
-33
-142
-171
-181
-219
-117
96
193
179
173
210
333
525
595
529
583
720
684
569
518
438
381
445
485
448
470
500
420
296
154
-38
-162
-153
-159
-214
-216
-230
-316
-352
-270
-137
-2
139
243
251
191
128
51
-38
-87
-97
-132
-216
-342
-511
-657
-727
-764
-777
-722
-654
-660
-675
-656
-657
-639
-523
-365
-234
-116
-18
27
50
106
192
285
340
341
325
298
209
51
-39
-38
-49
-99
-179
-263
-244
-87
54
126
235
369
457
506
504
480
583
774
838
797
778
707
551
461
434
381
379
429
364
176
-20
-220
-379
-399
-346
-315
-249
-173
-193
-215
-135
-31
58
209
370
433
432
388
270
109
0
-54
-110
-187
-297
-431
-538
-636
-751
-816
-794
-735
-662
-575
-503
-469
-443
-383
-281
-151
-12
128
240
292
302
327
351
314
247
222
196
115
21
-55
-129
-202
-260
-335
-416
-413
-327
-221
-115
-38
14
89
168
189
213
339
502
600
658
681
604
462
353
276
202
159
138
101
1
-172
-367
-498
-528
-484
-396
-272
-170
-127
-105
-66
-19
55
189
340
441
476
465
409
316
221
154
106
53
-10
-74
-139
-223
-311
-373
-413
-434
-417
-356
-286
-242
-215
-170
-94
-4
91
185
261
310
360
416
437
405
346
278
210
127
39
-10
-32
-66
-116
-189
-291
-380
-410
-403
-401
-386
-329
-243
-174
-137
-115
-79
-12
75
169
260
308
289
214
106
-11
-94
-123
-113
-103
-112
-138
-177
-212
-221
-183
-102
-12
67
117
110
72
54
68
94
122
157
201
232
235
213
193
182
173
179
208
235
241
231
205
162
113
91
99
109
113
130
146
136
109
83
55
16
-11
-20
-28
-50
-86
-126
-155
-170
-185
-178
-141
-106
-90
-71
-66
-94
-128
-161
-222
-298
-348
-376
-402
-418
-430
-450
-459
-451
-451
-451
-438
-424
-399
-366
-341
-316
-276
-225
-165
-80
38
172
314
451
562
634
663
645
609
573
538
502
457
380
272
161
80
41
34
49
84
128
183
251
320
377
427
486
549
599
637
666
683
679
634
558
479
391
299
204
94
-36
-175
-304
-423
-537
-633
-694
-725
-726
-693
-638
-582
-534
-486
-427
-361
-309
-263
-224
-225
-273
-342
-414
-485
-548
-587
-609
-633
-666
-714
-762
-792
-818
-830
-802
-746
-671
-555
-415
-282
-147
7
166
322
486
645
781
883
929
911
852
777
687
616
561
492
414
349
296
246
212
204
223
272
345
425
509
601
688
770
838
882
911
941
954
931
883
816
720
589
436
270
97
-57
-189
-303
-405
-504
-587
-646
-677
-688
-669
-618
-554
-491
-431
-383
-360
-353
-351
-362
-389
-416
-449
-506
-581
-674
-774
-864
-939
-1006
-1058
-1086
-1089
-1078
-1040
-967
-872
-745
-589
-424
-235
-32
154
312
429
508
556
587
605
611
607
592
554
493
422
344
286
259
262
276
294
314
333
359
401
466
550
657
778
894
1006
1099
1148
1160
1142
1099
1037
957
850
714
566
409
245
84
-59
-177
-264
-321
-350
-361
-360
-355
-350
-342
-326
-311
-301
-298
-301
-320
-358
-413
-478
-546
-610
-677
-757
-842
-936
-1040
-1147
-1252
-1339
-1387
-1391
-1356
-1281
-1168
-1027
-867
-687
-497
-299
-94
98
257
379
458
487
474
435
381
324
281
250
228
213
208
204
203
206
225
270
343
430
515
602
691
773
854
938
1029
1123
1208
1268
1289
1275
1226
1140
1023
887
741
594
460
341
229
132
53
-5
-43
-63
-61
-41
-7
27
51
59
46
10
-51
-127
-210
-297
-387
-475
-567
-666
-779
-910
-1039
-1156
-1250
-1322
-1368
-1401
-1419
-1419
-1394
-1347
-1261
-1130
-965
-779
-587
-403
-247
-115
-13
56
108
145
158
150
122
78
34
-3
-24
-25
-1
47
105
175
254
341
431
523
613
708
808
903
989
1055
1104
1137
1151
1146
1124
1087
1034
971
896
811
717
622
534
455
390
338
298
280
276
280
285
288
285
279
270
256
231
190
129
45
-62
-187
-320
-451
-580
-704
-827
-945
-1060
-1164
-1251
-1320
-1361
-1373
-1358
-1318
-1256
-1183
-1103
-1012
-912
-813
-715
-612
-516
-432
-362
-313
-287
-268
-259
-262
-272
-279
-274
-257
-230
-195
-160
-118
-60
4
85
187
306
434
566
686
780
855
913
957
991
1021
1047
1047
1025
980
918
856
802
758
728
716
714
714
719
716
708
704
708
713
719
724
717
699
668
618
544
462
373
275
178
73
-47
-179
-322
-471
-617
-753
-874
-977
-1054
-1110
-1151
-1174
-1175
-1162
-1131
-1087
-1030
-963
-891
-825
-776
-738
-710
-692
-678
-668
-656
-644
-634
-627
-623
-618
-603
-575
-539
-491
-431
-357
-268
-172
-73
26
129
236
344
452
561
661
750
819
866
888
893
881
863
842
821
800
777
748
718
699
693
705
732
770
816
862
901
927
940
937
922
901
869
827
773
706
620
516
395
265
131
-3
-132
-259
-383
-508
-634
-753
-862
-954
-1022
-1063
-1080
-1076
-1059
-1037
-1010
-987
-961
-932
-898
-866
-836
-814
-803
-804
-819
-836
-854
-861
-855
-837
-807
-770
-728
-683
-630
-568
-489
-394
-284
-170
-55
57
164
261
352
436
511
584
650
709
755
787
803
807
805
799
797
796
798
803
817
834
850
865
879
894
911
932
949
962
967
963
950
923
883
828
770
701
627
544
454
354
246
133
14
-103
-218
-323
-413
-492
-563
-627
-685
-738
-784
-819
-846
-864
-874
-877
-876
-877
-884
-895
-903
-913
-921
-923
-923
-923
-920
-917
-910
-901
-881
-851
-810
-755
-688
-612
-530
-450
-370
-286
-203
-120
-35
51
133
211
276
330
378
426
470
517
566
611
651
685
709
728
749
769
788
812
834
852
867
878
881
881
882
879
874
868
859
843
821
788
742
688
631
566
503
437
369
297
220
140
59
-18
-89
-158
-225
-287
-348
-407
-466
-522
-575
-622
-665
-702
-732
-760
-783
-806
-827
-847
-865
-880
-891
-902
-908
-909
-905
-895
-880
-856
-826
-790
-749
-703
-654
-592
-529
-463
-398
-335
-271
-208
-145
-78
-11
60
131
198
263
322
374
422
470
516
563
606
649
686
717
743
763
778
796
815
835
851
863
870
872
869
859
843
822
801
776
746
711
666
617
561
502
440
378
318
255
192
126
57
-16
-89
-159
-230
-295
-358
-418
-476
-531
-580
-624
-666
-704
-736
-766
-791
-814
-835
-851
-863
-872
-877
-876
-870
-860
-844
-823
-799
-771
-738
-702
-664
-621
-574
-525
-469
-408
-341
-268
-194
-121
-47
26
97
168
235
300
359
414
461
501
537
568
597
624
650
673
694
713
731
742
750
759
766
771
771
772
770
763
750
732
709
684
655
628
596
559
519
472
420
363
302
240
179
117
55
-6
-67
-130
-194
-255
-314
-368
-419
-469
-514
-554
-590
-624
-656
-684
-711
-732
-744
-748
-750
-747
-740
-734
-728
-720
-710
-697
-679
-659
-636
-610
-584
-555
-521
-485
-441
-394
-338
-278
-219
-158
-99
-46
3
53
99
146
189
231
271
307
339
366
390
414
435
455
474
491
507
522
533
539
544
550
554
561
572
579
583
585
581
572
562
549
535
519
499
472
441
408
364
319
272
223
174
126
79
29
-16
-62
-108
-153
-196
-238
-275
-305
-332
-359
-384
-409
-432
-451
-467
-480
-494
-503
-512
-518
-525
-531
-535
-534
-528
-520
-507
-490
-467
-441
-415
-387
-359
-328
-293
-256
-215
-175
-138
-102
-69
-39
-4
29
60
90
116
143
168
189
207
225
242
261
281
303
325
349
373
394
411
431
450
468
484
499
511
520
525
521
514
504
493
479
462
441
417
387
353
316
275
233
192
152
113
70
27
-14
-56
-96
-133
-168
-200
-230
-260
-290
-320
-352
-383
-414
-446
-475
-501
-528
-549
-569
-581
-591
-599
-603
-603
-596
-585
-570
-551
-531
-513
-490
-466
-437
-406
-373
-336
-301
-264
-227
-189
-151
-113
-75
-37
-2
28
59
90
123
161
199
237
276
316
355
396
436
476
515
553
585
613
639
660
675
687
692
695
693
688
677
661
642
615
585
549
511
471
433
393
349
305
261
216
172
128
84
43
-1
-42
-83
-125
-169
-213
-257
-302
-347
-391
-434
-474
-510
-543
-576
-605
-627
-645
-660
-669
-672
-671
-665
-658
-646
-635
-617
-597
-576
-551
-523
-495
-464
-431
-401
-368
-335
-300
-262
-224
-184
-144
-103
-60
-16
28
76
124
172
220
268
315
362
405
451
493
530
564
594
621
646
667
682
692
697
694
687
674
658
639
617
593
568
540
509
476
441
405
368
331
294
257
217
178
136
91
44
-1
-44
-90
-134
-177
-222
-264
-305
-349
-388
-428
-465
-497
-525
-551
-579
-601
-621
-635
-644
-648
-649
-645
-639
-630
-619
-607
-592
-572
-552
-531
-508
-484
-460
-431
-402
-371
-335
-296
-254
-209
-165
-119
-72
-27
19
65
111
159
203
246
289
333
374
415
452
488
522
555
582
604
620
632
642
649
650
647
642
635
624
611
596
581
563
542
519
491
460
425
387
348
307
263
222
181
138
96
55
12
-29
-70
-109
-150
-193
-234
-274
-315
-358
-398
-439
-476
-511
-540
-567
-593
-612
-627
-638
-646
-650
-652
-649
-643
-635
-621
-605
-588
-565
-538
-510
-479
-445
-406
-367
-325
-280
-239
-196
-153
-111
-65
-21
22
68
113
157
200
245
292
339
384
427
468
503
534
564
589
608
626
639
649
656
660
663
663
657
647
634
616
594
569
541
509
474
437
401
363
329
295
263
231
198
163
129
91
49
7
-38
-86
-137
-185
-234
-283
-329
-375
-417
-456
-491
-522
-550
-575
-599
-619
-640
-658
-674
-685
-692
-695
-690
-680
-663
-643
-615
-586
-560
-531
-502
-470
-437
-402
-366
-333
-303
-273
-240
-205
-167
-126
-80
-33
12
56
96
136
173
210
245
279
310
344
375
407
440
470
498
524
548
565
580
589
592
592
589
581
567
553
538
526
516
509
502
493
481
464
445
422
395
367
336
304
268
229
186
143
98
58
21
-18
-53
-89
-124
-160
-198
-236
-276
-312
-347
-378
-407
-434
-454
-472
-486
-497
-507
-514
-517
-518
-517
-513
-509
-503
-498
-490
-479
-465
-448
-426
-404
-377
-350
-324
-295
-266
-240
-213
-186
-163
-136
-108
-77
-44
-13
17
50
81
113
145
175
204
230
253
274
294
311
327
346
365
386
407
427
452
471
487
493
495
494
492
489
485
475
459
445
424
399
372
347
326
301
274
244
213
178
144
109
72
38
6
-20
-44
-68
-94
-118
-146
-177
-203
-231
-259
-284
-311
-335
-359
-384
-403
-421
-436
-448
-458
-463
-464
-467
-464
-462
-465
-464
-461
-454
-444
-431
-416
-397
-377
-356
-333
-307
-279
-249
-215
-182
-152
-124
-100
-74
-49
-24
4
35
65
98
131
166
201
237
275
313
350
384
416
444
465
484
500
512
522
532
536
539
541
537
530
520
506
488
467
444
421
399
373
347
319
290
257
224
190
156
121
88
54
21
-15
-53
-88
-123
-159
-191
-222
-251
-277
-309
-337
-364
-388
-411
-435
-456
-474
-489
-502
-511
-517
-522
-523
-521
-517
-510
-501
-489
-477
-464
-448
-430
-409
-385
-360
-335
-308
-280
-251
-218
-184
-148
-109
-70
-29
13
56
97
140
180
220
257
292
326
358
388
416
443
467
486
502
514
523
527
533
535
533
529
523
515
504
492
479
463
445
425
402
378
348
317
284
252
215
182
148
113
76
42
8
-28
-63
-95
-127
-159
-189
-219
-250
-279
-308
-338
-365
-390
-414
-434
-452
-469
-486
-500
-511
-519
-524
-527
-529
-527
-524
-519
-512
-502
-488
-468
-447
-422
-393
-362
-328
-290
-252
-211
-172
-131
-89
-49
-9
27
63
100
137
170
203
239
271
303
333
360
384
410
433
456
474
489
502
511
519
523
523
520
516
511
501
490
472
456
437
414
391
363
335
305
274
243
210
176
144
110
77
45
11
-21
-52
-82
-109
-137
-167
-195
-224
-254
-287
-319
-346
-371
-396
-416
-434
-450
-466
-480
-490
-496
-497
-496
-488
-479
-468
-454
-438
-420
-396
-369
-338
-306
-276
-241
-210
-179
-145
-116
-88
-57
-31
0
26
52
83
111
140
170
197
225
253
281
308
336
358
382
401
416
427
436
440
440
435
428
419
409
397
380
360
338
312
291
267
245
224
206
186
163
140
116
94
70
47
25
2
-20
-41
-64
-91
-121
-150
-180
-209
-233
-259
-286
-310
-334
-360
-383
-403
-417
-425
-428
-428
-423
-412
-399
-384
-367
-347
-325
-303
-281
-261
-243
-230
-218
-206
-195
-182
-166
-146
-126
-105
-86
-66
-43
-18
12
43
74
105
136
163
190
216
245
271
296
320
337
349
357
360
360
357
353
347
339
330
320
310
302
295
290
285
282
279
275
268
259
246
230
212
193
172
149
126
100
72
45
19
-8
-36
-65
-95
-124
-153
-180
-205
-227
-246
-262
-271
-274
-274
-271
-263
-255
-243
-232
-222
-213
-204
-197
-194
-192
-194
-196
-199
-199
-200
-201
-197
-192
-183
-172
-158
-143
-122
-100
-79
-54
-29
-5
18
38
56
70
81
90
96
100
105
108
109
109
105
103
99
95
91
89
90
90
92
95
101
109
117
124
133
142
148
152
152
148
142
135
126
111
93
76
57
38
18
0
-16
-29
-40
-49
-56
-60
-60
-58
-54
-50
-44
-35
-27
-19
-13
-7
-2
2
4
4
0
-7
-14
-27
-40
-54
-66
-80
-91
-101
-108
-111
-110
-105
-96
-84
-71
-56
-42
-29
-19
-13
-9
-7
-7
-11
-16
-23
-30
-38
-46
-52
-56
-60
-60
-60
-57
-52
-45
-34
-22
-8
8
24
41
57
71
83
93
103
110
116
118
117
112
105
94
83
70
60
52
47
42
39
35
32
31
31
34
41
49
56
63
69
71
72
71
69
67
60
54
44
30
14
-3
-19
-36
-52
-64
-75
-84
-87
-87
-87
-83
-79
-70
-62
-52
-45
-38
-31
-26
-23
-23
-22
-24
-28
-34
-43
-52
-62
-71
-79
-85
-86
-86
-83
-78
-72
-63
-53
-43
-33
-21
-13
-4
5
11
15
17
16
13
12
7
4
0
-3
-7
-9
-13
-17
-19
-19
-16
-12
-5
1
11
22
32
44
56
67
80
91
99
105
108
110
111
108
105
101
94
87
78
69
61
54
48
43
40
39
38
40
42
43
46
48
50
50
49
47
40
32
22
10
-4
-18
-31
-44
-57
-69
-80
-90
-97
-102
-106
-110
-111
-111
-110
-107
-102
-98
-92
-88
-83
-78
-73
-69
-65
-61
-58
-58
-58
-60
-63
-67
-72
-74
-76
-77
-78
-77
-74
-69
-63
-53
-42
-31
-20
-5
8
20
31
43
53
60
66
72
74
76
77
75
74
71
69
66
62
59
57
60
64
69
75
83
91
99
108
116
126
133
137
138
136
134
128
121
113
102
91
83
72
62
50
39
30
22
16
11
5
2
-1
-4
-7
-11
-14
-20
-30
-38
-50
-63
-75
-86
-98
-111
-124
-136
-148
-158
-167
-172
-176
-178
-177
-177
-173
-170
-164
-157
-149
-139
-127
-113
-100
-87
-75
-61
-51
-39
-29
-19
-9
1
9
17
23
29
35
40
46
53
62
71
82
93
103
115
124
134
144
152
157
160
161
160
156
153
149
146
142
138
134
128
120
113
106
100
93
88
82
75
70
64
57
49
43
35
25
12
-2
-16
-32
-47
-64
-80
-95
-110
-124
-137
-149
-160
-170
-178
-185
-192
-197
-201
-204
-205
-205
-204
-201
-196
-188
-180
-173
-163
-152
-140
-125
-114
-102
-89
-79
-68
-57
-46
-35
-22
-6
8
25
43
62
80
99
116
131
146
160
171
181
188
195
200
201
200
200
197
193
189
183
179
175
172
168
165
161
159
155
151
148
142
135
127
116
105
90
75
57
38
20
0
-20
-38
-57
-75
-91
-109
-125
-141
-154
-164
-175
-183
-190
-194
-198
-200
-199
-199
-197
-194
-190
-184
-178
-172
-166
-158
-151
-144
-137
-130
-122
-114
-106
-96
-86
-75
-64
-52
-38
-24
-7
10
27
45
61
78
94
109
122
133
143
150
155
158
160
159
157
153
151
146
142
139
136
134
133
133
132
133
133
131
129
125
120
115
109
101
93
83
71
56
43
27
11
-5
-20
-36
-53
-70
-87
-101
-112
-123
-132
-140
-145
-149
-152
-153
-154
-152
-150
-148
-145
-142
-137
-132
-129
-123
-119
-115
-110
-107
-102
-97
-92
-86
-79
-72
-64
-54
-43
-31
-18
-5
8
21
34
48
61
72
83
93
99
106
111
115
116
117
118
116
115
113
112
110
108
107
106
104
101
98
97
95
92
88
86
82
78
72
67
59
49
41
30
19
7
-4
-16
-28
-40
-50
-62
-73
-82
-90
-98
-103
-108
-112
-111
-111
-111
-109
-104
-100
-96
-91
-86
-82
-76
-72
-67
-62
-57
-53
-49
-45
-39
-36
-31
-25
-18
-11
-4
4
11
19
26
35
42
48
56
61
67
72
73
77
79
80
79
79
78
76
74
71
68
63
60
57
52
51
47
44
40
36
35
34
31
28
24
21
16
10
2
-5
-13
-22
-29
-37
-45
-53
-61
-69
-76
-81
-86
-89
-90
-91
-92
-91
-92
-90
-87
-85
-83
-79
-77
-73
-69
-65
-60
-55
-49
-43
-36
-29
-22
-16
-8
-1
7
15
21
29
38
46
55
63
72
79
86
91
96
99
102
104
105
106
106
104
101
99
96
93
92
88
84
80
75
71
66
62
55
49
43
37
29
21
14
4
-4
-12
-20
-29
-40
-49
-59
-69
-77
-84
-89
-93
-97
-100
-101
-101
-101
-101
-100
-99
-97
-94
-93
-89
-85
-81
-79
-74
-71
-66
-61
-56
-48
-43
-35
-30
-24
-17
-11
-4
3
10
15
21
27
33
38
45
51
57
61
66
70
72
74
75
78
77
76
74
71
68
66
61
59
57
55
52
50
49
47
45
42
41
38
34
31
27
24
20
14
9
3
-1
-7
-12
-17
-24
-29
-33
-38
-43
-48
-53
-56
-58
-60
-63
-64
-65
-65
-64
-64
-64
-63
-62
-60
-57
-56
-55
-51
-49
-46
-44
-40
-38
-33
-29
-26
-22
-20
-15
-12
-7
-2
3
7
13
18
24
29
35
42
46
50
53
54
56
58
58
57
58
58
58
58
58
58
57
57
57
55
55
55
54
51
49
46
43
40
35
31
25
20
14
10
4
-2
-8
-14
-21
-25
-29
-33
-37
-40
-44
-47
-50
-52
-54
-54
-56
-58
-59
-58
-58
-56
-55
-54
-52
-49
-47
-44
-42
-38
-36
-33
-31
-27
-22
-17
-12
-9
-4
-1
2
5
8
11
14
16
18
20
20
19
19
18
18
18
19
18
19
19
20
22
23
24
28
31
34
37
39
40
40
41
41
39
39
37
35
33
30
26
23
20
16
13
7
4
1
-4
-7
-8
-10
-12
-14
-16
-18
-20
-20
-19
-17
-18
-19
-18
-18
-17
-18
-18
-18
-19
-21
-21
-21
-20
-20
-20
-18
-18
-17
-16
-16
-13
-12
-11
-11
-11
-12
-11
-9
-9
-9
-10
-9
-9
-9
-8
-9
-9
-9
-10
-10
-10
-11
-10
-7
-6
-4
-2
-1
2
4
5
8
10
14
17
20
21
23
23
22
22
22
22
20
19
19
18
17
17
17
15
16
17
17
17
19
18
18
17
18
16
13
13
10
8
6
5
2
0
2
1
-1
-1
-2
-4
-3
-6
-5
-5
-5
-3
-3
-2
0
1
1
2
1
-1
-1
-5
-5
-8
-12
-16
-19
-22
-25
-28
-30
-32
-34
-34
-34
-33
-32
-29
-27
-25
-23
-20
-18
-16
-15
-13
-11
-10
-9
-7
-7
-4
-3
-1
0
1
1
2
3
5
7
8
11
14
16
18
20
22
24
25
28
28
29
29
30
31
29
29
29
26
23
21
19
17
15
16
14
13
12
12
10
12
12
12
15
15
17
17
17
17
13
11
8
4
-1
-6
-11
-17
-22
-27
-32
-36
-40
-43
-44
-46
-48
-47
-47
-48
-46
-46
-43
-41
-38
-34
-33
-31
-30
-29
-26
-25
-23
-22
-21
-21
-20
-19
-16
-14
-10
-7
-2
3
9
15
20
26
31
38
41
47
51
54
57
59
60
61
61
60
60
58
55
54
51
50
48
46
43
40
37
36
33
31
28
26
24
22
18
15
12
10
4
2
-3
-9
-13
-20
-26
-32
-37
-44
-49
-55
-60
-64
-66
-67
-69
-67
-66
-64
-63
-59
-58
-55
-53
-50
-46
-43
-40
-38
-36
-33
-30
-30
-28
-26
-26
-23
-23
-19
-17
-15
-11
-7
-3
1
6
10
16
22
27
33
40
44
49
53
54
56
59
60
61
60
59
58
57
58
57
54
54
53
54
54
55
55
55
55
53
51
49
47
44
40
35
30
24
19
13
6
0
-6
-12
-19
-25
-31
-37
-42
-46
-50
-53
-57
-59
-64
-66
-67
-69
-69
-68
-69
-67
-69
-69
-69
-71
-72
-73
-73
-72
-72
-71
-71
-70
-68
-67
-63
-58
-53
-48
-42
-35
-30
-24
-17
-10
-4
2
9
15
21
28
34
40
46
51
56
61
65
71
77
82
86
91
96
100
103
108
109
112
114
115
114
112
110
107
103
98
92
87
78
69
60
52
41
32
24
14
6
-2
-10
-18
-26
-32
-36
-42
-46
-49
-53
-56
-60
-64
-69
-72
-77
-81
-87
-91
-95
-100
-105
-107
-109
-110
-111
-110
-109
-104
-103
-99
-94
-90
-84
-78
-72
-66
-60
-53
-48
-41
-36
-30
-25
-18
-11
-5
3
8
13
18
24
30
36
43
50
56
63
69
76
80
84
88
91
94
97
99
101
100
97
95
92
87
83
79
74
71
67
63
59
54
50
47
44
40
38
35
31
28
23
17
13
8
4
-3
-9
-15
-23
-30
-38
-45
-51
-58
-64
-71
-76
-79
-83
-86
-86
-88
-87
-86
-84
-81
-76
-72
-67
-64
-62
-58
-56
-52
-47
-42
-38
-34
-30
-24
-19
-14
-9
-3
4
10
17
25
33
39
44
50
56
62
66
71
76
79
82
83
84
82
81
78
75
72
68
64
59
52
47
42
39
35
33
29
25
22
18
15
12
10
8
5
2
-2
-5
-10
-17
-24
-31
-37
-42
-48
-53
-59
-66
-72
-76
-80
-84
-87
-90
-90
-90
-91
-90
-90
-90
-88
-86
-85
-82
-79
-78
-75
-73
-71
-69
-67
-63
-59
-54
-47
-40
-32
-25
-18
-11
-1
7
16
27
36
46
53
62
69
75
81
87
90
95
98
100
101
103
104
104
103
104
103
103
103
101
101
100
101
100
98
97
95
93
89
84
80
75
69
63
56
49
41
33
24
15
6
-4
-13
-23
-31
-40
-47
-53
-59
-66
-73
-76
-81
-85
-89
-92
-97
-99
-103
-106
-107
-110
-110
-112
-112
-113
-113
-112
-109
-107
-103
-99
-94
-88
-82
-74
-68
-61
-53
-45
-38
-32
-24
-17
-10
-4
1
8
12
17
20
23
26
31
34
36
40
43
45
48
51
53
57
60
63
67
71
74
76
79
81
82
82
82
81
77
75
72
70
66
63
58
52
48
44
39
37
34
30
28
24
23
19
15
9
6
4
0
-4
-7
-14
-20
-25
-30
-35
-40
-42
-46
-50
-53
-56
-57
-58
-58
-58
-57
-54
-52
-49
-47
-43
-40
-37
-34
-31
-29
-28
-26
-23
-20
-17
-14
-11
-9
-5
-3
-1
2
4
6
7
10
13
17
20
22
25
28
31
33
36
38
38
39
38
38
38
38
36
36
35
34
32
28
26
23
20
20
18
16
14
12
10
7
4
1
-2
-5
-8
-12
-16
-20
-23
-27
-31
-35
-39
-40
-42
-44
-45
-46
-47
-48
-48
-47
-46
-47
-46
-46
-43
-43
-41
-39
-38
-36
-34
-32
-30
-29
-29
-29
-26
-24
-22
-20
-16
-13
-10
-5
0
4
10
14
18
23
29
34
39
44
49
54
58
62
64
66
66
66
67
66
65
65
63
61
58
55
54
51
48
45
43
40
37
35
32
28
27
23
21
17
12
9
6
2
-5
-8
-12
-17
-20
-23
-26
-30
-32
-34
-37
-40
-42
-45
-47
-50
-51
-51
-51
-53
-54
-55
-54
-54
-55
-54
-54
-54
-53
-52
-51
-49
-46
-45
-43
-40
-36
-32
-29
-25
-20
-17
-13
-8
-4
1
6
11
15
17
21
23
26
28
31
33
33
36
37
40
41
43
46
47
50
52
54
55
56
57
58
59
59
59
58
57
55
52
47
45
40
36
32
28
23
19
15
12
8
5
2
1
-2
-5
-6
-7
-6
-9
-11
-13
-15
-18
-20
-23
-26
-29
-34
-35
-40
-43
-46
-50
-51
-55
-57
-58
-58
-59
-57
-56
-56
-55
-55
-54
-53
-50
-48
-46
-42
-39
-38
-34
-31
-29
-25
-23
-22
-19
-17
-14
-11
-8
-6
-2
2
6
9
14
19
23
26
29
31
35
38
41
44
44
45
45
45
45
44
44
45
44
44
44
44
45
44
45
44
45
43
43
43
41
40
39
35
32
28
25
23
19
16
12
7
5
1
-4
-8
-10
-13
-16
-18
-19
-20
-23
-24
-24
-24
-25
-26
-25
-25
-25
-26
-26
-27
-27
-27
-28
-30
-30
-31
-32
-32
-32
-30
-30
-28
-27
-25
-23
-19
-16
-14
-11
-8
-4
0
3
5
7
10
11
12
12
13
12
12
11
11
9
10
10
12
13
14
15
17
19
20
21
23
23
23
22
20
18
17
14
12
8
4
0
-3
-7
-10
-14
-20
-23
-26
-29
-32
-33
-35
-34
-35
-35
-35
-35
-34
-33
-32
-30
-30
-29
-28
-28
-27
-26
-25
-24
-22
-22
-21
-21
-20
-18
-17
-14
-12
-7
-3
1
5
9
12
16
19
23
26
29
31
33
34
35
35
36
37
37
36
37
37
38
40
40
42
44
44
45
48
49
50
53
53
55
56
56
55
54
52
51
49
46
44
40
36
32
27
22
17
12
8
3
0
-5
-9
-11
-14
-17
-21
-24
-27
-31
-33
-37
-40
-44
-48
-52
-56
-59
-63
-66
-68
-71
-72
-75
-76
-76
-75
-73
-70
-68
-65
-62
-60
-57
-55
-51
-47
-44
-39
-37
-32
-27
-25
-22
-19
-16
-12
-9
-6
-4
-1
4
9
13
18
21
26
31
36
42
46
50
55
58
61
63
65
66
65
65
65
64
62
61
57
54
51
47
45
41
38
33
29
25
22
19
15
11
8
4
0
-4
-7
-11
-13
-16
-19
-23
-25
-27
-29
-30
-31
-32
-33
-34
-35
-35
-35
-35
-34
-34
-31
-29
-27
-24
-23
-22
-19
-17
-16
-14
-13
-12
-10
-10
-10
-9
-8
-7
-7
-6
-4
-3
-2
-1
2
5
9
11
14
17
20
21
23
23
25
25
25
26
25
25
24
23
24
23
22
23
23
22
22
22
20
19
19
18
17
15
14
12
9
6
3
0
-3
-6
-9
-13
-16
-19
-21
-24
-25
-29
-31
-32
-33
-34
-33
-34
-33
-30
-30
-29
-27
-26
-23
-23
-21
-20
-18
-18
-17
-16
-15
-14
-13
-10
-11
-9
-8
-8
-6
-4
-2
1
4
6
10
12
15
19
23
26
28
30
31
32
34
33
34
33
32
30
29
26
25
23
20
19
18
17
18
17
17
14
13
14
14
14
14
15
15
15
15
15
12
12
9
5
4
2
1
-2
-6
-8
-10
-11
-14
-14
-15
-16
-19
-20
-21
-22
-23
-23
-24
-25
-25
-26
-26
-25
-25
-25
-23
-24
-22
-24
-23
-22
-22
-22
-22
-20
-19
-18
-17
-15
-13
-10
-7
-4
-1
0
4
5
7
8
9
10
11
12
12
13
14
12
12
11
11
11
11
10
9
9
7
8
6
8
7
8
9
9
10
11
10
10
9
9
7
6
4
2
0
-1
-1
-4
-4
-6
-7
-9
-10
-10
-10
-11
-11
-13
-12
-13
-12
-12
-11
-10
-9
-9
-8
-7
-6
-4
-3
-2
1
4
6
8
11
13
15
18
20
23
25
26
28
28
30
31
31
32
32
32
33
31
30
29
27
26
24
22
22
20
17
15
14
13
9
7
5
3
2
0
-3
-4
-7
-9
-9
-12
-13
-15
-17
-20
-23
-25
-27
-29
-31
-32
-33
-34
-33
-34
-35
-34
-35
-35
-35
-35
-35
-33
-34
-34
-34
-34
-33
-32
-30
-31
-31
-30
-29
-27
-26
-25
-23
-20
-17
-15
-13
-12
-10
-7
-4
0
2
5
5
8
9
11
12
13
15
16
19
20
21
21
23
25
25
26
27
27
29
28
27
26
26
25
24
24
23
22
23
23
21
21
21
21
21
21
19
17
16
16
17
15
16
17
17
16
17
18
18
18
17
16
17
16
16
16
15
15
14
12
11
9
8
8
6
4
2
0
-1
-2
-2
-3
-3
-3
-3
-5
-4
-4
-4
-3
-4
-5
-7
-9
-9
-10
-11
-13
-13
-13
-15
-17
-18
-18
-19
-20
-20
-22
-22
-22
-23
-21
-21
-20
-19
-19
-18
-20
-20
-22
-23
-24
-25
-26
-25
-24
-26
-25
-25
-24
-23
-24
-22
-21
-20
-20
-19
-18
-17
-15
-13
-12
-12
-11
-10
-9
-8
-6
-5
-4
-2
-2
-2
-2
-3
-2
1
1
2
3
3
3
5
7
8
9
11
13
14
16
16
17
17
19
18
18
19
20
18
18
20
19
19
18
19
20
20
19
21
21
22
23
24
26
26
28
29
31
30
31
32
31
31
31
31
30
28
27
24
22
20
17
15
12
9
8
8
5
5
4
3
1
0
0
0
0
-2
-2
-4
-5
-6
-7
-8
-11
-12
-13
-14
-14
-17
-18
-19
-22
-22
-23
-24
-24
-26
-27
-27
-28
-28
-28
-28
-28
-28
-27
-25
-26
-26
-26
-25
-24
-23
-22
-21
-21
-19
-19
-19
-18
-18
-18
-18
-17
-17
-16
-14
-13
-13
-13
-12
-11
-9
-9
-8
-6
-4
-3
-2
-1
-1
-2
0
1
1
2
3
4
5
4
7
7
9
12
11
11
12
12
13
16
17
18
20
20
21
21
22
22
22
23
23
23
25
23
23
24
25
24
25
24
24
24
23
22
22
23
23
22
21
20
19
18
16
14
11
9
7
6
5
4
3
4
3
2
2
0
-2
-4
-7
-6
-8
-8
-10
-11
-12
-14
-15
-17
-18
-19
-19
-22
-22
-23
-24
-24
-23
-22
-24
-22
-22
-22
-21
-20
-19
-17
-17
-16
-15
-15
-15
-14
-13
-13
-11
-11
-11
-8
-8
-6
-5
-3
-2
0
-1
1
3
4
4
6
7
8
8
7
9
11
12
12
13
16
16
16
18
19
18
18
17
16
15
14
14
11
10
10
9
9
8
6
6
6
5
4
2
0
-1
-3
-4
-5
-5
-4
-4
-3
-3
-3
-2
-2
-3
-4
-5
-6
-7
-6
-6
-6
-6
-6
-6
-7
-7
-6
-6
-6
-6
-7
-8
-6
-7
-5
-4
-4
-3
-1
-1
0
0
0
1
1
3
4
4
4
4
4
3
3
2
0
0
-2
-4
-5
-6
-7
-9
-11
-11
-11
-10
-10
-10
-10
-8
-6
-5
-4
-2
0
0
2
3
5
5
5
5
5
6
5
6
6
7
5
5
3
2
1
1
1
1
1
1
3
4
4
4
5
6
6
7
7
8
9
10
9
7
7
7
7
5
4
3
2
1
0
0
-1
0
2
1
2
2
3
2
2
1
1
-1
0
0
0
0
2
3
6
7
9
10
11
11
13
13
14
14
14
13
11
11
10
8
8
7
5
3
2
0
-1
-2
-3
-6
-8
-10
-10
-13
-14
-15
-15
-17
-19
-19
-19
-19
-17
-17
-16
-17
-16
-17
-16
-17
-16
-16
-17
-16
-18
-17
-18
-17
-16
-16
-15
-13
-12
-10
-10
-8
-7
-5
-2
-1
0
3
4
4
6
7
8
8
9
12
13
14
17
18
20
20
22
23
24
25
26
27
26
26
26
27
25
24
23
21
19
17
14
12
11
8
8
6
3
1
-3
-8
-11
-12
-16
-19
-21
-23
-23
-24
-23
-23
-23
-23
-23
-22
-23
-24
-23
-23
-24
-24
-24
-25
-25
-23
-22
-21
-19
-16
-14
-12
-11
-8
-6
-2
0
2
4
4
5
7
9
12
13
15
16
18
19
19
20
21
22
23
22
21
21
22
23
23
24
25
25
25
25
26
27
28
28
27
27
27
24
23
21
19
18
16
14
11
8
6
3
0
-4
-6
-9
-11
-14
-15
-15
-17
-18
-20
-23
-23
-24
-24
-26
-26
-27
-26
-25
-23
-24
-23
-22
-23
-21
-21
-20
-19
-18
-18
-17
-15
-15
-14
-11
-8
-7
-6
-4
-3
-2
-2
-1
0
0
1
1
2
5
5
4
4
4
4
2
1
0
0
-1
-1
0
0
1
1
0
0
2
3
4
6
7
7
8
8
8
7
9
10
9
10
11
11
12
11
10
11
11
9
10
8
7
6
5
5
5
5
4
5
5
4
5
4
4
2
2
1
-1
-2
-3
-4
-6
-6
-7
-6
-6
-6
-7
-6
-6
-6
-6
-5
-5
-4
-4
-4
-5
-3
-2
-1
-1
0
-1
0
0
0
1
2
4
5
5
7
6
6
8
9
8
8
8
8
