-11
-12
-11
-10
-8
-6
-3
-1
1
3
3
5
8
10
11
13
15
17
19
20
23
24
25
26
26
25
24
23
21
19
17
14
11
9
6
2
0
-2
-4
-6
-8
-8
-9
-10
-11
-12
-12
-11
-12
-12
-11
-10
-9
-8
-7
-6
-4
-3
-3
-3
-1
0
-1
0
0
-1
-3
-4
-3
-3
-4
-5
-6
-7
-8
-8
-7
-8
-8
-9
-10
-10
-10
-10
-11
-9
-10
-10
-10
-10
-9
-9
-9
-8
-7
-6
-5
-3
-3
-1
-1
0
0
0
3
4
5
8
9
11
13
13
15
16
17
19
21
22
23
23
21
20
19
18
16
13
12
9
7
5
3
1
0
-1
-2
-3
-3
-2
-4
-5
-6
-5
-4
-4
-3
-3
-4
-6
-6
-8
-9
-10
-11
-10
-9
-7
-8
-8
-6
-4
-3
-2
1
3
3
4
3
3
0
-1
-3
-5
-6
-8
-9
-11
-11
-10
-11
-11
-8
-7
-5
-3
-2
0
1
0
0
0
0
-1
-1
-1
-3
-5
-6
-6
-6
-6
-4
-4
-4
-3
0
3
7
9
12
14
16
17
18
19
19
19
17
18
17
16
15
13
11
9
9
7
7
6
5
4
3
3
2
1
-1
-1
-1
-2
-3
-3
-4
-5
-6
-7
-7
-8
-8
-10
-12
-14
-14
-14
-14
-16
-15
-14
-13
-12
-12
-10
-9
-7
-7
-6
-6
-5
-4
-4
-4
-5
-5
-6
-5
-5
-5
-4
-4
-2
0
2
5
6
8
9
13
14
15
16
17
18
17
17
16
15
14
10
8
7
5
2
0
-1
-1
-3
-2
-1
-3
-2
-1
-1
1
1
2
1
1
2
1
0
-1
-2
-4
-4
-6
-6
-5
-7
-7
-6
-6
-8
-8
-8
-7
-7
-7
-6
-5
-5
-5
-4
-5
-3
-3
-4
-5
-6
-6
-6
-6
-6
-6
-6
-7
-7
-6
-5
-3
-1
1
2
3
3
6
7
8
9
9
10
9
12
11
11
11
11
10
7
6
6
6
4
5
7
7
8
8
8
9
12
13
13
14
12
10
9
8
6
3
2
0
0
-1
-2
-3
-2
-3
-2
0
2
2
2
2
2
1
0
-3
-5
-8
-9
-11
-13
-14
-14
-16
-19
-20
-19
-19
-19
-19
-17
-16
-13
-11
-8
-6
-3
-3
-1
0
1
3
4
4
4
3
3
4
4
5
6
6
6
6
4
5
5
4
4
5
6
7
7
7
7
8
7
7
7
8
9
7
8
7
5
3
1
-2
-3
-4
-5
-7
-8
-8
-10
-11
-12
-12
-13
-12
-12
-13
-11
-12
-12
-11
-12
-13
-12
-11
-9
-8
-6
-5
-3
-2
-2
1
2
4
4
6
7
7
7
7
7
7
7
7
7
9
7
7
7
7
8
10
10
11
12
12
12
13
15
14
15
15
14
14
15
14
14
14
13
12
11
11
10
8
7
6
5
4
3
0
-1
-2
-4
-4
-6
-7
-9
-11
-12
-13
-14
-14
-15
-17
-17
-18
-18
-19
-20
-21
-21
-22
-21
-22
-22
-22
-22
-21
-19
-16
-14
-13
-10
-8
-6
-2
-1
2
4
6
8
9
10
9
10
10
12
13
13
13
14
13
14
14
16
18
19
19
18
17
17
16
14
13
12
11
9
7
6
5
4
3
2
1
-1
0
-3
-5
-6
-7
-7
-7
-7
-7
-7
-7
-8
-7
-9
-8
-9
-9
-10
-11
-11
-12
-12
-12
-12
-11
-9
-9
-10
-8
-9
-8
-7
-6
-4
-3
-2
-1
1
2
2
2
1
2
3
4
2
3
4
4
4
4
5
6
7
8
7
9
9
8
9
9
10
10
11
11
11
11
10
11
10
11
9
8
8
8
7
7
6
6
5
4
2
2
0
0
-1
-3
-5
-5
-7
-9
-10
-11
-10
-12
-12
-13
-13
-12
-12
-13
-13
-13
-12
-11
-10
-11
-11
-10
-9
-9
-9
-8
-7
-6
-4
-4
-4
-3
-2
-2
-2
-1
1
2
3
4
5
6
5
6
7
9
9
10
9
10
10
9
10
9
10
9
8
8
8
7
7
7
5
5
6
5
4
4
2
1
-1
-1
-1
-2
-1
-2
-3
-3
-4
-4
-5
-3
-3
-2
-2
-2
-2
-3
-3
-3
-3
-3
-4
-4
-3
-4
-4
-4
-5
-4
-4
-3
-5
-3
-4
-4
-4
-3
-2
-3
-2
-3
-3
-3
-4
-4
-3
-3
-3
-3
-3
-2
-1
-1
1
1
1
3
4
4
4
5
4
4
6
7
8
9
8
9
9
9
8
6
6
5
6
6
4
3
3
2
2
3
4
5
5
4
5
3
4
3
1
2
2
1
1
-2
-4
-4
-6
-7
-6
-7
-6
-7
-7
-7
-7
-6
-6
-5
-4
-3
-2
-1
-1
-1
-2
-1
-3
-2
-2
-2
-2
-2
-2
-4
-3
-2
-2
-2
-1
-1
0
0
0
2
1
2
2
3
2
2
2
2
0
1
0
-1
-2
-3
-3
-3
-3
-4
-2
-1
0
0
-1
-2
-1
-3
-1
-1
-1
-1
-1
-1
-1
-1
1
1
1
2
3
4
4
5
5
6
5
6
5
5
6
7
6
6
3
2
1
0
0
0
0
1
0
-2
-2
-3
-3
-4
-4
-3
-3
-4
-3
-3
-3
-4
-2
-3
-3
-2
-2
-1
-2
-1
-1
0
-1
-1
-1
-1
-2
-1
-1
-1
-1
-1
-1
0
1
0
1
2
3
3
3
4
5
5
4
2
3
4
3
3
2
2
1
1
0
-1
-1
-2
-2
-1
-1
-1
-2
-1
-1
-1
0
0
-1
-2
0
0
0
-3
-3
-3
-2
-1
0
0
-2
-1
-2
-2
-1
-2
-1
0
1
2
1
0
-1
-1
-1
-1
1
2
2
1
0
0
1
0
0
0
-1
0
1
1
1
2
1
0
-1
-2
-2
-3
-2
0
-1
1
2
1
3
3
3
4
4
4
4
6
7
6
6
6
7
6
6
6
5
4
5
3
2
1
0
0
-1
-1
-1
-2
-2
-2
-3
-3
-3
-3
-2
-3
-2
-2
-1
-1
-1
-1
-1
-1
0
0
0
0
-1
-1
-2
-1
-2
-2
-2
-2
-3
-2
-3
-1
-2
-2
-3
-4
-2
-2
-3
-3
-3
-2
-1
0
1
2
2
2
1
2
1
1
0
2
1
0
0
1
0
0
0
-1
0
-2
-2
-3
-5
-5
-7
-6
-7
-8
-8
-8
-8
-8
-7
-7
-9
-10
-10
-9
-8
-7
-6
-4
-2
-1
0
2
2
2
2
3
3
4
6
7
6
7
7
6
6
5
5
4
5
5
4
3
3
2
1
0
1
0
-1
0
0
0
0
1
1
2
2
3
3
3
4
3
4
2
3
2
3
3
5
6
6
6
6
6
6
6
7
6
5
6
5
5
5
5
4
4
3
3
4
5
4
4
4
3
3
3
3
3
2
2
3
2
2
2
2
2
2
1
1
1
0
0
0
0
0
0
-1
-1
-2
-3
-3
-4
-3
-5
-6
-7
-9
-10
-9
-9
-9
-9
-9
-8
-9
-8
-7
-7
-6
-7
-7
-7
-5
-6
-5
-5
-5
-5
-5
-4
-3
-3
-5
-5
-5
-7
-7
-7
-8
-8
-9
-8
-8
-9
-11
-12
-12
-11
-10
-7
-7
-5
-3
-4
-3
-1
-1
-1
0
0
1
2
3
3
4
4
4
4
5
6
6
7
8
9
10
11
11
12
11
12
13
13
14
15
16
17
18
18
18
19
19
20
19
18
18
18
17
17
16
15
15
13
12
10
9
8
7
4
5
4
2
1
0
0
-2
-3
-3
-4
-4
-5
-7
-6
-9
-10
-11
-12
-12
-14
-14
-15
-16
-16
-17
-18
-17
-17
-17
-16
-18
-18
-17
-17
-17
-18
-17
-16
-16
-17
-17
-18
-18
-17
-15
-15
-13
-11
-9
-8
-6
-4
-3
-2
0
3
6
8
9
9
10
11
12
13
13
12
13
15
14
14
13
12
11
12
13
14
14
13
14
14
14
14
13
13
12
10
11
8
6
6
5
3
3
2
1
2
0
-2
-1
0
-1
-1
0
-2
-4
-5
-5
-8
-8
-9
-7
-7
-10
-11
-10
-10
-10
-11
-9
-8
-8
-6
-7
-6
-5
-4
-4
-3
-2
-1
0
1
1
3
3
3
6
8
6
6
7
7
5
8
8
5
8
7
3
4
4
0
-1
1
1
0
-1
-3
-3
-4
-5
-5
-3
-5
-6
-4
-5
-4
-7
-9
-7
-5
-8
-6
-6
-5
-4
-7
-6
-5
-5
-6
-9
-8
-9
-10
-10
-9
-12
-11
-12
-15
-11
-10
-12
-10
-8
-5
-6
-7
-3
-3
-2
0
0
4
6
6
7
6
9
9
9
13
14
13
14
12
19
25
19
20
28
31
32
31
30
32
37
32
33
33
34
33
27
32
26
24
21
15
22
13
8
10
6
7
0
1
-1
-7
-5
-13
-14
-15
-20
-22
-23
-25
-30
-33
-35
-34
-35
-40
-38
-40
-38
-37
-38
-38
-35
-30
-36
-31
-23
-26
-26
-22
-19
-21
-23
-16
-14
-14
-11
-9
-8
-3
-3
-2
1
3
11
9
9
14
15
20
12
17
29
19
19
24
25
19
17
22
18
14
20
13
7
12
10
6
11
10
11
13
6
9
13
8
5
8
12
4
4
7
-5
0
5
-3
-4
0
-2
-6
-10
-6
-11
-15
-13
-11
-11
-14
-15
-10
-13
-18
-9
-8
-7
-6
-5
-2
0
0
1
3
11
14
9
7
22
21
18
16
22
27
17
23
20
22
28
14
17
22
12
18
16
14
11
16
17
6
12
16
3
2
4
-2
-1
-19
-1
-9
-22
-7
-24
-28
-18
-28
-23
-39
-19
-19
-49
-12
-28
-28
-15
-33
-14
-8
-22
-8
-19
-19
-13
-21
-12
-24
-20
1
-29
-19
-9
-38
-11
8
-14
-2
2
13
0
-3
19
-2
23
17
15
17
6
25
10
4
23
9
22
16
6
24
6
0
22
12
11
16
11
15
-7
6
6
-22
11
21
-16
2
9
1
-10
-9
4
22
-6
10
12
5
13
-7
-7
23
-3
32
13
-24
38
0
0
7
-9
33
-6
-17
37
-2
-20
9
16
-16
-27
5
1
-29
6
-7
-35
6
7
-41
-12
6
-3
-16
-5
3
1
-2
-7
-2
13
-14
-4
26
-27
12
2
-9
3
-17
25
-4
-19
48
-20
-4
15
-28
19
-12
-3
31
-20
8
6
-26
20
-20
-3
30
-12
21
9
-9
8
-6
17
9
-13
39
-1
-9
7
-30
-2
-16
-7
17
-29
11
5
-26
9
-19
11
6
-4
31
-8
-4
17
-31
6
0
-19
18
-9
0
-16
-1
4
-25
-13
14
-38
-12
3
-29
-24
-11
-19
-19
-25
-18
-4
-33
5
-5
-14
-15
7
18
-2
-17
19
12
7
18
9
10
21
7
25
-19
16
39
10
29
25
43
14
4
58
22
24
46
10
53
1
6
14
0
27
13
-5
9
-26
18
-16
-28
17
-25
-10
-11
-30
-30
-15
-21
-30
-7
-7
-34
-6
-5
-48
-16
1
-20
-40
7
-13
-16
-31
-17
-31
2
-5
-31
-20
-8
-4
-24
-31
-27
-10
-21
7
-14
-7
12
4
1
14
15
35
21
30
39
-5
22
44
4
22
19
22
15
-15
38
18
-28
57
9
-5
35
34
12
-18
51
50
1
64
63
21
20
36
51
2
47
35
12
24
15
-5
-39
2
27
-33
-9
0
-25
6
-51
-55
0
2
-39
-24
16
-19
-57
17
-21
-61
23
-1
-68
-34
22
-33
-83
-4
-2
-73
-16
1
-23
-35
-33
-5
-72
-28
24
-62
-32
-16
-14
-16
-55
15
-10
-13
44
-42
2
44
3
10
0
16
23
37
29
-31
34
74
-30
14
57
-17
-26
39
12
-42
18
50
-23
-6
9
-22
32
-2
39
46
-45
44
37
-38
13
25
43
-26
-19
71
-52
-3
40
-36
53
23
-31
47
-3
-13
-3
-1
21
-18
16
23
-62
11
66
-73
19
62
-27
1
-9
33
1
-5
37
-12
-20
34
21
6
-19
41
78
-14
-45
32
44
-41
0
38
-34
-31
40
-31
-73
-10
55
-63
-63
60
-23
-67
-17
-7
4
-41
-30
-5
-6
11
-28
2
0
-49
8
-34
-54
30
25
8
-32
18
31
-60
-1
24
25
16
6
34
-17
-14
-7
1
0
-6
98
4
-88
70
32
-38
21
36
18
4
95
-50
-76
130
-11
-39
74
0
20
18
-19
-45
1
74
-94
-23
88
-61
-44
29
-21
12
49
-33
-26
-2
15
-9
-74
24
12
-68
16
-44
-38
16
-69
27
12
-33
-8
-9
45
-24
-44
5
-31
56
-24
-32
60
-63
9
33
-55
-29
-6
60
-21
-58
63
-94
-1
110
-92
-28
51
47
-1
-69
60
29
-15
50
-16
-31
59
35
-49
-16
77
34
-43
13
30
1
33
34
0
-18
34
25
-7
15
-24
-3
65
9
-43
7
7
60
34
-63
41
66
7
46
12
-9
-19
52
43
-67
79
53
-75
78
-5
-83
45
-43
10
28
-70
38
-23
-44
-52
-65
111
-57
-88
123
-100
-66
57
-21
-11
-61
118
33
-115
99
-60
-104
68
-29
-64
-23
70
-63
-59
102
-166
-18
158
-106
-29
72
17
-84
-51
118
-102
-34
173
-124
-62
79
2
-6
-74
45
59
-73
26
-5
-92
36
47
-36
-10
3
24
3
-38
55
-13
-42
4
-24
33
-59
-15
90
-58
23
81
-90
-35
28
63
-8
-36
58
24
80
19
-127
-11
41
47
-7
-28
88
19
39
-39
-101
17
64
133
-46
-2
158
-87
-60
16
-31
0
-6
115
-60
-117
216
-9
-166
42
58
39
-89
23
119
-76
64
63
-144
19
121
29
-41
37
149
-63
-98
85
-59
28
103
-65
26
20
-26
-85
-80
70
0
66
62
-191
28
47
-189
-24
56
22
4
41
21
-195
32
136
-191
42
92
-95
33
-24
-53
-102
-4
149
-148
-54
73
-74
73
-86
-72
46
-46
99
-65
-97
119
25
-3
-71
9
118
-99
44
86
-20
15
-36
36
-60
-67
83
-55
30
119
-58
-79
-23
59
-55
-53
99
-6
22
-6
-144
36
69
-19
35
23
28
44
10
-53
-17
97
13
-4
23
-74
17
56
-61
31
36
-16
48
77
-62
-114
112
105
-53
24
11
-82
71
59
-99
-22
126
71
-60
-26
-1
-9
76
-22
-71
87
3
-42
25
-5
-17
-3
82
-54
-111
101
-21
-83
14
-68
-19
6
10
-19
-97
61
54
-57
-54
6
58
-51
46
91
-58
-69
-25
53
-82
-82
164
-65
-3
178
-110
-174
-2
104
-64
-164
124
34
-83
153
-142
-129
168
24
-15
-27
40
136
-18
-39
-112
-1
169
-71
26
93
-55
112
8
-57
37
30
12
-38
62
-63
-75
162
-93
-31
148
-100
-31
79
47
-107
-19
202
-117
-126
120
-38
-13
-12
10
76
-81
33
92
-162
5
143
-111
-59
55
15
-84
-52
122
-115
-96
68
-132
102
-24
-119
222
-75
-104
10
-71
40
-10
148
4
-155
213
-17
-240
75
188
52
-54
92
4
-206
111
125
-201
8
303
-17
-152
119
27
-173
215
165
-268
40
182
-114
-94
94
43
-111
135
100
-234
127
126
-188
18
93
-94
-170
41
43
-155
55
-9
-141
85
25
-19
-109
19
140
-140
-38
67
-48
-74
-19
37
-154
-36
252
-74
-136
124
-77
-166
115
-12
-168
158
186
-105
-130
107
-98
-80
232
-112
-93
388
55
-311
7
127
-110
39
314
-81
-112
238
88
-302
-54
340
-2
-39
222
-84
-206
125
202
-182
-137
363
65
-238
125
-21
-213
142
183
-105
-16
136
-17
-204
0
-12
-128
169
248
-29
-205
-18
-52
-223
22
45
-91
64
13
-189
-278
2
111
-159
101
197
-190
-47
21
-161
-83
68
174
31
54
129
-130
-64
54
-91
-32
153
158
-37
-39
15
-175
-42
96
29
15
166
123
-263
6
157
-221
102
346
-60
-72
182
49
-258
-10
210
-89
-18
222
-77
-166
83
6
-148
-38
136
8
-190
25
157
-148
-53
117
-31
46
52
-155
-32
142
82
-77
-15
151
-124
-92
158
-64
47
191
-42
-45
3
1
-119
-63
168
-28
-167
25
46
-31
11
28
-122
-22
155
-96
-87
163
29
-13
57
-35
-133
-3
151
-111
-49
131
-150
-29
49
-152
-64
24
12
-125
3
114
-142
-61
-21
-74
99
74
-6
6
53
16
-38
-36
-22
87
109
24
22
13
-64
24
117
-17
46
172
-26
-29
68
-84
-141
75
164
-70
23
156
-158
-183
10
-70
-56
177
93
-135
8
31
-137
-65
81
119
58
34
-25
-90
21
-52
-51
117
18
1
29
-108
-94
7
20
-67
-24
146
3
-84
89
-8
-110
90
141
2
-16
3
-28
-5
60
24
-34
101
109
-16
-75
-83
23
27
-24
18
-9
-53
9
-10
-174
-80
85
-50
-108
88
101
-109
-15
76
-112
7
137
37
39
32
78
-27
-133
29
20
15
70
84
61
-175
-84
59
-189
-79
120
-22
-86
2
-49
-290
-150
150
-39
-94
147
67
-68
7
-16
-112
18
217
120
28
173
84
-87
-7
-19
-14
166
189
113
85
72
-33
-115
34
57
6
148
121
2
-15
-59
-78
-47
45
84
16
38
41
-96
-153
-87
-5
18
-2
37
-7
-111
-87
-85
-127
-74
21
1
-83
-132
-118
-111
-115
-80
-57
-18
-44
-105
-98
-110
-74
-4
32
17
-7
58
-17
-59
89
57
63
142
95
48
26
108
98
40
139
81
-13
57
14
-6
39
56
86
-6
-7
34
-63
-6
41
55
103
22
59
45
-32
72
79
90
143
146
130
32
54
47
-41
35
65
30
30
9
1
-61
-83
-17
-43
-13
75
41
24
-7
-31
-39
-86
-40
-31
-85
-99
-116
-169
-232
-226
-197
-191
-157
-104
-117
-172
-183
-181
-182
-142
-65
0
-13
-44
-79
-159
-163
-45
64
92
76
78
-10
-139
-94
10
55
157
220
129
23
5
-1
-17
114
274
247
201
166
46
-8
22
105
217
264
294
248
173
160
112
169
277
333
392
332
238
168
80
99
98
138
212
125
60
-35
-147
-162
-163
-84
-60
-65
-31
-128
-209
-236
-242
-152
-92
-88
-131
-221
-284
-396
-453
-392
-364
-312
-312
-416
-538
-683
-739
-756
-685
-519
-463
-479
-557
-593
-594
-533
-263
15
267
460
511
468
403
466
533
640
856
930
917
796
549
358
238
274
357
429
473
307
117
-47
-170
-55
210
483
615
640
609
458
395
531
729
907
1032
1002
758
463
257
108
44
87
110
-26
-277
-511
-749
-945
-957
-885
-825
-811
-867
-964
-1133
-1198
-1118
-1049
-959
-863
-828
-880
-968
-953
-936
-940
-796
-698
-728
-645
-376
-126
82
385
607
635
669
722
605
640
1004
1169
1144
1084
760
294
39
113
182
253
534
469
91
-155
-377
-415
-91
438
820
983
1119
1035
816
832
1030
1305
1591
1724
1584
1180
692
249
-106
-260
-255
-242
-386
-712
-1076
-1403
-1594
-1495
-1222
-954
-729
-646
-721
-849
-916
-836
-620
-365
-165
-115
-246
-487
-719
-812
-772
-638
-553
-669
-854
-1128
-1406
-1331
-906
-336
168
526
678
481
330
348
392
895
1601
1847
1669
1275
733
65
-117
289
578
861
1051
631
-66
-537
-696
-612
-57
770
1067
996
908
554
278
525
1041
1503
1822
1915
1536
856
408
79
-122
26
167
64
-284
-780
-1261
-1644
-1609
-1280
-1026
-761
-707
-901
-1129
-1300
-1191
-970
-635
-271
-183
-207
-399
-673
-787
-775
-582
-443
-472
-612
-926
-1193
-1409
-1481
-1172
-645
-76
365
546
519
425
500
650
834
1322
1819
1857
1543
1059
453
72
196
474
585
688
616
13
-586
-738
-730
-438
225
728
780
710
729
629
695
1242
1733
1990
2137
1912
1404
898
608
405
173
175
30
-459
-892
-1330
-1661
-1719
-1519
-1177
-1083
-1022
-960
-1122
-1122
-1006
-799
-501
-313
-102
-97
-244
-342
-523
-546
-517
-527
-526
-768
-1037
-1218
-1421
-1565
-1482
-975
-467
-174
225
473
561
818
1014
1038
1255
1767
1925
1584
1344
985
433
281
349
238
159
225
-21
-553
-724
-666
-588
-172
331
497
560
735
828
931
1320
1769
1952
2036
2003
1672
1293
1006
683
379
163
-107
-559
-1078
-1502
-1833
-1892
-1669
-1515
-1391
-1267
-1245
-1228
-1138
-894
-626
-366
-100
-111
-238
-288
-319
-261
-186
-152
-270
-553
-782
-959
-1130
-1184
-1184
-1315
-1572
-1598
-1209
-748
-192
471
891
1135
1285
1188
1047
1453
2241
2395
2085
1784
1090
356
169
226
192
347
528
41
-592
-708
-789
-712
-68
567
727
841
1043
924
884
1352
1802
2032
2253
2225
1819
1352
955
447
23
-118
-332
-723
-1173
-1673
-2085
-2248
-2119
-1864
-1605
-1378
-1286
-1271
-1242
-1129
-817
-473
-252
-164
-266
-406
-439
-387
-307
-269
-284
-423
-756
-1080
-1321
-1354
-1171
-1166
-1342
-1452
-1338
-948
-493
34
707
1356
1737
1551
1274
1479
1878
2161
2146
1830
1398
921
524
163
3
193
226
-16
-218
-377
-509
-373
52
376
531
808
1059
1169
1405
1709
1912
2004
1983
1830
1623
1462
1166
664
138
-321
-693
-1074
-1473
-1734
-1897
-2008
-2001
-1876
-1771
-1671
-1367
-1044
-909
-770
-594
-424
-264
-158
-125
-197
-214
-153
-188
-202
-253
-491
-817
-1173
-1410
-1524
-1468
-1257
-1423
-1763
-1787
-1608
-1107
-341
437
1132
1779
2084
1549
1077
1577
2142
2328
2474
2153
1307
678
323
-203
-331
230
306
-164
-267
-415
-806
-612
89
473
746
1291
1537
1467
1647
1911
2037
2217
2348
2161
1817
1487
979
297
-276
-683
-1006
-1354
-1724
-1993
-2235
-2372
-2262
-2024
-1794
-1519
-1131
-867
-803
-661
-456
-278
-28
111
-20
-194
-244
-262
-282
-235
-311
-595
-883
-1253
-1675
-1764
-1540
-1420
-1524
-1577
-1484
-1313
-872
-235
463
1395
2172
2179
1685
1473
1777
2027
2114
2156
1736
1125
618
19
-462
-486
-164
-75
-200
-180
-400
-638
-316
192
559
994
1521
1743
1707
1854
2009
1999
2047
2019
1792
1542
1219
683
-7
-609
-1047
-1434
-1732
-1949
-2117
-2184
-2123
-1942
-1786
-1640
-1334
-939
-624
-462
-324
-121
9
38
62
74
10
-67
-124
-194
-269
-407
-699
-1068
-1364
-1600
-1756
-1688
-1550
-1628
-1781
-1677
-1283
-708
-65
531
1208
1848
2104
1908
1746
2108
2495
2481
2230
1706
1068
611
288
-2
-116
-18
-178
-592
-728
-730
-689
-228
402
721
901
1156
1322
1437
1783
2162
2309
2322
2099
1644
1226
900
539
82
-407
-876
-1376
-1828
-2141
-2275
-2189
-2020
-1805
-1645
-1592
-1406
-1113
-825
-542
-275
-10
105
100
69
-98
-266
-286
-208
-153
-205
-356
-748
-1218
-1409
-1548
-1642
-1486
-1303
-1304
-1516
-1624
-1534
-1124
-185
662
1188
1714
2088
2011
1678
1756
2266
2554
2489
2083
1243
515
257
50
-181
-62
139
-197
-658
-682
-650
-470
214
895
1103
1156
1291
1327
1445
1821
2116
2105
1984
1702
1180
691
379
49
-480
-931
-1180
-1520
-1902
-2114
-2197
-2208
-2071
-1763
-1527
-1347
-1002
-711
-544
-346
-162
-17
91
233
247
-5
-194
-277
-316
-304
-348
-483
-845
-1131
-1227
-1477
-1554
-1387
-1270
-1266
-1474
-1515
-1242
-590
338
888
1411
1935
2008
1930
1829
2106
2594
2571
2171
1540
933
446
118
140
75
-17
-96
-549
-861
-729
-486
-135
467
1004
942
813
1059
1162
1298
1669
1848
1694
1402
1078
622
231
58
-308
-748
-961
-1248
-1638
-1899
-1961
-1968
-1918
-1625
-1336
-1142
-871
-644
-465
-296
-162
-42
117
238
162
6
-178
-351
-373
-259
-192
-245
-352
-676
-1050
-1114
-1153
-1151
-954
-910
-1160
-1447
-1276
-866
-325
596
1135
1332
1736
1909
1695
1592
2092
2380
2022
1846
1360
517
244
228
-43
-206
34
-111
-685
-643
-407
-454
-46
580
718
662
843
937
846
1051
1256
1150
1124
1062
740
390
144
-120
-522
-840
-1013
-1150
-1247
-1476
-1665
-1678
-1669
-1461
-1067
-719
-491
-351
-289
-376
-322
-93
43
204
298
205
-1
-174
-149
-53
94
185
4
-346
-685
-862
-1030
-1190
-1066
-938
-1125
-1378
-1336
-1026
-407
363
809
1075
1586
1878
1599
1570
2022
2206
2035
1812
1305
630
347
184
-182
-186
-30
-402
-841
-812
-755
-796
-398
119
236
310
446
418
482
704
861
1007
1181
1159
863
601
391
110
-139
-355
-492
-572
-828
-1145
-1247
-1297
-1315
-1094
-739
-496
-354
-227
-258
-339
-285
-185
16
242
329
260
55
-87
-123
-65
90
219
129
-338
-747
-927
-1200
-1359
-1240
-1099
-1189
-1429
-1593
-1455
-782
-121
262
811
1437
1725
1540
1402
1621
1993
2170
1842
1431
1118
639
170
-113
-172
-173
-290
-528
-779
-832
-827
-804
-462
-58
75
143
275
428
538
672
901
1082
1191
1136
1035
1047
888
579
287
63
-12
-163
-426
-605
-700
-801
-981
-905
-653
-626
-565
-496
-542
-554
-482
-327
-184
64
203
27
-11
28
-56
9
148
114
-208
-527
-741
-1103
-1328
-1380
-1378
-1230
-1348
-1657
-1629
-1277
-803
-446
45
806
1344
1451
1189
1177
1656
1755
1514
1435
1312
1039
638
257
-47
-119
-92
-488
-737
-479
-499
-709
-550
-233
-191
-201
72
297
493
804
945
1028
1232
1256
1122
1207
1435
1328
919
739
685
414
103
-64
-162
-323
-532
-671
-734
-716
-756
-913
-890
-765
-792
-796
-543
-228
-138
-156
-101
-62
-30
27
103
226
205
-159
-535
-688
-943
-1272
-1404
-1373
-1459
-1745
-1943
-1949
-1629
-1160
-905
-420
352
755
725
739
1092
1401
1437
1434
1362
1279
1138
764
493
477
438
130
-269
-369
-413
-582
-591
-416
-258
-230
-206
-83
91
341
573
781
1143
1458
1538
1599
1776
1834
1626
1472
1479
1392
1139
754
329
-24
-380
-731
-907
-871
-846
-972
-1070
-1108
-1149
-1130
-977
-642
-272
-116
-79
-11
52
26
7
132
226
136
-82
-427
-791
-1142
-1556
-1831
-1888
-1937
-2211
-2490
-2364
-2006
-1650
-1207
-683
-81
491
797
865
1078
1568
1841
1786
1778
1748
1534
1306
1062
755
586
492
186
-173
-309
-448
-644
-597
-425
-377
-317
-183
-88
74
392
726
1092
1553
1902
2089
2246
2341
2252
2084
1941
1745
1447
1001
475
25
-371
-785
-1143
-1345
-1434
-1512
-1586
-1635
-1618
-1498
-1338
-1112
-803
-528
-311
-127
-25
-21
-51
-40
-5
-3
-134
-425
-726
-1013
-1405
-1749
-1906
-2001
-2118
-2232
-2251
-2102
-1792
-1417
-1055
-568
12
425
660
861
1138
1454
1632
1673
1639
1578
1457
1216
984
886
895
833
563
280
139
28
-52
-10
105
173
171
182
258
470
782
1080
1410
1802
2055
2061
2004
1989
1890
1676
1473
1284
1001
650
265
-152
-516
-796
-1057
-1278
-1385
-1422
-1481
-1453
-1287
-1162
-1090
-915
-683
-530
-416
-282
-206
-203
-230
-367
-543
-646
-806
-1051
-1203
-1275
-1459
-1681
-1813
-1947
-2048
-2020
-1922
-1725
-1356
-980
-726
-435
-55
257
514
787
1014
1206
1378
1418
1295
1144
1047
952
867
846
830
789
702
580
500
492
499
479
489
591
727
844
991
1200
1441
1613
1668
1661
1653
1653
1625
1542
1365
1082
757
445
154
-123
-381
-561
-665
-809
-1007
-1134
-1143
-1103
-1023
-887
-741
-575
-436
-439
-485
-430
-380
-462
-588
-729
-927
-1131
-1329
-1545
-1694
-1736
-1785
-1831
-1801
-1771
-1741
-1598
-1439
-1303
-1097
-854
-576
-247
45
281
543
807
952
1027
1063
998
904
823
698
631
676
666
584
555
541
536
680
881
990
1100
1235
1299
1342
1435
1518
1595
1717
1779
1718
1659
1582
1381
1154
976
760
486
208
-75
-341
-537
-712
-864
-907
-888
-923
-947
-846
-693
-567
-446
-325
-227
-114
-52
-91
-121
-127
-262
-532
-794
-1042
-1338
-1622
-1850
-2040
-2137
-2143
-2136
-2084
-1952
-1811
-1624
-1365
-1090
-806
-493
-178
118
391
597
728
843
945
978
954
892
788
670
541
374
220
156
154
155
206
335
512
728
918
1031
1164
1394
1621
1751
1865
1990
2027
1979
1880
1698
1491
1305
1068
765
497
249
-57
-348
-560
-757
-907
-937
-910
-871
-776
-655
-562
-433
-292
-242
-199
-74
27
83
138
129
14
-150
-337
-627
-952
-1183
-1409
-1624
-1749
-1871
-1962
-1955
-1881
-1781
-1652
-1411
-1101
-837
-586
-361
-154
82
262
380
512
646
712
657
557
481
383
283
181
68
24
25
10
15
58
112
209
402
622
812
1002
1187
1337
1451
1504
1527
1598
1702
1717
1633
1513
1334
1056
718
364
48
-179
-349
-491
-571
-598
-646
-701
-703
-656
-572
-437
-269
-111
27
124
181
241
284
246
175
107
20
-107
-272
-462
-685
-932
-1178
-1400
-1535
-1567
-1552
-1485
-1354
-1203
-1089
-970
-776
-581
-372
-115
92
264
436
520
514
533
550
490
427
370
202
6
-109
-219
-311
-309
-285
-255
-139
-16
69
218
408
550
689
874
1052
1189
1308
1380
1394
1369
1258
1084
965
892
745
528
324
111
-141
-370
-549
-656
-659
-624
-588
-491
-345
-239
-169
-77
18
104
199
294
369
408
357
238
124
-20
-216
-386
-527
-679
-823
-931
-1006
-1033
-1019
-1024
-1003
-878
-721
-573
-399
-260
-156
-38
48
70
136
262
309
285
273
193
102
100
65
-38
-92
-110
-170
-214
-229
-286
-337
-289
-181
-22
191
363
499
642
714
668
595
620
725
776
739
695
630
506
335
137
-3
-1
38
-29
-77
-45
-105
-253
-326
-324
-283
-186
-102
-51
63
158
86
-13
-23
-58
-117
-96
-41
-17
-21
-85
-191
-249
-294
-368
-358
-260
-202
-168
-92
-44
-48
-42
-16
44
135
146
82
57
44
-30
-63
5
73
96
94
55
45
63
1
-42
58
121
29
-92
-199
-322
-385
-401
-422
-310
-88
-2
1
56
70
37
54
64
67
197
345
356
353
376
293
155
66
30
116
296
363
297
231
126
-68
-229
-286
-244
-124
-39
-16
16
-10
-170
-306
-289
-188
-41
116
194
221
200
42
-134
-139
-80
-58
36
157
175
141
77
-56
-124
-95
-90
-46
91
149
92
70
49
-23
-4
121
235
325
353
288
244
220
99
-44
-78
-101
-227
-372
-492
-594
-672
-782
-831
-642
-347
-191
-107
24
93
34
-50
-65
115
427
574
503
453
375
122
-103
-122
-32
87
151
66
-50
-141
-345
-573
-561
-393
-289
-189
-32
104
151
97
-12
-35
58
156
251
382
445
342
149
-7
-87
-131
-149
-92
6
38
7
-14
-25
-47
-33
50
183
321
392
397
432
486
450
396
442
494
455
402
372
317
231
107
-76
-234
-347
-499
-626
-634
-653
-724
-657
-445
-255
-96
55
147
208
213
124
150
387
529
440
338
251
42
-191
-338
-371
-249
-122
-197
-308
-329
-469
-699
-703
-496
-298
-126
29
148
269
295
163
110
238
329
347
431
478
332
50
-258
-494
-594
-615
-601
-488
-372
-416
-524
-524
-450
-352
-186
67
349
569
658
670
698
714
652
611
687
757
712
625
539
385
166
-71
-285
-451
-557
-628
-664
-692
-787
-830
-597
-203
102
361
662
887
884
692
556
689
903
835
546
302
49
-321
-652
-816
-789
-705
-766
-894
-887
-878
-980
-924
-619
-316
-83
166
416
646
753
670
636
792
867
775
730
641
327
-87
-456
-718
-806
-840
-912
-904
-857
-938
-987
-811
-557
-306
8
332
571
708
738
768
908
998
929
878
881
776
566
369
199
15
-210
-445
-603
-710
-840
-977
-1027
-997
-867
-549
-82
396
732
953
1220
1409
1282
1076
1125
1273
1166
777
269
-175
-498
-889
-1265
-1256
-1037
-1079
-1235
-1220
-1166
-1127
-942
-620
-180
304
555
634
856
1027
916
865
1014
1078
1003
868
562
137
-311
-814
-1155
-1175
-1184
-1318
-1322
-1250
-1283
-1252
-1046
-773
-391
37
335
574
772
787
777
928
1033
987
933
866
707
522
290
11
-176
-352
-627
-880
-1036
-1135
-1140
-1074
-1012
-849
-423
145
670
1116
1526
1948
2199
2063
1801
1809
1900
1687
1159
545
6
-450
-949
-1411
-1521
-1426
-1550
-1726
-1607
-1383
-1215
-926
-486
-3
469
790
958
1244
1537
1510
1391
1441
1373
1075
781
442
-63
-586
-1052
-1454
-1675
-1798
-1960
-1988
-1831
-1754
-1676
-1354
-920
-511
-64
335
569
692
715
728
877
1004
927
822
756
552
213
-104
-348
-531
-683
-899
-1134
-1231
-1279
-1358
-1369
-1241
-915
-330
360
955
1492
2063
2490
2513
2262
2148
2349
2501
2222
1629
1024
417
-294
-1007
-1393
-1335
-1224
-1408
-1614
-1536
-1410
-1327
-993
-385
222
700
1019
1259
1526
1659
1544
1474
1537
1374
1022
761
418
-197
-861
-1352
-1672
-1878
-2036
-2127
-2021
-1830
-1798
-1746
-1435
-1029
-654
-211
237
512
585
549
561
654
673
571
518
499
339
81
-149
-358
-590
-870
-1164
-1308
-1307
-1339
-1377
-1311
-1120
-743
-212
324
891
1585
2216
2477
2343
2150
2289
2574
2446
1946
1488
1068
520
-71
-550
-724
-688
-908
-1316
-1344
-1138
-1116
-961
-458
27
351
635
860
1106
1387
1475
1453
1554
1486
1025
595
349
-73
-662
-1046
-1214
-1421
-1704
-1948
-2082
-2027
-1868
-1727
-1446
-999
-665
-478
-224
-6
16
28
199
407
521
533
462
350
177
-68
-251
-271
-340
-600
-887
-1082
-1269
-1423
-1504
-1525
-1321
-825
-302
115
612
1132
1627
2064
2092
1847
2089
2580
2480
2025
1639
1128
612
283
-103
-238
44
-87
-696
-847
-724
-861
-728
-173
269
593
874
934
1057
1336
1374
1331
1538
1580
1190
771
426
-85
-688
-1121
-1302
-1362
-1540
-1782
-1879
-1868
-1852
-1743
-1466
-1102
-771
-559
-403
-262
-222
-286
-240
-41
80
43
49
72
-120
-419
-519
-486
-522
-609
-742
-917
-1048
-1157
-1366
-1424
-1051
-563
-160
255
582
818
1282
1798
1861
1757
1989
2212
2013
1591
1105
693
515
317
-16
-11
218
26
-421
-522
-385
-244
47
482
900
1157
1138
1024
1151
1387
1501
1599
1672
1497
1048
495
11
-365
-805
-1207
-1285
-1288
-1571
-1855
-1906
-1923
-1825
-1464
-1062
-702
-377
-330
-430
-323
-248
-339
-186
83
-17
-295
-421
-544
-717
-796
-833
-830
-748
-793
-1061
-1232
-1212
-1247
-1252
-969
-504
-148
157
521
695
742
1082
1558
1736
1812
2023
2056
1781
1344
693
143
115
208
70
175
461
207
-362
-536
-388
-72
543
1151
1484
1663
1541
1132
1038
1366
1606
1763
1961
1775
1112
406
-196
-693
-974
-1093
-1117
-1089
-1290
-1773
-2109
-2116
-1963
-1602
-1035
-565
-337
-326
-505
-677
-703
-631
-401
-48
57
-204
-529
-802
-1083
-1224
-1078
-803
-625
-666
-981
-1335
-1441
-1415
-1308
-829
-71
431
567
583
526
583
993
1368
1529
1905
2315
2113
1480
840
222
-88
92
299
439
755
732
70
-517
-589
-353
234
1072
1691
1952
1889
1453
1039
1084
1384
1737
2108
2169
1683
871
15
-658
-978
-1046
-951
-728
-794
-1371
-1950
-2181
-2167
-1829
-1185
-607
-246
-144
-453
-866
-946
-850
-722
-367
-44
-183
-589
-962
-1331
-1544
-1418
-1112
-791
-570
-700
-1154
-1485
-1521
-1443
-1136
-365
537
989
976
772
542
578
958
1230
1448
2014
2323
1675
687
-6
-516
-560
-17
429
678
947
600
-317
-671
-343
101
888
1909
2344
2191
1855
1312
938
1154
1570
1903
2151
1963
1188
257
-513
-1077
-1330
-1224
-872
-594
-806
-1398
-1808
-1916
-1761
-1224
-536
-17
280
169
-346
-753
-814
-747
-510
-130
-84
-493
-1013
-1465
-1817
-1885
-1607
-1223
-951
-944
-1233
-1539
-1583
-1384
-981
-326
462
1020
1121
973
955
1254
1557
1470
1224
1285
1425
1151
580
96
-217
-404
-574
-669
-356
213
362
64
-86
72
344
749
1335
1909
2277
2264
1959
1775
1771
1733
1753
1815
1603
1108
549
-38
-639
-1142
-1483
-1522
-1286
-1246
-1511
-1607
-1486
-1405
-1175
-684
-234
88
315
281
98
-11
-124
-213
-121
-60
-296
-681
-1019
-1382
-1704
-1773
-1639
-1508
-1481
-1574
-1720
-1733
-1594
-1337
-803
13
712
1021
1074
1093
1224
1466
1518
1370
1438
1651
1491
908
230
-389
-752
-789
-706
-457
5
151
-224
-537
-491
-231
311
1064
1706
2123
2233
1972
1701
1712
1787
1888
2117
2133
1703
1057
334
-385
-918
-1226
-1288
-1115
-1043
-1327
-1667
-1759
-1723
-1543
-1054
-427
79
350
354
231
87
-26
10
224
437
407
45
-508
-1052
-1502
-1753
-1659
-1376
-1332
-1606
-1935
-2168
-2214
-1941
-1321
-432
437
929
984
941
1071
1161
1195
1372
1621
1844
1755
1153
302
-467
-903
-998
-812
-355
24
58
-301
-814
-927
-565
99
1015
1805
2189
2210
1936
1650
1591
1752
2035
2281
2293
1868
1123
347
-382
-894
-1037
-980
-874
-904
-1247
-1640
-1784
-1707
-1414
-865
-237
167
264
178
18
-82
-3
177
393
576
502
94
-440
-958
-1374
-1513
-1332
-1106
-1135
-1421
-1873
-2297
-2300
-1904
-1289
-365
496
820
788
733
699
742
955
1216
1481
1749
1541
727
-48
-553
-892
-833
-384
73
329
221
-323
-828
-800
-381
298
1202
1834
1950
1809
1512
1225
1304
1693
2042
2273
2220
1655
903
275
-344
-745
-693
-505
-521
-772
-1219
-1667
-1795
-1568
-1180
-674
-168
31
-94
-298
-446
-451
-249
63
321
382
184
-207
-635
-933
-1038
-930
-704
-616
-836
-1301
-1800
-2042
-1880
-1389
-672
79
516
506
360
384
520
669
887
1168
1410
1355
811
46
-454
-641
-653
-393
67
399
413
73
-420
-605
-343
159
813
1457
1742
1591
1319
1126
1074
1314
1729
2002
2017
1688
1040
374
-115
-431
-543
-420
-282
-485
-973
-1421
-1668
-1596
-1235
-789
-354
-65
-118
-416
-671
-700
-531
-261
47
214
139
-128
-539
-833
-834
-726
-523
-258
-280
-655
-1102
-1461
-1648
-1424
-767
-112
383
677
496
241
382
538
559
852
1374
1579
1192
402
-406
-727
-552
-312
-14
420
635
341
-296
-742
-621
-73
565
1117
1466
1430
1103
806
713
946
1404
1729
1844
1742
1237
493
-86
-405
-562
-478
-233
-241
-597
-1059
-1475
-1595
-1298
-912
-561
-168
5
-214
-559
-752
-731
-511
-170
47
4
-208
-553
-893
-965
-769
-482
-252
-188
-304
-568
-892
-1073
-950
-536
-1
418
584
513
400
428
492
495
563
757
973
962
561
-33
-454
-584
-523
-308
55
399
463
194
-158
-293
-161
115
503
936
1191
1131
881
641
538
666
942
1195
1342
1240
821
318
-66
-358
-533
-425
-201
-228
-461
-737
-1027
-1113
-942
-742
-474
-149
-70
-264
-473
-587
-623
-506
-260
-90
-73
-228
-554
-811
-842
-713
-477
-255
-159
-188
-375
-636
-681
-426
-40
380
779
899
701
569
560
500
509
636
760
838
711
218
-352
-598
-620
-567
-284
131
367
365
148
-191
-346
-165
198
638
1073
1224
1011
682
380
223
344
629
882
974
776
332
-132
-488
-730
-731
-474
-281
-299
-445
-727
-982
-1021
-945
-763
-421
-148
-166
-362
-558
-668
-603
-383
-183
-75
-71
-224
-424
-515
-479
-340
-172
-94
-79
-91
-245
-353
-198
67
378
715
864
754
682
741
652
570
715
874
1002
997
580
-8
-286
-339
-377
-192
191
417
397
158
-248
-464
-305
18
405
845
1044
827
470
176
17
165
509
736
781
585
87
-442
-729
-851
-838
-587
-395
-543
-772
-976
-1184
-1158
-931
-753
-551
-319
-331
-540
-674
-741
-708
-442
-155
-29
25
-84
-344
-476
-416
-260
-1
179
120
40
-34
-212
-164
202
497
719
949
884
697
784
808
607
664
917
959
937
833
379
-27
-77
-141
-150
224
581
561
380
114
-174
-146
183
501
811
1070
1018
716
432
225
194
398
583
609
518
172
-360
-755
-981
-1087
-973
-786
-839
-1031
-1180
-1388
-1495
-1312
-1102
-953
-687
-520
-633
-750
-765
-789
-660
-370
-231
-235
-216
-303
-483
-471
-295
-141
38
196
183
105
63
66
214
527
796
899
882
797
780
857
840
711
708
830
843
716
511
257
103
77
37
72
312
549
555
442
312
160
150
362
629
877
1051
986
728
511
382
340
458
602
578
436
207
-161
-530
-764
-907
-915
-828
-893
-1105
-1245
-1355
-1491
-1492
-1382
-1292
-1145
-964
-934
-990
-971
-920
-863
-713
-560
-517
-467
-366
-308
-270
-150
-3
68
120
219
300
363
478
636
794
925
958
871
809
893
1003
1020
996
1017
1014
889
723
558
381
263
230
219
248
379
455
359
251
227
216
287
486
668
775
813
724
537
398
356
373
439
482
400
207
-27
-284
-528
-732
-852
-873
-924
-1074
-1230
-1354
-1484
-1564
-1546
-1497
-1413
-1269
-1184
-1186
-1146
-1060
-1000
-919
-804
-713
-603
-448
-356
-317
-204
-47
61
139
224
325
439
582
744
892
1000
1043
1005
953
980
1088
1168
1173
1187
1190
1070
871
694
558
472
427
349
263
267
302
254
167
126
126
165
280
437
561
621
605
514
405
334
324
361
391
365
261
89
-106
-304
-516
-699
-795
-844
-942
-1062
-1164
-1293
-1424
-1491
-1499
-1454
-1333
-1215
-1175
-1168
-1135
-1074
-990
-900
-835
-750
-620
-486
-379
-277
-146
12
151
245
351
498
629
730
857
977
1046
1091
1092
1039
1018
1047
1046
1035
1063
1063
985
877
754
624
553
513
439
373
357
345
317
285
244
211
209
234
275
329
362
343
288
221
157
107
75
52
11
-65
-164
-275
-425
-600
-737
-836
-917
-971
-1027
-1094
-1139
-1175
-1226
-1230
-1167
-1112
-1076
-1009
-937
-875
-795
-740
-727
-689
-593
-487
-361
-205
-70
46
171
268
332
420
534
622
689
749
790
817
830
794
737
697
669
667
701
730
700
629
560
497
444
426
436
466
484
478
461
449
448
453
468
497
507
478
414
336
265
197
126
72
25
-34
-99
-169
-244
-319
-376
-428
-493
-558
-628
-708
-760
-781
-807
-827
-817
-795
-764
-713
-681
-689
-683
-638
-584
-536
-511
-523
-545
-530
-488
-432
-361
-283
-199
-107
-21
52
125
204
291
373
433
476
507
524
527
523
510
498
505
526
532
506
445
378
336
326
330
337
346
351
359
375
406
455
518
581
634
678
687
649
573
480
394
334
295
248
181
87
-35
-168
-278
-356
-416
-455
-494
-565
-646
-712
-765
-793
-789
-766
-727
-655
-581
-539
-518
-495
-477
-455
-431
-432
-442
-447
-455
-457
-440
-423
-414
-393
-353
-294
-212
-115
-27
48
114
169
215
257
284
302
323
354
379
401
426
438
422
398
383
375
377
382
384
378
373
377
394
435
485
525
569
629
692
747
779
780
741
674
603
522
441
357
254
129
-10
-146
-270
-368
-439
-496
-547
-586
-615
-632
-639
-636
-624
-605
-567
-522
-489
-457
-426
-414
-413
-424
-446
-464
-464
-459
-449
-432
-421
-424
-427
-408
-369
-307
-221
-134
-50
23
83
141
190
217
233
252
269
278
279
273
259
243
228
214
209
212
212
213
211
204
204
223
246
270
303
345
395
453
520
570
614
651
667
658
631
590
533
458
371
264
141
12
-119
-243
-347
-423
-472
-505
-528
-548
-552
-535
-501
-456
-403
-351
-305
-269
-242
-227
-224
-223
-219
-218
-224
-234
-248
-262
-271
-269
-255
-231
-197
-156
-110
-68
-28
19
76
132
164
172
169
146
110
71
39
18
9
9
9
0
-9
-13
-7
7
24
41
57
66
79
96
123
162
207
254
301
355
410
459
507
547
564
545
495
415
321
230
140
37
-69
-169
-255
-317
-359
-383
-393
-382
-345
-294
-228
-158
-96
-51
-15
3
9
24
52
78
93
91
58
-2
-60
-104
-126
-129
-124
-126
-132
-138
-153
-157
-137
-100
-62
-26
-2
-1
-23
-63
-113
-157
-194
-223
-247
-266
-282
-287
-281
-267
-250
-227
-193
-154
-118
-90
-69
-46
-11
28
70
111
152
197
249
308
366
421
464
487
490
466
424
372
314
252
193
142
91
43
-2
-33
-44
-35
-10
29
81
140
195
230
243
245
248
262
274
275
265
241
201
155
108
66
31
5
-10
-16
-32
-58
-84
-103
-117
-128
-140
-158
-182
-212
-253
-301
-346
-391
-440
-491
-541
-584
-614
-626
-621
-607
-586
-561
-531
-496
-458
-412
-364
-312
-263
-214
-164
-115
-69
-28
16
68
123
177
227
269
297
317
332
330
310
289
272
259
252
248
242
235
237
245
265
300
338
374
407
434
453
473
494
504
505
502
499
495
490
487
478
464
446
424
394
360
319
272
227
176
115
49
-18
-89
-164
-239
-309
-370
-424
-478
-537
-606
-674
-739
-795
-839
-870
-886
-890
-882
-865
-837
-798
-753
-705
-651
-591
-530
-467
-410
-357
-306
-250
-189
-131
-72
-14
42
98
151
197
236
271
300
324
341
354
364
384
415
450
492
537
577
610
640
664
686
706
725
742
751
749
730
708
694
683
682
683
680
671
655
624
579
524
462
391
310
223
122
11
-108
-227
-336
-433
-522
-605
-681
-748
-806
-859
-912
-962
-1007
-1044
-1070
-1087
-1096
-1093
-1075
-1041
-996
-945
-887
-826
-764
-698
-629
-560
-492
-425
-354
-285
-216
-147
-86
-29
27
87
145
204
260
313
366
415
456
496
544
599
663
734
798
848
886
918
942
962
979
985
982
974
962
944
928
913
894
880
867
847
824
794
758
708
643
560
462
348
223
86
-51
-185
-316
-447
-572
-691
-801
-896
-974
-1035
-1083
-1123
-1157
-1189
-1214
-1233
-1250
-1258
-1260
-1254
-1239
-1212
-1181
-1141
-1096
-1047
-990
-928
-859
-783
-698
-604
-508
-414
-319
-221
-121
-23
72
164
256
349
444
532
620
706
790
869
939
1000
1050
1097
1144
1185
1222
1244
1250
1242
1228
1209
1192
1177
1163
1150
1135
1113
1080
1038
993
944
888
824
749
663
562
445
313
175
33
-106
-243
-377
-511
-637
-755
-864
-959
-1042
-1116
-1178
-1231
-1276
-1314
-1344
-1370
-1393
-1415
-1431
-1438
-1439
-1434
-1417
-1390
-1352
-1296
-1228
-1150
-1062
-972
-875
-771
-656
-538
-416
-294
-174
-59
54
169
279
389
502
613
721
824
920
1001
1072
1131
1181
1224
1262
1296
1328
1356
1373
1380
1379
1373
1359
1344
1322
1290
1251
1206
1156
1097
1029
952
868
776
675
567
456
343
227
107
-14
-141
-274
-406
-531
-649
-763
-865
-964
-1058
-1145
-1228
-1301
-1364
-1415
-1457
-1487
-1509
-1524
-1532
-1530
-1521
-1504
-1474
-1435
-1391
-1336
-1272
-1196
-1110
-1013
-904
-792
-678
-562
-444
-321
-193
-63
65
195
326
455
585
713
832
943
1043
1133
1215
1286
1352
1408
1449
1478
1495
1506
1515
1532
1552
1569
1572
1556
1526
1481
1426
1360
1290
1215
1126
1030
923
805
679
549
416
281
145
9
-121
-250
-380
-513
-644
-779
-908
-1029
-1137
-1229
-1306
-1374
-1435
-1488
-1536
-1577
-1608
-1630
-1640
-1641
-1631
-1614
-1589
-1556
-1517
-1469
-1414
-1351
-1280
-1197
-1105
-1003
-891
-776
-651
-523
-387
-251
-111
30
168
306
440
571
696
816
927
1027
1120
1206
1283
1351
1411
1461
1506
1545
1577
1601
1618
1628
1632
1633
1632
1617
1585
1533
1463
1372
1264
1145
1023
899
772
642
511
376
241
111
-13
-132
-246
-357
-463
-567
-671
-774
-873
-964
-1050
-1125
-1189
-1250
-1310
-1366
-1419
-1471
-1522
-1567
-1599
-1616
-1618
-1608
-1585
-1552
-1510
-1458
-1393
-1324
-1249
-1162
-1067
-960
-849
-728
-598
-459
-309
-151
3
156
302
436
560
674
781
884
981
1072
1153
1225
1288
1343
1398
1450
1499
1539
1574
1602
1617
1622
1612
1585
1548
1498
1440
1373
1300
1220
1126
1017
895
761
619
482
350
228
114
1
-112
-227
-340
-449
-551
-644
-728
-805
-880
-956
-1034
-1112
-1187
-1253
-1313
-1366
-1416
-1461
-1500
-1532
-1556
-1569
-1565
-1544
-1505
-1449
-1382
-1306
-1226
-1139
-1046
-945
-841
-731
-622
-510
-393
-275
-152
-27
97
217
337
450
555
653
738
813
885
953
1022
1092
1164
1236
1300
1355
1405
1445
1477
1502
1518
1524
1518
1500
1465
1417
1356
1284
1202
1113
1016
912
805
689
565
435
302
169
45
-73
-184
-284
-375
-462
-546
-627
-707
-786
-860
-927
-989
-1047
-1102
-1156
-1209
-1262
-1312
-1354
-1388
-1411
-1422
-1424
-1416
-1398
-1375
-1337
-1284
-1220
-1143
-1059
-968
-873
-779
-686
-591
-495
-395
-294
-196
-97
4
108
216
322
427
533
638
744
845
940
1026
1105
1176
1244
1308
1365
1413
1455
1476
1480
1468
1442
1405
1360
1313
1262
1203
1136
1059
977
883
786
683
580
477
375
273
170
68
-37
-137
-233
-325
-409
-484
-551
-618
-684
-752
-827
-902
-973
-1040
-1098
-1148
-1186
-1216
-1238
-1258
-1270
-1274
-1268
-1251
-1218
-1173
-1123
-1067
-1007
-942
-870
-793
-714
-630
-541
-452
-364
-277
-195
-116
-38
43
123
206
296
389
485
582
679
774
863
946
1018
1076
1123
1155
1175
1184
1184
1175
1163
1144
1121
1088
1047
1002
951
898
839
780
721
660
590
517
439
358
280
202
125
49
-27
-105
-187
-269
-352
-435
-513
-585
-654
-717
-776
-831
-879
-920
-958
-993
-1022
-1045
-1060
-1061
-1052
-1037
-1014
-986
-954
-917
-870
-818
-758
-691
-623
-557
-494
-434
-371
-307
-243
-175
-107
-40
28
97
169
242
321
402
485
567
646
717
780
836
885
924
957
981
997
1004
1001
987
960
923
884
843
803
762
717
669
616
559
503
445
387
333
282
233
179
118
53
-16
-90
-162
-231
-300
-364
-426
-484
-542
-598
-651
-693
-729
-757
-778
-793
-800
-806
-802
-792
-778
-761
-741
-715
-686
-654
-620
-583
-546
-512
-475
-438
-403
-365
-325
-281
-239
-196
-153
-104
-51
8
71
139
208
275
339
402
461
516
567
618
663
700
726
746
757
757
751
741
726
707
683
654
618
572
524
474
429
389
356
330
304
275
243
206
170
136
104
74
42
2
-42
-93
-149
-212
-277
-340
-396
-445
-487
-522
-552
-575
-594
-605
-611
-608
-601
-585
-565
-542
-521
-504
-488
-473
-459
-444
-423
-398
-366
-330
-288
-244
-198
-153
-108
-64
-25
17
60
106
152
199
242
281
317
349
380
411
437
461
484
498
503
499
488
470
452
428
405
379
352
324
295
265
236
206
179
151
119
87
57
29
6
-9
-23
-32
-43
-54
-72
-98
-128
-161
-197
-227
-258
-288
-318
-349
-378
-403
-419
-426
-426
-415
-396
-373
-349
-325
-302
-279
-257
-236
-213
-185
-155
-127
-100
-75
-50
-25
7
41
74
110
145
182
217
251
281
308
330
349
363
375
386
393
401
409
414
416
415
410
400
386
370
352
331
305
271
231
189
144
100
55
10
-33
-77
-118
-158
-197
-228
-256
-280
-301
-321
-340
-359
-377
-395
-407
-414
-420
-424
-430
-438
-448
-452
-455
-449
-434
-412
-385
-352
-315
-279
-242
-209
-174
-138
-103
-67
-33
1
30
54
76
99
125
155
189
227
267
309
351
390
430
467
499
530
556
575
592
603
607
602
589
569
540
504
465
425
385
348
309
268
227
185
139
95
52
12
-26
-62
-100
-142
-186
-235
-289
-344
-398
-443
-482
-514
-541
-565
-587
-602
-613
-619
-621
-623
-621
-616
-606
-593
-574
-553
-529
-503
-475
-444
-410
-371
-325
-274
-221
-168
-117
-67
-18
29
73
117
159
200
241
278
316
354
392
429
468
506
542
579
615
647
678
702
721
733
737
738
732
718
699
672
640
604
563
518
472
423
372
319
267
215
167
120
75
26
-23
-75
-132
-190
-249
-306
-362
-414
-469
-522
-573
-619
-659
-691
-714
-732
-743
-749
-748
-742
-731
-716
-699
-679
-657
-632
-603
-570
-538
-503
-462
-419
-373
-327
-278
-229
-182
-135
-89
-46
-3
39
79
118
158
196
234
271
307
340
372
408
441
476
512
548
578
607
631
654
673
687
703
713
719
718
711
695
673
647
616
584
550
514
476
438
394
349
300
251
201
151
103
54
2
-53
-117
-184
-254
-319
-382
-439
-491
-539
-580
-617
-649
-676
-697
-713
-722
-726
-725
-722
-715
-707
-697
-684
-668
-651
-630
-603
-573
-536
-498
-456
-408
-358
-307
-255
-203
-152
-99
-47
7
60
107
152
194
235
272
308
340
372
404
432
457
482
509
535
562
587
609
625
636
642
644
644
641
635
627
614
599
581
560
538
512
484
452
418
379
338
290
239
184
125
65
4
-57
-116
-173
-228
-281
-335
-384
-430
-476
-516
-554
-588
-614
-635
-649
-663
-671
-675
-677
-676
-669
-659
-649
-632
-615
-594
-570
-545
-516
-482
-442
-401
-357
-311
-260
-212
-160
-108
-61
-14
30
70
110
146
178
208
238
268
299
334
368
400
432
461
487
512
536
561
584
606
623
632
637
638
635
629
621
612
602
587
566
539
506
475
438
403
366
326
286
245
202
155
104
53
0
-50
-96
-142
-186
-227
-269
-310
-351
-390
-425
-456
-482
-506
-527
-545
-566
-585
-604
-621
-635
-644
-648
-649
-642
-631
-622
-610
-594
-573
-544
-514
-481
-446
-413
-379
-346
-316
-283
-248
-210
-169
-129
-88
-48
-6
34
74
114
157
200
244
288
330
367
403
435
466
494
517
541
563
583
596
604
611
614
616
618
617
612
604
598
589
576
562
543
522
500
473
442
411
377
340
300
257
207
154
103
51
0
-48
-94
-138
-184
-230
-278
-325
-369
-412
-449
-482
-510
-538
-563
-584
-605
-622
-634
-640
-642
-637
-632
-623
-614
-604
-596
-588
-574
-560
-539
-516
-486
-453
-419
-382
-344
-305
-262
-217
-168
-116
-61
-5
50
105
158
206
253
295
334
372
409
442
472
498
521
543
559
574
588
600
608
614
616
613
609
602
592
578
562
542
520
494
465
433
399
362
323
283
242
200
156
111
67
19
-28
-74
-118
-164
-209
-255
-299
-339
-377
-411
-443
-470
-498
-520
-539
-557
-571
-581
-587
-592
-593
-590
-586
-575
-562
-545
-526
-504
-480
-454
-426
-395
-361
-325
-287
-246
-207
-164
-123
-80
-40
-2
36
75
114
153
192
228
262
294
324
351
377
404
430
455
477
495
509
521
530
535
537
538
539
537
529
519
506
488
464
438
410
380
350
321
289
254
214
174
133
91
49
8
-34
-75
-112
-152
-190
-228
-266
-300
-332
-361
-385
-405
-423
-440
-451
-462
-470
-476
-479
-480
-476
-470
-460
-449
-436
-423
-409
-393
-372
-349
-324
-297
-271
-244
-217
-188
-158
-127
-94
-61
-28
6
39
70
102
133
161
190
217
240
262
283
304
324
340
358
371
382
392
400
406
409
410
410
405
398
389
379
367
355
340
321
300
279
256
232
207
181
153
124
95
62
28
-7
-40
-72
-105
-137
-168
-199
-226
-254
-279
-302
-322
-337
-349
-358
-366
-370
-373
-376
-375
-375
-372
-365
-356
-344
-333
-320
-306
-290
-272
-252
-229
-205
-181
-156
-130
-104
-79
-55
-29
-3
24
48
71
92
113
133
154
173
191
207
223
237
250
260
269
277
286
292
295
295
295
291
288
283
277
270
260
251
240
228
215
200
184
168
154
136
119
99
78
56
33
8
-18
-41
-64
-86
-107
-127
-146
-161
-176
-191
-202
-214
-224
-231
-236
-239
-240
-243
-244
-243
-240
-236
-229
-221
-214
-203
-197
-186
-173
-159
-144
-130
-114
-97
-80
-62
-45
-27
-10
9
30
48
66
84
101
117
132
147
159
170
182
189
192
194
196
197
199
198
195
190
182
176
169
162
153
147
139
129
118
106
94
84
74
63
51
38
22
8
-8
-24
-41
-55
-70
-84
-97
-112
-126
-139
-149
-158
-162
-165
-169
-173
-174
-177
-180
-181
-176
-174
-170
-165
-161
-159
-152
-144
-136
-125
-114
-102
-88
-76
-64
-54
-40
-25
-10
6
24
39
57
75
90
105
118
129
140
150
156
159
164
165
165
164
163
161
157
150
142
135
129
121
114
107
100
90
83
76
66
59
50
41
35
27
19
11
2
-9
-21
-32
-45
-56
-66
-76
-84
-94
-100
-106
-108
-110
-113
-116
-119
-121
-120
-119
-115
-112
-109
-106
-105
-102
-99
-94
-88
-80
-72
-65
-58
-49
-41
-33
-22
-13
-1
10
24
35
48
60
71
82
92
101
107
113
117
118
118
119
117
114
110
105
99
93
86
81
75
70
67
60
54
48
40
32
25
18
11
4
-3
-10
-19
-29
-38
-48
-55
-61
-67
-68
-72
-74
-78
-82
-85
-86
-85
-84
-81
-79
-75
-73
-71
-69
-67
-69
-68
-67
-65
-61
-59
-57
-55
-54
-52
-50
-48
-43
-36
-31
-22
-14
-7
1
10
19
30
41
53
62
69
77
81
84
85
88
88
89
90
89
85
82
81
79
77
75
73
72
71
66
63
61
56
53
50
46
41
36
30
23
14
4
-4
-10
-17
-24
-31
-38
-45
-52
-57
-61
-63
-65
-64
-64
-64
-61
-59
-57
-55
-54
-52
-51
-50
-49
-49
-49
-48
-49
-47
-47
-48
-49
-49
-47
-43
-39
-34
-30
-26
-22
-17
-11
-5
2
8
15
22
28
33
36
38
41
41
40
41
39
38
37
36
35
34
34
35
36
37
38
38
40
42
43
42
41
41
41
38
34
31
29
26
22
17
12
5
-2
-5
-9
-14
-17
-19
-22
-26
-29
-31
-31
-31
-30
-28
-25
-25
-26
-27
-29
-29
-30
-28
-27
-27
-27
-27
-28
-30
-33
-34
-34
-30
-28
-25
-21
-18
-13
-9
-4
0
6
10
14
18
21
23
23
25
24
23
23
24
24
24
25
26
27
25
24
22
20
20
21
21
21
21
21
21
20
19
17
16
15
15
13
11
11
12
10
7
6
2
0
-2
-3
-6
-8
-10
-11
-10
-11
-11
-10
-12
-15
-17
-18
-18
-18
-18
-19
-21
-22
-23
-24
-23
-22
-23
-23
-23
-23
-23
-22
-21
-19
-16
-14
-12
-11
-10
-8
-5
-2
0
2
1
0
0
-1
-2
-1
1
1
2
3
2
2
3
6
9
10
13
14
14
15
14
12
13
14
14
14
14
12
13
12
12
12
10
10
10
10
10
10
9
8
5
5
3
3
4
8
9
9
10
11
12
12
9
7
6
5
4
2
1
0
-2
-2
-4
-4
-4
-4
-5
-7
-6
-8
-10
-13
-15
-15
-14
-15
-16
-13
-13
-14
-12
-13
-12
-10
-9
-8
-7
-7
-5
-5
-2
-1
1
2
4
4
5
4
3
3
2
2
0
-3
-5
-6
-8
-9
-9
-9
-8
-7
-5
-5
-5
-2
-1
0
2
4
6
7
9
10
11
12
15
17
21
22
24
24
24
25
24
24
24
22
22
20
19
16
11
8
5
1
-3
-6
-10
-13
-16
-19
-24
-27
-29
-31
-33
-35
-37
-36
-38
-37
-37
-35
-33
-30
-27
-23
-20
-15
-11
-7
-4
-2
1
6
9
13
17
19
20
23
25
26
26
26
28
28
27
26
26
24
24
24
25
24
22
21
19
17
14
13
11
9
7
4
2
0
0
-2
0
0
1
2
2
1
0
-1
0
-1
0
0
-2
-5
-8
-11
-11
-14
-17
-21
-24
-27
-31
-34
-38
-42
-45
-46
-44
-42
-42
-39
-36
-35
-31
-27
-23
-16
-11
-7
-2
1
6
10
14
19
22
25
28
31
32
34
35
36
37
38
38
36
34
33
31
29
28
24
21
17
13
11
8
7
7
4
2
-1
-3
-5
-7
-7
-9
-10
-11
-12
-11
-11
-9
-9
-7
-6
-7
-8
-9
-11
-11
-13
-16
-20
-24
-25
-26
-30
-32
-35
-37
-40
-40
-40
-39
-38
-38
-36
-36
-32
-27
-22
-16
-11
-5
0
6
11
16
21
26
31
37
42
46
50
54
57
60
64
67
69
72
74
73
71
67
66
63
58
54
49
44
40
33
27
22
15
8
3
-4
-11
-17
-22
-28
-31
-35
-38
-41
-40
-40
-43
-42
-42
-42
-42
-41
-38
-36
-35
-36
-35
-36
-38
-39
-40
-40
-42
-43
-45
-47
-49
-49
-51
-51
-51
-50
-47
-44
-42
-40
-38
-35
-32
-28
-23
-19
-16
-13
-11
-6
0
4
9
13
18
25
31
36
41
47
52
55
59
61
62
64
66
66
68
68
67
66
62
58
55
51
49
46
41
38
34
30
23
18
13
8
4
1
-4
-6
-11
-14
-17
-19
-21
-24
-26
-28
-28
-31
-32
-37
-39
-41
-41
-42
-43
-44
-44
-43
-43
-42
-40
-38
-35
-32
-30
-28
-26
-21
-18
-15
-10
-6
-2
0
3
6
9
11
13
16
19
21
23
25
27
29
32
34
36
38
40
42
43
45
45
44
42
40
39
38
36
36
34
31
29
26
23
19
16
15
11
8
4
-1
-5
-10
-13
-17
-20
-24
-27
-30
-34
-37
-41
-44
-48
-50
-52
-53
-53
-54
-54
-55
-55
-55
-52
-49
-47
-44
-41
-39
-38
-36
-35
-32
-29
-26
-23
-19
-13
-9
-6
-3
-1
2
4
5
8
11
13
17
20
25
28
31
34
38
40
43
47
48
49
49
49
49
51
51
50
50
49
48
46
43
41
38
36
32
28
25
22
17
13
9
7
5
1
-1
-5
-8
-12
-15
-18
-21
-21
-23
-25
-27
-29
-30
-31
-31
-32
-32
-31
-31
-31
-32
-32
-32
-31
-28
-27
-25
-24
-22
-20
-19
-15
-10
-8
-5
-4
-1
1
3
5
7
10
12
14
16
19
21
23
24
25
26
27
29
31
32
31
30
28
27
27
27
26
24
20
16
15
10
6
2
-1
-5
-8
-11
-13
-15
-17
-18
-20
-23
-26
-27
-29
-32
-33
-35
-37
-38
-37
-38
-37
-37
-37
-37
-36
-34
-33
-32
-30
-30
-28
-27
-24
-22
-19
-17
-14
-11
-6
-3
0
3
5
10
14
17
21
26
29
32
34
35
36
38
41
41
43
42
42
43
43
45
45
44
42
42
42
41
38
36
32
29
25
24
19
16
11
7
2
-2
-5
-8
-9
-14
-16
-17
-19
-20
-21
-21
-22
-23
-25
-27
-29
-31
-32
-32
-33
-33
-33
-34
-33
-31
-27
-25
-23
-21
-19
-17
-15
-15
-11
-9
-6
-4
-1
2
3
5
6
9
10
11
14
14
14
14
15
16
17
19
20
21
21
20
21
22
23
24
25
25
25
26
26
24
22
21
19
16
13
9
6
3
1
-4
-8
-14
-16
-20
-22
-24
-26
-29
-31
-32
-33
-34
-34
-33
-34
-34
-34
-32
-33
-32
-31
-29
-29
-28
-26
-27
-25
-22
-21
-17
-14
-11
-7
-4
-1
2
5
9
12
14
17
19
20
20
20
20
20
19
19
19
18
18
19
20
22
22
25
24
24
26
26
26
26
26
26
26
27
27
27
27
26
24
23
19
17
15
12
8
6
2
0
-2
-4
-5
-5
-6
-7
-9
-9
-11
-10
-13
-16
-17
-18
-18
-18
-19
-20
-21
-21
-21
-22
-21
-20
-20
-19
-17
-16
-15
-13
-11
-11
-9
-8
-7
-7
-7
-8
-7
-6
-7
-8
-9
-10
-9
-9
-9
-9
-8
-7
-6
-4
-2
0
4
6
8
11
12
14
18
19
20
21
21
19
20
20
19
19
19
19
20
20
18
18
17
18
17
17
17
16
14
13
12
12
10
6
5
3
0
-3
-7
-8
-10
-13
-16
-19
-21
-23
-24
-25
-27
-28
-28
-29
-29
-30
-27
-25
-22
-20
-18
-16
-16
-16
-16
-15
-15
-15
-15
-15
-15
-17
-16
-16
-15
-14
-13
-10
-6
-3
0
4
6
9
11
14
16
18
17
17
18
17
17
16
16
16
16
15
16
17
19
22
23
25
27
30
31
32
33
31
30
29
26
24
20
15
13
8
6
2
0
-1
-3
-4
-6
-7
-7
-7
-7
-7
-6
-6
-4
-5
-6
-6
-6
-7
-10
-11
-13
-15
-17
-19
-22
-25
-28
-29
-31
-31
-31
-30
-30
-29
-27
-24
-21
-19
-16
-13
-11
-8
-5
-3
-2
1
2
3
4
5
6
5
6
7
7
9
10
11
14
15
17
19
21
21
24
25
26
26
27
26
25
24
22
20
17
16
15
14
13
13
11
12
12
12
13
12
13
12
10
10
9
8
7
5
2
1
-2
-5
-8
-9
-12
-15
-18
-21
-24
-27
-29
-30
-31
-33
-32
-33
-33
-34
-36
-37
-38
-39
-41
-40
-40
-40
-38
-35
-33
-30
-26
-24
-20
-18
-16
-15
-13
-11
-8
-6
-3
-1
1
5
8
12
15
17
20
23
25
28
31
33
35
37
38
39
41
43
45
46
46
47
47
47
48
48
47
47
45
46
46
46
45
44
40
38
34
31
27
23
18
12
6
0
-5
-11
-14
-19
-24
-27
-32
-34
-37
-40
-43
-44
-47
-48
-51
-52
-51
-53
-53
-55
-57
-56
-56
-55
-55
-54
-53
-48
-46
-41
-39
-37
-33
-29
-25
-22
-18
-13
-8
-4
0
5
10
14
18
22
24
26
29
31
31
32
35
37
38
42
44
45
48
50
53
54
55
55
55
55
53
51
48
45
41
37
33
29
24
20
14
11
7
4
1
-3
-7
-8
-10
-14
-17
-19
-20
-22
-22
-27
-27
-28
-31
-32
-34
-36
-36
-40
-44
-46
-47
-48
-48
-47
-45
-45
-43
-41
-39
-36
-33
-31
-30
-27
-24
-22
-19
-18
-17
-14
-11
-9
-6
-3
-2
0
4
7
9
13
17
19
21
24
27
29
31
34
37
41
43
44
46
46
46
47
47
46
44
42
40
37
33
31
29
25
23
21
21
18
17
15
12
9
5
2
-1
-5
-9
-11
-14
-16
-19
-22
-24
-27
-30
-34
-36
-39
-40
-40
-40
-38
-37
-36
-33
-31
-27
-24
-22
-22
-19
-19
-18
-16
-15
-15
-14
-13
-11
-10
-8
-6
-1
0
1
4
7
10
13
17
18
20
23
25
27
29
30
30
31
31
30
31
29
28
26
25
25
23
22
21
19
17
16
13
11
9
7
5
3
2
0
-2
-5
-8
-10
-12
-14
-15
-18
-20
-20
-23
-24
-24
-27
-28
-30
-30
-30
-31
-30
-32
-31
-29
-29
-29
-28
-27
-25
-23
-23
-21
-20
-18
-16
-15
-15
-12
-10
-7
-6
-1
3
6
9
13
16
19
21
22
25
27
28
29
29
31
31
30
30
31
30
29
27
26
26
24
23
22
21
20
18
17
14
12
12
10
9
8
5
4
2
-1
-2
-2
-4
-6
-8
-10
-12
-13
-12
-12
-13
-14
-14
-15
-15
-14
-13
-14
-13
-13
-12
-11
-11
-10
-10
-9
-10
-10
-9
-9
-7
-6
-5
-5
-5
-4
-3
-2
1
4
5
7
9
10
12
13
13
13
14
13
12
11
9
8
7
6
5
4
3
2
1
0
-2
-1
-2
-1
-2
-3
-3
-4
-6
-6
-6
-7
-9
-9
-10
-12
-14
-15
-18
-18
-18
-19
-19
-20
-19
-19
-20
-20
-19
-17
-17
-16
-14
-13
-12
-11
-10
-9
-6
-2
-1
0
2
3
4
5
8
10
11
12
13
14
15
18
18
20
22
23
24
26
26
27
29
29
31
31
30
29
29
26
25
23
21
20
19
18
15
14
11
9
7
7
4
1
0
-2
-3
-7
-11
-13
-15
-16
-19
-22
-23
-25
-26
-27
-26
-27
-28
-29
-29
-30
-29
-29
-28
-26
-25
-24
-22
-20
-19
-17
-16
-14
-13
-13
-11
-8
-7
-5
-3
-1
1
3
6
8
11
14
14
18
19
22
24
24
25
26
27
29
28
29
27
26
23
23
20
18
16
14
12
11
9
9
7
5
4
4
3
1
1
0
-1
-3
-4
-6
-8
-10
-13
-16
-17
-19
-22
-24
-25
-27
-27
-27
-29
-29
-28
-26
-25
-23
-23
-20
-19
-18
-15
-14
-12
-10
-8
-6
-4
-2
-1
0
1
3
5
7
9
13
14
15
18
21
24
26
27
30
31
33
34
34
35
36
36
35
35
34
32
29
27
25
24
20
18
17
14
11
9
7
5
2
-1
-2
-4
-7
-9
-12
-13
-17
-17
-19
-22
-24
-26
-28
-28
-31
-33
-35
-37
-38
-40
-41
-42
-42
-42
-41
-41
-40
-38
-37
-36
-34
-30
-27
-24
-22
-19
-16
-14
-10
-7
-4
-2
2
6
9
12
15
17
21
23
25
27
28
31
33
35
35
38
39
40
40
41
41
42
40
39
38
37
37
35
34
34
32
31
27
24
21
19
17
14
10
7
4
2
1
-3
-6
-9
-14
-18
-22
-23
-27
-30
-32
-34
-34
-35
-35
-36
-36
-35
-35
-36
-34
-33
-32
-30
-29
-27
-26
-25
-23
-23
-21
-20
-19
-19
-19
-16
-14
-11
-8
-5
-2
1
4
6
10
12
15
19
22
25
28
30
31
32
34
35
34
34
34
34
34
33
33
31
31
31
30
28
26
24
23
22
20
19
17
13
11
7
4
1
-2
-4
-9
-12
-15
-17
-20
-23
-25
-27
-29
-32
-32
-33
-32
-32
-33
-32
-33
-33
-33
-31
-32
-30
-30
-30
-27
-26
-26
-24
-21
-20
-18
-16
-15
-14
-12
-9
-7
-5
-2
-1
2
4
7
9
12
13
15
17
18
19
22
25
27
29
31
32
34
35
36
39
39
40
40
41
39
37
36
33
31
28
26
22
20
16
12
8
4
-1
-4
-7
-10
-14
-16
-19
-22
-24
-26
-26
-28
-29
-29
-31
-30
-29
-31
-30
-28
-28
-28
-27
-24
-22
-23
-21
-21
-20
-19
-19
-17
-16
-14
-13
-11
-9
-8
-7
-5
-4
0
3
5
7
9
13
15
17
18
21
22
23
24
24
26
27
29
29
31
30
30
30
30
31
30
31
30
29
25
23
21
19
17
16
13
10
7
5
2
-1
-6
-10
-13
-13
-16
-17
-19
-21
-22
-23
-25
-26
-26
-27
-28
-28
-28
-29
-29
-30
-32
-32
-31
-32
-31
-31
-31
-30
-29
-26
-24
-22
-19
-17
-14
-12
-9
-6
-3
-1
1
4
5
9
11
13
16
16
19
21
23
24
26
26
28
29
30
30
30
30
30
30
30
30
30
27
26
25
24
23
23
19
18
17
13
12
11
8
6
5
1
-2
-6
-10
-10
-12
-14
-15
-16
-18
-19
-21
-22
-23
-26
-26
-26
-28
-28
-28
-28
-28
-28
-25
-25
-23
-21
-18
-17
-16
-13
-13
-12
-9
-8
-5
-2
0
2
3
4
5
6
7
6
8
8
9
9
10
11
12
14
14
15
16
17
17
19
19
18
19
17
16
17
16
16
17
16
15
16
15
12
11
9
10
8
8
6
6
6
5
4
3
2
2
1
0
-1
-2
-3
-6
-8
-8
-11
-15
-16
-19
-20
-21
-22
-22
-23
-22
-23
-22
-22
-20
-20
-18
-17
-15
-14
-12
-11
-9
-9
-7
-6
-5
-4
-2
-2
-2
0
1
3
4
5
6
8
8
9
8
9
10
10
10
12
12
11
12
12
12
13
13
13
13
14
14
13
14
13
12
10
9
7
7
6
4
4
5
4
4
2
3
2
2
1
0
0
-1
-3
-4
-5
-6
-6
-7
-8
-9
-10
-11
-13
-14
-15
-15
-16
-13
-12
-11
-11
-8
-8
-7
-6
-4
-3
-3
-3
-1
-1
0
0
1
0
1
0
-1
-1
-2
-1
-3
-4
-4
-4
-6
-5
-4
-5
-4
-5
-2
-3
-1
-1
1
1
3
4
5
7
7
8
9
11
12
11
12
13
14
14
15
15
15
15
15
15
15
14
14
13
13
11
11
10
8
5
3
1
-1
-3
-3
-5
-6
-8
-8
-7
-7
-7
-7
-6
-6
-4
-4
-4
-4
-4
-4
-3
-4
-3
-4
-5
-4
-5
-6
-5
-6
-5
-5
-5
-6
-6
-6
-7
-8
-9
-11
-12
-13
-14
-15
-18
-19
-19
-20
-20
-20
-20
-19
-21
-18
-18
-16
-15
-14
-12
-11
-9
-6
-3
-1
2
4
6
8
11
14
16
18
20
22
22
23
25
25
25
26
25
25
24
24
24
