-3
-3
-2
-2
-2
-2
-2
-2
-2
-1
0
0
1
2
2
4
4
3
4
2
1
2
1
1
0
1
1
2
5
5
7
8
9
9
10
11
10
10
9
7
7
4
4
0
-1
-2
-5
-5
-5
-3
-3
-3
-2
-2
-2
1
3
2
3
3
3
3
2
3
3
1
2
2
2
2
1
0
0
0
-1
0
0
0
-1
0
1
1
1
1
1
2
3
3
2
3
3
4
6
6
8
9
9
9
10
9
8
6
6
4
3
2
0
-1
-2
-3
-4
-4
-4
-6
-5
-6
-6
-6
-8
-7
-8
-9
-9
-10
-9
-8
-7
-7
-6
-4
-3
-1
-2
0
0
-2
0
-1
-1
-2
-3
-4
-5
-5
-6
-5
-5
-3
-3
-2
-1
-1
-2
-2
-1
0
-1
-1
-1
-2
-1
-2
-1
-1
0
1
0
2
1
2
3
4
5
5
5
7
8
8
8
9
8
8
6
6
6
6
6
5
6
6
5
3
4
5
6
6
6
5
4
3
2
0
-2
-5
-7
-11
-12
-12
-12
-11
-12
-11
-12
-13
-10
-11
-10
-9
-9
-9
-9
-9
-9
-8
-8
-6
-5
-5
-4
-3
-1
-1
1
2
2
2
2
1
-2
-3
-3
-2
-1
0
-1
0
1
3
5
7
8
9
8
8
9
8
8
8
8
8
6
5
5
5
4
4
4
3
2
2
1
3
2
4
6
7
7
7
8
7
9
7
8
10
9
9
9
11
12
10
11
11
11
10
8
8
6
7
5
5
5
4
1
0
0
0
0
0
1
0
-2
-2
-4
-6
-9
-11
-12
-13
-15
-15
-14
-16
-16
-15
-15
-15
-16
-16
-17
-17
-17
-17
-16
-15
-13
-13
-12
-12
-9
-7
-6
-2
-3
-2
-3
-2
-5
-4
-5
-6
-5
-5
-5
-4
-2
-2
-3
-3
-3
-3
-4
-3
-2
-2
-2
-1
0
1
2
3
5
6
7
8
7
9
8
8
7
8
6
4
2
2
2
5
6
7
9
9
10
10
12
10
13
13
13
13
12
14
14
14
15
15
15
14
14
11
12
12
11
11
11
8
7
5
5
4
1
1
1
0
-1
-1
-1
-2
-3
-4
-5
-7
-8
-7
-8
-6
-7
-5
-6
-7
-7
-8
-5
-5
-4
-4
-5
-5
-7
-5
-6
-4
-4
-5
-6
-7
-6
-6
-7
-7
-9
-9
-10
-10
-11
-11
-12
-13
-11
-12
-10
-9
-8
-7
-5
-3
-2
-3
-2
-2
0
1
1
3
3
3
2
2
1
1
1
1
2
3
3
2
2
1
2
3
4
5
4
5
5
5
5
3
1
0
0
0
1
2
1
1
1
1
3
3
3
3
2
1
-1
-1
-1
-2
-2
-4
-3
-2
-2
0
-1
-1
-1
-2
0
-1
-1
-1
-2
-2
-3
-1
-2
-1
-3
-2
-1
-2
-1
-2
-2
-3
-5
-3
-3
0
1
1
3
3
5
6
9
11
13
15
16
18
19
19
20
18
17
15
13
11
10
10
10
8
7
6
6
4
2
-1
-3
-6
-9
-12
-12
-13
-12
-13
-12
-12
-11
-10
-10
-9
-9
-9
-8
-7
-6
-4
-1
-2
-1
-2
-2
-1
-1
-2
-4
-4
-7
-7
-7
-7
-5
-4
-2
-1
0
1
3
1
1
-1
-1
-2
-3
-5
-8
-10
-11
-11
-12
-12
-10
-10
-8
-7
-8
-6
-7
-5
-5
-6
-7
-8
-8
-9
-6
-2
1
6
10
12
15
17
21
23
25
26
27
28
26
26
23
21
19
18
19
18
21
20
22
24
25
25
25
24
23
20
19
17
15
14
14
13
11
8
5
2
-2
-5
-8
-10
-12
-15
-16
-19
-23
-25
-28
-32
-37
-41
-46
-51
-54
-57
-61
-64
-64
-67
-65
-64
-64
-65
-67
-69
-72
-71
-71
-69
-65
-64
-59
-54
-47
-38
-32
-23
-18
-10
-2
7
15
26
39
47
57
65
70
75
76
78
76
77
79
81
83
88
93
95
102
107
111
114
112
110
108
107
103
104
106
106
109
108
109
106
102
94
85
73
62
49
34
21
5
-9
-20
-33
-45
-61
-75
-90
-104
-115
-128
-137
-145
-153
-156
-159
-161
-162
-164
-165
-165
-167
-170
-174
-177
-184
-187
-189
-188
-182
-174
-163
-152
-138
-124
-109
-92
-74
-53
-30
-4
23
50
75
98
115
127
135
138
140
139
137
138
140
147
154
164
172
180
185
188
190
191
190
187
186
184
186
191
200
207
215
220
221
218
209
193
168
139
105
67
29
-7
-37
-63
-85
-104
-121
-139
-158
-177
-195
-211
-220
-226
-226
-224
-220
-215
-212
-209
-211
-218
-230
-247
-264
-283
-301
-314
-325
-329
-327
-321
-309
-294
-274
-253
-229
-200
-170
-135
-96
-54
-7
40
89
137
177
213
243
267
289
306
319
324
324
319
313
311
313
319
328
335
335
331
319
303
287
272
268
267
274
285
300
317
334
346
350
343
324
291
248
194
135
75
16
-40
-91
-133
-169
-200
-230
-258
-287
-319
-351
-381
-409
-432
-448
-457
-460
-457
-447
-433
-416
-395
-377
-361
-352
-348
-350
-355
-360
-365
-365
-362
-356
-346
-338
-327
-317
-302
-280
-255
-219
-177
-122
-64
-1
65
129
192
247
298
340
377
406
430
450
462
472
474
473
471
469
473
472
466
451
425
391
354
321
293
276
266
268
279
294
319
341
364
378
379
368
341
303
254
199
142
85
30
-21
-69
-115
-159
-202
-246
-288
-330
-369
-403
-432
-456
-473
-483
-484
-478
-465
-444
-421
-396
-371
-349
-335
-325
-326
-333
-344
-358
-369
-376
-376
-371
-362
-352
-341
-328
-313
-291
-261
-224
-176
-122
-64
-3
59
117
171
219
261
299
332
359
382
399
410
418
426
433
442
447
446
433
412
378
340
303
270
247
231
227
232
248
276
316
361
403
436
452
449
426
384
329
268
206
148
93
43
-4
-49
-95
-146
-195
-247
-299
-350
-397
-436
-469
-494
-506
-510
-503
-488
-464
-436
-404
-375
-348
-329
-320
-319
-330
-344
-365
-384
-399
-410
-413
-411
-403
-394
-379
-362
-341
-314
-282
-239
-188
-129
-61
9
80
149
213
273
326
377
425
467
504
531
546
553
553
550
543
534
521
498
464
421
377
334
300
278
268
271
285
308
339
376
415
451
473
481
470
442
399
345
288
230
174
125
77
29
-26
-90
-164
-245
-327
-405
-474
-531
-575
-606
-624
-629
-621
-599
-571
-538
-506
-474
-449
-428
-417
-415
-420
-434
-452
-472
-491
-505
-516
-524
-525
-521
-513
-504
-490
-472
-447
-416
-375
-320
-256
-179
-93
-2
91
181
265
341
412
477
530
576
608
627
631
626
615
602
588
569
548
519
486
453
425
408
401
409
427
455
491
534
583
631
678
713
733
733
710
666
600
520
432
343
256
172
91
9
-78
-171
-266
-361
-449
-525
-587
-632
-664
-680
-682
-671
-648
-618
-588
-560
-537
-525
-519
-519
-525
-535
-553
-577
-609
-645
-678
-707
-725
-732
-727
-714
-688
-650
-602
-546
-479
-403
-313
-213
-107
5
118
221
310
383
446
502
550
588
617
635
639
630
617
605
589
566
538
500
459
420
387
372
377
397
428
472
527
587
650
708
762
803
825
828
810
771
706
624
530
425
312
201
94
-12
-119
-229
-334
-432
-526
-609
-675
-722
-750
-760
-751
-719
-671
-621
-574
-534
-501
-481
-475
-474
-478
-497
-528
-572
-619
-666
-714
-760
-799
-829
-849
-853
-840
-799
-731
-644
-542
-432
-312
-185
-53
81
212
328
426
506
568
619
662
695
708
700
674
635
588
534
480
425
365
303
247
212
206
232
285
362
464
576
690
799
907
1002
1068
1105
1111
1093
1046
972
885
785
675
550
411
266
115
-42
-194
-336
-462
-572
-668
-741
-784
-801
-794
-766
-717
-657
-592
-532
-476
-431
-405
-403
-426
-472
-531
-606
-691
-778
-870
-962
-1047
-1114
-1159
-1178
-1171
-1132
-1069
-979
-857
-707
-532
-346
-152
37
204
339
446
542
625
703
761
792
793
763
707
631
552
484
416
330
236
153
94
68
84
151
263
398
546
700
860
1019
1168
1293
1390
1450
1465
1427
1348
1240
1108
952
776
595
402
205
1
-193
-366
-516
-653
-767
-852
-905
-922
-907
-857
-784
-701
-613
-526
-439
-365
-309
-281
-280
-314
-378
-469
-578
-702
-841
-982
-1117
-1230
-1312
-1356
-1361
-1323
-1253
-1151
-1010
-831
-616
-392
-157
84
307
485
619
755
883
968
999
986
921
798
640
480
355
249
136
1
-124
-208
-255
-263
-211
-89
57
200
360
565
804
1029
1237
1430
1583
1668
1677
1628
1538
1398
1202
975
732
487
229
-31
-252
-433
-593
-731
-820
-862
-869
-846
-784
-686
-573
-470
-364
-244
-121
-24
36
62
54
-5
-108
-224
-345
-496
-691
-892
-1076
-1239
-1378
-1469
-1496
-1471
-1408
-1314
-1151
-930
-678
-409
-141
149
421
625
755
872
988
1032
998
924
822
632
399
180
3
-137
-280
-417
-537
-596
-607
-573
-480
-322
-130
37
229
483
761
1011
1241
1459
1620
1719
1744
1714
1631
1481
1263
995
722
457
171
-118
-355
-532
-679
-788
-821
-795
-742
-659
-531
-370
-212
-74
46
155
248
305
310
277
222
113
-44
-220
-380
-551
-771
-994
-1166
-1314
-1463
-1546
-1569
-1540
-1475
-1351
-1152
-903
-610
-306
-25
283
600
816
932
1043
1137
1112
984
855
698
436
145
-100
-298
-441
-550
-650
-734
-742
-698
-638
-512
-292
-63
117
332
612
899
1147
1372
1576
1706
1735
1684
1580
1431
1222
948
640
354
85
-201
-456
-638
-757
-863
-928
-901
-813
-710
-581
-389
-173
15
168
319
451
532
566
534
463
342
172
-43
-258
-428
-630
-871
-1082
-1234
-1376
-1490
-1515
-1461
-1369
-1241
-1042
-786
-470
-128
182
492
809
1055
1149
1202
1285
1252
1080
882
690
397
49
-251
-489
-670
-790
-875
-963
-984
-936
-862
-739
-526
-245
-7
221
518
842
1108
1333
1551
1691
1702
1608
1457
1258
988
666
329
21
-259
-518
-731
-872
-936
-959
-945
-860
-698
-521
-342
-107
143
344
496
634
746
799
791
726
614
449
251
10
-237
-436
-637
-877
-1118
-1281
-1391
-1479
-1485
-1401
-1264
-1108
-896
-610
-267
95
407
700
978
1157
1186
1188
1211
1105
863
594
338
13
-328
-582
-770
-900
-964
-991
-1014
-970
-855
-718
-558
-327
-37
195
424
715
1016
1255
1442
1605
1682
1638
1491
1288
1046
744
385
16
-295
-554
-779
-948
-1025
-1033
-1011
-930
-771
-546
-301
-56
197
418
597
728
811
863
871
812
687
522
342
126
-143
-389
-594
-805
-1038
-1257
-1390
-1475
-1520
-1484
-1347
-1141
-919
-663
-324
69
409
702
983
1222
1303
1235
1206
1146
925
616
316
8
-350
-657
-852
-970
-1026
-1014
-995
-960
-836
-666
-483
-268
21
310
532
792
1093
1353
1543
1699
1783
1741
1590
1347
1048
717
369
-23
-400
-668
-894
-1091
-1194
-1182
-1124
-1047
-892
-668
-423
-175
98
328
504
643
718
743
745
729
634
473
321
138
-108
-359
-567
-774
-986
-1187
-1334
-1411
-1444
-1387
-1269
-1067
-801
-529
-211
168
533
814
1069
1305
1425
1349
1259
1196
970
647
328
34
-315
-658
-867
-979
-1028
-1008
-947
-894
-787
-631
-442
-224
39
333
562
784
1039
1266
1445
1576
1632
1579
1421
1175
873
538
206
-141
-508
-795
-1009
-1181
-1281
-1264
-1164
-1050
-889
-644
-378
-128
138
374
539
641
687
675
655
629
544
420
279
130
-79
-303
-491
-680
-880
-1085
-1223
-1307
-1328
-1256
-1089
-876
-631
-337
-37
318
654
935
1179
1357
1410
1267
1117
997
758
419
99
-198
-535
-852
-1060
-1111
-1088
-1015
-928
-835
-669
-500
-302
-60
223
518
747
952
1193
1410
1567
1673
1703
1628
1429
1139
813
457
119
-207
-537
-788
-973
-1113
-1170
-1131
-1002
-842
-662
-431
-183
49
255
421
544
592
552
495
444
375
264
132
3
-151
-338
-522
-682
-843
-1013
-1173
-1280
-1328
-1290
-1157
-939
-667
-388
-88
244
583
864
1106
1300
1399
1326
1117
960
777
485
152
-141
-438
-791
-1068
-1198
-1208
-1136
-1007
-883
-734
-542
-350
-118
139
432
704
884
1070
1287
1462
1572
1631
1621
1485
1209
894
566
211
-104
-409
-690
-884
-1041
-1126
-1118
-1026
-854
-672
-458
-197
42
243
413
543
604
567
488
420
320
219
114
-25
-165
-340
-506
-668
-850
-987
-1137
-1287
-1352
-1328
-1218
-1005
-721
-389
-63
270
665
999
1257
1481
1622
1611
1400
1166
995
706
332
2
-325
-695
-1045
-1257
-1312
-1274
-1153
-1013
-879
-677
-471
-251
31
334
641
864
1036
1253
1443
1559
1625
1615
1490
1245
906
548
186
-144
-438
-737
-967
-1108
-1210
-1251
-1184
-1005
-794
-573
-285
16
266
474
622
700
693
615
518
405
289
190
63
-98
-269
-449
-649
-882
-1089
-1242
-1421
-1553
-1541
-1421
-1199
-886
-526
-135
254
650
1041
1353
1636
1843
1871
1706
1472
1285
985
573
201
-157
-595
-1019
-1298
-1406
-1382
-1291
-1140
-990
-809
-596
-388
-118
208
542
808
1022
1267
1483
1604
1672
1674
1526
1243
890
520
150
-190
-461
-705
-933
-1109
-1223
-1278
-1266
-1140
-940
-717
-415
-66
225
485
704
803
800
733
649
545
417
321
203
29
-165
-356
-541
-777
-1019
-1216
-1423
-1601
-1630
-1535
-1333
-1008
-652
-300
66
484
884
1192
1492
1762
1848
1717
1515
1370
1142
751
362
2
-440
-879
-1198
-1354
-1335
-1222
-1106
-1003
-840
-628
-449
-221
124
480
740
960
1225
1472
1600
1648
1637
1486
1195
843
475
128
-166
-415
-653
-862
-1005
-1145
-1253
-1255
-1178
-1039
-856
-585
-248
48
280
480
581
588
553
496
438
364
303
228
70
-107
-250
-443
-676
-900
-1095
-1282
-1462
-1491
-1373
-1197
-921
-578
-253
87
457
819
1133
1421
1703
1798
1691
1601
1513
1292
963
609
234
-228
-677
-953
-1095
-1089
-971
-895
-837
-720
-568
-411
-201
110
427
654
881
1149
1356
1476
1528
1489
1309
1006
678
344
7
-268
-491
-706
-907
-1065
-1187
-1294
-1318
-1232
-1098
-915
-647
-366
-127
81
257
340
329
311
300
261
227
226
182
31
-138
-264
-432
-643
-811
-963
-1144
-1289
-1294
-1170
-968
-689
-403
-150
150
498
821
1146
1492
1727
1709
1573
1547
1480
1224
943
653
245
-223
-582
-784
-873
-832
-745
-734
-701
-575
-453
-308
-60
255
524
721
959
1207
1325
1353
1358
1282
1074
778
487
182
-140
-397
-624
-846
-1013
-1172
-1320
-1381
-1320
-1175
-1015
-796
-518
-294
-117
79
246
319
310
299
294
259
238
189
47
-117
-269
-433
-616
-754
-835
-993
-1171
-1186
-1090
-966
-753
-455
-172
55
336
690
998
1303
1557
1594
1496
1464
1433
1267
1027
802
477
7
-386
-615
-738
-757
-712
-685
-675
-603
-469
-317
-103
207
494
716
945
1157
1282
1307
1296
1247
1087
849
588
284
-51
-347
-590
-815
-1005
-1131
-1258
-1385
-1359
-1197
-1033
-832
-554
-328
-215
-69
127
245
282
308
302
247
207
171
56
-114
-239
-374
-586
-742
-785
-869
-1043
-1124
-1044
-924
-752
-482
-218
-13
231
514
790
1100
1378
1447
1316
1268
1303
1202
1022
879
643
214
-199
-430
-554
-591
-530
-516
-592
-568
-431
-289
-98
197
501
703
873
1087
1258
1300
1288
1257
1134
916
674
392
39
-282
-533
-790
-999
-1086
-1163
-1297
-1350
-1251
-1113
-955
-721
-497
-371
-260
-107
15
88
156
187
138
75
38
-67
-207
-286
-353
-508
-654
-693
-748
-871
-923
-855
-760
-619
-380
-151
9
202
437
639
876
1151
1241
1109
1055
1141
1119
1011
974
843
476
85
-140
-263
-301
-223
-205
-345
-437
-385
-307
-187
72
354
500
610
826
1028
1114
1179
1201
1090
907
745
543
256
-5
-230
-509
-771
-873
-925
-1052
-1157
-1135
-1058
-974
-806
-615
-522
-449
-320
-223
-157
-38
68
47
-35
-73
-141
-245
-283
-316
-442
-581
-649
-725
-836
-840
-718
-622
-527
-311
-77
81
254
478
676
848
998
995
828
760
820
792
738
770
716
435
130
-14
-79
-83
23
70
-53
-159
-150
-127
-62
144
392
504
544
654
761
810
891
964
895
697
485
246
-59
-326
-478
-615
-743
-783
-787
-825
-852
-813
-760
-697
-545
-365
-288
-244
-166
-143
-188
-201
-186
-236
-330
-392
-462
-540
-544
-522
-577
-667
-713
-764
-809
-724
-525
-343
-187
17
216
374
568
815
1022
1147
1155
992
761
667
664
591
508
475
326
12
-213
-224
-153
-58
103
198
148
100
143
211
330
534
714
780
809
857
870
851
866
881
798
609
369
92
-217
-493
-694
-843
-947
-983
-989
-983
-917
-791
-661
-521
-347
-198
-122
-55
26
50
11
-31
-103
-258
-440
-586
-727
-838
-849
-823
-855
-892
-887
-916
-949
-845
-622
-405
-196
66
315
499
678
888
1082
1205
1185
997
789
697
625
482
378
308
96
-208
-370
-349
-250
-76
140
242
230
254
325
400
570
826
967
920
865
868
805
723
765
829
731
523
301
26
-291
-530
-672
-808
-913
-935
-929
-924
-854
-717
-585
-462
-312
-182
-109
-42
35
64
37
7
-58
-191
-349
-503
-658
-761
-748
-707
-728
-742
-734
-786
-839
-728
-492
-298
-135
60
224
326
472
684
881
1006
995
809
586
522
546
494
416
362
173
-151
-339
-276
-125
30
200
292
254
224
301
436
616
821
911
842
746
680
591
527
577
638
580
439
273
42
-230
-436
-558
-652
-715
-727
-753
-799
-792
-731
-670
-585
-446
-324
-265
-207
-124
-88
-111
-136
-178
-277
-393
-488
-582
-655
-659
-638
-656
-672
-635
-602
-579
-475
-302
-167
-86
24
160
282
422
595
751
822
760
578
405
381
453
482
465
434
286
13
-180
-137
41
220
375
457
412
307
272
354
523
720
839
803
670
555
464
404
449
581
629
519
347
155
-70
-273
-365
-388
-424
-473
-531
-609
-667
-653
-607
-556
-463
-332
-256
-245
-213
-175
-194
-249
-281
-316
-389
-475
-568
-648
-670
-639
-630
-635
-601
-564
-556
-492
-318
-145
-58
-4
50
93
173
342
555
714
747
597
331
164
203
315
386
437
401
155
-174
-292
-148
78
280
425
437
329
248
279
410
611
788
777
600
448
380
330
351
494
597
514
326
141
-40
-190
-242
-241
-276
-340
-426
-565
-686
-677
-585
-506
-403
-256
-177
-189
-182
-141
-158
-204
-208
-229
-318
-414
-500
-616
-696
-663
-590
-552
-486
-380
-336
-330
-233
-68
40
92
151
180
172
223
353
478
537
495
324
128
103
251
399
483
511
388
90
-150
-123
104
363
558
615
502
324
231
267
414
608
717
654
482
317
187
122
163
253
287
245
169
55
-79
-162
-189
-218
-247
-262
-310
-411
-481
-477
-463
-447
-376
-296
-275
-278
-244
-230
-272
-317
-344
-407
-511
-608
-689
-734
-709
-625
-534
-463
-398
-356
-334
-265
-111
76
227
309
296
208
132
142
220
303
360
328
172
-28
-125
-52
137
353
495
494
358
186
103
196
456
739
884
838
665
462
318
313
427
555
587
472
254
51
-38
-16
54
126
148
80
-48
-141
-148
-100
-49
-20
-48
-139
-225
-258
-245
-213
-183
-183
-235
-292
-310
-308
-322
-355
-410
-493
-590
-661
-695
-706
-696
-667
-622
-545
-444
-346
-271
-208
-141
-64
30
151
251
273
216
129
59
16
6
42
91
111
76
2
-59
-52
30
164
312
429
464
408
329
308
381
540
720
826
800
658
463
292
221
262
346
395
374
282
154
45
-2
9
55
111
140
124
88
62
38
-4
-51
-90
-127
-154
-150
-126
-118
-130
-157
-213
-290
-344
-353
-351
-373
-429
-520
-633
-740
-806
-807
-744
-648
-565
-515
-480
-449
-407
-342
-239
-114
-9
55
84
79
37
-11
-46
-56
-32
24
75
91
81
72
80
122
210
329
426
463
436
380
351
393
496
614
687
678
584
450
346
328
405
529
627
640
557
420
291
224
244
320
400
436
408
321
205
106
39
8
7
23
22
-15
-74
-135
-195
-254
-302
-338
-376
-422
-478
-545
-626
-710
-788
-861
-923
-960
-957
-929
-893
-857
-812
-767
-723
-674
-603
-507
-395
-292
-219
-186
-184
-188
-185
-148
-69
23
88
117
127
139
179
257
365
467
531
539
516
500
524
584
654
703
709
666
605
561
560
602
664
706
691
628
557
517
516
542
569
571
529
457
395
370
370
379
375
335
257
158
76
24
2
-5
-30
-102
-224
-366
-496
-598
-658
-686
-709
-753
-820
-899
-969
-1013
-1027
-1010
-977
-929
-880
-844
-822
-801
-756
-682
-603
-530
-471
-424
-390
-345
-275
-185
-93
-11
55
107
160
233
331
438
531
594
616
606
593
595
616
650
682
688
656
605
556
531
538
568
595
600
574
534
505
495
501
516
523
510
487
462
439
410
381
355
321
266
193
116
41
-23
-67
-98
-134
-202
-303
-418
-514
-577
-605
-619
-648
-701
-780
-867
-935
-960
-938
-897
-859
-837
-832
-842
-843
-806
-740
-659
-593
-547
-516
-488
-441
-367
-265
-152
-47
41
110
181
264
365
470
555
603
610
593
573
573
593
621
627
600
548
489
452
453
495
548
579
576
548
518
508
530
569
607
629
628
615
594
568
534
492
444
393
342
286
223
153
73
-9
-87
-152
-209
-265
-320
-376
-431
-487
-541
-590
-633
-674
-715
-755
-788
-812
-836
-860
-885
-902
-912
-908
-886
-852
-813
-775
-738
-702
-662
-611
-545
-456
-349
-234
-124
-32
45
113
188
277
375
463
522
547
540
526
529
541
559
570
563
534
501
483
484
493
504
513
519
523
533
551
576
603
630
657
676
680
669
644
609
569
527
480
423
354
270
180
91
7
-68
-135
-197
-261
-330
-403
-468
-526
-571
-607
-638
-671
-704
-729
-747
-756
-761
-764
-762
-751
-735
-719
-697
-676
-653
-626
-594
-554
-507
-452
-389
-313
-230
-144
-69
-8
45
98
165
251
343
420
459
465
450
438
442
465
495
514
509
485
452
417
390
379
384
395
409
420
423
424
428
439
457
478
494
498
482
451
411
368
322
276
226
173
110
42
-30
-98
-154
-202
-249
-300
-355
-409
-461
-505
-542
-574
-601
-628
-652
-672
-686
-693
-693
-687
-678
-671
-664
-657
-643
-617
-583
-538
-487
-432
-379
-320
-250
-168
-78
14
102
181
246
303
361
425
489
542
575
582
567
544
530
533
548
563
567
551
523
495
474
472
481
492
496
491
481
476
477
483
483
473
449
412
365
319
275
226
173
114
47
-28
-105
-176
-233
-279
-313
-342
-371
-403
-437
-470
-497
-515
-529
-543
-556
-570
-580
-587
-593
-599
-608
-617
-628
-631
-627
-618
-603
-584
-554
-518
-477
-428
-378
-321
-258
-181
-97
-15
65
134
189
238
287
344
407
466
509
529
526
509
504
513
526
535
533
514
476
438
411
397
394
395
393
385
371
358
350
342
336
329
316
295
272
246
214
177
140
97
50
0
-50
-99
-145
-184
-220
-253
-287
-327
-367
-401
-426
-443
-455
-466
-475
-481
-481
-474
-463
-457
-454
-454
-451
-444
-431
-414
-398
-380
-357
-328
-297
-263
-225
-186
-144
-94
-37
25
79
127
166
207
246
294
348
402
445
467
477
478
477
480
486
496
494
481
457
428
398
374
360
349
337
322
299
267
239
216
197
176
153
128
98
67
39
12
-19
-51
-83
-120
-159
-197
-227
-252
-272
-289
-311
-335
-358
-380
-394
-408
-417
-422
-429
-434
-433
-431
-431
-433
-432
-427
-418
-402
-378
-355
-332
-306
-276
-244
-207
-168
-131
-94
-51
-4
46
92
138
179
212
247
280
315
350
391
430
461
475
477
471
465
466
471
478
478
467
441
407
371
345
327
312
295
274
248
218
192
172
150
129
105
82
56
30
4
-27
-63
-102
-141
-180
-214
-241
-262
-282
-303
-321
-342
-366
-390
-409
-421
-431
-433
-434
-435
-435
-429
-421
-413
-402
-394
-381
-364
-345
-324
-303
-286
-268
-244
-214
-177
-135
-92
-50
-10
31
74
120
167
212
251
286
315
348
388
429
466
495
509
508
502
496
493
496
500
493
472
442
399
357
318
291
270
249
227
199
171
140
114
89
65
36
7
-19
-51
-83
-115
-148
-182
-217
-243
-263
-279
-290
-303
-320
-341
-361
-380
-394
-403
-411
-417
-428
-435
-437
-433
-417
-398
-379
-361
-342
-319
-294
-270
-245
-226
-209
-186
-156
-123
-86
-49
-14
18
51
88
130
173
213
251
284
314
346
380
417
454
488
513
529
530
523
517
512
507
503
490
454
397
329
260
204
162
134
115
98
78
55
35
14
-5
-24
-38
-54
-67
-82
-104
-136
-176
-213
-246
-269
-286
-294
-302
-315
-331
-347
-361
-373
-383
-392
-400
-404
-402
-392
-379
-365
-354
-343
-333
-317
-294
-264
-234
-208
-185
-169
-154
-137
-115
-87
-52
-13
26
62
92
122
155
196
243
291
335
371
395
407
420
439
456
470
478
474
457
437
421
410
396
378
348
305
253
201
158
126
103
93
86
80
70
58
44
32
25
24
24
20
5
-23
-58
-99
-140
-173
-196
-214
-232
-248
-262
-279
-292
-299
-302
-307
-312
-319
-326
-332
-336
-334
-332
-331
-326
-317
-303
-284
-260
-231
-207
-192
-179
-169
-156
-141
-114
-85
-54
-27
-5
18
43
76
116
160
204
237
258
268
270
269
274
288
302
314
314
301
280
260
247
241
236
225
206
172
134
98
70
57
55
63
75
81
83
79
73
68
69
73
80
79
66
42
11
-25
-60
-87
-110
-128
-143
-151
-156
-158
-160
-161
-164
-172
-183
-189
-193
-194
-190
-185
-180
-176
-171
-164
-154
-145
-133
-123
-116
-111
-110
-105
-99
-88
-75
-59
-41
-25
-7
14
42
70
98
121
133
134
128
119
114
116
131
148
160
165
160
147
134
127
126
126
129
129
121
106
86
70
59
56
63
75
81
78
71
59
47
39
34
29
27
22
15
4
-11
-32
-54
-71
-82
-87
-87
-85
-89
-97
-109
-118
-128
-139
-147
-155
-161
-162
-160
-154
-149
-147
-146
-143
-139
-128
-111
-94
-81
-69
-60
-53
-42
-27
-11
3
16
31
44
57
68
77
83
79
74
70
69
69
75
84
97
113
124
132
133
126
116
108
109
113
119
125
126
118
107
97
92
91
95
99
95
85
72
56
41
31
25
23
22
21
16
3
-13
-28
-40
-49
-56
-65
-75
-86
-94
-99
-99
-100
-105
-115
-124
-131
-136
-136
-134
-135
-141
-147
-147
-146
-140
-133
-122
-110
-99
-86
-74
-65
-52
-37
-20
-4
13
28
41
47
49
48
42
35
30
30
33
41
47
54
63
70
77
82
86
82
79
79
79
85
95
105
109
105
98
88
77
66
59
54
49
43
38
31
21
15
13
14
20
26
29
29
25
20
13
3
-9
-24
-36
-43
-45
-41
-38
-41
-52
-68
-82
-97
-105
-107
-107
-105
-105
-102
-98
-96
-94
-86
-76
-63
-51
-40
-32
-26
-19
-10
-1
9
16
22
22
16
10
5
3
5
11
20
26
33
38
41
46
50
54
59
60
60
58
57
55
54
55
56
55
53
49
43
38
34
31
31
30
27
24
24
24
27
35
40
41
41
41
39
38
37
33
27
19
6
0
-2
-1
0
-1
-8
-19
-30
-42
-51
-59
-64
-70
-72
-73
-71
-73
-78
-85
-90
-94
-97
-92
-87
-79
-71
-65
-60
-60
-57
-59
-57
-55
-48
-38
-30
-19
-18
-16
-14
-6
4
15
28
33
37
36
37
40
39
42
42
43
42
46
47
48
51
54
56
56
54
49
42
34
28
26
27
32
36
41
42
42
42
44
51
58
66
73
78
84
89
91
87
78
63
48
35
23
14
5
-5
-17
-26
-34
-40
-42
-44
-50
-58
-66
-72
-76
-76
-73
-72
-74
-76
-79
-83
-84
-83
-80
-76
-69
-62
-58
-57
-58
-57
-57
-54
-51
-46
-42
-38
-36
-36
-35
-35
-33
-28
-20
-11
1
10
17
28
39
48
53
55
53
51
50
51
51
48
41
36
31
24
23
23
23
25
32
39
49
62
81
95
109
118
120
117
112
106
101
96
89
80
65
46
29
16
3
-7
-16
-26
-40
-54
-64
-72
-78
-86
-90
-94
-92
-89
-81
-74
-68
-61
-55
-47
-40
-34
-32
-35
-39
-46
-56
-60
-66
-70
-78
-82
-87
-91
-90
-88
-79
-68
-55
-40
-25
-10
2
12
20
27
32
38
44
49
51
51
49
44
40
37
33
33
35
40
45
54
63
73
82
93
105
116
128
137
140
138
133
129
119
106
92
78
62
48
37
26
13
-2
-14
-27
-39
-48
-54
-63
-70
-73
-72
-72
-70
-66
-66
-66
-63
-58
-54
-51
-52
-59
-70
-83
-94
-105
-114
-123
-133
-137
-139
-139
-135
-126
-118
-104
-87
-70
-53
-41
-30
-17
-3
8
19
27
29
29
28
30
30
30
29
31
30
30
33
37
44
55
68
81
94
107
117
132
144
157
166
172
172
167
163
153
142
127
110
92
72
54
34
18
2
-12
-22
-31
-39
-42
-41
-38
-33
-31
-26
-22
-16
-12
-9
-10
-11
-14
-22
-34
-48
-67
-87
-106
-125
-143
-156
-165
-172
-173
-172
-169
-159
-145
-129
-113
-95
-81
-64
-47
-31
-16
-4
4
7
11
10
12
16
17
15
12
10
10
16
23
34
45
58
71
83
93
102
113
124
138
149
157
162
163
159
154
152
147
136
125
115
102
89
77
60
46
33
24
21
22
23
25
23
20
17
15
14
13
10
3
-8
-22
-35
-52
-71
-92
-116
-139
-160
-177
-192
-204
-212
-215
-215
-212
-203
-194
-183
-171
-159
-146
-133
-120
-107
-93
-80
-67
-59
-54
-48
-45
-40
-33
-25
-19
-12
-3
6
16
27
40
57
75
97
117
134
149
164
173
179
188
192
193
195
196
193
190
183
170
160
147
136
127
119
113
107
104
100
98
97
96
94
92
91
83
78
68
55
41
27
8
-15
-37
-63
-90
-115
-141
-168
-189
-208
-222
-233
-240
-243
-240
-237
-229
-218
-206
-196
-190
-186
-182
-178
-169
-162
-155
-147
-142
-140
-135
-128
-119
-109
-100
-89
-74
-57
-39
-19
1
25
47
73
98
122
143
163
180
195
206
214
216
217
217
215
213
208
201
191
181
174
171
170
173
174
180
185
189
193
197
199
199
196
191
183
171
156
140
120
99
74
48
16
-14
-46
-75
-101
-127
-151
-175
-199
-221
-234
-244
-244
-239
-232
-225
-222
-222
-225
-229
-235
-240
-243
-245
-247
-249
-253
-257
-259
-257
-253
-247
-241
-233
-219
-208
-188
-170
-148
-123
-97
-67
-41
-11
14
44
72
95
118
132
145
153
164
170
179
187
193
201
210
219
227
240
250
262
277
292
305
320
332
342
350
353
352
350
341
330
317
302
282
261
236
208
179
149
122
94
67
36
6
-22
-49
-72
-94
-116
-137
-155
-175
-194
-213
-235
-256
-279
-302
-321
-340
-356
-371
-380
-389
-394
-400
-400
-398
-393
-382
-369
-353
-335
-315
-293
-269
-245
-221
-198
-176
-155
-133
-109
-90
-73
-53
-36
-21
-3
19
44
70
99
127
155
187
217
249
280
311
341
371
400
424
443
457
466
470
468
461
449
432
414
393
369
343
316
287
260
234
214
193
174
153
132
112
92
72
46
23
-4
-34
-61
-90
-121
-153
-189
-226
-263
-299
-335
-367
-396
-422
-443
-459
-473
-485
-492
-497
-497
-486
-472
-451
-428
-404
-382
-359
-335
-309
-281
-255
-226
-199
-173
-148
-124
-102
-79
-56
-32
-9
15
41
67
95
124
154
184
218
249
280
307
333
359
382
403
421
434
444
448
448
444
438
428
419
408
396
382
368
354
340
327
311
293
274
253
231
208
183
154
123
89
54
16
-21
-57
-92
-127
-163
-199
-233
-264
-293
-319
-337
-353
-365
-376
-384
-390
-391
-390
-386
-379
-371
-362
-351
-344
-336
-327
-318
-309
-296
-280
-265
-249
-233
-216
-199
-179
-158
-134
-106
-77
-46
-13
20
51
82
112
139
167
194
219
240
259
275
284
290
294
293
290
290
289
288
286
282
276
272
271
271
272
275
276
275
271
262
250
235
218
200
178
153
126
97
64
29
-4
-38
-71
-101
-131
-159
-184
-207
-230
-246
-259
-268
-273
-277
-277
-279
-280
-281
-281
-277
-272
-266
-259
-252
-245
-238
-232
-226
-219
-211
-201
-191
-179
-163
-146
-128
-110
-92
-70
-47
-21
8
37
64
89
109
128
144
156
170
181
190
200
207
212
214
216
218
216
216
219
222
227
230
231
231
231
231
232
229
226
221
213
204
191
175
156
134
111
87
65
43
21
-1
-25
-47
-67
-85
-99
-112
-125
-137
-145
-153
-161
-169
-177
-182
-185
-187
-189
-190
-196
-200
-204
-211
-213
-213
-213
-210
-204
-197
-190
-180
-169
-155
-140
-123
-104
-84
-63
-41
-22
-3
13
28
41
51
64
71
78
82
84
87
87
86
87
89
90
90
93
99
104
110
116
120
125
129
136
141
143
146
148
145
142
136
129
120
106
93
81
69
58
48
38
28
21
12
4
-3
-9
-16
-23
-28
-36
-43
-50
-56
-63
-69
-73
-79
-84
-90
-95
-100
-103
-107
-111
-111
-114
-113
-112
-108
-104
-97
-90
-79
-68
-56
-44
-32
-20
-9
2
10
15
19
23
24
25
26
26
23
19
16
15
14
14
12
12
13
15
17
19
23
27
30
34
38
40
45
46
46
46
44
42
37
32
28
23
18
14
11
8
6
4
2
2
2
0
-1
0
0
-1
-3
-5
-9
-10
-13
-13
-15
-18
-21
-25
-29
-31
-34
-34
-35
-33
-33
-31
-28
-25
-19
-13
-7
2
11
19
26
32
37
43
48
49
49
49
49
44
41
36
31
26
21
17
14
10
5
1
-2
-5
-5
-6
-7
-8
-10
-10
-12
-11
-10
-10
-13
-14
-15
-16
-17
-19
-21
-22
-24
-24
-25
-25
-26
-25
-25
-24
-22
-17
-15
-14
-11
-10
-10
-7
-5
-3
-1
1
2
4
5
4
4
3
2
2
2
2
2
1
1
-1
-1
1
3
5
10
14
19
22
25
27
29
28
30
30
30
28
28
27
23
21
20
19
19
16
13
8
4
1
-1
-2
-3
-5
-9
-13
-16
-19
-20
-23
-26
-29
-30
-30
-32
-34
-36
-37
-38
-38
-36
-33
-31
-29
-28
-28
-27
-26
-25
-22
-21
-21
-21
-20
-18
-18
-18
-19
-19
-17
-15
-13
-10
-7
-4
-2
-1
2
5
8
11
16
21
24
30
33
36
40
46
51
55
58
61
64
67
67
66
66
67
66
64
62
60
56
54
52
49
45
41
35
29
24
18
14
9
5
-1
-7
-11
-17
-20
-25
-30
-36
-42
-46
-48
-50
-52
-55
-56
-58
-59
-59
-58
-56
-54
-54
-55
-55
-57
-58
-56
-54
-51
-48
-46
-46
-46
-44
-41
-39
-35
-31
-27
-21
-16
-10
-7
-1
4
7
11
17
20
25
30
37
43
47
49
52
54
57
59
61
63
63
62
61
60
58
55
54
52
50
45
43
40
37
32
26
22
16
11
8
4
-2
-8
-14
-18
-20
-23
-27
-31
-32
-34
-36
-37
-38
-41
-42
-44
-45
-46
-47
-47
-46
-45
-45
-44
-42
-40
-37
-33
-28
-25
-22
-19
-16
-15
-13
-10
-6
-4
-3
1
4
7
9
12
12
15
17
18
20
23
26
27
30
31
32
33
35
36
38
39
39
39
40
41
40
37
35
34
32
31
28
24
21
20
15
12
9
6
2
1
0
-1
-4
-5
-7
-9
-11
-13
-13
-13
-13
-13
-13
-15
-17
-17
-19
-23
-25
-29
-31
-33
-34
-35
-37
-40
-42
-41
-40
-39
-36
-33
-29
-26
-24
-22
-18
-16
-14
-13
-10
-7
-7
-4
-3
-2
-2
-2
-2
0
0
2
3
4
5
7
9
11
14
17
20
24
25
26
26
26
27
28
27
28
28
28
27
27
25
21
20
19
17
16
15
12
12
9
6
5
5
7
7
5
4
3
2
1
0
-2
-3
-5
-8
-11
-15
-17
-20
-21
-22
-23
-23
-23
-21
-20
-17
-15
-13
-10
-6
-3
0
1
2
3
5
5
7
7
7
8
8
8
8
7
8
10
11
13
13
13
15
17
18
18
19
18
18
17
17
16
15
13
11
7
5
2
-1
-2
-6
-8
-8
-9
-10
-11
-11
-11
-12
-11
-10
-9
-8
-8
-6
-6
-8
-8
-12
-14
-16
-18
-22
-25
-30
-32
-36
-37
-38
-38
-40
-41
-41
-39
-36
-33
-28
-26
-22
-18
-11
-5
3
8
10
14
16
20
24
24
27
27
27
27
26
26
25
24
23
23
23
23
22
21
21
20
20
20
21
22
21
22
20
19
18
15
14
11
9
6
4
0
-3
-4
-6
-6
-6
-4
-5
-6
-5
-4
-2
1
4
7
7
7
7
7
6
7
5
2
-2
-5
-9
-12
-14
-18
-21
-23
-26
-28
-27
-28
-27
-26
-24
-23
-19
-16
-12
-10
-6
-3
0
3
4
5
6
5
6
6
5
7
7
8
6
6
6
6
7
9
9
10
10
9
9
11
11
13
12
13
13
13
14
13
13
10
9
9
6
5
4
3
1
0
-1
-2
-5
-6
-7
-8
-10
-10
-11
-12
-12
-13
-13
-13
-14
-16
-19
-20
-22
-23
-25
-25
-28
-30
-30
-31
-30
-31
-31
-30
-26
-23
-21
-17
-15
-11
-8
-2
1
6
8
11
13
17
20
22
25
27
30
34
37
38
39
39
40
41
41
40
38
37
36
34
31
29
28
26
24
24
22
20
18
17
13
12
10
9
6
5
5
4
2
2
1
1
-1
-2
-2
-5
-7
-10
-11
-13
-15
-18
-20
-23
-24
-26
-29
-30
-31
-32
-33
-34
-34
-35
-35
-36
-35
-35
-33
-32
-30
-28
-27
-26
-26
-25
-24
-23
-21
-19
-17
-15
-13
-11
-11
-6
-5
-1
2
6
9
10
14
18
21
24
27
29
29
28
27
27
26
26
26
25
24
23
23
22
21
19
18
18
16
15
14
12
10
9
9
7
7
6
5
4
3
1
2
1
-1
-2
-3
-6
-8
-10
-11
-11
-13
-15
-16
-18
-21
-22
-25
-24
-26
-24
-23
-22
-21
-21
-20
-19
-18
-15
-12
-9
-7
-5
-3
-1
0
2
3
5
7
9
11
14
16
17
18
18
19
20
22
24
25
25
24
25
23
24
23
23
24
25
25
25
23
21
21
18
16
14
11
8
6
2
0
-1
-3
-5
-7
-11
-13
-14
