12
11
9
7
5
3
0
-1
-1
-1
0
0
1
3
1
1
1
0
1
0
0
-1
-2
-3
-3
-4
-4
-3
-5
-7
-8
-10
-13
-15
-18
-19
-21
-21
-22
-22
-22
-22
-20
-20
-19
-19
-18
-16
-15
-15
-13
-11
-11
-8
-8
-6
-5
-4
-4
-4
-5
-5
-6
-6
-5
-3
-2
-2
1
3
5
8
11
13
13
15
16
17
17
16
17
17
17
16
15
15
14
13
11
10
8
5
4
4
3
5
5
5
6
6
5
5
5
5
5
3
3
3
2
1
0
1
1
2
1
0
-1
-2
-3
-3
-4
-5
-5
-6
-6
-6
-6
-6
-7
-7
-6
-7
-7
-8
-8
-9
-8
-8
-9
-9
-9
-10
-10
-11
-12
-13
-14
-14
-14
-13
-12
-11
-10
-7
-8
-7
-4
-2
0
3
5
6
8
8
9
9
9
9
10
10
10
9
10
9
11
11
12
12
11
11
9
8
7
7
6
6
7
7
8
9
10
10
11
12
13
13
12
11
10
10
9
8
6
5
4
3
2
3
3
2
1
-1
-3
-3
-4
-3
-5
-4
-5
-6
-4
-3
-4
-3
-2
-3
-4
-4
-5
-6
-8
-8
-9
-9
-12
-10
-11
-13
-14
-14
-13
-12
-13
-13
-13
-11
-9
-7
-6
-4
-2
-1
-1
0
1
2
1
-1
-2
-2
-2
-2
-2
-3
-3
-3
-2
-2
-2
-3
-1
0
1
1
1
0
0
0
1
3
3
3
3
4
3
4
3
3
0
-1
-3
-3
-5
-6
-7
-7
-6
-7
-5
-5
-4
-2
-1
0
1
2
2
3
2
2
3
2
3
3
4
3
1
2
1
1
0
1
1
2
3
4
5
4
4
5
5
5
7
8
8
10
9
10
9
10
10
8
8
8
8
8
6
6
5
5
6
7
6
5
5
4
3
1
2
4
3
2
2
2
0
-1
-2
-2
-3
-4
-6
-5
-4
-5
-3
-3
-1
0
1
1
0
-1
-1
-1
0
0
-1
-1
0
-1
-1
-2
-1
-1
-2
-3
-5
-3
-4
-5
-5
-4
-5
-7
-6
-7
-7
-8
-7
-6
-6
-6
-5
-3
-4
-3
-3
-4
-3
-3
-4
-3
-1
0
0
1
2
2
2
3
3
3
3
2
4
3
5
4
4
4
4
4
4
3
2
3
3
3
4
3
2
0
-1
-1
-3
-4
-4
-4
-6
-6
-5
-4
-6
-6
-6
-6
-5
-6
-5
-4
-3
-4
-3
-4
-4
-4
-4
-5
-5
-5
-6
-4
-4
-2
-2
-3
0
1
-1
-1
0
0
0
2
3
4
1
2
2
2
3
2
5
5
6
6
7
8
7
7
7
7
8
6
6
5
6
8
9
10
9
10
9
11
11
11
12
11
11
10
10
10
10
9
8
8
8
7
5
5
2
0
-2
-2
-3
-2
-3
-4
-5
-6
-8
-10
-10
-11
-12
-11
-12
-13
-13
-13
-13
-12
-13
-13
-13
-14
-14
-13
-12
-11
-9
-9
-8
-8
-7
-7
-5
-2
-1
-1
0
2
3
1
2
2
2
2
1
0
0
1
-1
-1
-1
0
0
1
2
2
3
3
5
6
7
7
8
8
9
10
10
10
9
9
10
12
12
10
9
8
7
5
5
5
5
5
4
6
7
5
5
6
4
2
2
0
1
-1
-3
-2
-1
-3
-4
-7
-7
-6
-8
-8
-9
-9
-10
-11
-11
-9
-10
-11
-12
-11
-10
-10
-9
-8
-7
-8
-9
-6
-6
-6
-7
-7
-6
-6
-7
-6
-5
-2
-2
-1
0
1
0
0
0
0
0
0
1
0
1
1
2
2
2
4
4
6
8
7
8
10
9
9
9
9
9
9
8
8
7
6
5
6
7
7
7
6
8
10
11
11
10
10
10
9
10
10
10
9
8
6
4
5
3
3
2
4
3
2
1
-1
-2
-3
-4
-3
-3
-4
-5
-6
-8
-7
-7
-9
-11
-10
-12
-15
-15
-17
-16
-17
-17
-17
-16
-14
-13
-12
-12
-11
-11
-11
-8
-7
-6
-5
-4
-2
-1
-1
1
2
3
3
3
4
4
4
3
6
7
6
6
6
5
6
5
4
3
2
-1
-1
-2
0
-1
0
1
0
0
-1
-1
-1
-1
-1
-1
1
1
2
3
3
4
6
6
5
5
6
7
8
10
10
11
13
13
15
15
15
14
13
11
11
11
9
7
7
5
3
0
-2
-1
-3
-3
-4
-6
-6
-8
-7
-9
-8
-9
-8
-9
-11
-11
-10
-7
-8
-7
-8
-8
-7
-7
-6
-5
-4
-4
-4
-2
-2
1
1
0
0
0
0
-1
0
-1
0
1
1
-1
-1
-2
-2
-4
-4
-4
-6
-8
-8
-8
-7
-8
-9
-8
-8
-7
-8
-8
-8
-6
-4
-2
1
4
6
7
9
11
12
13
13
15
16
16
15
13
12
12
10
10
10
11
9
9
7
5
4
3
3
2
1
0
1
-1
0
-2
-2
-3
-4
-3
-5
-4
-5
-7
-8
-8
-8
-8
-9
-9
-8
-7
-7
-7
-6
-6
-6
-4
-3
-2
-2
-1
-1
-1
0
0
2
2
2
1
0
0
-2
-3
-4
-4
-5
-4
-5
-5
-4
-4
-6
-5
-5
-3
-3
-1
0
0
0
0
1
0
1
-1
1
0
0
0
0
-1
-2
-3
-3
-3
-4
-5
-3
-2
-1
-1
0
1
2
3
4
6
8
10
10
11
12
11
11
13
12
12
12
11
11
9
9
7
6
6
5
3
6
5
5
5
5
5
5
5
5
5
5
6
6
5
5
5
6
5
5
3
0
-1
-2
-2
-3
-5
-6
-6
-5
-5
-7
-7
-6
-7
-7
-6
-6
-7
-7
-8
-8
-6
-7
-7
-7
-7
-7
-6
-7
-8
-9
-10
-12
-13
-14
-16
-15
-15
-15
-15
-16
-15
-15
-14
-13
-10
-9
-9
-9
-8
-9
-9
-10
-9
-10
-10
-9
-8
-6
-3
-2
0
3
5
6
8
10
11
12
12
13
15
18
20
21
22
21
21
20
22
23
22
23
22
21
21
22
22
21
19
16
15
14
13
13
11
8
9
9
7
6
5
5
5
5
3
2
1
-1
-5
-6
-10
-12
-16
-19
-19
-20
-18
-19
-18
-18
-21
-19
-17
-16
-16
-15
-16
-17
-17
-18
-18
-17
-17
-16
-16
-13
-12
-10
-8
-6
-6
-5
-6
-7
-10
-12
-12
-12
-10
-9
-9
-9
-8
-8
-7
-6
-7
-5
-4
-4
-4
-3
-3
-3
-2
0
-1
1
3
3
7
9
12
15
18
21
22
24
26
29
29
31
32
33
34
33
33
33
31
32
31
32
33
33
33
33
32
30
28
27
25
22
20
17
13
11
9
6
3
2
0
-2
-3
-7
-10
-12
-14
-17
-19
-20
-23
-25
-27
-28
-30
-32
-33
-32
-31
-33
-32
-33
-34
-34
-34
-35
-35
-37
-40
-43
-43
-44
-45
-45
-46
-47
-46
-45
-42
-41
-38
-36
-34
-30
-28
-23
-22
-17
-13
-9
-5
-1
5
11
16
22
26
31
35
40
43
47
50
53
58
61
65
68
71
74
74
74
74
72
70
67
63
59
55
52
50
47
44
40
35
32
28
22
18
14
8
4
-1
-5
-11
-14
-18
-23
-26
-29
-33
-38
-41
-44
-50
-56
-63
-70
-75
-80
-86
-92
-96
-101
-103
-104
-106
-107
-106
-106
-105
-100
-96
-91
-85
-77
-70
-63
-55
-47
-38
-28
-18
-6
3
14
26
37
49
61
72
80
90
95
102
110
115
121
125
130
133
136
137
140
142
143
144
143
143
143
140
140
139
138
136
134
131
128
124
117
110
99
87
74
59
45
29
11
-8
-27
-45
-63
-81
-99
-116
-135
-155
-173
-191
-209
-226
-243
-257
-271
-281
-288
-293
-293
-293
-291
-287
-284
-279
-273
-265
-254
-243
-229
-212
-193
-172
-149
-122
-93
-61
-29
3
36
68
96
123
149
171
193
214
234
255
273
290
305
319
329
338
348
354
358
360
357
352
347
339
331
324
315
305
293
282
268
253
235
214
190
163
132
100
66
29
-10
-46
-82
-117
-151
-184
-213
-242
-269
-295
-318
-340
-360
-378
-394
-408
-421
-432
-439
-443
-445
-443
-439
-433
-425
-416
-405
-392
-377
-360
-339
-316
-292
-264
-233
-199
-161
-119
-76
-32
11
56
100
143
182
220
252
282
312
337
360
380
396
410
420
429
438
445
451
455
456
454
449
443
438
433
430
425
420
417
411
402
392
376
356
330
296
256
209
157
101
43
-15
-72
-126
-179
-229
-278
-324
-367
-409
-448
-484
-515
-543
-564
-580
-590
-595
-593
-584
-571
-554
-536
-514
-494
-472
-451
-430
-411
-395
-378
-360
-340
-316
-285
-251
-210
-167
-121
-71
-18
37
93
148
199
245
288
326
360
390
418
442
462
476
488
495
500
502
502
499
490
479
463
439
417
396
377
363
355
351
353
357
364
372
378
377
370
352
326
289
245
193
137
78
20
-39
-96
-154
-211
-267
-322
-373
-423
-470
-512
-551
-585
-610
-628
-638
-635
-623
-606
-585
-561
-536
-514
-494
-479
-467
-460
-457
-455
-453
-449
-438
-420
-395
-363
-325
-279
-229
-172
-112
-46
21
88
154
214
273
328
379
426
469
510
547
579
604
620
630
631
626
614
591
560
522
478
434
396
369
352
348
354
367
385
406
427
443
450
445
427
397
356
306
249
189
127
65
4
-55
-115
-175
-236
-298
-357
-412
-464
-511
-552
-584
-605
-616
-618
-609
-594
-574
-551
-528
-508
-492
-478
-471
-464
-462
-464
-468
-471
-472
-468
-456
-439
-413
-380
-343
-299
-248
-190
-128
-63
4
72
134
191
248
298
347
393
437
474
505
528
541
547
545
539
527
505
476
439
399
363
334
320
318
332
355
383
413
444
470
492
505
504
488
456
409
353
291
230
170
112
57
0
-57
-115
-172
-229
-282
-331
-377
-422
-464
-501
-531
-550
-557
-555
-543
-525
-506
-492
-480
-470
-464
-461
-463
-469
-483
-503
-522
-537
-542
-536
-517
-486
-448
-399
-342
-278
-199
-117
-30
55
135
204
260
307
349
385
420
449
471
482
483
477
469
456
438
413
375
330
282
236
206
191
198
229
271
327
385
444
501
549
586
604
600
575
531
474
410
346
284
226
170
111
51
-11
-73
-134
-192
-244
-292
-336
-376
-408
-433
-448
-447
-436
-419
-403
-389
-383
-380
-380
-386
-389
-400
-419
-451
-493
-542
-587
-619
-635
-632
-616
-588
-546
-491
-420
-332
-227
-116
-6
92
172
233
280
321
359
396
429
448
450
439
418
396
374
353
325
285
230
167
107
70
59
81
131
200
278
360
443
524
593
651
687
692
668
617
542
461
379
300
224
151
78
3
-70
-137
-199
-249
-294
-335
-374
-404
-422
-424
-411
-383
-343
-305
-277
-262
-260
-271
-291
-318
-356
-409
-469
-539
-603
-652
-680
-680
-659
-619
-570
-515
-446
-363
-263
-150
-31
83
176
244
292
326
351
373
391
396
380
342
292
242
197
167
144
121
91
50
9
-18
-15
28
101
198
313
425
533
634
722
798
845
854
825
755
654
539
416
298
191
88
-8
-96
-177
-246
-299
-338
-367
-381
-384
-380
-362
-327
-277
-222
-162
-107
-66
-46
-50
-76
-121
-182
-258
-349
-447
-543
-633
-710
-763
-770
-749
-700
-630
-546
-446
-330
-196
-53
95
235
347
421
465
496
516
528
526
495
424
320
205
94
-7
-75
-121
-177
-240
-293
-322
-316
-267
-175
-57
74
210
349
490
634
774
888
960
985
959
881
766
629
473
303
128
-46
-205
-350
-463
-539
-586
-604
-605
-592
-560
-512
-448
-365
-271
-172
-78
8
84
142
171
168
136
75
-17
-137
-270
-413
-550
-673
-768
-808
-801
-753
-678
-582
-453
-290
-112
70
260
436
568
640
684
727
761
772
732
650
531
372
184
1
-146
-261
-383
-518
-631
-692
-700
-653
-536
-351
-134
79
277
485
702
898
1047
1153
1209
1192
1098
952
792
618
409
173
-62
-287
-499
-683
-808
-873
-895
-893
-863
-794
-690
-559
-416
-258
-90
61
184
292
388
446
445
401
331
225
78
-95
-276
-460
-634
-792
-903
-943
-912
-836
-730
-572
-359
-114
135
379
626
840
976
1036
1067
1080
1050
939
761
569
355
96
-166
-367
-514
-657
-813
-946
-1014
-1001
-925
-788
-564
-265
39
314
593
899
1187
1392
1523
1593
1570
1426
1197
939
666
364
34
-292
-577
-822
-1039
-1195
-1252
-1243
-1204
-1132
-1012
-842
-660
-478
-285
-77
121
285
416
531
618
623
547
421
271
70
-191
-456
-702
-927
-1141
-1305
-1375
-1332
-1227
-1065
-824
-512
-144
214
570
921
1249
1507
1642
1680
1690
1625
1434
1153
838
527
165
-216
-521
-743
-924
-1102
-1265
-1341
-1318
-1218
-1042
-781
-415
-24
325
678
1072
1451
1745
1933
2051
2068
1925
1652
1305
934
529
61
-399
-793
-1129
-1415
-1620
-1702
-1665
-1573
-1444
-1236
-977
-696
-434
-183
74
299
469
586
684
754
741
633
476
282
37
-251
-577
-866
-1123
-1387
-1600
-1703
-1659
-1531
-1348
-1055
-673
-226
236
674
1121
1545
1868
2024
2045
2030
1962
1720
1345
966
584
150
-314
-664
-889
-1062
-1215
-1356
-1403
-1321
-1160
-951
-664
-264
172
541
906
1340
1749
2029
2187
2267
2237
2014
1650
1221
760
268
-287
-811
-1230
-1568
-1838
-2013
-2021
-1888
-1707
-1487
-1189
-822
-454
-133
147
414
614
721
758
768
758
650
440
189
-70
-357
-666
-971
-1225
-1453
-1669
-1829
-1864
-1737
-1531
-1252
-887
-411
96
618
1121
1611
2070
2358
2457
2380
2271
2054
1654
1143
656
201
-313
-787
-1126
-1292
-1416
-1504
-1537
-1470
-1262
-998
-695
-320
159
627
1015
1387
1793
2128
2295
2332
2282
2102
1751
1272
766
257
-275
-806
-1292
-1659
-1933
-2138
-2216
-2116
-1891
-1615
-1294
-917
-486
-73
273
563
783
917
933
863
797
682
472
194
-109
-408
-708
-1000
-1261
-1486
-1685
-1842
-1942
-1881
-1638
-1343
-978
-544
-36
492
979
1491
1969
2328
2532
2543
2408
2222
1919
1455
904
393
-64
-570
-1006
-1243
-1362
-1433
-1452
-1392
-1209
-938
-600
-214
221
716
1172
1525
1837
2119
2278
2282
2150
1934
1593
1103
563
20
-484
-949
-1391
-1746
-1997
-2167
-2233
-2148
-1913
-1584
-1228
-862
-469
-77
289
586
801
935
952
864
744
635
464
224
-70
-393
-706
-1019
-1286
-1496
-1663
-1787
-1854
-1811
-1562
-1202
-806
-346
142
666
1126
1525
1941
2268
2422
2400
2218
2014
1745
1306
799
281
-177
-616
-1059
-1342
-1443
-1474
-1469
-1412
-1216
-866
-501
-96
369
862
1335
1682
1948
2170
2254
2187
1987
1686
1326
847
276
-274
-768
-1202
-1582
-1871
-2035
-2137
-2174
-2056
-1799
-1426
-1012
-633
-249
97
388
642
811
899
874
726
553
417
252
44
-207
-495
-812
-1154
-1413
-1595
-1710
-1782
-1822
-1716
-1416
-992
-518
5
535
1057
1487
1859
2238
2526
2624
2469
2185
1879
1525
1067
528
7
-453
-892
-1277
-1484
-1491
-1403
-1305
-1164
-883
-474
-47
373
817
1283
1678
1960
2168
2302
2293
2079
1741
1346
897
372
-223
-792
-1263
-1648
-1949
-2111
-2148
-2114
-2039
-1884
-1581
-1160
-716
-314
33
339
567
716
822
853
774
586
353
164
-19
-247
-519
-823
-1132
-1394
-1588
-1700
-1690
-1636
-1579
-1444
-1093
-588
-64
474
989
1466
1837
2101
2335
2531
2557
2319
1931
1554
1194
713
122
-403
-819
-1197
-1527
-1628
-1481
-1263
-1054
-824
-450
48
522
915
1288
1661
1906
2007
2040
2054
1933
1604
1167
714
271
-246
-788
-1248
-1603
-1878
-2058
-2082
-1981
-1834
-1666
-1417
-1061
-647
-232
111
356
521
607
631
630
595
461
227
-23
-227
-455
-722
-967
-1233
-1504
-1728
-1816
-1774
-1664
-1510
-1326
-1038
-565
-12
540
1120
1641
2044
2247
2379
2530
2537
2320
1912
1493
1104
653
117
-375
-787
-1152
-1471
-1638
-1499
-1226
-945
-659
-289
230
767
1242
1658
2051
2304
2354
2287
2184
1973
1542
1004
449
-78
-583
-1081
-1494
-1807
-2045
-2188
-2188
-2039
-1805
-1579
-1310
-920
-488
-86
261
538
720
737
718
703
619
483
215
-77
-329
-604
-874
-1160
-1437
-1684
-1901
-2009
-1929
-1758
-1541
-1340
-1058
-522
46
658
1291
1843
2295
2467
2527
2606
2553
2305
1831
1285
838
339
-228
-735
-1147
-1418
-1675
-1809
-1587
-1237
-882
-534
-132
432
1000
1507
1970
2342
2599
2671
2561
2416
2175
1712
1099
426
-173
-746
-1339
-1806
-2147
-2376
-2478
-2443
-2233
-1948
-1668
-1330
-905
-402
104
513
810
969
979
928
850
734
567
275
-78
-400
-710
-1012
-1339
-1630
-1891
-2141
-2268
-2205
-1996
-1777
-1550
-1227
-703
-57
624
1296
1897
2410
2666
2724
2773
2779
2552
2025
1436
943
417
-183
-747
-1206
-1569
-1860
-1970
-1767
-1339
-870
-449
-33
523
1125
1656
2112
2502
2787
2838
2710
2536
2293
1859
1238
567
-43
-617
-1198
-1672
-2035
-2309
-2464
-2476
-2302
-2040
-1762
-1455
-1083
-601
-92
380
747
985
1082
1044
961
865
678
352
-21
-377
-718
-1064
-1380
-1660
-1950
-2196
-2371
-2370
-2185
-1970
-1711
-1401
-916
-235
410
1033
1651
2181
2545
2685
2793
2895
2728
2248
1621
1046
557
-47
-659
-1146
-1583
-1927
-2142
-2078
-1661
-1151
-704
-273
255
906
1516
2033
2529
2911
3075
3015
2806
2537
2105
1474
780
116
-457
-985
-1482
-1859
-2126
-2325
-2390
-2293
-2085
-1830
-1556
-1205
-773
-275
247
660
940
1108
1131
1099
1048
934
715
375
11
-360
-759
-1147
-1510
-1831
-2109
-2342
-2439
-2350
-2167
-1956
-1716
-1277
-589
107
776
1419
1961
2337
2479
2561
2682
2690
2406
1867
1330
848
219
-484
-1070
-1546
-1925
-2195
-2201
-1882
-1435
-995
-608
-175
413
1040
1591
2114
2622
2988
3070
2971
2798
2423
1813
1103
424
-148
-661
-1136
-1523
-1837
-2076
-2234
-2259
-2138
-1967
-1755
-1449
-1041
-548
-31
413
730
904
974
997
1005
1004
896
648
352
36
-321
-728
-1123
-1470
-1815
-2119
-2292
-2315
-2221
-2066
-1878
-1511
-889
-172
517
1112
1660
2111
2331
2473
2663
2764
2582
2077
1511
1044
504
-126
-739
-1263
-1672
-2042
-2208
-2023
-1642
-1229
-888
-541
-19
584
1149
1697
2246
2726
2954
2925
2823
2580
2091
1455
835
322
-168
-670
-1117
-1512
-1843
-2089
-2225
-2204
-2093
-1962
-1745
-1391
-923
-409
61
432
665
807
910
983
1040
1041
890
628
363
97
-237
-649
-1047
-1414
-1779
-2057
-2190
-2188
-2141
-2107
-1941
-1482
-810
-93
578
1190
1705
2027
2218
2425
2640
2680
2388
1917
1521
1108
530
-123
-723
-1236
-1706
-2026
-2032
-1784
-1458
-1186
-956
-599
-66
512
1052
1586
2143
2563
2697
2667
2568
2273
1751
1176
707
303
-135
-580
-1016
-1417
-1722
-1936
-2053
-2062
-2002
-1899
-1696
-1334
-841
-350
27
296
493
656
810
961
1073
1062
893
659
419
127
-247
-665
-1056
-1407
-1725
-1956
-2036
-2048
-2081
-2031
-1730
-1170
-524
89
637
1120
1529
1829
2069
2365
2575
2430
2001
1619
1340
925
345
-222
-747
-1276
-1715
-1893
-1786
-1537
-1312
-1145
-927
-523
34
576
1090
1655
2155
2402
2449
2442
2314
1960
1521
1182
881
513
108
-324
-794
-1216
-1513
-1685
-1778
-1810
-1780
-1687
-1478
-1128
-729
-387
-142
50
238
435
660
887
1004
962
831
678
487
202
-162
-530
-883
-1235
-1545
-1750
-1873
-2011
-2115
-1968
-1510
-908
-324
179
603
956
1240
1516
1887
2268
2373
2112
1777
1558
1249
738
221
-226
-718
-1204
-1471
-1478
-1385
-1316
-1293
-1250
-1036
-600
-98
411
992
1546
1865
1971
2033
2013
1796
1513
1336
1202
967
637
244
-251
-776
-1166
-1387
-1530
-1615
-1649
-1651
-1574
-1352
-1035
-740
-487
-250
-18
232
529
828
1009
1029
949
839
706
526
277
-41
-388
-725
-1070
-1393
-1627
-1820
-2030
-2099
-1817
-1291
-801
-406
-11
348
642
962
1397
1873
2164
2113
1826
1612
1503
1213
711
265
-109
-588
-1033
-1171
-1092
-1093
-1208
-1285
-1229
-988
-583
-116
386
911
1317
1493
1554
1629
1612
1456
1344
1357
1312
1073
707
286
-182
-620
-909
-1054
-1169
-1312
-1440
-1502
-1470
-1324
-1092
-855
-645
-410
-135
153
426
652
749
709
659
678
655
506
305
82
-218
-575
-893
-1112
-1291
-1481
-1565
-1409
-1054
-698
-452
-256
-48
178
458
861
1352
1739
1781
1526
1294
1216
1084
779
472
224
-127
-547
-774
-772
-760
-838
-945
-989
-878
-586
-226
131
519
859
1004
1015
1062
1104
1033
967
1017
1051
929
686
379
15
-326
-542
-655
-757
-882
-1027
-1164
-1226
-1160
-994
-800
-616
-437
-254
-46
187
393
522
569
594
644
676
621
467
252
0
-288
-566
-778
-930
-1086
-1225
-1220
-1005
-719
-547
-498
-451
-337
-141
177
637
1107
1336
1219
938
799
842
844
718
596
455
148
-230
-428
-429
-458
-590
-715
-752
-680
-519
-305
-50
243
472
545
545
602
679
704
767
917
1003
896
666
419
179
-8
-97
-158
-299
-514
-728
-900
-981
-936
-809
-694
-608
-518
-413
-286
-125
36
141
221
336
463
501
416
267
92
-90
-234
-324
-402
-509
-636
-720
-660
-434
-185
-101
-170
-236
-214
-93
164
545
872
923
671
346
205
269
369
394
376
290
50
-265
-416
-337
-211
-182
-207
-222
-231
-217
-109
122
410
610
628
521
427
393
418
524
686
740
572
290
62
-71
-127
-114
-94
-179
-368
-556
-649
-634
-529
-387
-271
-192
-134
-94
-59
4
95
168
237
338
397
304
85
-130
-295
-418
-465
-447
-462
-561
-688
-752
-686
-487
-272
-173
-181
-189
-156
-79
106
393
623
643
482
267
97
63
183
362
450
373
142
-164
-384
-372
-147
123
282
256
67
-146
-199
-18
292
564
673
564
310
88
40
164
350
484
478
336
133
-29
-106
-117
-92
-83
-123
-195
-258
-293
-315
-312
-271
-218
-176
-145
-107
-63
-22
25
75
105
75
-20
-145
-237
-275
-272
-227
-175
-178
-257
-359
-401
-356
-233
-72
69
124
55
-101
-251
-283
-166
36
225
285
159
-110
-356
-413
-240
71
343
437
311
63
-126
-110
123
434
641
624
410
146
-13
2
147
301
343
222
-3
-204
-270
-183
1
183
273
247
142
36
5
82
226
353
396
347
244
141
103
147
212
227
177
89
-3
-56
-55
-40
-72
-171
-305
-422
-491
-500
-466
-413
-358
-318
-286
-249
-203
-178
-182
-172
-105
-2
72
71
-16
-156
-288
-343
-292
-187
-119
-169
-320
-492
-590
-558
-394
-158
31
96
49
-27
-43
56
267
512
683
713
602
408
223
143
180
269
327
292
161
-14
-136
-150
-71
46
130
139
91
59
95
187
306
417
477
468
446
468
524
573
596
590
534
437
334
229
100
-43
-174
-288
-397
-497
-589
-670
-722
-719
-654
-553
-453
-404
-422
-466
-472
-409
-302
-187
-100
-86
-150
-241
-293
-292
-261
-220
-189
-194
-248
-328
-387
-394
-335
-229
-117
-32
15
47
101
211
367
523
613
593
488
356
265
246
281
314
298
227
130
52
23
52
112
164
196
218
240
263
302
362
426
476
519
555
575
573
562
548
527
504
466
380
238
71
-85
-214
-312
-386
-451
-526
-605
-667
-696
-685
-650
-613
-588
-566
-540
-513
-488
-451
-400
-357
-332
-321
-328
-357
-392
-394
-353
-286
-222
-192
-201
-242
-275
-264
-184
-53
87
199
270
310
338
377
426
466
468
434
379
323
272
232
202
177
154
123
95
79
81
109
161
228
289
331
363
395
438
496
563
621
648
643
617
574
525
482
439
375
270
145
16
-109
-214
-302
-374
-435
-488
-528
-563
-592
-620
-646
-661
-644
-595
-532
-480
-444
-436
-450
-464
-456
-430
-404
-393
-391
-396
-409
-419
-414
-396
-369
-332
-280
-216
-143
-59
43
155
259
343
397
421
427
428
434
447
460
451
400
320
244
192
165
154
143
130
124
141
187
259
348
435
507
564
613
659
695
717
730
732
713
658
582
489
383
277
187
112
33
-59
-170
-286
-385
-459
-513
-561
-610
-663
-714
-742
-730
-687
-636
-592
-557
-539
-537
-535
-518
-504
-500
-501
-497
-495
-500
-508
-511
-509
-493
-455
-385
-289
-187
-95
-16
52
116
180
259
347
433
494
519
524
517
502
480
452
419
364
295
219
160
130
131
165
215
278
340
404
481
572
670
756
814
832
813
770
714
654
593
523
437
343
254
171
89
9
-79
-173
-265
-344
-414
-481
-553
-628
-693
-731
-732
-702
-656
-608
-569
-546
-531
-514
-499
-502
-528
-571
-620
-672
-708
-724
-725
-720
-718
-698
-652
-569
-458
-326
-187
-65
31
96
154
220
306
416
521
607
648
641
603
562
543
531
515
481
418
338
263
229
242
294
365
438
510
577
642
713
774
820
841
839
812
757
678
574
458
347
251
172
106
40
-43
-144
-250
-351
-437
-507
-562
-608
-649
-677
-693
-692
-676
-649
-610
-568
-527
-482
-441
-415
-410
-429
-475
-536
-597
-646
-673
-683
-676
-659
-636
-606
-563
-500
-405
-289
-160
-41
54
123
173
225
295
385
478
548
578
572
544
512
492
490
493
487
464
431
404
398
419
471
545
620
687
741
774
788
793
787
774
751
712
651
567
466
357
249
143
47
-36
-109
-177
-248
-323
-405
-486
-556
-602
-624
-628
-625
-626
-630
-636
-642
-642
-631
-612
-592
-574
-566
-576
-607
-652
-700
-744
-774
-780
-761
-720
-669
-612
-555
-493
-424
-334
-214
-81
53
166
251
306
345
377
416
472
536
587
610
597
563
522
497
500
530
570
597
611
606
593
586
602
639
682
724
752
758
738
702
661
626
595
569
536
481
397
289
169
56
-42
-120
-187
-246
-307
-365
-419
-467
-509
-548
-583
-609
-623
-631
-634
-637
-650
-669
-690
-709
-714
-702
-684
-669
-669
-684
-713
-738
-748
-734
-690
-621
-544
-474
-413
-356
-292
-208
-97
28
152
247
304
322
322
327
351
402
470
532
571
578
571
563
577
616
675
732
761
756
725
677
630
598
593
599
607
603
584
551
508
466
425
383
335
283
223
153
75
-15
-107
-196
-263
-304
-322
-325
-329
-350
-394
-451
-505
-544
-564
-566
-563
-570
-598
-646
-698
-738
-753
-738
-704
-664
-626
-602
-598
-604
-606
-593
-564
-510
-434
-348
-263
-185
-118
-52
18
97
192
289
382
451
490
501
496
492
500
531
580
634
672
687
683
659
639
633
646
667
675
660
610
537
457
391
352
341
348
355
343
305
247
181
121
78
54
38
12
-34
-94
-168
-240
-295
-332
-348
-355
-363
-381
-415
-455
-494
-525
-549
-567
-585
-606
-630
-653
-668
-671
-665
-645
-615
-580
-544
-504
-468
-436
-410
-389
-368
-338
-294
-232
-156
-83
-20
28
68
108
159
227
304
382
446
491
516
526
534
552
588
636
683
713
717
693
651
608
577
562
551
527
482
417
334
259
197
152
122
101
80
53
25
-10
-42
-66
-78
-73
-65
-62
-80
-117
-166
-212
-241
-260
-272
-285
-305
-335
-365
-392
-412
-428
-444
-457
-465
-467
-460
-446
-432
-423
-414
-402
-385
-360
-330
-298
-272
-246
-224
-201
-181
-161
-136
-106
-67
-20
28
75
121
171
224
289
360
428
486
527
554
561
557
543
523
504
479
451
420
379
332
281
237
201
180
167
147
119
85
49
16
-5
-15
-19
-21
-30
-34
-33
-27
-19
-12
-14
-29
-48
-71
-98
-126
-154
-186
-219
-255
-284
-307
-314
-308
-286
-259
-233
-211
-199
-195
-196
-190
-182
-177
-177
-182
-192
-207
-216
-219
-216
-208
-193
-172
-148
-122
-96
-78
-61
-40
-4
47
112
182
243
291
323
345
363
376
386
387
373
346
305
252
190
128
75
36
14
4
-5
-19
-35
-49
-55
-47
-29
-9
10
19
21
17
10
1
-11
-20
-23
-17
0
15
17
4
-23
-52
-72
-75
-66
-55
-52
-59
-68
-71
-59
-37
-9
17
40
58
63
55
34
3
-38
-77
-105
-127
-147
-168
-190
-210
-219
-212
-186
-152
-109
-59
-7
44
89
128
156
179
201
224
249
263
262
242
203
157
112
70
29
-7
-46
-91
-135
-179
-217
-247
-257
-243
-210
-158
-104
-56
-18
12
44
79
120
148
158
146
111
73
35
2
-25
-50
-78
-103
-125
-135
-132
-118
-96
-69
-36
-1
40
86
128
165
195
217
230
234
234
225
208
184
149
104
47
-14
-74
-123
-152
-165
-168
-164
-153
-137
-105
-61
-5
57
116
163
197
218
227
227
215
190
153
106
51
-9
-73
-133
-188
-240
-286
-327
-365
-398
-416
-418
-402
-367
-320
-265
-210
-153
-98
-42
16
71
115
141
149
138
118
87
49
7
-38
-83
-124
-154
-171
-175
-160
-132
-89
-36
23
88
151
214
276
333
380
412
428
427
419
405
388
359
318
265
202
142
92
53
28
10
0
-9
-12
-8
5
28
56
88
119
147
167
174
169
151
128
100
62
17
-41
-111
-187
-263
-333
-401
-461
-513
-552
-574
-579
-565
-537
-498
-454
-400
-340
-277
-213
-154
-103
-59
-24
1
15
14
0
-20
-43
-69
-94
-115
-138
-154
-156
-141
-113
-73
-24
29
88
150
220
295
371
443
506
557
592
613
621
616
599
568
530
487
439
390
339
291
250
219
196
180
169
158
148
141
138
137
135
130
121
107
88
64
32
-10
-59
-118
-186
-257
-336
-417
-497
-567
-630
-679
-715
-737
-745
-739
-717
-678
-629
-569
-508
-449
-397
-347
-295
-251
-216
-193
-179
-178
-182
-188
-192
-190
-189
-184
-170
-147
-116
-74
-23
26
81
143
208
276
346
414
474
529
578
622
659
683
695
696
688
675
655
632
603
572
538
503
473
445
419
397
378
359
342
325
306
285
262
237
210
178
143
98
43
-19
-84
-153
-228
-306
-383
-457
-525
-586
-638
-681
-716
-741
-751
-745
-728
-699
-666
-632
-596
-557
-514
-475
-438
-410
-389
-373
-360
-346
-334
-321
-308
-291
-266
-237
-201
-164
-125
-85
-39
16
77
145
212
277
337
391
444
490
529
563
588
604
615
621
617
612
604
591
581
568
556
544
532
518
502
488
469
446
425
403
382
362
336
301
260
211
156
100
41
-22
-91
-165
-240
-315
-384
-448
-505
-553
-597
-630
-654
-669
-676
-673
-665
-654
-637
-616
-591
-565
-544
-532
-522
-514
-504
-489
-471
-453
-437
-415
-391
-364
-329
-291
-250
-202
-154
-100
-42
17
77
139
202
264
326
386
439
483
520
551
577
597
611
619
620
618
613
604
595
585
572
561
551
543
536
529
517
504
491
478
460
437
408
371
328
284
237
185
127
66
4
-58
-118
-177
-233
-287
-341
-392
-437
-475
-506
-531
-549
-562
-571
-575
-577
-576
-573
-567
-561
-553
-546
-539
-533
-527
-520
-506
-488
-470
-449
-427
-402
-372
-338
-296
-251
-201
-151
-100
-48
6
58
110
161
209
255
299
335
370
403
430
451
467
475
474
470
463
453
443
436
427
420
415
411
410
412
414
416
412
406
393
376
354
328
300
268
234
202
166
128
90
50
10
-31
-69
-105
-139
-177
-214
-251
-285
-313
-337
-358
-376
-391
-404
-411
-415
-417
-419
-417
-418
-417
-413
-409
-404
-399
-394
-389
-379
-364
-345
-319
-288
-256
-222
-188
-156
-125
-92
-59
-24
15
55
92
128
158
188
217
245
269
288
299
301
303
304
301
301
298
291
284
281
282
286
290
295
297
296
292
288
281
275
268
260
248
233
212
188
160
132
103
79
57
29
0
-32
-62
-90
-114
-136
-159
-181
-203
-221
-234
-244
-251
-254
-255
-254
-254
-254
-253
-254
-257
-260
-263
-264
-266
-265
-261
-254
-246
-234
-222
-208
-192
-173
-151
-127
-98
-71
-41
-12
15
44
72
99
121
141
154
162
171
176
180
183
183
183
182
181
176
173
171
172
173
176
178
179
181
182
184
189
192
194
197
195
190
182
173
159
142
124
105
84
62
42
22
1
-21
-42
-61
-79
-95
-106
-115
-123
-127
-132
-136
-140
-145
-151
-157
-162
-167
-173
-181
-187
-194
-198
-202
-203
-204
-206
-207
-205
-198
-187
-172
-155
-137
-119
-100
-80
-60
-39
-18
-2
13
23
35
44
50
55
61
62
61
64
65
63
64
65
64
65
68
72
74
81
87
96
107
117
124
133
141
149
159
165
166
162
154
146
137
128
118
105
90
77
65
55
47
40
33
27
24
21
16
12
6
-3
-12
-19
-23
-28
-34
-43
-54
-65
-78
-88
-100
-113
-123
-134
-143
-149
-151
-151
-146
-139
-131
-122
-113
-105
-95
-85
-76
-64
-53
-49
-46
-41
-39
-36
-32
-29
-28
-26
-23
-19
-13
-6
2
9
15
20
30
40
50
65
74
82
90
99
108
115
120
124
125
124
123
120
114
106
97
88
82
78
74
72
67
63
59
57
56
56
54
50
47
41
37
33
27
21
13
4
-8
-23
-41
-57
-73
-85
-96
-105
-114
-124
-128
-128
-127
-123
-120
-117
-114
-111
-108
-101
-94
-92
-89
-87
-89
-91
-90
-90
-88
-85
-83
-80
-74
-70
-64
-57
-48
-39
-25
-14
-2
11
25
37
50
65
78
89
98
102
106
109
111
114
112
109
103
96
91
88
88
88
88
90
90
91
92
94
97
99
101
100
100
98
94
89
81
72
61
47
33
20
8
-6
-18
-30
-42
-52
-61
-70
-75
-80
-85
-90
-95
-98
-99
-99
-98
-98
-96
-100
-104
-108
-112
-115
-114
-114
-116
-116
-117
-120
-117
-115
-112
-106
-96
-86
-74
-60
-50
-35
-19
-5
12
28
41
55
66
75
83
90
94
95
97
99
101
106
108
108
111
113
114
118
120
121
126
131
136
143
148
151
152
150
143
138
128
115
103
88
71
56
39
24
10
-5
-20
-35
-47
-59
-69
-82
-92
-104
-112
-123
-134
-142
-153
-162
-171
-179
-186
-193
-199
-205
-207
-211
-212
-213
-213
-212
-208
-203
-193
-182
-167
-151
-132
-111
-88
-65
-42
-20
3
24
44
61
78
93
103
114
126
134
143
151
157
161
164
168
170
175
181
188
194
200
207
213
220
227
232
234
234
230
224
216
206
193
177
161
142
127
111
93
74
52
31
13
-2
-19
-34
-47
-66
-86
-107
-129
-149
-168
-187
-203
-217
-231
-242
-251
-260
-269
-275
-281
-285
-287
-285
-283
-278
-270
-260
-249
-233
-212
-188
-162
-135
-111
-88
-66
-47
-26
-5
13
31
48
63
79
95
109
121
133
143
152
162
174
184
195
204
209
214
222
227
233
237
240
239
236
232
224
215
205
193
180
167
151
135
119
102
86
70
56
43
30
19
9
-4
-16
-32
-49
-63
-76
-91
-103
-116
-129
-142
-155
-168
-178
-190
-203
-216
-227
-240
-249
-256
-261
-265
-266
-264
-259
-250
-238
-221
-204
-186
-169
-150
-130
-109
-88
-67
-48
-30
-10
8
27
44
60
74
89
105
120
137
152
167
178
188
196
203
211
215
217
220
221
221
224
221
215
210
201
191
182
171
160
148
133
119
107
95
81
71
60
48
37
26
12
0
-7
-18
-25
-31
-40
-48
-55
-64
-74
-81
-91
-104
-117
-131
-145
-156
-166
-175
-184
-192
-199
-203
-203
-202
-200
-196
-189
-181
-170
-157
-143
-132
-119
-106
-91
-77
-63
-50
-37
-24
-13
0
14
27
40
54
68
82
95
108
118
127
133
140
147
153
159
162
161
159
155
151
143
135
126
116
104
94
83
70
57
43
30
18
9
0
-8
-16
-20
-21
-23
-24
-24
-25
-25
-26
-26
-28
-32
-38
-44
-51
-59
-64
-68
-74
-80
-88
-95
-99
-102
-105
-107
-107
-106
-102
-95
-89
-81
-73
-64
-54
-44
-35
-28
-20
-13
-7
0
8
16
24
33
39
45
52
58
66
73
77
81
86
90
95
96
99
101
103
102
100
96
90
83
75
69
60
52
42
30
19
8
-4
-14
-23
-31
-36
-39
-41
-41
-43
-43
-43
-42
-42
-41
-39
-39
-40
-40
-40
-40
-39
-39
-38
-37
-37
-38
-39
-42
-45
-47
-47
-47
-44
-41
-38
-34
-29
-25
-22
-19
-18
-14
-10
-8
-5
-1
1
2
3
4
5
8
12
15
18
22
25
29
35
40
44
49
52
56
59
63
63
62
61
60
58
53
47
39
29
17
7
-3
-13
-25
-32
-40
-47
-48
-47
-46
-44
-40
-35
-31
-26
-21
-17
-14
-11
-8
-3
-1
0
2
4
4
8
8
9
8
7
5
4
5
5
3
4
4
5
8
12
14
15
14
15
16
15
15
13
11
6
2
-3
-9
-12
-14
-16
-16
-17
-14
-10
-8
-4
-1
3
7
12
17
21
24
28
29
30
27
25
20
16
13
6
1
-8
-16
-24
-30
-33
-36
-38
-41
-41
-40
-37
-37
-36
-34
-30
-29
-26
-22
-18
-17
-15
-15
-15
-13
-13
-11
-11
-12
-12
-11
-6
-3
2
6
11
14
20
25
31
35
38
40
41
39
38
37
35
31
28
25
22
18
13
8
5
4
2
1
0
1
3
5
7
9
11
13
16
17
20
21
20
17
15
11
7
3
0
-6
-13
-19
-23
-26
-29
-30
-34
-35
-37
-36
-35
-33
-30
-29
-28
-26
-26
-23
-21
-21
-19
-19
-20
-21
-22
-20
-21
-20
-20
-18
-17
-15
-12
-10
-5
-1
5
13
18
24
31
37
41
46
49
49
48
43
39
35
31
26
23
19
18
15
14
12
11
8
6
6
7
9
11
14
17
20
18
19
19
19
21
21
19
16
10
4
0
-6
-11
-15
-16
-16
-17
-17
-19
-20
-20
-21
-21
-22
-24
-25
-22
-23
-21
-19
-19
-19
-20
-21
-22
-22
-23
-26
-26
-26
-26
-28
-28
-30
-27
-26
-23
-18
-13
-9
-6
-1
4
10
13
19
21
23
24
23
20
15
13
10
7
4
3
0
0
0
0
0
2
3
6
9
12
17
21
26
25
25
24
23
22
21
18
15
11
6
3
1
0
1
0
0
0
0
2
1
0
0
-2
-2
-3
-5
-7
-8
-9
-11
-10
-9
-10
-10
-13
-15
-17
-19
-21
-22
-24
-24
-23
-20
-16
-11
-6
-1
4
10
13
15
19
18
17
16
15
12
11
9
7
6
6
5
4
3
1
0
-3
-2
-2
-2
0
1
5
10
13
18
20
22
24
23
23
22
19
16
14
13
12
11
10
9
7
6
7
7
8
7
4
3
1
-1
-3
-5
-8
-11
-14
-17
-18
-21
-25
-29
-33
-35
-39
-42
-43
-44
-46
-46
-45
-43
-39
-34
-28
-23
-15
-9
-3
0
3
8
10
12
12
12
12
11
10
9
10
12
13
13
14
13
12
10
8
5
6
5
7
8
8
8
7
5
4
4
5
4
2
1
2
3
5
7
10
14
18
24
28
31
34
35
35
36
36
35
36
35
34
32
29
26
23
19
13
9
3
-2
-7
-11
-16
-20
-24
-27
-30
-32
-33
-33
-35
-33
-30
-28
-28
-27
-25
-25
-23
-20
-18
-16
-18
-18
-18
-18
-18
-18
-18
-17
-15
-12
-10
-6
-6
-4
-4
-3
-2
-1
0
-1
-1
-3
-3
-5
-9
-11
-13
-14
-14
-11
-10
-9
-5
-2
3
9
17
24
30
34
39
45
49
52
54
56
58
58
60
58
55
50
46
40
35
30
26
22
14
9
2
-3
-9
-14
-19
-23
-27
-29
-30
-35
-37
-40
-43
-46
-47
-48
-49
-49
-49
-49
-49
-48
-48
-44
-41
-37
-33
-30
-27
-22
-19
-14
-8
-4
-1
2
5
5
5
5
5
3
0
-2
-7
-8
-8
-8
-5
-3
-2
1
4
7
10
15
19
22
26
31
35
40
44
47
50
56
59
62
64
64
62
61
58
56
53
48
42
39
34
30
26
21
15
11
8
2
-4
-10
-14
-19
-25
-31
-37
-44
-50
-55
-58
-62
-66
-66
-67
-66
-66
-63
-60
-56
-51
-48
-42
-36
-31
-25
-19
-12
-8
-2
3
5
7
9
7
6
6
6
7
7
6
7
7
8
7
8
8
9
10
9
12
16
19
22
24
26
29
33
36
38
37
36
34
31
28
27
23
20
17
17
17
17
18
19
19
19
18
18
18
16
11
6
2
-2
-6
-11
-17
-23
-28
-31
-33
-37
-40
-43
-44
-43
-42
-42
-40
-38
-35
-34
-29
-26
-22
-18
-16
-12
-6
-3
-2
-2
-2
-2
1
3
5
6
8
7
8
11
12
12
12
12
14
18
19
20
20
20
22
23
23
22
23
22
21
18
15
12
10
8
5
3
-1
-2
-4
-6
-6
-5
-5
-3
0
3
3
2
3
2
1
0
-3
-5
-7
-10
-12
-13
-16
-17
-17
-17
-19
-19
-17
-17
-17
-17
-15
-13
-10
-9
-9
-8
-9
-9
-9
-9
-7
-8
-8
-5
-2
0
3
4
5
6
7
9
12
12
11
12
13
14
16
18
20
22
25
27
30
31
31
30
29
27
26
24
21
18
16
13
8
6
3
-1
-3
-5
-7
-6
-6
-6
-7
-7
-7
-8
-6
-7
-8
-10
-12
-14
-18
-22
-26
-29
-31
-32
-32
-33
-33
-33
-30
-27
-25
-20
-16
-13
-11
-10
-9
-7
-4
-2
-2
-1
1
2
3
5
5
6
4
4
5
4
4
3
2
2
3
5
7
11
13
19
21
25
29
31
33
31
31
31
30
29
25
20
18
15
13
11
9
6
6
4
2
1
-1
-2
-4
-5
-9
-11
-13
-11
-12
-13
-14
-15
-17
-18
-21
-24
-24
-27
-29
-31
-32
-33
-34
-32
-31
-29
-27
-24
-21
-20
-18
-13
-10
-6
-4
-1
3
5
8
10
11
12
14
13
14
13
12
12
11
13
12
12
15
15
15
17
20
21
23
24
26
27
29
29
30
30
30
28
27
27
26
26
24
25
23
21
18
16
13
10
6
3
0
-3
-8
-12
-15
-17
-17
-19
-19
-21
-23
-24
-24
-25
-27
-28
-31
-31
-34
-36
-38
-37
-39
-37
-37
-36
-34
-31
-28
-25
-20
-16
-9
-4
2
5
8
11
12
14
15
14
13
14
12
13
12
11
12
13
15
15
15
17
17
18
18
19
17
17
14
12
10
6
2
0
-1
-3
-4
-5
-3
-1
1
3
5
6
6
8
8
10
12
13
13
12
12
10
9
9
8
5
4
1
-3
-7
-12
-15
-17
-19
-20
-23
-26
-28
-29
-28
-26
-25
-25
-22
-21
-20
-19
-16
-13
-9
-8
-4
-3
-2
-1
0
5
8
12
14
16
18
20
21
22
23
24
23
22
21
18
16
14
13
12
8
7
3
0
-2
-2
0
2
3
3
4
5
3
3
4
5
6
6
5
4
4
6
9
10
12
13
14
13
12
12
13
13
12
10
9
9
9
9
6
3
2
-1
-4
-6
-8
-9
-11
-14
-16
-17
-20
-23
-25
-26
-28
-29
-29
-29
-29
-29
-28
-26
-25
-22
-18
-15
-13
-11
-8
-5
-4
-2
0
1
0
0
-1
-2
-3
-5
-7
-7
-9
-10
-13
-12
-13
-10
-11
-10
-10
-11
-11
-11
-9
-6
-3
-2
-1
1
2
4
5
8
11
12
15
16
17
18
19
21
23
26
28
30
32
31
33
33
35
36
35
34
33
31
29
25
19
15
11
6
2
-3
-8
-11
-12
-14
-15
-14
-14
-13
-13
-11
-8
-8
-6
-6
-6
-7
-6
-7
-7
-8
-9
-11
-13
-14
-15
-15
-14
-13
-12
-11
-11
-9
-8
-8
-4
-3
-2
-2
-4
-5
-4
-5
-4
-5
-4
-4
-6
-6
-7
-7
-7
-7
-7
-5
-4
-3
-1
1
4
5
7
11
15
18
20
22
25
27
28
30
31
30
29
26
24
22
19
17
13
12
10
7
5
1
-1
-3
-2
-4
-5
-8
-11
-14
-16
-17
-19
-21
-23
-27
-30
-34
-35
-36
-39
-39
-39
-37
-36
-34
-32
-29
-28
-26
-21
-19
-17
-15
-14
-12
-10
-9
-7
-5
-6
-4
-2
-2
-1
1
2
5
8
9
10
13
15
18
21
23
26
29
31
33
35
38
38
39
41
40
41
40
39
37
35
34
32
29
28
27
27
27
26
26
26
23
23
21
20
19
16
13
9
7
3
-2
-6
-12
-17
-23
-30
-35
-39
-43
-46
-49
-51
-52
-52
-54
-54
-53
-52
-50
-49
-47
-43
-41
-40
-38
-37
-36
-34
-33
-31
-30
-29
-29
-27
-23
-20
-16
-15
-10
-6
0
4
8
12
18
22
26
29
33
36
39
42
44
46
46
47
46
45
47
48
48
46
45
45
45
45
45
45
44
45
43
42
42
43
43
42
40
37
34
30
26
21
14
6
-1
-8
-16
-23
-32
-40
-47
-54
-59
-64
-70
-75
-77
-79
-80
-80
-80
-80
-80
-79
-78
-75
-73
-70
-67
-62
-58
-52
-47
-41
-35
-26
-18
-11
-3
5
12
20
29
36
41
44
46
49
52
53
55
56
57
57
59
61
64
65
66
67
69
71
73
74
74
74
73
74
75
73
73
70
66
62
57
52
45
38
29
22
14
6
-1
-11
-22
-33
-41
-49
-55
-62
-69
-74
-79
-83
-86
-88
-90
-91
-93
-94
-94
-94
-95
-96
-98
-98
-96
-92
-90
-88
-85
-80
-73
-66
-58
-50
-41
-32
-22
-13
-1
9
18
29
37
44
53
59
64
69
75
80
86
88
90
92
95
94
96
96
94
93
92
89
88
85
83
79
76
72
69
64
59
53
45
38
31
23
16
6
-3
-10
-16
-22
-29
-37
-45
-53
-62
-67
-71
-75
-79
-82
-85
-87
-90
-90
-92
-93
-96
-97
-96
-96
-95
-94
-93
-92
-89
-85
-81
-77
-71
-64
-55
-46
-37
-28
-20
-10
-2
9
20
29
37
45
52
59
66
73
79
84
89
94
99
104
105
106
108
107
108
107
105
100
96
93
91
87
82
76
70
64
58
51
44
37
30
23
18
9
2
-7
-15
-20
-28
-35
-41
-48
-53
-60
-63
-67
-71
-75
-76
-80
-84
-86
-90
-89
-91
-93
-93
-92
-91
-90
-90
-88
-84
-79
-72
-66
-59
-52
-44
-37
-29
-22
-18
-10
-2
4
11
17
23
29
32
38
46
50
56
63
67
70
73
77
82
85
88
89
92
92
91
90
88
85
80
78
72
68
61
54
46
38
31
22
15
8
1
-6
-14
-18
-23
-30
-35
-39
-44
-48
-50
-52
-56
-58
-61
-64
-67
-69
-72
-72
-74
-73
-74
-73
-72
-70
-68
-65
-63
-59
-55
-52
-48
-43
-38
-32
-28
-24
-19
-15
-10
-5
1
8
13
18
23
26
30
33
37
42
45
49
51
54
54
56
59
62
64
67
68
69
70
69
69
68
67
66
64
61
58
51
46
41
37
31
27
22
16
7
0
-6
-11
-17
-23
-28
-33
-36
-40
-44
-48
-52
-55
-57
-60
-61
-62
-63
-64
-64
-62
-62
-60
-59
-55
-54
-50
-46
-43
-39
-36
-32
-28
-24
-21
-15
-11
-8
-4
-1
3
7
11
12
16
19
24
26
30
33
36
39
42
43
45
46
46
46
48
48
48
46
42
40
39
38
38
36
33
30
29
27
25
22
19
16
13
13
10
9
5
2
-1
-3
-4
-7
-10
-13
-17
-23
-27
-31
-36
-41
-43
-44
-45
-47
-48
-49
-50
-49
-48
-47
-44
-42
-40
-36
-34
-30
-27
-24
-21
-18
-13
-9
-4
0
4
9
13
18
20
25
30
33
36
37
40
40
40
40
38
37
36
34
32
31
28
26
23
22
19
16
14
12
10
9
8
5
2
-1
-1
0
-2
-4
-5
-6
-7
-8
-8
-8
-10
-11
-13
-14
-16
-17
-18
-22
-24
-26
-26
-28
-29
-31
-32
-33
-33
-34
-32
-32
-31
-29
-25
-23
-21
-19
-18
-15
-12
-7
-4
-1
2
2
6
9
14
18
19
21
24
26
28
29
33
36
38
39
39
39
38
37
36
35
34
33
29
27
23
19
16
12
11
8
4
1
-2
-5
-9
-10
-12
-13
-13
-15
-16
-18
-18
-20
-21
-20
-18
-17
-17
-17
-16
-16
-15
-14
-12
-13
-12
-13
-14
-14
-13
-13
-13
-12
-11
-9
-9
-8
-7
-6
-7
-6
-6
-8
-9
-8
-7
-5
-5
-6
-4
-2
-1
0
2
4
7
10
12
14
16
19
21
24
26
25
26
25
25
24
25
23
22
21
21
18
18
15
14
11
9
8
5
1
-3
-5
-7
-9
-11
-12
-13
-15
-16
-17
-17
-18
-16
-16
-17
-19
-19
-20
-21
-21
-22
-21
-21
-20
-19
-18
-16
-14
-10
-8
-3
0
1
2
3
4
6
7
8
8
7
6
6
6
6
5
7
6
8
6
8
8
10
11
12
15
13
14
13
14
15
16
18
18
17
15
14
14
13
12
10
8
8
6
5
2
2
0
1
1
0
-2
-4
-5
-6
-7
-8
-9
-11
-14
-15
-17
-17
-20
-21
-21
-23
-22
-23
-22
-21
-21
-21
-20
-22
-21
-20
-19
-16
-13
-11
-9
-8
-5
-3
-1
1
5
9
12
13
15
15
15
17
19
21
20
19
17
17
16
15
14
14
11
12
10
11
9
8
7
7
8
8
7
5
4
4
5
6
7
6
4
5
5
5
4
4
4
5
5
4
3
1
0
-1
-2
-2
-3
-6
-9
-12
-13
-14
-16
-19
-20
-23
-22
-22
-22
-22
-21
-21
-19
-17
-14
-13
-11
-9
-8
-6
-4
-3
-4
-1
-1
2
2
3
5
5
6
8
9
13
16
19
21
21
22
23
24
25
25
23
23
21
20
21
20
20
18
17
16
15
13
9
8
5
3
1
-3
-5
-9
-10
-11
-11
-10
-9
-11
-12
-11
-11
-10
-11
-10
-8
-8
-9
-10
-11
-12
-12
-11
-9
-9
-9
-11
-12
-10
-10
-11
-12
-14
-15
-16
-17
-18
-20
-21
-20
-20
-18
-17
-17
-17
-15
-15
-14
-11
-10
-10
-10
-7
-5
-2
0
1
2
4
6
10
13
13
15
16
17
19
20
22
24
25
24
23
23
22
21
20
18
19
18
17
16
15
14
15
14
15
15
13
13
11
9
8
9
10
9
7
6
5
5
5
5
3
3
3
2
2
1
0
-3
-5
-6
-8
-10
-12
-15
-17
-20
-21
-23
-24
-25
-25
-25
-24
-23
-24
-24
-25
-23
-22
-21
-21
-20
-21
-21
-20
-18
-17
-16
-16
-14
-11
-8
-3
-2
1
3
5
8
11
14
15
17
16
17
16
17
17
17
17
17
17
17
17
19
19
21
21
21
22
21
20
20
19
18
17
16
14
12
11
10
11
10
10
9
9
9
7
7
5
4
2
-1
-1
-2
-2
-6
-7
-8
-10
-11
-13
-13
-16
-19
-20
-20
-21
-23
-23
-24
-24
-25
-26
-26
-27
-25
-25
-22
-19
-18
-18
-16
-15
-14
-12
-11
-12
-10
-9
-6
-6
-5
-3
-2
0
3
7
8
10
11
12
15
18
20
21
21
21
22
22
24
23
22
21
21
21
20
19
18
18
18
20
20
20
18
17
15
14
14
12
9
5
2
0
-4
-6
-9
-8
-10
-12
-13
-14
-13
-13
-16
-16
-15
-18
-19
-19
-18
-19
-20
-20
-20
-21
-22
-22
-20
-17
-17
-15
-16
-15
-15
-15
-14
-12
-11
-12
-12
-14
-11
-9
-7
-6
-5
-4
-1
1
2
4
6
9
10
14
18
19
18
20
22
24
26
26
26
25
26
26
26
26
25
24
22
23
20
20
19
17
17
14
13
13
13
10
7
6
5
6
4
2
1
-2
-4
-6
-7
-8
-10
-13
-15
-17
-17
-20
-19
-19
-21
-21
-20
-21
-22
-21
-21
-22
-19
-18
-17
-18
-17
-17
-15
-13
-12
-11
-10
-9
-8
-7
-5
-4
-3
-3
-2
-1
1
2
3
6
7
8
8
8
10
12
13
14
15
15
14
15
16
17
17
17
15
14
14
13
12
13
11
11
10
10
7
5
5
3
1
0
-2
-4
-5
-8
-7
-9
-8
-8
-9
-9
-11
-11
-12
-12
-11
-11
-11
-10
-11
-10
-10
-10
-9
-8
-6
-6
-6
-6
-5
-2
0
-1
0
0
0
1
0
3
5
5
4
5
5
5
4
4
6
7
6
4
2
4
3
4
4
5
4
4
3
4
4
5
7
8
9
8
7
6
6
6
7
8
7
5
4
3
3
4
4
3
2
0
-1
-2
-3
-4
-3
-3
-6
-7
-8
-9
-11
-11
-10
-10
-10
-11
-11
-12
-11
-11
-10
-8
-7
-6
-7
-7
-6
-4
-3
-3
0
1
1
2
3
4
4
5
6
7
7
6
6
9
10
9
9
8
9
8
7
6
6
6
6
5
3
2
4
5
3
3
2
2
0
-1
-1
-1
-1
-1
-1
-1
-3
-3
-2
-1
1
1
3
2
1
0
1
1
1
2
1
-1
-2
-3
-4
-3
-1
0
-1
-3
-3
-4
-4
-6
-6
-6
-7
-9
-12
-11
-10
-9
-11
-9
-6
-6
-5
-5
-3
0
3
4
4
6
6
5
4
4
4
4
4
4
3
2
1
1
0
0
-1
-2
-3
-4
-4
-5
-7
-7
-8
-9
-10
-11
-10
-10
-10
-8
-8
-8
-7
-7
-7
-3
-1
-1
0
2
3
4
3
4
5
5
5
5
7
7
7
8
9
11
11
12
11
11
11
11
12
13
13
11
12
11
10
11
9
10
11
10
10
7
8
7
7
6
5
5
5
4
3
2
2
3
4
4
5
5
6
8
8
10
10
9
9
7
6
4
4
3
1
-1
-3
-5
-7
-9
-11
-13
-15
-19
-22
-24
-27
-27
-28
-30
-31
-30
-31
-31
-29
-27
-25
-23
-22
-19
-17
-15
-15
-12
-11
-8
-5
-3
-2
0
2
4
6
9
11
12
12
13
13
14
17
16
17
17
18
17
18
18
17
17
15
14
14
11
10
9
6
5
3
4
3
2
2
1
2
2
1
0
0
0
1
2
2
1
0
-1
-1
-2
-2
-4
-5
-6
-7
-8
-9
-11
-12
-12
-13
-14
-14
-15
-15
-16
-16
-16
-14
-14
-14
-14
-12
-10
-9
-8
-5
-5
-1
1
3
5
8
10
11
13
15
16
19
20
22
23
24
24
25
26
24
23
24
24
26
25
23
21
21
20
19
18
15
13
12
9
8
5
3
4
0
-2
-4
-5
-7
-10
-12
-13
-15
-17
-19
-21
-22
-24
-23
-21
