4
-4
-11
-5
-15
-2
8
13
12
0
1
-2
9
4
-2
-4
5
0
-1
6
9
2
1
1
-9
-1
-2
-9
-13
1
-2
4
-1
-4
9
3
1
-2
-2
-4
3
-2
2
-4
9
-11
-13
-8
-4
5
-1
15
-1
-3
-4
-6
-13
-12
6
10
11
14
-2
-4
-7
7
14
-6
8
10
0
-10
-4
-4
-6
4
17
5
-13
-14
-8
-7
-3
7
3
-8
-1
9
-17
-1
11
7
10
-2
5
-12
-5
5
3
1
-3
13
-1
3
10
0
-4
-7
-8
4
-9
7
-6
5
11
2
9
0
-5
-1
0
-2
9
1
1
-3
7
10
-2
-2
-4
1
-13
-4
1
3
-5
-8
-6
-3
-2
-10
4
-7
3
-12
4
9
8
1
-5
-4
-13
5
18
18
10
-7
18
2
-4
-6
-5
-6
-2
11
-2
3
9
2
-17
-19
-5
6
-2
11
-1
-5
-4
-4
-11
-6
1
3
4
1
13
-5
-1
-2
12
6
-8
1
17
11
11
-1
2
-19
-14
-9
0
5
-1
1
-11
11
-17
-4
-9
-13
11
18
22
-4
-3
-10
-22
-20
2
-2
7
30
24
4
-4
-12
-8
-8
17
0
-3
-6
-7
4
9
17
2
2
5
-6
-10
-21
-6
-6
10
3
-6
-1
-10
1
-1
11
22
-6
-17
-2
2
-7
-11
24
10
14
-4
12
-12
-3
10
10
20
0
-13
-18
-23
5
0
-10
4
-2
9
5
2
6
-3
3
9
-22
-31
-8
-1
21
31
25
17
-3
11
-28
-23
-16
-14
-4
6
26
5
21
15
-11
-24
-10
-1
-17
32
22
3
7
-13
1
-11
-1
25
12
9
-9
-21
-23
-12
-21
17
9
7
-21
-7
15
-4
3
-11
-2
-6
-6
-17
0
25
14
4
0
-13
-12
-8
14
20
6
7
0
-18
-12
12
-3
19
0
-5
-13
-19
-4
11
32
5
-4
-5
-21
2
0
3
-14
-23
20
42
3
5
2
-10
1
0
-1
-21
-10
20
-29
-17
17
13
16
14
2
-38
-7
6
0
-20
30
7
-12
0
20
-12
-19
18
27
-30
0
23
-14
4
10
4
-24
-4
11
-8
-10
43
23
-29
-12
-3
-18
-15
57
6
-21
26
5
-27
-31
-8
1
-13
51
36
-26
-19
-13
-12
-33
33
53
4
5
0
-5
-55
-6
-10
1
28
12
46
-28
10
-20
-9
-22
9
5
2
-25
50
26
-23
33
-18
-31
-8
1
-16
1
-1
41
-8
4
7
-46
13
-44
-9
21
-10
28
15
21
-25
17
-56
-24
23
10
25
-7
30
6
-43
26
-26
33
-6
15
13
-92
22
8
48
3
9
13
-48
14
-37
-68
29
-3
53
11
12
37
-60
10
-21
-16
1
40
-18
29
36
-50
6
-9
17
15
22
63
-50
-44
20
-95
-1
19
19
27
34
31
-55
-24
-35
-20
10
39
2
-13
-2
2
10
5
6
19
-28
11
12
-8
12
-12
28
2
5
6
-34
22
-11
0
10
-11
14
-2
-1
1
-28
-34
-21
-5
37
-14
66
3
0
-46
-38
1
19
63
54
-35
-28
-68
-44
32
72
29
10
18
-76
-40
-43
31
-16
34
68
4
-51
-1
-19
55
-15
35
-1
-83
46
-45
51
-14
39
75
-38
30
-61
-91
-34
14
89
32
50
-54
-69
-27
16
-23
12
72
44
3
-38
-22
-88
-31
44
73
5
75
-25
-69
-34
3
-29
5
59
8
2
35
-39
36
-47
44
30
-44
27
-26
-39
-38
-3
56
-31
29
30
-28
40
-27
33
-56
-41
-2
-23
33
42
-50
-22
-14
33
7
-9
53
-9
39
11
-41
-63
-22
13
29
-15
55
39
7
43
7
-98
-57
10
-24
-11
56
4
-4
56
28
-13
-9
11
-45
-29
30
-53
-1
6
54
37
34
41
-54
-24
-21
-62
21
-14
32
-5
54
48
-42
16
-71
-36
20
39
-42
-12
12
-29
-5
16
59
1
-2
34
-34
20
-39
-62
-1
-3
26
2
-7
23
-16
29
23
33
-32
-2
-79
21
-4
28
64
19
34
35
-85
-76
-26
-49
6
41
108
63
-54
-20
-55
-136
44
16
81
117
25
-8
-31
-39
-1
-96
39
18
-67
25
57
22
-45
34
19
-54
-39
-7
-74
17
101
63
9
39
-138
-96
-5
50
103
17
114
11
-59
-37
-132
-92
-39
87
105
2
124
4
-66
-19
34
-17
0
-36
-82
-38
-30
83
20
37
88
47
-59
1
-71
-118
-41
75
93
-45
77
-45
-48
14
50
-37
19
38
-34
-79
1
46
-61
-71
42
-3
-18
80
52
-28
8
75
-15
-84
69
18
-94
22
24
-31
-10
42
30
-20
66
-72
-39
1
148
-22
-124
39
-80
-27
59
-8
-72
40
110
-88
-22
42
-90
60
42
14
-54
77
-40
-38
23
22
84
113
-24
-78
-93
-55
-11
0
123
126
59
6
-95
-123
-142
-99
-19
49
52
140
69
-55
16
5
-44
83
40
-38
-11
-85
3
-72
27
116
39
144
76
-96
-101
-220
-47
-95
-144
151
159
193
153
31
-133
-265
-137
-67
1
115
264
183
103
90
-39
-242
-178
-9
-49
6
103
19
-135
40
12
-82
-47
50
1
1
50
39
-44
50
99
-74
12
-32
95
-16
142
54
-141
21
-65
-156
-43
-32
15
-13
124
103
-87
71
-102
-59
-39
41
51
-32
31
6
-171
113
9
-16
88
44
73
-10
-57
-43
-96
26
92
67
80
105
37
-10
-15
-30
-217
-162
-54
-232
-148
132
142
235
198
-96
-113
-263
8
-35
178
267
212
222
129
-188
-311
-211
-328
-145
222
148
223
37
90
-40
-54
120
-148
-87
-51
-21
-52
-62
37
-44
110
250
73
72
-92
-136
-82
-110
42
27
140
79
80
-17
-200
-241
-189
-67
-58
196
259
214
290
62
-24
-88
-229
-123
-168
-40
12
-13
109
140
112
39
17
57
-5
-22
-127
-171
-139
-69
-54
60
90
146
98
76
30
-78
-135
-89
-48
-64
-17
-73
47
78
158
94
40
38
8
-57
-11
27
-50
-73
255
226
155
141
-108
-244
-267
-251
-113
-16
202
289
181
116
-120
-237
-290
-172
-146
26
225
256
192
152
120
-22
-36
-113
-153
-174
-83
-14
-31
49
73
34
-3
47
-46
-72
-101
-98
-118
-118
-68
-90
38
108
168
81
9
-36
-124
-118
-50
36
68
141
183
158
128
72
-11
-110
-104
-95
-59
-93
-3
26
85
110
107
36
-36
-65
-150
-98
-120
-23
-30
-11
79
42
5
-12
-8
-12
-52
3
92
13
78
88
-34
-23
-5
-65
-78
77
36
20
90
57
-29
-76
-30
-90
-136
-22
13
52
103
158
142
148
126
36
36
-7
13
-64
46
73
62
74
46
71
-73
-84
-103
-168
-99
79
104
-9
57
-72
-119
-150
-90
-67
-71
50
9
42
27
52
121
76
239
238
41
65
9
-131
-161
-138
-164
-133
-19
131
173
106
101
58
-57
-107
-205
-208
-224
-135
-53
-25
49
84
136
166
93
104
-14
-85
-28
-118
-69
-72
-33
-23
-34
-38
-72
-119
-55
-82
-71
-35
-66
-29
-95
-94
-123
-127
-98
7
-61
-5
72
51
20
59
95
41
65
39
19
-20
-18
43
7
38
85
62
168
151
107
57
-35
-71
-123
-116
-68
-76
-5
108
162
174
207
204
147
135
108
137
85
84
112
70
127
134
189
145
168
170
77
119
84
15
0
55
52
89
76
23
-34
-52
-95
-158
-187
-216
-199
-268
-263
-247
-240
-197
-194
-114
-129
-110
-123
-128
-122
-70
-91
-51
-20
-12
28
46
49
31
73
19
33
95
95
63
80
106
69
60
62
-21
-38
9
-42
-83
-13
-5
-20
-17
-7
-62
-123
-127
-158
-175
-165
-106
-60
-19
61
87
40
109
92
64
128
168
224
261
245
188
143
116
106
79
13
-27
-44
-76
-136
-183
-262
-336
-359
-394
-433
-439
-399
-373
-321
-213
-128
-77
-28
17
72
133
219
267
329
404
433
414
379
381
315
292
291
249
231
232
235
201
197
96
15
-45
-121
-160
-190
-177
-161
-132
-147
-115
-117
-151
-48
-11
41
-4
5
22
-66
-44
-12
5
-7
35
66
87
70
3
48
80
24
3
-35
-34
-52
-47
-104
-118
-58
-18
23
34
71
47
44
97
94
210
441
620
721
848
956
862
754
734
545
324
163
-30
-322
-491
-567
-729
-832
-856
-933
-1010
-1030
-1011
-1080
-1189
-1114
-1104
-1081
-960
-810
-642
-450
-209
-21
207
483
683
820
894
920
908
743
625
504
327
206
83
-35
-86
-132
-218
-300
-316
-327
-435
-484
-521
-602
-621
-589
-629
-469
-272
-118
185
580
885
1065
1253
1356
1347
1243
1161
1032
862
755
673
552
496
520
453
301
205
98
-114
-292
-349
-554
-726
-718
-716
-780
-737
-571
-549
-465
-274
-190
-156
-62
-39
-120
-129
-116
-196
-277
-221
-252
-276
-185
-63
-55
-65
-31
-68
-114
-165
-208
-375
-411
-402
-392
-316
-177
61
123
227
366
346
287
283
329
454
889
1352
1606
1775
1953
2018
1772
1529
1218
698
314
26
-388
-828
-1018
-1161
-1433
-1560
-1571
-1622
-1709
-1727
-1785
-1899
-1915
-1786
-1755
-1699
-1438
-1199
-981
-663
-182
249
695
1052
1234
1402
1500
1481
1315
1109
858
576
269
41
-104
-164
-181
-259
-297
-317
-371
-482
-563
-707
-901
-1056
-1095
-1057
-945
-668
-308
46
443
899
1349
1691
1972
2181
2298
2332
2374
2348
2259
2154
1999
1897
1777
1650
1499
1274
908
591
243
-215
-713
-1043
-1319
-1610
-1721
-1661
-1602
-1467
-1207
-1015
-850
-636
-443
-392
-338
-271
-243
-275
-255
-207
-259
-209
-80
-28
13
51
50
-31
-89
-93
-171
-215
-272
-380
-463
-456
-477
-566
-500
-380
-310
-269
-201
-144
-123
-35
39
101
346
840
1360
1714
2002
2216
2302
2218
1926
1535
1123
639
99
-405
-924
-1301
-1524
-1791
-2025
-2203
-2318
-2497
-2722
-2862
-2981
-3089
-3062
-2916
-2781
-2573
-2162
-1697
-1238
-638
14
572
1020
1371
1640
1746
1721
1676
1514
1278
1030
754
504
325
237
143
11
-105
-163
-214
-359
-541
-742
-938
-1161
-1255
-1181
-1035
-752
-317
93
548
1083
1566
1997
2350
2670
2810
2868
2928
2908
2880
2771
2661
2529
2347
2285
2205
1990
1616
1210
749
199
-331
-835
-1291
-1652
-1825
-1931
-1916
-1697
-1408
-1211
-1054
-756
-574
-515
-374
-209
-133
-84
9
125
238
387
501
491
499
523
459
366
224
29
-133
-230
-396
-579
-689
-769
-821
-805
-770
-730
-706
-679
-591
-592
-596
-566
-546
-541
-458
-189
379
1229
1927
2266
2553
2803
2679
2293
1824
1184
443
-137
-704
-1410
-1825
-1901
-2216
-2641
-2750
-2704
-2911
-3132
-3213
-3410
-3558
-3455
-3297
-3223
-2894
-2286
-1721
-1151
-365
526
1257
1827
2301
2528
2628
2624
2470
2174
1765
1393
1032
752
577
499
480
331
166
70
-65
-341
-692
-1096
-1497
-1843
-1982
-1968
-1889
-1539
-1025
-567
-16
705
1377
1888
2329
2629
2753
2766
2801
2744
2604
2524
2434
2298
2177
2179
2092
1872
1657
1284
656
6
-563
-1190
-1799
-2167
-2393
-2497
-2394
-2091
-1732
-1437
-1031
-643
-411
-201
-14
56
74
176
237
348
658
942
1081
1183
1325
1349
1235
1107
860
532
258
37
-243
-473
-538
-581
-598
-511
-419
-349
-276
-297
-340
-396
-445
-510
-558
-420
-34
653
1470
2069
2484
2919
3128
2985
2614
2114
1449
692
40
-694
-1398
-1882
-2208
-2611
-2970
-3014
-3069
-3236
-3433
-3609
-3809
-4020
-3966
-3835
-3677
-3349
-2822
-2158
-1471
-488
575
1341
1888
2308
2613
2642
2516
2290
1882
1430
972
596
310
199
190
121
-17
-170
-234
-452
-814
-1199
-1609
-2070
-2404
-2487
-2410
-2109
-1590
-964
-322
424
1206
1855
2381
2841
3111
3173
3147
3074
2990
2870
2789
2677
2556
2578
2597
2408
2103
1755
1218
554
-69
-764
-1471
-1953
-2290
-2552
-2549
-2254
-1924
-1595
-1146
-710
-388
-110
82
132
145
216
283
330
519
817
1050
1231
1433
1513
1461
1347
1102
786
461
165
-163
-451
-639
-811
-857
-740
-643
-565
-401
-313
-307
-313
-309
-339
-440
-422
-293
170
947
1797
2430
2899
3337
3438
3297
2913
2348
1612
794
34
-869
-1546
-2012
-2422
-2877
-3205
-3232
-3362
-3521
-3725
-3895
-4066
-4249
-4214
-4178
-3959
-3534
-2971
-2282
-1505
-499
469
1301
1930
2357
2627
2623
2496
2186
1751
1282
831
480
170
40
-13
-105
-286
-422
-512
-779
-1157
-1588
-2017
-2430
-2662
-2728
-2591
-2172
-1668
-1065
-413
337
1172
1862
2412
2864
3197
3353
3346
3329
3312
3260
3173
3082
2936
2880
2841
2565
2118
1721
1344
724
47
-504
-1046
-1617
-2003
-2141
-2254
-2108
-1720
-1446
-1196
-763
-376
-268
-92
83
63
75
206
251
279
525
783
826
929
1111
1085
993
910
682
370
167
17
-318
-588
-640
-654
-616
-495
-335
-260
-205
-104
-214
-281
-232
-294
-318
-324
-15
530
1313
2249
2830
3291
3589
3663
3421
2895
2357
1580
755
-70
-807
-1416
-1930
-2229
-2651
-2965
-3143
-3242
-3381
-3660
-3800
-4010
-4149
-4146
-4044
-3735
-3307
-2685
-2050
-1256
-302
580
1379
1849
2192
2406
2367
2189
1836
1512
1084
593
226
3
-62
-137
-207
-410
-634
-830
-1154
-1540
-1991
-2347
-2717
-2953
-2908
-2706
-2255
-1719
-1112
-462
264
1085
1751
2347
2860
3208
3336
3418
3496
3479
3511
3488
3363
3210
3133
2995
2612
2220
1825
1202
496
-80
-710
-1370
-1768
-2018
-2211
-2160
-1873
-1628
-1346
-929
-593
-440
-314
-137
-148
-167
-71
-25
20
185
362
460
649
811
825
735
631
451
119
-100
-280
-538
-688
-715
-776
-864
-800
-632
-562
-577
-567
-665
-805
-799
-815
-843
-828
-611
-209
385
1257
2299
3181
3666
3943
4003
3849
3330
2528
1829
1031
195
-491
-1061
-1562
-1924
-2100
-2427
-2716
-2839
-3005
-3329
-3743
-3923
-4045
-4066
-3831
-3480
-2999
-2360
-1526
-697
164
1131
1870
2337
2526
2602
2525
2258
1933
1500
1132
787
485
322
276
315
258
57
-303
-676
-1023
-1480
-1952
-2393
-2659
-2839
-2784
-2445
-1984
-1387
-761
-108
537
1237
1928
2518
2968
3218
3448
3625
3672
3736
3796
3778
3669
3515
3332
3094
2789
2361
1755
1044
341
-359
-1047
-1562
-1915
-2207
-2306
-2281
-2159
-1880
-1521
-1318
-1224
-1080
-947
-939
-971
-899
-792
-690
-536
-346
-114
192
467
549
559
551
413
223
47
-193
-429
-570
-671
-737
-735
-682
-660
-666
-646
-647
-720
-753
-799
-915
-931
-912
-926
-828
-585
-162
366
1142
2190
2977
3461
3798
3827
3639
3122
2372
1604
748
36
-562
-1135
-1582
-1764
-1842
-2152
-2420
-2533
-2665
-3034
-3420
-3560
-3713
-3729
-3508
-3159
-2678
-1973
-1169
-437
394
1308
2096
2534
2695
2847
2796
2502
2180
1818
1419
1067
831
647
501
431
344
99
-352
-739
-1063
-1531
-2083
-2580
-2876
-3059
-3004
-2699
-2305
-1739
-1005
-248
354
1101
1914
2560
3008
3290
3462
3568
3670
3732
3757
3732
3698
3567
3341
3113
2802
2306
1744
1054
241
-425
-1010
-1589
-2075
-2412
-2556
-2551
-2392
-2096
-1828
-1613
-1441
-1352
-1260
-1053
-877
-844
-758
-571
-334
-58
274
543
678
769
774
649
495
329
31
-372
-677
-870
-991
-982
-876
-859
-844
-706
-631
-722
-812
-902
-1099
-1222
-1196
-1154
-1079
-796
-466
-177
267
816
1518
2490
3344
3735
3765
3675
3429
2784
1965
1257
450
-326
-853
-1326
-1758
-1919
-1951
-2290
-2701
-2890
-3088
-3484
-3832
-3916
-4063
-4095
-3687
-3158
-2607
-1776
-802
-10
746
1541
2283
2774
2888
2837
2683
2403
2054
1715
1436
1170
942
763
611
412
271
79
-472
-1003
-1305
-1716
-2216
-2576
-2716
-2749
-2615
-2162
-1613
-991
-172
662
1378
2087
2835
3369
3632
3870
4050
4120
4135
4134
4081
3988
3905
3720
3414
3119
2699
2058
1354
608
-121
-805
-1285
-1633
-2014
-2291
-2386
-2476
-2522
-2395
-2313
-2325
-2228
-1951
-1720
-1475
-1149
-874
-643
-275
145
363
591
811
804
699
677
645
398
173
-21
-353
-593
-622
-528
-535
-472
-439
-595
-732
-813
-907
-1133
-1329
-1440
-1568
-1477
-1207
-1066
-801
-383
-52
233
584
1088
1491
2066
2974
3335
3277
3241
3148
2714
2006
1495
788
-44
-562
-919
-1406
-1917
-2043
-2392
-2943
-3241
-3473
-3715
-4060
-4073
-4036
-3984
-3544
-3000
-2370
-1794
-997
-179
400
1024
1624
2207
2456
2470
2491
2376
2132
1818
1588
1225
826
547
201
-135
-445
-626
-1021
-1550
-1760
-2002
-2271
-2451
-2392
-2256
-2131
-1671
-1127
-523
172
1008
1751
2359
3119
3659
4018
4294
4618
4826
4699
4611
4519
4290
3940
3568
3127
2491
2039
1654
981
279
-214
-732
-1402
-1899
-2226
-2652
-2922
-2930
-2918
-2885
-2626
-2238
-2046
-1762
-1208
-749
-426
-8
329
483
695
868
858
863
905
808
590
458
336
80
-170
-399
-731
-1015
-1090
-1207
-1358
-1372
-1349
-1379
-1387
-1323
-1290
-1256
-1169
-1142
-1049
-744
-385
-75
261
582
885
1160
1397
1687
1962
2618
3416
3633
3678
3637
3444
2920
2093
1372
463
-435
-1132
-1730
-2312
-2758
-2948
-3433
-3909
-4035
-4030
-4084
-4282
-4118
-3941
-3780
-3249
-2613
-2046
-1522
-787
-151
328
952
1570
2111
2305
2348
2335
2120
1901
1559
1147
666
259
-143
-658
-921
-1073
-1185
-1491
-1773
-1720
-1728
-1737
-1746
-1614
-1429
-1216
-823
-339
266
910
1615
2189
2663
3334
3798
3961
4133
4246
4279
4231
4176
4054
3793
3564
3270
2737
2213
1758
1117
470
-100
-660
-1116
-1530
-1932
-2214
-2352
-2419
-2561
-2631
-2587
-2523
-2329
-2068
-1787
-1397
-876
-479
-172
323
739
922
1061
1174
1122
983
880
620
301
141
0
-292
-540
-596
-805
-1018
-1076
-1156
-1250
-1192
-1038
-1058
-1019
-912
-856
-787
-633
-575
-463
-70
314
627
967
1319
1467
1546
1712
1733
1737
2254
3096
3351
3318
3477
3362
2795
1912
1156
189
-949
-1616
-2210
-2838
-3217
-3263
-3419
-3736
-3690
-3503
-3495
-3633
-3564
-3389
-3405
-3067
-2488
-1968
-1492
-906
-195
404
1060
1709
2238
2356
2255
2187
1839
1447
1027
525
-29
-573
-798
-929
-1052
-1099
-1099
-1257
-1524
-1510
-1500
-1581
-1663
-1590
-1386
-1228
-832
-291
264
886
1496
1982
2415
2944
3295
3424
3463
3459
3466
3408
3434
3392
3219
3030
2683
2198
1699
1257
673
-60
-642
-1131
-1607
-1880
-1994
-2168
-2345
-2317
-2271
-2370
-2263
-1925
-1695
-1425
-988
-519
-29
526
1040
1290
1449
1697
1773
1679
1623
1466
1133
824
531
167
-120
-282
-541
-832
-957
-1096
-1290
-1400
-1467
-1509
-1416
-1152
-943
-836
-563
-280
-82
137
414
641
827
1144
1384
1560
1724
1696
1645
1518
1429
1482
1721
2484
3000
2947
2787
2508
2015
1059
70
-768
-1683
-2315
-2736
-3025
-3120
-2837
-2629
-2811
-2716
-2540
-2609
-2990
-3223
-3153
-3269
-3175
-2747
-2144
-1486
-873
-127
533
1224
1791
2127
2283
2154
1963
1538
1042
730
486
207
-122
-197
-132
-133
-160
-161
-272
-751
-1106
-1236
-1490
-1697
-1784
-1799
-1806
-1538
-1059
-678
-184
405
884
1125
1398
1846
2130
2300
2411
2462
2508
2597
2820
2980
2915
2737
2469
2006
1463
990
475
-195
-827
-1308
-1737
-1982
-1901
-1933
-2157
-2066
-1858
-1801
-1706
-1376
-1067
-912
-516
-111
152
598
1145
1287
1288
1568
1641
1445
1384
1304
971
662
475
100
-282
-346
-496
-845
-925
-854
-960
-944
-685
-582
-484
-77
292
370
473
701
790
762
871
953
1068
1356
1470
1420
1488
1469
1220
1025
966
846
875
1613
2216
2006
1813
1698
1184
241
-614
-1118
-1795
-2198
-2246
-2347
-2217
-1796
-1584
-1893
-1997
-1897
-2238
-2865
-3279
-3218
-3175
-3119
-2729
-2093
-1340
-749
-264
239
794
1267
1453
1405
1217
1107
949
567
431
648
832
761
697
797
745
461
161
-238
-859
-1360
-1750
-2172
-2342
-2204
-2044
-2071
-1942
-1487
-1082
-766
-353
69
298
548
899
1189
1585
2074
2359
2388
2540
2891
3034
2893
2809
2684
2149
1517
1092
719
267
-76
-361
-802
-1063
-953
-817
-875
-807
-705
-931
-1128
-1037
-937
-869
-643
-324
-87
193
666
1019
1123
1258
1260
1025
876
834
609
318
130
-41
-217
-224
-105
-82
-56
1
-15
-106
-43
45
-72
-69
2
-21
39
150
293
420
618
796
827
902
923
812
603
428
75
-331
-557
-802
-926
-674
283
1239
1522
1670
1720
1443
794
114
-242
-616
-844
-875
-866
-739
-337
-80
-481
-909
-1110
-1528
-2317
-2998
-3066
-3143
-3260
-2979
-2401
-1683
-1115
-588
-128
254
612
806
918
966
1032
1070
970
1066
1397
1644
1551
1335
1201
919
418
-173
-771
-1367
-1819
-2175
-2560
-2736
-2559
-2333
-2393
-2413
-2153
-1832
-1593
-1352
-1023
-626
-109
427
834
1331
1895
2246
2365
2507
2763
2932
3129
3305
3180
2854
2589
2326
1848
1307
805
134
-473
-853
-1213
-1504
-1440
-1225
-1294
-1320
-1053
-862
-876
-804
-702
-712
-522
-86
210
395
784
1158
1229
1395
1648
1669
1591
1432
1116
768
689
646
404
289
307
265
201
204
117
-35
-158
-402
-687
-742
-656
-685
-697
-508
-322
-201
-43
67
-19
-90
-154
-419
-662
-759
-877
-1063
-1136
-1057
-896
-234
1101
2172
2478
2590
2694
2497
1809
1082
723
415
271
201
18
72
394
280
-623
-1447
-1859
-2557
-3598
-4221
-4141
-4087
-4006
-3412
-2583
-1803
-1184
-720
-497
-250
95
261
273
525
1144
1528
1512
1689
2112
2303
1897
1248
720
57
-666
-1230
-1674
-2063
-2113
-2068
-2293
-2478
-2313
-2194
-2508
-2746
-2627
-2509
-2351
-1832
-1049
-272
564
1367
2010
2578
3128
3554
3657
3801
3989
3907
3767
3745
3843
3748
3391
2976
2467
1887
1169
359
-357
-963
-1409
-1756
-1999
-1916
-1585
-1415
-1338
-1077
-818
-726
-605
-306
-79
121
491
833
1184
1707
2102
2091
2001
1956
1626
1254
1089
958
768
626
543
348
222
180
-103
-502
-783
-1129
-1515
-1620
-1486
-1386
-1196
-863
-624
-520
-411
-301
-417
-579
-705
-947
-1012
-944
-886
-772
-603
-387
-263
-222
-148
-5
755
2011
2761
2792
2824
2855
2495
1654
903
559
270
140
-41
-278
-236
-24
-401
-1408
-2199
-2702
-3527
-4435
-4689
-4484
-4435
-4212
-3453
-2595
-1868
-1282
-968
-827
-581
-225
-34
188
781
1486
1721
1743
1991
2245
2157
1661
1078
466
-204
-769
-1038
-1215
-1384
-1490
-1751
-2102
-2309
-2286
-2394
-2661
-2599
-2242
-1950
-1585
-798
180
1017
1724
2284
2722
3171
3681
3903
3911
4081
4346
4349
4247
4314
4248
3881
3327
2614
1760
978
272
-565
-1329
-1672
-1836
-2009
-1978
-1731
-1634
-1605
-1551
-1569
-1489
-1343
-1133
-819
-283
322
921
1702
2441
2802
2932
2960
2701
2374
2114
1681
1177
1003
844
460
223
219
39
-362
-637
-891
-1295
-1611
-1807
-2077
-2229
-2157
-2126
-2118
-1822
-1520
-1389
-1149
-797
-540
-418
-255
-165
-105
-13
16
-50
-26
-9
-73
-81
13
-10
250
1495
2597
2687
2447
2447
2161
1063
-48
-650
-1132
-1198
-941
-977
-1210
-975
-901
-1739
-2574
-2953
-3594
-4713
-5149
-4710
-4441
-4111
-3252
-2219
-1528
-1142
-936
-1026
-928
-551
-125
189
616
1433
1998
2264
2487
2634
2448
1828
1159
645
193
-250
-514
-642
-769
-774
-876
-1258
-1634
-1673
-1723
-2123
-2264
-1828
-1310
-845
-116
772
1523
2129
2597
2913
3178
3416
3428
3309
3475
3839
4045
4019
4046
4022
3723
3293
2688
1974
1305
548
-278
-955
-1349
-1643
-1937
-1835
-1460
-1327
-1304
-1018
-766
-630
-270
164
406
767
1424
1935
2139
2549
2940
2846
2682
2728
2589
2205
2033
1868
1455
996
516
-91
-759
-1176
-1593
-2185
-2514
-2600
-2680
-2622
-2384
-2246
-2085
-1842
-1745
-1651
-1356
-1090
-1035
-892
-535
-293
-172
147
289
195
187
176
-155
-529
-779
-1048
-1363
-1647
-1776
-1833
-683
892
1351
1169
1294
1526
683
-534
-882
-1178
-1254
-802
-549
-836
-690
-277
-1055
-2065
-2247
-2497
-3758
-4537
-3790
-3226
-3055
-2485
-1701
-1301
-1118
-900
-1226
-1350
-761
-26
306
801
2030
2900
2950
2886
3050
2959
2082
1129
701
579
468
371
359
318
359
248
-376
-1150
-1569
-1799
-2455
-2883
-2431
-1800
-1472
-888
185
1021
1541
1910
2005
1996
2256
2568
2588
2849
3570
4062
4253
4607
4809
4320
3609
3132
2490
1557
812
293
-215
-543
-576
-656
-863
-798
-601
-657
-796
-605
-307
-103
404
1141
1563
1751
2080
2424
2515
2605
2693
2479
2184
2124
2028
1605
1248
1018
524
-79
-558
-1064
-1634
-2063
-2374
-2650
-2816
-2769
-2659
-2563
-2279
-1978
-1855
-1716
-1472
-1367
-1417
-1368
-1214
-1185
-1251
-1260
-1219
-1272
-1447
-1573
-1699
-1783
-1849
-1980
-2047
-2181
-2147
-2187
-2260
-2322
-2126
-550
987
1651
1774
2057
2515
1786
748
386
266
409
447
516
171
-104
-432
-1268
-2082
-2707
-3095
-4046
-4720
-4209
-3511
-3110
-2864
-2096
-1427
-1449
-1502
-1276
-809
-566
149
1123
1953
2897
3639
3982
3795
3768
3884
3248
2277
1775
1615
1154
875
997
782
153
-314
-607
-1447
-2341
-2644
-3045
-3593
-3472
-2779
-2235
-1566
-490
174
430
1001
1660
1751
1999
3010
3636
3863
4520
5256
5495
5646
5762
5146
4281
3920
3436
2477
2065
2046
1425
706
646
481
-170
-470
-493
-857
-1167
-983
-735
-419
324
956
1060
1212
1610
1627
1360
1326
1265
1018
913
864
736
813
876
552
29
-365
-785
-1375
-1817
-2157
-2503
-2630
-2666
-2804
-2790
-2511
-2342
-2463
-2622
-2724
-2760
-2793
-2800
-2800
-2547
-2256
-2221
-2264
-2183
-1982
-2034
-2090
-2092
-2011
-1795
-1506
-1175
-938
-703
-381
-209
-81
40
471
1871
3211
3823
3494
2948
2753
2205
1200
121
-416
14
376
169
-437
-647
-683
-1286
-2204
-3031
-3274
-3640
-4125
-4126
-3461
-2292
-1383
-958
-827
-792
-641
-531
-431
-209
524
1502
2305
2864
3234
3636
3669
3139
2415
1736
1115
470
-83
-387
-374
-321
-548
-1056
-1528
-1832
-2384
-3200
-3682
-3620
-3280
-2721
-1896
-839
205
1057
1712
2139
2400
2639
2846
3097
3467
4030
4570
5215
5814
6137
6114
5672
5083
4231
3292
2443
1810
1407
1117
998
796
581
450
292
-63
-669
-1049
-1114
-1124
-1087
-944
-524
-17
367
483
379
300
168
-47
-294
-297
-154
-122
-184
-238
-254
-456
-823
-1281
-1721
-2087
-2389
-2626
-2691
-2570
-2477
-2454
-2355
-2250
-2375
-2649
-2814
-2833
-2774
-2659
-2507
-2217
-1717
-1295
-1150
-1075
-828
-653
-838
-1057
-938
-638
-454
-280
49
538
896
938
844
821
907
757
488
872
1934
2891
2922
2167
1471
938
310
-400
-899
-784
-263
218
343
142
-185
-628
-1036
-1461
-1966
-2392
-2625
-2380
-1789
-1190
-734
-379
-73
-117
-566
-1009
-1126
-875
-431
106
652
1182
1560
1540
1323
1061
874
732
526
285
27
-69
45
214
300
107
-203
-568
-1006
-1443
-1698
-1482
-847
-12
658
1153
1600
1832
1844
1768
1782
1950
2126
2310
2553
3026
3682
4249
4573
4620
4395
3765
2876
2050
1539
1411
1436
1427
1343
1275
1188
959
641
312
-57
-615
-1193
-1541
-1595
-1372
-1004
-580
-327
-264
-392
-749
-1201
-1530
-1622
-1661
-1611
-1327
-873
-501
-337
-303
-477
-838
-1222
-1548
-1765
-1803
-1604
-1312
-1085
-794
-565
-517
-674
-926
-1218
-1602
-1787
-1772
-1644
-1544
-1296
-949
-741
-719
-799
-882
-1055
-1072
-936
-842
-615
-262
142
352
433
535
480
364
238
122
46
63
274
539
753
826
748
562
438
431
515
668
858
1032
1009
727
344
31
-238
-420
-421
-291
-239
-290
-425
-726
-1116
-1462
-1611
-1667
-1638
-1473
-1219
-980
-829
-669
-474
-260
-44
75
55
-54
-78
20
209
505
824
1091
1268
1318
1111
727
507
472
428
316
317
501
592
563
534
616
754
760
641
598
814
1045
1097
1113
1288
1482
1424
1247
1224
1293
1280
1166
1115
1226
1410
1503
1413
1185
931
679
366
66
-65
-85
-95
-88
2
81
59
47
43
-116
-384
-538
-608
-726
-790
-713
-605
-536
-346
-55
115
96
-26
-246
-549
-835
-1047
-1136
-1045
-835
-723
-730
-754
-770
-896
-1129
-1349
-1503
-1577
-1572
-1452
-1250
-1130
-1106
-1037
-882
-795
-833
-897
-889
-848
-781
-615
-407
-230
-97
-28
-17
7
30
79
162
313
459
550
589
600
498
282
60
-122
-220
-363
-512
-537
-406
-340
-379
-384
-329
-398
-534
-536
-508
-523
-493
-352
-169
104
476
805
976
1051
1091
1064
1021
1108
1320
1615
1950
2193
2205
1951
1598
1195
779
437
173
-55
-289
-517
-749
-937
-1005
-1036
-1164
-1367
-1445
-1474
-1545
-1496
-1147
-579
-82
243
461
633
784
836
820
857
1039
1308
1495
1607
1700
1735
1613
1347
1077
853
598
273
13
-66
-42
-26
-5
1
-68
-196
-303
-375
-424
-361
-146
181
551
908
1186
1339
1390
1397
1381
1299
1192
1134
1172
1162
1049
942
947
912
726
442
122
-206
-610
-1025
-1355
-1592
-1802
-2033
-2150
-2062
-1928
-1896
-1975
-2025
-2065
-2158
-2234
-2091
-1699
-1331
-1067
-845
-672
-630
-682
-690
-622
-609
-673
-698
-570
-349
-221
-214
-176
-83
-171
-481
-736
-710
-555
-526
-516
-316
-81
3
-104
-205
-193
-168
-192
-140
38
255
350
394
551
729
775
684
590
634
723
780
816
955
1102
1218
1433
1825
2247
2449
2434
2269
2001
1677
1368
1165
1047
1021
989
830
529
101
-438
-1086
-1673
-2106
-2440
-2664
-2693
-2503
-2311
-2214
-2176
-2128
-2015
-1887
-1724
-1541
-1300
-918
-403
193
786
1307
1698
1834
1754
1585
1443
1427
1524
1649
1666
1617
1549
1404
1210
1065
932
703
364
58
-125
-176
-77
114
292
400
434
428
475
584
747
900
1045
1226
1406
1555
1646
1742
1843
1882
1783
1577
1337
1089
771
439
222
46
-168
-450
-705
-929
-1182
-1482
-1761
-1962
-2087
-2188
-2299
-2375
-2382
-2311
-2216
-2105
-1979
-1872
-1790
-1755
-1735
-1688
-1622
-1538
-1468
-1407
-1358
-1321
-1249
-1075
-846
-607
-409
-200
13
209
298
240
188
205
320
413
499
652
880
1096
1225
1250
1193
1120
963
739
529
412
367
366
413
499
611
667
622
491
399
380
333
252
249
342
420
490
610
693
677
564
406
204
-31
-221
-346
-445
-534
-588
-681
-813
-904
-903
-863
-746
-605
-575
-610
-577
-493
-495
-541
-449
-225
-21
137
270
391
414
409
414
393
378
328
257
211
225
303
370
445
479
476
409
339
323
366
484
642
834
993
1144
1249
1240
1218
1264
1319
1316
1317
1461
1684
1825
1651
1212
734
314
-111
-550
-784
-729
-486
-291
-296
-427
-631
-864
-1113
-1240
-1261
-1223
-1106
-931
-710
-495
-262
-53
64
30
-150
-393
-593
-662
-578
-432
-343
-359
-487
-712
-1019
-1360
-1606
-1679
-1602
-1549
-1568
-1499
-1288
-997
-725
-471
-255
-165
-143
-101
31
211
477
781
1132
1416
1526
1473
1352
1287
1221
1126
1022
968
933
858
773
736
721
584
285
-62
-381
-658
-865
-965
-937
-846
-741
-646
-567
-512
-486
-517
-560
-566
-547
-499
-418
-336
-277
-200
-78
49
87
41
3
-70
-195
-282
-277
-184
-41
89
100
-12
-94
-102
-100
5
343
791
1154
1333
1437
1474
1381
1086
729
510
455
459
547
691
766
704
541
367
143
-82
-295
-443
-436
-290
-96
117
353
533
573
520
458
392
335
368
535
741
875
962
973
944
855
669
404
113
-159
-414
-575
-625
-604
-559
-523
-607
-800
-1024
-1277
-1564
-1795
-1901
-1918
-1810
-1602
-1360
-1147
-959
-812
-711
-598
-447
-314
-213
-93
93
293
491
656
762
793
751
689
603
582
613
627
577
493
434
352
236
133
46
-11
-66
-92
-28
86
196
222
217
224
208
117
4
-35
13
148
289
411
476
469
390
304
200
87
-39
-60
-40
-61
-145
-250
-343
-438
-515
-534
-520
-573
-684
-725
-682
-641
-613
-591
-588
-615
-633
-656
-645
-563
-433
-313
-246
-177
-162
-223
-256
-209
-137
-114
-111
-71
-46
-23
16
134
329
491
535
526
563
621
647
696
842
1011
1023
913
858
893
916
840
771
719
662
480
265
171
103
65
18
47
133
201
238
193
155
81
-16
-110
-116
-38
51
125
180
214
194
91
-69
-251
-395
-470
-524
-544
-521
-416
-326
-317
-386
-464
-590
-774
-951
-1044
-996
-846
-706
-583
-446
-301
-244
-231
-224
-203
-167
-121
-66
-3
122
265
372
400
391
345
286
252
227
258
313
375
444
504
537
514
479
429
356
288
251
254
291
334
347
321
334
357
310
198
99
32
-78
-195
-263
-269
-229
-158
-117
-79
-17
47
56
37
7
-51
-114
-151
-138
-93
20
147
231
223
145
71
-25
-124
-209
-232
-217
-195
-164
-171
-193
-236
-341
-447
-486
-444
-381
-319
-257
-182
-158
-178
-213
-201
-132
-63
-9
13
49
77
106
59
-20
-85
-88
-52
-2
12
3
-4
1
-9
-25
-6
33
96
132
116
61
17
31
31
-18
-70
-76
-46
7
73
134
192
196
117
13
-20
-45
-71
-94
-42
-12
-48
-87
-107
-73
-55
-35
-46
-49
-32
10
28
13
31
70
76
51
82
137
184
201
205
189
153
101
34
-28
-83
-129
-172
-221
-281
-312
-320
-340
-367
-358
-311
-250
-184
-145
-108
-33
62
119
146
203
263
309
322
365
453
587
686
735
770
792
805
771
729
678
621
573
517
458
422
359
267
183
98
-18
-157
-277
-357
-410
-409
-390
-360
-330
-283
-260
-251
-224
-200
-195
-185
-157
-108
-35
51
128
192
224
221
165
86
13
-68
-149
-267
-367
-418
-458
-518
-569
-577
-617
-688
-735
-730
-684
-615
-562
-500
-374
-233
-135
-46
48
111
114
122
147
173
167
135
112
159
225
263
289
302
265
173
93
44
32
-14
-56
-69
-35
-13
-14
6
55
121
127
134
141
171
176
155
127
104
103
103
105
155
260
304
267
181
124
62
-14
-72
-82
-85
-111
-167
-242
-270
-262
-272
-274
-189
-125
-130
-157
-150
-134
-99
-86
-54
-23
-32
-44
-73
-53
-42
-4
46
101
159
138
100
74
48
42
76
183
273
371
475
557
603
581
566
542
525
514
512
563
597
600
558
535
491
385
261
130
46
-37
-110
-147
-178
-223
-300
-372
-457
-551
-632
-659
-619
-540
-469
-429
-387
-332
-298
-320
-365
-389
-404
-430
-437
-402
-308
-200
-133
-101
-85
-63
-36
-26
-25
-20
-37
-64
-57
9
99
162
176
130
59
0
-17
-13
-12
26
124
201
209
180
144
87
9
-87
-150
-141
-124
-95
-46
33
99
115
83
29
13
36
79
129
188
226
249
266
272
243
210
179
143
107
63
12
-17
-42
-90
-131
-165
-190
-211
-229
-243
-266
-311
-348
-358
-323
-247
-151
-74
-24
6
-9
-60
-109
-132
-110
-80
-39
37
146
234
264
247
182
77
-6
-30
35
162
289
399
466
500
488
425
346
272
227
145
78
58
60
44
25
27
6
-36
-96
-161
-208
-204
-188
-148
-88
-43
11
71
114
131
148
162
165
167
146
127
111
87
44
13
-9
-61
-124
-180
-204
-209
-204
-223
-269
-311
-365
-422
-434
-399
-344
-287
-209
-158
-138
-111
-96
-67
1
90
149
197
240
277
307
333
358
369
391
383
332
239
151
66
-2
-35
-42
-42
-35
-57
-92
-133
-205
-276
-327
-351
-357
-335
-291
-212
-132
-72
-43
-17
2
19
52
66
94
117
114
95
92
94
71
44
36
15
-29
-60
-87
-89
-86
-98
-123
-133
-126
-144
-158
-109
-66
-63
-66
-43
-4
9
12
-13
-24
-22
-27
-52
-62
-39
0
15
5
17
37
51
49
95
135
143
144
170
199
226
264
303
352
407
437
406
375
337
293
244
205
177
149
134
111
86
65
57
7
-85
-183
-250
-289
-331
-354
-337
-263
-209
-198
-197
-184
-171
-177
-149
-98
-43
-5
30
53
88
122
118
93
73
59
5
-52
-77
-78
-100
-132
-151
-146
-119
-87
-58
-42
-37
-32
-7
31
64
125
175
197
193
188
173
145
109
66
9
-59
-108
-107
-77
-29
-2
-13
-39
-64
-113
-164
-178
-197
-231
-238
-183
-126
-93
-66
-33
-5
-15
-40
-79
-121
-136
-124
-89
-46
9
47
72
83
74
46
22
27
30
30
34
36
51
78
113
146
178
186
178
144
104
69
57
67
113
163
171
161
159
161
126
79
35
-10
-95
-183
-214
-212
-183
-147
-117
-104
-130
-188
-224
-221
-172
-94
-9
62
86
83
68
71
69
43
8
-17
-25
0
38
98
168
185
141
37
-43
-104
-144
-126
-56
20
72
109
113
97
65
27
-15
-44
-51
-39
13
62
118
148
135
86
54
8
-52
-88
-80
-56
-45
-19
39
99
113
95
67
56
58
64
70
108
167
233
259
253
256
254
218
171
124
75
12
-64
-137
-195
-216
-230
-247
-272
-287
-316
-359
-369
-339
-303
-269
-245
-232
-210
-209
-220
-229
-201
-143
-59
40
134
189
173
110
46
-27
-87
-116
-79
-15
32
57
70
92
62
20
-27
-34
-35
-35
-19
40
96
119
132
128
121
112
119
149
199
241
275
262
242
219
192
166
150
146
154
154
124
83
51
22
-30
-71
-88
-83
-100
-127
-162
-184
-198
-232
-256
-257
-231
-209
-176
-131
-91
-83
-113
-139
-148
-136
-117
-75
-5
72
121
133
118
96
59
16
-12
-6
35
84
137
174
186
179
161
123
92
84
81
85
94
108
102
75
57
32
-1
-37
-59
-52
-52
-65
-89
-114
-137
-179
-186
-145
-73
-6
42
70
67
45
36
45
64
108
165
218
254
256
237
203
152
77
-3
-45
-71
-83
-83
-63
-45
-56
-78
-109
-148
-203
-256
-292
-298
-282
-241
-197
-157
-117
-95
-89
-103
-106
-85
-51
-15
29
82
142
168
159
135
128
125
103
80
65
73
78
73
60
44
29
-3
-33
-48
-46
-51
-76
-83
-61
-51
-42
-12
20
33
34
61
76
77
59
47
22
-4
-7
5
9
19
34
16
-17
-40
-71
-119
-139
-109
-97
-110
-104
-74
-59
-53
-43
-26
-19
-26
-6
25
48
57
69
95
113
113
93
70
74
78
70
75
82
83
66
57
68
71
55
16
-19
-32
-42
-56
-47
-7
41
62
66
67
78
68
67
54
50
49
50
37
24
12
10
2
-21
-35
-54
-66
-68
-59
-54
-34
-5
-5
-13
-18
-21
-29
-9
8
13
24
40
42
31
28
18
-23
-67
-92
-97
-96
-78
-59
-42
-37
-57
-86
-103
-118
-114
-90
-68
-54
-45
-34
-16
14
17
10
-6
-17
-34
-53
-49
-22
7
29
43
60
73
53
32
9
-22
-53
-56
-20
14
46
87
136
149
124
95
65
38
1
-13
3
50
86
108
117
124
100
36
-21
-71
-105
-131
-127
-108
-90
-70
-74
-81
-92
-98
-131
-166
-164
-147
-121
-78
-14
55
94
103
87
70
69
60
54
65
98
124
140
144
143
120
94
55
5
-28
-36
-27
-15
-2
11
12
2
-12
-37
-72
-98
-102
-95
-70
-37
-12
23
49
60
53
59
85
95
93
90
109
112
96
84
89
85
57
33
25
15
-6
-25
-38
-48
-52
-60
-81
-95
-98
-99
-105
-112
-107
-86
-74
-57
-39
-23
-11
-1
11
8
12
22
24
20
24
39
37
24
8
5
15
23
30
32
30
19
11
-3
-21
-51
-74
-85
-85
-76
-66
-45
-23
-10
-15
-34
-60
-86
-100
-90
-63
-15
37
74
106
128
126
100
66
42
36
29
28
31
42
54
55
58
47
46
27
-10
-36
-50
-46
-44
-30
-13
-7
-6
-1
-6
-15
-28
-36
-36
-38
-31
-19
-10
-7
-3
6
3
-5
-9
-16
-17
-18
-23
-27
-25
-25
-21
-6
2
-1
-10
-18
-23
-25
-22
-5
15
37
50
53
45
12
-30
-59
-64
-58
-44
-4
38
81
114
139
146
118
82
39
3
-18
-19
6
37
69
96
104
90
55
22
-36
-92
-124
-139
-129
-106
-59
-17
14
44
53
33
-7
-31
-62
-82
-81
-57
-20
23
59
93
107
105
83
56
35
1
-13
-7
11
40
69
100
109
95
74
43
8
-35
-59
-78
-94
-109
-116
-112
-119
-108
-105
-95
-85
-85
-79
-76
-76
-69
-43
-22
-7
4
39
58
63
58
53
58
47
35
26
17
12
-2
-4
-5
-5
-12
-21
-25
-24
-28
-32
-43
-37
-27
-10
18
49
65
69
66
59
50
27
-1
-18
-14
-8
6
26
48
54
36
12
-35
-71
-95
-101
-82
-52
-17
11
37
45
39
17
-15
-18
-17
-10
5
34
63
89
101
84
66
34
12
-19
-33
-21
6
34
46
51
41
18
-32
-65
-80
-84
-66
-33
11
38
60
72
54
27
16
-1
-16
-28
-24
-13
-1
2
-6
2
9
-3
-20
-34
-53
-79
-81
-71
-65
-47
-22
5
25
42
48
50
42
38
13
-3
3
17
33
46
65
74
60
46
27
11
5
-5
-6
-8
-4
-6
-10
-24
-47
-62
-83
-98
-109
-93
-70
-43
-19
-4
9
20
28
22
20
18
9
-6
-9
-1
20
34
35
50
62
63
59
45
26
7
3
-5
-4
-2
-4
0
2
-4
-12
-10
-2
-7
-18
-27
-36
-41
-54
-58
-56
-38
-16
1
15
19
23
16
9
0
-7
-10
-12
-3
15
37
47
47
42
20
0
-17
-42
-56
-57
-44
-39
-19
3
3
-6
-14
-22
-37
-28
-30
-31
-20
-1
9
27
42
47
53
42
38
18
17
11
27
34
37
47
45
55
39
23
-3
-22
-43
-58
-45
-20
2
16
25
26
24
18
-5
-23
-28
-19
-10
5
31
49
66
64
46
28
9
-6
-11
-5
-4
-2
2
0
-4
-17
-26
-30
-32
-37
-39
-30
-35
-35
-29
-10
-6
-17
-14
-14
-18
-17
0
14
18
29
40
41
30
15
-1
-14
-24
-33
-39
-36
-22
-13
1
8
8
3
-4
-6
-9
-7
0
10
22
34
39
44
44
31
14
7
-3
-13
-27
-28
-31
-36
-33
-23
-10
-6
-8
-13
-20
-32
-37
-48
-40
-24
0
14
24
39
37
33
20
14
7
-1
1
6
12
22
23
25
28
24
10
0
-4
-9
-10
-16
-12
0
2
2
-5
-7
-13
-25
-18
-18
-13
-2
2
8
10
3
3
-5
-7
3
12
22
28
36
35
25
12
7
-4
-13
-26
-34
-35
-44
-43
-32
-26
-19
-12
0
1
-6
-6
-7
-4
3
6
3
8
19
25
28
29
42
45
45
35
31
27
21
24
14
15
9
12
12
10
9
13
4
-10
-20
-26
-22
-22
-21
-18
-11
-6
-3
-1
-5
-6
-5
-4
-12
-19
-22
-23
-20
-16
-2
-3
-9
-14
-10
-9
-11
0
0
-4
0
1
0
6
17
23
24
18
14
3
-5
-10
-3
2
-1
3
-3
-7
-21
-24
-16
-14
-8
-7
-1
6
9
4
0
-1
-2
-8
-5
-4
-9
-9
-7
0
-7
-4
-11
-2
-1
1
-1
-1
8
7
11
9
11
5
7
10
10
11
6
8
13
16
16
19
13
4
2
-4
-12
-20
-22
-14
-2
9
6
7
11
8
-1
-6
-6
-11
-5
1
1
6
11
5
0
-5
-5
-4
0
-5
-4
-8
-7
-11
-8
-4
-10
-14
-17
-16
-18
-12
-3
-2
2
2
6
13
16
20
18
19
16
10
11
6
5
8
19
25
22
25
20
9
4
-7
-19
-28
-27
-20
-15
-7
1
2
-2
-7
-15
-23
-25
-21
-11
-5
-4
6
15
22
28
29
22
17
11
5
4
8
14
16
12
13
6
9
9
-1
-8
-13
-9
-11
-16
-8
-8
-6
-12
-17
-16
-10
-7
-12
-8
-15
-12
-15
-11
-8
-6
0
3
4
-4
-8
-14
-19
-17
-8
0
6
13
13
12
17
12
15
15
10
12
12
13
8
3
2
-2
-6
-4
-9
-12
-10
-7
-8
-12
-13
-9
-3
-3
0
7
1
-4
-6
-2
-1
4
10
11
13
12
13
12
9
4
1
-5
-6
-6
2
7
1
1
-4
-7
-16
-11
-10
-12
0
2
9
11
21
23
21
13
4
-4
-11
-9
3
4
7
9
9
10
8
8
-3
-4
-11
-10
-13
-16
-7
-1
2
3
8
5
2
4
-10
-10
-10
-2
0
-2
1
4
6
3
-6
-12
-9
-5
-2
-3
7
6
5
10
9
1
-6
-4
-9
-10
-9
-7
-6
0
9
10
7
3
-3
1
-2
-5
-2
-3
3
0
0
-5
-14
-12
-6
1
7
2
9
2
3
1
-5
-2
-5
-8
-10
5
