-1
-2
-2
-2
-3
-3
-3
-5
-5
-7
-8
-8
-8
-8
-8
-8
-6
-6
-6
-6
-5
-4
-2
-2
0
1
1
1
1
0
-1
0
-1
0
0
0
0
-1
-2
-3
-4
-6
-7
-7
-7
-8
-9
-8
-8
-7
-5
-4
-5
-4
-3
-2
-2
-1
1
2
4
5
5
6
6
7
7
7
9
7
8
8
8
8
8
8
7
6
6
7
6
5
5
6
5
6
2
2
1
1
1
1
2
4
4
4
4
3
3
3
2
1
-1
-1
-2
-3
-3
-4
-5
-4
-4
-3
-2
-1
-1
-2
-2
-1
-1
0
1
0
0
0
0
-2
-2
-2
-2
-2
-2
-2
-2
-3
-3
-2
-1
1
2
5
5
4
4
3
2
2
3
3
3
2
0
0
-2
-2
-2
-1
-1
-2
-2
-3
-3
-3
-4
-3
-4
-4
-3
-4
-4
-5
-6
-4
-4
-4
-2
0
1
1
2
3
3
3
3
3
2
3
2
3
2
2
1
1
1
1
0
0
-1
-1
-1
-1
-3
-3
-5
-6
-8
-8
-8
-8
-9
-10
-9
-9
-8
-8
-7
-7
-6
-6
-7
-7
-6
-6
-5
-4
-4
-2
-1
-1
0
1
0
1
1
2
1
2
1
1
2
1
1
-1
0
0
0
1
2
3
5
8
8
8
11
12
15
14
15
15
16
16
15
16
17
17
16
17
16
17
16
14
14
12
12
11
10
9
8
8
8
5
5
5
4
3
3
1
2
0
-2
-3
-3
-4
-5
-6
-8
-10
-12
-12
-10
-13
-14
-17
-18
-18
-19
-18
-18
-19
-19
-19
-18
-18
-18
-18
-20
-19
-17
-18
-16
-17
-15
-16
-16
-15
-14
-12
-13
-12
-12
-11
-8
-8
-4
-3
-1
0
1
4
4
7
8
10
13
12
14
15
16
16
17
19
17
18
18
17
17
16
17
16
15
16
15
15
14
13
11
10
10
8
10
10
12
11
11
11
11
12
9
10
8
7
7
4
2
-1
-2
-3
-3
-3
-6
-6
-8
-10
-12
-14
-14
-16
-16
-17
-18
-19
-20
-20
-20
-18
-17
-16
-15
-14
-13
-15
-14
-14
-14
-13
-13
-11
-11
-11
-10
-9
-8
-6
-2
-1
0
3
5
7
10
12
14
15
16
15
16
15
14
13
13
14
14
14
16
13
13
15
13
15
14
13
10
9
7
6
5
5
5
4
4
4
4
5
6
6
9
6
5
5
3
2
-2
-4
-4
-6
-6
-8
-7
-6
-6
-7
-8
-7
-10
-12
-14
-16
-19
-19
-20
-22
-20
-18
-17
-15
-15
-15
-14
-16
-16
-16
-16
-16
-15
-13
-12
-8
-4
0
6
10
14
17
18
18
16
15
13
11
11
10
11
12
13
13
15
15
16
18
19
16
14
11
8
3
3
0
-1
0
-1
2
5
8
10
12
12
13
12
11
9
8
5
4
1
1
2
0
0
-1
-2
-1
-2
-4
-4
-4
-6
-8
-9
-13
-14
-18
-21
-22
-23
-22
-23
-21
-21
-21
-20
-22
-21
-23
-23
-24
-24
-23
-23
-21
-18
-15
-12
-7
-3
-1
1
3
5
7
7
7
8
8
7
7
9
10
11
15
15
16
17
16
16
14
11
8
7
6
4
5
6
8
9
10
11
12
12
14
15
15
17
17
17
20
17
19
18
17
18
16
16
14
15
13
11
11
8
8
7
7
6
6
7
4
4
3
-1
-3
-6
-9
-12
-14
-14
-13
-12
-13
-12
-13
-11
-12
-11
-9
-11
-10
-11
-12
-13
-13
-13
-15
-16
-17
-19
-20
-21
-22
-21
-20
-19
-22
-22
-23
-25
-24
-26
-26
-27
-27
-25
-26
-24
-24
-23
-20
-19
-14
-11
-9
-7
-5
-3
1
5
10
16
20
24
28
29
31
32
34
34
35
35
35
37
38
40
45
47
51
54
55
56
56
55
54
52
50
47
44
41
39
35
32
33
32
32
30
30
29
26
23
18
14
6
-3
-12
-21
-29
-35
-41
-47
-53
-59
-65
-73
-79
-87
-97
-105
-113
-121
-129
-136
-141
-143
-143
-145
-143
-143
-143
-141
-138
-131
-129
-120
-113
-105
-93
-83
-66
-48
-26
-6
14
37
56
75
91
105
118
128
139
148
156
165
174
181
191
203
210
221
229
233
237
237
237
230
222
213
200
188
175
164
155
146
138
131
125
114
105
93
78
61
42
23
1
-22
-46
-70
-92
-114
-134
-153
-172
-191
-208
-225
-244
-260
-277
-294
-311
-328
-342
-354
-363
-371
-375
-378
-378
-373
-366
-356
-344
-328
-310
-288
-263
-238
-205
-172
-137
-98
-61
-22
16
54
86
120
154
183
213
237
262
284
305
331
355
381
401
416
428
436
444
445
446
440
428
411
390
370
350
331
311
291
272
255
238
219
200
182
158
131
104
75
45
15
-16
-45
-73
-99
-123
-147
-169
-190
-209
-228
-249
-268
-292
-313
-338
-361
-383
-405
-423
-440
-453
-463
-469
-472
-472
-467
-460
-446
-431
-414
-395
-374
-351
-327
-301
-272
-241
-208
-176
-138
-98
-58
-16
25
66
107
149
189
232
271
305
335
361
385
409
428
446
460
470
476
480
483
485
484
479
469
451
431
408
384
363
340
320
300
280
262
242
222
201
178
154
129
103
75
47
17
-10
-37
-65
-92
-120
-148
-174
-201
-227
-254
-281
-307
-334
-361
-387
-414
-438
-457
-476
-493
-504
-514
-518
-519
-518
-514
-507
-496
-483
-468
-450
-429
-408
-384
-358
-330
-297
-264
-228
-188
-147
-100
-52
-2
48
96
144
190
234
271
304
334
361
392
419
449
477
502
523
541
556
569
581
589
588
578
559
535
505
476
448
423
401
381
365
348
335
319
300
280
254
225
194
158
121
84
46
9
-26
-60
-95
-129
-163
-199
-237
-276
-318
-360
-403
-447
-486
-525
-559
-586
-609
-626
-638
-645
-647
-647
-642
-634
-624
-612
-596
-578
-557
-531
-505
-473
-441
-404
-367
-327
-285
-238
-187
-135
-83
-28
27
80
134
187
232
276
313
346
378
414
451
489
527
558
583
603
619
632
642
646
644
631
612
587
561
537
515
495
478
464
452
440
429
414
398
375
345
311
273
235
196
156
117
82
46
11
-25
-62
-101
-144
-195
-251
-309
-367
-426
-479
-530
-574
-610
-640
-659
-674
-680
-684
-683
-680
-677
-668
-660
-647
-635
-619
-598
-577
-551
-521
-489
-457
-422
-384
-350
-315
-279
-244
-207
-169
-125
-78
-28
28
85
141
196
251
303
355
407
460
510
555
591
622
650
669
685
696
697
692
675
652
624
599
575
555
539
527
519
512
508
502
496
486
472
452
427
398
366
332
296
258
219
179
138
94
42
-14
-78
-150
-226
-304
-382
-457
-527
-588
-643
-687
-722
-749
-767
-778
-781
-780
-774
-764
-753
-739
-728
-713
-697
-678
-656
-632
-605
-578
-550
-525
-498
-476
-451
-427
-404
-375
-343
-304
-258
-204
-139
-67
9
86
166
247
326
402
479
552
618
675
721
758
785
805
816
821
816
802
779
748
712
677
640
608
582
564
550
542
538
536
534
532
530
526
521
512
500
483
458
429
389
343
285
218
140
55
-39
-137
-237
-337
-433
-525
-605
-675
-730
-775
-801
-819
-823
-821
-813
-802
-790
-778
-766
-754
-745
-730
-720
-707
-695
-679
-666
-651
-640
-629
-616
-606
-587
-571
-545
-520
-487
-448
-398
-338
-266
-183
-91
9
108
212
307
399
482
559
631
693
746
791
822
842
849
850
841
826
803
772
735
694
653
616
587
568
558
555
559
570
584
603
625
647
667
681
685
678
654
617
566
500
421
328
227
119
5
-111
-226
-335
-439
-535
-622
-697
-763
-817
-860
-892
-910
-924
-929
-932
-928
-922
-908
-889
-871
-851
-829
-807
-789
-767
-750
-728
-712
-695
-686
-679
-668
-660
-643
-616
-571
-515
-446
-366
-273
-168
-55
65
189
307
414
507
584
653
713
767
817
859
894
916
928
935
934
930
919
900
874
836
793
748
710
683
670
667
674
688
702
722
742
760
777
787
787
771
732
674
597
507
405
293
173
46
-86
-223
-357
-487
-609
-718
-817
-903
-975
-1035
-1083
-1116
-1134
-1139
-1137
-1123
-1106
-1085
-1062
-1037
-1009
-980
-946
-916
-885
-860
-836
-815
-795
-772
-748
-722
-690
-652
-609
-551
-488
-406
-313
-209
-93
30
160
289
411
520
615
692
756
807
849
887
916
938
953
959
959
955
947
937
918
896
865
831
794
762
742
735
742
765
799
836
874
908
932
947
944
923
875
801
700
578
441
300
158
22
-107
-233
-357
-477
-593
-698
-789
-873
-934
-998
-1065
-1130
-1188
-1228
-1252
-1256
-1239
-1207
-1179
-1156
-1142
-1120
-1091
-1060
-1022
-988
-960
-937
-925
-909
-883
-838
-774
-691
-598
-499
-391
-276
-151
-11
143
302
447
577
675
745
793
827
854
872
885
882
863
833
802
772
747
730
712
690
664
632
604
590
599
634
693
773
866
962
1048
1125
1189
1230
1242
1214
1148
1044
910
754
592
427
260
94
-70
-228
-375
-513
-635
-744
-839
-921
-990
-1042
-1076
-1094
-1097
-1081
-1056
-1024
-989
-958
-933
-911
-899
-894
-898
-915
-946
-984
-1026
-1061
-1080
-1076
-1046
-993
-915
-818
-698
-561
-413
-253
-89
80
241
383
494
569
627
667
700
723
744
749
722
673
614
562
514
471
432
392
356
321
296
299
337
408
503
625
769
918
1057
1184
1295
1374
1416
1415
1375
1296
1178
1036
883
725
562
392
222
59
-96
-245
-386
-510
-620
-714
-786
-835
-854
-860
-855
-837
-808
-774
-748
-727
-718
-724
-750
-788
-831
-880
-940
-1021
-1096
-1149
-1179
-1180
-1150
-1084
-1008
-918
-805
-654
-467
-266
-56
150
336
466
541
592
626
642
624
593
544
470
364
254
180
133
93
37
-15
-50
-79
-97
-77
5
134
287
465
686
930
1148
1328
1477
1587
1633
1610
1539
1439
1294
1107
899
695
505
310
125
-33
-170
-285
-387
-462
-499
-517
-514
-492
-442
-379
-321
-270
-236
-218
-228
-271
-343
-432
-532
-644
-766
-899
-1035
-1158
-1267
-1343
-1368
-1338
-1271
-1194
-1097
-954
-771
-557
-316
-41
227
417
529
619
713
767
751
709
643
523
335
141
-13
-135
-255
-377
-467
-506
-513
-512
-469
-345
-174
0
194
449
725
959
1152
1335
1485
1547
1525
1450
1337
1164
939
697
467
244
17
-184
-328
-421
-497
-558
-573
-539
-488
-420
-313
-180
-58
51
169
280
356
382
364
296
185
49
-120
-311
-516
-727
-948
-1147
-1278
-1345
-1356
-1306
-1212
-1096
-940
-716
-452
-176
132
455
693
823
934
1055
1089
1022
930
823
634
368
109
-116
-297
-457
-608
-738
-796
-791
-788
-746
-594
-373
-182
18
309
634
899
1123
1354
1537
1606
1565
1462
1296
1048
736
388
54
-260
-564
-845
-1041
-1128
-1171
-1181
-1108
-953
-786
-620
-406
-169
36
217
394
551
657
727
747
686
583
450
272
50
-186
-436
-722
-989
-1188
-1320
-1394
-1378
-1289
-1171
-987
-710
-376
-49
309
693
982
1133
1252
1381
1394
1272
1120
962
698
356
42
-236
-474
-682
-865
-1016
-1074
-1051
-1024
-945
-722
-424
-168
106
482
869
1170
1413
1653
1814
1834
1740
1567
1329
1008
616
191
-215
-584
-943
-1268
-1481
-1571
-1615
-1610
-1481
-1260
-1031
-791
-490
-182
69
289
497
656
761
830
830
753
644
520
329
78
-163
-411
-707
-981
-1163
-1267
-1319
-1274
-1147
-981
-736
-388
-4
370
788
1199
1457
1555
1646
1697
1587
1362
1135
887
516
108
-241
-537
-787
-991
-1149
-1254
-1252
-1188
-1108
-938
-629
-281
25
395
847
1251
1542
1785
1997
2077
1996
1809
1547
1192
754
268
-220
-672
-1089
-1472
-1781
-1946
-1989
-1973
-1870
-1639
-1339
-1049
-729
-364
-31
219
433
618
718
759
752
681
540
383
208
-26
-286
-541
-809
-1106
-1341
-1454
-1491
-1448
-1308
-1073
-784
-422
19
483
958
1420
1801
1978
2042
2068
1974
1716
1387
1100
722
248
-194
-561
-870
-1132
-1303
-1402
-1403
-1313
-1175
-977
-661
-250
137
532
989
1444
1780
2006
2196
2290
2211
1993
1714
1357
900
393
-107
-573
-1010
-1401
-1730
-1942
-2003
-1966
-1848
-1613
-1273
-922
-584
-211
154
425
604
743
810
775
680
540
331
66
-197
-473
-764
-1035
-1280
-1516
-1717
-1811
-1790
-1676
-1463
-1159
-796
-386
87
586
1088
1571
1985
2212
2243
2216
2089
1788
1373
978
562
38
-481
-899
-1222
-1476
-1630
-1681
-1617
-1433
-1194
-904
-521
-47
417
844
1291
1728
2052
2236
2360
2396
2274
1996
1629
1206
700
161
-357
-811
-1207
-1554
-1818
-1968
-1964
-1841
-1630
-1329
-937
-528
-161
214
571
842
999
1097
1128
1046
896
695
423
76
-274
-623
-987
-1317
-1591
-1807
-1989
-2053
-1971
-1784
-1500
-1140
-711
-259
228
735
1225
1678
2054
2267
2263
2182
2033
1742
1309
868
444
-92
-646
-1106
-1439
-1689
-1840
-1855
-1735
-1490
-1185
-830
-403
98
577
988
1397
1779
2051
2165
2186
2141
1971
1652
1259
838
356
-170
-663
-1062
-1392
-1659
-1818
-1866
-1793
-1605
-1317
-957
-559
-162
184
496
790
1007
1123
1164
1153
1041
854
634
358
19
-351
-706
-1052
-1374
-1622
-1796
-1908
-1925
-1814
-1577
-1254
-878
-449
12
479
941
1379
1770
2083
2204
2105
1934
1727
1406
957
527
147
-327
-821
-1198
-1443
-1602
-1682
-1646
-1473
-1192
-849
-471
-55
413
842
1184
1497
1786
1968
1974
1871
1729
1487
1102
663
244
-205
-687
-1112
-1412
-1628
-1794
-1837
-1767
-1606
-1350
-1008
-614
-211
177
510
777
1002
1175
1237
1204
1125
966
722
438
127
-205
-563
-894
-1179
-1428
-1601
-1694
-1706
-1633
-1454
-1169
-803
-395
45
497
933
1341
1706
2003
2186
2161
1930
1645
1321
915
440
8
-366
-808
-1218
-1491
-1617
-1631
-1556
-1378
-1077
-673
-255
149
559
981
1309
1515
1699
1841
1858
1713
1484
1233
884
411
-60
-476
-896
-1306
-1630
-1801
-1876
-1904
-1819
-1619
-1338
-998
-629
-226
173
507
769
973
1116
1194
1158
1026
858
615
315
-15
-353
-672
-981
-1252
-1456
-1585
-1634
-1605
-1499
-1284
-973
-600
-172
266
704
1145
1528
1841
2103
2271
2289
2065
1697
1360
978
531
73
-296
-641
-1066
-1421
-1608
-1666
-1604
-1403
-1107
-694
-216
253
686
1086
1470
1728
1851
1947
1985
1860
1592
1277
939
503
-39
-521
-944
-1371
-1738
-1965
-2040
-2028
-1960
-1789
-1511
-1183
-824
-459
-88
269
553
773
950
1064
1099
1022
853
650
376
55
-281
-606
-903
-1180
-1407
-1568
-1640
-1640
-1568
-1402
-1126
-766
-367
81
552
1017
1443
1803
2079
2248
2299
2184
1848
1415
1034
644
209
-185
-478
-798
-1183
-1451
-1557
-1565
-1429
-1129
-735
-280
202
652
1058
1421
1715
1881
1942
1982
1941
1738
1436
1106
731
257
-270
-732
-1142
-1535
-1833
-1969
-1978
-1916
-1791
-1584
-1300
-991
-661
-312
25
336
576
749
877
926
889
751
528
264
-38
-370
-683
-973
-1234
-1452
-1623
-1714
-1726
-1654
-1499
-1265
-936
-535
-107
354
840
1301
1708
2025
2259
2390
2349
2099
1695
1281
886
450
10
-335
-669
-1062
-1412
-1597
-1609
-1505
-1249
-849
-377
122
621
1057
1448
1785
1988
2088
2123
2119
1998
1726
1389
997
527
-12
-540
-1009
-1415
-1770
-1992
-2044
-2000
-1891
-1727
-1490
-1190
-857
-477
-68
324
658
902
1063
1143
1110
965
733
435
108
-235
-595
-929
-1239
-1526
-1763
-1940
-2006
-1984
-1877
-1661
-1334
-911
-437
59
581
1086
1519
1907
2196
2366
2431
2281
1947
1563
1185
780
303
-136
-518
-960
-1403
-1686
-1779
-1706
-1485
-1121
-633
-114
410
890
1288
1665
1956
2121
2225
2284
2220
1991
1650
1247
758
185
-361
-855
-1288
-1631
-1883
-2002
-2013
-1964
-1867
-1711
-1451
-1108
-722
-281
183
600
924
1140
1268
1295
1187
1002
760
458
135
-225
-614
-1002
-1386
-1739
-2035
-2224
-2270
-2206
-2029
-1710
-1279
-784
-263
258
807
1313
1735
2103
2359
2491
2451
2199
1843
1470
1048
563
72
-382
-849
-1338
-1706
-1894
-1923
-1789
-1493
-1059
-551
-19
513
1004
1457
1874
2195
2405
2542
2571
2412
2089
1682
1200
613
0
-543
-1033
-1455
-1778
-1976
-2074
-2107
-2058
-1936
-1717
-1406
-1017
-568
-87
379
764
1061
1256
1359
1347
1220
1051
810
505
144
-254
-677
-1114
-1524
-1882
-2151
-2301
-2315
-2207
-1964
-1587
-1126
-620
-111
421
948
1421
1836
2180
2416
2484
2334
2026
1688
1305
838
353
-95
-563
-1077
-1518
-1789
-1901
-1858
-1661
-1321
-866
-376
121
623
1107
1552
1922
2207
2417
2525
2473
2258
1928
1527
1020
441
-105
-601
-1066
-1467
-1748
-1917
-2027
-2067
-2010
-1856
-1612
-1290
-894
-438
17
420
761
1026
1194
1254
1215
1105
940
716
424
84
-292
-703
-1123
-1512
-1842
-2075
-2201
-2220
-2082
-1800
-1421
-962
-471
28
522
1003
1457
1851
2167
2362
2340
2121
1855
1550
1142
676
231
-237
-776
-1262
-1595
-1796
-1841
-1717
-1475
-1125
-689
-232
211
660
1120
1533
1872
2167
2380
2435
2309
2054
1726
1307
805
311
-141
-581
-1001
-1342
-1594
-1797
-1945
-1992
-1935
-1768
-1491
-1139
-736
-313
76
414
700
928
1073
1130
1113
1036
902
700
424
91
-281
-688
-1096
-1462
-1754
-1948
-2037
-2004
-1832
-1550
-1202
-812
-387
66
534
1010
1461
1836
2100
2198
2089
1873
1658
1389
1014
610
202
-294
-836
-1272
-1562
-1719
-1701
-1530
-1270
-929
-537
-160
211
628
1072
1472
1825
2128
2301
2274
2078
1793
1449
1029
584
185
-182
-558
-912
-1207
-1460
-1682
-1836
-1872
-1781
-1577
-1273
-913
-539
-183
125
394
625
815
959
1044
1062
1013
884
657
338
-32
-430
-833
-1212
-1528
-1767
-1933
-2001
-1947
-1761
-1471
-1121
-721
-284
168
621
1067
1477
1808
2001
2004
1857
1669
1472
1199
864
526
134
-354
-838
-1198
-1430
-1527
-1459
-1274
-1017
-707
-384
-88
227
610
1006
1367
1702
1972
2078
1989
1781
1520
1206
854
511
198
-123
-465
-793
-1081
-1330
-1528
-1632
-1610
-1476
-1249
-972
-682
-402
-146
87
305
516
696
826
890
888
815
671
450
169
-131
-445
-761
-1049
-1295
-1489
-1619
-1673
-1612
-1444
-1214
-941
-629
-280
103
510
918
1281
1547
1671
1619
1474
1353
1234
1049
821
556
191
-278
-720
-1029
-1207
-1236
-1112
-907
-683
-460
-271
-112
82
355
678
1010
1330
1573
1653
1568
1389
1162
918
681
475
284
66
-192
-475
-768
-1047
-1270
-1391
-1393
-1283
-1093
-864
-638
-440
-265
-94
90
282
469
633
749
790
751
632
445
210
-39
-277
-496
-698
-881
-1031
-1154
-1227
-1220
-1137
-1007
-837
-610
-336
-33
305
653
947
1139
1216
1187
1110
1066
1055
998
870
673
365
-49
-445
-711
-849
-857
-748
-594
-482
-417
-370
-324
-214
11
324
656
959
1168
1222
1138
997
855
725
630
578
499
342
107
-177
-495
-801
-1025
-1142
-1161
-1098
-983
-868
-767
-668
-556
-421
-231
8
244
446
593
664
640
538
396
233
67
-86
-230
-382
-540
-689
-823
-911
-921
-868
-779
-668
-514
-332
-135
96
360
602
778
876
902
894
906
940
943
892
772
546
225
-86
-303
-413
-422
-356
-280
-263
-304
-356
-373
-307
-130
125
394
618
745
754
674
576
516
496
518
558
555
459
266
18
-255
-505
-682
-773
-803
-791
-769
-764
-773
-767
-723
-627
-464
-248
-26
160
288
347
331
266
190
115
43
-29
-119
-233
-362
-483
-577
-614
-591
-534
-479
-426
-353
-261
-142
26
231
426
559
609
592
563
575
635
704
745
714
566
323
76
-90
-149
-113
-15
69
83
31
-47
-93
-57
75
265
461
601
648
592
473
351
270
250
278
314
311
220
45
-176
-390
-551
-636
-647
-613
-566
-542
-547
-566
-573
-536
-445
-297
-123
38
143
168
120
28
-79
-164
-211
-239
-280
-353
-461
-584
-682
-713
-657
-542
-391
-252
-153
-90
-37
44
168
341
527
667
710
645
523
408
352
358
389
403
338
188
-2
-157
-211
-158
-37
92
181
214
200
188
228
338
501
666
788
837
803
693
546
418
336
285
249
202
105
-56
-251
-433
-565
-634
-630
-575
-502
-445
-408
-390
-380
-346
-275
-175
-61
44
104
96
24
-72
-173
-259
-312
-351
-398
-469
-560
-650
-708
-703
-637
-531
-413
-311
-241
-199
-163
-108
-2
148
314
445
495
445
317
182
109
129
213
298
324
248
87
-88
-173
-130
14
202
358
429
395
308
237
228
302
429
558
637
638
562
442
347
311
334
398
460
474
409
290
147
14
-78
-114
-104
-73
-45
-36
-64
-119
-177
-209
-202
-157
-93
-52
-68
-146
-264
-391
-495
-557
-579
-573
-562
-561
-572
-583
-576
-553
-503
-426
-330
-247
-203
-204
-241
-282
-298
-263
-175
-80
-30
-58
-148
-254
-320
-300
-194
-43
94
158
137
73
31
61
181
369
551
661
665
568
418
281
214
229
300
373
400
362
283
202
158
180
266
381
483
550
568
535
476
424
396
402
440
492
523
509
448
344
222
113
39
-4
-42
-95
-182
-305
-449
-586
-690
-743
-735
-682
-608
-538
-498
-500
-533
-565
-567
-529
-456
-384
-339
-342
-387
-450
-494
-491
-453
-389
-331
-306
-322
-373
-415
-420
-367
-258
-114
25
120
160
163
167
207
295
419
536
599
583
497
375
266
214
226
293
387
458
479
443
376
311
288
334
433
556
659
713
706
656
603
575
590
638
697
730
710
631
508
355
196
61
-41
-118
-184
-257
-352
-467
-579
-670
-723
-730
-700
-664
-644
-646
-665
-700
-730
-739
-721
-682
-631
-585
-562
-567
-599
-637
-661
-655
-624
-575
-529
-495
-477
-458
-417
-340
-226
-89
45
157
232
273
296
321
355
398
436
453
434
382
326
289
296
348
422
483
510
498
460
428
429
480
572
681
778
835
847
822
789
772
779
806
827
821
766
654
500
337
191
78
-3
-66
-135
-221
-317
-418
-508
-571
-607
-626
-632
-634
-643
-662
-684
-700
-709
-700
-675
-637
-607
-594
-602
-633
-672
-707
-723
-715
-682
-638
-593
-550
-509
-458
-393
-299
-178
-42
87
185
247
269
269
269
289
331
378
411
417
392
349
303
271
260
272
305
343
378
401
417
430
456
508
585
676
760
820
840
821
769
700
636
578
523
465
395
308
198
77
-38
-136
-201
-233
-245
-257
-281
-333
-403
-472
-519
-541
-536
-511
-484
-466
-462
-469
-479
-488
-491
-487
-480
-472
-475
-489
-511
-534
-545
-531
-491
-427
-350
-277
-212
-157
-101
-41
23
93
152
195
217
225
228
229
238
249
267
277
273
251
214
181
158
158
183
228
279
321
356
384
410
442
481
526
564
588
589
566
515
444
366
292
237
199
166
122
58
-23
-112
-184
-228
-246
-248
-251
-266
-298
-340
-383
-411
-414
-397
-366
-327
-300
-290
-302
-326
-355
-378
-385
-380
-369
-362
-363
-374
-384
-381
-357
-308
-240
-163
-87
-28
15
45
73
104
147
198
246
279
291
284
265
249
242
235
231
216
190
157
126
113
119
146
187
236
285
322
356
386
408
424
438
452
453
437
403
345
272
199
135
79
31
-14
-65
-121
-177
-229
-274
-309
-330
-339
-334
-329
-322
-317
-314
-311
-306
-292
-273
-252
-237
-235
-247
-277
-309
-336
-350
-352
-342
-325
-317
-310
-302
-285
-251
-197
-124
-50
21
78
117
146
179
220
265
315
352
365
358
335
307
276
254
236
215
190
165
149
143
151
178
209
249
285
324
359
384
398
402
403
395
382
368
336
291
231
161
78
-6
-79
-145
-198
-241
-277
-317
-362
-404
-438
-456
-459
-446
-419
-391
-368
-357
-357
-365
-374
-377
-369
-353
-340
-330
-332
-346
-367
-382
-381
-366
-330
-282
-235
-192
-152
-113
-74
-22
44
113
186
256
316
360
397
426
447
463
472
472
458
434
405
375
350
333
329
332
340
356
371
383
397
414
431
444
456
459
452
432
401
362
317
270
219
163
97
24
-52
-130
-204
-265
-314
-358
-395
-425
-448
-471
-492
-505
-509
-509
-498
-484
-476
-476
-488
-506
-525
-538
-541
-538
-524
-514
-508
-506
-506
-501
-484
-450
-399
-336
-268
-204
-143
-88
-28
37
113
202
291
374
433
472
493
500
505
510
520
527
526
517
499
486
481
486
503
522
535
537
536
528
512
497
481
468
451
429
401
364
321
274
230
185
140
92
37
-26
-97
-170
-241
-307
-363
-401
-424
-444
-456
-466
-482
-496
-506
-509
-512
-517
-522
-537
-558
-586
-612
-635
-647
-640
-623
-598
-568
-540
-513
-486
-450
-405
-352
-293
-231
-174
-126
-77
-26
33
105
188
275
356
427
478
509
531
545
565
590
615
636
647
647
634
620
607
601
603
609
612
602
581
547
505
460
419
381
349
321
289
249
202
149
96
49
6
-32
-68
-112
-163
-220
-277
-331
-377
-411
-430
-443
-449
-454
-468
-489
-514
-531
-540
-542
-538
-538
-547
-565
-580
-594
-600
-593
-575
-551
-529
-506
-486
-467
-443
-411
-370
-317
-251
-175
-99
-23
50
118
188
259
333
406
470
524
562
589
607
620
633
645
658
666
667
660
645
626
604
586
569
552
527
494
453
404
355
313
273
242
210
181
148
111
73
33
-7
-46
-82
-113
-144
-178
-221
-266
-310
-349
-376
-391
-405
-421
-443
-466
-488
-505
-516
-524
-529
-536
-538
-542
-542
-536
-525
-511
-494
-471
-448
-424
-400
-374
-347
-319
-281
-239
-195
-150
-102
-55
-12
37
85
136
185
238
294
342
390
431
465
490
511
531
545
560
571
574
563
545
523
495
467
443
424
403
378
352
312
267
225
189
157
130
110
86
56
23
-9
-36
-57
-74
-90
-110
-127
-146
-162
-174
-194
-218
-243
-267
-290
-308
-320
-333
-342
-351
-356
-361
-359
-357
-351
-344
-335
-321
-307
-293
-279
-270
-259
-246
-223
-197
-171
-145
-121
-97
-72
-43
-11
18
52
88
126
164
206
245
275
304
332
358
380
400
412
410
400
388
373
352
325
295
259
222
185
152
119
88
64
41
23
7
0
-8
-16
-19
-19
-17
-15
-16
-22
-30
-37
-44
-54
-65
-86
-114
-141
-168
-187
-202
-215
-232
-245
-257
-260
-252
-235
-213
-195
-178
-163
-151
-136
-122
-106
-94
-83
-72
-66
-65
-69
-75
-82
-85
-77
-66
-54
-42
-30
-15
4
31
68
107
145
180
210
233
252
261
266
265
261
256
242
218
183
140
96
56
26
2
-20
-40
-55
-65
-73
-72
-68
-63
-58
-48
-33
-22
-11
-9
-13
-22
-32
-33
-34
-34
-36
-44
-57
-74
-84
-88
-87
-78
-60
-40
-24
-3
14
31
51
72
94
113
130
139
139
130
117
102
85
67
43
19
-8
-31
-51
-68
-80
-86
-82
-69
-45
-20
8
32
53
75
91
105
113
119
114
102
84
58
22
-19
-63
-106
-143
-177
-208
-236
-263
-286
-295
-285
-264
-229
-190
-153
-120
-85
-47
-10
24
54
74
85
88
80
62
30
-3
-33
-58
-75
-81
-81
-79
-69
-47
-17
22
70
118
161
203
243
276
302
322
330
325
314
299
278
248
210
162
106
51
3
-34
-61
-76
-86
-89
-85
-76
-59
-37
-9
26
59
89
109
115
107
87
66
38
6
-35
-85
-143
-205
-265
-322
-371
-407
-432
-442
-435
-417
-392
-361
-327
-285
-230
-166
-97
-31
23
63
92
111
124
129
122
105
80
50
18
-14
-41
-67
-85
-88
-72
-42
1
49
100
149
200
255
316
374
425
462
481
486
478
455
423
382
335
280
222
165
107
53
4
-34
-61
-75
-79
-75
-67
-56
-40
-21
-3
18
32
39
38
31
14
-14
-53
-101
-155
-213
-270
-327
-383
-432
-471
-499
-512
-512
-498
-473
-439
-394
-341
-279
-215
-154
-98
-47
-4
38
74
96
105
102
87
69
51
34
17
0
-16
-26
-29
-22
-7
16
46
82
126
174
225
275
322
365
401
430
451
463
460
447
420
384
344
302
260
219
176
138
104
76
54
36
22
14
10
11
17
24
28
27
22
15
2
-16
-40
-69
-102
-140
-179
-226
-276
-325
-371
-408
-435
-453
-461
-464
-462
-453
-430
-403
-366
-322
-278
-235
-191
-145
-109
-80
-60
-49
-43
-35
-26
-21
-19
-23
-27
-31
-31
-21
-6
17
46
75
106
137
172
207
242
278
313
344
373
396
407
411
406
396
383
367
350
330
307
282
252
225
198
173
151
136
125
115
108
97
88
75
64
52
37
19
-2
-28
-59
-94
-130
-170
-210
-248
-281
-312
-339
-362
-383
-401
-411
-414
-408
-394
-377
-355
-335
-312
-286
-257
-229
-205
-183
-166
-152
-137
-125
-114
-107
-101
-94
-89
-81
-70
-55
-37
-18
6
31
60
92
129
165
199
234
263
290
311
329
342
354
361
362
362
361
354
346
335
325
314
304
292
279
267
254
242
231
218
205
191
178
163
145
125
98
67
34
-4
-44
-85
-121
-160
-195
-229
-264
-297
-326
-351
-371
-382
-386
-388
-384
-380
-374
-369
-359
-345
-332
-317
-301
-288
-274
-259
-246
-234
-221
-210
-196
-183
-167
-151
-131
-112
-87
-61
-34
-4
28
62
94
128
159
187
213
235
253
268
281
289
293
295
295
295
294
291
288
283
278
271
267
263
262
261
261
258
256
255
249
239
229
215
199
179
157
131
104
74
44
14
-16
-46
-78
-109
-139
-163
-185
-203
-221
-238
-252
-266
-276
-284
-288
-292
-299
-300
-302
-301
-300
-297
-295
-291
-288
-283
-276
-267
-256
-242
-228
-212
-193
-172
-148
-121
-93
-63
-32
-4
28
53
78
100
121
138
154
170
182
192
201
210
217
226
231
235
236
236
237
238
241
243
246
246
247
245
243
239
236
232
227
221
213
200
184
167
150
131
112
92
68
46
21
3
-16
-33
-50
-68
-88
-108
-125
-141
-158
-177
-196
-214
-231
-244
-255
-266
-275
-286
-290
-294
-295
-295
-293
-291
-286
-281
-272
-263
-253
-241
-226
-209
-191
-169
-147
-126
-105
-85
-62
-40
-15
7
29
50
71
91
109
128
144
159
172
184
196
200
206
211
214
219
224
228
230
228
226
229
231
234
237
238
238
238
238
236
234
229
220
210
198
187
175
159
139
119
96
70
48
24
0
-24
-49
-75
-99
-122
-143
-166
-188
-207
-223
-237
-248
-258
-266
-271
-277
-279
-278
-277
-276
-272
-269
-264
-260
-254
-246
-239
-228
-218
-203
-186
-168
-147
-126
-103
-77
-51
-26
-3
19
39
58
76
94
110
124
136
144
151
157
161
161
162
163
164
167
168
167
166
168
173
180
188
196
204
212
218
226
232
235
235
229
223
212
200
187
170
150
128
106
84
64
45
23
4
-17
-35
-53
-71
-88
-103
-120
-136
-150
-163
-173
-185
-195
-205
-214
-223
-233
-243
-253
-261
-267
-271
-273
-272
-269
-262
-252
-237
-219
-201
-181
-160
-139
-119
-97
-76
-55
-38
-21
-5
7
20
31
38
47
55
66
76
87
94
101
109
114
124
135
146
158
172
182
190
202
211
218
226
232
233
232
230
224
215
207
197
187
177
166
153
141
129
115
104
92
79
68
54
41
27
11
-6
-24
-41
-59
-77
-93
-112
-135
-157
-179
-196
-212
-226
-238
-249
-258
-265
-265
-262
-257
-249
-238
-228
-216
-201
-184
-169
-154
-138
-124
-110
-98
-87
-78
-70
-62
-54
-43
-31
-21
-11
-1
9
19
34
53
70
88
108
130
149
169
186
200
212
221
232
239
247
250
248
243
239
231
224
216
207
199
190
180
170
156
145
133
123
114
106
98
89
77
65
51
34
20
2
-18
-41
-65
-89
-114
-140
-163
-184
-202
-220
-235
-248
-262
-273
-280
-282
-281
-278
-275
-270
-266
-261
-253
-243
-231
-218
-207
-195
-180
-166
-150
-133
-117
-101
-87
-72
-54
-36
-17
2
24
44
67
88
108
126
143
157
171
186
199
211
219
224
228
233
237
240
245
247
249
250
251
250
247
246
243
242
240
238
236
231
228
221
209
196
182
164
144
120
94
64
36
5
-30
-65
-99
-133
-164
-191
-218
-242
-263
-285
-303
-319
-331
-343
-351
-356
-358
-359
-357
-354
-351
-345
-335
-325
-313
-299
-286
-273
-257
-242
-226
-204
-181
-158
-131
-103
-73
-43
-13
15
46
76
104
134
161
186
207
226
242
257
274
286
300
310
316
324
328
331
332
334
334
335
335
333
332
330
327
320
314
303
292
279
264
248
228
207
184
160
133
105
75
46
15
-13
-42
-72
-100
-130
-162
-193
-222
-250
-279
-305
-332
-355
-377
-397
-413
-426
-439
-448
-455
-459
-460
-458
-452
-444
-434
-419
-397
-371
-341
-308
-273
-232
-192
-152
-111
-70
-33
8
48
83
115
143
168
188
209
228
245
261
275
287
295
302
309
316
323
329
334
340
344
347
350
350
347
343
336
328
319
307
292
274
252
228
201
174
149
124
98
74
50
25
1
-21
-41
-61
-82
-102
-124
-145
-165
-182
-199
-214
-228
-242
-257
-271
-285
-295
-303
-310
-315
-319
-321
-322
-320
-318
-315
-309
-301
-290
-273
-257
-237
-217
-195
-172
-147
-120
-93
-68
-40
-15
9
36
60
83
104
124
143
163
181
199
216
232
243
252
261
270
276
277
277
273
267
259
254
244
232
220
207
193
179
165
151
136
121
106
92
79
67
54
43
30
18
7
-5
-16
-26
-36
-46
-56
-70
-82
-96
-111
-126
-142
-157
-172
-186
-200
-214
-222
-229
-234
-240
-242
-241
-239
-234
-224
-214
-203
-190
-174
-157
-139
-120
-103
-85
-66
-49
-31
-16
-1
10
20
29
38
49
60
70
80
90
99
110
121
131
143
154
161
167
174
178
181
182
182
182
181
177
173
170
163
154
146
134
121
107
93
77
64
52
38
26
14
7
1
-2
-5
-7
-9
-16
-20
-25
-31
-38
-47
-54
-62
-69
-77
-85
-93
-101
-109
-117
-125
-130
-137
-144
-150
-154
-155
-156
-154
-153
-150
-146
-141
-131
-120
-110
-103
-94
-87
-80
-70
-59
-47
-35
-24
-12
1
15
27
43
58
71
86
98
107
116
122
122
124
124
121
120
118
113
108
102
92
82
74
64
57
50
42
34
28
20
15
14
14
18
23
28
32
36
37
40
42
43
41
40
34
28
22
12
2
-7
-16
-25
-34
-43
-53
-62
-69
-74
-75
-78
-79
-79
-78
-76
-71
-64
-58
-50
-44
-39
-33
-28
-22
-18
-13
-10
-8
-6
-5
-4
-3
-2
-1
1
3
7
10
14
18
19
22
26
28
30
32
36
35
35
33
31
27
23
19
14
9
5
-1
-8
-14
-17
-21
-22
-23
-22
-22
-19
-15
-12
-10
-6
-4
0
3
7
11
14
15
16
17
18
19
21
22
23
20
19
17
16
11
8
4
-4
-6
-12
-18
-23
-27
-32
-38
-42
-47
-49
-50
-52
-51
-50
-47
-44
-37
-31
-24
-17
-11
-4
3
10
20
29
34
38
43
46
46
49
51
50
49
43
35
29
22
15
10
4
-2
-9
-13
-17
-19
-20
-20
-18
-16
-14
-9
-5
0
2
8
14
19
26
30
35
39
43
45
48
50
49
47
45
42
40
38
36
32
30
25
20
15
11
6
2
-2
-6
-12
-17
-23
-27
-31
-34
-35
-40
-43
-47
-52
-53
-54
-53
-55
-55
-55
-55
-54
-53
-50
-46
-44
-42
-39
-34
-31
-27
-23
-21
-19
-17
-15
-13
-11
-9
-10
-10
-10
-10
-8
-6
-6
-3
-2
0
2
3
4
4
7
8
9
11
10
11
10
10
10
13
16
21
26
30
35
43
49
56
60
63
68
71
73
74
74
73
69
67
62
56
52
45
36
30
21
12
3
-7
-17
-25
-34
-41
-46
-50
-53
-54
-53
-52
-51
-48
-43
-38
-32
-28
-22
-18
-16
-14
-13
-13
-14
-14
-16
-17
-16
-18
-18
-18
-19
-21
-23
-25
-27
-26
-25
-23
-21
-17
-16
-16
-16
-14
-10
-5
1
4
7
9
9
12
13
17
20
23
25
27
30
32
34
36
40
40
41
44
44
44
42
41
39
37
34
33
29
22
17
12
8
4
0
-4
-9
-11
-13
-14
-13
-15
-16
-18
-16
-14
-12
-11
-11
-11
-11
-12
-14
-16
-18
-20
-22
-24
-26
-27
-27
-28
-27
-26
-23
-21
-19
-18
-18
-18
-17
-16
-12
-12
-10
-10
-10
-10
-11
-10
-12
-12
-14
-15
-14
-14
-14
-14
-14
-9
-6
-1
4
9
14
20
27
34
39
45
50
54
57
58
58
59
55
52
47
41
36
31
24
18
13
7
3
-1
-6
-11
-14
-17
-18
-18
-17
-16
-16
-17
-16
-16
-15
-13
-14
-14
-14
-14
-13
-13
-13
-15
-16
-15
-12
-12
-12
-10
-11
-12
-13
-13
-14
-16
-19
-20
-23
-24
-26
-29
-32
-34
-35
-35
-33
-34
-35
-34
-33
-31
-28
-25
-20
-15
-11
-5
-1
3
7
11
16
22
26
31
35
39
40
39
41
42
44
45
46
45
42
38
35
34
32
29
26
27
26
25
24
21
17
13
11
9
8
5
4
1
-2
-2
-2
-1
-1
-1
1
4
6
8
8
7
4
4
5
7
7
8
6
2
1
-2
-5
-8
-9
-14
-16
-20
-24
-29
-32
-36
-40
-42
-43
-43
-44
-43
-43
-42
-39
-35
-31
-26
-21
-16
-11
-7
-4
-2
1
3
4
5
7
8
9
11
14
14
15
15
15
14
14
13
12
13
12
10
8
7
5
5
5
4
3
1
1
1
-1
-2
-3
-3
0
2
5
8
9
9
10
12
14
17
19
20
22
22
23
22
19
18
16
14
13
10
9
3
-2
-6
-9
-12
-14
-16
-18
-19
-19
-20
-21
-20
-21
-21
-20
-19
-18
-19
-18
-17
-16
-15
-13
-11
-10
-7
-4
-1
2
5
9
11
14
17
21
24
25
27
27
27
27
25
22
20
16
14
8
6
3
0
-2
-5
-7
-11
-13
-14
-14
-12
-10
-7
-6
-5
-4
-2
0
3
4
6
7
6
6
5
6
5
4
2
0
-2
-5
-8
-10
-13
-15
-16
-17
-17
-19
-20
-20
-20
-21
-23
-23
-22
-21
-18
-17
-16
-17
-17
-15
-14
-11
-10
-7
-5
-4
-5
-3
-1
2
5
9
11
13
15
17
18
22
23
26
26
27
25
23
23
23
22
21
20
19
19
19
19
18
17
18
17
18
17
17
16
13
14
13
13
11
11
10
8
7
5
3
1
0
-1
-3
-6
-8
-10
-14
-17
-20
-21
-22
-22
-25
-26
-28
-28
-28
-29
-28
-28
-29
-29
-30
-31
-30
-29
-27
-26
-24
-20
-18
-15
-13
-10
-6
-3
1
5
8
12
15
18
20
21
22
22
21
21
20
18
15
13
11
8
5
3
3
2
1
1
1
2
4
4
6
8
9
9
11
11
13
15
16
17
16
17
16
14
12
11
9
6
6
6
5
4
3
3
3
3
4
4
4
3
1
1
-2
-4
-4
-5
-7
-9
-15
-19
-24
-26
-28
-29
-31
-33
-33
-34
-34
-31
-28
-24
-20
-15
-11
-7
-2
1
6
10
14
17
19
20
20
19
17
15
11
9
7
6
2
1
-1
-1
-3
-2
-1
1
3
4
6
7
8
8
10
11
14
16
16
16
15
14
15
11
10
9
6
4
3
2
2
3
3
3
3
3
3
3
7
9
8
8
6
3
0
-5
-7
-8
-11
-15
-17
-20
-24
-26
-29
-28
-27
-26
-27
-28
-27
-25
-23
-20
-17
-13
-10
-8
-6
-3
-2
1
2
3
5
5
6
8
9
10
12
12
12
11
13
15
14
14
14
13
10
8
8
8
6
4
3
1
-1
-1
-1
1
0
1
2
3
5
6
7
8
10
11
13
15
17
17
17
17
15
15
13
14
14
13
12
10
7
4
1
-2
-3
-6
-6
-7
-8
-11
-12
-12
-12
-12
-13
-14
-14
-14
-14
-15
-17
-19
-20
-19
-18
-16
-14
-12
-11
-10
-8
-7
-4
-3
0
2
4
6
5
4
3
3
3
3
3
3
2
1
0
-3
-5
-5
-5
-5
-4
-3
-3
-2
-2
-2
-2
-3
-1
-1
0
2
1
1
1
1
3
3
4
4
6
7
8
9
10
10
10
12
11
12
13
13
15
15
16
16
16
14
14
12
11
9
7
2
-2
-5
-8
-11
-13
-15
-17
-19
-20
-20
-20
-18
-16
-14
-11
-7
-4
-2
-1
0
1
2
2
4
5
6
5
5
4
1
0
-2
-4
-5
-4
-5
-6
-6
-6
-6
-4
-4
-2
-1
2
2
2
3
4
4
5
6
8
8
7
8
6
7
8
9
9
9
11
10
12
11
9
10
10
9
8
7
5
4
4
3
3
1
1
0
-2
-1
-4
-5
-8
-10
-10
-10
-11
-11
-13
-13
-13
-12
-11
-10
-9
-9
-8
-9
-8
-7
-7
-7
-8
-9
-11
-11
-10
-10
-9
-9
-9
-10
-9
-8
-8
-5
-5
-2
1
2
5
6
7
8
10
12
14
15
14
13
13
11
9
7
6
4
3
2
1
1
0
0
1
1
2
2
4
5
7
8
11
13
14
14
15
14
14
13
11
10
9
7
6
4
1
-1
-4
-7
-9
-9
-8
-9
-10
-11
-12
-12
-12
-11
-8
-7
-3
-1
-1
1
2
3
2
3
3
2
-1
-2
-5
-8
-10
-11
-12
-11
-12
-10
-9
-9
-8
-7
-3
-2
-1
0
0
3
4
5
6
7
7
9
9
10
9
9
7
7
6
4
3
2
3
1
2
0
-2
-2
-2
-4
-2
-2
-1
-3
-5
-4
-4
-4
-4
-4
-5
-6
-6
-7
-7
-9
-11
-12
-13
-13
-15
-17
-19
-20
-20
-20
-18
-18
-17
-17
-15
-12
-11
-9
-6
-3
0
3
6
7
9
11
14
17
19
20
23
23
22
23
23
21
22
22
22
23
23
25
24
24
25
26
26
26
27
29
29
29
30
28
27
24
23
22
21
18
13
10
7
3
0
-2
-3
-5
-6
-7
-11
-13
-15
-17
-19
-21
-22
-24
-27
-30
-33
-37
-41
-45
-46
-47
-48
-49
-52
-53
-52
-51
-49
-46
-43
-40
-35
-31
-26
-22
-16
-12
-7
-2
3
5
10
12
15
16
18
19
20
20
21
22
24
25
27
27
28
29
30
33
35
36
38
38
38
38
37
38
38
35
34
31
27
23
19
15
11
8
2
-2
-4
-7
-8
-9
-9
-10
-11
-10
-11
-11
-11
-11
-12
-13
-15
-18
-20
-22
-25
-29
-31
-34
-36
-39
