0
1
1
0
0
1
-1
0
0
0
1
0
-1
-1
1
-1
0
0
1
1
0
0
0
0
-1
0
1
0
1
-1
-1
1
0
-1
-1
-1
0
0
0
0
-1
0
0
1
-1
0
-1
0
0
0
0
0
0
-1
-1
0
1
0
-1
0
1
-1
0
-1
-1
0
0
1
1
1
-1
1
0
0
-1
0
1
0
0
0
1
1
0
0
0
1
-2
1
0
0
1
1
0
-1
-1
0
0
1
1
0
1
0
-1
-1
1
-1
2
-1
0
0
0
2
0
1
0
-1
1
2
-2
1
-1
0
0
0
4
-2
3
-1
-2
0
1
2
2
-2
3
-3
0
4
-2
1
-4
2
2
-2
0
0
-2
0
-2
1
-3
-4
4
-1
2
0
-2
-1
-1
4
0
-3
1
-2
-3
1
2
1
-2
2
1
-1
-2
-3
1
-5
-1
5
0
-1
-1
-2
3
-8
1
4
-4
-3
-3
4
-2
-6
3
1
2
-2
-1
0
-10
6
1
3
2
-10
1
-5
-3
7
-1
2
2
-4
5
-5
3
-4
-2
2
-4
4
2
3
-3
-3
4
3
3
3
-3
0
-7
4
-1
0
0
-1
7
0
1
-2
1
1
2
0
-3
-2
0
-1
8
0
-1
6
2
5
2
-3
3
-4
0
13
-7
-3
1
-2
3
-2
3
1
-5
2
4
-5
-1
-5
0
2
-2
5
-6
1
6
-1
5
-4
-4
0
-2
7
-1
-4
2
-1
5
-2
2
-1
-6
4
1
1
-8
-7
-1
-4
0
4
2
0
1
0
-6
0
0
5
4
-6
1
-9
-4
10
5
5
-5
-2
-2
-8
5
3
1
-1
-3
5
-7
0
9
-6
1
-1
3
4
-6
4
-2
-7
6
3
3
5
-2
3
-2
3
2
-3
7
-4
0
-6
-9
-6
-13
-2
-1
0
-5
-4
-7
-9
1
5
2
8
0
6
2
3
10
6
19
7
6
4
-1
0
4
-3
-3
-2
-3
-12
-10
8
-11
-8
-9
-16
3
-8
7
-4
5
5
-14
-4
-4
-1
3
-2
6
-5
-6
3
-3
-18
-24
8
-1
21
14
18
36
33
18
15
19
0
-20
-13
1
-9
-25
5
26
1
-7
0
-6
6
9
6
20
12
17
-14
-15
-5
11
-1
-10
-9
11
-2
-19
4
14
3
0
14
16
-23
-9
9
-18
-34
-33
-3
-32
-69
-45
-9
-43
-11
30
30
0
1
22
25
10
-45
79
-115
426
606
-75
36
-126
-69
-246
-305
15
-229
171
209
29
-44
-401
-115
-153
-25
66
-34
95
61
3
52
52
54
53
106
138
66
39
53
30
-44
-7
-30
-37
0
-37
32
-79
-62
-71
-129
-43
-38
25
37
29
-9
-26
-88
-132
-25
40
42
71
50
75
-12
-71
-18
83
61
41
282
271
166
49
-36
-175
-186
-220
-133
-68
-76
69
110
-105
-116
-241
-14
-55
-135
66
15
66
-18
49
92
74
298
19
178
169
-9
-9
-162
82
-155
76
-93
-90
9
-217
-36
-126
-82
-79
-88
591
-412
125
75
-93
199
-271
950
185
-170
416
-484
190
-464
-291
259
-438
503
-196
-6
-71
-589
244
39
-68
305
-16
115
-185
-79
281
-42
98
413
85
128
64
-269
101
-359
201
96
-143
324
-156
6
-183
-248
9
-418
273
-173
-122
213
-166
-39
-111
79
-153
-99
495
-227
-135
69
-74
84
122
79
103
-76
59
102
40
115
54
1
313
-59
-36
-22
20
-116
-188
121
-165
-166
-171
-95
1
-31
1
-45
-289
113
-307
-119
224
-51
368
33
333
102
126
746
-259
209
-131
149
260
-348
-50
-368
209
-7
-133
-56
-685
-122
-472
-137
-157
-204
-76
-149
185
-41
148
108
44
301
286
384
-4
318
288
114
321
431
49
-101
208
-48
-94
-167
-255
-264
-404
400
53
-126
-268
-609
-246
-30
136
-238
193
96
108
-109
124
-364
-370
670
200
268
313
-232
-195
-497
229
72
87
500
244
152
58
-82
-153
-180
209
51
142
348
-164
-141
-427
-164
-134
-145
96
-7
-73
66
38
-374
-37
-123
-383
299
-31
-3
-80
-68
-149
-165
352
29
33
261
-15
44
74
34
110
265
346
327
257
-55
-28
-51
-21
134
119
227
231
-148
-155
-518
-348
-460
115
-18
-122
120
-561
-390
-215
-263
-241
43
407
223
15
380
-107
-23
321
231
153
308
234
-72
14
236
-66
132
289
-79
-218
-216
-295
-293
53
109
-101
-57
-106
-357
-557
-560
69
-94
101
558
68
38
-203
-57
13
-217
203
362
372
509
166
80
-12
-229
-109
171
235
243
-101
241
-104
-280
-180
-307
-87
144
211
-68
-139
-152
-399
-112
42
97
-4
265
387
-244
-14
-269
-85
11
133
304
222
329
-71
-285
76
25
12
77
461
430
-98
-41
-9
-278
-76
131
195
180
80
-144
-217
-164
-213
-326
66
370
-13
27
-168
-441
-378
-330
222
379
457
211
-109
-118
-356
-216
-45
389
472
326
-69
-228
-311
-545
-199
196
171
412
176
-305
-313
-500
-477
-176
439
243
175
202
-114
-448
-366
61
188
29
376
190
-65
9
-249
-280
-72
349
66
113
337
-205
-232
61
29
65
-85
-22
-161
-167
16
2
18
77
172
-192
-145
-150
-210
-193
107
347
103
242
-2
-210
-144
-275
-184
241
442
259
50
-139
-147
-265
-354
-82
46
205
210
258
76
-185
-293
-305
2
330
202
286
535
91
-86
-15
9
58
106
253
246
100
129
-251
-304
33
-114
-27
176
45
-166
-143
-68
-114
-155
-108
152
131
77
-38
-85
-13
126
260
202
324
225
-44
31
90
-5
73
284
260
243
145
49
-101
-107
-153
-241
-88
72
-44
-39
-110
-95
-140
-392
-185
-65
-52
-68
159
267
-102
-64
-37
-194
-45
-8
28
199
52
47
-72
-232
-16
-263
-82
-15
17
55
-67
-4
-248
-215
-243
-70
-12
128
-23
-146
-77
-115
-160
-129
-28
-131
-76
16
75
-255
-206
-11
-76
142
78
-30
-43
-41
-93
-111
75
78
17
64
145
-4
35
166
4
142
167
191
129
156
100
-107
65
107
35
175
79
6
123
93
140
55
77
72
120
275
107
-45
107
122
99
114
87
68
12
38
220
142
145
117
32
74
20
47
-12
95
197
92
113
101
-50
-172
-55
43
117
70
161
134
21
74
-66
33
21
22
10
45
58
-131
-115
-85
-73
-11
-7
15
-50
-95
-141
-85
-3
-70
-122
-44
-82
-53
-58
-104
-64
-83
-182
-151
-85
-146
-145
-174
-131
-130
-123
1
40
-1
33
-57
-38
-34
-64
40
123
177
189
118
33
-6
-33
-50
95
47
65
59
144
191
49
129
18
42
-85
17
48
42
164
50
204
92
-6
-98
-126
-118
-18
6
98
267
146
-81
-15
-163
-183
-11
210
177
91
48
-89
-208
-137
-224
-359
-184
-138
-207
-273
-220
-411
-365
-324
-241
-304
-405
-272
-210
-173
-311
-228
-354
-332
-286
-328
-100
-217
-137
-103
-169
-212
-333
-99
-67
279
654
577
514
428
375
112
77
252
276
426
417
362
102
-167
-283
-497
-266
-226
-235
-284
-432
-501
-762
-805
-755
-716
-605
-276
-194
-318
-122
-252
-85
131
265
420
366
614
579
472
582
636
649
650
660
565
480
342
336
351
392
479
515
399
197
56
69
83
89
295
319
499
499
384
434
477
575
790
988
1172
1123
1060
954
918
845
738
750
765
807
707
494
417
204
-53
-278
-189
-270
-450
-572
-689
-791
-894
-853
-888
-971
-1031
-937
-939
-941
-1011
-1027
-1105
-1060
-839
-914
-843
-875
-979
-913
-1056
-885
-1077
-926
-677
-825
-634
-776
-762
-952
-985
-738
-961
-508
-137
366
648
407
362
-69
-202
-180
35
419
531
721
572
245
-267
-869
-939
-942
-518
-279
-268
-394
-834
-1165
-1406
-1381
-1038
-784
-456
-355
-256
-147
-162
15
233
561
794
1135
1422
1359
1356
1355
1462
1548
1653
1930
1814
1678
1477
1244
1123
1317
1391
1230
923
600
470
148
209
262
254
521
656
677
429
190
256
360
650
1034
1304
1336
1166
1029
847
940
887
1075
1313
1442
1466
1108
913
580
578
695
285
248
360
293
-137
-479
-462
-1051
-846
-776
-853
-986
-1181
-738
-1137
-1245
-1118
-995
-931
-1062
-454
-985
-882
-603
-942
-510
-514
-74
-721
-461
-557
-897
-692
-620
-206
-564
-230
-771
-959
-880
-1070
-863
-1511
-754
-156
-709
-960
-1539
-1037
-926
-954
-1080
-1410
-859
-571
-878
-986
-1371
-999
-212
70
29
-383
-133
-135
-189
-364
-449
-3
430
722
357
24
-177
-290
-332
-583
-569
-164
142
121
-289
-851
-1026
-880
-553
-451
-490
-245
53
-23
-274
-367
-199
130
386
664
732
772
891
988
952
1195
1358
1335
1537
1583
1523
1465
1501
1640
1610
1551
1480
1229
1151
1219
1289
1209
1209
1118
1217
1185
982
825
959
1122
1043
1127
1199
1276
1099
893
819
1025
1156
944
1008
1077
1037
886
734
562
452
480
365
219
144
121
39
-205
-358
-424
-414
-379
-530
-667
-696
-678
-904
-1040
-1011
-1033
-1068
-967
-913
-914
-925
-1084
-1235
-1213
-1004
-949
-1086
-1088
-1084
-901
-1069
-1284
-1200
-1017
-984
-1192
-1229
-1181
-978
-927
-1095
-1071
-1074
-901
-927
-1067
-1283
-1196
-1072
-1234
-1231
-1176
-1048
-1155
-1115
-1200
-1065
-999
-1119
-1261
-1070
-835
-732
-831
-698
-382
-303
-442
-628
-546
-186
-34
-34
48
211
752
881
630
334
186
316
506
438
601
894
1106
1043
741
488
390
163
270
402
650
1020
852
688
219
-10
-20
163
504
600
712
634
502
427
342
451
623
791
971
1072
1125
976
737
798
865
1066
1199
1319
1520
1438
1162
974
1040
1211
1386
1354
1370
1382
1356
1356
1014
1053
1282
1477
1483
1243
1270
1306
1198
1006
915
1162
1227
1097
883
638
428
521
439
448
542
553
402
17
-45
-188
-140
-506
-245
104
-54
-403
-758
-488
-646
-906
-1069
-950
-328
-958
-1448
-1772
-1423
-1164
-1339
-1464
-1621
-1116
-1399
-1875
-1819
-1795
-1729
-1506
-1256
-1441
-1752
-1485
-1255
-1558
-2053
-1916
-1025
-890
-1492
-1467
-1301
-874
-1377
-1831
-1250
-563
-534
-925
-1024
-984
-1212
-885
-1007
-1237
-582
8
-242
-772
-1182
-834
-635
-768
-642
-320
155
9
-79
393
956
1136
455
-123
143
777
817
585
1002
1441
1522
896
290
131
-122
11
216
784
1143
646
161
-497
-867
-873
-584
186
343
357
159
201
138
-206
225
785
1237
1427
1579
1883
1686
1330
1340
1673
2238
2312
2430
2569
2251
1954
1702
1824
2009
1987
1987
2036
1859
1520
1255
1247
1430
1355
1277
1209
1400
1374
1102
932
987
1093
1262
1338
1257
1282
1192
1037
828
815
1004
1014
917
738
640
607
299
70
-14
-4
-67
-299
-388
-530
-709
-1014
-1279
-1348
-1297
-1265
-1565
-2044
-1834
-1598
-1744
-2188
-2013
-1870
-2099
-2062
-2356
-2040
-1580
-1850
-2345
-2248
-1890
-1672
-2123
-1956
-1785
-1528
-1515
-1838
-2123
-2214
-1523
-1294
-1651
-1715
-1389
-950
-1471
-1983
-2103
-1470
-829
-1083
-1369
-1353
-755
-812
-1280
-1404
-1202
-537
-464
-804
-920
-693
-443
-613
-358
493
1487
1595
468
-377
-219
332
568
525
1276
1961
1910
871
-150
-228
-375
-208
122
1056
1568
805
-133
-1045
-1305
-1208
-873
149
564
618
237
-244
-268
-336
77
687
1434
2028
1921
1912
1708
1405
1338
1605
2301
2618
2779
2792
2438
1838
1391
1693
1955
1964
1823
1758
1789
1178
711
708
1002
1244
1111
1083
1340
1363
989
703
810
1221
1488
1628
1712
1786
1916
1919
1797
1524
1431
1491
1668
1591
1336
1302
1382
1103
565
55
8
204
-98
-345
-368
-321
-726
-1247
-1388
-1526
-1667
-1914
-1994
-1609
-1732
-2193
-2246
-2113
-2207
-2415
-2290
-2248
-2000
-1875
-2173
-2431
-2130
-1941
-2122
-2411
-2204
-1828
-1935
-1849
-2013
-2299
-2156
-1815
-1851
-2070
-1686
-1481
-1312
-1780
-2389
-1884
-1289
-1302
-1846
-1499
-977
-904
-1153
-1560
-1486
-1220
-1002
-949
-969
-798
-315
509
1353
1661
855
-166
-375
218
694
790
1412
2284
2389
1409
109
-562
-823
-805
-298
562
1159
670
-607
-1708
-2561
-2653
-2192
-1259
-384
-241
-584
-1268
-1636
-1749
-1441
-404
727
1476
1681
1655
1560
1194
1052
1523
2426
3169
3495
3608
3477
3039
2385
2054
2426
2924
3083
2873
2571
2207
1665
1182
1171
1535
1817
1884
1915
1815
1479
1136
1184
1608
1885
2156
2559
2778
2673
2255
2302
2840
3381
3461
3182
3093
2952
2635
2286
2157
2255
2126
1878
1436
961
415
-150
-396
-485
-584
-684
-928
-1478
-2154
-2419
-2223
-2218
-2391
-2560
-2351
-2085
-2248
-2659
-2559
-2169
-1998
-2302
-2493
-2106
-1785
-1761
-1953
-2036
-1918
-1818
-1932
-2123
-2238
-2082
-1881
-1657
-1774
-1860
-1949
-2093
-2232
-2279
-1989
-1851
-1897
-2051
-2241
-2270
-2323
-2246
-2126
-1960
-1929
-2068
-1875
-1676
-1595
-1797
-1429
-277
1101
1450
441
-581
-715
-451
-361
-177
1054
2311
2088
906
-297
-834
-1486
-1795
-1128
59
815
245
-1075
-2225
-3077
-3372
-2893
-1615
-635
-634
-1084
-1619
-1972
-2163
-1587
-204
969
1506
1527
1647
1605
1152
1114
1837
3041
3859
3991
4071
3816
3090
2384
2467
3311
3728
3635
3437
3184
2583
1614
1404
1961
2460
2702
2607
2631
2273
1646
1300
1446
1990
2435
2988
3380
3294
2936
2620
2706
2919
3199
3680
4000
3799
3215
2807
2601
2282
2046
2067
2167
2004
1456
979
739
239
-370
-730
-729
-747
-1139
-1503
-1732
-2016
-2350
-2493
-2425
-2486
-2626
-2516
-2288
-2364
-2672
-2704
-2552
-2554
-2730
-2516
-2090
-1999
-2335
-2639
-2449
-2449
-2517
-2534
-2287
-2082
-2423
-2736
-2745
-2554
-2647
-2855
-2797
-2678
-2764
-2969
-3065
-3164
-3084
-2976
-2779
-2527
-2649
-2749
-2728
-2558
-2501
-1568
222
1363
604
-1243
-1621
-674
135
208
708
2221
2567
1446
-72
-698
-706
-1156
-833
299
1242
647
-1285
-2676
-3314
-3054
-2433
-1810
-1094
-1451
-2011
-2736
-2915
-2306
-1758
-698
-35
319
635
632
856
693
1058
2061
2838
3279
3088
3243
3371
2991
2913
3139
3896
3926
3381
3048
2863
2833
2378
2288
2525
2475
2306
2170
2315
2234
1901
1835
2062
2389
2567
2802
2929
2787
2652
2780
3163
3429
3600
4109
4541
4301
3484
2951
3137
3059
2654
2546
2903
2905
2080
1233
781
598
209
-135
65
139
-393
-1226
-1832
-1940
-1863
-1632
-1482
-1560
-1785
-1884
-1868
-2077
-2310
-2199
-1756
-1476
-1595
-1639
-1560
-1660
-2041
-2243
-1896
-1612
-1805
-2061
-2139
-2087
-2244
-2515
-2488
-2459
-2563
-2726
-2760
-2714
-2973
-3232
-3225
-3167
-3146
-3060
-2745
-2677
-3038
-3262
-2988
-2512
-2335
-2358
-1708
-75
1274
1111
-336
-1129
-636
108
505
976
2132
2802
2075
810
-320
-764
-1138
-1026
17
701
451
-1246
-2838
-3512
-3701
-3237
-2854
-2183
-1988
-2675
-3323
-3870
-3535
-2829
-1938
-928
-517
-20
83
4
106
460
1636
2386
2829
3111
3148
3279
2989
2943
3117
3374
3668
3407
3175
2890
2534
2177
1782
1723
1676
1798
1989
1919
1662
1188
1172
1409
1738
2185
2600
2957
2911
2832
2974
3263
3554
3807
4337
4888
5125
5068
4725
4191
3548
3365
3733
4069
3751
2938
2414
2231
1853
1144
686
558
206
-323
-688
-796
-1087
-1631
-1993
-1923
-1670
-1651
-1699
-1754
-1827
-1980
-2028
-1765
-1529
-1439
-1468
-1319
-1088
-1085
-1255
-1502
-1608
-1746
-1859
-1821
-1789
-1735
-1870
-2060
-2352
-2790
-2944
-2999
-2964
-3078
-3220
-3086
-3151
-3351
-3721
-3638
-3366
-3296
-3161
-3162
-2778
-2612
-2460
-2139
-1130
748
1302
344
-1143
-921
420
702
829
1255
2453
2468
1222
332
-489
-478
-798
-439
435
322
-611
-2712
-3531
-3316
-2981
-2462
-2631
-2315
-2895
-3728
-3779
-3617
-2540
-2147
-1596
-1023
-949
-612
-975
-694
-106
653
1523
1498
1793
1844
1905
2032
1954
2456
2526
2495
2374
2229
2448
2084
1670
1266
1253
1586
1492
1656
1816
1837
1477
879
1113
1710
2355
2582
2683
3096
3199
3129
2954
3168
3767
4302
4760
5027
5165
4864
4252
3856
3857
4119
4069
3807
3342
2869
2480
1990
1635
1217
979
621
210
-137
-553
-861
-1303
-1469
-1487
-1454
-1363
-1527
-1644
-1816
-1703
-1553
-1684
-1738
-1627
-1231
-1238
-1428
-1230
-885
-879
-1652
-2000
-1752
-1433
-1540
-1990
-1764
-1630
-1804
-2254
-2556
-2422
-2666
-2925
-3113
-2934
-2635
-2758
-3010
-3344
-3298
-3073
-2941
-2766
-2645
-2316
-2154
-2079
-1942
-1036
782
1763
1041
-583
-605
464
821
862
1312
2454
2313
1154
495
-418
-849
-1377
-837
129
-10
-669
-2664
-3756
-3946
-3513
-2698
-2824
-2603
-3261
-4047
-4016
-3690
-2631
-2319
-1744
-1146
-1162
-814
-857
-367
53
500
1543
1758
1917
1775
1816
2128
2034
2414
2393
2348
2228
1903
1961
1638
1465
1132
807
1000
1032
1273
1319
1187
1010
616
813
1278
1786
2111
2277
2603
2670
2640
2715
3072
3743
4251
4591
4722
4812
4889
4666
4282
4115
4415
4479
4041
3387
2937
2834
2561
2336
1872
1314
838
320
95
-397
-709
-980
-1161
-1024
-1091
-1104
-1535
-1824
-1807
-1718
-1474
-1506
-1313
-1317
-1315
-1291
-1406
-1179
-1184
-1181
-1325
-1274
-1078
-1337
-1694
-2013
-1845
-1575
-1560
-1777
-2040
-2213
-2615
-2966
-3095
-2854
-2551
-2521
-2683
-2875
-2822
-2754
-2898
-3036
-2550
-1940
-1575
-1528
-1375
-954
-365
1155
1888
1445
230
37
1085
1271
1709
2150
2680
2409
1230
918
-279
-794
-828
-265
584
-213
-881
-2598
-3462
-3085
-2888
-2285
-2652
-2395
-2817
-3772
-3394
-2926
-2059
-2098
-1758
-840
-783
-594
-735
-362
137
442
1211
1316
1459
1465
1355
1609
1494
1706
1656
1512
1528
1270
1412
1191
793
306
-5
458
707
766
638
492
483
157
226
579
1042
1598
1857
2042
1991
2054
2407
2627
2958
3503
4244
4637
4397
4117
3959
3897
3948
4096
4228
3996
3491
3069
2934
2905
2585
1920
1389
1233
1110
703
95
-193
-425
-618
-686
-643
-863
-1442
-1640
-1470
-1235
-1247
-1211
-1090
-1224
-1380
-1450
-1279
-1187
-1226
-1100
-1091
-1130
-1389
-1678
-1753
-1696
-1492
-1461
-1505
-1617
-1968
-2365
-2629
-2632
-2583
-2694
-2666
-2672
-2764
-2908
-3075
-2945
-2837
-2472
-2348
-2183
-1852
-1638
-1305
-1302
-759
130
1683
2350
1483
430
297
1622
1993
2174
2473
2666
2574
1347
1010
6
-395
-240
-214
506
-139
-702
-2415
-3683
-3205
-2897
-2181
-2566
-2517
-2522
-3419
-3375
-3415
-2619
-2050
-1722
-801
-664
-439
-821
-976
-365
153
1053
1280
1435
1536
1078
851
660
1097
1584
1542
1607
1431
1205
527
-117
27
313
682
772
876
981
497
15
-187
195
905
1338
1711
1930
2101
2095
1837
2029
2640
3490
4040
4064
4066
3781
3589
3754
4031
4301
4107
3939
3737
3551
3321
2746
2382
2139
2143
1853
1232
807
324
110
-329
-565
-616
-959
-1317
-1822
-1906
-1882
-1930
-1983
-2152
-2213
-2363
-2421
-2440
-2466
-2302
-2070
-1922
-2188
-2390
-2208
-1906
-1777
-1883
-1827
-1793
-1750
-1780
-1760
-1752
-1800
-1728
-1803
-1953
-2111
-2191
-2186
-2075
-1892
-1668
-1762
-1868
-1779
-1461
-1110
-1008
-675
-443
-205
-89
-44
421
1502
2936
2932
1741
972
1676
2240
1772
1827
2207
2830
2160
1502
870
-148
-212
-304
482
565
-108
-1285
-2945
-2666
-2100
-1658
-1832
-2416
-2344
-3072
-3042
-2705
-2341
-1781
-1630
-973
-791
-800
-848
-1200
-635
276
1111
1093
445
492
625
891
1029
1171
1392
1163
928
780
873
1002
604
320
470
881
933
370
195
336
542
626
649
989
1179
1216
1272
1497
2013
2213
2316
2563
2946
3247
3084
3056
3149
3386
3841
3992
3921
3489
3141
2984
2799
2825
2623
2334
2030
1690
1367
725
339
113
-196
-401
-747
-1041
-1650
-1955
-1832
-1754
-1889
-2426
-2708
-2796
-2740
-2618
-2500
-2315
-2409
-2603
-2676
-2429
-2042
-2012
-2037
-1931
-1660
-1668
-1937
-1927
-1745
-1575
-1572
-1509
-1420
-1597
-1837
-1994
-1847
-1637
-1537
-1522
-1524
-1388
-1221
-983
-787
-500
-305
-232
-224
-200
52
375
805
1302
1651
2114
2814
2831
1936
934
1372
2634
2734
2491
2211
2419
2142
1184
819
-69
83
322
458
534
-458
-1121
-2460
-2626
-1750
-1735
-2030
-2923
-2733
-2774
-3209
-2865
-2775
-2196
-1882
-1483
-1103
-1342
-1106
-1165
-762
227
890
1105
596
650
997
1001
1255
1369
1628
1745
1624
1573
1164
1015
826
524
796
1215
1542
1107
573
790
881
905
741
1006
1680
1897
2036
1970
2070
2103
1898
2140
2625
3207
3315
3049
3047
2988
2978
2745
2824
3199
3155
2878
2301
2064
1703
1276
1065
904
896
435
-14
-519
-1142
-1404
-1667
-1607
-1965
-2325
-2472
-2747
-2885
-3366
-3512
-3576
-3454
-3185
-3216
-3257
-3387
-3255
-3085
-2885
-2594
-2477
-2470
-2486
-2177
-1860
-1709
-1672
-1667
-1520
-1415
-1165
-1036
-1122
-1072
-1068
-926
-959
-882
-744
-675
-443
-424
-278
-380
-137
211
281
293
136
516
796
985
1064
973
1407
1692
2589
3079
2624
1834
1259
2246
2723
2634
2401
2130
2498
1952
1775
1018
171
342
311
718
45
-725
-1502
-2556
-2202
-2007
-1936
-2465
-3086
-2836
-3000
-2663
-2454
-2444
-2233
-1960
-1131
-787
-791
-685
-743
-182
426
996
1222
1075
1293
1492
1734
1782
1486
1465
1553
1825
1877
1663
1551
1231
1071
1023
1138
1254
1226
1351
1428
1318
1143
964
1172
1564
2003
2283
2282
2349
2212
2083
2058
2222
2570
2684
2786
2782
2713
2538
2142
1925
1913
2149
2043
1537
1122
871
738
364
-26
-495
-941
-1326
-1620
-1815
-2174
-2545
-2883
-3002
-3129
-3413
-3725
-3889
-3866
-3936
-3974
-3937
-3782
-3711
-3800
-3775
-3541
-3139
-2858
-2740
-2609
-2484
-2397
-2251
-1987
-1624
-1300
-1198
-1144
-1091
-1002
-875
-717
-440
-289
-268
-249
-199
-176
-135
-6
217
345
502
504
475
582
673
819
849
987
1236
1393
1722
1852
2018
2768
3389
3211
2102
1762
2623
3038
2924
2718
2750
2778
2096
1759
973
498
681
614
724
187
-257
-1243
-2250
-1821
-1551
-1553
-2161
-2397
-2206
-2648
-2429
-2129
-1914
-1649
-1366
-763
-749
-666
-272
-152
471
953
1298
1059
787
1158
1273
1434
1681
1849
1848
1460
1433
1397
1263
1428
1318
1302
1180
1276
1221
817
940
1256
1401
1179
1039
1275
1263
1238
1321
1382
1497
1433
1548
1674
1739
1832
1656
1664
1671
1671
1633
1489
1732
1741
1569
1140
784
775
411
58
-311
-395
-560
-1068
-1443
-1899
-2068
-2328
-2700
-3078
-3421
-3391
-3698
-4009
-4227
-4268
-4241
-4424
-4271
-4212
-4137
-3997
-3850
-3496
-3344
-2989
-2748
-2589
-2312
-2054
-1504
-1262
-1087
-892
-723
-413
-326
-96
122
282
393
293
442
509
528
495
390
607
571
671
580
647
969
1005
1072
866
1045
1250
1398
1752
1801
2009
1805
1924
2129
2767
3826
3385
2339
1442
2278
2890
2262
2095
2001
2357
1724
1264
1016
40
36
-46
305
256
-417
-1075
-2381
-1986
-1347
-1470
-2083
-2470
-1782
-1912
-2062
-1778
-1601
-1284
-1286
-877
-551
-426
-60
-127
416
1095
1302
906
563
1235
1815
1858
1851
1732
1700
1386
1433
1822
1989
2076
1677
1405
1391
1472
1392
1069
1170
1350
1175
911
745
867
865
916
1173
1176
1105
944
855
887
952
1281
1343
1156
995
905
959
784
610
553
465
399
97
-198
-427
-743
-1097
-1695
-1928
-1971
-2173
-2521
-3098
-3347
-3537
-3696
-3874
-4265
-4236
-4178
-4086
-4117
-4317
-4237
-4282
-3917
-3553
-3272
-2935
-2869
-2528
-2238
-1797
-1337
-1204
-860
-539
-78
170
146
421
665
1027
1078
1093
1262
1261
1353
1310
1497
1626
1532
1455
1331
1524
1578
1524
1592
1575
1648
1525
1467
1507
1572
1747
1598
1571
1510
1679
1653
1385
1366
1605
2445
2454
1658
709
757
1632
1564
1214
936
1150
1299
836
663
-98
-444
-421
-203
301
-42
-586
-1651
-2047
-1397
-1180
-1345
-1961
-1962
-1640
-1631
-1305
-1316
-1321
-1321
-994
-211
147
158
-161
-229
369
878
1046
930
1121
1645
1794
1722
1564
1540
1594
1598
1865
2110
1962
1497
1049
1218
1490
1441
1249
1142
1295
1140
766
556
631
972
1091
1050
902
621
418
353
546
759
736
572
300
185
204
243
163
-240
-540
-704
-652
-726
-969
-1223
-1606
-1925
-2321
-2457
-2610
-2893
-3149
-3375
-3254
-3375
-3578
-3921
-4104
-3927
-3756
-3396
-3349
-3444
-3619
-3570
-2989
-2486
-2079
-1999
-1809
-1371
-984
-604
-451
-191
86
437
870
1111
1145
1135
1443
1824
2024
1957
1909
1991
2064
2156
2130
2100
1957
1859
1894
1846
1781
1572
1430
1398
1360
1370
1196
910
705
609
665
559
531
506
447
416
363
423
607
1357
1646
980
61
222
1199
1186
798
675
1041
1358
908
650
-278
-465
-252
-57
234
-253
-564
-1632
-1972
-1327
-1213
-1319
-1819
-1566
-1411
-1707
-1500
-1665
-1385
-1067
-512
-34
-132
-32
-243
-234
233
704
956
761
851
1109
1181
1235
1163
1153
1268
1433
1530
1414
1246
1105
823
835
1020
1103
903
574
629
646
560
380
275
430
476
475
310
177
168
65
114
105
108
24
-162
-239
-337
-290
-365
-552
-663
-783
-848
-1000
-1063
-1131
-1292
-1403
-1507
-1674
-1889
-1971
-1879
-1886
-1962
-2055
-2217
-2262
-2433
-2384
-2197
-1916
-1601
-1769
-1947
-1970
-1637
-1236
-1181
-873
-584
-306
-258
-268
87
373
753
1003
1275
1448
1402
1457
1541
1762
1850
1858
1896
1957
1935
1780
1717
1608
1638
1610
1588
1388
1040
833
687
644
432
238
62
-75
-185
-240
-255
-332
-392
-543
-543
-467
-362
-207
-223
348
1084
1239
355
-641
-27
876
1134
949
784
1031
635
460
275
-138
55
60
296
132
-205
-619
-1676
-1526
-899
-527
-854
-1490
-1318
-1455
-1463
-1356
-1379
-1063
-933
-514
-394
-401
-227
-434
-237
229
681
639
208
437
881
1063
954
679
836
1077
1340
1354
1076
974
781
718
867
967
954
694
513
497
383
327
230
289
455
586
626
371
162
91
274
490
433
364
290
352
336
240
259
231
226
122
38
-31
-170
-239
-385
-423
-497
-506
-570
-668
-736
-902
-1013
-1113
-1086
-1138
-1180
-1142
-1157
-1213
-1263
-1177
-1104
-1079
-969
-787
-642
-654
-571
-355
-237
-122
60
370
615
641
654
722
897
1107
1222
1314
1267
1213
1224
1160
1171
1061
937
800
638
653
470
273
119
-170
-427
-625
-580
-641
-924
-1001
-1150
-1283
-1363
-1294
-1164
-1342
-1355
-1300
-1148
-897
-869
-872
-746
200
821
245
-578
-443
548
647
451
521
807
914
583
577
118
92
251
299
488
301
103
-911
-1251
-683
-445
-630
-1250
-1181
-1101
-1332
-1297
-1487
-1255
-1059
-872
-680
-619
-408
-688
-757
-148
488
613
289
366
802
1024
1060
1022
1251
1527
1524
1454
1511
1665
1543
1194
1179
1401
1480
1216
1026
1027
936
839
790
866
872
750
697
669
657
611
555
536
393
299
337
417
427
302
202
223
207
141
-41
-166
-79
-57
-107
-277
-283
-255
-549
-780
-838
-705
-717
-908
-911
-920
-954
-1146
-1311
-1198
-1003
-690
-654
-850
-907
-831
-577
-518
-381
-102
-6
13
108
474
614
530
531
710
966
1005
950
818
744
786
792
665
453
360
224
19
-158
-334
-577
-882
-964
-1004
-1139
-1271
-1532
-1678
-1811
-1767
-1699
-1734
-1658
-1668
-1502
-1492
-1522
-1473
-1432
-1077
-912
-609
-516
-115
636
546
-25
-515
259
1002
873
888
667
860
660
698
638
-22
99
25
222
106
-252
-633
-1548
-1286
-984
-959
-1297
-1746
-1595
-1761
-1626
-1470
-1592
-1479
-1369
-868
-596
-560
-460
-483
-110
399
771
928
855
1057
1345
1516
1740
1814
1942
1986
2097
2357
2402
2306
2081
2034
2246
2305
2246
2043
1955
2042
1970
1868
1760
1768
1664
1436
1465
1508
1378
1140
1002
1071
999
895
784
785
885
840
760
494
402
399
411
507
523
488
161
52
132
-30
-392
-555
-224
-164
-442
-757
-867
-830
-867
-778
-866
-865
-884
-926
-926
-975
-811
-830
-775
-621
-569
-662
-854
-666
-446
-348
-344
-358
-321
-436
-391
-264
-195
-257
-369
-423
-535
-602
-655
-691
-717
-803
-956
-1158
-1322
-1401
-1468
-1498
-1532
-1688
-1799
-1825
-1798
-1836
-1920
-1869
-1793
-1669
-1599
-1626
-1496
-1392
-1133
-932
-744
-491
-626
-1
667
806
354
-53
830
1019
1043
1040
901
1193
782
1080
734
319
518
142
496
254
177
-365
-1202
-708
-752
-631
-933
-1240
-1102
-1429
-1087
-1178
-1157
-682
-644
-375
-358
55
206
-47
464
908
1358
1415
1346
1690
1841
2198
2216
2143
2406
2496
2653
2610
2678
2787
2526
2473
2465
2554
2574
2243
2105
1971
1999
1980
1737
1695
1552
1533
1488
1295
1223
1048
1110
1195
1114
1092
937
1049
1145
1090
1040
823
965
967
819
746
609
628
399
323
291
10
-223
-497
-345
-399
-682
-875
-1121
-1042
-1110
-1074
-1143
-1306
-1244
-1382
-1466
-1520
-1390
-1261
-1387
-1364
-1354
-1308
-1338
-1339
-1240
-1209
-1083
-1054
-1123
-1148
-1098
-1047
-1189
-1253
-1241
-1246
-1373
-1469
-1468
-1540
-1718
-1939
-2020
-2078
-2082
-2173
-2290
-2340
-2406
-2479
-2570
-2456
-2305
-2359
-2402
-2351
-2141
-1982
-1877
-1637
-1477
-1327
-1239
-1049
-891
-823
-741
-344
508
697
279
-320
189
853
805
721
591
958
967
872
866
395
606
360
541
760
603
422
-453
-204
101
198
100
-429
-181
-103
103
157
-86
302
225
533
909
1224
1316
933
1234
1657
2003
2115
1865
1981
2212
2504
2489
2258
2445
2468
2509
2536
2646
2742
2412
2225
2161
2251
2436
2148
1986
1929
2101
2112
1757
1680
1617
1582
1539
1511
1588
1385
1231
1144
1065
1144
1096
1073
987
954
870
606
423
331
290
272
208
193
-45
-282
-392
-547
-626
-667
-582
-727
-1058
-1153
-1227
-1266
-1373
-1363
-1326
-1518
-1483
-1526
-1620
-1709
-1680
-1509
-1650
-1711
-1711
-1711
-1654
-1715
-1618
-1698
-1777
-1737
-1777
-1697
-1762
-1764
-1837
-1915
-1843
-1979
-2088
-2137
-2101
-2136
-2374
-2414
-2414
-2540
-2671
-2657
-2591
-2655
-2718
-2673
-2683
-2766
-2773
-2715
-2584
-2399
-2376
-2305
-2305
-2051
-1848
-1738
-1416
-1252
-1018
-1011
-893
-475
122
839
689
330
340
937
1368
1211
1383
1607
1961
1982
1872
1691
1457
1628
1662
1917
2034
1882
1384
956
1302
1437
1394
1123
1114
1252
1207
1269
1199
1273
1406
1460
1736
1952
2146
2033
1960
2318
2605
2740
2636
2596
2799
2936
3014
2948
2900
3040
2962
2876
2831
2919
2921
2663
2543
2530
2513
2365
2111
2072
2047
1932
1680
1470
1488
1406
1293
1175
1107
1017
809
686
636
606
622
581
497
294
142
74
9
-31
-88
-48
-86
-251
-470
-618
-690
-796
-818
-751
-729
-911
-1187
-1393
-1506
-1522
-1487
-1510
-1660
-1804
-1945
-2095
-2208
-2272
-2328
-2447
-2571
-2599
-2641
-2716
-2779
-2855
-2794
-2676
-2605
-2760
-2891
-2780
-2675
-2704
-2809
-2777
-2651
-2627
-2635
-2695
-2736
-2764
-2839
-2785
-2776
-2726
-2718
-2811
-2834
-2793
-2678
-2615
-2598
-2383
-2255
-2180
-2073
-1905
-1673
-1564
-1295
-939
-684
-498
-356
-118
120
356
654
885
1169
1378
1705
2066
2223
2234
2133
2314
2546
2722
2851
2789
2965
2946
2973
2770
2534
2539
2392
2542
2531
2401
2142
1703
1722
1653
1794
1804
1560
1459
1248
1300
1305
1362
1479
1441
1614
1737
1819
1777
1663
1816
1970
2193
2298
2237
2167
2106
2218
2330
2361
2339
2295
2354
2398
2318
2130
1934
1901
1871
1819
1789
1745
1597
1344
1177
1128
1080
975
816
711
646
593
440
265
184
206
247
200
99
-44
-185
-250
-229
-233
-325
-460
-571
-669
-732
-826
-913
-1084
-1252
-1403
-1544
-1616
-1820
-2049
-2237
-2352
-2439
-2604
-2730
-2873
-2996
-3097
-3206
-3280
-3401
-3469
-3531
-3562
-3528
-3506
-3487
-3581
-3621
-3564
-3498
-3417
-3411
-3333
-3259
-3238
-3230
-3213
-3095
-2978
-2898
-2773
-2672
-2566
-2483
-2396
-2239
-2142
-1989
-1835
-1651
-1499
-1481
-1396
-1248
-994
-825
-693
-515
-383
-204
-113
34
205
338
490
629
883
1045
1082
1212
1300
1466
1555
1726
1927
2064
2403
2529
2478
2265
2294
2667
2775
2902
2810
2903
2979
2859
2826
2567
2633
2595
2615
2728
2575
2466
2027
2014
2128
2124
2117
1776
1798
1734
1777
1748
1519
1648
1549
1552
1586
1625
1695
1421
1469
1622
1783
1813
1658
1697
1721
1831
1863
1798
1856
1832
1837
1810
1770
1770
1572
1374
1292
1311
1307
1055
873
767
700
581
343
197
61
-10
-66
-123
-172
-355
-523
-639
-655
-638
-731
-802
-848
-882
-989
-1172
-1290
-1307
-1372
-1429
-1543
-1619
-1733
-1965
-2027
-2118
-2189
-2361
-2540
-2521
-2643
-2718
-2881
-3016
-3045
-3188
-3179
-3249
-3258
-3243
-3330
-3331
-3333
-3209
-3172
-3214
-3069
-2934
-2844
-2808
-2712
-2550
-2524
-2435
-2286
-2147
-2029
-1956
-1845
-1742
-1583
-1440
-1390
-1297
-1193
-1101
-1018
-893
-732
-675
-678
-610
-518
-428
-308
-162
-9
66
174
224
273
410
621
821
921
1044
1128
1233
1400
1614
1842
2026
2116
2146
2217
2431
2597
2779
3021
3187
3180
2994
3007
3128
3237
3318
3262
3296
3263
3134
2942
2727
2807
2731
2714
2650
2534
2415
2093
1975
1889
1963
1974
1687
1575
1534
1541
1408
1310
1390
1310
1268
1312
1410
1409
1271
1278
1321
1397
1434
1400
1398
1406
1423
1323
1249
1245
1172
1073
1006
991
862
666
530
358
253
130
48
-71
-254
-435
-621
-681
-749
-847
-941
-1028
-1074
-1181
-1245
-1276
-1278
-1310
-1454
-1515
-1520
-1432
-1470
-1536
-1576
-1627
-1714
-1858
-1879
-1954
-2038
-2170
-2273
-2296
-2420
-2474
-2636
-2736
-2789
-2892
-2934
-3035
-2968
-2954
-2973
-2979
-2984
-2900
-2888
-2805
-2685
-2566
-2434
-2421
-2312
-2125
-1901
-1842
-1870
-1751
-1567
-1356
-1319
-1244
-1205
-1135
-1037
-921
-756
-743
-737
-688
-534
-422
-453
-463
-433
-283
-177
-67
23
92
185
251
407
501
583
671
830
1080
1205
1283
1290
1443
1612
1749
1905
1956
2044
2068
2205
2329
2337
2375
2335
2466
2464
2518
2615
2556
2516
2309
2393
2393
2306
2283
2094
2158
2097
2057
1864
1618
1718
1617
1596
1494
1476
1417
1192
1220
1175
1227
1156
1024
997
956
1086
1038
997
1001
979
1020
954
1001
1009
982
921
819
843
863
827
741
657
634
546
424
286
196
166
81
31
-73
-193
-373
-536
-573
-615
-669
-774
-890
-969
-1028
-1074
-1188
-1247
-1265
-1275
-1329
-1383
-1427
-1504
-1513
-1564
-1586
-1666
-1706
-1741
-1861
-1870
-1920
-1953
-2073
-2138
-2080
-2165
-2201
-2314
-2347
-2472
-2588
-2522
-2512
-2452
-2534
-2550
-2594
-2668
-2592
-2533
-2340
-2289
-2277
-2276
-2232
-2033
-1944
-1813
-1732
-1603
-1503
-1443
-1307
-1250
-1160
-1134
-993
-823
-721
-656
-709
-641
-471
-303
-240
-241
-192
-117
9
153
291
355
354
409
516
716
838
883
934
1027
1187
1208
1283
1386
1474
1554
1605
1716
1740
1735
1782
1830
1947
1987
1977
1968
1986
2082
2067
2058
2078
2030
2047
2013
2058
2073
2028
1988
1872
1840
1834
1796
1837
1815
1823
1709
1658
1639
1583
1580
1539
1534
1479
1437
1420
1305
1288
1227
1188
1166
1109
1139
1011
974
980
956
930
811
798
784
746
711
579
590
506
451
356
297
295
137
62
-49
-73
-157
-337
-437
-534
-524
-614
-760
-854
-942
-951
-1037
-1052
-1060
-1104
-1138
-1214
-1160
-1129
-1108
-1097
-1155
-1128
-1162
-1154
-1163
-1178
-1113
-1188
-1217
-1246
-1323
-1357
-1454
-1427
-1514
-1584
-1641
-1740
-1759
-1833
-1817
-1851
-1901
-1912
-1970
-1954
-1992
-1961
-1973
-1987
-1885
-1867
-1823
-1798
-1712
-1603
-1547
-1420
-1359
-1276
-1192
-1100
-972
-895
-766
-682
-610
-565
-474
-335
-252
-204
-161
-80
-38
15
96
154
209
253
305
391
464
512
528
614
758
857
912
979
1030
1089
1108
1228
1340
1431
1483
1520
1626
1682
1717
1763
1826
1957
1953
1964
1997
2040
2094
1983
2019
2059
2092
2076
2006
2076
2001
1986
1986
1961
1998
1856
1897
1822
1781
1787
1726
1761
1628
1558
1473
1372
1353
1266
1245
1154
1091
1076
1012
951
806
744
669
639
633
584
513
400
308
172
109
55
-1
-80
-168
-198
-324
-463
-588
-675
-683
-736
-801
-876
-965
-1005
-1030
-1042
-1037
-1048
-1032
-1044
-1032
-1007
-1003
-975
-918
-863
-846
-867
-856
-861
-882
-854
-844
-829
-870
-918
-962
-1034
-1068
-1130
-1151
-1212
-1313
-1390
-1480
-1488
-1536
-1605
-1658
-1735
-1757
-1791
-1780
-1783
-1815
-1828
-1852
-1815
-1803
-1770
-1724
-1686
-1608
-1574
-1533
-1487
-1411
-1336
-1281
-1168
-1074
-1000
-968
-927
-864
-818
-726
-623
-533
-507
-496
-486
-419
-336
-264
-244
-224
-175
-107
-78
-66
-38
6
47
110
201
250
288
302
384
496
594
678
720
828
931
990
1096
1190
1324
1366
1429
1531
1606
1685
1696
1769
1806
1839
1867
1846
1921
1913
1916
1844
1799
1812
1748
1757
1716
1694
1613
1532
1506
1431
1378
1295
1252
1225
1194
1133
1071
990
927
914
894
902
791
758
755
711
702
628
640
604
595
579
498
492
445
402
330
300
314
197
117
42
38
20
-68
-146
-267
-285
-325
-392
-449
-470
-470
-581
-653
-640
-575
-614
-738
-784
-764
-728
-790
-846
-865
-873
-925
-1033
-1041
-1008
-1034
-1168
-1284
-1305
-1342
-1428
-1535
-1597
-1642
-1723
-1819
-1877
-1867
-1877
-1944
-1988
-1993
-1972
-2013
-2040
-1989
-1925
-1880
-1895
-1840
-1776
-1709
-1670
-1623
-1512
-1445
-1369
-1293
-1181
-1080
-1029
-973
-914
-810
-710
-653
-576
-518
-448
-425
-390
-326
-274
-226
-209
-163
-114
-87
-78
-55
23
88
123
178
261
349
369
423
488
614
734
797
883
960
1060
1119
1183
1287
1352
1419
1460
1544
1635
1643
1639
1609
1687
1733
1737
1716
1657
1707
1663
1635
1592
1563
1533
1426
1466
1468
1479
1390
1277
1270
1251
1317
1283
1276
1290
1260
1291
1264
1295
1302
1299
1314
1337
1406
1386
1366
1344
1339
1357
1338
1332
1274
1236
1214
1165
1119
1048
990
886
835
786
698
593
493
447
369
284
195
130
91
6
-76
-156
-207
-267
-344
-379
-398
-438
-517
-591
-635
-682
-761
-820
-874
-924
-991
-1074
-1114
-1159
-1221
-1332
-1416
-1463
-1503
-1575
-1629
-1660
-1698
-1780
-1848
-1845
-1839
-1856
-1907
-1919
-1889
-1896
-1914
-1925
-1890
-1859
-1859
-1862
-1823
-1787
-1800
-1793
-1751
-1660
-1637
-1624
-1598
-1572
-1511
-1490
-1434
-1372
-1294
-1231
-1190
-1112
-1063
-978
-917
-857
-788
-713
-605
-562
-490
-432
-351
-269
-193
-98
-41
30
98
199
290
378
458
518
584
679
780
876
948
1046
1125
1202
1263
1319
1398
1444
1495
1540
1596
1647
1635
1665
1672
1697
1688
1640
1628
1586
1596
1578
1571
1564
1520
1516
1436
1422
1413
1412
1432
1403
1435
1403
1397
1400
1419
1469
1456
1478
1466
1487
1494
1478
1498
1489
1520
1489
1471
1463
1441
1415
1344
1335
1311
1268
1180
1076
1019
935
876
793
703
610
503
415
306
214
154
68
-30
-104
-155
-236
-353
-456
-520
-590
-655
-736
-794
-855
-933
-1003
-1095
-1135
-1197
-1270
-1331
-1393
-1417
-1485
-1571
-1632
-1703
-1732
-1784
-1793
-1836
-1888
-1923
-1988
-2023
-2045
-2059
-2066
-2114
-2128
-2130
-2136
-2152
-2175
-2165
-2157
-2155
-2153
-2143
-2129
-2115
-2112
-2078
-2036
-1993
-1970
-1939
-1885
-1834
-1779
-1734
-1674
-1618
-1571
-1502
-1431
-1329
-1274
-1191
-1106
-1023
-932
-861
-760
-688
-602
-487
-400
-293
-246
-138
-55
43
140
227
340
396
491
586
704
811
877
955
1035
1136
1208
1276
1348
1414
1503
1550
1619
1680
1743
1784
1801
1863
1915
1967
1987
2016
2051
2065
2082
2117
2174
2185
2177
2189
2214
2236
2205
2201
2235
2265
2252
2207
2200
2195
2160
2122
2090
2098
2086
2018
1985
1946
1909
1837
1762
1717
1653
1606
1527
1453
1392
1312
1230
1105
1024
944
845
726
618
547
449
331
224
124
14
-95
-205
-287
-387
-497
-611
-718
-797
-893
-988
-1076
-1160
-1237
-1331
-1404
-1491
-1552
-1601
-1653
-1710
-1798
-1838
-1899
-1943
-1967
-1990
-2012
-2062
-2087
-2099
-2107
-2118
-2163
-2170
-2171
-2170
-2160
-2177
-2153
-2167
-2163
-2164
-2140
-2082
-2074
-2065
-2065
-2024
-2003
-1982
-1944
-1894
-1827
-1802
-1740
-1706
-1639
-1590
-1537
-1459
-1391
-1292
-1237
-1170
-1098
-1009
-902
-828
-724
-651
-582
-502
-413
-280
-188
-86
-5
68
169
264
363
445
550
645
721
801
885
947
1013
1101
1187
1266
1331
1412
1486
1548
1612
1661
1720
1787
1842
1920
1987
2032
2079
2130
2182
2227
2265
2314
2345
2371
2400
2430
2457
2461
2459
2480
2508
2524
2489
2475
2452
2432
2419
2391
2373
2314
2257
2204
2160
2116
2046
1979
1900
1841
1769
1676
1590
1501
1437
1360
1267
1177
1083
993
880
779
696
605
494
374
273
165
58
-43
-160
-269
-379
-477
-585
-690
-790
-917
-1015
-1116
-1201
-1296
-1410
-1492
-1587
-1655
-1728
-1807
-1868
-1935
-1989
-2039
-2082
-2116
-2181
-2210
-2234
-2258
-2282
-2327
-2317
-2308
-2311
-2325
-2348
-2323
-2317
-2306
-2281
-2264
-2243
-2263
-2242
-2211
-2177
-2139
-2137
-2089
-2066
-2032
-2008
-2011
-1957
-1919
-1844
-1794
-1758
-1704
-1682
-1596
-1523
-1429
-1359
-1298
-1208
-1141
-1034
-952
-859
-776
-679
-579
-488
-375
-293
-192
-119
-19
84
165
267
338
445
519
600
688
765
861
921
996
1068
1145
1224
1286
1379
1442
1522
1571
1651
1726
1780
1858
1904
1975
2011
2088
2140
2195
2232
2257
2305
2327
2378
2388
2401
2410
2416
2431
2407
2397
2381
2362
2331
2300
2260
2229
2177
2126
2080
2016
1952
1871
1816
1748
1673
1596
1512
1444
1352
1253
1173
1086
999
896
807
719
627
522
434
336
239
141
32
-43
-143
-238
-334
-434
-518
-614
-710
-805
-897
-982
-1071
-1143
-1222
-1304
-1400
-1474
-1537
-1606
-1669
-1734
-1794
-1860
-1918
-1974
-2023
-2079
-2127
-2162
-2207
-2234
-2267
-2295
-2314
-2353
-2352
-2354
-2370
-2357
-2364
-2346
-2339
-2341
-2321
-2300
-2254
-2223
-2192
-2143
-2103
-2082
-2057
-1996
-1919
-1861
-1812
-1760
-1696
-1637
-1593
-1526
-1454
-1373
-1306
-1250
-1176
-1091
-1003
-938
-852
-758
-655
-579
-501
-407
-320
-229
-157
-57
44
132
215
312
416
518
581
647
739
830
917
980
1064
1139
1220
1293
1364
1432
1496
1563
1625
1700
1766
1831
1885
1936
2003
2046
2101
2140
2165
2202
2230
2274
2299
2321
2332
2348
2359
2366
2373
2367
2356
2338
2326
2319
2295
2256
2216
2179
2129
2061
2010
1956
1899
1827
1748
1677
1594
1515
1433
1352
1263
1167
1079
990
897
805
706
617
538
452
366
277
195
92
5
-63
-133
-231
-323
-391
-456
-523
-600
-677
-750
-817
-889
-958
-1016
-1080
-1143
-1214
-1276
-1325
-1394
-1468
-1536
-1580
-1624
-1689
-1748
-1801
-1840
-1890
-1940
-1966
-1991
-2018
-2049
-2064
-2074
-2087
-2095
-2090
-2074
-2064
-2051
-2039
-2006
-1990
-1969
-1928
-1875
-1825
-1783
-1736
-1695
-1645
-1603
-1540
-1477
-1411
-1345
-1295
-1232
-1174
-1122
-1059
-990
-924
-852
-785
-708
-624
-544
-463
-383
-310
-244
-159
-73
23
96
164
242
315
403
473
542
623
694
771
828
890
952
1008
1061
1104
1160
1219
1253
1297
1338
1398
1446
1466
1510
1532
1573
1600
1629
1685
1725
1755
1785
1821
1856
1877
1890
1925
1964
1992
1999
2000
2014
2013
2009
2012
2009
2010
1982
1956
1929
1907
1872
1819
1766
1713
1670
1608
1551
1484
1412
1333
1254
1182
1099
1016
923
839
755
681
596
502
420
329
246
162
79
-1
-90
-172
-244
-310
-384
-480
-547
-615
-683
-749
-824
-880
-934
-1000
-1058
-1113
-1160
-1208
-1273
-1317
-1366
-1409
-1459
-1506
-1537
-1573
-1608
-1648
-1676
-1695
-1728
-1757
-1775
-1801
-1814
-1833
-1837
-1843
-1856
-1856
-1861
-1853
-1849
-1838
-1824
-1813
-1790
-1768
-1737
-1714
-1688
-1651
-1611
-1572
-1531
-1475
-1423
-1373
-1324
-1276
-1217
-1167
-1111
-1045
-984
-923
-883
-823
-747
-680
-616
-570
-516
-457
-383
-310
-239
-178
-118
-55
7
87
154
222
285
346
418
488
545
613
693
764
818
858
916
970
1030
1087
1135
1185
1228
1265
1299
1346
1380
1413
1445
1469
1505
1533
1554
1571
1586
1611
1626
1634
1638
1644
1648
1650
1645
1636
1644
1640
1627
1614
1598
1582
1554
1530
1506
1476
1445
1418
1391
1345
1306
1252
1202
1154
1079
1027
966
912
849
771
707
636
555
480
414
346
267
189
119
44
-38
-111
-177
-243
-316
-398
-456
-512
-579
-645
-709
-763
-825
-893
-950
-995
-1028
-1074
-1122
-1157
-1194
-1248
-1292
-1316
-1340
-1367
-1402
-1425
-1446
-1465
-1478
-1491
-1489
-1498
-1513
-1519
-1515
-1519
-1526
-1522
-1512
-1495
-1491
-1483
-1473
-1464
-1444
-1415
-1382
-1357
-1334
-1322
-1296
-1260
-1224
-1189
-1160
-1122
-1081
-1031
-987
-941
-894
-847
-795
-749
-687
-631
-590
-542
-479
-412
-354
-306
-241
-179
-126
-57
7
69
123
185
248
308
373
434
496
557
610
660
708
763
813
864
914
962
1003
1045
1081
1118
1160
1190
1224
1255
1280
1302
1314
1331
1355
1367
1374
1381
1386
1375
1367
1363
1369
1372
1370
1356
1344
1331
1317
1307
1293
1280
1258
1235
1203
1186
1157
1129
1099
1068
1034
1005
970
928
896
863
827
786
743
700
660
606
562
519
470
412
361
317
272
223
165
110
66
12
-49
-104
-164
-210
-268
-317
-376
-424
-467
-520
-566
-619
-655
-699
-736
-765
-802
-838
-865
-894
-912
-939
-959
-986
-1004
-1005
-1017
-1022
-1030
-1033
-1044
-1050
-1044
-1041
-1037
-1031
-1031
-1024
-1020
-1009
-1003
-997
-990
-982
-971
-960
-933
-917
-909
-900
-887
-861
-838
-818
-798
-771
-742
-717
-684
-653
-622
-595
-561
-525
-495
-456
-416
-373
-335
-304
-276
-247
-207
-170
-133
-103
-66
-28
18
47
82
118
156
187
207
246
285
323
352
385
424
458
479
502
539
566
593
613
635
662
680
690
705
735
758
767
778
800
804
804
818
826
830
825
823
844
843
831
828
823
814
802
806
802
790
776
764
753
743
738
719
705
693
675
655
631
610
597
592
571
545
516
490
466
429
406
373
342
305
272
243
211
181
141
100
59
25
-10
-57
-104
-139
-169
-201
-234
-268
-299
-336
-368
-389
-420
-442
-462
-488
-507
-527
-548
-574
-590
-599
-619
-631
-639
-649
-663
-677
-685
-698
-709
-713
-713
-712
-715
-715
-711
-711
-713
-717
-709
-700
-697
-693
-686
-686
-675
-664
-658
-647
-646
-626
-614
-601
-584
-568
-552
-539
-526
-511
-484
-468
-446
-430
-410
-396
-373
-351
-339
-317
-287
-267
-248
-231
-215
-187
-170
-147
-118
-89
-67
-56
-40
-10
14
32
54
75
108
121
129
151
178
195
202
212
236
263
270
289
307
330
341
353
363
384
410
415
428
448
460
464
463
485
517
514
519
517
519
523
525
529
524
539
541
528
518
515
521
512
496
491
491
490
489
473
469
465
444
435
429
429
424
409
403
403
395
383
372
345
326
308
301
296
277
261
251
235
212
193
160
157
130
108
92
69
61
35
27
6
-11
-30
-54
-69
-84
-103
-126
-143
-157
-169
-174
-195
-207
-210
-222
-229
-242
-250
-274
-287
-291
-300
-314
-326
-334
-342
-352
-371
-376
-381
-397
-399
-407
-413
-422
-427
-427
-440
-448
-441
-445
-457
-451
-451
-444
-446
-441
-428
-425
-417
-413
-401
-394
-383
-367
-352
-335
-323
-318
-306
-286
-264
-243
-230
-217
-205
-186
-165
-154
-141
-128
-109
-84
-69
-57
-44
-31
-21
0
13
35
58
60
82
107
118
123
139
161
182
190
198
213
225
236
246
252
270
279
287
294
299
313
315
324
326
321
327
326
330
341
344
344
345
354
347
343
349
351
363
366
358
362
357
357
356
349
348
338
333
335
331
329
316
301
297
293
292
285
271
260
247
239
229
209
187
189
189
171
155
146
138
120
108
105
98
80
64
56
48
38
22
15
11
2
-10
-16
-15
-18
-41
-49
-52
-57
-71
-81
-83
-94
-99
-106
-114
-128
-141
-153
-157
-170
-188
-196
-207
-219
-234
-245
-252
-259
-269
-275
-284
-293
-298
-301
-307
-318
-332
-328
-330
-332
-334
-341
-338
-334
-333
-328
-328
-319
-314
-310
-303
-297
-290
-275
-270
-267
-257
-257
-245
-239
-228
-216
-210
-196
-191
-182
-171
-160
-155
-153
-145
-127
-113
-108
-102
-85
-77
-74
-63
-46
-33
-33
-18
-9
1
4
15
25
39
52
64
73
76
90
96
117
128
131
132
140
146
157
161
168
176
183
198
204
213
212
215
225
232
242
248
256
258
261
262
267
272
267
272
269
271
269
273
268
257
255
253
252
248
239
240
238
225
215
208
195
189
183
179
177
167
158
144
136
122
119
110
92
82
73
64
50
36
32
24
23
16
-4
-15
-20
-27
-40
-55
-63
-71
-86
-95
-95
-105
-123
-131
-140
-151
-162
-182
-183
-188
-198
-206
-222
-224
-239
-248
-258
-260
-269
-272
-271
-274
-276
-285
-279
-280
-274
-271
-275
-274
-275
-272
-269
-263
-248
-242
-241
-235
-232
-222
-215
-205
-201
-193
-176
-164
-147
-143
-135
-129
-123
-109
-97
-90
-87
-76
-67
-55
-44
-36
-18
-14
-8
-1
5
15
28
36
48
56
53
53
60
72
80
93
98
103
110
120
120
124
136
144
151
154
152
153
162
175
171
180
191
181
185
188
197
188
187
196
201
203
192
190
188
190
191
186
180
178
164
166
158
150
143
136
143
140
140
131
121
116
112
103
100
106
99
86
83
81
78
65
55
60
54
49
34
26
23
23
17
5
1
-6
-12
-16
-26
-32
-34
-41
-39
-48
-52
-56
-52
-62
-63
-62
-66
-69
-78
-72
-74
-73
-82
-81
-75
-81
-80
-87
-89
-97
-93
-90
-103
-102
-112
-122
-119
-120
-122
-126
-132
-131
-132
-137
-141
-139
-140
-136
-131
-137
-132
-129
-121
-111
-110
-103
-106
-106
-100
-102
-95
-85
-83
-73
-71
-69
-56
-49
-49
-43
-45
-32
-26
-26
-19
-13
-5
-6
1
8
11
15
18
24
28
34
38
36
41
44
46
43
53
64
71
62
63
74
80
80
79
84
87
80
82
90
90
88
95
102
104
104
100
108
109
113
109
110
116
121
118
117
117
113
119
111
111
109
108
112
107
99
98
91
90
93
86
92
85
80
80
72
67
65
61
51
50
42
43
34
35
32
25
21
6
5
10
10
-7
-11
-10
-12
-25
-30
-24
-32
-30
-37
-38
-43
-56
-60
-60
-59
-63
-72
-79
-73
-71
-73
-85
-85
-94
-97
-106
-108
-101
-109
-112
-118
-116
-114
-112
-115
-112
-111
-116
-117
-119
-120
-123
-119
-125
-128
-121
-117
-116
-117
-115
-113
-104
-110
-99
-96
-91
-83
-86
-83
-79
-68
-51
-54
-49
-36
-33
-27
-29
-21
-15
-8
-2
6
5
5
11
7
18
30
33
34
31
34
40
49
53
49
49
52
55
58
54
60
69
68
70
70
71
67
78
81
85
88
84
85
88
94
93
94
99
101
100
107
104
99
100
98
98
99
91
93
97
83
85
85
88
82
79
76
74
69
72
68
63
67
64
61
59
59
62
55
47
48
36
28
29
21
24
16
12
6
0
-2
-2
-2
-13
-19
-26
-29
-35
-32
-31
-40
-45
-52
-49
-59
-62
-55
-60
-57
-60
-61
-68
-73
-69
-67
-67
-76
-76
-75
-76
-81
-82
-82
-89
-86
-80
-81
-84
-85
-82
-77
-83
-94
-102
-92
-86
-85
-92
-93
-85
-90
-88
-82
-80
-85
-85
-75
-75
-76
-67
-61
-61
-55
-52
-43
-46
-40
-31
-29
-23
-19
-12
-6
-1
-1
-2
-4
7
6
12
14
11
25
25
25
30
24
29
26
40
51
45
39
43
57
55
55
62
69
65
66
66
65
70
70
73
76
80
81
77
76
74
75
73
70
66
64
67
72
73
73
68
73
74
81
79
73
78
76
80
79
80
83
86
87
81
76
78
76
70
75
71
65
56
55
66
50
45
45
43
32
20
19
14
13
6
-4
-9
-11
-16
-23
-22
-19
-23
-36
-40
-41
-37
-42
-52
-48
-47
-51
-54
-58
-57
-54
-58
-62
-64
-63
-68
-75
-68
-61
-72
-76
-79
-81
-81
-81
-84
-75
-82
-84
-84
-85
-79
-87
-84
-88
-84
-79
-82
-86
-88
-91
-87
-77
-80
-82
-75
-79
-77
-75
-68
-60
-64
-51
-47
-45
-49
-45
-38
-30
-25
-22
-14
-17
-14
-10
-6
-1
9
16
14
14
22
30
30
30
34
34
46
48
42
55
60
59
56
58
65
63
64
72
66
65
65
62
67
71
70
78
81
84
91
82
79
75
74
79
82
80
71
72
77
70
62
67
65
67
66
64
60
57
57
44
46
40
43
54
49
44
39
39
30
30
32
24
22
22
21
16
8
11
17
2
2
8
2
3
2
3
1
-12
-19
-18
-18
-21
-21
-22
-35
-47
-35
-25
-36
-42
-52
-53
-54
-57
-61
-63
-57
-58
-61
-59
-70
-76
-75
-71
-70
-72
-69
-69
-64
-65
-61
-63
-63
-63
-67
-62
-70
-62
-61
-63
-60
-66
-61
-68
-75
-70
-67
-68
-64
-65
-64
-59
-65
-59
-56
-58
-52
-44
-43
-49
-44
-30
-30
-28
-23
-19
-21
-18
-10
1
4
3
6
3
7
15
26
23
26
29
34
37
33
37
43
50
56
57
55
61
65
68
63
63
69
66
67
69
79
73
72
66
62
72
71
76
76
81
74
78
74
75
79
69
69
69
66
62
64
63
57
58
49
40
37
35
32
25
26
27
30
20
14
18
20
18
13
5
13
14
11
8
14
16
6
-3
2
2
6
3
2
0
-12
-14
-16
-12
-22
-26
-19
-22
-31
-36
-30
-33
-50
-49
-45
-51
-51
-50
-47
-54
-53
-58
-67
-57
-57
-60
-58
-57
-57
-58
-53
-54
-58
-52
-48
-55
-60
-47
-48
-48
-48
-45
-41
-48
-40
-38
-43
-42
-36
-35
-39
-38
-33
-28
-26
-26
-17
-21
-22
-18
-18
-22
-19
-6
-7
-11
-11
-4
-3
0
-9
-9
-6
2
7
2
-1
0
5
9
13
11
15
16
19
26
27
34
29
25
28
26
36
45
44
38
46
53
52
58
51
51
57
64
63
55
50
49
51
51
49
48
45
45
47
50
45
42
43
39
47
50
50
42
38
35
30
36
30
33
36
29
29
26
21
21
22
19
14
11
19
20
11
11
4
5
9
13
14
9
1
6
3
-5
-4
3
4
-9
-11
-13
-18
-24
-24
-17
-18
-24
-28
-30
-31
-30
-38
-40
-39
-43
-47
-51
-45
-39
-35
-35
-38
-38
-35
-43
-43
-39
-38
-36
-39
-33
-39
-42
-35
-42
-37
-37
-47
-48
-44
-51
-49
-47
-43
-40
-50
-43
-41
-33
-35
-35
-32
-34
-35
-37
-30
-31
-27
-26
-20
-17
-19
-10
-10
-11
-2
-9
-6
0
-2
-2
-3
9
13
9
11
21
15
17
19
23
27
18
21
30
39
40
35
32
39
40
32
27
32
37
46
40
37
37
45
43
35
39
40
42
35
41
46
43
42
43
46
39
40
41
40
42
38
35
35
38
33
31
31
27
25
17
17
16
17
18
15
12
6
2
2
3
-2
-5
-8
-11
-9
-10
-14
-16
-22
-19
-21
-21
-11
-10
-19
-23
-16
-20
-20
-19
-15
-15
-18
-15
-18
-25
-15
-20
-21
-17
-12
-8
-22
-18
-14
-23
-24
-18
-17
-21
-25
-25
-32
-33
-31
-29
-29
-38
-35
-26
-24
-22
-29
-28
-28
-29
-20
-20
-28
-23
-15
-12
-12
-12
-15
-13
-18
-17
-10
-13
-17
-19
-13
-18
-24
-21
-15
-13
-18
-10
-2
0
-5
-9
0
6
1
5
8
13
6
3
11
9
11
7
14
11
9
9
16
23
14
15
20
22
13
5
7
14
15
12
15
24
13
15
15
15
15
6
8
7
19
28
22
18
16
19
19
15
15
22
22
24
24
31
22
24
26
26
30
26
32
24
23
20
18
21
22
20
20
13
7
16
12
7
5
10
11
0
2
5
5
3
7
3
-4
-4
-4
-3
1
3
-3
-5
1
5
-3
-7
-1
2
-2
-4
-5
-4
-5
-7
-10
-5
-5
-4
-8
-13
-13
-14
-16
-11
-8
-14
-18
-15
-17
-18
-20
-18
-17
-18
-19
-27
-23
-21
-11
-10
-18
-19
-21
-11
-14
-17
-14
-17
-10
-12
-10
-11
-15
-14
-19
-21
-25
-21
-16
-10
-15
-16
-7
-13
-21
-26
-19
-12
-18
-12
-12
-15
-15
-16
-8
-6
-8
-4
0
1
0
2
5
7
2
3
7
13
11
8
11
10
9
9
17
14
15
12
10
5
1
5
8
12
14
11
11
8
12
11
5
14
16
15
8
8
10
20
21
18
28
23
23
17
15
15
17
14
22
25
24
24
14
10
11
14
9
8
16
8
8
13
14
12
6
7
6
8
11
9
7
9
10
3
6
3
0
2
-2
-5
-5
-6
-1
3
-1
7
-1
-6
-1
-3
-3
0
2
2
4
-2
4
0
-3
-3
-5
-4
-3
-7
-3
3
-9
-11
-10
-11
-15
-16
-13
-18
-11
-10
-18
-18
-14
-17
-18
-25
-20
-18
-24
-29
-25
-17
-20
-19
-19
-17
-20
-16
-16
-18
-17
-20
-15
-17
-14
-14
-8
-13
-17
-11
-8
-9
-10
-5
-3
-2
-8
-3
1
-4
-3
-3
-1
-4
-5
0
7
5
4
6
0
4
10
8
8
7
10
9
9
9
9
6
5
9
15
12
4
9
8
11
12
6
12
11
8
3
1
2
7
9
4
8
8
8
7
6
8
5
7
8
8
8
9
16
15
12
7
11
13
12
12
12
8
8
10
10
10
2
6
0
1
9
7
2
-4
