-18
-18
-20
-22
-24
-24
-26
-26
-27
-28
-27
-26
-27
-26
-26
-25
-24
-23
-20
-17
-14
-12
-11
-10
-8
-5
-4
-4
-2
-2
-1
2
3
6
8
10
11
13
15
16
17
18
19
20
21
22
23
22
22
21
20
20
20
19
19
18
18
17
18
17
16
17
15
16
18
18
19
19
20
21
20
21
21
22
22
23
21
19
18
15
12
11
9
7
6
3
2
0
-2
-4
-5
-7
-8
-7
-8
-10
-9
-9
-10
-11
-11
-12
-13
-15
-16
-17
-18
-19
-18
-18
-18
-17
-19
-20
-20
-20
-19
-20
-19
-19
-19
-19
-18
-18
-19
-17
-17
-16
-14
-13
-15
-13
-13
-14
-12
-12
-10
-12
-12
-12
-11
-11
-11
-10
-8
-6
-6
-6
-5
-2
-1
0
1
3
4
5
7
9
10
11
9
9
11
12
13
14
15
16
16
15
16
17
17
17
18
17
18
18
16
15
14
12
12
11
12
13
12
11
10
9
8
8
10
10
10
9
9
8
8
8
9
10
9
10
8
8
8
6
4
4
3
3
2
2
0
-2
-4
-3
-4
-4
-4
-5
-6
-6
-8
-8
-9
-11
-11
-11
-12
-12
-10
-9
-8
-8
-8
-8
-8
-7
-8
-7
-7
-8
-9
-9
-9
-9
-9
-10
-12
-12
-13
-12
-14
-12
-12
-11
-11
-11
-11
-12
-13
-14
-14
-14
-13
-12
-10
-8
-8
-5
-5
-5
-4
-2
1
0
1
4
3
4
4
5
4
5
5
5
7
7
7
8
10
10
10
10
12
12
12
11
11
13
12
11
12
14
14
12
11
12
11
9
8
7
7
4
5
4
1
-1
-3
-5
-4
-6
-6
-7
-6
-5
-3
-2
-2
0
1
4
5
5
8
8
7
7
8
10
10
9
11
11
11
12
12
10
9
9
7
7
7
6
5
4
4
2
2
2
0
-2
-2
-4
-5
-6
-7
-10
-12
-14
-13
-15
-17
-15
-13
-12
-13
-12
-11
-13
-11
-9
-10
-9
-6
-7
-7
-7
-6
-7
-5
-3
-5
-2
-1
-4
-4
-5
-1
-6
-8
-4
-8
-9
-7
-8
-7
-8
-5
-5
-10
-3
-1
-4
1
0
0
3
5
7
9
12
13
12
14
12
12
13
17
18
16
16
13
11
11
14
11
12
11
7
7
6
6
6
5
4
2
3
-1
-6
-1
1
-4
-2
-1
-2
-5
0
-1
-8
-8
-5
-9
-10
-6
-7
-12
-9
-9
-14
-10
-5
-5
-8
-6
-4
-8
-11
-3
-2
-4
2
-4
-9
-10
-7
-12
-14
-4
-5
-12
-13
-11
-16
-13
-4
0
4
2
-2
-4
-4
-4
1
6
10
12
11
7
4
7
7
7
16
16
13
12
14
11
6
10
18
12
6
11
17
11
1
9
10
-1
6
12
2
0
8
3
-10
-1
3
-5
4
6
-1
-4
-1
-3
-8
0
2
-3
7
-1
-8
4
-2
-2
4
8
5
1
18
7
-5
13
2
0
7
3
12
3
11
12
-9
1
-3
-8
1
-5
6
-1
-13
-5
-20
-21
-10
-12
-8
-11
-4
-15
-23
-6
-20
-17
2
-9
-3
1
-7
-4
-4
-4
-14
-2
11
-16
1
15
-12
0
6
-9
-6
4
2
-10
3
11
-20
-12
0
-17
-7
7
3
3
2
4
3
-6
2
10
11
8
8
18
4
1
18
4
4
23
10
7
6
4
6
-1
13
10
7
18
-1
7
6
-13
9
-3
-7
8
-10
-7
-10
-10
-4
-19
-2
-7
-16
4
-18
-17
-7
-15
-9
-13
-8
-10
-10
10
-9
-5
20
7
6
8
12
15
6
14
19
19
18
6
13
6
-12
7
9
-5
17
20
-12
-11
5
-20
-30
3
4
-25
-1
12
-30
-21
7
-14
-10
15
12
-7
2
17
-10
-6
26
16
9
21
24
6
0
23
1
-4
30
15
3
4
5
6
-20
5
16
-17
12
5
-15
0
-18
-13
-19
-18
8
-19
-14
-6
-23
-10
-46
-30
-4
-41
-15
-2
-29
-25
-10
-4
-32
-16
32
-4
-22
19
4
-29
2
21
-8
6
35
26
5
7
35
14
1
38
22
13
17
6
5
-22
1
16
-28
10
37
1
9
19
16
1
2
30
9
3
35
13
-6
16
14
-2
4
36
26
-2
28
28
-11
-4
6
-8
-16
3
5
-29
-17
1
-34
-35
1
-8
-39
-9
11
-43
-36
3
-33
-50
-6
-5
-57
-17
18
-44
-32
3
-28
-28
-1
4
-32
-26
16
-36
-48
21
1
-15
21
22
5
-1
35
26
-16
48
59
2
47
48
1
18
19
24
15
9
41
14
6
23
-7
11
13
0
21
-6
17
30
-14
12
2
-9
13
-8
10
19
-4
7
6
5
-12
3
21
-22
-9
2
-7
-13
-31
7
-14
-32
9
-35
-21
8
-20
-18
-29
14
6
-59
0
1
-31
4
-20
-15
-20
-20
-6
-55
-12
15
-45
-12
-18
-37
-12
-31
-12
-13
-15
10
-14
1
3
-9
18
2
25
26
21
68
31
30
61
37
38
27
49
33
15
68
17
-4
37
0
-4
7
8
12
-6
23
0
-27
2
6
3
-6
11
20
-22
0
3
-19
1
5
19
-4
-3
28
-27
-34
4
-13
-16
-18
3
-12
-39
5
-31
-51
2
-5
-10
-8
12
11
-31
0
-7
-35
8
-6
-10
9
-30
-16
-12
-34
-10
-6
-19
-20
5
-9
-58
12
31
-55
8
35
-23
22
18
-1
20
21
38
18
31
59
18
37
23
10
64
4
-7
33
-12
7
5
-9
-10
-5
36
-25
-27
30
-24
-16
3
-28
-7
-19
-18
-13
-29
-4
-5
-25
7
15
-23
-19
16
13
-24
-18
27
0
-21
11
-9
-5
6
-2
2
-21
27
28
-30
17
15
-2
6
-1
-5
-21
12
1
-37
-5
-6
-25
-1
4
-24
-16
0
-7
-3
-20
-25
19
18
-10
-13
9
-3
-4
47
4
-13
47
20
8
11
8
36
24
11
9
41
38
-16
55
43
-29
54
65
-21
-7
49
8
-19
12
-1
-10
15
-2
-35
-20
20
-15
-27
-10
-22
-2
-15
-16
-28
-50
16
-15
-37
1
-22
4
-17
-1
-20
-72
71
10
-89
49
32
-27
-29
8
20
-69
24
33
-74
22
14
-50
-2
9
2
-52
-14
29
-64
-38
-3
-36
-29
-14
2
-27
-9
45
-7
-23
15
44
19
-10
40
8
2
53
-1
3
30
14
36
8
19
38
18
30
28
27
13
-7
50
33
-31
26
36
-14
31
61
-24
-39
66
45
-77
30
77
-72
-42
55
-35
-105
28
26
-124
-19
54
-73
-43
31
-15
-29
44
32
-25
35
54
13
9
4
19
50
18
-20
40
42
-17
21
23
-20
-4
24
-25
-67
2
6
-69
-36
8
-49
-32
24
-70
-64
47
-1
-75
-51
46
-19
-80
50
-21
-40
60
-8
-23
-21
42
14
-71
72
24
-41
45
19
10
-47
4
56
-77
12
92
-47
-26
44
16
-36
-18
72
-23
-53
90
-30
-79
41
-21
-53
-18
35
-8
-79
39
27
-37
14
-49
-3
67
6
-48
-48
25
63
8
-15
20
55
53
20
-41
-8
80
49
-11
-24
60
45
-55
20
21
-53
40
68
-40
-64
63
17
-134
7
55
-114
-20
73
-51
-89
4
9
-50
15
5
-29
46
44
-20
-22
4
53
56
28
-1
1
38
53
-47
-21
88
-1
42
55
-51
22
28
25
-29
-36
140
-34
-25
111
-75
10
29
-48
47
0
29
29
2
36
-50
19
12
-65
38
3
-25
17
-12
-41
-12
5
-34
-24
-7
-4
-15
-19
-2
-52
-20
33
-35
-21
7
1
-37
-25
-15
-47
-8
7
-29
-90
17
-20
-171
7
29
-70
-10
-53
-40
-64
-50
55
-116
-22
72
-47
-2
-42
7
4
-33
120
18
0
51
-1
73
-21
5
76
47
72
18
44
-6
-18
115
59
7
47
53
50
5
26
15
-15
100
58
-38
15
12
12
-15
26
3
-57
95
11
-112
53
4
-100
54
72
-97
-71
100
-12
-119
46
16
-143
95
89
-175
47
74
-133
46
14
-101
42
95
-39
-52
75
-11
-127
126
40
-174
157
24
-151
51
28
-38
-114
52
80
-145
67
17
-122
14
26
-33
-107
31
76
-111
25
44
-77
27
68
-50
-60
121
31
-123
96
29
-118
85
47
-67
-9
145
1
-113
73
96
-17
-64
148
33
-115
97
10
-81
24
58
-13
-92
97
55
-174
33
91
-154
-35
118
-40
-83
-68
-5
-19
-54
-2
-33
14
-23
-9
-40
-92
9
111
24
-89
35
58
-108
23
110
-136
62
213
-66
-88
75
12
-97
52
77
-140
79
112
-150
12
73
-33
3
104
43
-39
56
15
-17
84
91
-5
-22
62
87
-31
28
69
1
-20
64
44
-120
24
89
-53
-11
29
-5
27
11
42
2
-58
26
29
-73
34
50
-44
46
-17
-78
-16
3
-48
-42
-9
-37
-90
-9
-71
-130
27
-83
-97
14
-75
-103
-61
-19
-26
-111
-21
15
-40
-3
-65
-16
-12
3
73
-97
18
150
-72
16
59
-7
8
4
107
14
-5
70
7
-3
45
30
1
49
61
62
-21
-71
125
40
-71
105
37
-62
43
4
-83
11
118
-48
-90
114
51
-147
16
55
-45
117
35
-105
23
86
6
-24
28
48
17
134
15
-69
32
13
44
30
-32
33
49
3
-100
-78
72
-78
-20
70
-66
-98
-12
-40
-121
-22
51
-78
-59
71
-53
-127
-17
12
-75
22
88
-69
-86
157
-13
-187
91
56
-114
91
161
-148
-37
248
-78
-197
184
122
-108
106
128
-65
86
143
-150
-63
226
43
-95
112
67
-125
62
0
-165
98
71
-124
54
52
-130
-93
48
-103
-107
195
-86
-125
216
-11
-159
15
42
-39
-12
100
-12
-81
138
24
-189
-26
83
-2
-18
43
25
-122
-31
79
-146
-104
100
-1
-46
-19
-27
-56
-79
90
25
-124
54
71
-41
-19
8
-54
-10
123
-6
-88
0
17
71
37
-67
57
60
0
16
-42
7
57
123
36
-97
77
43
-60
123
34
-76
98
159
-71
-155
78
79
-137
32
132
-87
42
77
-101
-74
53
18
-54
63
142
-32
-65
63
-61
-35
10
-46
66
3
-53
-9
-106
-48
-27
-81
-43
-3
29
-82
-98
-3
-78
-65
33
-30
8
53
-8
-29
-68
23
-10
-28
98
9
28
103
-35
-67
15
49
-3
31
133
1
-39
34
-51
-26
82
81
-1
29
60
-42
-18
55
26
81
75
15
16
-38
8
82
20
-55
77
84
-88
-23
64
-114
-45
116
-65
-84
40
-51
-121
-20
-27
-111
11
87
-92
-28
13
-38
49
-4
27
78
31
32
78
20
-61
123
152
-105
-1
122
-79
-78
38
-102
-115
131
-56
-254
-13
-43
-146
7
3
-94
10
61
-91
-77
53
-12
23
145
61
-58
9
62
-92
1
209
48
-39
77
8
-194
-102
23
-74
-23
92
-42
-175
-62
-52
-149
31
155
36
41
40
0
0
19
58
87
135
126
42
6
-21
-30
-35
37
102
36
25
9
-70
-94
-42
7
2
82
170
26
-30
29
-26
-22
76
140
135
109
117
18
-78
-45
15
100
92
104
93
-57
-85
-106
-166
-64
71
95
-23
-50
-16
-193
-210
-44
-88
-36
138
39
-135
-105
-110
-232
-116
54
-6
-8
73
-2
-161
-153
-120
-137
-13
55
-11
-12
-19
-81
-134
-144
-59
-16
42
130
57
-2
-22
-14
2
-6
111
143
125
149
67
29
26
58
103
94
137
102
33
72
46
20
58
63
76
78
70
42
20
50
47
16
56
76
36
47
61
34
13
19
-4
-26
-2
7
-4
6
-2
-78
-100
-75
-103
-75
-20
-17
-31
-72
-131
-157
-148
-113
-30
29
10
11
-25
-118
-111
-49
-29
39
129
102
-17
-45
-87
-180
-97
-12
-30
1
33
-38
-143
-120
-114
-145
-40
47
72
53
-3
-55
-75
-34
14
87
152
141
124
95
33
-3
86
171
134
181
176
63
34
-1
10
39
78
142
69
54
56
1
33
39
89
116
75
110
67
5
27
19
31
52
68
62
4
19
13
-64
-74
-79
-87
-94
-121
-128
-180
-230
-236
-267
-289
-286
-270
-213
-207
-190
-145
-153
-160
-172
-161
-110
-82
-28
7
-50
-29
2
-8
22
33
93
86
81
136
72
92
118
125
153
131
217
220
172
228
184
187
216
209
280
252
248
281
235
242
239
274
275
200
237
219
159
176
174
171
134
126
108
2
-8
4
-51
-48
-33
-83
-152
-185
-232
-310
-321
-279
-322
-334
-258
-297
-364
-378
-422
-476
-481
-423
-409
-387
-285
-318
-445
-499
-553
-548
-466
-376
-324
-319
-282
-339
-420
-384
-338
-174
21
180
320
349
342
258
258
379
503
706
782
794
775
611
505
419
410
483
554
607
478
377
308
131
100
162
245
362
463
529
446
397
419
386
457
569
641
646
558
448
268
134
55
-44
-118
-192
-279
-425
-565
-668
-793
-852
-846
-838
-826
-808
-783
-771
-736
-697
-667
-625
-602
-579
-555
-523
-504
-491
-464
-497
-545
-575
-647
-621
-527
-421
-255
-124
9
30
29
79
55
201
469
753
959
955
857
582
353
324
290
400
681
831
704
440
181
-103
-201
32
297
576
901
956
748
561
471
430
582
928
1162
1193
1083
774
336
27
-82
-96
-29
39
-59
-304
-582
-844
-1011
-968
-784
-624
-490
-392
-476
-633
-676
-651
-590
-432
-241
-205
-288
-370
-505
-643
-677
-641
-621
-691
-746
-826
-998
-991
-814
-618
-398
-159
26
7
124
367
433
619
880
1081
1173
1097
937
632
467
416
299
377
436
347
201
-78
-356
-497
-413
-221
22
418
626
605
640
648
648
791
1098
1354
1437
1445
1237
832
476
211
20
-56
-59
-180
-436
-728
-1032
-1295
-1342
-1167
-1000
-845
-683
-632
-688
-706
-634
-509
-308
-109
-45
-76
-165
-301
-404
-442
-467
-528
-562
-662
-866
-1041
-1129
-1062
-968
-777
-456
-268
-120
43
263
514
708
968
1089
1209
1424
1347
1085
859
751
640
486
499
435
281
179
-79
-335
-422
-342
-202
-9
369
611
655
742
790
822
972
1246
1468
1516
1486
1268
890
542
217
-11
-110
-173
-334
-597
-863
-1150
-1353
-1354
-1229
-1067
-913
-737
-638
-617
-578
-547
-437
-293
-145
-49
-81
-120
-257
-382
-448
-613
-655
-732
-891
-1015
-1177
-1176
-1207
-1144
-907
-711
-383
-210
-90
260
635
979
1093
1167
1351
1353
1252
988
753
674
516
412
229
9
-98
-305
-522
-630
-527
-342
-248
10
255
353
498
681
887
1115
1417
1648
1691
1672
1479
1139
880
634
355
140
-45
-316
-674
-996
-1265
-1437
-1459
-1350
-1168
-995
-869
-779
-661
-538
-407
-182
28
184
264
216
146
-7
-104
-83
-131
-176
-343
-582
-755
-1003
-1152
-1211
-1194
-1076
-1003
-762
-541
-416
-153
82
433
886
1227
1421
1461
1594
1580
1320
1170
1026
846
673
495
307
70
-99
-309
-606
-658
-485
-390
-302
-28
241
300
389
663
849
973
1285
1521
1506
1458
1326
983
614
422
204
-125
-294
-492
-887
-1188
-1370
-1579
-1667
-1479
-1264
-1164
-957
-759
-708
-619
-439
-265
-149
13
143
131
119
16
-157
-246
-306
-372
-518
-583
-609
-829
-1011
-1126
-1241
-1297
-1192
-870
-674
-382
117
284
406
790
1113
1225
1360
1661
1706
1590
1465
991
632
553
360
128
89
141
-118
-414
-497
-619
-539
-261
-11
319
645
779
766
861
995
1045
1279
1577
1602
1469
1234
806
370
94
-155
-407
-526
-655
-943
-1244
-1463
-1617
-1586
-1346
-1061
-781
-534
-422
-406
-388
-292
-129
53
217
275
223
60
-194
-406
-500
-516
-520
-533
-593
-708
-935
-1216
-1375
-1428
-1328
-1029
-635
-246
91
330
416
558
955
1316
1520
1767
1952
1872
1524
1090
729
447
293
205
132
83
-69
-371
-680
-774
-625
-403
-103
334
662
703
691
776
870
987
1223
1462
1509
1424
1190
781
453
182
-140
-379
-554
-752
-1004
-1194
-1377
-1591
-1527
-1373
-1263
-939
-647
-527
-456
-382
-338
-319
-93
79
68
154
134
-76
-301
-428
-482
-566
-487
-422
-617
-812
-1027
-1296
-1479
-1442
-1164
-908
-605
-267
-15
223
356
625
1083
1437
1700
1824
1876
1836
1558
1094
702
638
571
334
225
142
-59
-273
-470
-607
-478
-138
80
290
606
732
637
659
893
1045
1131
1331
1401
1238
1014
799
485
162
47
-186
-547
-671
-799
-1111
-1264
-1186
-1259
-1287
-940
-736
-729
-523
-352
-426
-435
-219
-158
-200
-65
-84
-202
-268
-467
-628
-670
-569
-537
-658
-666
-849
-1126
-1299
-1435
-1335
-1251
-1036
-547
-295
-41
253
368
568
968
1481
1612
1732
2130
1883
1392
1125
732
460
409
412
235
187
253
-270
-716
-590
-480
-338
46
508
698
675
704
607
626
902
1096
1286
1430
1329
1013
686
437
111
-91
-139
-328
-567
-762
-973
-1182
-1254
-1162
-1079
-949
-745
-567
-461
-420
-353
-323
-255
-78
-35
-22
70
70
-62
-213
-243
-371
-516
-425
-496
-672
-756
-936
-1165
-1387
-1406
-1348
-1233
-810
-563
-346
90
256
410
834
1310
1492
1541
1833
1720
1405
1312
945
642
498
281
145
110
89
-249
-525
-555
-680
-478
-141
57
351
514
451
339
436
621
754
1058
1232
1135
974
693
430
289
183
42
-93
-220
-520
-808
-946
-1043
-1029
-909
-820
-766
-648
-576
-583
-462
-277
-202
-83
96
72
38
188
213
81
-15
-42
-146
-266
-217
-384
-672
-756
-962
-1199
-1371
-1387
-1296
-1135
-656
-455
-357
92
391
603
968
1516
1664
1540
1844
1727
1255
1093
913
539
226
264
61
-229
-92
-365
-832
-764
-582
-568
-383
139
332
236
346
327
311
578
906
1139
1242
1235
994
713
627
490
306
176
36
-196
-490
-682
-870
-1026
-1005
-931
-920
-840
-716
-687
-634
-481
-350
-251
-89
40
39
81
230
249
104
13
-2
-137
-302
-339
-463
-738
-982
-1174
-1459
-1619
-1494
-1363
-1152
-768
-456
-256
57
508
918
1394
1758
1654
1645
1807
1635
1279
986
744
345
100
2
-304
-363
-365
-745
-975
-815
-632
-599
-252
232
247
262
421
453
586
893
1192
1370
1497
1468
1179
1000
838
541
412
314
134
-111
-395
-667
-901
-988
-1014
-944
-751
-686
-627
-506
-471
-423
-293
-99
53
138
306
414
376
264
58
-46
-127
-239
-298
-518
-743
-990
-1329
-1552
-1759
-1847
-1757
-1460
-1111
-834
-401
-130
25
516
1106
1406
1518
1711
1806
1728
1525
945
492
432
194
-175
-306
-294
-536
-848
-1003
-1121
-970
-680
-466
-81
266
307
239
382
657
900
1292
1668
1781
1718
1532
1301
1140
977
788
628
396
9
-398
-712
-988
-1133
-1118
-1097
-1025
-870
-833
-847
-687
-507
-405
-108
211
269
359
544
578
398
274
239
87
14
-83
-397
-692
-983
-1324
-1678
-1872
-1830
-1892
-1728
-1320
-1112
-821
-356
106
365
841
1561
1684
1646
1961
2021
1698
1356
1027
540
286
337
-47
-387
-264
-534
-1061
-1063
-822
-788
-538
2
165
213
430
407
477
925
1292
1483
1809
1991
1736
1515
1437
1140
849
716
458
77
-286
-669
-1084
-1321
-1420
-1496
-1382
-1180
-1071
-1012
-888
-724
-602
-388
-115
125
295
388
496
447
229
27
-106
-188
-335
-487
-762
-1140
-1529
-1977
-2275
-2314
-2215
-2045
-1726
-1319
-1043
-696
-177
245
786
1496
2036
2133
2097
2179
2041
1713
1346
982
703
471
179
-234
-478
-524
-772
-1035
-938
-627
-464
-270
160
430
474
608
856
1138
1516
1925
2172
2272
2225
1976
1760
1612
1338
1011
737
353
-187
-639
-1039
-1419
-1571
-1606
-1609
-1468
-1293
-1237
-1169
-928
-742
-590
-231
109
268
409
568
545
346
155
31
-124
-302
-570
-920
-1246
-1688
-2123
-2466
-2700
-2676
-2511
-2219
-1824
-1401
-917
-466
94
659
1253
2006
2285
2165
2245
2349
2079
1604
1279
868
476
340
-106
-536
-431
-506
-968
-1072
-720
-597
-436
162
527
651
886
1048
1209
1589
2047
2340
2591
2649
2304
1941
1682
1316
904
584
243
-237
-759
-1288
-1733
-1950
-2048
-1974
-1683
-1481
-1420
-1305
-1047
-813
-592
-243
82
375
596
626
635
602
327
63
-30
-247
-672
-979
-1269
-1807
-2271
-2575
-2794
-2720
-2611
-2533
-2082
-1500
-1027
-361
396
762
1286
2206
2370
2164
2587
2717
2262
2040
1650
784
492
559
-203
-685
-262
-470
-1123
-1028
-803
-914
-553
119
385
731
1149
1120
1271
1749
2018
2290
2711
2775
2444
2146
1793
1335
953
475
-1
-290
-763
-1398
-1761
-1999
-2263
-2231
-1932
-1766
-1602
-1317
-1144
-901
-565
-320
9
408
612
614
677
663
335
71
-80
-346
-681
-1070
-1385
-1748
-2209
-2545
-2762
-2793
-2732
-2542
-2062
-1472
-762
-146
349
956
1538
2101
2436
2558
2763
2844
2636
2127
1618
1140
629
361
-15
-451
-462
-514
-976
-1205
-936
-796
-638
7
552
780
1106
1320
1409
1731
2056
2244
2617
2845
2485
2069
1774
1184
567
165
-277
-659
-927
-1463
-2018
-2195
-2431
-2641
-2310
-1887
-1725
-1366
-903
-754
-635
-312
-46
201
556
736
775
764
445
-48
-388
-597
-865
-1187
-1395
-1700
-2231
-2695
-2899
-2922
-2897
-2527
-1829
-1300
-677
99
586
1014
1771
2445
2618
2867
3211
3042
2753
2491
1826
1155
952
672
25
-262
-222
-565
-948
-955
-897
-778
-391
78
464
899
1225
1283
1467
1847
2074
2238
2577
2776
2556
2196
1838
1298
653
113
-347
-731
-1083
-1544
-2020
-2354
-2607
-2791
-2663
-2272
-1927
-1599
-1245
-975
-771
-562
-261
112
432
598
686
744
489
16
-331
-604
-875
-1177
-1541
-1860
-2187
-2561
-2863
-2929
-2865
-2714
-2158
-1476
-924
-182
520
946
1527
2233
2500
2556
2983
3167
2878
2697
2315
1588
1193
1031
433
-59
40
-99
-598
-706
-647
-723
-532
-127
174
577
1047
1162
1234
1600
1819
1844
2110
2442
2417
2150
1854
1406
811
231
-273
-646
-956
-1319
-1745
-2091
-2306
-2486
-2531
-2301
-1947
-1648
-1337
-958
-678
-490
-199
105
308
488
631
669
576
332
-46
-393
-661
-1054
-1431
-1593
-1787
-2080
-2306
-2419
-2486
-2428
-2113
-1624
-975
-250
332
849
1423
1917
2146
2246
2476
2722
2790
2626
2272
1879
1469
1025
560
178
25
-52
-254
-497
-587
-564
-566
-456
-134
244
573
809
988
1199
1418
1533
1629
1862
2009
1873
1655
1425
1009
464
-23
-446
-823
-1139
-1483
-1835
-2018
-2147
-2325
-2324
-2111
-1914
-1701
-1326
-977
-761
-496
-216
-29
140
270
325
361
318
85
-173
-345
-652
-1042
-1255
-1432
-1673
-1799
-1850
-1929
-1861
-1600
-1330
-928
-332
131
483
957
1429
1746
2041
2277
2359
2455
2477
2195
1808
1563
1345
1061
756
459
261
169
-25
-296
-385
-329
-297
-213
3
268
479
612
725
896
1074
1171
1277
1400
1412
1288
1125
897
564
181
-187
-513
-802
-1075
-1331
-1495
-1609
-1734
-1804
-1752
-1630
-1504
-1342
-1102
-863
-685
-505
-294
-129
-69
-29
37
27
-78
-210
-353
-512
-690
-900
-1091
-1195
-1284
-1408
-1438
-1324
-1185
-1002
-706
-384
-91
239
562
839
1191
1552
1746
1824
1931
1974
1871
1740
1597
1428
1300
1146
843
569
487
408
221
96
68
15
6
90
185
294
424
504
562
691
799
832
892
937
854
715
586
393
137
-109
-346
-578
-789
-1002
-1207
-1347
-1450
-1539
-1558
-1481
-1359
-1236
-1103
-952
-795
-662
-550
-428
-310
-227
-174
-156
-206
-319
-444
-595
-761
-910
-1026
-1088
-1114
-1135
-1145
-1108
-1016
-906
-747
-515
-238
66
389
678
914
1143
1346
1475
1548
1591
1601
1614
1611
1508
1337
1164
940
666
461
379
355
337
293
211
171
193
191
205
311
444
556
700
845
907
916
896
819
723
633
496
340
221
53
-227
-518
-740
-930
-1086
-1167
-1195
-1185
-1131
-1078
-1049
-986
-887
-779
-649
-492
-340
-218
-138
-125
-168
-229
-287
-338
-433
-574
-715
-828
-945
-1059
-1123
-1142
-1128
-1064
-971
-835
-636
-404
-168
85
345
564
780
1036
1268
1417
1489
1491
1459
1424
1354
1220
1061
899
674
394
177
68
12
-17
-23
-24
-1
55
94
135
271
463
617
761
918
1019
1045
1039
968
817
637
437
233
74
-109
-390
-669
-865
-1053
-1239
-1327
-1326
-1289
-1211
-1111
-1013
-881
-725
-592
-439
-248
-112
-35
43
82
39
-38
-125
-251
-408
-587
-775
-931
-1045
-1139
-1192
-1179
-1134
-1072
-979
-839
-631
-373
-90
226
531
771
993
1235
1426
1512
1539
1519
1465
1426
1365
1213
1014
792
498
198
17
-68
-103
-67
-8
27
67
138
186
244
392
574
728
881
1031
1109
1102
1043
901
686
472
281
102
-53
-233
-488
-743
-941
-1133
-1304
-1364
-1325
-1260
-1145
-999
-865
-733
-607
-500
-358
-180
-54
16
83
109
47
-53
-169
-327
-505
-658
-789
-916
-1027
-1100
-1112
-1085
-1050
-1006
-927
-774
-536
-256
35
352
664
901
1067
1207
1310
1368
1390
1363
1317
1292
1235
1061
807
534
259
27
-121
-193
-178
-81
7
28
47
104
163
243
408
619
801
952
1091
1158
1126
1013
824
608
426
254
54
-137
-327
-580
-847
-1037
-1184
-1299
-1318
-1258
-1177
-1057
-906
-789
-681
-544
-407
-286
-164
-79
-46
-21
-15
-80
-196
-316
-459
-626
-764
-858
-950
-1027
-1044
-1020
-969
-891
-808
-693
-486
-205
72
345
639
898
1075
1214
1330
1394
1422
1429
1404
1363
1301
1158
922
673
444
209
2
-104
-108
-68
-10
39
73
116
170
229
344
542
740
881
993
1076
1068
963
814
631
425
229
34
-170
-370
-582
-828
-1055
-1214
-1324
-1381
-1355
-1265
-1148
-1015
-864
-720
-581
-441
-314
-207
-116
-55
-32
-34
-60
-123
-228
-383
-566
-723
-843
-953
-1043
-1087
-1079
-1037
-970
-904
-817
-636
-386
-107
220
554
806
990
1162
1307
1405
1462
1447
1399
1391
1321
1111
885
684
416
144
-35
-155
-194
-141
-110
-99
-13
87
139
262
487
690
863
1044
1179
1248
1267
1191
1028
859
663
395
136
-79
-326
-616
-861
-1044
-1206
-1325
-1365
-1353
-1291
-1164
-1019
-867
-683
-513
-402
-282
-146
-82
-68
-27
-15
-77
-161
-287
-474
-651
-804
-969
-1098
-1143
-1164
-1174
-1129
-1062
-998
-854
-616
-357
-65
312
669
913
1129
1358
1529
1637
1671
1598
1532
1522
1386
1103
874
667
345
69
-61
-138
-162
-152
-197
-196
-66
19
70
296
582
750
911
1098
1201
1256
1273
1162
1003
842
577
273
47
-218
-568
-865
-1091
-1290
-1426
-1502
-1529
-1468
-1363
-1255
-1082
-868
-703
-547
-386
-271
-184
-108
-66
-43
-57
-169
-320
-438
-577
-746
-903
-1048
-1158
-1218
-1285
-1345
-1327
-1238
-1070
-804
-523
-226
168
544
820
1154
1514
1722
1828
1891
1856
1805
1734
1500
1239
1098
843
449
208
106
-10
-86
-167
-278
-227
-69
-1
147
482
731
878
1102
1301
1402
1508
1543
1437
1323
1166
849
512
217
-157
-571
-898
-1161
-1399
-1565
-1658
-1694
-1666
-1590
-1450
-1244
-1031
-816
-592
-419
-301
-201
-143
-122
-110
-158
-274
-371
-472
-629
-808
-991
-1197
-1363
-1473
-1577
-1626
-1580
-1454
-1215
-871
-512
-149
235
595
974
1403
1740
1910
2018
2088
2070
1933
1679
1407
1200
948
594
303
157
59
-65
-224
-354
-358
-284
-191
42
411
727
948
1177
1420
1595
1680
1698
1670
1603
1445
1189
866
463
-35
-579
-1049
-1354
-1581
-1794
-1925
-1957
-1979
-1947
-1792
-1588
-1338
-999
-658
-363
-92
75
121
159
162
61
-32
-77
-187
-356
-544
-786
-1043
-1292
-1570
-1797
-1904
-1908
-1748
-1424
-1093
-734
-316
4
306
789
1329
1791
2149
2294
2296
2325
2194
1827
1529
1303
948
594
368
179
43
-131
-477
-692
-607
-489
-323
73
509
781
977
1193
1439
1683
1848
1933
1982
1943
1782
1495
1093
616
67
-525
-990
-1257
-1532
-1838
-1991
-2117
-2290
-2272
-2065
-1826
-1524
-1158
-822
-478
-182
-52
27
112
71
-9
-9
-10
-103
-338
-668
-985
-1263
-1532
-1729
-1793
-1834
-1830
-1679
-1446
-1109
-711
-411
-60
520
1207
1799
2176
2285
2292
2310
2110
1768
1610
1514
1282
946
500
92
-84
-282
-657
-781
-577
-415
-191
239
595
808
1024
1213
1469
1932
2291
2438
2586
2523
2137
1703
1281
759
221
-249
-698
-1058
-1375
-1867
-2301
-2479
-2624
-2647
-2354
-1954
-1607
-1236
-879
-620
-390
-210
-78
130
309
361
361
266
14
-359
-776
-1117
-1319
-1523
-1780
-1907
-2007
-2187
-2142
-1826
-1464
-1059
-617
-299
133
994
1750
1988
2142
2271
2146
1949
1765
1531
1406
1366
971
322
19
-110
-441
-710
-724
-620
-414
-64
312
658
944
1070
1205
1589
2102
2468
2654
2779
2659
2200
1719
1333
886
383
-38
-423
-831
-1174
-1594
-2073
-2262
-2297
-2345
-2081
-1619
-1375
-1202
-924
-777
-724
-535
-316
-136
47
105
33
-41
-185
-471
-730
-870
-994
-1146
-1315
-1520
-1774
-1992
-1952
-1591
-1115
-650
-246
-8
301
953
1529
1679
1709
1763
1667
1481
1289
1055
937
909
497
-120
-256
-139
-260
-366
-252
-114
27
270
582
936
1225
1308
1434
1799
2159
2329
2368
2310
2058
1604
1164
894
620
146
-332
-657
-1006
-1390
-1688
-1873
-1910
-1847
-1702
-1377
-993
-812
-807
-734
-623
-613
-547
-367
-262
-319
-495
-645
-770
-990
-1157
-1187
-1164
-1185
-1309
-1419
-1510
-1621
-1599
-1356
-865
-295
136
484
752
1135
1696
1965
1861
1717
1560
1303
1008
716
411
263
104
-486
-973
-825
-586
-571
-416
-67
203
460
862
1254
1586
1850
1962
2193
2622
2828
2718
2575
2347
1795
1126
708
415
0
-490
-963
-1353
-1670
-1979
-2206
-2159
-1931
-1748
-1430
-908
-549
-440
-323
-130
-52
-81
-9
56
-73
-321
-603
-852
-1073
-1325
-1577
-1725
-1720
-1808
-1956
-1848
-1761
-1810
-1648
-1276
-764
-139
443
852
1300
1955
2310
2204
2030
1780
1534
1332
956
599
389
77
-522
-1165
-1387
-1193
-945
-810
-553
-67
227
413
911
1427
1738
2066
2423
2749
3075
3156
2865
2617
2321
1600
1020
815
372
-241
-731
-1281
-1747
-1923
-2123
-2267
-1976
-1718
-1664
-1198
-661
-525
-324
-33
43
112
252
275
260
166
-188
-516
-703
-1028
-1349
-1563
-1780
-1893
-2008
-2151
-2165
-2135
-2020
-1599
-939
-339
234
793
1102
1568
2268
2406
2204
2143
1869
1384
1015
615
147
-45
-314
-1119
-1602
-1388
-1307
-1308
-1008
-642
-319
52
479
975
1489
1838
2091
2527
2987
3186
3154
2956
2616
2019
1272
813
550
49
-595
-1110
-1572
-1974
-2156
-2232
-2155
-1837
-1592
-1328
-814
-411
-226
36
304
368
395
543
618
533
338
27
-274
-515
-812
-1157
-1413
-1632
-1933
-2094
-2107
-2225
-2167
-1752
-1284
-804
-231
302
769
1500
2287
2371
2103
1999
1692
1286
1055
732
345
160
-170
-1058
-1690
-1552
-1449
-1470
-1143
-778
-551
-274
47
405
887
1342
1637
2097
2688
2906
2824
2738
2560
2100
1499
1118
831
354
-235
-851
-1382
-1727
-1962
-2060
-1955
-1749
-1597
-1402
-1037
-722
-501
-184
116
230
230
281
395
398
265
107
-54
-260
-441
-580
-813
-1072
-1298
-1515
-1623
-1666
-1665
-1456
-1024
-621
-341
42
548
1169
1967
2288
1974
1783
1682
1369
1101
876
558
327
45
-686
-1327
-1201
-994
-1087
-916
-562
-365
-202
12
311
684
986
1219
1607
2082
2278
2233
2158
2027
1790
1405
1030
796
421
-182
-709
-1095
-1460
-1724
-1794
-1754
-1689
-1610
-1463
-1193
-918
-706
-413
-91
5
-68
-99
-93
-77
-58
-104
-175
-306
-570
-774
-838
-990
-1203
-1209
-1196
-1332
-1208
-896
-767
-439
3
81
373
1237
1818
1785
1687
1441
929
811
869
488
283
368
-102
-913
-1181
-1006
-882
-714
-462
-277
15
323
426
636
1018
1215
1329
1685
2074
2129
1960
1797
1616
1350
1035
762
508
148
-340
-817
-1107
-1191
-1253
-1326
-1256
-1183
-1240
-1107
-767
-569
-396
-101
54
-12
-152
-272
-337
-315
-269
-335
-390
-450
-779
-1046
-983
-1018
-1089
-871
-763
-906
-728
-326
-134
246
783
802
950
1708
1976
1583
1393
1155
663
515
438
2
-228
-252
-774
-1437
-1461
-1074
-815
-606
-381
-224
27
367
664
1068
1469
1572
1586
1776
1978
1978
1802
1571
1284
859
359
11
-220
-554
-931
-1211
-1410
-1446
-1387
-1393
-1301
-1097
-968
-741
-389
-197
-91
80
146
67
-78
-248
-333
-397
-560
-748
-836
-937
-1149
-1249
-1239
-1335
-1294
-1065
-989
-837
-401
-19
319
842
1212
1243
1502
2119
2429
2229
1825
1369
985
681
276
-132
-335
-506
-954
-1561
-1739
-1379
-1055
-900
-567
-143
160
490
917
1308
1609
1791
1914
2135
2351
2260
1956
1681
1319
754
224
-103
-441
-878
-1284
-1680
-1953
-1934
-1854
-1788
-1551
-1331
-1211
-898
-497
-284
-55
277
402
288
136
-21
-153
-250
-384
-562
-732
-901
-1162
-1440
-1514
-1443
-1387
-1254
-1056
-856
-525
-30
489
945
1374
1686
1902
2347
2744
2489
1962
1732
1512
1083
670
258
-214
-531
-906
-1549
-1711
-1220
-1041
-1133
-839
-508
-337
144
798
1263
1654
1903
1954
2137
2369
2255
2014
1904
1612
1045
526
63
-493
-1006
-1417
-1799
-1985
-1988
-2087
-2123
-1970
-1908
-1781
-1302
-827
-521
-144
173
258
236
147
53
69
61
-97
-333
-604
-881
-1111
-1315
-1441
-1459
-1459
-1451
-1337
-1086
-685
-85
528
931
1201
1402
1649
2240
2815
2719
2265
1976
1696
1223
733
391
113
-172
-611
-1264
-1554
-1294
-1232
-1413
-1187
-740
-463
-57
590
1056
1283
1505
1726
2037
2378
2400
2217
2062
1639
959
495
202
-189
-592
-1072
-1646
-1899
-1949
-2156
-2108
-1781
-1769
-1727
-1278
-1001
-887
-476
-89
29
127
134
-19
-117
-170
-321
-491
-581
-686
-864
-1079
-1343
-1531
-1517
-1421
-1208
-742
-236
218
703
994
1052
1330
1942
2543
2898
2818
2279
1806
1551
1027
522
492
398
-17
-536
-1128
-1350
-1086
-1036
-1121
-747
-304
-184
109
670
1004
1151
1387
1679
1984
2152
2082
1913
1653
1186
651
269
-11
-350
-815
-1370
-1764
-1895
-2035
-2095
-1878
-1764
-1804
-1597
-1285
-1088
-808
-451
-244
-161
-156
-227
-275
-321
-409
-479
-569
-687
-791
-945
-1146
-1319
-1386
-1288
-1101
-830
-459
-18
429
760
1030
1330
1704
2284
2761
2682
2312
2009
1750
1424
1014
733
617
369
-160
-795
-1063
-831
-652
-736
-642
-317
-166
-65
345
838
1148
1356
1509
1717
1921
1870
1734
1652
1311
765
406
140
-253
-615
-1019
-1566
-1852
-1902
-2051
-1958
-1648
-1663
-1675
-1389
-1225
-1099
-704
-340
-231
-185
-184
-306
-426
-526
-650
-716
-763
-890
-1015
-1133
-1368
-1572
-1485
-1304
-1199
-819
-189
267
583
879
1050
1300
1901
2556
2843
2772
2420
1928
1586
1277
884
727
727
430
-229
-912
-1102
-873
-809
-803
-462
-98
-23
98
478
883
1227
1511
1726
1983
2049
1823
1673
1458
913
469
259
-58
-413
-741
-1318
-1816
-1831
-1929
-2117
-1767
-1502
-1684
-1498
-1178
-1215
-953
-421
-220
-140
-32
-101
-233
-329
-496
-633
-627
-718
-974
-1163
-1351
-1562
-1566
-1416
-1236
-935
-517
-110
253
594
913
1278
1815
2392
2727
2697
2351
1966
1781
1564
1166
928
789
404
-102
-635
-1011
-809
-401
-397
-353
13
117
63
425
921
1234
1561
1789
1843
1862
1729
1505
1371
1116
670
334
71
-359
-809
-1219
-1675
-1880
-1840
-1949
-1955
-1729
-1740
-1735
-1373
-1138
-1075
-774
-489
-470
-446
-339
-356
-463
-560
-742
-930
-970
-1046
-1171
-1192
-1322
-1571
-1587
-1433
-1297
-964
-408
20
316
693
1019
1345
1868
2270
2426
2468
2214
1919
1876
1615
1110
891
732
308
-67
-325
-452
-194
15
-149
-63
288
355
476
931
1292
1466
1626
1723
1739
1670
1529
1458
1368
1016
599
361
71
-360
-729
-1097
-1454
-1587
-1678
-1819
-1771
-1698
-1756
-1646
-1414
-1350
-1263
-984
-758
-695
-643
-588
-644
-789
-923
-993
-988
-946
-968
-1047
-1134
-1324
-1455
-1324
-1177
-1007
-558
5
349
538
800
1025
1303
1806
2117
2157
2218
2086
1817
1683
1388
946
844
862
530
157
34
-9
25
75
2
93
377
490
596
953
1237
1263
1325
1490
1484
1338
1295
1217
903
535
292
46
-282
-586
-932
-1316
-1476
-1539
-1744
-1796
-1696
-1786
-1809
-1578
-1483
-1505
-1293
-1054
-1045
-1022
-938
-977
-1005
-1002
-1113
-1188
-1151
-1124
-1065
-1003
-1081
-1214
-1208
-1102
-903
-436
123
566
912
1001
1034
1380
1796
2078
2365
2445
2190
1995
1895
1511
1119
1138
1162
925
691
445
282
388
379
157
247
538
598
683
936
1071
1120
1192
1251
1365
1370
1185
1119
994
530
167
31
-283
-618
-777
-1133
-1475
-1460
-1620
-1877
-1704
-1634
-1811
-1580
-1331
-1505
-1474
-1195
-1247
-1344
-1151
-1108
-1249
-1280
-1394
-1550
-1460
-1329
-1315
-1244
-1203
-1289
-1297
-1166
-954
-607
-193
189
552
766
841
1184
1691
1960
2260
2454
2074
1783
1923
1739
1330
1350
1405
1102
869
645
312
475
834
679
612
899
839
661
891
1109
1164
1356
1490
1443
1405
1200
897
837
682
278
130
31
-412
-794
-1050
-1420
-1571
-1487
-1592
-1655
-1511
-1595
-1700
-1455
-1351
-1462
-1287
-1094
-1187
-1200
-1113
-1202
-1323
-1371
-1475
-1547
-1495
-1461
-1395
-1282
-1347
-1478
-1401
-1258
-1062
-552
20
387
773
1053
1014
1163
1700
2028
2210
2469
2269
1849
1810
1577
1027
1048
1320
1048
758
740
553
472
648
598
560
839
939
892
1138
1370
1336
1376
1489
1447
1329
1217
1090
883
501
97
-161
-422
-717
-950
-1250
-1540
-1616
-1696
-1816
-1734
-1659
-1722
-1606
-1407
-1420
-1376
-1152
-1086
-1109
-1015
-1020
-1165
-1242
-1308
-1406
-1406
-1362
-1375
-1351
-1402
-1629
-1666
-1456
-1230
-823
-245
166
404
646
758
859
1391
2015
2263
2419
2393
1992
1754
1710
1411
1278
1541
1485
1054
806
656
532
693
838
762
874
1040
932
952
1210
1340
1405
1546
1622
1559
1417
1259
1066
756
376
90
-156
-499
-797
-1073
-1484
-1734
-1759
-1920
-1998
-1796
-1771
-1846
-1630
-1493
-1579
-1396
-1108
-1133
-1134
-949
-1006
-1215
-1219
-1281
-1471
-1427
-1310
-1403
-1488
-1511
-1693
-1827
-1600
-1274
-940
-379
154
376
518
780
1031
1367
1915
2300
2332
2296
2214
1935
1670
1582
1554
1551
1534
1327
999
871
903
829
780
897
994
1020
1059
1083
1169
1321
1400
1447
1501
1427
1290
1233
1059
680
382
153
-232
-559
-786
-1200
-1544
-1630
-1848
-2093
-2037
-2002
-2108
-1994
-1794
-1836
-1813
-1556
-1456
-1472
-1263
-1103
-1183
-1177
-1136
-1267
-1310
-1181
-1172
-1233
-1186
-1240
-1441
-1429
-1253
-1135
-787
-229
115
320
533
635
810
1233
1651
1933
2186
2297
2157
1982
1829
1656
1692
1860
1805
1590
1424
1272
1118
1021
987
996
1059
1144
1160
1138
1199
1254
1214
1241
1340
1313
1248
1228
1005
581
317
147
-194
-444
-576
-955
-1338
-1488
-1745
-2029
-2028
-2008
-2127
-2127
-2072
-2182
-2206
-2009
-1888
-1827
-1606
-1414
-1434
-1452
-1374
-1333
-1288
-1146
-1015
-1012
-1092
-1185
-1276
-1270
-1084
-791
-466
-136
124
242
320
489
770
1123
1474
1786
1967
1960
1901
1867
1799
1818
1998
2082
1959
1819
1724
1589
1477
1433
1364
1275
1235
1198
1142
1130
1147
1137
1071
997
967
945
918
897
773
510
282
110
-130
-375
-541
-768
-1071
-1279
-1460
-1711
-1861
-1907
-2001
-2089
-2119
-2165
-2211
-2173
-2095
-2019
-1889
-1737
-1677
-1651
-1574
-1503
-1430
-1284
-1133
-1053
-1035
-1044
-1037
-977
-862
-661
-386
-125
106
286
414
539
688
894
1118
1313
1491
1613
1675
1724
1744
1794
1890
1943
1957
1959
1953
1972
1957
1869
1748
1612
1493
1416
1367
1351
1336
1267
1121
946
823
738
688
682
607
454
317
155
-54
-229
-384
-572
-761
-913
-1079
-1268
-1424
-1560
-1720
-1858
-1958
-2044
-2097
-2102
-2071
-2041
-2008
-1960
-1931
-1906
-1827
-1713
-1594
-1449
-1296
-1185
-1123
-1086
-1030
-925
-781
-609
-406
-214
-44
101
211
297
390
547
736
921
1093
1194
1252
1324
1388
1474
1604
1715
1783
1827
1857
1874
1879
1870
1819
1739
1667
1600
1534
1486
1427
1318
1182
1046
925
817
727
637
523
392
259
134
10
-111
-244
-409
-577
-720
-844
-977
-1114
-1234
-1349
-1474
-1582
-1669
-1750
-1810
-1827
-1816
-1804
-1790
-1765
-1735
-1702
-1666
-1606
-1524
-1427
-1323
-1232
-1146
-1043
-925
-802
-681
-555
-399
-207
6
191
322
428
517
609
728
863
995
1122
1222
1300
1352
1373
1389
1435
1518
1596
1653
1700
1721
1683
1625
1582
1553
1543
1534
1493
1403
1279
1146
1024
913
797
660
516
386
251
116
6
-91
-212
-354
-500
-639
-765
-873
-960
-1028
-1099
-1186
-1294
-1405
-1496
-1555
-1582
-1573
-1552
-1539
-1525
-1510
-1500
-1497
-1479
-1422
-1349
-1278
-1206
-1128
-1039
-950
-872
-800
-713
-590
-433
-270
-121
6
115
207
295
398
519
665
826
969
1085
1166
1210
1246
1295
1357
1430
1493
1535
1534
1494
1451
1424
1421
1421
1393
1331
1242
1136
1045
976
908
817
698
565
426
298
202
137
73
-6
-116
-242
-358
-463
-557
-627
-680
-738
-810
-895
-990
-1087
-1156
-1202
-1230
-1239
-1233
-1223
-1216
-1215
-1231
-1250
-1251
-1236
-1210
-1159
-1075
-983
-894
-825
-781
-730
-644
-524
-387
-245
-106
7
97
181
251
324
432
569
718
841
920
959
976
999
1031
1070
1128
1167
1166
1141
1109
1084
1078
1083
1068
1016
954
891
835
800
767
710
634
543
435
329
246
186
136
86
19
-64
-152
-254
-363
-449
-504
-556
-610
-672
-754
-835
-903
-959
-1010
-1044
-1050
-1041
-1024
-1009
-1007
-1019
-1030
-1035
-1038
-1007
-930
-837
-746
-662
-600
-554
-496
-423
-343
-252
-143
-33
66
144
197
243
302
394
504
609
702
769
818
860
899
939
973
993
994
984
990
1010
1027
1029
1000
935
855
785
729
687
660
628
578
511
424
322
236
180
139
96
49
-11
-87
-175
-264
-349
-430
-506
-582
-655
-727
-792
-846
-895
-946
-993
-1029
-1044
-1035
-1010
-980
-951
-932
-929
-930
-911
-866
-803
-723
-632
-542
-452
-372
-310
-259
-208
-152
-78
15
110
192
269
348
413
472
541
613
691
774
852
916
967
1005
1022
1018
1023
1035
1056
1086
1096
1068
1015
941
843
745
663
590
524
467
405
324
234
149
70
7
-39
-82
-122
-160
-213
-277
-342
-410
-493
-580
-659
-736
-810
-870
-921
-980
-1042
-1095
-1136
-1162
-1164
-1149
-1123
-1094
-1070
-1043
-997
-935
-860
-770
-667
-555
-439
-329
-237
-163
-102
-48
8
67
126
191
267
353
438
509
565
617
667
724
794
868
941
1002
1041
1064
1083
1107
1138
1162
1171
1158
1124
1074
1004
918
817
711
609
521
447
377
302
226
148
70
-1
-62
-111
-153
-177
-201
-233
-277
-337
-409
-487
-561
-628
-688
-747
-810
-876
-948
-1019
-1084
-1137
-1172
-1186
-1183
-1170
-1144
-1106
-1064
-1008
-931
-837
-720
-587
-457
-333
-225
-141
-68
-8
44
101
167
250
335
405
463
498
520
554
598
641
693
741
775
800
823
861
900
942
981
1002
1008
1007
990
955
904
834
741
643
546
457
371
291
209
126
37
-51
-139
-225
-290
-330
-348
-355
-362
-381
-409
-441
-473
-501
-528
-557
-587
-620
-661
-712
-772
-831
-882
-925
-948
-950
-936
-911
-880
-846
-799
-737
-651
-546
-424
-294
-168
-53
42
114
168
224
283
360
441
507
557
586
597
599
605
616
629
646
654
657
668
691
716
744
764
776
784
789
792
785
764
728
674
597
512
425
346
276
212
150
78
-7
-100
-201
-293
-365
-420
-457
-479
-502
-529
-555
-585
-616
-643
-666
-682
-692
-701
-720
-752
-796
-840
-885
-914
-920
-909
-891
-866
-843
-813
-772
-713
-636
-542
-430
-307
-181
-61
43
126
204
280
361
450
534
616
687
739
775
799
813
828
833
831
833
834
838
842
835
817
797
785
776
770
757
738
706
664
612
542
462
379
298
223
160
101
34
-41
-127
-218
-305
-380
-444
-499
-536
-567
-593
-620
-646
-676
-703
-714
-714
-707
-700
-699
-707
-728
-754
-778
-789
-789
-775
-754
-729
-701
-669
-635
-592
-532
-458
-361
-254
-150
-53
35
116
196
277
355
427
499
571
637
696
737
762
765
760
751
741
735
729
715
692
662
628
602
585
574
564
552
535
509
476
427
371
302
225
151
85
26
-29
-82
-138
-196
-255
-312
-366
-414
-455
-490
-516
-540
-564
-587
-607
-620
-620
-609
-599
-584
-572
-568
-564
-556
-549
-538
-520
-499
-471
-442
-411
-380
-351
-313
-266
-213
-150
-83
-17
49
116
178
240
296
348
397
444
495
549
605
663
706
731
741
740
734
722
699
665
620
569
523
476
434
396
359
331
304
278
252
222
182
135
81
24
-33
-84
-127
-161
-190
-218
-253
-290
-330
-371
-408
-438
-464
-490
-515
-536
-555
-568
-572
-570
-560
-545
-528
-504
-477
-453
-433
-414
-395
-371
-341
-308
-275
-249
-219
-192
-162
-128
-91
-55
-13
36
82
127
164
197
233
268
306
347
388
431
475
516
555
580
595
599
584
559
527
482
436
390
338
288
245
208
178
150
131
113
93
73
51
26
-2
-35
-72
-103
-128
-142
-151
-161
-171
-187
-201
-219
-238
-257
-275
-291
-305
-317
-326
-333
-338
-336
-329
-317
-299
-280
-262
-242
-224
-208
-191
-175
-157
-134
-112
-89
-67
-51
-35
-16
5
30
56
79
102
121
142
161
180
200
221
243
263
283
307
333
356
373
382
377
368
350
326
296
259
217
176
138
101
72
48
29
10
-8
-23
-39
-53
-63
-75
-88
-100
-118
-137
-151
-163
-172
-175
-178
-185
-195
-210
-225
-238
-250
-256
-256
-255
-249
-240
-227
-209
-188
-168
-144
-118
-90
-64
-39
-17
4
24
42
60
72
81
91
100
110
117
121
128
134
142
156
171
184
196
201
203
202
203
207
206
201
196
185
170
155
137
116
93
65
32
-4
-42
-75
-104
-128
-145
-157
-165
-170
-174
-178
-179
-177
-173
-169
-167
-167
-168
-174
-179
-182
-185
-186
-184
-179
-173
-168
-164
-160
-155
-147
-132
-113
-88
-62
-37
-12
14
36
56
77
96
119
139
159
172
180
183
190
198
208
219
231
241
248
256
262
272
286
299
308
312
313
311
304
290
270
247
219
188
157
126
97
69
41
9
-21
-54
-90
-127
-165
-203
-236
-264
-288
-302
-313
-322
-330
-342
-354
-365
-369
-365
-357
-351
-347
-348
-354
-359
-361
-359
-349
-328
-302
-277
-247
-218
-190
-158
-125
-90
-56
-16
23
65
106
145
180
213
244
274
300
327
353
373
388
400
411
423
433
444
453
462
468
472
471
466
461
452
445
432
414
388
353
307
254
201
150
102
55
9
-38
-88
-136
-181
-228
-270
-304
-335
-365
-391
-421
-445
-466
-485
-503
-518
-527
-533
-533
-530
-523
-514
-503
-489
-477
-460
-445
-427
-404
-379
-352
-317
-277
-231
-181
-135
-91
-51
-15
24
63
104
151
193
235
278
312
348
381
410
442
473
506
539
570
597
619
636
647
653
654
653
648
634
613
582
544
501
455
399
342
279
211
140
67
-7
-79
-150
-218
-284
-343
-400
-450
-496
-535
-567
-593
-613
-626
-636
-645
-651
-652
-650
-645
-640
-628
-614
-596
-570
-546
-522
-492
-463
-433
-393
-352
-306
-255
-202
-145
-87
-32
25
83
140
199
251
303
353
400
447
491
529
564
596
626
655
683
712
741
767
786
803
816
824
832
834
828
810
782
748
705
655
601
538
470
398
318
234
146
53
-40
-135
-228
-320
-407
-486
-558
-627
-687
-740
-789
-834
-874
-905
-926
-937
-940
-939
-940
-940
-941
-943
-936
-925
-902
-867
-831
-794
-760
-722
-672
-616
-548
-468
-386
-302
-216
-134
-54
29
112
193
272
346
418
486
551
607
652
694
728
759
792
824
853
878
900
920
936
950
965
976
986
993
989
976
957
929
893
849
794
733
662
582
493
395
292
183
74
-33
-135
-236
-332
-421
-505
-581
-653
-713
-767
-809
-845
-876
-901
-927
-949
-968
-979
-985
-984
-978
-966
-952
-938
-922
-906
-882
-852
-817
-772
-721
-666
-604
-535
-464
-386
-303
-216
-127
-38
51
137
228
316
401
477
547
611
671
726
777
824
866
905
943
978
1005
1028
1044
1055
1064
1068
1065
1060
1049
1028
1003
971
930
879
820
751
675
591
498
398
292
179
62
-58
-174
-286
-388
-482
-567
-643
-713
-774
-830
-883
-928
-962
-992
-1015
-1033
-1050
-1064
-1071
-1070
-1065
-1056
-1039
-1019
-994
-967
-938
-902
-860
-815
-770
-718
-657
-586
-509
-427
-346
-265
-179
-88
3
95
187
274
360
439
512
583
651
716
779
839
894
944
987
1023
1048
1065
1080
1091
1096
1094
1084
1067
1047
1020
991
953
910
855
794
724
645
560
469
373
274
171
68
-34
-134
-232
-324
-411
-489
-560
-625
-686
-742
-795
-841
-880
-914
-941
-963
-975
-980
-979
-972
-958
-941
-919
-895
-868
-835
-800
-762
-719
-673
-622
-565
-502
-436
-368
-296
-220
-142
-63
18
96
174
249
323
397
465
529
590
650
707
765
818
865
905
936
958
974
983
984
978
967
951
929
903
875
839
798
748
689
623
554
476
389
299
205
107
11
-81
-175
-264
-346
-424
-492
-559
-623
-682
-734
-781
-821
-855
-879
-896
-910
-916
-916
-910
-898
-880
-859
-836
-808
-776
-742
-707
-669
-628
-581
-529
-476
-421
-361
-294
-225
-151
-76
-1
74
148
222
297
369
440
507
574
633
692
746
794
836
872
900
919
932
938
938
928
912
891
859
821
776
728
675
617
558
495
428
355
279
200
116
33
-53
-134
-214
-290
-364
-431
-496
-557
-613
-665
-711
-752
-785
-813
-836
-850
-859
-863
-856
-841
-821
-793
-757
-719
-678
-635
-594
-547
-496
-442
-387
-329
-270
-209
-146
-82
-22
37
94
147
197
244
289
338
386
435
482
529
575
618
658
693
724
749
772
790
806
814
817
813
803
787
765
736
705
666
620
568
510
444
374
303
229
151
71
-11
-91
-170
-248
-325
-398
-464
-526
-584
-639
-688
-732
-765
-796
-819
-834
-841
-842
-837
-829
-816
-797
-771
-741
-708
-669
-625
-576
-524
-473
-420
-366
-308
-247
-185
-120
-55
8
73
135
193
252
312
373
433
490
543
595
646
692
733
769
802
830
855
874
886
891
890
885
873
855
829
795
754
708
653
593
530
463
392
313
232
144
58
-29
-115
-201
-286
-369
-447
-517
-586
-649
-707
-760
-807
-849
-887
-919
-943
-959
-970
-977
-980
-978
-972
-959
-940
-919
-893
-865
-832
-797
-755
-705
-647
-584
-517
-449
-378
-302
-222
-137
-52
33
117
201
285
367
447
524
598
672
743
809
870
924
970
1013
1048
1081
1108
1127
1141
1147
1145
1135
1119
1098
1068
1031
984
934
876
812
739
659
573
483
389
294
197
97
-4
-105
-204
-297
-385
-467
-541
-612
-675
-736
-789
-836
-877
-913
-946
-973
-992
-1006
-1016
-1015
-1009
-999
-984
-966
-946
-922
-892
-859
-819
-776
-731
-684
-630
-573
-513
-449
-380
-307
-232
-156
-75
5
86
167
243
319
392
464
534
604
668
732
792
847
898
944
984
1018
1045
1064
1074
1077
1071
1053
1023
981
932
871
806
735
659
576
491
403
311
217
122
25
-69
-159
-245
-324
-395
-460
-519
-571
-617
-656
-687
-716
-741
-761
-774
-786
-792
-795
-796
-795
-794
-787
-780
-771
-757
-739
-714
-688
-658
-625
-588
-547
-500
-450
-394
-338
-276
-210
-143
-73
-2
70
145
217
287
355
420
481
538
591
641
687
727
759
787
812
831
846
858
866
866
861
850
829
803
772
736
694
649
597
541
480
414
343
269
195
118
40
-35
-110
-184
-256
-327
-389
-447
-498
-543
-583
-617
-645
-667
-682
-692
-697
-699
-697
-689
-678
-664
-646
-627
-607
-584
-561
-538
-508
-481
-453
-423
-390
-356
-318
-280
-239
-196
-152
-104
-57
-6
45
97
150
203
256
308
359
410
458
505
550
591
628
659
683
701
713
717
714
705
691
671
647
617
586
550
511
468
422
374
321
267
210
151
89
29
-30
-89
-146
-199
-251
-296
-337
-375
-410
-439
-467
-491
-512
-530
-543
-554
-563
-571
-574
-573
-568
-557
-542
-526
-508
-487
-466
-443
-420
-393
-365
-334
-302
-267
-231
-193
-156
-116
-76
-34
6
47
88
127
168
210
251
291
331
371
409
447
479
509
535
556
571
579
580
575
560
540
517
492
466
436
405
372
337
299
262
221
181
143
103
65
27
-12
-51
-89
-125
-158
-187
-213
-238
-263
-283
-303
-321
-336
-349
-359
-367
-374
-378
-377
-375
-370
-362
-352
-344
-334
-323
-309
-295
-277
-255
-235
-213
-188
-160
-130
-100
-69
-39
-11
17
43
71
100
128
153
180
208
233
259
286
313
339
360
378
392
401
406
406
398
386
368
348
325
297
265
232
197
160
123
86
50
16
-19
-50
-82
-112
-139
-165
-188
-210
-229
-247
-261
-276
-289
-301
-310
-318
-323
-326
-327
-325
-321
-316
-307
-297
-284
-268
-250
-231
-210
-186
-164
-142
-118
-92
-67
-45
-19
6
30
53
73
92
109
124
137
150
162
174
185
197
211
223
239
255
272
288
302
314
326
337
347
352
354
350
342
331
313
291
266
238
207
171
133
94
56
18
-18
-54
-87
-117
-146
-173
-197
-218
-236
-251
-262
-272
-282
-288
-290
-292
-290
-288
-285
-283
-277
-271
-267
-263
-256
-250
-244
-233
-222
-211
-195
-178
-160
-139
-115
-91
-67
-41
-15
8
31
53
74
94
113
127
142
153
165
178
190
201
212
223
231
239
247
256
264
270
273
274
274
272
270
266
259
250
237
223
205
186
166
144
120
97
72
49
25
1
-23
-46
-66
-85
-104
-122
-141
-159
-175
-190
-201
-212
-221
-229
-236
-244
-250
-252
-253
-251
-248
-248
-247
-242
-239
-231
-220
-209
-195
-179
-163
-146
-126
-105
-84
-61
-38
-17
3
21
37
52
65
78
88
97
105
113
121
132
139
148
156
164
172
179
185
192
196
199
201
202
200
196
190
182
171
158
145
128
112
95
78
63
46
30
12
-4
-20
-35
-48
-58
-68
-75
-83
-91
-96
-101
-104
-104
-104
-106
-107
-108
-113
-116
-119
-123
-125
-127
-128
-127
-127
-123
-118
-113
-105
-96
-87
-76
-64
-52
-39
-24
-10
4
15
26
37
47
55
63
70
77
83
88
92
93
96
98
100
102
102
102
100
98
96
90
85
80
75
70
62
54
45
34
24
12
-1
-12
-25
-37
-50
-62
-72
-79
-85
-89
-92
-94
-94
-91
-86
-82
-75
-69
-61
-53
-45
-38
-29
-21
-15
-9
-5
-5
-5
-4
-3
0
2
5
6
7
9
11
14
17
21
26
31
34
38
43
46
50
52
55
57
60
61
62
64
65
68
70
70
70
69
66
63
60
56
51
42
36
28
20
11
3
-5
-11
-18
-24
-30
-38
-47
-54
-62
-69
-79
-85
-92
-101
-107
-113
-118
-120
-122
-124
-122
-121
-119
-114
-108
-101
-93
-84
-74
-63
-52
-42
-29
-18
-6
7
23
37
49
61
69
79
87
95
100
105
107
110
113
115
120
120
123
123
122
122
119
117
114
110
104
97
92
84
77
68
59
49
40
29
16
4
-8
-19
-30
-40
-49
-58
-66
-71
-78
-82
-87
-91
-96
-100
-103
-107
-110
-114
-117
-121
-122
-123
-124
-123
-122
-121
-119
-119
-116
-112
-108
-102
-96
-91
-83
-76
-67
-57
-46
-34
-23
-8
7
24
40
55
67
80
92
104
114
121
128
135
139
143
145
147
148
149
151
152
152
150
150
146
142
135
129
120
111
101
90
79
64
50
36
20
4
-10
-24
-38
-52
-63
-74
-83
-89
-96
-101
-104
-108
-110
-112
-113
-114
-115
-116
-118
-117
-115
-110
-108
-104
-101
-98
-93
-88
-84
-78
-73
-69
-62
-55
-47
-40
-33
-22
-14
-4
6
18
29
38
47
55
61
66
72
78
82
89
92
96
99
106
109
112
118
122
124
128
129
127
125
123
117
110
102
92
83
71
57
43
29
14
-1
-16
-31
-43
-55
-68
-79
-90
-102
-110
-120
-128
-131
-136
-137
-138
-137
-135
-134
-131
-126
-121
-114
-107
-101
-94
-87
-81
-74
-66
-60
-55
-49
-44
-38
-31
-22
-14
-6
1
9
19
26
36
43
49
56
59
63
68
72
74
79
81
85
88
91
93
94
96
97
99
100
99
100
100
97
94
92
87
82
79
73
68
63
59
54
48
42
34
27
19
9
-1
-11
-21
-34
-44
-55
-66
-76
-84
-91
-99
-105
-109
-112
-111
-110
-108
-108
-105
-98
-95
-89
-82
-77
-69
-62
-53
-44
-36
-26
-16
-8
1
8
17
24
32
38
44
49
55
59
60
63
64
64
64
64
65
65
66
66
66
67
66
65
64
61
58
54
49
44
36
31
24
17
10
0
-7
-16
-24
-32
-37
-43
-47
-52
-57
-60
-61
-64
-64
-64
-66
-67
-69
-70
-70
-68
-68
-67
-66
-65
-65
-61
-59
-56
-53
-51
-47
-44
-39
-35
-29
-24
-18
-11
-4
3
9
16
23
29
35
43
51
58
64
70
75
78
80
83
82
82
83
82
81
82
80
79
79
78
76
74
71
66
60
54
48
41
35
27
18
10
3
-5
-13
-21
-28
-36
-41
-48
-52
-57
-60
-63
-67
-69
-70
-72
-74
-75
-76
-76
-75
-75
-73
-72
-71
-69
-67
-63
-60
-57
-53
-48
-45
-38
-33
-28
-22
-18
-13
-10
-6
-1
2
6
9
15
19
24
31
37
43
49
55
60
66
71
77
83
89
95
100
104
105
107
107
107
106
101
97
90
83
73
64
55
43
32
21
11
0
-9
-19
-28
-36
-44
-49
-55
-59
-62
-64
-67
-68
-69
-68
-69
-70
-71
-70
-71
-71
-71
-69
-68
-67
-67
-66
-66
-64
-63
-60
-58
-56
-53
-50
-45
-40
-34
-28
-20
-15
-9
-4
1
5
9
11
10
11
10
10
10
11
13
15
19
23
30
35
41
47
55
63
69
75
78
80
82
81
79
78
74
70
64
58
51
42
35
28
21
14
8
1
-5
-11
-16
-20
-22
-25
-28
-32
-34
-36
-37
-39
-39
-39
-40
-39
-39
-39
-38
-37
-36
-33
-33
-31
-29
-25
-22
-20
-16
-13
-8
-4
0
4
7
8
11
13
14
15
13
13
12
11
11
11
10
10
11
14
19
20
23
27
29
33
36
39
40
39
40
39
37
34
30
27
23
21
16
11
6
2
-3
-7
-8
-13
-16
-21
-23
-26
-27
-26
-26
-28
-30
-33
-35
-35
-37
-38
-39
-40
-41
-41
-42
-42
-40
-39
-37
-34
-31
-29
-26
-24
-20
-17
-13
-9
-3
2
6
11
17
19
22
25
26
26
26
25
24
25
22
21
19
19
18
19
21
22
24
27
30
32
32
34
36
37
37
35
30
28
24
17
13
9
1
-3
-7
-11
-14
-19
-23
-26
-28
-30
-28
-27
-27
-26
-23
-20
-17
-14
-11
-10
-11
-12
-12
-12
-12
-14
-16
-17
-20
-20
-20
-20
-19
-18
-15
-14
-11
-10
-8
-7
-5
-2
0
3
6
7
10
11
12
14
16
17
15
16
16
18
19
19
20
24
25
27
26
29
30
31
32
32
30
28
27
24
20
17
13
9
5
2
-1
-3
-7
-11
-15
-20
-23
-25
-26
-29
-29
-30
-30
-29
-28
-28
-28
-25
-22
-20
-18
-15
-14
-12
-9
-8
-6
-4
-1
0
2
3
4
5
7
9
11
12
13
15
16
16
16
15
14
13
14
13
13
12
11
10
10
10
11
10
11
10
10
11
11
11
11
10
9
6
6
5
3
1
0
-3
-6
-9
-12
-16
-18
-20
-21
-23
-26
-25
-26
-28
-28
-27
-26
-24
-24
-22
-21
-20
-19
-17
-17
-16
-15
-14
-13
-12
-11
-10
-11
-10
-10
-9
-6
-3
1
4
8
11
13
17
19
21
24
26
27
27
27
27
26
25
25
24
25
25
25
25
25
25
24
24
24
23
22
22
20
21
19
16
15
14
13
11
6
4
1
-3
-6
-8
-11
-12
-13
-17
-18
-22
-23
-25
-26
-28
-29
-28
-29
-29
-30
-29
-31
-30
-31
-29
-28
-28
-27
-27
-27
-26
-25
-23
-21
-19
-17
-14
-11
-8
-5
1
3
6
10
13
17
20
22
24
25
28
28
29
30
31
32
34
34
34
35
35
36
37
38
37
37
35
34
31
29
26
23
21
18
14
10
6
1
-3
-7
-11
-15
-17
-21
-23
-26
-29
-30
-31
-32
-33
-33
-33
-32
-32
-31
-31
-30
-30
-30
-29
-29
-30
-29
-31
-32
-32
-33
-33
-31
-30
-29
-28
-25
-23
-19
-16
-14
-11
-6
-1
0
4
6
9
13
15
17
21
23
24
27
30
30
32
30
31
33
33
33
33
32
34
34
36
37
35
35
35
34
34
31
31
30
29
28
24
21
18
14
11
9
5
4
0
-2
-3
-6
-8
-10
-10
-12
-13
-14
-16
-18
-19
-20
-20
-20
-21
-21
-22
-23
-23
-23
-24
-24
-23
-24
-24
-24
-23
-24
-24
-23
-22
-21
-19
-18
-15
-15
-13
-10
-8
-6
-3
-1
3
6
7
10
11
14
15
18
17
18
20
20
19
18
18
15
14
13
12
9
8
7
5
3
1
0
0
0
-3
-4
-4
-4
-5
-5
-6
-8
-9
-11
-11
-11
-12
-12
-13
-12
-13
-13
-11
-11
-10
-9
-9
-8
-8
-8
-6
-5
-2
-3
-1
1
1
3
3
4
6
7
7
8
7
8
8
8
7
8
9
9
10
11
12
13
15
15
16
17
17
19
20
22
22
20
19
18
17
15
12
10
8
7
5
2
2
0
-1
-3
-5
-6
-7
-8
-8
-10
-10
-11
-12
-13
-13
-15
-16
-17
-17
-18
-20
-19
-19
-19
-19
-19
-18
-16
-15
-15
-15
-13
-12
-13
-12
-11
-8
-6
-5
-3
-2
2
2
3
7
9
10
12
14
16
19
19
20
19
20
20
22
21
20
20
18
19
17
16
16
15
14
10
9
7
4
2
-1
-4
-6
-7
-8
-10
-11
-13
-13
-15
-17
-17
-17
-18
-19
-21
-21
-21
-22
-23
-23
-23
-23
-23
-22
-20
-19
-19
-17
-17
-16
-14
-13
-10
-8
-7
-3
-1
0
4
7
8
11
12
14
17
17
19
20
23
24
27
29
32
34
36
37
39
39
39
40
40
40
39
38
35
33
31
28
25
21
19
16
13
10
7
2
-1
-4
-6
-10
-12
-17
-19
-23
-25
-25
-27
-28
-30
-32
-34
-35
-35
-37
-37
-38
-38
-37
-38
-39
-40
-40
-39
-39
-38
-38
-36
-35
-34
-31
-28
-26
-25
-22
-19
-17
-16
-11
-9
-6
-3
0
3
7
8
11
14
15
19
22
27
29
32
36
39
42
44
46
47
49
50
51
49
50
50
49
47
46
43
41
38
37
36
31
28
24
20
16
12
9
6
2
-1
-6
-10
-13
-17
-21
-25
-28
-33
-37
-39
-43
-44
-45
-48
-48
-50
-50
-50
-51
-50
-49
-47
-44
-42
-40
-37
-35
-33
-32
-29
-27
-26
-24
-21
-18
-16
-15
-12
-9
-5
-2
1
3
7
9
11
14
17
19
22
27
31
35
38
43
46
47
48
49
49
50
49
50
49
47
47
44
43
42
41
39
38
36
34
32
30
27
24
22
20
17
15
12
9
5
4
0
-4
-7
-9
-11
-14
-18
-19
-22
-25
-29
-31
-34
-35
-36
-38
-39
-41
-41
-41
-41
-41
-39
-37
-36
-35
-33
-31
-31
-29
-28
-26
-26
-24
-24
-22
-22
-20
-19
-16
-14
-12
-11
-10
-8
-5
-4
-4
-3
-4
-3
-3
-3
0
1
4
6
6
9
11
13
14
17
17
17
16
17
15
17
17
16
17
16
15
15
16
16
16
16
15
15
14
13
12
12
11
11
12
12
10
10
10
8
10
9
7
8
7
7
7
7
6
7
7
7
7
6
6
6
6
5
7
7
8
8
8
7
6
5
5
5
4
2
-1
-2
-2
-4
-4
-5
-5
-6
-7
-7
-7
-8
-9
-9
-9
-9
-10
-10
-11
-11
-12
-11
-12
-11
-10
-10
-8
-9
-8
-8
-7
-7
-7
-8
-7
-7
-8
-6
-6
-5
-6
-5
-4
-4
-4
-5
-4
-4
-4
-4
-4
-3
-3
-4
-4
-3
-3
-2
1
1
1
2
2
3
5
7
9
8
10
10
10
11
12
12
11
11
10
8
7
5
4
4
1
1
-1
-2
-4
-6
-6
-6
-7
-7
-8
-8
-9
-9
-10
-9
-9
-9
-9
-8
-8
-7
-7
-7
-8
-8
-6
-6
-5
-4
-2
-2
0
-1
0
-1
-1
0
1
3
3
5
7
6
6
7
9
8
10
10
9
9
10
12
10
12
12
13
14
14
14
14
14
14
14
13
12
13
13
12
11
12
10
9
7
6
5
3
3
2
1
-1
-3
-5
-4
-4
-5
-5
-5
-6
-8
-10
-10
-12
-12
-14
-15
-18
-19
-20
-23
-24
-24
-25
-23
-22
-21
-20
-19
-18
-15
-13
-11
-9
-9
-6
-5
-4
-2
0
2
3
4
7
7
8
9
8
9
9
9
10
11
11
11
12
12
14
15
16
15
16
17
16
17
17
15
14
14
12
12
11
9
9
7
6
6
3
1
1
0
-1
-2
-3
-3
-5
-5
-7
-7
-8
-6
-8
-8
-8
-9
-11
-11
-12
-12
-12
-12
-12
-11
-10
-10
-9
-9
-7
-7
-7
-7
-7
-5
-5
-4
-3
-2
-3
-2
-3
-3
0
0
1
1
0
1
1
1
0
0
-2
-2
-4
-4
-4
-5
-3
-2
-1
-2
0
1
2
2
1
2
2
2
3
4
4
4
7
8
10
11
11
12
