10
10
11
14
15
15
18
18
19
20
22
24
25
25
27
25
24
21
19
18
17
18
19
18
17
13
10
7
5
4
2
1
-1
-2
-3
-2
-2
-1
-2
-3
-5
-7
-10
-13
-14
-13
-14
-14
-16
-18
-18
-17
-16
-14
-13
-13
-12
-11
-10
-7
-6
-5
-5
-4
-2
-2
0
1
0
1
2
3
4
7
10
11
11
13
14
13
13
15
16
16
16
16
17
17
16
14
14
15
16
15
15
13
14
12
12
10
8
5
5
5
5
5
4
2
0
0
-3
-3
-3
-4
-4
-4
-4
-5
-7
-9
-7
-8
-9
-9
-11
-10
-10
-8
-4
-2
-1
-2
-2
-4
-4
-5
-6
-6
-6
-6
-6
-6
-7
-8
-10
-10
-11
-12
-11
-10
-10
-8
-7
-7
-8
-6
-8
-9
-9
-9
-7
-7
-5
-3
-4
-1
0
1
1
0
0
-1
-1
-3
-4
-4
-4
-6
-6
-6
-5
-4
-3
-5
-6
-7
-7
-6
-4
-5
-1
0
-1
0
-1
0
1
4
2
3
2
-1
-4
-5
-5
-2
-1
0
1
-1
0
0
1
3
2
2
1
0
0
-1
-1
1
2
3
6
7
7
8
9
10
9
10
12
10
10
11
11
10
10
10
11
10
8
8
10
11
13
16
16
16
15
14
13
12
13
12
11
11
9
7
7
6
6
6
4
4
4
5
4
4
4
2
1
0
0
-1
-3
-4
-3
-4
-4
-6
-7
-7
-6
-5
-6
-7
-7
-8
-10
-10
-10
-12
-14
-14
-15
-13
-11
-11
-11
-8
-8
-8
-7
-6
-7
-6
-7
-8
-8
-9
-9
-7
-7
-6
-6
-5
-5
-6
-4
-6
-8
-8
-9
-8
-7
-6
-6
-6
-5
-6
-5
-7
-9
-10
-10
-11
-9
-9
-7
-7
-7
-6
-4
-1
1
5
8
8
8
7
6
5
3
0
-2
-5
-7
-11
-12
-13
-14
-13
-12
-10
-6
-6
-3
1
4
5
4
5
6
9
12
15
17
19
20
19
19
17
16
14
12
9
6
5
6
7
10
12
13
12
13
15
17
20
20
22
21
19
18
15
14
11
10
11
11
9
7
2
1
1
-1
-2
-4
-4
-4
-5
-6
-9
-9
-9
-8
-6
-5
-3
-1
0
3
6
10
11
13
15
16
17
14
13
9
5
4
4
4
3
5
5
5
6
7
9
11
11
12
11
8
3
0
-3
-5
-8
-12
-16
-20
-25
-27
-27
-29
-29
-29
-32
-31
-30
-30
-28
-26
-23
-24
-23
-24
-25
-25
-27
-25
-22
-24
-23
-26
-26
-26
-29
-28
-27
-26
-27
-27
-27
-28
-28
-29
-31
-30
-27
-24
-20
-15
-10
-5
-1
4
8
14
21
28
33
35
36
34
33
32
30
30
30
30
31
33
35
36
38
39
41
43
46
49
53
56
58
60
63
67
69
70
69
69
63
57
49
42
35
29
22
16
10
3
-2
-11
-15
-22
-24
-26
-29
-32
-35
-39
-43
-46
-50
-56
-61
-67
-75
-82
-87
-91
-92
-93
-93
-91
-89
-87
-85
-81
-77
-72
-68
-64
-58
-49
-42
-35
-27
-20
-12
-4
6
15
23
31
38
46
51
54
59
64
70
77
81
84
86
88
93
98
102
105
106
103
99
95
92
89
88
88
84
81
76
71
67
61
56
53
49
44
37
30
21
14
6
-1
-7
-13
-18
-24
-30
-35
-42
-49
-56
-64
-70
-76
-83
-93
-101
-110
-117
-126
-133
-138
-142
-145
-147
-148
-149
-147
-144
-140
-134
-130
-124
-116
-111
-104
-98
-90
-85
-76
-69
-58
-47
-37
-26
-17
-9
-1
9
20
30
41
49
58
66
73
79
87
96
106
116
125
132
138
143
149
153
155
158
161
164
163
161
157
154
151
148
143
138
129
121
110
99
87
74
66
57
47
36
23
10
-3
-15
-26
-38
-51
-63
-75
-87
-101
-112
-123
-134
-142
-150
-159
-166
-174
-179
-184
-186
-188
-188
-187
-186
-181
-176
-170
-162
-154
-145
-137
-127
-116
-102
-88
-73
-57
-41
-23
-6
13
32
52
68
85
102
124
143
161
178
195
211
223
235
244
253
261
269
273
278
279
277
275
272
269
262
252
241
229
217
205
192
179
165
148
130
111
93
72
54
32
10
-14
-40
-67
-95
-121
-149
-175
-202
-230
-257
-285
-308
-332
-354
-372
-389
-403
-418
-429
-439
-446
-451
-454
-453
-449
-444
-437
-427
-415
-399
-383
-364
-342
-320
-295
-269
-241
-210
-180
-148
-116
-81
-46
-10
29
65
104
140
178
215
250
285
317
349
380
409
434
458
481
500
517
531
543
549
553
552
550
543
534
525
514
499
484
466
447
424
401
375
347
317
288
256
224
189
150
112
72
34
-5
-43
-83
-125
-167
-209
-249
-290
-325
-361
-393
-423
-452
-479
-507
-530
-549
-563
-575
-582
-586
-586
-581
-574
-564
-551
-533
-515
-494
-471
-445
-418
-389
-358
-328
-294
-258
-218
-175
-132
-87
-42
3
48
94
138
183
227
270
311
351
390
427
460
492
519
544
566
584
598
607
614
616
614
608
599
587
571
553
532
509
483
454
422
390
353
314
274
233
192
152
108
62
14
-35
-84
-133
-180
-227
-272
-315
-355
-398
-438
-475
-510
-541
-570
-596
-618
-639
-654
-667
-675
-678
-679
-675
-668
-656
-642
-625
-605
-582
-554
-523
-490
-455
-419
-381
-342
-301
-255
-208
-160
-108
-57
-7
46
96
145
196
246
296
347
396
441
486
527
562
595
623
650
672
693
707
718
725
728
726
722
713
700
684
666
643
619
594
566
539
512
480
444
405
366
327
289
247
201
155
102
52
-3
-49
-99
-153
-201
-248
-293
-344
-392
-433
-473
-510
-553
-592
-621
-650
-680
-704
-721
-734
-746
-755
-758
-754
-748
-746
-733
-718
-702
-686
-664
-634
-608
-580
-548
-508
-466
-422
-382
-341
-290
-241
-190
-133
-78
-26
29
82
134
185
233
281
336
386
428
475
520
557
586
616
647
677
705
726
743
755
760
765
770
774
768
761
754
742
729
710
691
670
649
614
581
543
500
459
403
358
312
263
205
146
85
29
-25
-86
-139
-196
-253
-326
-388
-445
-503
-558
-615
-660
-701
-735
-789
-832
-838
-849
-864
-877
-883
-876
-871
-887
-893
-868
-840
-833
-812
-787
-750
-711
-681
-632
-570
-512
-478
-425
-364
-298
-242
-186
-121
-48
20
73
137
201
271
327
393
463
532
586
629
676
720
769
808
838
868
893
906
923
932
943
955
961
963
960
954
934
907
879
854
830
797
755
707
651
603
534
482
426
372
305
235
173
94
22
-62
-141
-224
-301
-392
-468
-555
-620
-692
-751
-792
-853
-879
-930
-957
-993
-1006
-1008
-1024
-999
-1027
-1011
-1005
-994
-969
-948
-886
-879
-817
-791
-731
-691
-638
-607
-558
-471
-448
-389
-353
-292
-244
-175
-117
-50
36
87
147
219
285
352
420
475
533
599
652
699
756
792
833
875
906
930
963
973
980
979
979
979
959
934
903
881
839
796
765
732
691
642
594
543
502
445
377
325
274
201
135
68
4
-87
-149
-242
-310
-369
-451
-531
-567
-635
-712
-723
-784
-803
-874
-891
-905
-945
-927
-1003
-947
-974
-933
-945
-932
-819
-900
-790
-818
-713
-681
-644
-604
-612
-431
-472
-406
-355
-273
-227
-192
-127
-84
8
40
67
163
224
263
290
352
409
454
502
524
626
651
699
711
789
826
855
907
917
956
961
983
980
994
975
948
933
908
875
839
798
767
708
658
625
562
501
427
362
283
227
144
75
-1
-70
-135
-204
-289
-339
-405
-446
-529
-619
-599
-670
-758
-801
-777
-878
-833
-981
-938
-918
-943
-994
-1025
-885
-966
-899
-982
-855
-811
-794
-823
-808
-637
-674
-656
-617
-538
-485
-490
-448
-374
-267
-271
-204
-142
-88
-24
40
83
151
228
242
336
373
434
478
557
590
657
698
742
802
828
838
877
936
920
946
953
961
970
948
926
917
889
866
818
798
749
730
662
614
568
510
485
386
337
256
223
137
65
25
-62
-88
-166
-196
-291
-295
-379
-437
-454
-526
-550
-636
-630
-711
-699
-746
-783
-745
-788
-803
-820
-749
-799
-782
-770
-747
-731
-759
-656
-714
-591
-633
-586
-569
-491
-461
-496
-379
-350
-250
-339
-224
-169
-93
-77
-104
9
41
164
95
130
266
332
349
293
426
497
540
532
523
696
681
663
649
743
786
719
740
719
821
750
705
726
738
723
592
644
604
576
495
468
441
360
336
243
265
159
118
58
18
-25
-116
-126
-150
-173
-256
-315
-303
-337
-408
-456
-464
-457
-544
-530
-603
-574
-638
-596
-629
-654
-610
-708
-622
-703
-629
-760
-613
-642
-719
-608
-625
-550
-625
-532
-497
-459
-401
-493
-254
-298
-355
-156
-286
-20
-164
-116
56
69
96
-45
290
272
217
236
336
547
445
407
450
692
684
480
630
770
738
653
700
778
856
763
639
860
842
724
670
748
778
645
603
541
643
540
408
373
431
419
210
203
202
254
126
-49
-35
66
-2
-221
-221
-171
-206
-367
-430
-365
-381
-487
-605
-541
-466
-623
-800
-634
-544
-754
-783
-822
-598
-724
-885
-888
-598
-559
-1069
-705
-635
-427
-796
-927
-426
-414
-431
-857
-494
-85
-457
-434
-387
-73
-34
-248
-110
-75
348
-26
47
341
314
412
223
422
551
634
526
485
742
748
734
692
682
867
867
801
666
839
984
812
717
749
915
833
630
659
789
777
532
471
594
580
392
278
364
346
180
40
62
109
-37
-204
-136
-148
-238
-453
-386
-340
-434
-506
-656
-521
-599
-626
-710
-689
-634
-808
-765
-758
-743
-836
-888
-748
-831
-779
-901
-843
-780
-755
-764
-887
-586
-679
-630
-626
-613
-352
-431
-525
-313
-121
-249
-230
-25
-27
14
130
84
311
295
182
379
490
536
423
438
655
756
692
488
699
907
821
729
714
934
897
840
824
908
998
850
804
887
962
876
693
723
766
750
623
492
548
510
392
288
266
247
163
80
-9
-11
-47
-172
-241
-252
-284
-349
-434
-523
-504
-518
-600
-612
-663
-778
-781
-689
-772
-874
-818
-963
-761
-773
-987
-984
-898
-704
-868
-852
-1052
-675
-611
-881
-805
-662
-460
-699
-574
-548
-349
-272
-465
-435
-64
-1
-318
-175
144
159
84
10
189
474
373
213
458
673
514
539
607
784
866
761
705
887
1023
825
861
972
1031
986
881
932
936
939
819
795
859
760
676
604
642
594
525
438
354
415
280
166
125
141
71
-55
-80
-139
-173
-301
-297
-349
-380
-476
-607
-554
-569
-609
-798
-812
-721
-709
-746
-990
-814
-798
-840
-840
-921
-793
-851
-688
-960
-877
-638
-623
-794
-952
-569
-538
-581
-647
-584
-469
-280
-338
-572
-241
-102
-190
-160
-91
93
165
67
155
479
496
349
433
616
780
845
721
758
926
1014
975
987
1054
1078
1114
1033
1051
1045
1060
965
946
1005
987
920
769
766
806
823
674
583
542
491
446
348
299
214
142
21
-6
-45
-159
-214
-384
-392
-359
-548
-744
-672
-691
-781
-810
-1031
-980
-932
-1065
-1031
-1050
-1134
-1223
-1196
-1105
-1183
-1100
-1180
-1089
-1149
-1187
-1028
-1127
-1015
-1017
-856
-870
-864
-825
-821
-536
-488
-434
-391
-261
-139
-83
60
188
301
293
436
642
758
746
761
942
1085
1138
1091
1158
1266
1317
1281
1278
1389
1399
1346
1327
1376
1412
1284
1200
1225
1284
1251
1097
1006
982
994
873
791
708
652
556
408
346
264
153
41
-48
-154
-213
-322
-492
-592
-585
-693
-838
-924
-1017
-1079
-1071
-1173
-1351
-1387
-1347
-1342
-1451
-1542
-1533
-1426
-1531
-1594
-1496
-1463
-1451
-1415
-1375
-1357
-1229
-1174
-1186
-1016
-850
-797
-721
-629
-497
-314
-186
-132
-9
126
312
476
474
533
723
884
915
955
1084
1192
1220
1203
1248
1344
1412
1384
1385
1463
1475
1382
1356
1428
1469
1456
1329
1277
1309
1292
1198
1107
1109
1104
1012
857
774
757
672
514
406
359
265
125
-26
-110
-150
-305
-490
-589
-592
-695
-856
-1004
-1021
-1038
-1217
-1309
-1349
-1322
-1402
-1521
-1556
-1545
-1507
-1606
-1639
-1543
-1449
-1513
-1600
-1445
-1305
-1279
-1254
-1175
-982
-837
-840
-760
-534
-352
-302
-249
-28
199
245
185
315
619
717
677
705
866
989
971
942
1007
1145
1181
1110
1103
1157
1169
1137
1137
1219
1229
1161
1060
1060
1119
1113
1055
974
943
924
867
795
747
707
597
516
481
394
290
201
145
33
-76
-159
-258
-325
-385
-500
-613
-644
-747
-864
-902
-935
-1018
-1146
-1134
-1129
-1215
-1374
-1346
-1217
-1212
-1265
-1393
-1312
-1171
-1123
-1171
-1097
-922
-826
-816
-763
-562
-422
-419
-316
-42
84
26
22
239
532
619
504
520
710
858
821
761
861
994
958
868
898
962
941
867
880
964
954
809
713
799
901
842
713
660
682
671
613
575
549
478
392
351
322
297
221
96
62
61
0
-139
-220
-210
-234
-320
-439
-505
-508
-537
-623
-700
-714
-718
-818
-879
-881
-822
-858
-949
-964
-897
-871
-960
-944
-860
-766
-753
-785
-712
-520
-442
-501
-407
-188
-30
-45
-95
49
261
353
324
319
412
507
528
502
521
586
603
589
550
531
521
542
557
521
492
487
482
426
423
483
534
473
355
342
413
434
360
284
269
264
221
161
141
118
36
-22
-28
-40
-121
-221
-246
-206
-227
-303
-377
-372
-387
-432
-450
-421
-406
-542
-616
-531
-436
-465
-585
-607
-485
-433
-501
-555
-395
-261
-295
-328
-208
-12
-62
-135
62
394
384
107
109
467
750
587
342
425
689
715
477
414
614
722
536
333
398
505
422
268
276
371
307
117
37
169
277
170
-11
-46
54
73
-10
-76
-68
-76
-158
-210
-184
-159
-254
-368
-383
-334
-358
-467
-518
-488
-476
-541
-596
-585
-554
-568
-624
-634
-587
-555
-577
-613
-573
-483
-454
-449
-424
-378
-343
-315
-207
-109
-42
-64
-24
199
332
294
220
418
728
766
563
516
825
1057
967
781
811
998
987
796
731
877
918
702
524
568
667
563
345
284
383
384
203
44
73
175
154
11
-86
-71
-63
-116
-176
-195
-226
-296
-378
-393
-359
-409
-520
-606
-591
-582
-645
-719
-775
-763
-771
-781
-820
-848
-842
-845
-827
-804
-781
-800
-805
-757
-657
-576
-543
-543
-517
-440
-298
-184
-115
-85
-4
197
376
382
301
446
786
944
771
627
818
1140
1178
990
934
1083
1131
949
815
927
1039
864
600
570
693
659
434
320
405
439
279
88
93
193
185
61
-21
-3
-9
-66
-108
-106
-132
-242
-318
-304
-293
-361
-484
-538
-516
-541
-639
-724
-752
-770
-808
-849
-868
-901
-941
-947
-910
-880
-930
-948
-927
-876
-829
-799
-712
-640
-598
-609
-536
-357
-204
-153
-129
27
231
291
246
387
731
920
804
667
823
1145
1244
1095
1014
1162
1250
1090
934
990
1125
1031
783
672
728
707
552
439
478
501
358
188
160
258
263
147
54
46
64
25
-3
-6
-27
-79
-150
-163
-164
-214
-305
-365
-361
-368
-443
-548
-609
-615
-632
-686
-745
-795
-823
-847
-873
-900
-921
-939
-945
-957
-933
-888
-832
-801
-816
-782
-704
-564
-472
-412
-321
-161
-6
22
25
184
503
696
633
531
657
916
1050
988
925
998
1048
965
866
892
959
876
712
629
642
597
463
388
413
423
313
175
133
185
200
140
80
54
36
5
-16
-12
-35
-94
-153
-158
-130
-157
-243
-328
-336
-318
-352
-435
-491
-498
-516
-563
-587
-589
-609
-673
-721
-699
-662
-695
-761
-773
-717
-645
-630
-612
-584
-538
-496
-416
-304
-224
-159
-47
116
182
144
222
529
764
706
536
607
907
1065
955
826
917
1030
938
791
816
935
861
619
518
598
596
411
258
316
391
259
41
-20
90
122
-12
-120
-124
-110
-175
-247
-224
-213
-283
-392
-417
-352
-352
-444
-528
-521
-489
-528
-586
-590
-577
-614
-674
-673
-619
-629
-695
-707
-648
-585
-607
-637
-625
-571
-497
-450
-402
-395
-382
-312
-183
-85
-67
-4
169
330
287
210
393
736
869
676
555
759
1044
1069
894
883
1056
1082
881
763
915
1049
884
625
588
688
633
441
362
421
384
175
6
37
97
1
-150
-195
-180
-265
-392
-396
-334
-384
-542
-623
-580
-540
-607
-680
-671
-658
-721
-801
-763
-678
-690
-782
-797
-710
-655
-702
-732
-661
-574
-571
-619
-587
-514
-447
-385
-325
-261
-257
-245
-126
34
118
95
187
393
493
395
366
662
979
947
686
680
989
1201
1083
906
1002
1179
1091
866
837
1030
1059
815
630
655
704
567
380
374
405
291
79
-18
46
3
-155
-263
-256
-271
-444
-553
-515
-480
-584
-766
-796
-736
-753
-841
-903
-864
-859
-945
-980
-924
-848
-879
-925
-881
-807
-786
-823
-780
-679
-587
-583
-575
-531
-470
-358
-256
-137
-127
-134
-47
117
276
302
325
472
645
648
547
679
1021
1167
988
823
993
1270
1300
1116
1059
1229
1278
1072
910
1033
1174
1017
761
719
804
725
519
453
511
470
254
83
120
174
52
-139
-178
-139
-243
-413
-458
-413
-470
-642
-750
-732
-721
-801
-923
-956
-917
-943
-1039
-1098
-1052
-1021
-1060
-1094
-1072
-1024
-1029
-1009
-975
-899
-843
-827
-791
-762
-670
-557
-433
-361
-377
-330
-201
-31
65
64
166
339
417
350
383
667
878
794
636
721
972
1069
948
874
997
1086
968
832
912
1055
935
724
699
813
775
573
515
570
579
433
283
309
332
254
115
102
162
50
-105
-129
-50
-80
-254
-334
-316
-295
-356
-455
-492
-503
-518
-575
-594
-601
-644
-698
-700
-652
-670
-734
-755
-712
-663
-662
-672
-646
-626
-591
-544
-425
-349
-379
-393
-312
-123
-39
-51
-23
149
265
170
155
428
683
574
346
442
751
839
667
578
746
862
710
549
663
857
738
470
455
625
621
405
322
415
432
280
142
193
256
155
-5
-26
69
11
-147
-198
-130
-116
-240
-318
-322
-299
-331
-389
-409
-441
-475
-514
-513
-490
-537
-594
-617
-586
-569
-628
-633
-623
-579
-572
-596
-543
-541
-498
-489
-426
-319
-327
-319
-316
-178
-40
-26
-44
45
226
189
89
243
540
572
319
260
532
761
648
428
503
727
684
438
445
701
722
436
285
473
579
387
224
291
396
277
97
114
226
196
17
-45
54
57
-78
-144
-67
-47
-148
-220
-191
-166
-217
-258
-243
-236
-291
-344
-313
-246
-251
-335
-389
-328
-266
-303
-353
-343
-270
-246
-281
-299
-288
-219
-174
-140
-97
-115
-116
-99
-3
120
112
100
166
268
212
107
288
552
529
245
156
409
622
523
299
317
477
408
194
194
424
431
141
-17
124
250
97
-59
-17
66
-23
-177
-167
-77
-89
-220
-271
-214
-232
-330
-353
-260
-254
-372
-432
-381
-328
-378
-427
-391
-343
-369
-445
-436
-353
-298
-323
-380
-358
-288
-256
-257
-255
-212
-150
-117
-123
-146
-106
-9
86
127
80
50
113
223
304
318
357
450
487
396
322
512
784
773
516
393
577
754
709
577
570
636
542
377
382
537
551
347
186
201
245
166
84
96
90
-21
-136
-133
-102
-142
-219
-246
-229
-295
-406
-436
-370
-348
-445
-538
-551
-531
-542
-575
-573
-557
-583
-623
-638
-607
-558
-532
-544
-574
-571
-517
-469
-454
-452
-411
-323
-297
-337
-335
-216
-61
-10
-53
-76
-2
115
180
231
322
410
435
352
316
482
752
816
621
485
582
760
798
735
728
762
680
539
534
679
733
587
439
426
448
379
316
362
396
287
120
83
144
148
75
18
7
-50
-167
-217
-165
-137
-233
-352
-386
-387
-425
-483
-502
-507
-544
-601
-641
-650
-650
-637
-640
-665
-692
-681
-633
-614
-622
-618
-553
-499
-535
-561
-471
-307
-236
-270
-286
-235
-139
-54
32
133
234
282
225
170
289
557
712
591
423
450
610
692
675
688
723
648
481
449
608
710
605
455
428
457
405
346
363
417
393
274
217
233
255
231
195
202
158
69
-4
2
43
-9
-96
-166
-211
-252
-302
-316
-328
-376
-455
-519
-530
-538
-565
-581
-584
-603
-655
-688
-674
-668
-663
-614
-574
-617
-707
-672
-502
-371
-358
-420
-429
-375
-294
-186
-58
46
76
46
-2
37
240
478
524
380
275
381
518
550
549
594
621
484
342
390
553
603
486
397
405
412
346
300
370
448
413
318
278
302
313
291
310
353
342
240
131
141
205
229
175
103
68
-3
-70
-81
-21
-6
-126
-253
-307
-285
-282
-299
-299
-332
-409
-487
-510
-464
-411
-372
-402
-488
-551
-528
-415
-338
-310
-347
-413
-431
-392
-266
-140
-93
-89
-116
-186
-195
-44
158
193
69
-19
53
148
115
97
197
266
156
-21
-3
132
143
58
71
164
122
-57
-123
8
147
149
88
66
48
8
29
146
276
286
173
95
103
188
275
303
274
224
186
140
130
194
252
224
125
53
38
33
30
38
54
39
-45
-107
-99
-73
-37
-55
-66
-103
-139
-100
-38
-14
-75
-99
-83
-81
-91
-47
26
0
-46
-58
-46
-39
-50
-2
63
38
-40
-53
-22
-7
11
39
53
-5
-76
-105
-89
-73
-60
8
-18
-151
-252
-208
-98
-87
-96
-91
-97
-187
-239
-125
-1
38
-11
-34
-4
-10
2
43
111
102
58
80
81
77
41
59
83
73
38
61
37
-21
-4
51
86
38
13
35
112
94
74
145
146
135
171
118
160
178
126
138
112
77
59
98
24
4
31
7
-18
-74
-66
-9
26
-14
-44
-32
-31
-30
1
32
29
-6
-42
-51
-59
-74
-95
-99
-111
-130
-155
-168
-191
-204
-192
-219
-224
-200
-174
-175
-189
-165
-101
-62
-93
-90
-30
-53
-28
7
16
21
-35
-29
10
82
18
28
58
12
15
14
74
105
154
107
103
193
159
185
243
256
243
202
212
211
250
203
138
161
80
7
-36
-33
-22
-84
-162
-233
-197
-187
-228
-242
-247
-241
-245
-217
-157
-91
-98
-99
-44
9
11
7
63
121
131
86
77
112
120
96
81
100
77
35
18
2
7
10
48
68
53
6
1
41
72
83
111
149
136
135
94
122
160
185
164
157
173
148
152
128
100
104
124
93
74
51
76
40
-2
-47
-39
-14
-54
-70
-122
-145
-224
-243
-263
-258
-291
-363
-414
-433
-456
-477
-482
-494
-502
-528
-514
-488
-424
-414
-376
-320
-243
-207
-176
-117
-43
74
116
156
225
270
283
299
345
405
440
419
428
428
406
388
371
400
394
364
338
359
359
333
286
319
332
329
309
338
350
272
309
206
339
308
317
278
274
252
168
183
81
173
85
40
-65
-40
-137
-147
-196
-254
-316
-331
-477
-444
-455
-533
-540
-597
-577
-740
-593
-796
-616
-712
-746
-704
-759
-651
-743
-625
-673
-553
-513
-512
-413
-369
-284
-217
-154
-44
16
116
162
244
333
355
423
470
570
621
616
649
668
729
692
665
689
724
707
661
650
639
639
601
592
576
620
533
543
539
504
530
453
471
459
425
427
319
370
250
241
144
49
112
-88
-26
-258
-215
-370
-435
-487
-594
-541
-807
-620
-952
-808
-974
-969
-901
-1087
-904
-1265
-879
-1200
-900
-1059
-1018
-823
-1062
-694
-1036
-600
-727
-539
-543
-522
-327
-363
-128
-241
28
40
133
200
253
376
397
502
542
592
692
705
768
849
876
903
904
946
943
983
988
1023
1064
1004
995
962
964
984
970
892
877
819
775
717
632
665
549
481
375
306
288
136
69
-22
-94
-128
-329
-341
-437
-437
-614
-707
-691
-898
-777
-1013
-954
-969
-1116
-1086
-1220
-1136
-1200
-1037
-1250
-1103
-1053
-1140
-956
-1069
-750
-950
-670
-763
-646
-499
-525
-316
-472
-149
-332
-49
-44
6
121
86
247
180
326
265
426
532
568
594
653
705
755
840
868
943
1009
1032
1057
1089
1077
1144
1153
1161
1123
1104
1085
1043
988
877
829
738
696
587
507
470
354
274
166
57
-41
-84
-166
-254
-309
-402
-508
-527
-627
-698
-711
-798
-843
-855
-916
-974
-929
-962
-970
-1034
-1002
-1009
-965
-932
-943
-821
-836
-763
-808
-630
-613
-618
-512
-539
-404
-392
-355
-375
-218
-202
-202
-93
-49
-16
4
49
21
202
239
304
409
523
576
608
696
706
858
889
955
1033
1095
1090
1093
1105
1067
1075
1044
1012
953
916
800
717
638
548
449
353
265
173
105
16
-52
-107
-151
-248
-293
-323
-337
-371
-432
-450
-471
-469
-541
-511
-475
-514
-561
-586
-562
-551
-576
-632
-591
-573
-619
-644
-574
-527
-479
-554
-581
-516
-501
-474
-545
-475
-416
-392
-423
-441
-359
-299
-245
-264
-183
-99
-43
-10
46
142
256
352
392
529
625
679
697
790
901
977
982
951
992
978
898
808
792
769
698
581
466
384
270
131
2
-74
-130
-167
-221
-299
-359
-394
-380
-378
-365
-355
-287
-253
-251
-242
-218
-167
-136
-108
-102
-85
-92
-86
-93
-92
-100
-149
-165
-178
-185
-218
-274
-319
-339
-312
-352
-349
-339
-330
-329
-389
-392
-362
-333
-339
-324
-279
-185
-165
-132
-75
13
68
114
198
293
399
393
486
600
665
691
724
776
790
759
687
653
625
537
436
379
301
197
51
-95
-226
-348
-460
-528
-532
-575
-602
-658
-672
-654
-646
-603
-562
-458
-378
-289
-216
-124
-7
53
105
139
198
243
244
254
278
289
280
239
226
226
167
94
34
9
-15
-49
-73
-68
-72
-94
-111
-116
-101
-107
-94
-70
-18
13
66
104
167
216
238
305
339
392
422
460
491
538
576
610
612
571
556
528
476
378
286
213
133
22
-93
-186
-289
-409
-546
-677
-776
-858
-910
-945
-973
-958
-940
-892
-859
-807
-725
-638
-546
-475
-348
-234
-104
-4
81
164
209
253
281
314
305
301
304
303
285
239
209
164
136
95
54
42
28
26
31
64
92
128
155
177
209
238
269
296
327
354
381
416
454
486
511
517
513
514
526
524
513
491
477
476
455
389
330
279
209
114
-2
-90
-176
-274
-391
-465
-549
-647
-752
-852
-915
-985
-1030
-1064
-1041
-1012
-977
-928
-848
-748
-668
-566
-467
-341
-232
-126
-15
95
200
277
343
382
397
401
402
384
368
340
302
268
238
206
178
150
116
97
88
93
118
148
178
217
275
332
381
424
464
507
519
535
548
590
606
600
604
602
607
563
527
479
435
386
335
300
260
204
132
80
13
-69
-169
-271
-372
-460
-551
-633
-690
-752
-816
-890
-954
-1002
-1038
-1059
-1057
-1019
-967
-905
-830
-728
-621
-509
-402
-295
-177
-71
37
145
245
327
390
444
488
504
485
453
416
373
324
281
235
195
155
120
99
82
59
43
40
60
90
120
162
208
263
293
329
361
398
414
417
428
438
448
438
435
426
402
369
340
298
256
199
145
108
65
10
-44
-85
-139
-212
-299
-371
-438
-502
-580
-648
-693
-733
-773
-812
-826
-835
-826
-811
-770
-703
-626
-537
-440
-314
-195
-73
54
182
299
399
482
562
639
702
733
756
761
749
723
671
610
544
466
383
310
249
192
134
80
36
2
-18
-31
-34
-37
-33
-20
4
39
59
85
99
112
112
113
114
105
97
79
76
65
49
25
-3
-39
-85
-124
-162
-193
-230
-273
-304
-339
-372
-421
-466
-513
-569
-616
-668
-697
-716
-737
-745
-737
-713
-690
-651
-600
-530
-455
-374
-271
-148
-9
122
251
373
495
605
700
779
843
892
917
932
940
926
886
831
766
697
613
521
428
344
260
182
119
73
35
-12
-51
-76
-87
-91
-90
-80
-75
-70
-65
-57
-49
-54
-70
-99
-122
-145
-170
-192
-219
-245
-280
-307
-335
-355
-383
-418
-435
-453
-455
-471
-464
-466
-463
-473
-485
-487
-508
-519
-543
-540
-534
-528
-514
-490
-453
-416
-370
-315
-237
-152
-61
38
152
273
392
522
648
765
859
936
1008
1076
1123
1133
1131
1112
1079
1033
964
891
814
714
611
506
415
326
235
147
67
11
-46
-83
-118
-152
-184
-212
-221
-230
-240
-258
-282
-303
-330
-360
-394
-432
-468
-509
-544
-574
-591
-608
-632
-642
-653
-649
-652
-644
-627
-611
-591
-567
-529
-490
-459
-441
-424
-413
-408
-407
-405
-389
-374
-361
-336
-303
-257
-214
-160
-90
-8
80
170
278
393
504
614
726
846
953
1041
1107
1159
1198
1212
1212
1193
1158
1107
1034
951
862
770
669
559
449
346
254
176
105
39
-31
-87
-135
-170
-205
-247
-280
-312
-340
-375
-409
-445
-485
-538
-597
-648
-697
-739
-786
-816
-838
-847
-849
-846
-830
-810
-780
-743
-690
-634
-574
-516
-448
-373
-306
-246
-202
-162
-134
-113
-100
-87
-70
-57
-46
-35
-18
5
31
72
121
176
232
299
382
476
569
655
741
824
897
964
1020
1067
1095
1103
1096
1079
1053
1003
933
847
751
646
540
437
335
228
129
35
-44
-119
-193
-263
-320
-369
-414
-455
-489
-514
-542
-568
-599
-621
-642
-669
-695
-721
-740
-752
-766
-768
-769
-755
-729
-693
-644
-596
-543
-487
-426
-358
-288
-214
-139
-65
-6
46
94
131
158
174
184
193
197
197
197
202
204
206
210
228
258
292
329
371
427
487
551
613
672
727
769
803
824
840
840
824
797
754
700
634
555
467
370
264
154
50
-53
-155
-256
-345
-430
-502
-562
-612
-653
-691
-725
-751
-766
-777
-784
-785
-782
-771
-761
-752
-739
-727
-713
-695
-667
-631
-590
-544
-498
-442
-381
-322
-256
-188
-117
-47
16
86
155
223
278
328
370
405
430
446
462
476
486
486
486
489
497
497
498
504
517
533
549
573
601
627
652
676
702
729
742
743
739
724
701
668
625
573
509
434
352
263
168
67
-37
-139
-236
-332
-422
-506
-577
-641
-694
-738
-774
-799
-827
-842
-855
-855
-846
-834
-815
-797
-771
-747
-715
-684
-646
-606
-566
-524
-478
-423
-368
-309
-256
-199
-142
-78
-13
50
110
167
223
276
326
373
413
445
467
483
501
516
528
531
532
535
539
539
536
536
536
534
532
531
535
536
535
531
529
524
513
495
468
432
387
342
288
231
166
94
20
-57
-135
-218
-305
-390
-472
-549
-622
-681
-730
-773
-812
-840
-855
-862
-858
-848
-830
-804
-773
-737
-691
-641
-592
-544
-493
-442
-386
-332
-276
-220
-166
-109
-54
6
60
114
166
217
266
316
365
412
460
509
549
588
626
654
674
687
698
704
711
710
703
697
682
664
641
617
590
562
531
501
475
452
429
403
379
351
319
282
244
203
156
106
50
-4
-57
-120
-181
-248
-316
-386
-458
-526
-588
-646
-702
-750
-790
-822
-847
-866
-874
-871
-863
-847
-821
-788
-752
-710
-666
-616
-563
-511
-457
-408
-356
-305
-250
-196
-141
-90
-40
9
55
101
142
187
230
270
310
349
391
429
466
499
530
561
584
603
617
632
641
644
646
640
629
609
585
561
537
511
479
448
416
382
353
321
292
261
225
187
151
116
80
40
0
-37
-78
-121
-166
-209
-258
-307
-356
-401
-440
-480
-518
-552
-578
-602
-617
-624
-623
-620
-614
-602
-580
-554
-526
-494
-460
-421
-384
-346
-309
-267
-229
-190
-153
-115
-77
-43
-6
26
56
82
111
145
178
211
241
275
311
345
378
406
435
458
478
498
514
526
532
533
526
517
502
482
457
428
398
371
344
317
289
257
227
199
170
146
120
94
69
43
19
-9
-34
-62
-90
-122
-155
-189
-227
-262
-300
-334
-366
-395
-424
-446
-468
-488
-502
-510
-513
-509
-499
-488
-474
-451
-427
-399
-369
-339
-310
-281
-252
-223
-195
-167
-139
-113
-91
-68
-46
-26
-6
14
37
58
88
114
140
166
190
217
242
270
295
320
343
360
375
387
399
403
404
399
390
378
363
346
330
310
292
276
260
246
229
214
198
185
174
165
154
142
128
115
99
86
69
47
21
-8
-37
-68
-97
-129
-159
-190
-221
-244
-261
-276
-289
-301
-311
-315
-317
-313
-305
-297
-287
-277
-265
-251
-236
-227
-216
-205
-193
-186
-180
-174
-171
-168
-163
-156
-150
-142
-134
-121
-107
-88
-69
-50
-29
-9
13
31
50
68
86
103
118
130
140
150
155
159
160
161
161
159
161
160
160
160
159
164
172
178
186
194
201
211
215
222
223
223
219
206
194
181
165
144
124
98
72
50
26
4
-18
-36
-52
-66
-76
-84
-89
-93
-95
-96
-92
-88
-86
-82
-81
-76
-73
-71
-72
-76
-79
-86
-92
-103
-112
-122
-134
-141
-150
-152
-155
-155
-155
-152
-148
-143
-136
-129
-123
-115
-108
-101
-89
-84
-76
-72
-68
-63
-61
-56
-49
-43
-36
-31
-22
-9
4
20
34
53
74
97
120
140
160
176
190
202
212
220
226
226
219
210
197
184
168
150
131
113
98
84
74
64
53
47
42
40
42
42
45
45
46
44
45
45
42
34
25
18
7
-5
-23
-42
-61
-83
-104
-126
-147
-169
-183
-197
-205
-212
-215
-215
-214
-211
-208
-203
-199
-196
-192
-186
-179
-172
-167
-159
-149
-139
-127
-116
-104
-91
-75
-57
-39
-20
0
23
46
69
94
119
143
166
189
210
227
238
245
252
255
256
250
238
226
211
197
184
170
157
146
135
126
121
120
119
117
118
118
119
121
121
118
113
105
96
88
76
60
43
23
4
-20
-46
-71
-93
-118
-143
-168
-190
-213
-231
-246
-259
-268
-275
-279
-280
-278
-275
-267
-260
-252
-246
-239
-233
-226
-217
-207
-195
-183
-167
-152
-136
-119
-96
-73
-49
-27
-5
17
41
64
86
106
120
134
148
161
171
177
180
179
178
175
173
166
159
148
136
127
117
111
105
103
104
109
117
125
134
141
143
149
152
151
149
143
135
126
114
100
83
63
42
21
-4
-25
-48
-69
-88
-104
-118
-133
-145
-155
-161
-163
-164
-161
-157
-151
-143
-137
-127
-120
-109
-99
-90
-81
-73
-66
-60
-49
-38
-26
-17
-6
6
17
32
46
62
75
86
99
111
122
131
135
134
132
126
120
109
98
87
75
65
53
41
29
16
3
-8
-20
-29
-37
-40
-42
-40
-37
-36
-33
-31
-30
-29
-27
-27
-30
-33
-39
-48
-58
-69
-78
-91
-102
-113
-124
-132
-140
-146
-152
-154
-155
-156
-152
-145
-136
-127
-115
-101
-86
-69
-53
-35
-19
-5
12
26
41
57
68
79
88
101
114
126
138
146
154
160
168
175
183
187
192
197
199
201
201
198
191
179
166
152
136
122
108
92
75
60
44
27
11
-5
-18
-31
-41
-50
-60
-68
-76
-81
-89
-94
-98
-103
-106
-112
-117
-125
-130
-137
-145
-154
-163
-172
-180
-186
-194
-198
-202
-203
-203
-200
-191
-182
-170
-155
-138
-119
-97
-75
-57
-38
-17
5
28
49
65
79
93
106
117
128
138
150
160
170
179
187
194
196
197
199
200
204
208
209
207
206
201
196
189
179
166
153
139
123
106
89
71
54
35
18
2
-13
-30
-50
-67
-83
-98
-114
-128
-140
-149
-158
-163
-169
-175
-179
-185
-189
-191
-196
-200
-202
-201
-200
-201
-202
-201
-198
-193
-189
-181
-173
-161
-146
-129
-113
-99
-83
-65
-45
-26
-6
11
28
44
60
75
89
101
113
123
135
148
162
174
189
203
212
221
224
230
233
237
240
242
241
236
231
223
214
206
196
184
168
154
133
111
89
65
39
14
-6
-26
-45
-67
-89
-109
-127
-144
-160
-172
-179
-188
-195
-203
-210
-217
-220
-223
-224
-226
-225
-225
-224
-222
-221
-219
-215
-208
-199
-189
-176
-165
-151
-139
-124
-109
-93
-76
-58
-40
-20
1
22
39
54
67
81
94
108
122
137
153
169
183
198
211
225
236
248
258
268
278
284
287
288
284
278
273
266
257
246
238
226
209
192
169
148
123
98
74
52
30
4
-20
-46
-73
-95
-116
-134
-152
-168
-181
-194
-205
-217
-227
-236
-243
-247
-250
-253
-253
-252
-252
-249
-250
-246
-244
-240
-233
-228
-220
-209
-198
-189
-179
-168
-155
-141
-126
-109
-90
-70
-52
-33
-12
8
28
47
66
84
102
120
137
152
167
181
196
213
228
242
253
263
270
276
278
280
280
279
274
270
265
255
244
229
212
191
168
147
125
105
82
60
38
15
-8
-33
-58
-83
-106
-126
-142
-158
-173
-189
-202
-214
-225
-233
-242
-245
-246
-241
-239
-236
-232
-228
-222
-216
-210
-202
-195
-187
-178
-170
-161
-152
-141
-130
-115
-98
-84
-70
-54
-37
-21
-3
15
37
59
81
103
123
144
158
175
192
209
225
239
251
261
272
278
280
283
281
280
275
269
259
249
238
224
210
191
173
153
133
114
94
76
58
40
22
2
-19
-41
-61
-82
-101
-121
-140
-155
-168
-179
-191
-202
-211
-216
-215
-214
-209
-208
-206
-203
-200
-194
-191
-187
-184
-179
-173
-168
-162
-155
-146
-136
-124
-110
-100
-90
-81
-69
-58
-46
-33
-19
-7
7
19
32
44
56
69
85
97
109
118
126
134
141
145
147
149
152
151
148
145
140
135
129
123
116
106
95
82
69
55
42
29
16
3
-7
-16
-24
-31
-38
-42
-46
-50
-52
-54
-54
-53
-52
-50
-46
-42
-38
-35
-32
-31
-27
-23
-18
-13
-9
-5
0
6
11
15
17
17
17
17
20
22
22
23
23
23
21
19
17
16
17
19
22
24
28
30
33
38
41
45
46
46
46
47
44
39
34
28
20
12
5
-3
-13
-22
-31
-42
-47
-54
-60
-65
-70
-75
-82
-88
-94
-97
-96
-94
-93
-91
-88
-82
-74
-66
-59
-50
-41
-32
-22
-14
-7
-1
5
13
22
30
36
44
52
57
62
66
70
73
76
78
79
78
76
75
74
75
71
67
61
57
53
49
45
40
35
33
32
28
24
18
13
13
12
8
3
-3
-9
-15
-22
-30
-38
-46
-50
-53
-59
-66
-73
-81
-86
-91
-93
-97
-101
-100
-99
-98
-98
-99
-98
-95
-92
-90
-86
-79
-71
-63
-58
-51
-46
-40
-31
-22
-12
-4
5
14
23
33
41
48
56
63
72
83
91
97
104
109
111
112
111
110
110
108
106
105
101
99
93
89
84
80
74
68
63
59
54
49
43
38
33
29
25
22
20
15
12
8
3
-1
-9
-17
-25
-32
-36
-43
-50
-59
-67
-74
-82
-90
-98
-103
-107
-107
-108
-109
-108
-108
-108
-105
-101
-97
-92
-83
-73
-64
-57
-51
-46
-40
-31
-23
-14
-5
5
15
22
28
33
38
43
50
57
62
65
69
74
75
77
74
70
67
64
63
61
60
59
56
54
51
47
44
42
38
34
30
27
22
17
13
9
5
0
-3
-9
-14
-17
-16
-19
-22
-24
-27
-28
-30
-32
-36
-38
-39
-41
-41
-45
-47
-50
-52
-55
-57
-59
-60
-61
-61
-60
-60
-58
-56
-54
-48
-42
-36
-28
-23
-16
-10
-6
0
5
12
19
28
37
40
43
45
47
50
53
57
59
60
60
59
57
53
50
48
48
47
45
42
38
35
33
32
29
27
23
21
19
15
12
8
9
9
9
7
5
5
2
-1
-3
-4
-5
-5
-7
-7
-8
-12
-15
-15
-17
-18
-21
-24
-26
-29
-32
-37
-39
-39
-40
-39
-40
-40
-38
-37
-37
-37
-35
-30
-26
-22
-19
-17
-16
-14
-12
-11
-10
-6
-2
3
4
5
6
5
7
10
12
14
18
20
21
19
18
17
16
16
15
15
12
9
5
0
-3
-2
-3
-1
1
3
2
3
2
1
4
7
11
13
17
20
21
24
25
26
30
31
34
37
37
37
35
33
28
27
28
25
25
23
18
10
4
-2
-9
-10
-14
-17
-22
-27
-32
-35
-40
-47
-46
-45
-44
-43
-45
-47
-49
-47
-47
-45
-41
-37
-36
-35
-33
-32
-30
-28
-27
-23
-21
-17
-16
-13
-12
-15
-13
-13
-11
-10
-10
-13
-14
-15
-17
-15
-14
-10
-5
0
4
7
12
15
20
26
33
42
52
60
65
69
71
75
82
88
93
95
93
91
87
83
74
66
61
56
53
48
37
27
16
6
0
-6
-12
-18
-21
-23
-26
-29
-32
-37
-39
-39
-37
-37
-38
-39
-39
-39
-38
-39
-40
-40
-39
-40
-43
-46
-48
-47
-47
-45
-43
-44
-44
-47
-48
-48
-49
-48
-44
-41
-38
-38
-37
-35
-31
-25
-19
-12
-5
-1
3
8
11
15
20
24
29
34
39
43
46
50
52
57
61
66
68
69
69
67
63
59
57
53
51
47
43
38
31
23
14
7
2
-1
-4
-7
-11
-15
-19
-24
-27
-29
-28
-29
-28
-28
-28
-29
-30
-30
-29
-28
-27
-26
-27
-30
-32
-34
-33
-33
-32
-33
-33
-33
-34
-36
-37
-37
-35
-33
-33
-32
-30
-27
-24
-21
-17
-13
-9
-2
4
11
17
21
25
27
33
37
41
46
50
56
61
66
70
70
72
73
73
73
69
63
58
54
50
46
40
37
30
25
19
13
6
-3
-9
-15
-18
-23
-29
-34
-39
-42
-44
-45
-46
-46
-45
-47
-47
-47
-47
-46
-46
-42
-40
-37
-36
-37
-39
-40
-40
-38
-36
-32
-30
-30
-31
-32
-32
-31
-30
-28
-24
-19
-15
-13
-11
-9
-6
-2
3
7
14
22
29
34
38
40
44
50
55
60
66
69
74
76
77
77
75
73
71
69
65
59
53
45
40
33
27
17
9
1
-7
-14
-21
-27
-33
-41
-46
-50
-53
-56
-60
-62
-61
-61
-60
-60
-56
-55
-53
-52
-50
-46
-41
-36
-33
-32
-31
-29
-27
-25
-21
-18
-14
-12
-10
-7
-6
-4
-2
0
3
6
10
12
13
15
16
18
21
25
30
34
38
46
49
54
55
58
59
63
64
67
69
67
68
67
68
65
62
59
54
48
42
35
26
19
12
5
-4
-12
-18
-26
-35
-44
-53
-61
-68
-73
-76
-78
-80
-81
-80
-79
-78
-78
-76
-75
-71
-69
-65
-59
-53
-48
-44
-39
-35
-32
-27
-23
-16
-8
-2
4
8
13
15
15
18
21
25
30
33
35
39
40
40
42
44
45
48
50
51
51
50
47
46
47
48
50
50
50
52
50
48
47
48
47
49
49
49
48
45
43
39
34
26
20
12
5
-3
-9
-19
-29
-37
-48
-57
-66
-74
-80
-84
-87
-93
-96
-96
-95
-92
-89
-84
-79
-72
-67
-63
-58
-51
-43
-34
-26
-18
-12
-7
-1
7
14
21
26
32
34
37
39
40
41
41
42
45
46
46
44
42
39
38
38
39
37
37
37
39
37
36
34
33
32
32
33
34
33
34
34
33
32
30
25
21
17
15
12
7
1
-3
-9
-15
-21
-28
-32
-37
-43
-48
-54
-58
-61
-63
-63
-62
-59
-60
-58
-55
-52
-50
-46
-41
-36
-31
-24
-21
-17
-12
-7
-2
3
7
12
17
21
25
27
29
30
33
34
36
37
35
33
33
34
32
29
25
22
21
21
22
18
15
12
11
10
9
8
7
7
9
9
8
8
9
9
10
14
16
17
18
18
19
18
17
15
13
10
8
5
0
-7
-13
-18
-24
-29
-33
-38
-42
-45
-49
-53
-54
-57
-59
-58
-55
-52
-49
-47
-43
-39
-37
-30
-25
-19
-15
-12
-8
-2
2
6
12
17
22
25
28
28
29
30
33
36
38
40
41
41
38
36
33
32
30
30
30
27
27
22
17
14
12
11
11
13
14
13
13
11
8
8
7
10
12
13
13
12
10
7
3
-1
-5
-6
-8
-9
-14
-16
-19
-23
-28
-31
-35
-38
-40
-42
-44
-45
-46
-48
-47
-46
-42
-38
-33
-29
-25
-23
-20
-16
-11
-6
-1
4
12
15
21
25
27
30
33
35
37
39
40
41
39
38
36
33
31
27
24
21
18
16
11
8
4
2
-2
-6
-8
-8
-9
-11
-11
-10
-8
-6
-6
-9
-9
-8
-7
-6
-3
0
2
5
5
5
3
2
2
-1
0
-2
-6
-11
-16
-20
-24
-28
-28
-31
-31
-31
-32
-34
-35
-37
-39
-37
-35
-28
-24
-18
-16
-14
-10
-6
-2
1
6
11
16
21
25
27
27
28
29
30
33
34
35
37
39
40
39
37
35
33
32
29
27
24
21
18
15
11
9
7
5
4
2
1
0
-2
-4
-5
-4
-5
-7
-9
-7
-5
-4
-4
-3
-3
-4
-8
-10
-12
-12
-15
-16
-18
-17
-18
-21
-25
-27
-28
-29
-29
-28
-28
-29
-28
-30
-31
-29
-29
-28
-25
-20
-17
-12
-10
-6
0
4
8
11
14
20
26
29
31
32
32
36
37
37
36
36
35
34
34
30
28
23
20
17
14
11
6
2
-3
-5
-9
-14
-16
-18
-17
-18
-17
-18
-20
-19
-21
-22
-19
-17
-16
-14
-12
-10
-8
-8
-9
-8
-7
-5
-3
-4
-4
-3
-5
-6
-9
-10
-10
-10
-11
-13
-13
-11
-11
-11
-12
-12
-12
-13
-13
-15
-13
-13
-11
-7
-4
-1
2
3
5
7
9
11
13
17
21
23
26
27
29
29
28
28
29
29
30
30
29
28
25
21
19
18
16
16
13
10
9
7
5
4
3
3
2
0
0
0
0
-1
0
3
7
10
13
12
12
11
8
6
5
5
6
6
3
1
-1
-5
-10
-14
-16
-21
-24
-27
-31
-33
-34
-36
-39
-42
-43
-42
-41
-40
-39
-39
-38
-36
-35
-32
-29
-26
-23
-20
-16
-13
-10
-7
-3
1
5
6
6
7
8
7
7
6
7
7
8
9
9
10
8
7
10
11
13
13
15
15
16
17
17
19
22
24
25
26
26
27
28
30
30
33
34
34
32
30
29
28
30
31
30
29
26
23
18
14
9
4
1
-2
-5
-7
-11
-15
-17
-20
-21
-23
-27
-30
-32
-34
-36
-39
-40
-40
-40
-40
-40
-39
-39
-39
-36
-33
-29
-25
-21
-17
-12
-7
-6
-5
-5
-2
2
3
4
7
7
9
9
11
14
14
16
18
19
21
20
19
21
22
23
22
21
23
24
25
27
29
31
34
36
39
41
40
39
38
37
37
36
36
32
30
27
22
16
10
6
3
-2
-7
-12
-17
-24
-29
-36
-42
-46
-49
-51
-55
-58
-61
-63
-63
-63
-60
-57
-56
-54
-53
-52
-49
-46
-42
-37
-34
-30
-25
-22
-20
-17
-14
-11
-9
-7
-5
-1
1
5
8
8
8
10
11
14
18
22
26
30
34
35
37
38
42
46
46
49
51
54
55
56
58
59
62
63
65
64
62
61
58
54
51
46
39
32
25
19
13
5
1
-5
-10
-15
-21
-25
-29
-31
-34
-39
-41
-45
-49
-54
-58
-59
-60
-61
-62
-61
-61
-60
-59
-58
-55
-50
-47
-44
-42
-39
-34
-29
-25
-21
-18
-16
-13
-9
-4
2
6
9
13
15
16
18
16
20
23
28
32
34
35
37
37
37
36
36
37
39
43
46
47
48
50
50
50
52
53
53
53
51
49
45
41
38
34
29
24
16
9
3
-4
-13
-19
-23
-28
-32
-37
-42
-46
-51
-55
-57
-57
-57
-57
-59
-60
-59
-58
-56
-54
-50
-46
-42
-37
-34
-30
-28
-26
-23
-20
-18
-15
-13
-10
-9
-7
-6
-5
-3
1
3
7
7
9
10
13
15
17
21
26
32
37
40
42
43
43
45
46
48
48
50
49
50
48
47
46
44
42
39
36
33
31
27
23
18
13
10
6
1
-4
-9
-12
-19
-24
-31
-34
-38
-41
-43
-47
-51
-55
-56
-59
-58
-57
-56
-52
-51
-48
-48
-46
-44
-41
-37
-32
-26
-21
-15
-10
-9
-5
-3
2
6
10
13
16
18
19
21
22
24
26
29
30
31
31
31
33
34
35
37
40
40
39
38
39
40
41
43
43
44
43
43
42
40
39
39
38
36
32
28
22
19
14
8
3
-3
-9
-13
-20
-27
-32
-37
-39
-42
-46
-48
-51
-52
-56
-59
-61
-62
-60
-57
-55
-53
-50
-48
-46
-45
-44
-41
-35
-30
-27
-21
-18
