-11
-11
-10
-8
-8
-6
-4
-3
-2
0
2
3
4
3
4
7
7
7
6
7
6
5
6
5
4
3
2
1
0
0
0
0
2
2
3
5
6
8
8
9
11
12
13
13
13
16
16
16
16
17
16
17
17
16
14
12
11
9
9
8
7
5
4
5
3
1
0
-1
-1
-1
-1
-1
-1
-1
-2
-3
-3
-3
-2
-3
-4
-4
-4
-4
-2
-4
-3
-2
-2
-3
-4
-5
-8
-9
-8
-9
-11
-13
-14
-15
-14
-15
-15
-13
-13
-12
-11
-9
-8
-7
-7
-6
-4
-4
-4
-4
-3
-1
-1
1
2
4
4
3
4
4
4
4
6
4
4
1
1
0
-2
-1
-1
1
1
1
3
3
4
4
5
5
6
7
8
9
8
8
9
7
8
8
9
9
9
9
8
8
8
7
6
5
5
4
3
3
0
-2
-3
-2
-2
-4
-4
-6
-6
-7
-7
-7
-7
-8
-8
-9
-8
-8
-8
-8
-8
-8
-8
-7
-7
-6
-7
-7
-8
-9
-9
-10
-10
-9
-10
-8
-8
-8
-6
-5
-4
-3
-3
-2
-2
0
1
1
0
0
0
1
1
2
3
4
4
5
4
6
5
8
8
8
8
7
8
7
6
5
6
6
5
6
6
7
8
8
9
8
9
10
10
11
10
10
10
8
7
5
4
4
5
4
5
4
4
3
2
2
2
1
1
-1
0
0
-2
-2
-2
-1
-1
0
1
1
2
2
3
3
3
3
1
0
-2
-2
-3
-5
-5
-7
-9
-10
-10
-10
-10
-9
-10
-11
-11
-11
-13
-12
-11
-11
-12
-12
-11
-10
-10
-9
-7
-6
-5
-3
-3
-2
-1
0
2
1
2
2
2
2
2
1
1
0
-1
1
0
2
2
3
4
5
6
6
5
4
2
1
0
1
0
-1
-1
1
1
1
2
2
1
1
0
-1
-3
-5
-5
-6
-8
-8
-7
-8
-6
-4
-2
0
1
2
1
2
2
2
1
0
0
0
0
2
3
4
5
7
7
9
9
9
9
10
8
7
6
6
7
6
5
5
4
3
2
4
4
5
5
4
4
3
3
3
2
2
1
1
2
3
4
6
6
6
6
6
5
5
4
4
3
3
4
4
3
2
0
-2
-3
-1
-1
-1
-2
-4
-5
-7
-9
-10
-12
-11
-11
-12
-12
-13
-13
-13
-13
-13
-11
-9
-8
-8
-6
-6
-6
-5
-5
-5
-4
-3
-3
-2
-1
-1
0
1
2
2
3
3
4
5
5
6
7
7
6
7
8
9
9
7
6
6
5
2
2
1
1
0
0
1
0
0
-1
-1
-2
-3
-6
-10
-12
-14
-17
-17
-16
-15
-14
-13
-10
-8
-7
-5
-4
-2
0
-1
-2
-2
-4
-6
-6
-5
-5
-4
-3
-2
-1
0
0
1
2
3
3
5
5
5
7
9
10
10
10
10
10
8
9
9
9
8
8
9
9
9
11
12
13
13
14
13
12
11
9
9
10
9
8
7
8
6
8
8
9
9
9
10
8
10
8
7
8
7
6
4
3
1
0
0
0
-1
0
-2
-3
-3
-4
-5
-6
-7
-9
-11
-13
-14
-15
-18
-19
-20
-18
-18
-20
-20
-20
-19
-19
-18
-17
-17
-16
-15
-14
-13
-11
-10
-10
-8
-8
-7
-8
-7
-5
-3
-1
0
0
2
2
1
0
1
-1
1
1
2
3
4
7
7
8
11
13
14
14
14
15
15
15
15
14
13
14
13
12
10
10
8
7
8
7
7
6
7
5
3
2
1
0
0
1
0
1
1
3
3
3
5
6
6
6
7
6
5
3
0
-4
-7
-10
-13
-16
-17
-18
-20
-22
-20
-20
-22
-21
-22
-21
-23
-23
-21
-22
-23
-24
-24
-23
-23
-22
-21
-18
-17
-16
-16
-13
-10
-8
-6
-2
0
3
4
4
5
7
9
10
14
15
15
17
19
22
25
29
32
35
37
40
43
45
46
46
47
47
48
47
47
47
48
47
46
44
45
42
39
35
32
27
23
18
13
10
6
2
-3
-7
-11
-12
-15
-16
-18
-18
-18
-21
-21
-22
-23
-24
-24
-25
-26
-29
-31
-33
-38
-40
-43
-46
-47
-50
-52
-54
-54
-56
-55
-58
-58
-59
-63
-64
-65
-65
-64
-61
-61
-58
-54
-50
-45
-40
-35
-29
-22
-17
-13
-7
-3
-1
0
2
6
9
13
17
19
26
30
35
40
44
48
51
55
57
59
60
61
62
63
63
63
63
65
66
70
74
78
79
79
79
78
75
71
67
62
57
50
45
34
27
21
15
10
5
0
-4
-9
-14
-18
-23
-27
-30
-34
-39
-44
-48
-52
-55
-57
-59
-59
-56
-52
-50
-47
-45
-44
-42
-42
-41
-42
-39
-37
-38
-39
-39
-38
-40
-40
-41
-38
-38
-38
-36
-35
-32
-31
-28
-26
-19
-15
-9
-6
-2
1
3
6
8
12
14
18
21
25
27
30
32
36
39
41
43
45
46
46
45
43
43
37
35
35
34
33
33
31
32
33
29
28
27
27
25
22
20
17
14
9
3
-2
-5
-6
-7
-9
-8
-10
-15
-19
-27
-32
-37
-44
-48
-49
-52
-55
-58
-62
-62
-59
-55
-48
-43
-37
-33
-31
-27
-22
-16
-11
-3
-2
4
9
13
21
24
29
33
39
42
45
47
47
48
46
45
44
40
40
38
36
35
36
36
38
41
41
43
42
39
37
33
30
27
23
20
19
14
9
5
0
-3
-8
-12
-14
-17
-20
-23
-28
-31
-33
-37
-40
-44
-47
-52
-54
-58
-61
-68
-73
-79
-84
-90
-90
-89
-89
-84
-82
-76
-70
-65
-60
-53
-46
-42
-38
-34
-29
-26
-25
-19
-13
-6
2
7
12
21
25
31
39
44
51
58
61
64
69
70
76
81
85
93
100
105
111
114
117
118
120
121
118
117
113
111
106
101
98
94
90
80
72
61
50
40
31
21
11
2
-10
-19
-31
-42
-49
-55
-63
-65
-69
-76
-80
-88
-92
-96
-102
-108
-112
-116
-123
-128
-135
-138
-142
-146
-147
-148
-148
-147
-147
-145
-141
-138
-134
-126
-120
-111
-101
-95
-84
-74
-63
-51
-39
-33
-25
-15
-10
-4
5
12
22
36
48
65
80
94
109
119
134
148
162
174
185
196
206
210
215
220
221
220
216
211
203
197
188
183
177
171
165
155
147
137
126
113
104
94
83
71
60
49
37
23
9
-5
-23
-41
-61
-82
-99
-118
-139
-153
-170
-185
-200
-214
-221
-228
-238
-244
-248
-254
-261
-262
-266
-268
-264
-255
-247
-238
-226
-214
-202
-190
-175
-163
-152
-145
-139
-134
-127
-115
-99
-79
-55
-25
3
30
59
93
125
152
176
198
208
208
209
208
206
208
208
209
212
215
219
227
238
249
257
261
266
270
264
256
255
255
250
243
244
243
232
217
201
181
155
130
99
69
45
12
-21
-48
-68
-90
-112
-132
-151
-175
-205
-229
-254
-281
-305
-329
-349
-370
-386
-397
-398
-394
-389
-385
-385
-380
-378
-380
-379
-369
-358
-350
-340
-310
-271
-227
-174
-115
-49
9
72
133
198
257
300
332
356
375
373
367
360
352
332
309
295
282
272
264
267
268
269
261
253
249
248
251
263
291
325
357
390
430
467
487
484
465
427
365
280
186
92
-11
-110
-199
-271
-330
-382
-425
-462
-488
-505
-519
-525
-514
-499
-488
-473
-445
-413
-385
-360
-339
-328
-333
-357
-389
-424
-462
-502
-542
-561
-561
-549
-515
-455
-369
-280
-195
-109
-13
81
166
251
348
439
498
531
557
576
576
561
536
503
452
371
285
218
176
145
122
126
147
164
174
201
252
319
390
473
568
658
728
773
799
803
777
714
622
507
368
206
41
-113
-252
-376
-479
-552
-597
-628
-648
-652
-638
-616
-588
-548
-496
-439
-391
-344
-292
-246
-216
-206
-214
-239
-290
-370
-458
-545
-624
-701
-758
-766
-731
-666
-578
-463
-327
-196
-63
79
222
352
467
563
630
669
686
694
694
682
649
590
502
388
259
130
38
-19
-54
-87
-92
-72
-54
-19
68
203
344
482
623
755
848
904
927
917
880
797
666
498
316
123
-84
-272
-420
-539
-653
-735
-777
-798
-809
-791
-737
-671
-599
-511
-415
-330
-252
-182
-117
-70
-45
-50
-93
-147
-226
-342
-474
-591
-700
-820
-920
-941
-898
-834
-715
-543
-352
-176
6
202
393
565
715
826
882
907
879
831
794
757
682
563
420
263
77
-97
-186
-213
-220
-229
-208
-169
-141
-71
75
282
508
736
937
1111
1235
1289
1277
1224
1142
978
733
475
218
-55
-326
-548
-698
-825
-942
-1007
-1019
-996
-941
-846
-708
-554
-414
-276
-153
-42
49
90
122
149
121
46
-62
-173
-307
-490
-665
-815
-968
-1122
-1242
-1281
-1218
-1113
-956
-728
-474
-220
20
262
527
770
967
1107
1164
1164
1106
1009
909
796
656
483
265
48
-153
-320
-395
-405
-389
-366
-335
-284
-237
-154
40
300
561
831
1086
1292
1407
1442
1428
1353
1211
998
710
401
109
-194
-473
-692
-844
-956
-1061
-1102
-1067
-1005
-919
-772
-579
-390
-230
-74
66
152
226
274
292
282
239
143
3
-146
-304
-496
-707
-869
-1043
-1206
-1290
-1269
-1160
-1002
-769
-498
-232
8
266
509
738
946
1108
1194
1167
1106
1008
868
713
563
366
123
-131
-369
-553
-665
-671
-642
-610
-539
-453
-376
-248
-15
284
581
867
1154
1366
1466
1488
1440
1319
1119
846
522
176
-144
-434
-700
-907
-1044
-1155
-1237
-1245
-1167
-1052
-916
-701
-442
-216
-4
205
387
496
547
571
558
499
395
245
57
-129
-340
-574
-793
-977
-1130
-1293
-1375
-1325
-1196
-1012
-739
-411
-74
240
546
855
1119
1347
1522
1600
1561
1431
1240
1013
768
522
260
-33
-323
-596
-826
-937
-922
-844
-755
-649
-517
-401
-274
-27
315
675
1022
1349
1611
1746
1761
1680
1504
1258
934
517
77
-314
-671
-1006
-1253
-1388
-1467
-1530
-1513
-1389
-1207
-993
-727
-412
-122
114
308
454
534
562
545
484
401
306
165
-30
-229
-429
-678
-936
-1140
-1318
-1493
-1581
-1520
-1338
-1066
-696
-272
122
482
827
1138
1394
1603
1740
1734
1588
1383
1145
884
637
386
88
-257
-580
-856
-1069
-1145
-1065
-924
-790
-625
-434
-258
-57
248
634
1002
1343
1639
1827
1875
1808
1651
1388
1043
625
148
-338
-753
-1084
-1356
-1530
-1595
-1602
-1577
-1462
-1232
-966
-702
-390
-37
271
511
708
844
874
828
744
619
462
284
61
-218
-489
-746
-1001
-1238
-1398
-1511
-1602
-1591
-1434
-1162
-819
-393
63
473
821
1146
1450
1655
1780
1861
1839
1648
1364
1068
758
449
141
-199
-558
-871
-1134
-1324
-1327
-1125
-863
-637
-414
-190
0
189
467
831
1169
1422
1615
1730
1717
1575
1358
1071
697
265
-193
-644
-1016
-1285
-1492
-1610
-1603
-1532
-1453
-1311
-1064
-781
-512
-214
106
359
534
661
741
731
641
513
351
147
-56
-248
-471
-679
-863
-1038
-1202
-1303
-1353
-1397
-1345
-1153
-854
-502
-51
430
816
1111
1377
1601
1724
1797
1832
1726
1458
1139
837
558
291
2
-314
-640
-907
-1099
-1167
-1032
-740
-446
-232
-50
130
297
450
665
946
1190
1339
1419
1433
1326
1117
880
589
214
-181
-560
-929
-1206
-1360
-1450
-1486
-1435
-1341
-1236
-1058
-777
-483
-228
40
285
457
564
633
631
523
343
167
12
-167
-336
-498
-685
-881
-1040
-1151
-1249
-1285
-1291
-1293
-1196
-943
-615
-241
197
598
904
1140
1366
1559
1686
1749
1722
1579
1293
962
676
450
196
-108
-406
-687
-910
-1037
-999
-791
-472
-188
-30
81
230
393
547
787
1107
1363
1486
1509
1456
1279
1023
751
448
113
-222
-527
-792
-975
-1079
-1141
-1183
-1186
-1145
-1081
-938
-679
-390
-119
121
316
440
489
482
430
319
158
13
-94
-201
-357
-529
-704
-927
-1110
-1200
-1243
-1271
-1244
-1148
-1022
-804
-477
-99
258
563
817
1002
1197
1386
1500
1546
1530
1409
1116
767
529
349
63
-258
-499
-732
-953
-1035
-900
-644
-359
-135
-56
-37
33
145
298
614
1007
1261
1352
1360
1282
1047
756
511
268
-20
-317
-551
-717
-861
-991
-1070
-1126
-1176
-1169
-1069
-855
-540
-215
39
238
392
455
437
423
394
282
153
100
84
28
-84
-243
-445
-719
-952
-1067
-1103
-1101
-1070
-1001
-886
-669
-380
-70
230
516
735
886
1078
1280
1435
1518
1516
1357
1047
751
542
314
14
-263
-499
-713
-864
-853
-654
-363
-100
18
15
0
36
130
339
708
1089
1312
1356
1307
1137
845
556
329
121
-108
-304
-461
-588
-701
-821
-942
-1055
-1109
-1075
-938
-667
-317
-8
182
292
355
316
232
187
141
62
5
-14
-53
-133
-258
-473
-742
-958
-1072
-1136
-1151
-1070
-954
-862
-755
-542
-259
-2
235
459
644
822
1001
1132
1253
1351
1304
1024
683
454
260
17
-214
-368
-544
-736
-823
-719
-458
-156
87
186
185
167
197
339
640
1016
1285
1386
1351
1190
878
535
302
146
-16
-186
-322
-453
-604
-744
-843
-927
-985
-981
-908
-733
-448
-135
108
255
315
291
225
198
194
150
80
35
-17
-125
-253
-394
-582
-806
-954
-990
-982
-946
-896
-845
-804
-704
-503
-234
77
347
529
676
852
1008
1096
1180
1242
1122
801
503
356
242
50
-148
-301
-470
-625
-655
-492
-191
113
276
276
237
252
320
466
770
1123
1321
1320
1225
1045
756
486
327
206
46
-114
-258
-424
-566
-661
-733
-803
-843
-821
-749
-584
-324
-78
50
93
94
45
-5
-6
-7
-75
-154
-199
-284
-391
-500
-630
-793
-927
-954
-917
-863
-842
-861
-901
-895
-770
-530
-191
144
400
520
599
741
853
917
978
1051
971
699
442
327
256
78
-129
-301
-440
-550
-551
-341
14
350
466
380
264
202
200
318
658
1082
1310
1282
1163
985
695
425
283
212
101
-33
-138
-231
-320
-426
-546
-655
-706
-699
-628
-435
-166
51
118
113
103
46
-29
-55
-60
-137
-229
-268
-286
-360
-449
-532
-656
-750
-793
-796
-815
-869
-917
-979
-986
-860
-595
-297
8
282
410
458
537
647
703
778
956
1012
825
575
446
372
214
33
-138
-302
-427
-444
-291
26
382
493
304
54
-51
-29
106
471
940
1227
1234
1115
958
727
491
362
325
294
232
119
-34
-191
-367
-555
-711
-774
-771
-727
-581
-326
-93
-30
-61
-98
-168
-257
-271
-224
-239
-275
-290
-282
-268
-277
-319
-444
-571
-644
-688
-711
-743
-793
-877
-925
-847
-606
-283
18
249
312
293
339
447
580
754
988
1090
930
671
510
435
315
139
-13
-117
-188
-183
-59
181
433
458
196
-104
-234
-187
9
410
941
1289
1303
1135
919
674
466
399
449
495
461
320
82
-166
-382
-611
-809
-884
-848
-763
-612
-377
-208
-215
-303
-359
-371
-361
-290
-171
-140
-198
-246
-274
-289
-295
-319
-419
-544
-634
-725
-835
-934
-977
-1005
-978
-817
-557
-279
-54
94
125
119
228
420
639
909
1189
1273
1057
737
512
382
257
140
52
-22
-85
-134
-88
81
272
284
65
-142
-159
-5
261
658
1114
1386
1352
1140
920
727
599
593
663
684
569
322
-28
-363
-588
-742
-833
-837
-781
-702
-590
-441
-310
-283
-330
-331
-290
-231
-155
-101
-108
-199
-282
-286
-244
-207
-237
-359
-523
-681
-823
-930
-992
-1039
-1057
-1010
-892
-714
-521
-343
-244
-201
-95
134
442
736
1026
1277
1312
1065
730
547
495
445
342
236
129
-21
-184
-261
-152
70
152
-5
-194
-196
-23
237
602
1034
1316
1317
1131
927
794
771
833
885
845
698
446
100
-238
-461
-596
-715
-813
-850
-823
-733
-593
-479
-444
-440
-410
-367
-311
-204
-86
-55
-114
-140
-105
-87
-114
-188
-326
-507
-660
-755
-838
-895
-905
-935
-997
-1006
-917
-787
-652
-512
-412
-304
-60
303
645
953
1265
1388
1170
825
683
759
849
867
792
571
225
-119
-313
-289
-99
52
-33
-257
-372
-284
-47
324
779
1123
1222
1139
1012
899
864
971
1120
1142
990
728
384
-5
-317
-506
-660
-809
-894
-900
-859
-782
-702
-700
-780
-830
-800
-693
-512
-305
-177
-161
-178
-145
-94
-71
-90
-151
-237
-313
-365
-433
-551
-731
-945
-1115
-1179
-1109
-943
-761
-669
-687
-668
-469
-97
331
769
1170
1365
1254
1010
912
1022
1177
1238
1150
901
518
114
-155
-203
-95
-34
-156
-384
-543
-528
-320
65
514
836
943
926
916
966
1105
1326
1503
1491
1268
925
535
165
-113
-293
-461
-667
-871
-1026
-1115
-1143
-1129
-1111
-1090
-1030
-920
-779
-611
-444
-332
-277
-200
-50
121
235
244
140
-32
-182
-275
-339
-412
-536
-751
-1014
-1206
-1256
-1197
-1069
-911
-786
-681
-500
-180
223
637
1037
1312
1349
1246
1224
1350
1496
1530
1409
1114
691
285
46
8
68
44
-185
-538
-817
-855
-642
-247
209
535
635
603
620
756
996
1307
1576
1650
1474
1144
772
435
190
30
-134
-390
-713
-1009
-1223
-1342
-1382
-1378
-1350
-1294
-1196
-1057
-892
-729
-604
-511
-384
-180
60
249
318
267
143
29
-37
-65
-117
-265
-526
-838
-1072
-1167
-1159
-1102
-1051
-1017
-979
-843
-529
-78
403
789
1011
1058
1026
1080
1302
1600
1778
1717
1409
948
510
264
273
404
455
280
-96
-486
-696
-632
-336
68
412
560
522
430
428
558
801
1083
1267
1260
1093
857
614
400
234
76
-121
-343
-535
-669
-767
-884
-1051
-1249
-1397
-1422
-1316
-1133
-956
-859
-853
-855
-764
-556
-275
0
187
245
216
174
131
74
-4
-118
-272
-442
-588
-701
-794
-862
-917
-966
-957
-814
-524
-168
184
457
591
608
626
766
1047
1379
1604
1590
1333
955
646
534
632
810
859
657
261
-143
-383
-382
-168
119
302
294
153
6
-28
110
374
642
814
856
789
663
541
446
364
268
167
76
5
-68
-192
-405
-685
-941
-1098
-1124
-1054
-958
-923
-978
-1061
-1092
-1020
-835
-581
-327
-163
-100
-89
-78
-49
-17
-2
-46
-155
-312
-475
-611
-700
-751
-798
-839
-840
-756
-575
-322
-36
214
381
469
529
617
751
917
1059
1119
1071
931
762
643
606
638
676
672
603
468
313
200
181
235
319
377
379
334
282
271
309
385
473
542
569
557
518
462
386
303
224
149
73
-25
-158
-323
-496
-648
-762
-832
-854
-853
-850
-850
-849
-838
-816
-759
-660
-534
-416
-333
-291
-293
-332
-399
-475
-553
-645
-749
-862
-953
-1007
-1021
-999
-943
-842
-698
-501
-255
19
285
504
667
789
889
993
1091
1171
1196
1146
1032
891
776
706
672
652
631
589
521
447
398
397
432
489
544
579
591
594
602
625
665
712
747
750
717
648
546
419
286
156
19
-132
-293
-453
-600
-720
-803
-857
-887
-899
-889
-856
-802
-734
-671
-620
-575
-532
-487
-450
-423
-426
-474
-574
-702
-836
-966
-1078
-1166
-1220
-1246
-1242
-1203
-1131
-1016
-864
-669
-439
-176
103
371
613
804
940
1024
1068
1100
1126
1141
1128
1068
969
841
721
632
591
588
588
568
516
454
405
393
428
492
565
625
666
691
703
723
744
758
748
706
629
514
377
227
63
-117
-308
-486
-629
-720
-769
-789
-804
-827
-841
-830
-775
-682
-578
-485
-435
-423
-441
-471
-495
-519
-550
-612
-698
-797
-897
-987
-1060
-1098
-1118
-1120
-1099
-1048
-956
-825
-653
-451
-229
3
225
442
643
816
944
1017
1040
1018
977
938
917
902
870
813
723
634
571
557
588
631
663
659
627
593
579
605
656
711
737
729
702
667
645
627
610
577
510
410
280
137
-21
-192
-361
-521
-646
-726
-755
-751
-734
-715
-699
-671
-622
-547
-463
-397
-364
-381
-429
-486
-531
-559
-582
-613
-668
-750
-845
-932
-997
-1041
-1059
-1058
-1032
-972
-879
-749
-590
-411
-229
-54
118
290
466
636
775
863
882
846
776
705
653
623
603
567
508
436
375
353
375
437
508
563
585
575
555
542
551
580
622
668
702
721
710
682
635
569
486
384
266
125
-33
-203
-368
-509
-609
-656
-661
-641
-606
-566
-521
-475
-420
-354
-291
-240
-214
-219
-253
-307
-372
-439
-499
-559
-619
-683
-751
-811
-864
-899
-914
-908
-877
-826
-747
-642
-505
-343
-170
3
168
329
487
636
763
850
882
858
792
705
621
554
506
466
424
377
332
303
299
331
382
439
481
499
497
486
483
508
563
638
708
746
739
691
613
519
417
310
184
34
-140
-322
-495
-637
-733
-779
-780
-744
-677
-587
-491
-398
-313
-237
-180
-140
-117
-113
-130
-174
-239
-324
-417
-506
-585
-649
-696
-737
-774
-806
-832
-839
-824
-784
-713
-609
-476
-324
-159
10
180
344
498
637
748
817
839
808
732
627
511
405
327
279
254
241
223
202
191
200
238
298
367
424
459
471
473
486
526
587
648
685
681
635
557
461
361
257
148
23
-116
-263
-408
-532
-625
-681
-690
-654
-581
-486
-385
-294
-221
-168
-137
-114
-99
-97
-117
-165
-238
-325
-412
-487
-542
-577
-604
-634
-669
-707
-736
-753
-751
-723
-663
-572
-448
-300
-136
36
203
360
494
602
683
731
751
735
686
605
498
382
277
200
152
126
119
118
124
137
166
215
282
353
412
453
473
483
495
516
542
565
575
561
517
451
360
250
128
-2
-134
-258
-367
-462
-533
-577
-586
-561
-502
-419
-323
-228
-147
-89
-46
-10
19
37
37
12
-40
-116
-204
-286
-354
-408
-453
-496
-540
-586
-627
-655
-662
-643
-595
-518
-418
-298
-165
-26
113
248
371
475
551
601
623
614
580
521
441
352
260
171
97
43
10
-3
-5
-2
6
23
57
110
183
265
344
409
453
475
486
489
484
469
430
360
257
129
-12
-148
-262
-348
-412
-456
-480
-489
-481
-452
-404
-332
-245
-149
-58
17
74
111
132
135
125
100
53
-13
-94
-181
-270
-355
-431
-499
-556
-602
-634
-648
-639
-602
-538
-453
-345
-223
-95
30
155
275
376
454
501
519
513
485
447
395
337
271
200
126
55
2
-36
-50
-41
-16
15
48
85
135
207
302
407
505
572
602
597
566
522
467
404
322
221
99
-35
-166
-279
-363
-421
-442
-433
-403
-363
-320
-275
-222
-155
-71
26
126
210
266
290
286
258
212
152
76
-12
-115
-228
-341
-451
-548
-627
-685
-714
-715
-685
-628
-550
-455
-347
-232
-118
-6
98
187
258
314
349
364
360
342
312
278
236
188
130
68
9
-48
-97
-137
-156
-155
-133
-85
-23
53
135
224
311
392
460
506
527
515
470
394
297
186
71
-41
-149
-246
-324
-382
-411
-407
-367
-307
-236
-163
-98
-40
20
88
163
238
301
340
353
341
313
273
221
161
87
-2
-102
-205
-305
-396
-473
-528
-556
-553
-517
-452
-370
-273
-171
-68
33
128
207
264
299
312
307
287
254
210
158
102
43
-16
-68
-113
-152
-183
-203
-213
-202
-176
-141
-89
-18
65
156
239
301
339
362
373
377
371
345
286
196
82
-46
-168
-269
-346
-395
-421
-423
-404
-366
-309
-240
-154
-61
33
127
215
294
355
393
407
405
394
379
362
336
292
226
138
38
-67
-168
-257
-330
-383
-416
-433
-435
-417
-378
-318
-242
-158
-67
19
89
144
180
196
190
171
145
112
74
26
-31
-95
-161
-218
-264
-290
-300
-291
-268
-236
-197
-151
-98
-37
31
107
176
241
289
320
334
328
306
271
229
180
125
66
-3
-78
-149
-201
-228
-228
-205
-168
-123
-70
-11
57
130
209
284
348
397
426
441
436
417
390
356
319
279
232
179
114
41
-38
-115
-184
-243
-288
-317
-334
-340
-334
-317
-289
-253
-209
-160
-108
-59
-23
-3
-2
-14
-36
-64
-98
-133
-168
-203
-244
-286
-327
-361
-379
-377
-356
-323
-277
-223
-171
-121
-74
-34
8
56
110
162
203
223
220
205
182
164
154
144
129
102
66
22
-22
-56
-77
-78
-57
-23
27
86
148
209
266
321
374
423
465
494
506
498
470
426
374
316
261
211
163
116
65
5
-57
-116
-162
-197
-212
-213
-206
-194
-181
-167
-153
-135
-114
-86
-58
-36
-25
-31
-56
-95
-142
-193
-241
-283
-319
-348
-372
-391
-403
-405
-395
-369
-327
-277
-224
-171
-125
-82
-41
-5
31
67
102
132
158
169
164
153
137
117
98
80
59
34
12
-13
-32
-40
-35
-13
28
81
143
211
274
329
374
409
436
454
464
458
437
397
341
280
218
161
111
67
25
-15
-50
-82
-106
-124
-133
-135
-129
-116
-99
-83
-67
-56
-51
-51
-60
-78
-97
-123
-158
-196
-241
-288
-336
-380
-414
-436
-445
-442
-427
-407
-383
-352
-319
-276
-222
-160
-99
-45
-2
28
47
62
76
87
93
97
93
84
70
53
33
17
10
15
34
64
99
133
169
207
245
289
335
377
417
449
467
474
469
454
437
419
396
368
336
293
248
203
157
114
77
47
26
17
16
17
19
20
18
15
14
9
0
-20
-52
-91
-134
-179
-222
-263
-304
-348
-391
-433
-471
-501
-523
-539
-549
-546
-538
-523
-498
-466
-427
-385
-342
-300
-260
-222
-185
-152
-124
-101
-88
-85
-89
-101
-117
-130
-137
-135
-120
-92
-50
0
56
115
176
237
298
354
401
442
476
504
522
532
532
527
522
518
512
501
489
468
444
419
392
364
337
313
290
273
265
261
263
273
282
295
307
310
297
266
218
153
78
-2
-79
-152
-219
-283
-346
-404
-458
-502
-533
-552
-563
-569
-571
-571
-569
-561
-553
-542
-522
-498
-468
-432
-394
-366
-342
-329
-327
-332
-343
-359
-379
-398
-413
-423
-418
-398
-361
-306
-237
-158
-71
21
114
205
290
367
435
490
530
549
551
545
529
515
502
487
471
454
436
415
395
378
360
348
346
354
374
403
441
478
517
550
576
586
579
556
516
458
383
297
200
96
-7
-109
-205
-294
-373
-443
-501
-547
-580
-598
-600
-593
-574
-548
-517
-482
-447
-415
-386
-363
-350
-342
-348
-366
-398
-443
-495
-548
-592
-624
-633
-626
-604
-567
-519
-462
-393
-312
-221
-116
-6
100
205
302
384
451
500
533
554
566
570
563
548
518
481
437
391
346
308
279
260
258
271
300
347
407
475
550
624
689
737
760
761
741
702
645
574
486
388
279
170
61
-44
-143
-233
-309
-369
-414
-445
-464
-472
-473
-466
-452
-432
-405
-376
-344
-316
-300
-300
-322
-365
-431
-510
-598
-686
-769
-841
-895
-932
-947
-942
-915
-866
-797
-707
-600
-481
-358
-237
-124
-16
81
167
241
299
343
372
389
397
400
394
382
370
352
333
315
301
294
300
324
359
413
479
556
639
724
804
871
923
959
979
983
969
935
882
807
715
609
494
376
265
164
75
2
-59
-110
-152
-191
-223
-248
-268
-280
-286
-289
-289
-290
-295
-310
-337
-375
-430
-497
-579
-666
-756
-843
-923
-994
-1051
-1091
-1117
-1123
-1108
-1069
-1007
-926
-826
-714
-596
-475
-358
-248
-150
-64
7
67
116
155
184
200
203
196
185
173
163
161
171
190
224
273
334
406
488
575
665
756
842
919
985
1037
1071
1089
1089
1067
1028
975
900
816
722
624
528
440
362
296
243
200
166
140
121
107
98
91
82
68
48
17
-28
-85
-154
-236
-326
-421
-518
-615
-710
-801
-887
-968
-1042
-1104
-1147
-1167
-1166
-1142
-1098
-1041
-971
-892
-804
-707
-606
-506
-413
-328
-257
-192
-142
-99
-70
-53
-49
-49
-55
-63
-67
-66
-56
-31
9
67
141
229
324
426
531
630
724
811
889
956
1010
1045
1058
1053
1028
985
931
863
787
708
628
551
480
418
366
323
291
272
264
265
273
281
286
287
277
255
218
166
100
20
-72
-173
-279
-392
-507
-622
-734
-837
-926
-999
-1052
-1085
-1098
-1090
-1068
-1032
-985
-923
-853
-781
-707
-639
-577
-520
-470
-427
-391
-363
-345
-335
-332
-334
-335
-336
-333
-323
-300
-266
-216
-149
-68
27
134
249
369
493
613
721
820
901
963
1003
1022
1023
1010
980
938
888
835
778
723
677
636
602
578
557
543
537
537
541
547
554
558
557
549
529
497
449
388
312
227
128
21
-94
-217
-340
-460
-573
-674
-759
-825
-874
-900
-909
-906
-889
-864
-830
-789
-746
-699
-656
-622
-595
-575
-567
-570
-581
-597
-611
-623
-632
-635
-635
-631
-617
-589
-551
-493
-420
-337
-240
-135
-28
80
188
289
381
464
532
584
617
629
627
614
592
565
537
513
493
481
477
478
483
490
504
523
547
576
605
632
651
663
666
660
644
617
579
531
472
404
328
244
158
71
-16
-95
-165
-224
-271
-306
-332
-350
-364
-374
-378
-380
-379
-376
-376
-378
-386
-397
-413
-434
-459
-486
-515
-542
-568
-593
-616
-634
-649
-652
-641
-612
-565
-504
-432
-353
-269
-187
-103
-24
50
119
177
221
253
267
266
257
241
222
207
199
196
198
210
223
242
266
293
324
358
395
433
471
503
529
545
552
554
550
536
513
483
441
388
329
265
199
135
75
19
-28
-68
-99
-118
-127
-129
-126
-120
-112
-105
-100
-101
-108
-122
-142
-163
-191
-222
-256
-293
-331
-369
-406
-443
-475
-505
-526
-537
-538
-526
-503
-470
-427
-380
-324
-266
-207
-148
-92
-44
-2
28
47
55
58
53
45
35
26
20
17
20
28
44
62
87
113
144
178
214
249
279
307
330
350
367
380
385
383
375
362
344
320
291
260
224
190
158
129
102
80
66
54
49
50
56
64
72
78
80
79
72
62
47
29
6
-19
-52
-89
-125
-163
-199
-231
-261
-287
-309
-326
-340
-345
-341
-331
-314
-292
-265
-234
-204
-172
-140
-114
-91
-75
-66
-60
-59
-61
-63
-69
-73
-79
-84
-86
-85
-79
-68
-52
-30
-7
21
53
87
121
153
183
208
225
241
247
248
243
233
220
203
184
162
140
117
95
78
66
58
54
54
57
65
75
89
102
115
126
137
147
154
158
152
144
126
103
77
46
13
-22
-56
-90
-121
-149
-172
-189
-199
-202
-198
-190
-175
-158
-139
-120
-99
-77
-59
-43
-34
-31
-36
-47
-61
-78
-95
-111
-124
-136
-146
-156
-161
-161
-158
-147
-134
-116
-92
-67
-40
-12
16
38
60
78
92
100
102
99
92
80
67
51
36
22
10
2
-1
-1
5
13
23
34
44
57
71
86
102
115
129
139
147
153
156
154
148
138
122
104
81
58
35
13
-7
-22
-33
-41
-43
-41
-37
-32
-26
-18
-8
2
10
17
20
22
21
15
5
-6
-19
-32
-44
-57
-69
-82
-94
-103
-108
-108
-104
-97
-85
-75
-61
-43
-24
-8
7
21
29
35
33
29
20
9
-4
-22
-39
-57
-74
-87
-97
-107
-112
-115
-117
-113
-107
-97
-85
-69
-57
-45
-30
-17
-6
7
21
31
41
48
50
51
48
44
38
34
29
28
30
34
40
51
66
84
103
122
140
161
178
191
201
205
207
202
195
184
170
155
137
117
98
80
60
44
28
15
5
-3
-10
-15
-17
-17
-16
-13
-12
-13
-15
-18
-23
-34
-47
-63
-81
-98
-113
-133
-152
-171
-190
-207
-218
-226
-232
-236
-237
-235
-227
-216
-204
-191
-179
-166
-153
-139
-126
-114
-101
-90
-82
-72
-67
-62
-57
-51
-43
-35
-26
-18
-7
8
27
49
75
101
126
152
178
202
222
238
249
256
258
255
248
237
223
208
195
180
168
155
146
139
133
129
126
123
121
120
121
122
125
124
118
110
100
87
71
51
29
5
-20
-46
-71
-95
-119
-141
-160
-177
-189
-198
-206
-210
-214
-214
-212
-206
-198
-190
-184
-176
-169
-163
-158
-155
-154
-151
-148
-145
-143
-140
-137
-132
-125
-114
-104
-91
-74
-55
-34
-9
17
42
66
90
112
134
151
166
177
186
191
193
191
185
177
168
157
143
128
114
104
93
86
80
74
71
70
68
69
72
73
76
79
78
76
73
66
56
43
29
15
0
-15
-30
-46
-62
-76
-89
-99
-107
-113
-119
-123
-125
-127
-127
-126
-123
-119
-116
-111
-108
-104
-101
-98
-98
-99
-99
-101
-104
-106
-107
-106
-104
-99
-90
-78
-64
-49
-32
-15
4
22
41
60
78
94
108
122
132
139
143
143
141
139
135
130
124
117
110
104
99
95
91
87
81
79
76
74
74
73
73
73
72
70
67
63
59
52
46
39
31
23
13
3
-8
-16
-26
-36
-47
-55
-64
-71
-76
-81
-86
-89
-91
-92
-92
-92
-91
-91
-94
-97
-101
-108
-114
-117
-122
-125
-125
-128
-128
-128
-126
-121
-112
-103
-91
-78
-65
-51
-36
-21
-5
9
22
35
46
55
61
66
72
77
80
83
83
84
84
81
77
74
70
66
64
65
66
67
68
69
70
73
73
74
71
69
66
65
64
62
59
56
52
48
44
38
34
30
25
20
16
14
9
8
5
0
-3
-5
-7
-12
-16
-22
-29
-35
-42
-48
-54
-57
-62
-65
-68
-70
-72
-74
-74
-72
-69
-65
-62
-56
-50
-45
-40
-34
-30
-24
-20
-13
-8
-2
1
4
4
6
6
7
9
7
6
5
5
5
4
4
5
7
6
5
3
2
0
-3
-5
-6
-7
-8
-9
-9
-9
-8
-9
-7
-7
-4
-1
3
5
8
12
14
15
18
19
21
20
20
22
24
25
25
25
24
21
17
14
8
6
2
-2
-3
-5
-7
-8
-8
-7
-5
-2
0
2
5
9
9
11
13
13
14
16
17
18
20
21
23
23
23
24
27
25
27
27
28
27
24
21
15
10
5
0
-5
-9
-14
-18
-23
-27
-32
-36
-37
-40
-40
-41
-41
-41
-40
-38
-35
-32
-29
-26
-21
-19
-14
-11
-10
-9
-9
-8
-7
-6
-5
-2
-4
-3
-3
-4
-3
-1
-1
2
5
9
11
12
12
11
10
8
10
9
11
9
9
9
9
11
11
11
12
10
12
12
14
16
18
20
22
23
27
30
33
35
36
36
36
34
31
27
22
16
11
6
-2
-8
-16
-22
-26
-32
-34
-36
-36
-37
-37
-37
-36
-35
-33
-28
-25
-21
-16
-13
-9
-7
-6
-3
0
1
1
0
-2
-5
-7
-8
-9
-9
-8
-7
-5
-4
-2
-1
1
1
0
3
5
8
9
11
11
12
13
12
10
9
6
4
2
1
1
1
2
4
8
10
12
16
21
23
28
32
35
37
39
39
38
36
32
27
21
14
7
-1
-9
-15
-21
-25
-30
-34
-37
-38
-38
-38
-37
-37
-35
-33
-32
-29
-24
-19
-17
-15
-14
-14
-13
-13
-12
-12
-14
-14
-16
-17
-18
-18
-17
-18
-18
-17
-14
-11
-9
-5
-3
3
7
11
15
17
18
18
17
16
15
13
11
10
8
8
9
10
11
12
15
18
21
25
29
34
38
43
46
49
51
52
53
54
54
51
48
42
35
26
19
12
6
-1
-7
-13
-18
-23
-26
-28
-28
-29
-29
-27
-25
-24
-23
-21
-22
-23
-22
-22
-21
-19
-19
-18
-18
-20
-21
-21
-20
-22
-21
-21
-20
-21
-21
-22
-23
-20
-20
-17
-15
-13
-10
-9
-7
-6
-6
-6
-5
-5
-6
-6
-8
-9
-10
-10
-9
-8
-5
-3
2
6
10
13
16
19
21
23
24
23
24
25
26
25
26
26
24
22
21
19
16
14
10
6
2
0
-3
-5
-6
-6
-6
-6
-5
-6
-6
-4
-3
-1
0
0
0
0
-1
0
0
2
1
1
1
1
0
-1
-1
-1
-1
-1
0
1
1
3
4
5
6
6
8
6
5
5
4
1
0
-3
-5
-8
-10
-11
-11
-10
-8
-8
-7
-5
-4
0
1
3
4
7
9
11
13
13
14
15
15
13
10
8
6
4
1
-1
-5
-8
-10
-11
-13
-14
-16
-17
-18
-18
-17
-18
-17
-15
-16
-15
-12
-11
-11
-10
-7
-4
-1
2
3
5
6
7
7
5
3
3
1
0
0
0
1
3
4
4
5
6
8
9
10
10
9
8
6
4
2
-1
-2
-4
-7
-9
-10
-10
-10
-8
-8
-6
-2
-1
1
3
7
10
12
16
19
20
23
23
23
22
21
19
19
15
13
10
7
4
1
0
-3
-6
-7
-8
-9
-8
-7
-9
-10
-10
-10
-11
-12
-11
-11
-10
-10
-11
-10
-10
-10
-9
-9
-7
-7
-6
-7
-7
-6
-5
-4
-2
-2
-1
0
-1
1
1
2
4
5
6
4
2
0
-2
-4
-7
-9
-10
-12
-12
-15
-16
-16
-14
-13
-13
-10
-6
-2
2
6
10
13
16
18
21
21
22
23
22
21
18
15
13
9
6
5
3
2
1
-1
-2
-2
-1
-1
0
0
-1
-2
-3
-4
-6
-5
-5
-5
-5
-6
-7
-7
-7
-7
-7
-9
-9
-8
-6
-4
0
4
7
10
14
15
17
19
21
22
23
23
23
22
19
15
12
9
5
2
-1
-4
-5
-7
-8
-9
-10
-10
-9
-9
-7
-5
-2
-1
0
2
4
3
3
3
1
0
-3
-4
-7
-9
-12
-14
-15
-17
-18
-20
-22
-22
-25
-25
-25
-23
-21
