2
2
4
7
10
12
11
11
13
9
4
1
-4
-7
-10
-13
-14
-15
-14
-13
-13
-12
-10
-8
-7
-7
-5
-2
1
5
8
10
13
12
14
15
16
17
19
21
22
19
19
17
14
9
4
-1
-3
-4
-7
-8
-7
-5
-4
-6
-6
-5
-4
-4
-5
-6
-3
0
5
7
7
9
10
9
6
3
1
-2
-4
-7
-10
-12
-14
-18
-21
-27
-29
-30
-32
-35
-38
-39
-37
-32
-28
-24
-21
-18
-14
-11
-9
-7
-1
2
3
3
3
3
4
1
-3
-7
-9
-12
-15
-18
-18
-17
-19
-19
-19
-19
-18
-16
-16
-15
-12
-8
1
9
15
22
29
34
38
40
40
42
42
41
37
34
30
30
29
26
23
22
25
25
23
18
19
19
17
14
14
14
16
14
10
10
14
19
22
20
22
22
22
20
16
12
7
3
-3
-9
-15
-19
-22
-24
-26
-28
-30
-30
-30
-31
-36
-37
-32
-28
-25
-24
-21
-14
-8
-3
0
5
13
18
17
13
10
9
5
-1
-6
-7
-5
-6
-10
-12
-12
-11
-15
-20
-22
-20
-20
-21
-23
-21
-17
-12
-9
-6
0
3
5
9
13
17
20
22
24
23
17
8
3
1
0
-4
-8
-8
2
11
2
-8
-7
0
-1
-13
-18
-6
5
11
4
4
21
31
28
19
20
31
32
25
21
24
29
26
15
10
6
2
-5
-12
-15
-17
-16
-19
-21
-26
-30
-32
-33
-33
-31
-29
-27
-24
-19
-14
-9
-8
-2
0
1
-1
-2
0
0
-3
-5
-5
-3
-4
-8
-11
-12
-12
-12
-12
-13
-10
-9
-9
-8
-7
-2
5
9
12
16
20
21
22
23
24
25
25
25
25
26
24
24
23
21
19
16
14
13
14
11
8
6
5
5
3
3
4
7
8
8
9
13
17
15
13
12
10
8
3
0
0
-1
-2
-6
-8
-8
-9
-12
-14
-15
-11
-13
-13
-13
-12
-9
-9
-10
-6
-3
-1
-1
3
6
8
6
8
7
9
8
6
3
1
0
-3
-9
-12
-13
-13
-18
-23
-25
-25
-26
-28
-30
-31
-29
-28
-28
-24
-20
-17
-15
-12
-7
-2
2
5
6
7
10
11
8
3
0
-1
-4
-6
-7
-10
-11
-12
-12
-10
-10
-10
-8
-6
-5
-3
0
5
8
11
10
11
13
13
13
11
11
10
11
10
7
7
6
5
3
2
2
4
1
0
1
3
5
8
10
13
14
17
19
22
22
24
26
26
27
28
28
26
26
24
21
17
15
10
5
1
-3
-6
-10
-11
-14
-18
-20
-22
-22
-23
-24
-22
-21
-19
-17
-13
-9
-6
-4
-3
0
2
5
8
8
6
6
7
6
5
4
5
4
1
-4
-7
-8
-7
-8
-12
-10
-7
-6
-7
-7
-5
-1
2
5
10
14
16
19
18
18
20
22
20
14
10
7
6
5
3
-1
-7
-10
-13
-13
-16
-14
-15
-19
-20
-19
-16
-14
-13
-13
-10
-8
-6
-3
-3
-3
-3
-2
-2
-4
-6
-9
-12
-12
-13
-20
-24
-24
-25
-26
-30
-28
-25
-23
-25
-24
-21
-14
-12
-11
-7
-1
6
8
9
14
20
24
27
27
32
37
38
36
36
39
42
40
38
35
32
36
36
34
32
31
29
26
27
29
27
26
24
24
25
26
24
20
15
14
10
6
4
-1
-7
-13
-18
-23
-28
-35
-38
-43
-45
-46
-50
-55
-57
-57
-57
-60
-59
-54
-54
-54
-50
-48
-46
-42
-36
-32
-29
-22
-15
-13
-12
-9
-5
-5
-1
2
0
1
1
0
2
6
7
3
2
7
9
9
9
9
13
15
20
22
28
30
31
33
39
43
46
47
46
51
53
53
53
51
53
50
45
43
43
41
35
29
25
26
25
19
15
17
13
7
2
-1
-2
-4
-6
-9
-9
-4
-10
-17
-12
-10
-13
-16
-17
-18
-24
-25
-27
-36
-33
-37
-43
-44
-48
-46
-45
-48
-49
-50
-45
-37
-39
-33
-34
-36
-24
-23
-24
-19
-13
-7
-10
-5
4
3
8
8
6
17
17
15
18
14
17
14
13
20
22
22
14
12
23
21
18
21
24
31
25
25
32
29
30
23
20
26
17
13
13
7
13
7
2
3
-2
-2
-9
-14
-6
-11
-17
-19
-21
-19
-24
-27
-25
-32
-27
-30
-34
-27
-29
-27
-24
-30
-17
-15
-18
-10
-12
-5
-2
-4
5
6
0
6
3
7
9
3
7
2
4
12
6
6
12
11
10
12
20
19
16
20
24
19
24
29
27
26
25
24
32
32
23
23
19
15
14
12
12
7
7
8
-4
-1
6
-2
0
1
-3
-2
-3
-1
-4
-11
-6
-12
-13
-7
-18
-19
-16
-20
-18
-18
-16
-15
-16
-17
-22
-19
-13
-21
-24
-18
-16
-14
-16
-12
-12
-16
-12
-11
-13
-4
-2
-3
-1
2
5
5
3
7
7
9
11
6
9
10
6
8
12
8
9
10
7
7
10
13
8
-1
8
8
2
10
5
7
14
5
4
11
10
9
2
6
10
-2
8
1
-11
2
-5
-17
-6
-11
-12
-15
-17
-12
-21
-13
-9
-25
-13
-11
-19
-5
-9
-9
-1
-4
4
3
6
15
7
17
22
14
23
21
17
24
22
24
19
18
27
12
14
25
14
12
14
6
8
4
0
-2
-11
-4
-10
-23
-11
-19
-24
-23
-37
-29
-24
-31
-29
-35
-31
-28
-40
-27
-23
-33
-20
-26
-30
-16
-20
-19
-18
-21
-10
-15
-11
-2
-7
4
5
-8
11
17
9
15
8
11
19
11
11
11
18
28
12
14
30
24
23
23
19
31
30
24
28
28
33
34
23
39
39
29
46
35
31
43
34
34
36
34
38
23
29
32
12
24
22
11
22
6
2
6
-7
-4
-7
-6
-13
-26
-12
-20
-39
-28
-39
-36
-29
-48
-39
-38
-45
-39
-55
-52
-43
-48
-40
-62
-55
-37
-62
-53
-54
-58
-37
-54
-55
-34
-49
-32
-34
-40
-16
-26
-18
-9
-22
3
1
-9
16
11
11
19
18
34
27
20
37
36
42
43
34
46
52
45
54
55
54
62
55
48
57
57
49
52
54
48
40
45
47
29
35
41
21
24
27
8
9
10
-4
-12
-16
-8
-16
-28
-19
-35
-27
-20
-47
-39
-31
-43
-40
-55
-41
-44
-70
-43
-56
-74
-40
-54
-57
-49
-49
-35
-57
-30
-21
-54
-16
-19
-41
-10
-24
-24
-4
-5
1
-4
17
27
9
36
43
24
50
57
40
51
68
60
53
63
63
61
58
58
51
49
55
46
40
45
34
29
43
30
18
38
36
17
38
39
15
23
34
15
-5
18
16
-19
1
5
-38
-16
-17
-50
-39
-32
-46
-64
-51
-53
-80
-63
-70
-109
-69
-60
-101
-94
-60
-70
-96
-61
-46
-77
-36
-22
-72
-41
-16
-54
-57
-20
-17
-59
-23
1
-58
-22
18
-30
-14
35
14
4
40
52
39
57
69
60
77
93
84
80
112
113
85
105
121
99
96
101
101
68
73
100
27
34
76
-7
0
37
-15
-33
6
-4
-56
-12
1
-64
-26
3
-39
-27
1
-23
-35
24
-26
-53
32
-14
-37
7
-10
-35
-24
-24
-67
-47
-29
-87
-69
-54
-81
-92
-88
-85
-105
-73
-84
-86
-14
-68
-91
-6
-40
-53
-5
6
19
32
24
35
56
42
44
54
57
39
48
60
8
34
60
-24
0
55
13
1
59
45
-18
49
61
-3
55
81
36
39
82
50
8
77
50
10
58
51
26
22
53
1
-45
38
-1
-63
-12
-29
-43
-44
-65
-58
-54
-57
-63
-52
-37
-40
-34
-26
-24
-23
1
11
-5
27
24
-1
21
28
19
5
22
29
-15
13
-4
-42
2
-19
-55
-42
-20
-37
-71
-22
-26
-69
-18
-45
-47
30
-9
-10
29
20
50
20
37
66
47
68
33
36
87
19
20
34
6
22
-33
2
-12
-55
-6
-48
-48
-41
-47
-31
-112
-17
16
-121
2
29
-47
-11
-11
19
-5
0
56
-47
4
84
-42
24
46
-38
35
11
0
23
-4
35
-12
0
32
-33
1
21
7
7
0
14
12
59
38
11
63
56
98
56
24
108
70
49
77
33
58
88
32
3
24
26
15
-23
-39
2
-38
-45
-16
-68
-70
-39
-69
-87
-52
-16
-50
-51
17
-17
-36
14
-6
6
20
-24
3
17
-14
-30
-27
13
-31
-61
-9
-54
-63
-19
-53
-73
-58
-10
-36
-115
-35
6
-95
-20
6
-53
55
11
-13
75
-10
31
73
9
53
59
58
34
35
85
31
16
51
37
30
1
23
30
-23
13
9
-35
3
-1
-12
-11
-14
36
11
-18
28
23
13
8
5
53
-21
-9
73
-7
-13
19
21
14
-41
17
-2
-91
-3
-3
-114
-97
-8
-57
-124
-81
-45
-56
-89
-83
-23
-29
-29
4
-10
18
7
42
40
11
94
46
58
74
20
126
31
-21
132
-4
-10
37
-1
49
-51
32
48
-90
55
23
-59
41
4
25
-9
14
69
-24
66
42
-18
86
48
49
45
19
62
22
53
40
-19
35
38
12
-41
-4
9
-48
-12
-58
-52
-59
-75
-17
-158
-62
34
-122
-13
-68
-72
34
-129
-26
20
-60
60
-44
-24
50
-74
32
14
-84
35
-8
-28
11
-51
4
-6
-66
-7
-56
-35
31
-88
7
48
-76
64
61
-23
99
26
49
131
13
61
109
86
82
19
109
134
-15
76
89
-29
84
31
-61
34
-59
-25
26
-79
-15
-51
-37
14
-121
-8
21
-97
7
1
-32
-31
-34
41
-36
-59
33
-8
-7
9
-34
23
-18
-49
5
-53
-7
-4
-78
-9
-27
-64
-27
-58
-22
-15
-53
-1
4
-50
-30
6
-20
-16
-3
2
31
30
59
51
21
71
56
-1
94
82
-26
61
86
-34
19
85
-4
-41
31
84
-33
-50
57
2
-34
22
24
-32
-11
60
31
-59
1
76
-6
-13
45
-13
-26
57
-28
-113
32
49
-119
-29
7
-63
-41
-50
-14
-114
-69
76
-105
-47
-25
-63
106
-88
-44
66
-53
93
-15
-22
90
-43
139
28
-65
129
-55
27
83
-69
74
38
-28
27
-42
48
16
-90
48
-2
-26
18
-78
45
59
-124
31
80
-65
-12
17
38
-25
-5
62
-80
26
139
-107
-14
90
2
19
-30
19
0
-1
57
-117
-10
53
-69
3
-70
-8
19
-63
33
-28
0
45
20
33
-106
46
99
-66
12
39
73
33
-5
63
-41
42
80
-68
63
51
-27
60
-65
-16
77
-72
42
16
-13
84
-57
30
49
-107
46
25
-52
62
-1
23
2
-15
39
-36
-26
49
-48
3
-2
-108
16
-2
-112
-6
-36
-36
-4
-64
-73
-64
16
-43
-126
-20
12
-58
-52
-5
-57
-82
118
-47
-122
24
37
49
-101
-44
84
-34
14
29
12
77
-53
95
39
-61
74
-10
14
70
25
50
-69
15
143
-70
-28
21
98
82
-40
76
61
21
36
-18
51
37
21
90
-52
49
84
-28
19
-50
62
49
-55
16
21
-3
-54
-94
40
-62
-10
5
-19
-3
-80
20
-98
-102
92
-74
-88
77
-37
-37
-80
-4
-3
-113
-16
14
-35
1
-31
-71
-21
8
-35
-12
-3
8
79
-29
14
98
-47
-18
91
54
22
-53
80
135
-39
32
54
-45
126
60
11
72
27
88
-27
65
75
-130
112
88
-72
77
-12
-17
-22
-2
54
-68
7
52
26
-38
-8
-46
8
-64
-26
69
-101
38
3
-67
-59
-80
61
-100
-68
44
-183
49
-85
-196
59
-138
-37
-1
-142
17
-120
-4
67
-246
48
-1
-123
117
-50
0
64
13
38
-46
12
121
-12
115
110
-17
196
12
35
98
12
159
35
123
90
-69
250
-8
-3
169
-45
87
105
2
10
-31
70
32
-109
53
8
-50
16
17
-86
-46
-37
-86
-9
-84
-101
30
-91
-74
-34
-26
-52
-119
8
-16
-172
-45
106
-212
-144
109
-86
-40
-96
-72
69
-53
72
-127
-113
225
-112
-7
34
-62
160
-11
69
-5
-31
207
-91
51
142
-98
154
14
89
7
-65
237
-71
9
95
-49
131
-15
44
36
-30
115
-45
87
-13
-68
193
-114
-3
100
-70
4
37
50
-87
-127
167
-2
-175
85
-96
-46
64
-166
-1
-36
-56
60
-182
19
15
-111
26
-121
31
25
-149
89
-64
36
77
-115
63
34
34
36
-20
96
-17
125
3
-90
157
-43
45
-50
11
161
-168
82
-1
-169
175
-172
-19
39
-154
174
-137
-33
70
-177
168
-33
-2
171
-160
176
67
-63
96
-82
133
5
58
136
-207
144
137
-225
45
33
-37
-16
-37
80
-124
-28
109
-236
-23
109
-133
8
21
-67
-38
-36
-5
-92
-44
39
-35
-2
66
-110
-49
125
-69
-55
86
-23
-22
87
-10
-111
-6
86
-73
-103
103
-19
-74
90
-12
10
54
28
-1
37
183
-43
4
155
-12
136
81
-36
87
104
94
-33
-11
147
-20
23
39
-94
75
26
-158
19
-21
-124
4
-20
-93
-87
38
-12
-123
1
19
-76
16
21
-27
17
4
33
-16
-26
-4
17
47
-90
-12
29
-133
21
5
-131
-46
-33
7
-141
-115
30
-131
-66
54
-110
-82
78
8
-81
-18
55
15
30
-1
18
101
60
49
17
85
124
70
110
17
115
204
-37
58
145
16
21
29
96
14
-28
66
13
-35
-14
22
-20
-4
74
-42
-34
75
-22
-11
-57
-1
83
-69
-14
-13
1
-8
-133
-67
-7
-112
-72
-20
-96
-77
-18
-150
-75
-44
-200
-13
-80
-68
97
-82
-60
60
-29
-42
-73
151
100
-74
206
55
-88
121
115
-65
3
215
127
-47
5
60
-9
-61
20
34
-35
17
91
-25
-210
42
40
-152
-3
87
7
-29
94
29
-146
34
101
-1
52
55
49
26
97
8
-54
11
27
82
-32
10
93
-71
38
21
-133
-34
-14
59
-45
-81
27
-87
22
-26
-89
33
-41
38
61
-19
12
-38
88
-68
3
164
-112
26
147
7
-72
-16
119
-107
-71
78
-82
18
7
-20
-36
-62
68
-87
-53
77
-32
112
-58
-36
97
-108
101
16
-64
122
8
42
-46
-32
-1
-122
101
-22
-83
122
-80
-18
-16
-175
-19
15
-59
-54
13
-5
-96
20
-114
-131
100
-58
-72
95
28
-101
70
56
-269
93
182
-241
105
198
-143
27
111
3
-38
51
117
-64
71
101
-52
43
-53
5
133
-52
-6
136
53
-7
93
30
-70
147
100
-93
86
121
-44
19
108
-45
-55
127
21
-71
41
36
-66
-39
73
-115
-104
101
-27
-106
-38
27
-20
-62
-42
-101
-62
35
-45
-86
-4
1
-53
-26
-20
-73
-31
6
-5
-5
20
18
-72
-34
39
-95
-35
132
18
-116
11
76
-98
-86
83
-22
-76
155
10
-120
60
23
-69
-95
34
37
-71
104
8
-27
12
-110
136
29
-125
128
112
-13
-19
144
55
-160
255
196
-265
215
241
-146
27
112
59
-83
138
182
-181
100
146
-166
57
46
9
11
-37
88
-107
-54
71
-121
-47
28
-83
-95
-28
-13
-104
-32
20
-42
-86
-11
7
-97
32
-20
-6
86
-78
22
-31
-84
121
-53
5
60
15
91
-74
27
35
-73
100
18
-69
72
30
-70
-58
83
-22
-56
92
-14
-23
74
41
-114
-69
160
-86
-133
190
-55
-138
78
25
-186
-25
188
-185
-104
285
-89
-215
107
33
-126
-17
175
-133
-141
277
-111
-177
138
-43
-19
28
46
-17
-98
72
-172
-49
165
-181
-10
180
-60
-119
16
-54
-154
85
151
-107
-16
170
-61
-155
101
34
-128
113
188
-45
-18
33
-17
53
39
-4
85
110
-44
2
67
-60
68
285
9
-189
269
35
-286
195
218
-155
-47
256
-37
-293
159
139
-231
110
188
-188
-165
172
29
-229
33
168
12
8
-51
-119
-33
-7
-5
-31
-27
23
91
-68
-257
-19
63
-113
16
83
-50
-23
81
-59
-164
58
69
-87
104
109
-66
50
108
-47
-84
150
98
-115
158
158
-188
-46
158
-88
-131
125
58
-41
46
88
-65
-109
237
105
-158
47
38
-11
-44
-83
-71
-139
-27
-63
-263
-78
-18
-7
75
-33
-69
2
21
-79
2
71
21
95
54
-71
-60
0
-22
-47
97
30
-55
18
-144
-116
5
-103
-35
135
15
-106
-6
-4
-129
40
156
-30
112
295
34
-106
98
129
1
111
159
61
116
79
-91
-60
49
27
62
115
24
4
8
-132
-125
1
-2
-28
26
72
-28
-119
-66
-75
-45
-6
27
90
-6
-3
-10
-153
-114
46
61
-44
48
96
-119
-119
16
-153
-216
41
6
-148
-20
-15
-136
-97
-40
-90
-108
79
129
8
44
30
9
12
-9
127
115
67
142
110
41
-16
39
31
-6
133
123
27
103
141
54
20
72
71
65
136
119
53
147
171
4
-10
31
-39
4
72
38
3
15
8
-121
-162
-62
-50
-55
-2
22
-65
-137
-113
-156
-204
-112
-37
-36
1
0
-113
-162
-122
-124
-73
30
33
20
16
-64
-152
-143
-76
-84
-44
32
-22
-65
-97
-183
-194
-121
-69
-84
-47
-16
-65
-27
-37
-43
3
42
123
110
101
115
95
105
87
101
101
92
144
94
68
92
85
114
117
109
112
109
132
129
117
158
157
97
102
94
80
119
134
131
111
85
112
60
19
60
43
52
72
77
63
-5
-12
-16
-100
-76
-10
-51
-42
-47
-130
-192
-209
-217
-232
-186
-151
-196
-215
-277
-399
-383
-318
-271
-155
-80
-78
-120
-202
-244
-278
-205
-98
-64
-9
-46
-106
-138
-270
-263
-151
-84
22
105
198
170
86
103
43
74
207
290
368
359
329
282
185
217
289
345
393
420
474
390
298
298
244
245
282
326
362
331
332
287
218
212
210
239
238
201
188
110
10
-41
-75
-145
-198
-165
-211
-313
-311
-339
-427
-465
-470
-487
-531
-544
-537
-598
-623
-620
-690
-751
-760
-753
-767
-754
-711
-704
-709
-663
-622
-519
-302
-180
-23
176
269
324
371
465
517
626
809
784
826
921
730
558
541
544
479
467
519
349
206
185
52
45
213
364
433
531
679
674
690
794
852
936
1017
1055
1004
848
665
428
195
23
-88
-169
-332
-481
-627
-852
-995
-1033
-1036
-1020
-962
-897
-938
-949
-868
-847
-796
-682
-578
-520
-521
-497
-521
-597
-566
-516
-547
-627
-682
-738
-906
-915
-651
-419
-168
110
241
252
263
340
340
430
817
1036
1025
1044
959
697
405
328
350
390
631
728
526
311
100
-135
-241
-14
355
623
872
992
884
729
640
656
783
1025
1233
1251
1078
733
335
-28
-273
-302
-227
-193
-264
-420
-675
-975
-1107
-1093
-1003
-772
-533
-445
-471
-532
-643
-771
-721
-534
-407
-353
-341
-407
-588
-780
-890
-950
-966
-922
-882
-965
-982
-790
-597
-433
-216
25
169
319
617
735
789
1049
1158
1097
992
878
784
627
578
491
394
413
259
73
-156
-378
-331
-205
-51
169
447
615
539
626
776
792
1017
1322
1407
1334
1276
1105
673
410
312
64
-97
-136
-334
-680
-892
-1000
-1194
-1181
-955
-862
-807
-648
-561
-640
-600
-421
-359
-281
-115
-37
-92
-134
-188
-345
-409
-424
-528
-616
-702
-846
-1028
-1113
-1124
-1180
-994
-686
-449
-191
14
236
424
691
934
967
1144
1285
1234
1094
874
798
638
480
387
191
159
75
-139
-320
-441
-369
-310
-180
127
347
518
598
658
810
939
1149
1375
1537
1580
1434
1200
867
547
329
138
-51
-216
-398
-687
-1004
-1218
-1318
-1308
-1168
-985
-858
-734
-615
-590
-585
-482
-357
-275
-174
-68
-67
-170
-267
-329
-408
-532
-643
-759
-919
-1063
-1113
-1141
-1220
-1093
-799
-637
-472
-176
122
399
809
1180
1225
1204
1271
1137
906
826
784
691
595
448
102
-207
-290
-410
-519
-448
-266
-66
57
187
329
505
715
875
1134
1402
1529
1606
1611
1485
1252
1064
841
518
273
23
-294
-569
-819
-1064
-1265
-1317
-1314
-1324
-1148
-954
-841
-695
-530
-392
-357
-258
-119
-69
5
93
115
-9
-140
-213
-353
-479
-572
-655
-792
-924
-1038
-1280
-1372
-1266
-1104
-833
-458
-42
140
356
794
1054
1287
1507
1586
1547
1406
1304
959
661
686
469
183
2
-161
-316
-544
-592
-676
-662
-330
-187
-63
241
526
675
747
1077
1325
1400
1632
1709
1595
1389
1116
803
384
86
-187
-525
-758
-1042
-1329
-1557
-1657
-1589
-1541
-1353
-1080
-851
-634
-440
-271
-255
-174
-7
17
74
215
270
119
-64
-163
-371
-523
-565
-620
-694
-855
-1008
-1253
-1440
-1452
-1407
-1053
-555
-149
187
506
923
1150
1352
1647
1686
1737
1826
1715
1332
957
848
509
134
61
-91
-229
-278
-385
-614
-668
-354
-258
-168
297
636
760
903
1124
1183
1150
1363
1466
1371
1272
1068
739
293
-62
-361
-726
-942
-1108
-1291
-1480
-1553
-1422
-1396
-1310
-1059
-829
-603
-359
-97
-96
-134
48
38
-23
62
115
-10
-212
-254
-439
-687
-682
-754
-804
-836
-987
-1167
-1364
-1350
-1377
-1226
-653
-249
189
594
794
1004
1179
1531
1632
1629
1864
1695
1365
1016
671
439
120
49
-31
-163
-91
-249
-418
-460
-392
-172
11
434
825
956
1087
1080
1096
1129
1174
1345
1364
1253
992
612
225
-244
-539
-715
-954
-1114
-1233
-1362
-1487
-1516
-1410
-1282
-1050
-709
-479
-318
-154
-101
-108
-111
-59
14
10
5
-17
-117
-259
-406
-462
-531
-662
-653
-640
-821
-1067
-1202
-1293
-1421
-1257
-756
-395
-83
388
754
912
1121
1566
1745
1670
1837
1854
1479
1084
849
495
55
28
8
-278
-248
-132
-380
-629
-442
-161
-80
290
780
924
1054
1184
1119
1045
1147
1265
1253
1297
1196
805
438
69
-362
-686
-865
-1011
-1145
-1221
-1321
-1383
-1310
-1243
-1137
-840
-523
-345
-175
-28
-66
-147
-138
-125
-172
-173
-136
-208
-327
-483
-680
-752
-744
-771
-793
-816
-936
-1173
-1315
-1329
-1352
-1218
-816
-341
72
463
801
977
1158
1511
1774
1816
1866
1886
1629
1192
809
499
269
199
141
-66
-129
-83
-257
-478
-422
-152
25
233
625
861
891
906
888
831
820
954
1056
980
868
626
253
-69
-316
-539
-772
-841
-844
-961
-965
-929
-983
-974
-784
-528
-400
-171
37
-49
-139
-181
-238
-276
-224
-166
-250
-189
-171
-408
-531
-571
-638
-723
-701
-608
-793
-980
-1092
-1308
-1395
-1339
-983
-547
-209
259
588
769
936
1200
1494
1482
1478
1557
1384
1104
795
485
208
77
60
-163
-261
-88
-146
-336
-289
-46
95
211
520
715
796
923
932
847
854
950
948
909
925
751
444
223
-24
-309
-470
-536
-687
-821
-822
-881
-923
-798
-681
-588
-408
-253
-269
-276
-159
-201
-226
-85
-44
-65
-43
14
-68
-208
-221
-293
-354
-358
-510
-636
-768
-1036
-1258
-1356
-1331
-1377
-1226
-749
-425
-65
300
476
711
1048
1394
1494
1511
1599
1428
1153
824
397
215
163
46
-156
-312
-251
-304
-473
-555
-468
-200
-53
130
438
591
640
636
631
653
740
912
980
995
936
671
450
299
44
-201
-312
-347
-472
-587
-608
-698
-752
-739
-677
-513
-382
-280
-219
-195
-164
-163
-86
16
75
129
150
179
128
-29
-150
-290
-455
-585
-684
-738
-914
-1152
-1368
-1549
-1599
-1575
-1259
-781
-371
102
496
742
902
1165
1469
1517
1536
1594
1493
1212
751
338
39
-153
-281
-436
-468
-369
-417
-638
-734
-564
-380
-253
74
428
618
712
742
755
819
919
996
1138
1249
1131
937
759
465
165
46
-79
-270
-348
-443
-609
-658
-655
-760
-717
-506
-437
-368
-190
-123
-176
-128
-6
54
134
225
280
306
190
-46
-186
-301
-488
-641
-750
-917
-1190
-1428
-1614
-1784
-1787
-1524
-1093
-650
-221
153
386
640
998
1232
1346
1475
1473
1305
1134
832
361
56
-41
-264
-550
-567
-492
-545
-669
-750
-659
-457
-295
-93
248
549
632
680
815
894
948
1051
1187
1321
1334
1227
1076
890
622
348
212
83
-121
-282
-394
-514
-666
-763
-728
-659
-614
-554
-452
-342
-281
-196
-18
141
202
258
389
450
303
125
41
-130
-390
-555
-669
-889
-1203
-1476
-1746
-1983
-2001
-1884
-1629
-1164
-670
-320
-30
384
757
1043
1404
1599
1586
1640
1677
1365
818
536
370
32
-197
-294
-410
-472
-552
-749
-856
-661
-488
-422
-61
355
505
631
835
939
1005
1245
1504
1673
1808
1757
1535
1309
987
585
343
171
-169
-523
-751
-986
-1199
-1311
-1374
-1340
-1145
-961
-868
-680
-487
-380
-180
96
272
365
506
610
527
365
182
-51
-306
-603
-864
-1071
-1330
-1708
-2044
-2203
-2370
-2393
-2044
-1584
-1077
-475
-43
242
714
1270
1575
1836
2083
2029
1955
1853
1381
860
677
504
118
-149
-290
-428
-495
-655
-835
-724
-483
-377
-170
221
490
657
889
1129
1349
1618
1856
2053
2225
2186
1971
1774
1499
1028
600
292
-73
-489
-859
-1171
-1416
-1591
-1714
-1665
-1495
-1375
-1247
-1032
-781
-569
-344
-63
206
386
460
537
589
467
235
12
-252
-661
-1021
-1229
-1520
-1880
-2171
-2406
-2556
-2583
-2441
-2133
-1612
-969
-472
36
625
1074
1454
1829
2086
2111
2111
2152
1867
1370
976
657
331
-5
-311
-558
-623
-615
-793
-873
-650
-480
-419
-139
305
614
896
1261
1529
1718
1948
2142
2302
2432
2377
2153
1918
1568
1012
495
72
-401
-851
-1193
-1473
-1683
-1803
-1878
-1830
-1616
-1417
-1222
-880
-515
-271
-5
335
561
625
661
678
595
452
243
-68
-411
-792
-1232
-1596
-1861
-2180
-2488
-2603
-2650
-2710
-2503
-2049
-1572
-961
-288
274
834
1464
1931
2188
2415
2418
2228
2173
1974
1432
1014
816
431
-103
-438
-646
-787
-797
-861
-881
-639
-417
-356
-119
302
626
941
1400
1796
2034
2254
2419
2499
2496
2348
2088
1785
1362
769
164
-347
-850
-1372
-1777
-2011
-2135
-2187
-2128
-1954
-1765
-1571
-1294
-919
-512
-119
264
558
731
795
756
684
570
342
33
-275
-645
-1143
-1597
-1934
-2264
-2548
-2710
-2755
-2755
-2645
-2365
-1974
-1381
-693
-52
614
1249
1770
2193
2495
2585
2506
2441
2268
1903
1528
1180
808
378
-81
-461
-636
-641
-704
-768
-613
-384
-253
-74
262
638
983
1361
1750
2102
2389
2532
2559
2556
2460
2210
1894
1556
1087
491
-98
-639
-1147
-1599
-1940
-2133
-2191
-2178
-2093
-1915
-1687
-1459
-1167
-770
-377
-45
259
506
620
606
516
365
165
-107
-449
-801
-1140
-1506
-1870
-2161
-2383
-2559
-2629
-2583
-2466
-2248
-1890
-1435
-889
-285
286
838
1397
1900
2287
2552
2622
2485
2305
2058
1654
1249
954
651
296
-44
-351
-531
-563
-608
-635
-455
-189
-39
146
477
814
1120
1456
1769
2020
2204
2266
2243
2203
2067
1763
1405
1041
575
31
-495
-975
-1414
-1781
-2027
-2114
-2074
-2005
-1905
-1703
-1459
-1239
-965
-586
-202
122
388
561
623
584
438
220
-2
-253
-573
-875
-1147
-1463
-1759
-1933
-2047
-2142
-2153
-2065
-1897
-1641
-1322
-981
-531
-16
445
883
1353
1790
2097
2291
2318
2198
2087
1939
1660
1317
1026
754
443
157
-73
-208
-243
-276
-312
-247
-106
-8
77
278
552
802
1030
1236
1400
1503
1516
1490
1485
1436
1235
955
676
326
-121
-578
-975
-1307
-1568
-1739
-1812
-1787
-1733
-1682
-1570
-1384
-1183
-948
-656
-354
-93
112
249
291
245
123
-50
-216
-390
-590
-775
-926
-1093
-1261
-1357
-1379
-1378
-1344
-1265
-1143
-914
-603
-297
0
341
686
955
1206
1468
1698
1864
1890
1741
1574
1462
1271
966
712
564
409
235
91
30
80
145
151
174
282
373
398
487
662
810
901
976
1042
1047
974
866
764
651
487
275
78
-123
-394
-718
-985
-1162
-1292
-1360
-1319
-1201
-1093
-1025
-956
-861
-763
-656
-516
-329
-164
-87
-81
-113
-218
-394
-570
-707
-817
-939
-1046
-1113
-1149
-1163
-1159
-1084
-949
-809
-666
-495
-324
-149
55
263
475
705
906
1047
1178
1288
1304
1273
1235
1132
1021
957
875
718
582
493
388
312
300
332
433
567
627
620
625
639
609
587
613
639
648
625
560
471
375
252
100
-41
-174
-321
-456
-564
-657
-748
-812
-835
-821
-785
-747
-699
-635
-569
-515
-451
-377
-308
-276
-286
-313
-353
-424
-527
-628
-714
-803
-883
-940
-979
-1007
-1008
-953
-834
-671
-503
-339
-184
-65
17
91
197
345
497
641
784
929
1017
1029
1008
982
953
898
814
745
701
629
519
438
401
369
343
340
362
434
547
638
685
709
703
664
614
553
475
413
366
310
248
186
101
-30
-203
-384
-524
-612
-681
-734
-745
-730
-715
-696
-677
-666
-646
-610
-557
-484
-392
-313
-262
-237
-250
-299
-365
-430
-505
-587
-656
-713
-751
-772
-787
-783
-754
-693
-603
-495
-371
-240
-117
-14
79
163
241
337
453
554
665
786
865
875
854
830
781
724
636
499
380
310
247
193
186
200
216
268
339
394
459
542
602
637
666
663
632
591
509
372
254
176
98
25
-36
-105
-192
-278
-364
-444
-495
-514
-506
-459
-391
-336
-294
-264
-255
-254
-232
-192
-143
-103
-96
-112
-145
-223
-346
-471
-578
-672
-749
-801
-826
-821
-790
-738
-669
-587
-488
-377
-253
-124
2
118
209
279
323
343
374
434
475
487
489
483
460
415
365
312
263
213
147
81
60
89
135
198
284
388
482
548
583
600
628
661
663
639
603
539
421
280
143
15
-95
-184
-245
-273
-278
-287
-315
-340
-353
-358
-343
-296
-227
-159
-105
-65
-42
-43
-63
-82
-96
-103
-110
-124
-170
-242
-327
-425
-520
-603
-662
-694
-697
-673
-644
-596
-505
-396
-295
-197
-91
14
106
170
207
239
272
289
278
251
230
209
179
140
105
80
53
32
15
4
5
9
13
44
116
213
321
448
574
658
704
709
680
648
623
584
527
463
371
246
108
-30
-161
-253
-293
-294
-258
-207
-167
-144
-132
-121
-104
-59
5
71
139
189
197
161
104
28
-48
-102
-145
-188
-233
-295
-375
-469
-558
-626
-655
-647
-625
-588
-518
-428
-341
-248
-148
-42
56
147
217
270
303
295
252
194
132
51
-23
-62
-90
-141
-194
-229
-257
-266
-246
-203
-137
-55
20
77
161
284
401
507
608
674
683
650
588
505
427
351
256
156
66
-43
-172
-287
-377
-428
-421
-358
-267
-150
-34
53
119
173
210
239
288
345
390
407
377
298
189
55
-94
-215
-296
-358
-406
-446
-486
-528
-559
-573
-556
-500
-415
-306
-172
-33
85
187
276
344
378
375
352
326
285
210
128
28
-126
-295
-423
-522
-590
-599
-582
-560
-492
-398
-329
-236
-96
20
129
284
420
536
693
816
815
780
752
636
480
365
233
103
45
-38
-200
-322
-402
-515
-563
-488
-396
-282
-87
101
235
372
470
490
514
556
545
535
564
526
412
286
130
-64
-227
-359
-476
-527
-525
-534
-532
-497
-492
-490
-431
-339
-230
-82
76
195
294
353
358
357
347
273
188
147
94
6
-111
-285
-470
-601
-715
-812
-792
-688
-592
-474
-337
-253
-174
-33
97
212
376
506
585
720
811
724
590
498
341
139
-10
-136
-230
-255
-314
-451
-533
-545
-574
-558
-423
-240
-39
205
436
605
729
807
830
832
811
755
698
641
533
356
143
-76
-282
-466
-621
-713
-731
-724
-704
-653
-581
-502
-392
-259
-129
21
195
349
475
570
586
542
509
439
305
174
65
-59
-193
-335
-521
-687
-770
-870
-969
-936
-799
-626
-390
-130
45
182
368
506
598
748
881
945
1026
1060
897
650
459
213
-109
-350
-503
-618
-651
-668
-773
-852
-818
-784
-751
-562
-249
62
380
696
907
1001
1049
1042
978
912
848
730
574
396
134
-201
-492
-719
-939
-1098
-1129
-1090
-1034
-939
-832
-715
-540
-330
-127
123
409
622
750
837
840
756
671
581
442
302
170
-10
-210
-416
-693
-961
-1100
-1174
-1213
-1102
-850
-582
-279
48
302
536
815
1042
1231
1484
1646
1632
1626
1570
1257
840
510
154
-227
-508
-778
-1018
-1095
-1184
-1388
-1454
-1326
-1211
-1030
-644
-203
200
609
921
1124
1324
1445
1436
1421
1383
1189
914
618
212
-261
-682
-1060
-1373
-1555
-1684
-1774
-1734
-1629
-1555
-1404
-1134
-836
-491
-71
310
611
889
1079
1131
1123
1089
991
847
681
456
195
-58
-337
-678
-1004
-1237
-1412
-1539
-1546
-1408
-1169
-831
-388
57
444
840
1225
1538
1811
2022
2089
2106
2145
1999
1593
1152
754
293
-182
-572
-899
-1108
-1200
-1352
-1526
-1514
-1378
-1258
-1006
-545
-40
439
895
1238
1483
1692
1778
1752
1715
1613
1369
1057
675
156
-399
-893
-1346
-1700
-1903
-2039
-2097
-2035
-1955
-1871
-1650
-1324
-985
-571
-99
270
556
826
980
999
1010
1002
896
734
541
251
-74
-355
-686
-1080
-1354
-1487
-1641
-1732
-1589
-1317
-1028
-593
-61
388
849
1406
1873
2205
2451
2480
2371
2357
2239
1798
1320
987
558
3
-491
-913
-1219
-1378
-1532
-1660
-1573
-1370
-1221
-981
-545
-65
369
800
1224
1588
1837
1962
2003
1940
1722
1397
1030
607
115
-420
-949
-1387
-1736
-2066
-2295
-2325
-2268
-2202
-2021
-1716
-1393
-1035
-634
-247
106
407
638
827
970
1004
969
906
763
538
277
-11
-314
-587
-884
-1201
-1429
-1599
-1761
-1761
-1535
-1201
-774
-249
236
667
1194
1724
2073
2289
2409
2422
2404
2304
1985
1571
1229
846
367
-76
-433
-671
-790
-926
-1077
-1094
-1018
-964
-807
-459
-44
365
754
1058
1296
1513
1623
1627
1630
1555
1306
986
640
179
-353
-832
-1243
-1566
-1777
-1934
-2016
-1983
-1928
-1875
-1705
-1428
-1139
-808
-459
-225
-60
120
237
296
383
433
408
348
235
40
-174
-362
-605
-894
-1116
-1295
-1480
-1551
-1412
-1169
-861
-449
-36
298
726
1261
1691
2000
2203
2198
2119
2097
1888
1485
1197
968
618
273
-30
-314
-442
-490
-642
-726
-620
-524
-451
-252
34
339
650
882
1045
1232
1357
1364
1341
1261
1055
790
493
140
-243
-628
-978
-1244
-1457
-1630
-1683
-1623
-1536
-1417
-1247
-1059
-846
-593
-366
-204
-69
22
62
136
225
240
215
188
75
-117
-242
-335
-523
-703
-818
-1026
-1287
-1415
-1511
-1551
-1267
-777
-372
16
426
720
1047
1473
1700
1752
1903
2010
1893
1653
1309
895
588
371
113
-98
-170
-187
-258
-399
-507
-495
-403
-258
-17
290
577
768
819
833
939
1055
1103
1164
1177
1022
759
445
49
-332
-611
-830
-970
-1040
-1167
-1308
-1326
-1299
-1277
-1147
-915
-681
-458
-300
-263
-269
-251
-231
-174
-55
48
76
37
-88
-239
-318
-349
-390
-438
-522
-730
-991
-1178
-1267
-1202
-901
-430
11
298
483
701
995
1303
1504
1558
1608
1696
1607
1228
809
524
274
70
-36
-139
-170
-77
-99
-239
-210
-67
20
193
483
720
897
994
919
815
825
835
807
795
710
492
222
-97
-458
-752
-936
-1049
-1086
-1084
-1132
-1178
-1146
-1064
-946
-759
-527
-313
-156
-92
-142
-246
-307
-312
-289
-230
-163
-169
-277
-419
-541
-609
-600
-563
-528
-521
-632
-840
-1016
-1124
-1107
-793
-303
90
403
675
851
1063
1321
1376
1343
1473
1582
1476
1255
927
511
201
42
-76
-116
11
199
250
170
135
181
256
418
684
948
1150
1230
1075
837
736
672
562
546
541
337
35
-256
-605
-929
-1068
-1089
-1064
-974
-931
-984
-976
-879
-814
-702
-452
-218
-108
-73
-150
-352
-518
-576
-589
-560
-496
-490
-578
-686
-752
-794
-796
-700
-584
-585
-653
-740
-889
-931
-720
-438
-127
294
571
644
866
1174
1320
1451
1511
1353
1299
1316
998
605
440
224
-3
-59
-156
-169
108
281
235
341
497
551
736
1003
1157
1308
1398
1243
1033
940
813
637
548
423
154
-125
-360
-654
-944
-1061
-1071
-1089
-1030
-922
-925
-914
-777
-682
-612
-420
-238
-165
-128
-187
-397
-601
-683
-708
-715
-668
-619
-689
-808
-873
-928
-956
-822
-597
-490
-539
-639
-755
-868
-829
-602
-270
164
573
749
819
1011
1144
1076
1048
1139
1192
1231
1183
823
369
162
0
-182
-109
118
313
538
614
442
380
511
649
885
1211
1384
1359
1202
925
676
560
475
408
391
254
-23
-272
-526
-803
-918
-873
-800
-662
-512
-520
-581
-548
-533
-518
-330
-92
-17
-43
-137
-380
-659
-785
-816
-846
-804
-729
-790
-938
-986
-983
-1035
-928
-640
-573
-679
-614
-652
-839
-631
-275
-178
110
560
601
646
1074
1214
1058
1132
1065
758
799
838
415
149
158
-88
-312
-239
-171
-8
373
557
513
619
802
884
1024
1281
1447
1473
1426
1238
979
808
650
452
297
130
-97
-315
-529
-760
-921
-956
-915
-802
-651
-578
-515
-412
-381
-353
-210
-77
10
66
-15
-211
-414
-592
-698
-717
-730
-751
-766
-852
-987
-1054
-1036
-942
-769
-649
-690
-803
-835
-835
-851
-676
-321
20
321
547
611
663
857
962
888
907
991
922
826
646
224
-29
10
-54
-88
93
220
325
488
433
327
547
821
940
1145
1326
1263
1137
991
783
700
722
623
458
285
-5
-297
-455
-582
-662
-622
-564
-508
-421
-389
-372
-269
-174
-121
-16
78
66
10
-86
-296
-499
-622
-737
-782
-759
-797
-868
-890
-952
-1025
-956
-822
-724
-626
-637
-787
-845
-826
-776
-480
-79
163
378
536
453
482
766
835
801
952
835
524
528
374
-119
-175
-16
-175
-142
102
64
148
490
450
337
667
907
928
1146
1303
1193
1133
1070
863
765
756
592
408
245
-34
-272
-409
-554
-635
-639
-621
-528
-419
-378
-290
-154
-104
-68
22
54
31
23
-38
-175
-345
-527
-638
-680
-705
-669
-625
-657
-683
-707
-819
-820
-637
-568
-629
-618
-726
-884
-834
-766
-663
-336
30
181
249
331
354
373
427
477
540
605
594
515
328
42
-87
-24
20
107
251
388
553
594
447
402
550
684
760
857
940
910
793
644
553
545
542
510
462
359
190
33
-67
-134
-162
-133
-48
44
87
89
71
49
9
-23
-16
7
-23
-130
-272
-473
-680
-777
-779
-731
-627
-559
-582
-632
-713
-790
-722
-532
-379
-299
-375
-624
-814
-903
-914
-699
-356
-127
41
171
77
7
176
239
287
485
453
321
380
238
-106
-155
-80
-76
98
259
255
424
603
464
444
645
708
786
915
852
775
771
610
487
557
543
443
414
296
97
37
-19
-116
-101
-87
-144
-121
-58
-58
-17
59
49
4
-40
-114
-174
-237
-318
-378
-467
-575
-604
-595
-611
-580
-506
-483
-464
-431
-453
-444
-371
-323
-358
-505
-658
-728
-800
-888
-817
-604
-452
-237
18
-10
-29
222
275
188
400
513
390
539
625
253
99
311
213
102
395
519
481
709
708
407
429
560
452
479
677
645
525
518
420
286
308
376
411
432
413
366
283
196
163
145
128
172
215
153
86
53
-70
-175
-198
-273
-355
-395
-459
-575
-678
-709
-701
-659
-575
-491
-423
-369
-379
-437
-432
-346
-262
-250
-310
-522
-780
-865
-944
-966
-761
-601
-494
-273
-177
-260
-172
64
115
165
278
187
155
258
109
-87
-12
86
97
222
367
461
685
815
726
721
771
738
760
803
753
710
703
640
569
549
538
529
549
551
521
484
428
349
250
183
202
214
209
235
205
99
-21
-145
-262
-338
-376
-408
-466
-575
-675
-726
-760
-711
-582
-488
-401
-324
-381
-460
-424
-453
-522
-478
-574
-869
-993
-1051
-1289
-1312
-1060
-945
-755
-404
-371
-474
-236
-3
-12
134
322
279
326
440
279
107
217
329
338
426
527
594
717
800
754
687
674
712
757
756
744
754
737
726
759
756
749
806
832
787
773
770
682
591
536
443
365
346
285
164
51
-55
-209
-388
-527
-630
-728
-781
-797
-854
-918
-873
-797
-775
-660
-511
-482
-450
-388
-387
-426
-456
-497
-607
-744
-860
-1012
-1189
-1296
-1235
-1128
-1077
-846
-594
-577
-437
-90
32
55
297
333
180
418
631
440
414
568
421
315
477
462
464
791
930
770
754
734
600
649
756
731
794
900
844
784
786
763
794
925
1000
1002
998
876
667
513
371
256
236
228
117
-83
-305
-499
-653
-754
-774
-750
-734
-731
-766
-847
-864
-763
-635
-492
-348
-299
-336
-364
-394
-485
-525
-485
-542
-706
-892
-1135
-1399
-1534
-1502
-1414
-1241
-944
-691
-556
-416
-236
-28
211
400
503
620
761
819
764
618
508
487
475
481
520
591
650
653
606
516
457
499
594
649
677
728
749
742
782
869
952
1059
1185
1236
1215
1151
1033
879
692
494
349
211
32
-151
-352
-568
-715
-802
-925
-1018
-1001
-982
-979
-893
-775
-695
-570
-421
-386
-395
-329
-252
-256
-262
-268
-363
-467
-564
-770
-1048
-1252
-1390
-1526
-1592
-1536
-1381
-1123
-844
-612
-429
-227
52
317
486
631
813
943
979
971
829
602
492
436
362
371
429
445
456
438
345
310
398
503
601
692
733
759
811
856
922
1070
1217
1313
1380
1362
1268
1146
969
733
505
326
150
-66
-314
-556
-758
-914
-1017
-1074
-1094
-1057
-960
-852
-778
-696
-580
-473
-382
-297
-251
-238
-205
-208
-307
-425
-505
-563
-657
-802
-982
-1222
-1446
-1571
-1663
-1661
-1456
-1131
-838
-592
-362
-168
73
386
626
806
1000
1144
1182
1142
988
740
595
537
434
383
381
338
320
341
318
304
406
528
576
625
672
673
708
800
897
1012
1161
1259
1286
1289
1263
1179
1034
849
636
396
151
-106
-378
-634
-837
-980
-1086
-1154
-1163
-1127
-1040
-904
-776
-674
-552
-426
-343
-269
-203
-177
-160
-155
-199
-277
-370
-470
-584
-722
-875
-1049
-1222
-1362
-1455
-1465
-1372
-1184
-917
-647
-402
-138
112
362
600
770
904
1003
1067
1097
1044
909
751
612
488
386
334
313
322
360
375
364
349
335
329
351
397
446
514
587
663
751
838
926
1014
1099
1146
1129
1027
842
626
393
140
-108
-351
-573
-749
-894
-1005
-1075
-1093
-1055
-988
-909
-817
-731
-648
-547
-467
-419
-365
-324
-329
-344
-357
-383
-401
-412
-460
-553
-652
-777
-922
-1032
-1095
-1108
-1036
-898
-746
-575
-383
-188
-6
183
380
548
684
788
837
839
817
769
703
646
613
587
571
585
613
646
699
748
752
731
702
647
585
535
502
489
511
563
613
660
712
758
781
777
738
651
533
396
232
49
-135
-294
-422
-519
-586
-634
-648
-622
-580
-542
-508
-485
-470
-459
-472
-507
-553
-604
-659
-708
-749
-786
-810
-823
-838
-856
-864
-874
-888
-905
-914
-894
-832
-738
-614
-468
-318
-173
-40
72
172
264
345
413
448
441
395
329
263
222
212
235
284
343
418
512
615
719
813
895
948
971
967
938
903
890
900
916
933
944
929
888
828
745
640
524
409
280
137
-10
-157
-292
-385
-437
-457
-439
-394
-334
-270
-216
-183
-166
-160
-167
-195
-252
-337
-444
-555
-670
-790
-894
-987
-1073
-1135
-1175
-1202
-1215
-1219
-1210
-1183
-1129
-1043
-933
-798
-641
-483
-323
-168
-32
94
210
316
408
471
504
504
472
425
385
364
362
375
397
426
466
514
562
611
668
718
772
825
861
879
906
938
963
998
1025
1029
1020
994
930
838
731
597
456
317
175
33
-91
-198
-294
-369
-414
-433
-424
-391
-360
-336
-319
-310
-309
-323
-350
-392
-446
-508
-579
-666
-754
-838
-918
-981
-1029
-1065
-1085
-1089
-1086
-1067
-1028
-964
-884
-793
-699
-601
-497
-397
-297
-188
-83
20
117
196
255
298
336
369
398
426
451
473
495
519
537
560
585
607
633
665
706
753
794
830
862
889
917
935
941
936
915
878
826
760
677
579
480
380
280
195
120
53
-14
-69
-121
-162
-183
-202
-223
-240
-261
-283
-309
-343
-383
-429
-479
-532
-592
-655
-720
-782
-844
-899
-945
-983
-1006
-1014
-1010
-990
-949
-889
-823
-751
-678
-607
-537
-466
-393
-317
-239
-161
-86
-20
44
99
147
201
249
288
327
360
382
396
412
434
449
472
503
536
581
633
687
743
801
860
911
943
958
955
934
906
862
796
717
631
540
446
359
276
199
137
85
34
-6
-31
-53
-74
-92
-115
-136
-152
-175
-201
-230
-259
-294
-337
-386
-443
-500
-550
-605
-664
-716
-755
-793
-822
-835
-836
-822
-786
-740
-692
-639
-583
-528
-474
-425
-377
-330
-280
-225
-170
-114
-61
-16
24
54
80
111
138
153
162
167
166
165
166
182
206
247
305
364
428
503
582
655
720
762
780
785
773
744
703
650
587
524
459
392
327
267
215
166
126
101
85
71
59
46
26
10
-6
-22
-38
-50
-64
-85
-106
-135
-175
-217
-260
-311
-365
-419
-473
-523
-571
-611
-642
-660
-664
-653
-631
-600
-563
-517
-469
-423
-376
-331
-289
-244
-201
-159
-113
-78
-52
-29
-12
6
18
25
28
23
14
5
-4
-2
17
54
102
155
217
287
363
445
520
582
633
669
687
686
665
628
581
535
487
435
381
330
277
228
189
157
133
117
104
94
84
76
69
62
55
52
50
45
38
24
1
-31
-77
-127
-182
-239
-294
-350
-402
-450
-490
-522
-542
-554
-554
-546
-530
-505
-475
-442
-403
-368
-334
-300
-269
-242
-218
-200
-186
-176
-167
-156
-150
-151
-151
-157
-163
-161
-152
-130
-95
-50
2
64
132
210
291
372
447
509
561
604
632
640
633
610
570
523
474
421
366
319
274
235
205
184
166
152
145
141
139
139
142
144
145
148
148
140
126
105
71
29
-24
-86
-153
-224
-292
-356
-413
-462
-500
-524
-540
-541
-530
-509
-479
-441
-400
-353
-301
-248
-196
-150
-106
-71
-43
-25
-20
-27
-39
-58
-80
-103
-126
-151
-173
-188
-201
-206
-194
-165
-124
-73
-9
59
130
205
277
342
398
446
475
486
483
469
442
405
364
312
255
199
152
112
90
80
75
74
78
85
94
109
127
146
168
195
220
237
247
245
231
204
167
118
62
3
-59
-121
-181
-238
-289
-329
-363
-382
-391
-391
-383
-367
-343
-313
-280
-245
-213
-180
-146
-115
-93
-81
-78
-85
-101
-124
-158
-197
-242
-287
-326
-353
-366
-363
-343
-308
-255
-193
-120
-38
45
125
201
266
322
362
388
400
394
378
353
318
277
235
193
157
127
106
91
88
93
108
135
169
207
243
278
312
341
362
375
376
366
344
308
260
196
125
49
-29
-98
-161
-215
-257
-288
-307
-315
-308
-291
-268
-233
-192
-149
-107
-66
-31
-4
17
31
29
17
-7
-45
-89
-141
-199
-258
-316
-372
-421
-461
-489
-502
-498
-473
-428
-359
-275
-177
-77
19
105
178
235
278
299
302
287
258
217
164
101
32
-34
-91
-130
-153
-156
-139
-106
-59
0
68
138
211
282
352
417
472
512
531
529
507
467
409
341
263
182
102
29
-37
-96
-140
-174
-191
-195
-184
-160
-125
-81
-33
17
72
125
174
215
244
259
258
240
203
152
87
9
-74
-161
-248
-334
-408
-470
-515
-542
-546
-531
-497
-445
-380
-304
-229
-154
-81
-18
39
85
117
131
122
94
46
-19
-91
-169
-247
-310
-359
-391
-405
-399
-372
-328
-257
-170
-66
50
170
289
396
488
557
599
623
626
609
575
524
453
368
275
180
88
5
-62
-108
-134
-138
-124
-96
-55
-2
60
132
209
285
359
423
473
504
509
488
445
373
283
175
54
-75
-204
-331
-450
-552
-633
-687
-707
-702
-670
-614
-537
-446
-352
-254
-160
-70
7
67
110
129
125
100
59
-1
-69
-148
-230
-314
-393
-459
-513
-542
-545
-520
-467
-387
-283
-163
-32
103
242
373
494
600
681
734
759
752
714
653
568
468
367
263
163
73
-4
-69
-112
-139
-147
-135
-101
-48
21
104
191
280
361
435
493
534
553
547
516
462
382
278
158
26
-114
-251
-377
-488
-576
-639
-675
-685
-670
-633
-570
-490
-397
-299
-199
-109
-34
22
57
69
56
24
-27
-96
-176
-267
-363
-453
-535
-601
-645
-664
-656
-623
-567
-487
-391
-283
-164
-38
92
219
336
432
505
551
571
571
551
512
461
399
330
258
190
127
72
33
10
3
12
41
85
144
214
292
373
455
535
606
667
708
727
718
683
621
537
436
323
209
93
-14
-114
-200
-267
-315
-343
-346
-330
-299
-252
-199
-144
-89
-46
-11
10
16
12
-9
-44
-88
-148
-221
-301
-388
-476
-558
-630
-692
-741
-772
-783
-776
-747
-702
-638
-558
-465
-362
-257
-155
-64
12
72
110
132
140
135
123
103
75
44
14
-12
-29
-34
-25
-1
35
83
139
199
261
327
391
454
515
574
622
660
683
686
669
635
586
529
468
403
336
267
201
143
93
56
37
34
45
70
105
140
177
211
233
248
248
233
205
167
112
46
-31
-116
-205
-295
-382
-464
-537
-596
-641
-674
-690
-694
-684
-663
-630
-587
-536
-480
-419
-360
-308
-267
-237
-221
-216
-222
-234
-253
-274
-298
-320
-340
-350
-352
-340
-317
-279
-227
-164
-90
-10
76
161
249
333
412
486
551
602
636
657
656
643
616
574
527
475
423
374
332
298
273
259
261
277
303
342
384
427
470
511
546
572
588
590
576
547
503
447
379
300
214
124
31
-62
-154
-242
-322
-391
-450
-492
-523
-542
-550
-547
-535
-518
-496
-472
-451
-435
-428
-432
-447
-470
-501
-538
-580
-622
-662
-697
-727
-749
-756
-749
-729
-695
-647
-585
-512
-432
-349
-264
-179
-95
-10
66
135
193
239
273
295
303
303
298
288
275
264
257
256
268
290
325
370
423
485
553
621
693
761
825
881
921
947
956
946
923
884
835
776
707
632
553
472
392
315
243
175
115
62
18
-20
-53
-82
-107
-132
-152
-175
-201
-230
-264
-309
-362
-420
-482
-546
-610
-674
-736
-796
-850
-899
-938
-967
-978
-975
-956
-922
-880
-831
-776
-716
-650
-577
-504
-430
-360
-298
-244
-202
-170
-146
-123
-105
-85
-67
-46
-22
4
37
74
120
174
236
304
380
457
533
607
675
737
794
842
882
913
931
938
936
920
894
862
823
781
736
693
653
616
577
537
497
458
421
383
343
305
268
233
193
151
104
49
-9
-70
-138
-209
-280
-356
-431
-503
-573
-641
-703
-758
-806
-847
-876
-893
-897
-890
-873
-851
-824
-797
-768
-738
-706
-675
-640
-606
-576
-549
-529
-515
-502
-491
-475
-452
-425
-389
-352
-309
-261
-207
-151
-87
-14
62
145
231
315
396
473
543
605
659
708
751
788
821
845
860
867
865
855
845
832
824
818
812
806
800
786
769
742
711
682
645
613
577
533
484
429
365
300
225
146
67
-15
-96
-175
-254
-331
-405
-476
-542
-606
-663
-713
-753
-788
-816
-839
-855
-865
-868
-865
-856
-845
-829
-813
-793
-774
-752
-730
-706
-682
-658
-630
-598
-563
-522
-476
-426
-372
-311
-250
-189
-134
-78
-17
44
112
182
248
307
362
407
445
480
512
553
594
634
669
699
720
738
750
759
770
777
786
793
791
781
768
751
728
702
672
644
610
573
532
478
420
350
275
194
114
36
-35
-97
-158
-216
-269
-321
-371
-417
-461
-495
-519
-534
-547
-558
-568
-581
-592
-599
-601
-601
-593
-581
-568
-556
-546
-535
-524
-508
-492
-472
-448
-423
-394
-366
-338
-313
-289
-263
-235
-203
-168
-129
-89
-51
-13
20
50
79
109
139
171
202
233
264
290
315
336
355
373
390
408
424
438
451
461
467
469
469
468
464
461
457
450
439
423
403
379
351
321
291
260
228
197
165
135
101
67
34
1
-32
-64
-95
-126
-153
-180
-205
-226
-244
-259
-270
-280
-291
-300
-305
-308
-311
-316
-317
-318
-320
-322
-323
-322
-319
-314
-308
-301
-294
-287
-278
-268
-258
-249
-234
-216
-194
-173
-153
-133
-112
-93
-72
-50
-29
-7
15
40
64
85
106
125
142
159
175
190
207
228
248
268
284
295
307
316
325
331
336
338
338
332
320
304
285
269
253
238
220
200
180
158
138
117
94
71
49
30
11
-5
-20
-36
-49
-59
-71
-82
-89
-97
-104
-112
-121
-133
-145
-158
-173
-185
-195
-204
-209
-213
-219
-226
-230
-232
-233
-233
-232
-229
-225
-220
-215
-210
-203
-193
-184
-175
-164
-151
-139
-124
-111
-100
-89
-78
-67
-55
-41
-27
-11
6
22
39
57
78
97
118
140
160
177
192
203
212
217
222
225
230
232
233
229
225
219
211
206
200
191
179
168
153
137
122
108
95
85
77
68
60
51
40
30
18
7
-5
-18
-29
-42
-53
-65
-75
-86
-97
-109
-121
-130
-137
-143
-147
-152
-156
-159
-163
-164
-164
-162
-158
-156
-152
-148
-144
-140
-134
-128
-123
-115
-108
-99
-90
-82
-76
-70
-62
-51
-39
-26
-12
1
18
33
47
61
76
91
105
118
129
138
147
153
156
158
158
158
157
157
154
146
138
128
118
109
100
94
87
83
80
72
66
63
57
53
49
43
37
32
24
15
3
-7
-18
-30
-38
-46
-55
-63
-71
-80
-86
-91
-96
-98
-101
-102
-106
-109
-111
-115
-115
-115
-114
-111
-108
-103
-99
-95
-89
-81
-72
-63
-56
-50
-44
-37
-28
-18
-10
1
10
18
26
30
38
42
49
53
57
61
63
64
64
62
59
57
52
51
46
40
34
27
20
13
8
2
-2
-6
-10
-14
-16
-17
-19
-20
-22
-22
-21
-20
-19
-16
-14
-13
-11
-8
-5
0
4
7
12
14
17
21
25
28
32
36
40
41
43
45
47
47
46
44
44
41
38
35
32
27
26
25
26
26
27
27
28
29
28
29
28
25
22
17
10
3
-3
-8
-11
-14
-13
-13
-14
-13
-11
-11
-11
-12
-17
-23
-29
-37
-45
-53
-63
-72
-80
-88
-94
-99
-103
-107
-109
-110
-109
-106
-103
-97
-90
-82
-72
-63
-50
-37
-25
-13
0
12
22
30
37
42
45
48
49
51
51
53
55
57
60
62
63
68
72
75
79
83
84
84
84
83
80
79
75
72
71
68
66
63
61
58
54
48
43
36
33
28
23
20
16
13
8
5
1
0
-1
-1
-4
-7
-13
-19
-25
-34
-42
-48
-56
-63
-70
-76
-81
-85
-91
-96
-103
-108
-112
-116
-120
-122
-122
-122
-120
-122
-120
-117
-113
-107
-100
-91
-82
-71
-60
-53
-43
-34
-25
-15
-3
9
19
28
40
50
58
66
75
82
93
102
112
119
124
126
130
131
133
133
134
134
132
131
127
123
119
115
112
109
106
101
99
96
91
86
82
78
74
68
62
55
45
33
20
8
-4
-17
-29
-43
-56
-71
-85
-99
-110
-122
-131
-139
-147
-152
-159
-162
-166
-167
-166
-165
-163
-159
-155
-149
-145
-138
-133
-126
-121
-117
-111
-103
-96
-88
-80
-70
-61
-51
-38
-24
-9
5
19
32
46
58
70
79
87
96
102
108
112
117
121
126
130
132
136
138
139
140
141
141
140
137
135
132
126
122
117
111
104
97
89
80
72
60
49
38
29
19
10
2
-6
-12
-19
-27
-34
-43
-51
-60
-68
-75
-83
-89
-94
-100
-107
-110
-115
-119
-122
-123
-126
-126
-126
-124
-120
-116
-110
-102
-95
-86
-77
-71
-62
-54
-44
-37
-27
-17
-9
0
8
15
24
33
40
46
49
51
52
52
54
55
55
55
53
51
50
51
52
53
54
55
54
55
56
57
59
60
60
59
58
58
57
54
52
50
49
46
43
38
31
27
21
17
13
11
8
6
3
0
-5
-8
-12
-18
-22
-26
-30
-32
-37
-44
-49
-53
-58
-61
-65
-66
-68
-69
-69
-69
-70
-72
-71
-68
-66
-62
-60
-58
-52
-50
-46
-41
-37
-33
-31
-29
-26
-23
-20
-16
-12
-10
-7
-3
1
7
13
20
27
32
39
44
49
55
59
61
65
69
69
69
71
72
72
72
71
69
68
64
63
60
59
58
57
54
51
47
43
40
34
27
20
10
2
-9
-17
-26
-34
-41
-48
-54
-59
-64
-68
-70
-71
-72
-70
-67
-65
-61
-57
-51
-46
-40
-36
-33
-30
-25
-21
-19
-17
-14
-13
-9
-6
-2
-1
0
4
4
6
9
10
12
14
17
19
22
25
27
29
30
31
34
36
36
35
35
34
33
33
32
31
30
28
27
25
23
20
17
15
12
11
8
3
-1
-7
-12
-17
-23
-28
-33
-37
-42
-48
-53
-57
-60
-64
-68
-72
-73
-73
-73
-69
-66
-61
-54
-48
-39
-32
-25
-17
-11
-3
3
8
13
17
25
30
34
42
48
53
59
63
68
69
72
76
79
80
83
86
88
90
90
89
87
83
78
73
65
55
46
37
27
17
4
-5
-16
-25
-31
-36
-40
-43
-45
-46
-46
-46
-45
-44
-43
-43
-42
-43
-42
-44
-44
-47
-51
-54
-59
-62
-66
-72
-75
-77
-78
-79
-78
-76
-72
-66
-60
-54
-46
-38
-26
-17
-7
2
10
19
26
32
38
42
46
47
48
47
48
49
48
47
46
45
45
47
48
49
50
52
54
56
56
58
58
56
55
52
47
42
36
28
22
14
7
-1
-9
-17
-23
-28
-35
-39
-43
-44
-45
-46
-47
-47
-47
-47
-47
-46
-46
-45
-47
-46
-47
-46
-47
-48
-47
-47
-47
-48
-47
-45
-42
-41
-37
-33
-28
-22
-15
-9
-1
5
11
17
22
27
32
34
38
40
41
44
47
48
50
51
53
56
59
61
64
66
68
72
75
79
82
85
86
86
86
85
82
79
74
67
59
52
43
34
26
16
7
0
-7
-14
-20
-25
-29
-31
-34
-37
-38
-39
-40
-42
-44
-46
-48
-53
-56
-62
-67
-73
-78
-84
-91
-98
-105
-110
-114
-117
-118
-118
-117
-114
-111
-105
-97
-90
-79
-70
-61
-53
-42
-34
-25
-18
-12
-6
2
7
13
19
23
30
35
42
48
54
60
66
73
80
87
92
99
104
108
113
116
119
119
118
117
112
106
101
94
85
78
70
62
55
46
38
31
24
18
11
6
0
-6
-13
-19
-24
-28
-33
-40
-44
-53
-58
-62
-67
-73
-78
-81
-84
-85
-85
-85
-84
-84
-83
-80
-77
-74
-70
-65
-60
-53
-46
-41
-36
-32
-27
-23
-17
-14
-11
-7
-3
-2
2
6
10
16
21
24
29
34
40
44
49
54
59
66
72
77
81
85
86
87
86
84
80
76
72
66
59
53
47
40
35
28
22
18
15
10
7
4
-1
-4
-7
-11
-14
-19
-23
-27
-32
-38
-42
-46
-51
-57
-61
-66
-70
-74
-77
-81
-83
-86
-86
-84
-82
-81
-78
-74
-69
-62
-56
-50
-45
-40
-34
-30
-25
-21
-17
-13
-9
-3
0
4
8
12
15
18
23
28
33
37
42
48
54
60
69
75
78
84
88
91
93
95
94
94
92
89
85
80
75
68
63
59
54
50
45
40
35
31
27
22
17
12
6
-1
-5
-9
-14
-19
-24
-29
-34
-39
-44
-50
-54
-57
-61
-65
-70
-73
-75
-75
-76
-75
-73
-72
-70
-69
-67
-64
-60
-57
-54
-52
-50
-48
-45
-42
-40
-36
-33
-30
-26
-23
-19
-16
-13
-9
-5
-1
5
10
16
21
26
31
36
40
45
49
51
52
53
54
53
52
51
49
47
46
44
42
41
38
36
34
32
31
27
25
22
20
16
14
10
7
4
1
-1
-5
-9
-14
-17
-21
-25
-29
-33
-36
-38
-40
-44
-43
-44
-43
-40
-40
-35
-32
-28
-24
-21
-18
-13
-8
-3
1
3
6
8
10
12
15
17
18
18
20
20
20
20
21
22
22
23
26
28
31
33
36
36
37
37
39
37
37
37
36
34
32
29
26
25
21
19
16
12
7
3
-1
-5
-8
-12
-15
-19
-22
-26
-27
-29
-30
-31
-33
-35
-36
-39
-41
-42
-44
-46
-48
-49
-49
-48
-46
-45
-40
-37
-34
-31
-27
-24
-21
-18
-15
-12
-8
-6
-2
0
2
5
8
9
11
13
16
17
18
19
20
22
24
26
26
30
33
35
36
37
37
37
37
35
34
32
31
27
24
20
18
13
9
4
1
-3
-6
-9
-12
-12
-15
-17
-19
-20
-19
-20
-20
-20
-20
-20
-22
-23
-24
-27
-27
-26
-28
-28
-27
-26
-27
-27
-26
-25
-23
-20
-18
-16
-12
-9
-5
-1
1
4
8
11
14
19
22
24
27
28
29
30
32
32
33
32
34
34
35
36
36
37
38
39
41
41
43
43
43
43
41
38
37
34
33
31
28
24
18
15
12
8
4
-1
-5
-10
-14
-18
-23
-28
-31
-34
-37
-39
-41
-43
-45
-48
-49
-51
-54
-55
-57
-60
-60
-61
-62
-64
-65
-64
-62
-61
-59
-59
-56
-56
-52
-50
-47
-44
-40
-36
-32
-25
-21
-15
-11
-6
0
7
11
16
22
25
30
34
39
43
46
51
55
57
61
65
68
70
73
75
76
77
76
75
73
72
70
68
65
62
59
55
53
51
46
43
38
35
30
25
21
16
11
7
3
1
-3
-7
-11
-16
-19
-25
-30
-35
-41
-44
-49
-53
-57
-62
-66
-69
-73
-74
-76
-77
-76
-76
-74
-73
-72
-69
-67
-65
-61
-59
-55
-51
-48
-44
-41
-36
-30
-26
-22
-17
-13
-9
-4
2
6
12
17
22
29
35
41
48
52
58
63
68
75
78
81
84
87
88
90
90
89
88
86
83
78
74
70
63
58
52
45
40
34
27
20
14
8
1
-4
-9
-12
-16
-22
-26
-32
-34
-40
-44
-48
-51
-53
-56
-59
-61
-63
-67
-69
-73
-75
-78
-78
-80
-81
-81
-81
-79
-79
-78
-75
-72
-67
-64
-60
-55
-49
-42
-37
-31
-26
-19
-12
-7
1
7
14
20
27
34
40
46
51
55
60
64
68
72
75
78
78
79
80
80
80
79
77
74
71
67
63
60
56
51
48
43
38
35
32
28
24
19
16
12
7
2
-4
-9
-15
-19
-24
-28
-32
-37
-41
-43
-47
-51
-53
-55
-57
-57
-58
-59
-60
-60
-59
-58
-59
-56
-53
-49
-46
-42
-39
-35
-31
-27
-25
-20
-17
-13
-11
-6
-3
0
5
8
13
17
23
27
30
35
39
43
46
49
51
53
56
57
58
58
57
56
55
53
53
51
49
46
43
40
36
33
30
26
22
18
15
10
7
2
-1
-5
-9
-12
-16
-18
-22
-24
-26
-29
-32
-34
-35
-36
-37
-38
-39
-42
-43
-43
-43
-44
-44
-45
-46
-46
-45
-43
-44
-43
-42
-42
-42
-41
-42
-41
-40
-39
-38
-37
-32
-31
-29
-27
-23
-20
-16
-10
-6
-1
4
7
12
14
17
21
23
26
27
30
31
32
33
35
35
37
40
41
43
45
47
48
49
49
49
47
47
48
47
45
43
41
37
33
30
28
25
23
21
19
16
13
12
9
6
3
1
-5
-8
-10
-11
-14
-17
-19
-23
-24
-26
-28
-29
-31
-33
-35
-35
-36
-37
-38
-37
-36
-36
-34
-32
-30
-29
-25
-21
-18
-14
-10
-7
-5
-3
0
3
5
7
9
10
10
10
10
10
11
12
14
14
15
14
15
15
16
16
16
16
15
15
14
13
13
12
12
10
10
9
8
7
5
4
2
1
1
0
-1
-3
-5
-6
-6
-8
-8
-8
-8
-9
-10
-9
-9
-8
-8
-6
-6
-6
-4
-3
-5
-4
-5
-6
-6
-7
-7
-7
-7
-6
-6
-5
-5
-4
-3
-1
-1
1
2
2
3
2
1
1
1
-1
-1
-4
-5
-4
-5
-6
-6
-5
-7
-6
-6
-6
-5
-5
-5
-4
-5
-5
-4
-4
-3
-4
-6
-7
-9
-10
-11
-12
-11
-12
-14
-13
-13
-14
-12
-12
-11
-9
-8
-6
-4
-3
1
6
10
13
17
22
24
25
27
28
28
29
30
30
30
29
29
30
30
31
30
30
30
30
29
29
29
30
29
27
24
21
17
14
10
8
5
1
-3
-7
-12
-16
-20
-23
-27
-30
-33
-36
-38
-38
-40
-40
-40
-39
-40
-41
-40
-40
-38
-37
-36
-35
-34
-33
-33
-33
-32
-31
-30
-27
-25
-23
-21
-19
-16
-15
-11
-7
-4
0
4
9
12
16
17
22
25
26
29
33
35
35
37
38
39
41
42
42
43
44
44
43
43
44
45
45
45
46
46
46
45
42
41
39
38
35
33
28
24
21
17
14
9
5
-1
-6
-11
-16
-19
-23
-29
-32
-36
-38
-40
-41
-44
-46
-48
-49
-49
-49
-51
-52
-53
-55
-55
-56
-56
-57
-58
-56
-55
-53
-49
-47
-44
-41
-39
-35
-32
-30
-26
-24
-20
-18
-16
-15
-12
-8
-7
-4
1
3
8
11
14
19
22
25
28
31
34
39
42
47
51
55
61
63
67
66
68
71
71
72
71
70
68
66
62
59
56
52
49
45
42
39
36
32
27
24
21
17
15
10
4
0
-5
-10
-14
-19
-25
-29
-35
-42
-46
-51
-57
-61
-66
-71
-74
-77
-79
-79
-79
-80
-78
-79
-76
-74
-71
-67
-62
-58
-51
-46
-41
-34
-29
-23
-17
-12
-8
-4
1
8
12
17
23
25
30
36
40
42
47
49
53
56
60
63
65
67
68
68
70
69
67
64
61
57
55
51
48
45
41
38
35
31
27
24
19
15
10
5
1
-4
-9
-13
-18
-23
-29
-32
-37
-42
-46
-49
-52
-56
-57
-58
-61
-61
-62
-62
-63
-63
-64
-63
-61
-59
-58
-57
-54
-52
-49
-45
-43
-42
-38
-35
-32
-28
-23
-18
-13
-8
-2
4
9
14
19
24
29
36
39
45
50
53
57
60
63
68
70
73
75
76
77
76
75
73
69
67
65
62
57
52
47
44
41
37
34
32
28
24
20
16
11
7
3
-3
-8
-11
-14
-19
-21
-24
-27
-31
-34
-37
-41
-45
-48
-50
-52
-54
-58
-59
-61
-61
-61
-60
-58
-56
-54
-53
-50
-47
-45
-42
-40
-37
-34
-30
-29
-27
-25
-23
-22
-20
-17
-14
-11
-8
-4
-1
2
5
7
10
13
15
18
21
23
25
26
27
29
30
30
31
32
33
32
31
29
31
31
32
32
33
33
33
34
34
34
33
31
31
29
27
25
24
22
18
16
13
9
7
3
-1
-3
-6
-9
-12
-14
-18
-20
-23
-24
-25
-26
-27
-28
-29
-27
-26
-26
-25
-24
-21
-20
-19
-19
-18
-16
-14
-11
-10
-9
-7
-7
-6
-5
-4
-1
2
3
4
5
7
9
10
12
13
14
15
16
18
20
21
21
21
21
22
21
19
18
17
18
17
15
15
14
13
11
8
7
5
4
3
2
1
-1
-3
-6
-8
-8
-9
-11
-13
-14
-17
-20
-21
-21
-24
-26
-27
-28
-29
-30
-30
-28
-28
-28
-27
-25
-24
-23
-20
-18
-15
-13
-11
-9
-9
-7
-6
-3
-2
0
3
3
6
7
8
10
11
14
16
19
19
21
24
24
24
25
25
25
22
21
22
22
21
20
20
17
16
14
13
12
9
8
7
6
6
6
4
5
5
4
4
4
3
2
1
-1
-3
-4
-5
-5
-6
-10
-13
-14
-14
-15
-18
-20
-21
-21
-22
-20
-20
-19
-17
-16
-16
-14
-13
-10
-8
-6
-4
-3
-2
1
2
4
6
8
10
9
11
13
14
16
18
19
20
19
21
23
24
24
24
23
23
23
20
20
18
16
14
10
8
7
5
3
0
-1
-5
-7
-10
-13
-15
-17
-20
-20
-21
-24
-23
-24
-23
-24
-24
-24
-24
-26
-26
-27
-27
-28
-28
-29
-29
-27
-27
-27
-25
-23
-22
-22
-20
-17
-14
-13
-12
-10
-8
-5
-5
-3
-1
2
4
5
7
7
8
10
12
12
15
17
17
19
21
22
24
27
29
32
35
37
38
39
40
42
44
44
44
43
40
40
38
35
33
30
27
24
19
17
14
11
8
5
4
2
0
-1
-4
-6
-9
-9
-10
-11
-12
-15
-17
-19
-20
-21
-24
-25
-26
-27
-28
-29
-28
-29
-27
-28
-27
-26
-24
-23
-22
-22
-20
-19
-20
-18
-18
-19
-18
-16
-17
-17
-16
-14
-15
-14
-13
-10
-8
-8
-6
-4
-2
-1
2
2
4
6
8
11
12
14
14
15
16
19
20
19
21
21
21
20
19
18
17
16
14
13
13
12
11
9
9
9
8
10
10
9
9
7
4
4
2
0
-3
-5
-6
-8
-9
-10
-11
-12
-13
-13
-11
-14
-12
-13
-14
-14
-13
-12
-11
-11
-10
-9
-8
-8
-9
-8
-7
-7
-8
-8
-8
-8
-7
-7
-8
-9
-6
-5
-5
-5
-4
-3
-3
0
2
3
4
5
5
8
8
6
5
7
8
8
10
10
10
10
11
10
12
13
14
14
14
14
16
17
15
16
16
16
14
14
14
13
13
12
11
10
9
9
9
8
7
7
6
6
5
5
5
3
3
2
3
2
2
3
2
2
2
1
0
-2
-2
-2
-4
-5
-5
-5
-4
-6
-5
-6
-7
-7
-8
-8
-7
-4
-3
-3
-3
-2
-1
-1
0
-1
-3
-4
-7
-7
-8
-9
-9
-10
-12
-14
-15
-16
-16
-16
-15
-14
-13
-14
-14
-15
-15
-15
-17
-15
-15
-16
-17
-19
-20
-21
-22
-21
-21
-23
-23
-22
-21
-20
-18
-16
-12
-9
-6
-5
-1
1
3
5
7
9
7
9
9
11
12
12
13
13
14
14
14
14
17
17
15
16
15
16
17
19
19
20
22
22
21
20
20
20
21
19
15
15
13
12
8
7
6
5
4
3
1
2
3
4
4
3
4
5
5
6
7
7
6
5
5
3
1
1
1
-2
-5
-5
-6
-7
-8
-8
-8
-8
-6
-6
-6
-5
-5
-4
-3
-3
-2
-3
-1
0
0
1
0
-1
0
-3
-3
0
0
-1
0
1
1
1
2
3
4
6
7
7
7
9
10
10
12
12
12
13
10
10
7
6
4
1
-2
-3
-5
-7
-8
-11
-12
-14
-14
-15
-17
-18
-18
-17
-18
-18
-19
-19
-18
-18
-18
-19
-18
-19
-18
-19
-19
-19
-18
-19
-19
-18
-18
-17
-18
-18
-15
-13
-10
-9
-7
-6
-4
-1
1
2
3
4
6
7
8
11
12
14
16
17
18
20
20
22
23
24
24
24
25
25
26
26
27
28
29
28
27
25
25
24
23
21
19
17
14
11
6
2
-3
-6
-7
-8
-11
-12
-14
-15
-17
-19
-21
-22
-22
-22
-24
-24
-27
-29
-30
-31
-32
-31
-32
-32
-30
-30
-28
-26
-26
-25
-23
-22
-20
-15
-13
-9
-6
-3
0
2
5
9
11
14
17
18
21
21
20
22
22
22
23
25
26
26
29
30
31
33
35
36
37
37
40
39
40
40
39
38
37
37
37
34
34
31
29
25
21
18
16
12
9
7
4
2
-3
-6
-10
-12
-14
-18
-21
-26
-29
-32
-37
-39
-42
-44
-46
-49
-50
-52
-52
-53
-52
-52
-51
-52
-49
-48
-46
-43
-43
-41
-39
-35
-32
-30
-25
-22
-19
-15
-11
-7
-4
0
3
5
7
9
11
13
16
16
19
21
22
23
25
26
29
31
32
33
33
33
35
35
37
37
36
36
35
34
33
33
31
30
26
25
24
21
19
16
14
13
10
9
7
5
4
2
0
-2
-4
-6
-7
-9
-10
-13
-14
-16
-19
