-2
-2
-6
-3
0
1
4
6
5
5
0
-1
1
-2
-1
0
-3
0
0
-5
-7
-5
-6
-7
-8
-9
-13
-13
-10
-16
-11
-6
-8
-5
-1
-4
1
2
0
7
10
3
3
10
6
1
6
0
-3
4
-2
-2
6
-3
-2
8
-3
9
22
-10
11
30
-10
10
29
-6
12
28
-8
-2
25
-4
-19
14
-1
-22
-2
-9
-25
-12
-16
-37
-20
-14
-27
-18
-18
-16
-7
-15
-14
-5
-7
-10
-3
3
0
4
3
-9
-4
2
-17
-16
-2
-17
-16
-3
-16
-10
-3
-11
-4
4
3
4
9
13
13
17
17
14
19
19
16
22
24
20
22
18
19
20
15
16
15
8
10
4
0
9
3
-3
5
3
2
3
1
6
1
1
4
1
6
10
3
6
5
-2
-3
-7
-5
-4
-9
-8
-10
-15
-14
-14
-14
-5
-6
-12
-8
-6
-8
-8
-4
-2
-5
2
1
-3
7
4
-3
5
6
2
4
5
3
3
5
-2
-5
1
-3
-9
-3
0
-3
2
5
5
8
6
7
8
9
11
10
8
13
9
6
7
8
7
4
4
7
2
2
4
-1
2
3
0
0
1
1
-3
-2
-3
-5
-2
-4
-11
-4
-2
-13
-11
-6
-13
-14
-9
-17
-16
-17
-25
-22
-21
-25
-21
-21
-18
-14
-15
-10
-12
-11
-5
-5
-3
1
1
1
-1
-1
0
-2
-1
0
-1
0
1
1
2
5
7
8
10
15
13
11
16
16
13
19
19
15
19
17
10
12
12
9
11
13
9
5
7
4
-4
1
5
-1
1
2
-4
-6
-7
-4
-2
1
8
8
6
9
7
8
7
6
5
5
2
3
1
-1
0
-1
1
2
0
2
4
2
2
3
1
-1
0
1
-1
0
-1
-2
1
0
-4
-3
0
-2
0
2
-2
-5
-5
-8
-10
-7
-6
-10
-8
-9
-15
-16
-12
-13
-13
-7
-7
-6
-5
-5
-4
-3
-1
1
0
-6
-4
-8
-11
-5
-6
-7
-5
-5
-8
-6
-2
-3
-2
4
4
-3
1
2
-4
-1
1
-3
-2
0
-6
-9
-7
-7
-6
-5
-2
-4
-5
-3
-3
-3
1
2
3
4
6
7
6
7
8
9
12
13
13
15
15
14
14
13
12
11
8
5
3
1
3
1
-2
-2
-1
-2
2
4
8
10
9
10
13
12
13
15
14
14
13
11
9
10
8
7
5
6
5
5
6
6
3
2
2
2
-1
-2
-1
-4
-2
-1
-1
0
0
0
1
1
4
3
3
3
2
0
-1
-4
-8
-7
-8
-10
-10
-9
-10
-10
-9
-7
-6
-4
-2
-4
-3
-2
-4
-2
-2
-2
-4
-6
-8
-7
-8
-8
-10
-12
-12
-14
-18
-20
-22
-23
-24
-23
-23
-24
-24
-23
-21
-18
-16
-14
-13
-11
-10
-9
-6
-4
-3
-1
0
-2
-4
-6
-5
-6
-6
-7
-6
-4
-2
-2
0
4
6
8
11
12
13
16
18
20
22
24
23
23
22
21
20
18
17
17
18
17
17
16
15
14
14
11
10
9
8
6
5
6
7
7
10
11
10
10
11
10
9
11
9
5
5
4
1
-1
-4
-7
-7
-8
-10
-12
-8
-7
-8
-7
-5
-5
-4
-2
-1
0
2
1
-2
-2
0
1
1
2
2
-1
0
0
-1
0
0
2
1
-1
-4
-4
-6
-6
-7
-6
-6
-5
-4
-1
-1
1
2
2
3
3
3
0
-1
-2
-2
-3
-3
-6
-8
-6
-7
-8
-8
-10
-8
-7
-6
-6
-6
-5
-5
-5
-6
-6
-9
-9
-9
-8
-8
-9
-9
-9
-8
-6
-5
-4
-5
-4
-2
-4
-4
-4
-4
-3
-3
-3
-3
-2
-3
-1
-2
-1
0
1
2
3
3
2
0
0
0
-1
1
2
0
2
2
0
-1
2
2
3
4
3
5
5
7
7
8
8
6
5
6
7
8
8
9
7
8
9
8
7
8
8
7
8
9
8
6
6
8
9
10
11
10
10
10
11
11
13
12
10
10
10
6
7
5
4
2
1
-1
-1
1
-1
-1
-2
-2
-1
-2
-3
-3
-1
-2
-2
-5
-9
-9
-8
-11
-11
-13
-16
-16
-16
-14
-14
-16
-15
-14
-11
-9
-9
-11
-10
-10
-10
-10
-9
-6
-3
-1
1
3
4
3
3
4
6
6
8
6
8
8
8
4
1
1
2
2
0
1
2
3
5
5
7
9
8
8
7
4
5
4
0
1
0
-5
-7
-11
-12
-9
-8
-10
-7
-11
-15
-12
-13
-14
-10
-15
-19
-15
-15
-14
-7
-7
-5
3
3
0
-2
-5
0
6
5
8
5
2
3
4
5
8
6
2
5
5
5
5
-1
1
5
6
9
11
5
6
11
5
3
7
3
1
0
-1
1
-3
-11
-12
-6
-5
-3
-7
-11
-6
-4
-8
-9
-7
-6
-4
-2
3
7
4
4
9
12
12
7
7
16
21
20
17
17
17
21
21
19
19
18
16
18
16
12
16
16
13
16
16
10
11
8
4
3
1
-3
0
-6
-10
-5
-4
-5
-5
-8
-10
-8
-16
-18
-14
-11
-13
-13
-11
-8
-9
-11
-11
-5
-4
-5
-8
-5
-3
-8
-13
-7
-1
4
4
-1
-2
3
1
-6
-10
-6
-3
-4
-1
-4
-6
0
1
-1
5
7
-6
-7
-6
-8
-5
-12
-19
-7
-5
-12
-8
-22
-20
10
-26
-46
-3
-8
-25
-1
-7
-19
6
-21
-36
5
4
-8
12
1
-9
11
-9
-14
13
8
5
19
13
9
16
4
4
18
11
8
9
-1
5
12
7
9
18
17
16
11
5
2
0
3
4
4
9
7
1
7
8
-1
-2
-2
-5
-1
-5
-10
-4
-3
-1
4
2
-2
3
8
9
13
12
6
7
10
11
13
12
9
12
17
20
20
15
15
17
16
15
14
10
6
8
13
18
15
14
16
15
14
9
2
1
3
2
-4
-3
-2
-6
-9
-5
-4
-8
-12
-22
-23
-17
-20
-28
-23
-15
-15
-19
-20
-22
-18
-15
-17
-13
-11
-16
-17
-14
-14
-14
-13
-13
-9
-6
-7
-8
-11
-15
-9
-7
-9
-6
-6
-8
-4
-4
-6
-1
-2
-7
-2
-1
-6
-6
-6
-5
1
3
4
2
0
1
2
2
0
-1
-1
-2
-1
0
4
6
8
12
11
9
12
9
6
10
8
6
10
8
7
10
5
4
10
10
3
3
0
-5
-5
-1
2
3
1
-1
1
3
1
-1
2
5
5
2
1
0
-2
0
2
1
2
2
1
4
7
5
2
4
3
1
0
-1
-3
2
5
3
3
3
2
0
0
1
3
3
4
7
8
7
6
6
7
8
9
6
0
1
4
7
9
11
11
10
10
10
11
12
8
5
6
7
8
5
4
2
2
3
2
0
0
0
-2
-1
1
-6
-10
-10
-11
-10
-8
-9
-13
-8
-6
-9
-10
-11
-12
-12
-8
-10
-12
-12
-12
-10
-9
-10
-12
-13
-14
-12
-10
-11
-12
-8
-5
-4
-4
-6
-5
-6
-4
-2
0
1
-1
-1
3
3
3
4
3
4
4
4
3
3
3
2
1
0
-1
-5
-7
-2
-3
-3
-1
-1
-2
-6
-6
-8
-10
-8
-9
-7
-5
-10
-10
-8
-4
-2
-1
-4
-8
-9
-10
-8
-6
-5
-2
-1
0
-1
-1
2
2
5
9
9
9
9
8
8
12
13
13
12
13
12
12
14
13
14
15
14
14
13
11
11
11
11
13
14
13
13
13
13
13
13
13
15
15
13
11
12
9
9
9
8
6
4
1
0
0
0
-2
-1
0
-3
-2
-5
-5
-4
-4
-2
-4
-3
-6
-5
-4
-4
-5
-4
-6
-5
-5
-8
-9
-10
-10
-11
-10
-11
-14
-14
-15
-15
-13
-15
-16
-16
-16
-17
-15
-13
-12
-9
-8
-8
-8
-9
-9
-8
-8
-4
-4
-3
-2
-2
-2
-1
1
6
9
12
11
11
12
13
15
14
16
15
14
15
15
16
18
18
17
17
17
15
11
9
8
8
7
5
4
2
3
1
-1
-3
-5
-6
-8
-7
-8
-6
-9
-11
-13
-17
-20
-23
-26
-31
-32
-33
-38
-38
-39
-38
-37
-37
-37
-35
-33
-31
-25
-22
-21
-21
-18
-16
-16
-15
-13
-7
0
5
10
11
15
18
20
24
27
29
30
32
36
37
38
40
41
44
46
49
51
52
54
57
57
59
59
60
59
56
57
54
51
46
43
39
36
33
30
27
21
17
13
8
5
2
-3
-9
-13
-19
-26
-33
-38
-44
-52
-58
-62
-67
-72
-77
-80
-82
-86
-90
-97
-98
-99
-101
-100
-100
-100
-100
-98
-95
-92
-88
-83
-76
-70
-63
-56
-47
-37
-26
-15
-4
4
14
23
34
41
49
57
66
74
82
89
97
105
113
120
125
131
135
137
140
143
143
141
138
131
128
125
119
113
105
97
91
84
76
69
59
47
36
25
14
3
-8
-20
-30
-43
-54
-65
-74
-83
-91
-101
-110
-116
-123
-127
-133
-140
-145
-151
-157
-161
-164
-165
-167
-163
-162
-159
-157
-154
-150
-143
-136
-127
-119
-109
-98
-88
-77
-65
-53
-39
-25
-11
5
18
32
47
61
77
91
106
118
130
142
153
162
170
177
182
188
192
194
196
196
194
194
190
188
186
183
177
170
162
153
141
130
118
109
97
85
74
63
50
38
25
12
0
-12
-26
-41
-56
-70
-84
-99
-113
-125
-138
-152
-162
-174
-185
-196
-203
-210
-216
-223
-225
-226
-229
-230
-227
-226
-222
-218
-216
-210
-202
-194
-186
-174
-162
-151
-139
-125
-109
-92
-76
-57
-35
-15
4
24
43
65
88
108
130
151
169
189
207
223
240
254
266
276
286
294
301
305
304
305
303
296
290
281
272
262
250
237
223
209
193
176
162
142
125
107
88
65
41
18
-5
-34
-57
-81
-106
-128
-153
-177
-198
-219
-241
-262
-281
-298
-316
-331
-345
-358
-366
-375
-381
-385
-390
-388
-382
-378
-370
-358
-346
-328
-312
-297
-277
-255
-233
-210
-187
-163
-136
-112
-85
-55
-25
5
32
65
96
128
160
188
220
252
278
307
335
359
382
405
427
449
465
477
490
500
504
509
509
503
495
486
474
457
435
418
397
371
345
317
289
256
226
197
159
124
85
49
18
-23
-61
-91
-125
-158
-193
-224
-248
-277
-311
-339
-366
-395
-421
-448
-474
-496
-512
-533
-551
-563
-571
-575
-578
-578
-574
-567
-558
-541
-520
-506
-483
-458
-435
-402
-372
-344
-305
-268
-231
-196
-160
-118
-79
-43
-7
32
72
104
143
180
215
251
285
316
348
383
411
438
467
493
519
536
551
573
583
591
597
594
614
611
586
583
585
574
545
526
517
503
472
436
411
388
352
312
281
249
212
177
135
99
67
22
-17
-54
-96
-138
-177
-220
-257
-304
-351
-390
-430
-471
-510
-538
-573
-600
-619
-647
-666
-675
-682
-691
-690
-689
-677
-668
-667
-644
-623
-602
-578
-560
-528
-489
-469
-435
-398
-359
-324
-287
-248
-201
-159
-123
-66
-19
25
75
132
179
231
283
337
384
439
486
528
573
607
643
678
701
725
751
763
774
784
789
786
779
769
758
742
710
686
661
622
583
543
506
465
420
363
318
290
222
171
138
86
34
-22
-70
-118
-175
-239
-291
-341
-409
-464
-524
-561
-610
-670
-698
-739
-765
-810
-816
-850
-847
-862
-870
-843
-856
-820
-828
-760
-773
-727
-674
-652
-606
-583
-488
-487
-417
-380
-317
-276
-233
-171
-145
-68
-44
23
64
120
164
208
263
309
363
391
456
502
538
574
628
671
702
742
765
798
811
831
841
843
864
859
855
838
830
806
777
745
707
682
632
584
550
492
452
403
340
306
242
187
123
85
11
-36
-96
-156
-204
-271
-335
-387
-418
-530
-541
-601
-647
-720
-727
-780
-848
-808
-889
-874
-901
-893
-888
-887
-861
-877
-808
-783
-780
-745
-685
-636
-632
-586
-532
-473
-414
-424
-328
-269
-242
-199
-186
-59
-45
-7
34
110
164
165
246
269
331
365
402
465
492
547
578
635
690
708
758
781
820
835
850
869
885
884
870
874
852
835
809
784
746
693
673
612
564
510
471
419
348
316
221
206
108
62
31
-95
-63
-184
-221
-274
-349
-383
-465
-459
-613
-560
-645
-694
-745
-760
-734
-875
-830
-870
-790
-935
-897
-839
-841
-807
-920
-700
-784
-710
-721
-681
-542
-617
-481
-564
-369
-364
-404
-261
-254
-144
-196
-104
-43
12
41
25
204
192
208
276
328
374
404
448
476
559
587
615
670
711
729
771
787
820
839
850
874
866
869
857
852
827
799
790
755
697
670
645
576
522
473
430
372
309
242
192
130
45
7
-55
-119
-191
-235
-280
-352
-381
-474
-473
-510
-629
-570
-654
-648
-736
-707
-707
-773
-755
-839
-713
-830
-770
-776
-762
-719
-763
-660
-694
-647
-641
-598
-527
-516
-499
-459
-351
-391
-340
-265
-241
-205
-183
-114
-92
15
-77
36
151
120
156
184
284
282
351
337
428
478
455
539
576
611
605
660
700
706
734
714
749
774
733
743
743
718
705
693
659
624
594
553
539
480
436
413
370
312
251
234
190
126
70
75
-13
-34
-98
-154
-148
-232
-255
-288
-320
-377
-406
-402
-442
-511
-489
-538
-526
-581
-613
-579
-595
-620
-698
-577
-636
-665
-650
-673
-547
-607
-661
-581
-540
-517
-551
-531
-463
-393
-468
-375
-334
-270
-297
-293
-124
-135
-120
-172
117
0
153
18
139
406
105
358
261
517
393
453
501
533
676
485
692
620
726
691
688
753
714
758
734
710
718
727
670
667
647
614
585
545
500
493
426
382
331
297
238
204
127
72
70
-19
-38
-144
-118
-241
-251
-290
-396
-294
-502
-475
-486
-479
-611
-660
-584
-688
-600
-777
-683
-742
-759
-687
-817
-701
-864
-621
-711
-725
-738
-671
-485
-827
-427
-603
-480
-375
-470
-316
-347
-133
-418
-35
-178
-7
23
-87
244
71
297
102
464
221
421
544
299
702
426
650
640
651
640
651
859
597
800
732
713
853
636
820
672
736
693
660
693
517
705
474
524
479
434
436
290
356
207
263
130
94
99
-19
-5
-132
-103
-194
-220
-322
-321
-329
-445
-435
-528
-419
-579
-633
-511
-584
-644
-683
-625
-627
-643
-773
-701
-508
-677
-792
-589
-588
-611
-605
-688
-475
-375
-605
-614
-235
-259
-532
-352
-153
-181
-183
-310
-80
142
-164
-46
173
122
137
118
218
348
344
135
404
584
272
420
430
596
506
394
602
526
611
429
587
688
512
535
505
725
518
480
588
511
591
406
480
509
436
394
324
450
312
265
256
213
223
121
94
67
58
-4
-49
-81
-133
-164
-183
-272
-251
-258
-332
-363
-411
-347
-377
-522
-517
-385
-452
-579
-578
-457
-494
-609
-634
-451
-408
-666
-696
-439
-356
-594
-772
-395
-222
-602
-605
-397
-169
-444
-600
-258
-133
-233
-506
-160
23
-161
-212
-172
162
53
-69
-50
245
337
-9
165
361
406
248
225
479
536
397
388
600
590
509
562
615
687
667
637
677
755
682
679
695
648
755
678
672
619
626
602
522
509
443
494
396
313
274
273
254
68
47
122
16
-123
-176
-82
-180
-351
-343
-320
-373
-470
-522
-547
-452
-684
-660
-594
-677
-711
-798
-681
-765
-739
-954
-683
-648
-1015
-684
-815
-731
-795
-800
-599
-745
-714
-714
-465
-609
-741
-377
-442
-428
-371
-330
-186
-316
-148
-21
10
-22
32
297
288
282
282
451
663
511
569
754
806
797
759
939
1056
1007
898
1067
1221
1056
1000
1077
1148
1133
1010
1033
1120
957
841
881
914
811
619
613
633
542
364
301
307
194
92
16
-40
-111
-276
-305
-308
-430
-520
-628
-603
-701
-775
-837
-938
-873
-941
-1065
-1074
-1057
-1160
-1078
-1184
-1269
-1174
-1116
-1219
-1301
-1108
-1144
-1058
-1185
-1103
-871
-1015
-949
-865
-700
-692
-724
-595
-440
-352
-409
-274
-127
-36
39
41
196
382
340
474
611
574
823
829
853
1016
1068
1123
1173
1303
1269
1396
1371
1351
1537
1453
1428
1445
1459
1479
1411
1325
1274
1318
1231
1110
1077
986
936
835
702
674
581
422
302
257
213
38
-108
-182
-218
-350
-571
-579
-636
-737
-877
-978
-908
-1073
-1262
-1236
-1174
-1324
-1497
-1448
-1463
-1472
-1513
-1616
-1512
-1468
-1595
-1513
-1487
-1468
-1416
-1420
-1282
-1194
-1159
-1208
-1064
-926
-847
-735
-702
-551
-382
-285
-263
-140
25
160
263
388
547
621
722
855
952
1041
1166
1294
1366
1406
1422
1545
1610
1579
1658
1734
1733
1692
1652
1657
1694
1580
1533
1584
1508
1374
1291
1210
1159
1062
923
881
784
622
509
436
313
172
47
-48
-117
-249
-422
-526
-631
-695
-820
-983
-994
-1070
-1223
-1349
-1359
-1399
-1551
-1612
-1582
-1564
-1705
-1783
-1695
-1670
-1711
-1736
-1711
-1553
-1547
-1618
-1525
-1356
-1328
-1332
-1116
-1061
-953
-846
-786
-597
-438
-386
-297
-56
76
159
272
415
596
719
738
892
1113
1181
1192
1265
1404
1504
1518
1522
1635
1731
1688
1616
1635
1697
1698
1616
1596
1619
1559
1434
1363
1379
1315
1199
1115
1079
1009
863
743
661
605
502
327
228
175
55
-104
-226
-308
-406
-523
-648
-721
-814
-948
-1073
-1114
-1178
-1284
-1330
-1405
-1446
-1523
-1596
-1593
-1612
-1633
-1667
-1621
-1620
-1650
-1618
-1554
-1501
-1483
-1388
-1330
-1260
-1173
-1063
-1010
-866
-716
-636
-497
-410
-254
-68
68
105
195
421
601
662
701
819
987
1045
1088
1167
1286
1341
1314
1336
1411
1452
1384
1385
1445
1467
1398
1298
1284
1331
1289
1207
1137
1111
1088
988
934
886
821
707
633
599
517
439
324
225
184
85
-28
-118
-185
-254
-359
-467
-568
-607
-692
-777
-841
-916
-972
-1056
-1110
-1132
-1165
-1242
-1303
-1301
-1280
-1332
-1377
-1345
-1299
-1291
-1311
-1271
-1194
-1155
-1110
-1031
-921
-862
-830
-690
-504
-400
-388
-314
-117
73
140
149
263
453
563
597
638
771
860
857
875
980
1037
990
997
1068
1122
1054
964
982
1057
1048
949
922
923
907
862
825
819
767
723
673
673
646
560
478
442
431
372
278
212
183
134
43
-43
-100
-151
-227
-301
-339
-407
-508
-576
-623
-638
-702
-808
-842
-885
-891
-945
-1002
-1011
-1021
-1012
-1013
-996
-1013
-1018
-960
-906
-846
-831
-796
-663
-564
-515
-524
-419
-232
-146
-123
-75
60
155
204
254
333
425
446
451
510
574
586
570
600
646
650
601
568
616
631
598
561
552
572
549
519
504
492
463
435
425
429
425
382
326
305
324
289
230
208
194
160
98
65
38
-6
-60
-99
-127
-160
-228
-264
-292
-330
-359
-429
-437
-476
-479
-517
-546
-535
-565
-530
-553
-537
-520
-487
-456
-430
-396
-347
-255
-208
-201
-183
-73
44
67
46
108
205
263
261
279
337
369
360
335
362
385
351
314
323
340
292
209
206
226
201
147
93
105
102
70
56
39
34
4
-3
11
7
-9
-50
-49
-32
-47
-64
-94
-92
-105
-129
-133
-155
-171
-200
-203
-212
-230
-242
-265
-279
-289
-308
-329
-312
-318
-319
-317
-305
-293
-287
-261
-227
-195
-198
-150
-94
-53
-7
36
103
167
202
202
274
409
461
432
421
502
581
587
562
573
603
581
540
515
516
482
405
367
356
305
205
148
148
122
47
-32
-46
-57
-88
-117
-152
-170
-209
-235
-228
-223
-255
-314
-325
-307
-307
-334
-361
-349
-357
-391
-411
-409
-421
-439
-451
-449
-439
-466
-484
-490
-471
-459
-466
-452
-431
-404
-398
-385
-347
-289
-220
-190
-174
-152
-82
6
77
133
204
311
377
406
417
526
671
730
704
710
791
849
863
851
865
866
825
769
736
734
674
600
544
511
452
339
278
263
222
149
62
17
3
-23
-57
-101
-143
-206
-249
-270
-274
-303
-364
-405
-420
-435
-473
-508
-529
-554
-592
-631
-659
-692
-721
-726
-725
-719
-748
-782
-797
-758
-726
-723
-726
-723
-682
-664
-615
-590
-516
-457
-412
-363
-334
-226
-142
-26
59
171
288
352
405
479
666
819
850
814
863
991
1067
1068
1048
1064
1067
1020
965
940
918
855
778
730
687
595
485
439
432
385
291
200
165
156
146
123
87
30
-15
-28
-36
-51
-102
-158
-181
-202
-236
-288
-338
-369
-407
-449
-516
-577
-632
-673
-689
-701
-727
-790
-847
-871
-843
-840
-868
-885
-874
-852
-859
-852
-814
-726
-668
-654
-622
-559
-454
-380
-256
-143
-26
53
95
202
334
511
588
614
651
762
870
918
943
967
997
983
954
934
921
867
814
776
734
654
540
483
474
431
351
252
205
181
162
150
129
92
38
26
33
30
-4
-56
-72
-78
-91
-141
-176
-199
-232
-257
-298
-338
-402
-458
-476
-471
-498
-547
-616
-658
-666
-684
-684
-716
-728
-743
-756
-739
-743
-683
-652
-616
-587
-576
-508
-455
-343
-238
-141
-73
-18
49
146
305
415
482
497
553
654
756
814
821
834
852
866
840
815
786
744
701
669
631
544
462
414
397
360
289
223
176
152
130
112
80
21
-23
-35
-38
-52
-104
-149
-164
-177
-188
-228
-263
-287
-312
-328
-359
-393
-429
-458
-453
-453
-466
-501
-537
-551
-531
-527
-538
-544
-550
-534
-539
-522
-502
-448
-401
-400
-384
-360
-296
-238
-165
-82
-6
30
61
122
249
383
423
433
475
566
646
677
698
721
722
722
710
708
685
627
573
551
537
472
375
318
300
260
194
113
70
34
-7
-35
-59
-91
-150
-194
-202
-200
-220
-267
-289
-285
-282
-298
-326
-331
-338
-346
-353
-358
-371
-400
-406
-392
-360
-360
-376
-400
-396
-366
-350
-329
-335
-306
-302
-281
-266
-243
-178
-148
-122
-131
-97
-43
22
98
155
203
228
267
322
418
506
540
532
547
623
681
700
689
683
678
664
640
615
572
508
461
427
391
302
201
148
122
69
-24
-103
-153
-180
-211
-246
-292
-354
-397
-414
-399
-405
-447
-486
-502
-484
-472
-478
-492
-505
-503
-480
-471
-473
-488
-481
-449
-416
-383
-385
-383
-391
-346
-303
-272
-262
-267
-209
-191
-162
-164
-110
-41
-2
9
15
66
111
194
266
356
384
392
408
488
615
668
676
647
698
784
809
808
784
784
787
763
746
712
641
551
511
525
488
358
224
189
189
127
14
-76
-112
-138
-185
-230
-284
-357
-421
-437
-397
-418
-502
-586
-593
-543
-536
-571
-616
-619
-603
-596
-603
-607
-605
-598
-566
-523
-495
-509
-530
-505
-431
-374
-363
-386
-351
-290
-245
-234
-229
-137
-95
-50
-51
-35
35
62
146
227
294
315
288
315
431
544
589
555
545
628
703
728
707
698
705
712
720
720
688
589
524
536
575
533
400
305
294
302
256
158
84
56
35
22
-10
-80
-169
-226
-194
-156
-205
-313
-394
-385
-344
-354
-407
-461
-499
-490
-477
-482
-514
-571
-570
-530
-488
-501
-556
-583
-563
-496
-446
-461
-482
-479
-438
-371
-371
-331
-283
-251
-206
-220
-158
-109
-57
16
78
164
178
170
196
339
468
494
438
438
557
639
658
629
638
667
669
682
702
681
589
523
562
636
590
443
353
367
403
363
277
223
203
176
175
155
94
13
-47
3
45
-13
-130
-221
-188
-144
-160
-235
-321
-340
-349
-352
-377
-434
-482
-512
-492
-465
-495
-578
-648
-630
-547
-524
-582
-629
-626
-564
-556
-561
-523
-485
-446
-466
-443
-372
-345
-298
-244
-130
-46
-62
-84
-5
170
266
262
230
318
433
484
505
520
555
568
581
625
670
614
516
513
599
651
554
438
425
449
466
406
341
313
281
286
305
282
203
100
98
183
202
126
12
-22
27
60
33
-42
-112
-147
-138
-134
-175
-254
-331
-337
-306
-307
-374
-475
-524
-493
-463
-486
-551
-607
-590
-568
-569
-584
-583
-566
-532
-522
-491
-463
-456
-363
-292
-180
-157
-183
-143
-22
139
188
171
172
273
385
450
471
456
459
494
550
611
577
477
427
478
564
535
413
328
321
355
352
282
214
159
160
219
234
164
54
22
117
202
180
82
3
27
108
150
123
42
-28
-22
27
33
-26
-124
-167
-136
-111
-145
-238
-342
-363
-329
-324
-372
-468
-513
-492
-478
-469
-481
-500
-474
-479
-435
-399
-415
-361
-303
-173
-115
-153
-153
-82
90
192
180
147
191
279
357
416
403
375
348
364
450
458
362
241
214
294
321
228
111
44
48
71
47
1
-87
-139
-108
-46
-35
-124
-207
-175
-62
-15
-52
-126
-145
-73
3
56
26
-44
-66
-24
54
51
-20
-90
-84
-27
-5
-37
-134
-180
-178
-147
-133
-190
-237
-269
-240
-219
-191
-195
-219
-209
-184
-110
-101
-84
-38
53
157
158
135
162
290
395
415
389
396
448
484
531
556
528
476
429
459
510
451
331
238
253
283
223
114
31
-14
-29
-51
-94
-156
-248
-273
-243
-205
-243
-342
-377
-326
-253
-251
-301
-353
-342
-282
-225
-209
-255
-293
-288
-233
-190
-204
-255
-291
-266
-217
-190
-230
-285
-293
-261
-223
-249
-283
-283
-256
-220
-204
-164
-144
-135
-139
-82
-20
7
33
86
210
247
224
188
296
441
480
449
411
481
526
556
574
584
565
491
476
523
549
461
335
307
349
344
244
155
117
100
76
27
-13
-86
-149
-149
-106
-107
-207
-300
-298
-220
-185
-236
-315
-355
-327
-280
-246
-269
-322
-354
-334
-288
-267
-302
-352
-365
-330
-275
-280
-328
-371
-361
-294
-284
-283
-330
-321
-281
-254
-178
-167
-143
-176
-148
-65
-13
29
29
126
213
244
198
190
328
436
476
412
411
471
501
543
557
581
537
464
481
548
565
465
366
369
408
395
309
251
230
204
174
144
113
51
-3
14
52
26
-90
-175
-151
-84
-70
-140
-227
-265
-255
-214
-198
-235
-307
-363
-344
-314
-323
-382
-447
-449
-414
-384
-414
-486
-529
-514
-454
-434
-449
-487
-495
-458
-421
-333
-303
-302
-324
-300
-195
-140
-93
-81
6
100
122
108
116
244
332
370
355
373
432
445
486
536
573
543
481
493
559
583
511
448
459
487
461
404
373
366
340
303
281
253
211
173
190
219
181
89
9
23
69
79
22
-55
-102
-121
-98
-106
-149
-218
-282
-290
-300
-320
-388
-460
-479
-471
-449
-486
-569
-627
-635
-581
-549
-559
-604
-640
-631
-582
-476
-417
-421
-461
-475
-364
-261
-211
-217
-168
-31
40
42
10
101
232
284
288
312
420
445
434
471
570
632
538
495
557
642
622
535
555
597
576
481
463
516
512
443
382
397
386
325
305
347
368
278
169
155
217
230
158
99
71
46
0
-25
-18
-54
-154
-230
-228
-232
-317
-426
-454
-426
-435
-523
-607
-606
-605
-633
-656
-637
-629
-692
-737
-675
-546
-504
-591
-619
-591
-510
-430
-407
-342
-323
-304
-248
-142
-79
-117
-104
-15
118
176
175
221
277
302
306
388
499
523
477
461
525
573
543
516
561
586
527
472
470
497
458
381
371
405
396
330
295
315
320
269
226
236
253
232
197
182
185
131
86
75
82
75
15
-53
-121
-186
-231
-219
-199
-232
-318
-421
-462
-463
-481
-480
-484
-476
-512
-554
-524
-499
-511
-536
-510
-459
-406
-429
-456
-390
-360
-368
-371
-318
-253
-210
-199
-163
-94
-78
-71
-21
63
136
186
233
259
261
255
295
394
459
454
435
418
405
411
424
442
429
362
307
325
341
320
285
242
244
255
257
261
248
225
229
232
228
210
195
215
196
185
145
103
66
42
43
28
46
-51
-107
-162
-197
-166
-207
-213
-268
-302
-313
-330
-341
-359
-342
-369
-377
-355
-337
-308
-368
-391
-376
-343
-313
-330
-312
-292
-288
-310
-300
-239
-178
-157
-155
-118
-65
-23
-6
12
60
115
164
203
226
232
231
218
248
309
320
302
268
251
261
258
238
225
218
201
206
196
187
175
158
165
172
181
168
166
153
151
155
162
140
104
93
100
117
100
54
10
-3
-45
-51
-55
-70
-92
-148
-179
-171
-183
-230
-242
-227
-226
-231
-258
-257
-237
-242
-246
-244
-215
-208
-211
-211
-202
-175
-162
-160
-148
-129
-118
-100
-81
-64
-40
-28
-32
-10
25
68
86
72
61
75
108
135
153
159
159
158
149
158
168
183
187
173
170
158
146
133
130
139
142
133
116
110
105
107
113
115
104
90
91
106
111
94
70
46
37
31
36
41
22
-10
-52
-64
-69
-82
-96
-115
-118
-143
-165
-182
-190
-182
-192
-193
-189
-179
-182
-191
-170
-157
-143
-132
-117
-94
-87
-74
-63
-35
-25
-21
-9
-7
17
33
42
45
34
24
30
56
61
56
55
68
83
68
64
71
84
93
93
109
121
122
111
102
118
130
127
104
95
98
96
96
80
75
64
41
30
26
31
12
-10
-23
-37
-41
-48
-60
-68
-78
-97
-100
-86
-90
-102
-111
-113
-98
-104
-119
-110
-100
-105
-112
-119
-105
-85
-91
-92
-67
-31
-21
-47
-54
-38
-25
-6
10
27
38
19
11
29
44
43
27
22
36
45
31
32
43
51
52
35
32
48
48
50
47
60
65
62
79
92
116
110
111
104
97
99
93
112
116
104
79
67
66
38
15
1
2
2
-37
-51
-39
-46
-82
-101
-109
-98
-85
-126
-119
-99
-116
-118
-104
-88
-62
-57
-71
-54
-32
-25
-23
7
21
38
43
37
76
56
57
26
90
108
92
112
52
86
56
52
34
61
62
9
45
-21
-35
-39
-63
-37
-41
-28
-92
-48
-76
-122
-89
-130
-57
-65
-59
-94
-53
-50
-104
-87
-105
-33
-3
-10
-33
4
-10
-45
-34
-31
-4
4
-13
-7
33
3
-40
-31
-10
-3
-17
-36
-13
7
-14
-32
-14
19
15
18
24
58
78
83
80
116
169
150
177
196
216
228
239
219
210
289
262
241
245
252
215
205
178
159
194
90
37
24
27
-55
-59
-126
-107
-125
-265
-247
-302
-313
-330
-296
-311
-319
-337
-424
-385
-394
-379
-358
-325
-277
-310
-247
-262
-243
-252
-260
-173
-125
-68
-84
-56
-41
-39
-13
-28
29
74
91
119
138
162
143
131
132
160
207
201
204
238
266
265
271
287
297
334
325
349
407
411
428
440
469
483
471
457
472
498
490
470
464
435
409
355
297
256
200
142
81
49
-15
-108
-179
-241
-313
-384
-466
-506
-523
-576
-640
-688
-705
-737
-801
-819
-785
-757
-790
-803
-793
-739
-699
-694
-649
-613
-564
-531
-485
-430
-360
-307
-272
-196
-143
-87
-37
19
105
171
206
232
278
327
368
387
399
434
460
472
498
529
546
550
547
572
613
645
667
686
714
742
767
792
830
841
853
865
871
876
849
832
818
790
731
655
588
511
420
311
209
115
7
-108
-229
-333
-432
-542
-635
-726
-794
-872
-949
-994
-1020
-1052
-1093
-1124
-1137
-1135
-1150
-1166
-1163
-1143
-1121
-1095
-1055
-999
-963
-921
-856
-785
-708
-659
-589
-492
-371
-267
-174
-80
6
86
128
201
294
358
409
452
520
586
614
631
650
670
675
678
707
765
803
826
870
906
947
969
991
1046
1078
1103
1124
1163
1189
1187
1153
1116
1083
1002
916
828
742
641
522
397
277
151
5
-133
-252
-373
-506
-634
-736
-820
-893
-962
-1031
-1077
-1133
-1178
-1224
-1241
-1253
-1282
-1313
-1320
-1296
-1296
-1272
-1266
-1217
-1184
-1145
-1092
-1038
-950
-906
-809
-691
-535
-423
-345
-212
-100
20
79
162
273
355
440
493
599
674
706
726
740
785
784
786
802
850
899
911
947
984
1026
1040
1046
1076
1104
1119
1115
1144
1179
1185
1158
1118
1072
1011
919
812
720
625
513
388
282
180
67
-72
-205
-318
-435
-548
-654
-719
-781
-854
-918
-966
-1005
-1051
-1113
-1153
-1175
-1221
-1238
-1266
-1254
-1260
-1250
-1225
-1194
-1137
-1127
-1063
-1024
-952
-884
-824
-697
-589
-460
-372
-265
-133
-38
54
123
226
319
394
461
526
610
652
679
699
723
735
722
727
747
768
776
773
797
830
845
849
857
875
878
874
865
886
896
861
834
796
765
722
642
571
485
396
305
223
150
56
-38
-139
-215
-292
-379
-465
-547
-597
-662
-706
-737
-766
-794
-830
-856
-864
-872
-894
-904
-912
-902
-895
-881
-855
-825
-796
-768
-702
-647
-592
-551
-486
-393
-309
-222
-159
-57
32
102
171
238
317
358
396
427
475
517
536
559
573
586
575
566
566
569
561
545
542
549
561
560
566
579
595
592
584
587
584
574
548
530
511
478
424
366
318
254
175
91
11
-62
-140
-218
-287
-341
-406
-469
-519
-560
-594
-632
-666
-688
-694
-703
-700
-690
-689
-681
-674
-668
-647
-631
-617
-584
-546
-501
-468
-421
-376
-334
-290
-255
-186
-112
-50
7
79
158
221
276
318
373
420
447
466
488
515
533
537
534
534
521
500
483
472
457
436
426
425
431
430
423
421
429
426
413
405
403
389
374
343
312
284
236
186
126
69
-9
-89
-158
-226
-290
-362
-426
-486
-532
-578
-621
-651
-687
-704
-715
-715
-703
-692
-679
-665
-641
-617
-590
-568
-554
-522
-502
-460
-423
-377
-330
-300
-238
-195
-131
-87
-36
33
99
179
225
304
371
431
485
519
568
600
628
646
672
697
698
700
699
695
676
652
625
605
587
554
535
519
507
486
466
452
435
415
376
351
320
276
227
170
124
61
-5
-85
-156
-224
-303
-379
-453
-524
-593
-659
-711
-748
-782
-823
-855
-863
-862
-857
-852
-841
-821
-795
-765
-727
-680
-647
-608
-567
-526
-481
-437
-383
-335
-271
-220
-161
-88
-27
35
90
151
224
294
354
413
490
550
600
644
682
726
754
767
774
791
798
788
777
764
753
730
696
671
651
621
586
555
532
510
479
446
413
381
332
281
231
181
122
59
-10
-83
-153
-227
-307
-388
-468
-546
-623
-693
-754
-807
-855
-896
-924
-941
-943
-949
-943
-929
-909
-881
-842
-795
-745
-692
-635
-574
-523
-463
-409
-351
-302
-244
-184
-128
-59
-4
66
130
193
244
298
365
423
484
527
583
637
688
725
753
788
804
816
817
822
825
814
795
774
758
729
696
660
624
590
548
504
471
444
405
363
319
280
242
192
140
88
37
-29
-95
-157
-215
-283
-360
-435
-502
-564
-631
-691
-747
-789
-832
-864
-884
-894
-895
-903
-895
-870
-834
-806
-771
-721
-672
-624
-574
-516
-459
-406
-363
-311
-264
-215
-168
-125
-63
-24
22
64
120
167
203
250
292
352
391
430
470
514
554
573
598
625
647
651
652
660
664
662
647
640
633
615
589
559
545
531
504
477
457
436
409
379
350
327
293
243
198
163
123
68
11
-46
-104
-161
-230
-289
-349
-412
-474
-524
-567
-606
-637
-672
-691
-702
-710
-714
-711
-697
-681
-657
-634
-603
-564
-527
-484
-444
-403
-370
-339
-301
-261
-220
-191
-157
-121
-85
-55
-16
18
50
80
110
157
198
231
256
296
330
363
385
406
432
451
460
464
487
497
497
494
495
497
489
477
463
461
449
422
413
405
398
380
362
345
329
310
274
248
216
175
130
85
43
-5
-57
-118
-166
-209
-264
-318
-363
-406
-443
-479
-507
-523
-536
-554
-563
-559
-558
-548
-539
-517
-494
-463
-438
-410
-373
-349
-318
-292
-262
-245
-218
-197
-170
-137
-118
-96
-69
-38
-20
11
35
69
97
122
146
178
213
227
256
280
311
333
348
362
381
397
399
408
423
433
432
429
421
424
423
408
398
386
375
361
351
338
322
303
269
247
222
189
151
113
79
35
-4
-54
-98
-140
-188
-228
-268
-307
-345
-378
-402
-420
-436
-452
-463
-463
-461
-458
-449
-442
-432
-419
-401
-378
-350
-334
-318
-295
-274
-260
-242
-229
-211
-189
-175
-151
-128
-101
-90
-67
-42
-14
14
31
56
85
117
136
160
181
200
221
236
255
273
288
289
298
309
315
322
320
320
322
320
316
313
315
313
307
306
301
301
296
284
279
266
249
230
213
189
164
134
98
67
32
-7
-49
-81
-115
-149
-182
-212
-233
-254
-275
-288
-297
-304
-308
-312
-308
-302
-293
-284
-272
-257
-244
-227
-215
-201
-190
-180
-166
-154
-143
-135
-121
-107
-98
-88
-74
-59
-41
-25
-12
9
30
44
57
67
82
94
103
109
112
120
120
125
130
130
127
121
117
117
118
111
109
108
109
111
118
121
124
132
135
142
149
148
150
146
141
130
118
99
77
56
29
5
-26
-57
-89
-119
-145
-168
-187
-206
-219
-231
-238
-240
-238
-235
-227
-213
-198
-180
-160
-140
-120
-99
-80
-60
-46
-30
-20
-5
4
16
27
33
43
46
59
69
80
91
95
102
109
123
131
138
141
147
155
158
160
159
158
152
148
138
130
120
108
99
89
85
78
71
63
57
56
53
52
52
52
53
50
50
46
42
34
18
8
-11
-32
-59
-85
-110
-138
-169
-196
-220
-243
-261
-278
-287
-291
-293
-290
-280
-268
-254
-238
-222
-200
-174
-149
-124
-98
-71
-47
-22
1
23
43
59
72
86
97
108
119
127
138
147
160
174
189
198
211
221
228
234
238
244
245
244
235
227
221
208
194
173
156
138
120
100
82
68
50
37
24
17
8
1
-8
-12
-13
-18
-22
-27
-31
-40
-52
-66
-81
-103
-126
-151
-177
-206
-239
-268
-297
-318
-340
-357
-371
-380
-385
-388
-382
-373
-357
-340
-317
-287
-258
-221
-187
-148
-110
-70
-33
0
33
64
95
121
147
171
193
210
225
241
259
278
294
309
325
338
351
364
370
375
369
365
357
345
329
310
292
271
250
228
202
179
155
133
115
99
82
64
46
33
23
15
9
3
-1
-8
-16
-24
-39
-53
-70
-90
-113
-143
-176
-213
-249
-287
-327
-365
-403
-434
-462
-481
-493
-500
-502
-501
-489
-471
-448
-424
-394
-361
-321
-278
-234
-189
-148
-106
-67
-27
10
46
77
106
135
159
184
207
228
248
265
290
308
330
351
370
389
402
414
423
430
434
435
433
424
411
397
379
360
339
314
290
264
237
210
182
156
128
102
79
55
34
14
-5
-24
-44
-63
-85
-104
-129
-154
-182
-214
-246
-278
-311
-344
-382
-416
-449
-477
-502
-523
-535
-545
-545
-542
-532
-518
-500
-477
-446
-411
-373
-334
-296
-253
-214
-170
-131
-93
-53
-15
24
58
92
123
156
186
215
242
271
296
323
344
365
385
404
425
438
453
463
471
474
474
470
461
450
434
417
394
368
338
312
287
262
236
209
183
159
137
118
99
83
62
42
22
1
-21
-45
-70
-96
-123
-151
-181
-210
-239
-268
-299
-329
-359
-388
-411
-432
-449
-461
-470
-473
-471
-461
-449
-434
-415
-394
-368
-339
-312
-285
-257
-230
-198
-170
-140
-112
-85
-57
-31
-7
18
39
61
79
100
119
141
164
186
207
221
240
255
272
283
296
308
312
319
318
319
312
308
300
290
281
267
257
244
231
218
203
193
183
171
163
151
142
130
118
106
93
81
64
45
23
1
-22
-47
-74
-101
-131
-162
-187
-213
-232
-255
-275
-293
-306
-313
-320
-322
-322
-319
-313
-301
-285
-266
-247
-228
-210
-193
-173
-157
-138
-122
-102
-84
-65
-47
-26
-9
6
21
35
52
67
84
96
111
124
141
157
168
181
189
198
203
208
210
210
210
207
205
201
197
188
181
170
161
151
141
134
126
120
114
110
103
97
88
77
65
54
41
27
13
0
-16
-35
-55
-73
-92
-112
-132
-151
-172
-191
-209
-221
-227
-232
-236
-236
-233
-231
-225
-217
-208
-197
-186
-172
-161
-145
-130
-114
-101
-89
-75
-65
-48
-34
-17
-4
7
26
37
58
64
79
84
93
108
113
131
135
148
153
163
169
171
175
171
174
166
164
156
151
145
135
128
114
112
99
91
83
74
67
61
58
52
47
42
36
28
21
12
-1
-9
-22
-33
-46
-60
-71
-81
-93
-106
-116
-125
-136
-147
-154
-158
-160
-163
-165
-163
-159
-157
-151
-145
-132
-121
-110
-97
-83
-71
-60
-47
-39
-28
-19
-10
2
15
28
37
47
56
64
71
79
85
90
96
99
104
107
109
110
109
106
102
100
97
93
85
80
73
67
61
54
50
48
45
38
33
28
26
26
25
25
22
16
14
11
8
0
-9
-19
-27
-35
-43
-52
-63
-70
-78
-83
-90
-95
-102
-105
-106
-109
-109
-109
-106
-103
-97
-92
-84
-76
-67
-56
-48
-36
-27
-19
-11
-3
6
10
18
23
27
33
37
44
54
60
66
72
76
80
84
84
84
80
76
74
73
70
67
61
58
54
46
40
33
25
18
14
9
4
1
-3
-2
-5
-9
-11
-13
-12
-14
-11
-13
-13
-13
-15
-16
-22
-30
-37
-46
-52
-58
-62
-65
-66
-69
-72
-74
-74
-74
-75
-74
-73
-69
-66
-62
-54
-44
-37
-28
-18
-10
-3
6
15
24
31
38
43
46
50
54
57
58
62
65
69
73
78
81
86
88
88
86
83
81
77
72
67
59
54
48
43
35
30
23
17
11
6
0
-7
-12
-17
-18
-20
-24
-27
-31
-34
-35
-38
-38
-40
-41
-40
-43
-46
-50
-56
-60
-64
-69
-73
-77
-81
-81
-81
-81
-83
-83
-80
-77
-71
-64
-57
-51
-47
-40
-32
-24
-15
-7
2
10
18
27
36
45
49
52
55
58
62
65
68
71
72
74
76
78
80
80
80
79
78
76
73
66
60
55
49
43
40
34
31
27
24
19
12
6
0
-5
-12
-16
-22
-25
-30
-33
-34
-36
-38
-39
-38
-39
-39
-42
-45
-47
-49
-52
-56
-61
-64
-66
-67
-68
-67
-68
-66
-66
-65
-63
-60
-55
-53
-48
-43
-36
-31
-26
-22
-19
-14
-9
-1
7
14
19
24
32
38
44
47
48
49
49
50
51
52
53
54
56
56
57
57
58
56
53
49
45
42
40
39
37
37
35
33
29
29
27
26
22
18
13
9
7
5
3
0
-3
-7
-8
-13
-15
-17
-19
-19
-19
-19
-17
-21
-23
-24
-27
-28
-30
-31
-30
-32
-30
-29
-28
-28
-29
-27
-26
-24
-23
-23
-19
-19
-18
-16
-15
-16
-15
-10
-5
-2
2
5
8
10
11
12
10
8
5
2
1
0
-1
-1
0
0
1
-1
0
2
4
2
-1
-2
-2
-1
-1
0
-1
-2
-1
0
4
4
5
7
8
10
9
11
11
10
8
4
3
1
1
2
4
8
9
8
8
7
8
8
6
4
2
1
1
1
2
1
0
-1
-1
-1
0
0
-2
-6
-5
-4
-2
-3
-5
-5
-2
0
1
3
4
5
5
5
3
0
-1
-3
-7
-11
-14
-18
-20
-21
-22
-19
-20
-23
-26
-26
-25
-24
-25
-24
-22
-21
-17
-13
-9
-3
2
6
11
16
21
25
29
34
35
35
33
32
31
30
32
31
30
28
27
28
27
29
28
28
25
22
20
20
21
20
23
23
24
22
18
17
13
11
7
2
0
-1
-1
0
-1
0
-1
-2
-3
-6
-6
-6
-7
-10
-12
-16
-21
-23
-28
-29
-35
-43
-47
-49
-54
-58
-63
-66
-69
-73
-76
-79
-78
-77
-73
-69
-66
-63
-59
-50
-40
-32
-26
-21
-16
-13
-7
0
5
13
20
24
28
28
29
32
34
35
33
34
33
35
38
36
37
38
39
43
46
50
54
56
56
59
62
64
66
65
66
63
59
56
55
52
50
49
45
45
43
38
36
31
27
22
18
13
7
3
-3
-6
-12
-21
-29
-36
-42
-48
-55
-58
-63
-67
-74
-77
-79
-83
-84
-85
-85
-81
-77
-74
-69
-62
-56
-50
-47
-42
-39
-35
-30
-25
-17
-11
-4
2
5
7
9
11
12
14
17
18
20
24
29
34
38
42
43
44
46
49
53
56
61
64
66
68
71
74
76
78
77
76
74
72
68
66
62
58
56
52
50
43
38
31
25
17
12
4
-4
-13
-23
-32
-42
-50
-60
-71
-78
-85
-92
-98
-103
-105
-107
-109
-111
-112
-110
-109
-105
-102
-97
-88
-83
-75
-67
-61
-56
-53
-47
-43
-37
-32
-28
-22
-18
-15
-10
-3
3
7
10
14
19
21
25
29
35
39
44
50
55
62
66
72
79
85
90
95
95
95
95
95
94
96
95
94
93
93
89
88
83
79
75
70
65
58
51
46
40
34
25
16
6
-2
-10
-19
-28
-38
-46
-54
-61
-69
-75
-82
-88
-93
-96
-96
-96
-94
-90
-87
-81
-76
-72
-68
-64
-57
-52
-46
-41
-36
-32
-27
-22
-19
-16
-15
-13
-11
-9
-8
-9
-7
-5
-2
0
5
9
15
20
23
27
29
32
37
40
45
46
50
54
58
61
62
64
66
67
69
70
68
68
65
63
58
54
52
49
44
37
31
28
23
18
12
4
-7
-16
-26
-36
-46
-54
-61
-66
-73
-78
-85
-86
-86
-86
-85
-83
-81
-80
-76
-70
-68
-64
-59
-55
-50
-46
-44
-42
-38
-36
-33
-29
-27
-23
-21
-19
-17
-17
-18
-20
-18
-17
-14
-11
-9
-4
1
7
12
19
25
30
34
39
44
50
54
58
61
65
69
73
77
78
81
84
87
90
93
93
91
91
90
87
83
79
74
68
61
55
49
44
39
33
26
19
9
4
-2
-7
-12
-20
-27
-35
-40
-45
-47
-48
-49
-48
-50
-50
-46
-44
-44
-43
-45
-44
-46
-47
-44
-43
-42
-43
-44
-43
-46
-47
-49
-50
-49
-48
-48
-49
-49
-50
-49
-50
-48
-46
-44
-41
-37
-34
-32
-26
-18
-11
-5
0
5
10
17
23
31
36
42
47
50
52
55
57
60
63
63
61
60
56
55
53
52
50
48
46
42
40
34
29
24
20
16
14
10
4
1
-5
-7
-8
-7
-10
-13
-13
-14
-14
-14
-15
-16
-19
-20
-21
-23
-24
-21
-21
-22
-23
-24
-26
-26
-27
-31
-34
-37
-42
-42
-47
-47
-47
-47
-47
-46
-46
-48
-48
-44
-40
-36
-32
-27
-21
-13
-5
4
13
19
25
31
38
42
46
50
54
57
59
62
64
67
67
65
63
62
59
56
53
48
43
38
32
28
24
20
16
11
8
5
2
0
-1
-5
-7
-8
-11
-12
-14
-14
-12
-14
-14
-15
-16
-14
-13
-11
-10
-8
-10
-13
-15
-18
-20
-23
-28
-31
-35
-39
-44
-49
-50
-53
-56
-58
-59
-62
-62
-59
-58
-54
-49
-45
-40
-34
-29
-22
-14
-7
0
7
13
18
24
29
35
40
44
47
51
53
55
54
51
48
44
41
39
37
35
34
33
31
28
24
22
18
15
13
10
6
2
0
-3
-3
-5
-8
-10
-11
-13
-12
-11
-9
-8
-6
-5
-3
-3
0
4
6
9
8
6
6
8
8
7
5
3
1
-4
-8
-13
-17
-21
-26
-28
-29
-30
-29
-28
-27
-26
-22
-18
-14
-13
-8
-3
3
7
12
17
20
23
26
29
31
31
29
29
28
24
20
16
10
6
3
0
-1
-5
-7
-9
-11
-12
-14
-16
-17
-17
-19
-20
-20
-20
-21
-21
-22
-20
-18
-14
-14
-14
-11
-8
-3
0
2
2
4
10
13
16
17
18
19
20
22
23
20
19
17
17
15
11
5
-1
-5
-8
-9
-12
-13
-14
-13
-11
-10
-9
-11
-9
-9
-7
-3
-1
1
4
7
12
15
17
16
16
16
16
15
14
10
7
2
-1
-4
-7
-10
-13
-16
-19
-23
-25
-26
-28
-30
-32
-32
-34
-35
-36
-38
-35
-35
-32
-30
-28
-25
-20
-15
-10
-6
-2
3
10
16
21
26
31
34
40
43
45
47
48
49
49
49
48
47
43
38
31
25
20
15
11
8
4
0
-4
-4
-5
-5
-4
-4
-4
-2
-1
1
2
5
8
8
9
9
9
10
12
12
10
7
4
2
1
-2
-6
-10
-14
-20
-21
-26
-29
-32
-35
-38
-41
-44
-45
-45
-45
-47
-47
-48
-48
-48
-46
-43
-39
-35
-29
-23
-19
-14
-7
-1
4
10
15
20
27
32
37
42
47
52
56
58
61
62
64
63
60
59
55
51
47
44
39
36
33
29
28
21
18
14
12
9
8
6
5
4
2
1
-2
-5
-10
-14
-18
-22
-26
-30
-33
-37
-42
-47
-52
-56
-61
-66
-71
-75
-81
-86
-88
-92
-93
-95
-95
-95
-93
-90
-87
-85
-81
-77
-72
-65
-56
-45
-33
-23
-11
1
11
23
34
45
56
66
74
84
92
102
109
118
126
130
132
134
134
133
131
128
123
119
112
107
99
92
86
79
70
63
55
47
39
32
26
20
16
10
8
0
-4
-10
-14
-19
-25
-31
-38
-42
-46
-52
-57
-60
-65
-70
-76
-81
-85
-90
-93
-95
-97
-100
-101
-102
-103
-102
-100
-99
-98
-96
-94
-90
-84
-77
-71
-65
-58
-50
-41
-32
-21
-8
3
15
25
34
44
54
64
72
78
86
91
97
103
105
105
105
104
99
97
92
88
81
73
63
54
45
36
27
20
11
2
-7
-14
-21
-27
-33
-39
-44
-49
-51
-54
-57
-57
-60
-64
-66
-67
-67
-66
-63
-61
-59
-58
-57
-55
-57
-56
-55
-53
-52
-49
-46
-42
-41
-39
-35
-33
-31
-28
-24
-18
-13
-7
0
7
15
21
29
37
45
55
66
74
84
92
100
109
115
120
124
127
130
129
127
125
121
118
113
109
102
95
85
72
60
47
34
22
11
0
-9
-22
-31
-40
-50
-57
-64
-70
-77
-81
-86
-88
-91
-92
-93
-94
-94
-93
-92
-90
-88
-85
-81
-76
-71
-69
-65
-61
-57
-53
-49
-48
-45
-42
-38
-30
-26
-23
-21
-18
-14
-10
-6
-2
1
5
8
11
14
20
27
32
39
45
51
58
65
71
76
81
84
86
89
89
92
93
92
90
84
80
75
68
60
51
40
30
19
8
0
-9
-19
-28
-38
-45
-53
-57
-63
-68
-69
-74
-75
-76
-75
-75
-76
-74
-72
-68
-63
-59
-55
-50
-46
-40
-34
-30
-26
-23
-18
-12
-9
-6
-4
-2
0
3
6
6
8
9
11
14
15
17
17
19
21
23
25
27
30
35
39
44
46
50
54
59
62
65
67
69
73
74
75
74
72
71
67
65
58
50
45
39
34
26
16
5
-5
-15
-24
-32
-40
-48
-56
-62
-67
-71
-76
-76
-78
-79
-77
-76
-75
-72
-68
-64
-62
-58
-54
-50
-46
-41
-36
-33
-27
-23
-18
-11
-5
-1
3
7
11
14
16
18
19
19
21
23
24
25
26
27
27
27
26
26
28
28
28
28
32
35
38
41
44
46
49
52
56
56
58
58
58
57
55
54
50
46
41
37
30
24
16
7
-3
-13
-21
-30
-39
-47
-55
-61
-65
-69
-73
-77
-80
-82
-84
-84
-82
-80
-77
-75
-72
-68
-63
-58
-52
-46
-42
-38
-35
-31
-27
-21
-16
-12
-7
-1
4
9
12
16
17
18
17
17
18
21
23
24
25
28
31
32
34
34
36
36
37
40
43
45
48
52
55
59
61
61
62
62
62
63
61
60
60
58
55
52
48
43
37
32
25
21
15
7
0
-6
-13
-20
-26
-31
-37
-40
-44
-47
-51
-54
-56
-57
-57
-56
-57
-55
-52
-50
-47
-42
-38
-34
-31
-27
-24
-22
-19
-17
-14
-11
-9
-5
-1
3
5
7
8
9
10
9
9
8
7
5
6
5
4
5
5
5
6
7
11
13
17
19
21
22
23
25
28
28
29
33
33
34
34
34
34
35
34
30
29
27
25
21
16
10
4
-2
-8
-13
-20
-25
-28
-31
-34
-37
-38
-41
-43
-46
-49
-49
-50
-50
-48
-46
-43
-40
-39
-37
-34
-30
-26
-25
-23
-20
-16
-13
-10
-7
-4
-2
1
3
4
3
4
5
8
8
9
11
11
13
13
14
14
12
11
12
15
17
19
21
23
24
27
28
28
28
29
31
32
35
36
36
36
35
33
32
29
27
25
22
19
14
9
4
-1
-5
-8
-11
-14
-19
-22
-25
-27
-30
-32
-34
-37
-37
-36
-35
-33
-31
-29
-27
-24
-22
-20
-16
-13
-8
-3
0
4
8
10
14
15
17
19
21
23
23
26
28
29
31
30
29
28
27
27
25
24
23
23
23
24
24
23
21
21
20
19
19
19
19
19
19
17
17
15
14
12
12
8
5
3
1
-2
-6
-9
-14
-20
-24
-30
-34
-39
-43
-46
-51
-54
-58
-61
-64
-66
-69
-69
-69
-68
-66
-64
-61
-60
-56
-53
-51
-47
-42
-36
-30
-25
-19
-14
-9
-3
2
7
10
14
16
20
23
27
30
33
35
37
38
39
39
38
36
34
35
35
36
36
36
35
36
34
32
31
33
33
32
33
32
33
31
31
31
30
30
28
28
26
24
23
21
19
16
14
10
8
3
0
-5
-10
-14
-19
-20
-24
-27
-29
-33
-35
-37
-38
-39
-41
-39
-39
-37
-34
-31
-28
-23
-20
-17
-15
-10
-6
-3
2
5
8
11
14
16
19
21
23
23
23
23
24
26
25
26
25
26
25
23
22
19
17
16
14
14
12
10
11
9
7
6
4
2
1
1
0
-2
-3
-3
-3
-4
-5
-8
-9
-11
-14
-16
-20
-23
-25
-29
-32
-36
-38
-42
-46
-47
-48
-49
-52
-53
-55
-55
-55
-54
-54
-53
-51
-48
-45
-42
-37
-31
-27
-21
-16
-12
-7
-3
3
6
12
16
20
23
28
30
34
37
39
42
43
46
48
50
51
52
52
52
52
51
52
52
50
49
48
47
46
46
44
42
40
39
35
32
29
27
25
22
20
18
16
14
13
10
5
1
-2
-7
-10
-12
-15
-19
-23
-26
-30
-32
-36
-41
-44
-47
-50
-52
-53
-54
-54
-54
-54
-52
-49
-46
-43
-40
-37
-32
-28
-26
-23
-20
-18
-14
-11
-6
1
3
7
10
14
17
18
19
22
23
26
27
27
27
26
26
26
28
29
28
28
26
25
24
24
24
23
22
22
21
19
17
18
18
18
14
12
11
11
9
8
6
4
2
1
1
-2
-5
-9
-12
-14
-19
-22
-26
-29
-33
-33
-35
-37
-36
-38
-40
-41
-42
-42
-42
-41
-39
-36
-33
-32
-29
-26
-21
-18
-13
-11
-8
-5
-1
4
7
9
13
16
19
21
24
24
25
27
26
28
29
29
29
29
29
29
30
29
28
28
29
27
27
27
26
24
24
23
22
21
18
17
15
15
14
12
11
10
8
7
5
4
2
0
0
-3
-5
-8
-10
-12
-16
-17
-20
-22
-25
-28
-28
-29
-28
-30
-32
-33
-34
-35
-34
-35
-32
-32
-29
-27
-25
-22
-21
-17
-15
-11
-8
-6
-3
-1
1
4
5
6
9
10
12
14
16
18
20
20
20
20
19
19
18
18
17
16
17
18
18
18
17
17
17
15
11
11
9
9
10
11
10
9
7
5
5
4
4
3
1
1
1
-1
-1
-4
-5
-8
-11
-11
-13
-15
-17
-18
-19
-20
-20
-21
-22
-24
-23
-23
-23
-23
-23
-23
-21
-19
-19
-16
-15
-13
-12
-12
-11
-9
-6
-4
-2
-1
3
4
5
6
7
9
10
13
16
17
17
16
17
18
18
20
18
19
19
18
18
19
19
20
20
20
20
20
19
19
18
17
13
12
11
13
14
13
10
9
8
5
5
3
0
-3
-5
-6
-7
-8
-9
-11
-11
-12
-14
-17
-18
-18
-17
-17
-18
-21
-21
-21
-21
-19
-19
-20
-18
-16
-14
-11
-9
-9
-8
-9
-9
-10
-8
-6
-4
-2
0
1
2
1
1
4
4
5
7
8
8
9
9
9
8
8
7
8
10
11
12
10
10
10
10
10
7
8
9
9
10
9
8
7
5
4
2
0
-1
-1
0
1
-2
-5
-5
-6
-6
-6
-8
-10
-11
-11
-11
-12
-14
-14
-15
-14
-15
-15
-15
-15
-13
-13
-10
-9
-9
-8
-8
-6
-4
-4
-4
-3
-1
1
1
2
3
6
8
11
12
12
11
12
14
15
16
15
16
15
14
16
16
16
16
17
17
16
15
16
15
14
15
14
13
13
10
10
10
8
7
5
5
3
3
0
-1
-2
-2
-3
-5
-4
-7
-7
-9
-9
-12
-13
-14
-16
-16
-18
-20
-21
-21
-20
-20
-22
-21
-21
-19
-19
-20
-20
-19
-17
-16
-14
-13
-10
-7
-5
-6
-3
-3
-1
1
1
4
5
5
7
9
10
10
10
9
9
10
10
11
14
16
15
17
17
16
16
16
15
14
11
11
10
10
12
12
12
12
11
10
9
9
5
3
2
1
1
-1
-2
-2
-4
-4
-5
-6
-8
-9
-9
-10
-12
-13
-14
-15
-15
-16
-15
-16
-16
-18
-19
-18
-17
-15
-16
-16
-16
-15
-12
-13
-12
-11
-9
-8
-6
-5
-5
-3
-1
0
2
2
4
6
8
9
9
12
14
16
18
17
16
18
18
20
19
20
18
19
19
20
21
21
21
20
20
19
18
16
16
15
15
14
13
12
11
11
8
5
4
1
1
0
-1
-2
-4
-5
-8
-9
-10
-11
-14
-16
-16
-15
-17
-19
-21
-21
-20
-22
-22
-21
-22
-21
-20
-21
-22
-23
-23
-23
-21
-20
-18
-18
-17
-16
-12
-11
-9
-7
-6
-5
-6
-6
-4
-3
0
2
4
5
6
7
9
9
11
11
12
12
13
14
15
16
16
17
17
17
17
17
18
18
16
16
15
13
12
13
12
11
10
9
7
6
6
5
4
4
5
5
3
0
-2
-3
-5
-4
-8
-10
-11
-13
-12
-13
-13
-13
-15
-16
-17
-18
-18
-17
-16
-17
-18
-15
-14
-13
-11
-10
-7
-6
-5
-4
-3
-2
-1
0
1
2
3
5
6
9
10
10
11
11
11
13
12
13
13
14
14
12
11
12
15
15
16
16
16
15
16
16
15
15
14
13
13
12
9
7
5
5
5
3
2
1
0
0
-1
-3
-3
-5
-6
-8
-9
-10
-13
-12
-13
-13
-15
-17
-18
-18
-19
-19
-20
-18
-18
-17
-17
-17
-15
-16
-17
-16
-16
-14
-13
-11
-10
-10
-8
-7
-6
-6
-4
-3
-2
-1
0
0
1
3
4
5
5
7
7
8
9
9
10
11
11
12
13
13
13
13
14
14
13
12
13
14
14
14
13
13
13
12
10
11
9
8
9
7
6
4
5
3
2
1
0
-2
-3
-3
-6
-6
-6
-7
-9
-10
-10
-9
-10
-13
-12
-12
-12
-11
-13
-13
-14
-13
-13
-14
-14
-12
-11
-8
-6
-6
-5
-5
-4
-3
-2
-1
-2
-1
0
0
0
0
0
2
5
5
6
5
5
7
7
7
7
8
8
9
10
10
11
11
11
10
10
11
10
9
7
9
9
9
9
7
5
5
5
5
5
5
5
4
2
0
-3
-2
-3
-3
-3
-4
-5
-5
-5
-4
-4
-6
-5
-6
-5
-6
-6
-6
-5
-4
-3
-2
-2
-2
-4
-3
-2
-1
-1
-1
-1
1
1
-1
-1
-1
0
0
0
0
1
0
1
1
0
-1
-2
-1
-1
-1
0
0
-1
-1
-2
-1
-1
-3
-4
-4
-4
-5
-5
-6
-6
-5
-5
-5
-5
-7
-6
-8
-8
-8
-9
-9
-10
-10
-8
-9
-9
-9
-9
-7
-6
-5
-6
-6
-6
-6
-6
-6
-5
-4
-3
-2
-1
0
1
2
4
4
5
6
7
7
8
9
11
13
13
14
15
16
16
16
16
16
14
15
14
14
14
13
12
12
13
13
12
11
10
11
11
11
11
9
9
7
5
3
3
1
0
0
-1
-1
-2
-2
-3
-4
-3
-5
-6
-8
-9
-9
-10
-11
-10
-10
-11
-11
-12
-12
-13
-13
-14
-15
-15
-14
-13
-12
-13
-11
-9
-8
