SAMPLES:	8011
BITSPERSAMPLE:	16
CHANNELS:	1
SAMPLERATE:	16000
NORMALIZED:	FALSE
20
-8
0
-2
-17
10
18
14
2
-15
-16
4
2
5
3
-7
-9
-17
-11
-11
-13
-10
-7
-35
-31
-14
-14
-25
-31
-23
-24
-25
-13
-17
-19
-12
-16
-19
-13
-3
-11
-2
1
-3
-4
1
-5
3
4
-10
1
-4
-16
8
12
-12
-35
-18
12
-22
-16
-17
-22
4
5
-11
-32
-8
7
2
3
3
-1
4
29
15
1
14
21
5
-7
19
27
16
-2
21
4
-27
14
25
-14
-9
1
-11
-15
-5
23
-18
-28
-13
-19
0
21
7
-10
-8
-20
15
4
-8
17
-5
-6
1
7
19
15
7
18
-3
-11
25
22
11
13
27
20
1
12
55
33
-3
2
23
42
39
22
-3
-3
18
33
20
33
3
-17
-2
27
39
6
-20
-14
15
1
15
18
-2
-9
-17
-13
2
4
-15
-24
-7
-4
-28
5
12
-21
-29
-19
-2
-6
-11
-1
11
4
8
4
-15
5
18
6
-9
-13
6
23
19
-11
-28
-9
15
-4
-10
0
-26
-33
-22
7
7
-27
-58
-55
-16
0
-7
-18
-48
-63
-23
-7
-5
-11
-42
-32
-19
2
20
-1
-19
-24
-12
12
28
12
-18
-13
3
14
19
8
1
-6
-10
19
29
0
-25
-11
14
21
9
-9
-12
-5
18
21
0
-20
-27
6
30
26
8
-8
-15
-16
10
40
34
-6
-11
9
6
12
17
12
-6
2
18
14
-2
-5
6
0
5
14
11
-1
-21
-4
2
7
24
-1
-20
-21
-4
13
14
7
-4
-10
-2
4
4
22
15
5
2
2
16
29
29
14
0
-9
11
31
35
27
-1
-12
-1
23
31
5
0
-6
-2
23
19
0
-18
-21
-4
15
20
4
-26
-29
-4
11
-1
-15
-24
-18
0
9
0
-12
-22
-19
6
14
4
-10
-13
-6
7
9
11
1
-10
-7
1
16
12
-4
-13
-13
-9
18
12
-12
-25
-27
2
13
-7
-29
-22
-15
-11
-9
-13
-21
-29
-6
4
-12
-37
-36
-15
13
20
-4
-22
-34
-20
14
25
8
-16
-34
-6
29
16
5
-6
-15
-3
12
26
8
-21
-15
10
29
17
-1
0
-1
6
18
13
4
7
1
9
22
17
5
-2
2
12
15
10
-1
-10
-1
-2
25
22
-16
-34
-8
17
10
12
-6
-13
-2
20
19
4
-10
1
7
1
7
19
6
-14
-20
-7
13
25
24
9
-16
-33
-4
22
16
4
20
9
-3
2
-1
5
20
22
22
-4
-20
7
26
27
15
-7
-15
1
-5
12
9
-17
-11
-4
9
8
1
-12
-10
2
22
28
-6
-15
10
27
38
24
13
-3
-4
23
24
17
-7
-4
10
8
3
13
-6
-30
-18
2
-7
-32
-29
-31
-38
-4
17
-10
-24
-33
-35
-23
-4
-6
-31
-55
-40
-24
-17
-6
-12
-36
-55
-47
-41
-28
-23
-13
-15
-11
-16
-27
-33
-25
4
21
1
-42
-31
6
27
29
28
4
-13
-11
13
36
49
54
31
0
-24
1
31
41
22
-5
-20
3
26
31
19
-3
-33
-46
-19
9
15
15
37
35
-5
-43
-14
6
46
76
41
16
-7
-8
30
81
98
41
-12
-22
-4
24
37
44
40
35
6
-29
-49
-15
4
40
41
-7
-41
-58
-28
5
21
-27
-47
-46
-18
46
42
14
-24
-39
-23
13
46
43
14
-9
-9
29
53
41
4
-25
-3
26
48
15
-44
-83
-55
12
57
38
-46
-117
-141
-80
31
90
47
-66
-137
-98
-18
54
47
-25
-77
-87
-38
33
49
36
2
-48
-37
-11
5
31
32
25
30
14
-1
9
14
3
25
51
45
13
-28
-20
-5
0
24
30
-10
-56
-51
-34
-7
9
6
-11
-32
-53
-83
-47
-15
36
52
15
-21
-43
-32
9
65
54
28
0
-33
-40
19
78
69
32
-32
-88
-70
-28
8
24
16
-3
-30
-53
-57
-36
-20
28
74
52
3
-11
-24
-24
49
102
96
58
11
-25
-30
5
43
87
91
87
27
-98
-99
-34
76
144
133
58
-64
-145
-140
-18
136
198
110
-53
-160
-165
-43
85
113
59
-34
-70
-86
-97
-29
91
127
58
-12
-61
-60
8
67
77
58
29
-18
1
20
36
65
28
-24
-74
-71
-57
-1
41
35
-7
-85
-91
-93
-41
36
64
39
-5
-34
-29
24
56
91
56
-47
-62
-33
43
96
86
38
-60
-95
-105
-53
-22
5
38
-22
-76
-135
-95
-42
-29
-50
-91
-52
-36
-13
-1
-44
-63
-39
49
72
34
-13
-80
-12
106
158
95
-20
-45
51
137
131
54
-55
-90
0
91
95
51
-41
-111
-151
-93
16
74
35
-76
-122
-125
-34
16
6
-5
-3
46
40
-4
-81
-92
-46
-1
31
51
94
72
12
-14
-43
-30
19
56
64
75
72
49
25
4
24
14
6
21
24
14
13
4
-42
-80
-55
9
9
12
14
-13
-10
-9
-3
14
40
67
43
-31
-49
11
84
112
91
16
-56
-78
-39
37
51
38
37
-7
-86
-100
-26
35
50
18
-18
-57
-1
117
115
64
57
52
43
135
258
229
78
61
70
-20
-26
65
184
239
153
-107
-391
-393
-136
88
158
75
-144
-406
-466
-296
-38
112
82
-51
-235
-280
-216
-105
40
175
208
77
-92
-157
-27
149
192
143
51
-51
-68
-48
-22
-34
-56
-75
-54
-34
-92
-172
-269
-247
-132
-29
-7
-77
-134
-173
-188
-124
41
168
209
168
79
57
109
186
213
228
173
145
160
169
230
154
25
-14
-23
0
-11
-46
-102
-146
-100
-57
-63
-163
-249
-236
-150
-21
21
-26
-110
-99
-74
-16
74
109
110
88
85
80
117
102
90
132
162
171
204
168
40
-31
-52
-18
48
111
109
22
-92
-180
-187
-127
-54
22
57
53
16
-51
-112
-68
20
55
89
60
33
52
66
105
103
100
29
-29
1
92
152
113
60
-21
-53
36
146
134
35
-40
1
39
47
51
7
-1
-15
-24
-47
-81
-76
-66
-7
-8
-39
-120
-205
-198
-196
-109
-43
-52
-86
-114
-66
-72
-135
-95
-21
55
26
-20
-1
8
23
42
121
77
-19
-83
-144
-106
-16
116
98
-58
-223
-315
-248
-127
38
66
-10
-157
-254
-135
111
250
169
71
-29
-44
48
87
205
341
306
80
-188
-266
-104
137
282
254
-22
-280
-377
-322
-94
70
107
15
-89
-159
-221
-152
-14
138
215
143
10
-119
-122
3
146
239
193
84
-46
-112
-52
48
112
109
80
55
-25
-60
-24
89
212
219
113
-11
-37
58
150
206
227
180
84
-9
3
146
285
294
184
87
52
58
93
85
109
174
169
59
-43
-97
-116
-59
16
40
-22
-125
-181
-154
-93
-84
-137
-173
-156
-117
-132
-167
-195
-206
-183
-148
-142
-158
-179
-215
-236
-184
-57
6
-26
-93
-117
-64
7
111
190
235
231
170
90
18
147
460
658
485
94
-74
-52
35
152
282
347
217
-81
-491
-709
-513
-79
151
5
-299
-644
-839
-732
-376
-6
71
-86
-350
-519
-440
-193
79
263
350
286
83
-99
-71
173
397
495
472
308
98
-66
-68
60
184
214
107
-98
-255
-316
-248
-107
-42
-49
-147
-274
-337
-267
-78
8
73
128
63
15
76
208
327
352
372
348
335
306
357
410
469
464
295
131
82
171
264
184
59
-48
-203
-240
-135
-44
-109
-222
-329
-373
-391
-240
-86
-57
-78
-143
-213
-190
-71
43
177
242
175
24
-78
12
165
282
313
229
96
-88
-206
-143
95
251
117
-130
-289
-332
-265
-74
50
-7
-176
-284
-268
-178
-52
2
13
-11
-107
-165
-135
25
179
256
201
11
-99
-20
116
202
195
149
167
133
64
11
-24
-54
-56
8
32
-27
-107
-160
-214
-294
-239
-130
-61
-103
-192
-236
-237
-225
-97
88
88
-49
-154
-184
-88
80
208
162
-5
-56
-57
2
87
124
90
-31
-50
-37
-58
30
111
81
-55
-149
-125
-36
50
37
-14
-61
-25
-55
-94
33
138
133
75
89
25
-13
93
239
308
358
317
118
-78
-46
234
472
472
228
-75
-230
-72
200
341
195
-111
-292
-291
-108
90
178
14
-280
-303
-185
-88
15
105
55
-57
-56
14
30
50
126
168
141
116
111
97
143
174
117
67
128
130
54
62
25
-31
-19
157
212
-34
-224
-225
-106
53
132
13
-190
-287
-164
7
6
-162
-358
-371
-159
55
86
60
-59
-204
-357
-338
83
480
603
318
-64
-250
-194
10
338
627
711
424
-271
-795
-641
50
557
484
-11
-478
-794
-854
-596
-198
94
45
-309
-701
-819
-652
-299
61
241
236
-63
-394
-422
-109
362
564
501
248
44
3
52
232
333
334
211
59
-54
-143
-176
-57
-10
-100
-249
-384
-328
-291
-265
-307
-270
-184
-202
-208
-143
-40
-7
34
176
266
328
434
470
366
257
398
681
766
601
418
263
251
382
499
458
301
196
70
-112
-223
-146
66
259
245
-95
-505
-581
-230
133
265
217
-52
-272
-260
-39
174
277
429
315
11
-118
-21
152
311
493
404
62
-221
-262
-118
-8
125
150
-125
-406
-511
-473
-406
-304
-301
-437
-610
-571
-406
-389
-360
-394
-424
-398
-423
-320
-225
-72
111
208
386
270
192
162
181
305
661
1157
1059
309
-157
38
397
481
413
473
486
105
-529
-1052
-979
-324
275
192
-657
-1525
-1771
-1421
-694
-78
-298
-934
-1395
-1515
-1248
-743
-187
19
-7
-19
-378
-689
-348
411
1138
1365
1002
399
131
301
770
1214
1238
924
394
127
52
-258
-263
-26
202
20
-443
-848
-1175
-907
-474
-201
-181
-243
-224
-319
-286
137
615
941
1004
839
986
1136
1191
1147
1271
1553
1488
1302
1013
954
984
920
734
483
397
285
-102
-486
-306
11
-141
-439
-644
-739
-715
-479
-104
-158
-540
-739
-645
-274
76
307
248
-126
-157
111
291
235
206
675
660
210
30
89
433
603
702
393
-57
-139
-172
7
325
74
-424
-781
-827
-761
-798
-487
-809
-1092
-802
-799
-999
-1263
-734
-148
-239
-480
-1161
-872
1227
2727
2115
-447
-1297
-49
984
1647
1902
2245
2049
544
-1612
-2573
-1159
1279
2124
922
-993
-3093
-4298
-3416
-1205
593
355
-1153
-2975
-4175
-3701
-1930
-15
744
575
-475
-1802
-2112
-929
1150
2196
1753
1273
980
721
524
775
1665
2316
2201
1649
658
-385
-359
404
869
928
438
-950
-2068
-1853
-702
-232
-766
-949
-937
-1027
-1114
-966
-454
264
1069
1350
987
890
1237
1387
1741
2545
3073
2617
1892
1786
2035
1950
1644
1619
1547
1305
898
276
-266
-145
291
72
-663
-1063
-1018
-944
-776
-605
-730
-1169
-1335
-977
-608
-381
-261
-256
-425
-437
-312
-159
-118
51
438
437
265
182
54
56
247
501
204
-368
-162
176
-97
-422
-617
-487
-316
-231
-502
-1052
-1214
-943
-691
-729
-867
-1067
-1199
-1174
-1376
-1384
-866
-281
8
-248
-366
-312
-455
-303
-191
808
2833
3442
1915
-660
-808
920
1814
2177
2611
2815
1897
0
-2273
-3167
-869
2282
2551
-39
-2651
-4463
-4908
-3345
-964
77
-978
-2483
-3656
-4076
-3276
-1991
-651
410
1037
255
-1759
-2164
-168
2180
2832
2331
1984
1276
791
957
1544
2139
2158
2003
1388
326
-541
-737
-297
220
394
-459
-1901
-2677
-2232
-1123
-683
-1019
-1420
-1636
-1490
-894
-247
392
1104
1865
1877
1438
1513
2247
3200
3695
4016
3802
3129
2636
2745
3182
3020
2556
2514
2073
1347
419
-1
421
571
344
-550
-1196
-1283
-1171
-1058
-837
-725
-1000
-1196
-1087
-675
-374
-295
-109
-139
-350
-315
83
331
349
492
499
-59
-588
-319
-79
-227
-631
-997
-1175
-1281
-1023
-1134
-1601
-1764
-1633
-1650
-1897
-1714
-1353
-1429
-1601
-1723
-1726
-1735
-1401
-1079
-1219
-1080
-970
-440
-78
-342
-148
-387
-134
-67
-341
2187
4545
4034
205
-1786
629
2227
2471
2921
3863
3765
2250
-793
-3866
-2811
2010
4929
1949
-1468
-3574
-5555
-5008
-2348
1092
553
-2028
-3914
-5497
-4937
-3064
-822
412
977
712
-2291
-4063
-2049
2179
4114
2495
1744
1444
462
474
1581
2990
3160
2845
2184
358
-612
-76
695
761
685
411
-1363
-2895
-2402
-989
-164
-876
-1478
-1539
-1454
-885
-500
172
999
1818
2091
1505
1756
2745
3716
3773
3837
4569
4047
3109
3015
3572
3740
3163
2884
2132
809
352
424
242
-95
-105
-686
-1790
-1886
-1512
-1800
-2404
-1400
-550
-1210
-1783
-1835
-1298
-1066
-682
175
287
190
152
-327
-587
34
628
638
3
283
402
-718
-783
-516
-162
-505
-975
-1053
-1563
-1341
-1046
-1404
-1605
-1013
-642
-1822
-2363
-1744
-1158
-1186
-1672
-1443
-1334
-1258
-1220
-1890
-1812
-871
-464
-305
-422
-253
-485
-875
-577
-729
1837
4284
3744
-64
-2536
287
1935
2396
2580
3132
3078
931
-1716
-4088
-2675
1777
4246
969
-3109
-4568
-5534
-4212
-1617
795
-132
-2851
-4201
-4814
-3987
-2063
-14
1208
1792
1054
-1474
-2657
-727
3031
5295
4209
2590
1726
1011
1342
2335
3470
3471
2585
1732
465
-404
-179
232
179
122
121
-1347
-3010
-2686
-1022
-21
-703
-1229
-1289
-1348
-843
170
1074
1791
2484
2723
2018
1851
2710
3736
4156
4491
5016
4096
2639
2575
3305
3396
3035
2778
1964
809
59
-167
-279
-11
600
-393
-2011
-2313
-2086
-1868
-1898
-1279
-1006
-1789
-1936
-1877
-1661
-1111
-393
210
27
-153
-140
-240
-48
235
247
220
190
87
-620
-1337
-1154
-720
-717
-1471
-1903
-2140
-2516
-2491
-2665
-2614
-2260
-1891
-1975
-2755
-2916
-2639
-2471
-2250
-1803
-1302
-1487
-1914
-2029
-1839
-1194
-344
393
396
117
-120
-510
21
1096
3166
5042
4516
2120
-275
580
2627
3676
3947
3856
3509
1857
-1007
-3373
-2755
767
3514
1892
-2077
-4990
-6320
-5215
-2334
51
37
-2323
-4445
-5606
-4784
-1943
563
1804
1663
983
-531
-1753
-123
2822
4985
4946
3372
2293
1492
1605
2261
2999
3323
2718
1458
-344
-1459
-1541
-1105
-651
-822
-1385
-2662
-4043
-3962
-3121
-2079
-1315
-1282
-1545
-1782
-1223
38
1220
2392
3360
3864
3837
3781
4223
4911
5783
6513
6506
5757
4975
4617
4611
4704
4379
3574
2474
1379
819
384
-133
-264
-308
-905
-2082
-2834
-2709
-2682
-2571
-1996
-1848
-2213
-2546
-2384
-1942
-1267
-242
213
-68
-429
-145
123
-207
57
299
309
46
-279
-734
-1458
-1383
-1514
-1744
-1760
-1939
-2218
-3210
-3440
-2888
-2658
-2481
-2759
-2913
-2865
-2836
-2867
-3043
-2696
-2177
-1865
-1852
-1949
-1487
-955
-496
-62
571
1059
979
976
844
2491
5475
6434
3972
450
1285
3409
3541
3341
3758
4094
2632
-255
-3475
-4545
-1473
2163
1166
-2686
-5047
-6550
-7108
-5559
-2388
-682
-2269
-4187
-5348
-5625
-4084
-1201
1010
1852
2038
914
-1186
-909
2370
5203
5232
4228
4026
3191
2052
2116
2851
3564
3433
2317
825
-640
-852
-818
-1123
-1141
-1059
-1890
-3630
-3960
-2630
-1523
-1550
-1875
-1318
-822
-436
414
1478
2613
3441
4052
3953
3976
4897
5809
6163
6152
6662
6252
4893
4369
4726
4922
3876
2877
2234
1112
441
189
-257
-1155
-1810
-1898
-2470
-2979
-2853
-2515
-2662
-3097
-2763
-2503
-2281
-1722
-1251
-1035
-1023
-458
188
356
542
605
403
290
781
953
267
-386
-306
-335
-1069
-1499
-1740
-1890
-2084
-2158
-2764
-3818
-3654
-3159
-3019
-3010
-2883
-3024
-3670
-3627
-3070
-2801
-2831
-2693
-2358
-2051
-1493
-691
-418
191
610
759
873
1171
1736
2313
4893
6811
5121
1004
188
2712
3690
3458
3601
3804
2162
-490
-3143
-4790
-3170
852
1532
-2531
-5617
-6978
-7548
-6092
-2929
-897
-2477
-4427
-5148
-5325
-3698
-1159
302
701
1412
1558
-136
-562
1841
4121
4445
3811
3828
3417
2477
2125
2411
2801
2933
2675
1484
-115
-872
-1005
-1408
-1746
-1476
-1573
-2627
-3351
-3036
-2352
-2202
-1869
-978
-19
569
725
1261
2141
3468
5173
5874
5804
5691
6144
6714
6844
7651
7738
6406
5385
4944
4765
3968
3422
3045
2015
984
124
-713
-1651
-1889
-1542
-2220
-2792
-2460
-2531
-3410
-3774
-2690
-1870
-1668
-1576
-1391
-1207
-1081
-582
-329
118
1149
1380
617
-300
52
693
475
-75
-463
-818
-1491
-1747
-1761
-1984
-2284
-2796
-3531
-3830
-3506
-3284
-3662
-3848
-3664
-3439
-3762
-3705
-3461
-3572
-3247
-3048
-2596
-2078
-1370
-499
-553
-278
141
475
965
1730
2082
2844
5108
6318
4508
946
1288
3561
3986
3523
3623
3998
2726
-161
-3296
-4558
-2420
1075
634
-2861
-5313
-6882
-7498
-6108
-3113
-1660
-2958
-4540
-5541
-5311
-3641
-1321
445
1188
1688
1034
156
928
3040
4823
5045
4437
4202
4004
3327
2717
3119
3715
3535
2427
1262
96
-815
-992
-1379
-1986
-2260
-2677
-3796
-4236
-3521
-3048
-3204
-2752
-1617
-898
-801
-153
1261
2719
3814
4458
4825
5260
6243
7419
7749
7386
7502
7630
6493
5516
5853
6079
4896
3582
2922
1567
503
671
470
-652
-1459
-1911
-2965
-3505
-2562
-2181
-2815
-2935
-2573
-2339
-2254
-1275
-640
-453
2
15
361
863
1572
1473
991
1633
1759
1184
431
78
-85
-824
-1182
-1435
-1775
-2249
-2984
-3712
-4292
-4251
-4213
-4567
-4678
-4448
-4482
-4893
-5107
-5059
-4772
-4291
-3487
-3078
-3048
-2746
-2071
-1264
-665
-36
627
1218
1651
1668
1730
3573
6643
6718
3370
1487
2390
3607
3485
3749
4618
3765
1458
-1930
-4566
-4103
-809
643
-2024
-4761
-6445
-8299
-8435
-5890
-2880
-2662
-4372
-5592
-6076
-5189
-2852
-793
400
1649
2344
1117
216
2080
4880
5779
5168
4777
4584
3873
3457
3488
3640
3689
2859
1338
176
-462
-896
-1482
-2087
-2455
-2792
-3513
-4082
-4023
-3418
-2842
-2813
-2134
-1088
-387
-2
861
2280
3431
4486
5123
5371
5871
6874
7767
7877
8057
8223
7496
6138
5663
6022
5682
4651
3605
2505
1497
725
382
-131
-787
-1386
-2271
-2913
-2879
-2474
-2568
-2850
-2297
-1496
-1553
-1822
-1239
-109
536
532
587
975
1086
967
868
976
1389
1339
741
-170
-1113
-1714
-2349
-2444
-2112
-1988
-2869
-4420
-5388
-5572
-5179
-4707
-4759
-5232
-5502
-5540
-5659
-5539
-4898
-4051
-3710
-3585
-3367
-3176
-2737
-1565
-301
52
-101
284
1164
1937
2083
2262
4136
6589
6948
3941
1477
2433
4403
4870
4823
4958
4084
2013
-1052
-3476
-3353
-643
1156
-1092
-4399
-6420
-7935
-7920
-5474
-2636
-2693
-4617
-5666
-5787
-5151
-3027
-686
267
906
1583
1171
775
2088
4248
4787
4265
4439
4827
4071
3074
2812
2789
2803
2454
1382
143
-964
-1577
-2016
-2795
-3129
-2993
-3352
-4251
-4407
-3686
-3085
-2740
-1667
-434
25
239
1241
2805
4245
5636
6277
6209
6704
7767
8251
7843
7789
8324
7783
6293
5644
5668
5159
3992
3040
2183
971
393
-19
-947
-1819
-2053
-2304
-2849
-2730
-2431
-2739
-2803
-1842
-903
-1069
-1295
-565
110
449
823
1380
1941
1718
1268
913
908
1617
1876
1126
-208
-850
-1541
-2534
-2556
-1936
-1928
-3026
-4184
-5058
-5495
-5118
-4589
-4690
-5025
-4845
-4728
-5246
-5182
-4388
-3693
-3090
-2607
-2394
-2494
-1829
-629
-105
157
570
1212
1313
1420
1434
2276
4971
6763
5330
2031
1158
2267
2810
3080
3892
4557
3534
397
-3149
-5030
-3442
-92
476
-1922
-4586
-6696
-8131
-7435
-4481
-2071
-2362
-3724
-4509
-4908
-4201
-2049
75
1357
2206
2189
1173
841
2347
3974
4625
4942
5346
4833
3265
2301
1990
2118
2491
2229
1271
-143
-1486
-2657
-3338
-3216
-3004
-3058
-3851
-4526
-4698
-4237
-3334
-2706
-1586
-544
-349
165
1376
2890
4112
5101
5799
6129
6743
7468
7746
7552
7689
7874
6867
5980
5850
5557
4678
3506
2479
1486
870
780
277
-871
-2019
-2716
-2745
-2291
-1525
-1545
-2252
-2147
-1381
-729
-529
-190
531
856
943
1109
1513
1958
1935
1677
1293
1182
1561
1488
640
-455
-937
-1477
-2305
-2263
-2036
-2574
-3487
-4262
-4627
-4925
-4888
-4791
-4990
-5000
-4681
-4595
-4999
-5055
-4898
-4313
-3015
-1913
-1546
-1648
-1570
-1063
-362
456
933
1408
1839
1886
1224
1549
4491
7189
6370
2289
24
852
2138
2614
3668
4730
3356
-67
-3809
-5497
-3950
-598
763
-1779
-4348
-6037
-7904
-7924
-5101
-1619
-1418
-3155
-4246
-4955
-4615
-2599
-234
1074
2013
2290
1122
460
1788
3426
3819
3934
4726
4586
3018
1710
1380
1352
1581
1701
839
-626
-2191
-3008
-3507
-3761
-3224
-2936
-3572
-4508
-4431
-3690
-3231
-2409
-1084
43
504
1303
2693
3732
4477
5258
5918
6455
7510
8574
8570
7895
7630
7441
6529
5792
5914
5870
4790
3215
1808
835
422
462
55
-1067
-2033
-2710
-2997
-2817
-2087
-1625
-2008
-2240
-1803
-892
-550
-391
391
914
1034
1132
1705
2062
1651
1379
1389
1513
1753
1668
798
-529
-971
-1192
-1943
-2297
-2263
-2629
-3809
-4618
-4800
-4997
-4928
-4659
-4589
-4896
-4927
-4737
-5003
-4659
-3799
-3248
-3023
-2445
-1575
-1269
-999
-332
22
208
685
1478
1961
1824
1565
1462
3285
6300
7105
4073
812
860
2098
2525
3373
4746
4280
1431
-1827
-4284
-4578
-1876
970
235
-2671
-4885
-6853
-8039
-6205
-2660
-949
-1882
-3382
-4664
-5323
-3792
-1321
502
1533
2105
1585
450
838
2373
3201
3543
4224
4689
3601
2040
1276
1158
1286
1475
1307
374
-1002
-2324
-3408
-3932
-3485
-2563
-2568
-3504
-3992
-3629
-3162
-2655
-1591
-417
259
760
1826
2861
3597
4247
5031
5770
6348
7114
7548
7090
6689
6697
6259
5373
5019
5232
4704
3226
1857
894
149
-84
-124
-626
-1484
-2126
-2371
-2659
-2563
-2040
-1604
-1342
-991
-445
-448
-602
255
1393
1881
1944
2227
2402
1764
1559
2060
2238
2123
2045
1445
23
-973
-1344
-1773
-1985
-1829
-2090
-3469
-4855
-5151
-5169
-5186
-4588
-4175
-4663
-5186
-4983
-4469
-4089
-3615
-3073
-2902
-2438
-1497
-909
-986
-767
-20
105
253
737
1307
1382
1223
1179
1630
3796
6232
5407
1540
-379
540
1458
2211
4063
4938
3026
-284
-3068
-4511
-3370
63
1702
65
-2360
-4977
-7152
-6851
-3480
-345
-104
-1446
-2927
-4106
-4319
-2643
-335
1460
2615
2518
1282
169
544
1693
2471
3001
3692
3845
2257
331
-416
-407
-176
241
591
-193
-1940
-3407
-4238
-4319
-3379
-2229
-2397
-3205
-3239
-2724
-2451
-1885
-425
1041
1491
1760
2780
3570
3935
4475
5445
6145
6467
6950
7041
6634
6243
6126
5301
4461
4798
4922
3730
2070
1306
772
-85
-301
-365
-889
-1311
-1338
-1745
-2478
-2047
-1101
-940
-1300
-957
-253
-279
97
835
1165
1300
1609
1767
1009
605
1059
1360
1085
654
343
-488
-1481
-2364
-2845
-2658
-2309
-2630
-3872
-4989
-5185
-4927
-4901
-4796
-4468
-4237
-4456
-4651
-4202
-3399
-2732
-2428
-2459
-2269
-1637
-734
-38
385
583
556
592
869
1262
1629
1829
1877
1726
2169
4150
6027
5386
2140
-104
205
1556
2644
3867
4545
3070
8
-2854
-4181
-3298
-720
1303
302
-2514
-4985
-6490
-6363
-4239
-1062
180
-1229
-2953
-3726
-3719
-2856
-921
1146
2268
2501
1680
432
207
1462
2739
3046
3519
3862
2613
539
-277
126
267
320
442
109
-1266
-2921
-3959
-4318
-3531
-2198
-1649
-2130
-2579
-2609
-2721
-2321
-550
1453
2086
1984
2664
3519
3816
4281
5227
5805
6014
6530
6620
6010
5512
5333
4603
3870
4133
4376
3507
1943
880
61
-574
-411
-225
-558
-1395
-1990
-2472
-2587
-1798
-1042
-771
-1145
-1128
-786
-656
-218
627
1563
1697
1203
851
796
1083
1390
1539
1098
448
-5
-574
-1455
-2199
-2193
-1984
-2299
-3081
-3868
-4510
-4788
-4666
-4664
-4852
-4752
-4481
-4288
-4140
-3776
-3417
-3284
-3114
-2648
-1794
-1276
-1019
-614
-86
241
318
582
826
1008
1448
1796
1783
1781
2623
4438
5556
4551
1886
252
955
2439
3619
4626
4523
2433
-621
-2590
-2836
-1646
611
1936
512
-2648
-4996
-5764
-4872
-2444
8
305
-1368
-2745
-3366
-3577
-2562
61
2379
2796
2160
1257
460
529
1458
2416
2939
3635
3639
2039
307
-324
-100
70
364
718
-168
-1861
-3224
-3769
-3779
-3204
-2135
-1537
-1856
-2614
-2896
-2635
-1741
-170
1114
1555
1704
2248
2982
3428
3915
4494
4912
5299
6037
6536
6020
5028
4443
4023
3875
4084
4235
3686
2239
649
-586
-958
-421
198
-35
-1273
-2459
-2887
-2608
-2012
-1266
-812
-1186
-1613
-1530
-1040
-472
435
1182
993
360
272
709
816
912
1077
737
-7
-650
-1091
-1674
-1911
-1711
-1774
-2434
-3331
-3918
-4348
-4407
-4177
-4079
-4060
-4013
-3863
-3768
-3724
-3416
-2896
-2517
-2440
-2361
-2094
-1726
-1184
-521
-30
262
394
616
720
880
1229
1610
2357
2839
3351
4555
5765
5013
2437
1191
2021
3281
4043
4756
4645
2693
57
-2049
-2831
-2005
261
1696
280
-2707
-5089
-5855
-5145
-3126
-926
-476
-1634
-3182
-4106
-4049
-2661
-226
1552
2012
1475
731
236
290
1125
2264
3236
3706
3581
2694
1352
479
163
589
1223
1548
1064
-383
-1974
-3157
-3390
-2678
-1416
-588
-1097
-2164
-2652
-2288
-1466
-509
478
1085
1531
1995
2330
2494
2853
3473
3964
4404
5072
5537
5121
4333
3804
3432
3209
3392
3709
3024
1490
60
-670
-780
-638
-426
-742
-1510
-2276
-2793
-2786
-2458
-2083
-1969
-1975
-1813
-1806
-1800
-1469
-793
-255
-304
-301
-96
25
-10
-3
251
405
292
-31
-428
-677
-845
-942
-986
-1049
-1322
-1927
-2443
-2628
-2611
-2385
-2217
-2302
-2619
-2928
-2819
-2498
-2086
-1812
-1910
-2238
-2368
-2066
-1468
-884
-219
317
227
-193
-262
304
941
1531
1788
1638
1523
2027
3505
4906
4990
3151
1107
809
1969
3144
3947
4477
3727
1366
-1195
-2420
-1980
-257
1739
2020
-230
-3561
-5544
-5063
-2996
-638
490
-343
-2354
-3895
-3906
-2885
-1286
833
2324
1942
174
-963
-423
899
2387
3326
3532
3093
2311
1546
831
688
1168
1671
1779
1112
-64
-1255
-2109
-2334
-1932
-1313
-1210
-1632
-1901
-2237
-2755
-2807
-1933
-626
290
844
917
732
598
894
1653
2593
3448
3688
3530
3424
3331
3218
3104
3228
3404
3303
2905
2163
1512
1077
838
628
537
691
443
-231
-925
-1261
-1307
-1374
-1224
-1085
-1182
-1343
-1503
-1601
-1555
-1320
-1036
-1105
-1087
-810
-604
-691
-1052
-1271
-1197
-937
-618
-502
-582
-864
-1201
-1341
-1437
-1436
-1364
-1261
-1491
-2098
-2291
-1999
-1739
-1777
-1836
-1911
-2072
-2195
-2159
-1938
-1591
-1155
-1079
-1136
-1035
-870
-769
-651
-249
145
418
779
1255
1503
1381
1333
1554
1873
2106
2739
3960
4800
4072
2399
1328
1511
2362
3334
4277
4398
3060
707
-1325
-2091
-1321
686
2391
2215
-196
-3188
-4744
-4219
-2213
-351
155
-788
-2386
-3649
-4078
-3422
-1702
288
1168
209
-1536
-2272
-1342
138
1107
1451
1397
983
527
413
461
513
730
1076
1163
842
409
112
-64
-246
-403
-431
-188
225
395
266
-169
-496
-268
297
792
1038
1231
1182
903
831
999
1248
1530
2085
2385
2012
1436
1108
1242
1497
1772
1855
1650
1235
826
577
504
669
854
660
122
-425
-670
-702
-814
-1082
-1256
-1214
-1325
-1670
-2087
-2144
-1875
-1702
-1830
-2192
-2331
-2396
-2260
-1829
-1436
-1198
-1176
-1148
-1218
-1220
-975
-762
-563
-402
-135
51
-93
-333
-577
-463
-268
-234
-261
-524
-888
-1125
-997
-661
-567
-455
-414
-606
-791
-681
-307
-16
226
334
197
49
383
976
1304
1371
1430
1635
1654
1492
1411
1608
1842
1686
1678
2185
2938
2803
1613
482
91
574
1454
2369
2696
2097
712
-974
-1936
-1615
-196
1257
1653
473
-1679
-3390
-3629
-2331
-544
379
-296
-1803
-3050
-3521
-3284
-2414
-990
173
331
-776
-2323
-2914
-2056
-384
924
1585
1407
396
-494
-474
349
1217
1957
2384
2060
1304
765
797
1130
1690
2171
1901
1099
565
658
841
687
599
583
486
398
422
499
453
348
201
155
300
613
980
1255
1275
872
325
244
784
1419
1706
1587
1154
466
-29
55
462
760
698
158
-687
-1379
-1431
-1184
-1097
-1138
-1361
-1846
-2556
-3018
-2869
-2444
-2145
-2077
-2159
-2405
-2769
-2874
-2439
-1763
-1197
-880
-761
-860
-1046
-896
-352
422
909
884
655
452
450
614
864
1066
1028
888
702
528
485
499
477
326
88
14
120
223
208
143
-19
-253
-198
253
764
909
618
228
17
230
716
1070
1167
1024
728
491
599
957
1250
1262
1026
707
281
150
559
1109
1250
961
525
-140
-737
-738
-133
487
600
292
-314
-1129
-1745
-1752
-1177
-503
-125
-283
-1010
-1796
-2065
-1779
-1156
-405
117
39
-591
-1187
-1378
-1009
-76
823
1033
603
91
-112
-26
330
823
1297
1500
1234
657
227
240
547
976
1265
1184
717
304
126
-27
-33
255
642
613
218
-22
-89
-46
19
213
581
864
839
537
245
79
272
647
953
959
638
282
65
134
239
294
181
-240
-672
-835
-704
-641
-750
-1046
-1437
-1594
-1465
-1293
-1272
-1278
-1361
-1669
-1762
-1338
-754
-493
-672
-858
-936
-776
-406
-39
253
207
-42
-205
5
349
493
606
506
284
139
243
403
479
603
594
476
298
219
286
384
505
502
450
362
221
140
53
-21
-92
-83
-77
-235
-383
-499
-515
-510
-493
-428
-467
-412
-344
-340
-336
-183
66
208
204
203
287
338
335
236
242
369
471
436
244
16
-203
-290
-167
100
229
-5
-338
-503
-475
-351
-194
-5
76
-47
-291
-283
108
544
682
471
180
123
292
562
885
1074
988
696
410
372
636
1014
1072
748
450
374
446
526
602
588
389
118
-59
-109
57
230
175
-31
-326
-520
-510
-277
-175
-416
-619
-654
-628
-613
-574
-588
-667
-717
-681
-472
-231
-232
-454
-586
-510
-368
-123
190
244
-90
-419
-415
-275
-223
-120
47
-25
-282
-457
-375
-271
-403
-536
-454
-236
-135
-208
-358
-445
-406
-259
-26
130
143
30
-42
93
327
626
871
967
952
918
1041
1229
1451
1669
1748
1621
1464
1514
1673
1692
1564
1328
1018
744
585
467
242
-36
-331
-629
-925
-1205
-1402
-1538
-1558
-1591
-1658
-1840
-2035
-1973
-1726
-1469
-1434
-1434
-1308
-1115
-906
-756
-532
-362
-228
-25
76
73
3
89
265
386
398
203
67
88
83
-17
-39
89
174
114
-91
-300
-337
-157
55
115
181
163
0
-119
-57
235
525
668
649
499
380
386
507
700
910
922
749
613
679
752
732
841
920
898
731
549
474
528
651
663
626
479
302
273
279
203
5
-107
-106
-160
-157
-137
-253
-433
-514
-565
-584
-502
-406
-347
-393
-458
-493
-490
-414
-256
-151
-68
-44
-175
-297
-284
-92
104
137
5
-268
-456
-413
-227
-113
-220
-432
-701
-838
-720
-498
-399
-500
-625
-730
-758
-503
-77
232
248
134
105
343
708
1053
1420
1682
1673
1515
1528
1766
2008
2067
2090
2030
1879
1684
1458
1321
1253
1152
885
526
207
-45
-276
-502
-628
-728
-856
-1087
-1266
-1350
-1428
-1473
-1510
-1437
-1334
-1301
-1291
-1254
-1211
-1163
-1037
-884
-834
-835
-789
-722
-675
-593
-480
-459
-551
-631
-590
-463
-433
-455
-437
-425
-496
-635
-602
-449
-433
-564
-700
-722
-715
-687
-651
-605
-614
-706
-740
-654
-526
-497
-452
-345
-274
-147
32
127
148
244
485
694
765
785
831
912
922
910
1029
1205
1267
1146
960
789
680
712
805
809
653
455
284
137
16
-25
18
62
32
-67
-176
-260
-298
-239
-135
-36
41
129
213
230
258
334
389
440
535
648
707
699
631
592
557
500
470
494
522
417
198
-14
-30
48
16
-21
3
1
-93
-154
-84
22
104
140
220
322
414
462
543
688
744
716
719
796
868
844
823
775
671
545
424
326
215
135
-16
-204
-351
-466
-596
-733
-794
-874
-1001
-1071
-1071
-1147
-1234
-1218
-1174
-1140
-1162
-1252
-1211
-1065
-980
-952
-856
-733
-779
-814
-721
-522
-396
-395
-421
-462
-493
-468
-373
-261
-196
-232
-342
-379
-309
-230
-268
-334
-321
-358
-465
-506
-393
-342
-450
-586
-661
-612
-543
-575
-623
-584
-581
-636
-601
-460
-401
-462
-481
-396
-265
-139
-17
-32
-77
20
160
202
218
305
359
396
479
532
530
573
631
661
683
696
688
705
795
837
812
823
836
775
723
765
812
807
841
902
871
834
831
805
773
835
882
864
849
802
783
838
827
636
493
580
676
677
686
674
506
308
352
553
764
889
842
721
678
710
785
974
1189
1254
1162
1120
1193
1183
1102
1079
1041
960
889
741
530
377
274
127
-113
-252
-303
-499
-724
-880
-986
-1082
-1166
-1220
-1223
-1182
-1200
-1330
-1469
-1494
-1464
-1366
-1198
-1086
-1118
-1228
-1273
-1230
-1164
-1118
-1058
-962
-907
-926
-999
-1073
-1032
-916
-879
-890
-859
-862
-942
-1044
-1068
-1001
-871
-781
-789
-846
-926
-1000
-975
-793
-590
-538
-645
-724
-696
-617
-522
-438
-367
-270
-200
-245
-266
-190
-119
-64
45
140
120
14
-41
6
92
184
294
345
274
195
163
215
283
327
459
615
630
485
387
483
637
782
920
1058
1110
1028
926
977
1133
1279
1367
1407
1385
1319
1276
1236
1266
1315
1313
1213
1144
1088
984
911
803
704
663
645
571
446
369
303
202
112
99
124
153
150
103
89
170
273
320
374
465
575
684
786
866
946
1054
1189
1263
1271
1254
1247
1265
1267
1233
1170
1079
941
767
594
441
262
102
-37
-156
-276
-501
-805
-1021
-1102
-1103
-1124
-1223
-1371
-1499
-1580
-1639
-1630
-1616
-1644
-1676
-1671
-1652
-1662
-1640
-1595
-1544
-1510
-1532
-1496
-1373
-1260
-1261
-1325
-1277
-1129
-1049
-1059
-1071
-1034
-966
-923
-904
-867
-829
-852
-899
-930
-916
-875
-856
-840
-880
-913
-894
-872
-851
-775
-653
-613
-603
-593
-537
-397
-312
-309
-269
-166
-64
-7
27
88
100
99
81
99
185
203
178
159
174
166
161
182
179
153
169
246
331
420
490
538
574
619
720
903
1100
1219
1253
1332
1401
1449
1553
1691
1805
1794
1753
1747
1780
1716
1632
1639
1672
1666
1563
1406
1293
1256
1166
1049
945
854
809
794
742
615
502
466
465
473
513
561
552
501
528
606
682
721
754
810
856
931
967
965
924
840
842
870
830
735
640
525
341
187
74
-24
-184
-372
-523
-684
-818
-917
-1015
-1168
-1327
-1426
-1506
-1629
-1751
-1760
-1749
-1818
-1885
-1862
-1806
-1772
-1770
-1788
-1775
-1751
-1711
-1585
-1441
-1399
-1379
-1292
-1189
-1165
-1147
-1051
-971
-924
-852
-800
-816
-847
-829
-831
-845
-838
-811
-790
-803
-877
-962
-949
-863
-846
-851
-800
-744
-730
-722
-609
-484
-385
-293
-241
-166
-93
-67
-2
135
279
351
367
432
476
434
446
542
586
561
572
623
621
573
524
517
558
593
607
611
618
612
594
658
786
859
897
936
986
1048
1143
1224
1249
1287
1339
1378
1361
1357
1391
1362
1308
1295
1310
1333
1315
1237
1119
1036
1031
1046
1052
1014
892
809
817
837
809
789
787
758
717
701
753
756
723
705
715
770
771
768
782
794
791
784
844
886
847
769
757
787
750
673
567
511
469
414
337
226
108
-65
-232
-357
-442
-583
-800
-967
-1083
-1154
-1247
-1431
-1608
-1727
-1803
-1865
-1888
-1904
-1937
-1972
-1992
-1967
-1933
-1882
-1833
-1784
-1712
-1640
-1568
-1501
-1435
-1382
-1339
-1291
-1275
-1250
-1202
-1177
-1177
-1147
-1129
-1178
-1205
-1141
-1072
-1046
-1051
-1056
-1013
-972
-939
-893
-791
-690
-689
-676
-579
-474
-477
-492
-407
-299
-202
-150
-139
-115
-42
17
91
261
392
415
416
470
573
650
701
771
870
920
923
906
956
1033
1075
1100
1146
1208
1161
1057
1024
1086
1138
1156
1160
1140
1120
1092
1040
1005
1015
1016
1008
969
958
955
930
917
888
896
960
1015
995
952
969
998
1000
1005
1051
1132
1122
1074
1011
988
1043
1041
980
907
830
733
668
637
587
510
382
275
230
189
144
68
-33
-74
-56
-22
4
-13
-60
-101
-107
-86
-30
18
15
-44
-126
-153
-176
-230
-310
-383
-478
-611
-710
-771
-816
-940
-1122
-1246
-1309
-1347
-1392
-1442
-1484
-1539
-1609
-1604
-1521
-1468
-1494
-1485
-1412
-1323
-1261
-1249
-1218
-1206
-1186
-1121
-1016
-914
-902
-973
-1033
-988
-915
-854
-781
-759
-813
-874
-904
-919
-902
-872
-820
-785
-776
-822
-885
-917
-946
-939
-875
-750
-693
-738
-774
-742
-674
-588
-478
-365
-218
-122
-66
31
166
306
403
542
697
822
898
945
1013
1107
1193
1256
1295
1329
1323
1308
1312
1316
1294
1254
1208
1182
1147
1065
995
936
904
859
799
767
752
719
687
715
763
759
738
744
817
907
935
990
1098
1192
1203
1187
1236
1292
1279
1252
1293
1325
1319
1234
1148
1149
1111
1006
906
891
855
736
610
502
428
350
275
222
191
170
93
25
8
8
-28
-103
-134
-164
-195
-244
-320
-360
-389
-433
-511
-572
-609
-707
-829
-904
-924
-982
-1071
-1140
-1191
-1244
-1297
-1341
-1358
-1355
-1374
-1408
-1412
-1370
-1365
-1372
-1337
-1302
-1278
-1246
-1214
-1188
-1142
-1091
-1049
-1013
-946
-895
-870
-839
-794
-741
-719
-688
-667
-628
-576
-531
-477
-439
-419
-423
-416
-373
-348
-315
-271
-235
-231
-253
-232
-234
-228
-186
-107
-18
37
56
70
111
122
168
262
361
457
500
547
611
630
656
729
808
861
903
928
916
921
934
948
983
987
940
897
850
782
730
718
710
678
652
627
575
494
442
422
438
439
461
511
547
554
530
560
644
701
719
762
828
855
836
841
903
964
974
958
956
975
941
852
816
816
828
793
745
731
698
628
547
512
501
478
435
398
358
320
259
185
154
136
94
42
0
-58
-129
-204
-260
-300
-358
-420
-509
-582
-647
-734
-827
-872
-893
-946
-999
-1054
-1077
-1109
-1167
-1204
-1205
-1195
-1209
-1245
-1236
-1203
-1203
-1211
-1190
-1158
-1111
-1084
-1078
-1032
-999
-994
-978
-943
-872
-814
-786
-759
-712
-666
-643
-614
-577
-512
-479
-487
-461
-432
-416
-435
-435
-388
-360
-360
-368
-350
-329
-314
-296
-240
-173
-126
-108
-81
-18
25
77
159
247
333
409
467
519
557
595
649
698
769
820
856
877
861
851
818
794
771
745
724
689
653
585
510
445
376
328
298
286
302
299
272
262
270
296
301
313
387
474
502
527
609
673
692
680
697
738
751
720
682
702
712
671
613
599
571
495
414
368
358
326
300
251
214
196
161
104
66
65
49
21
0
-13
-20
-41
-63
-80
-72
-65
-105
-136
-156
-171
-200
-235
-246
-276
-317
-346
-382
-412
-424
-455
-486
-517
-527
-546
-570
-598
-614
-610
-609
-618
-627
-617
-611
-627
-641
-604
-591
-600
-620
-632
-619
-613
-630
-613
-570
-565
-576
-598
-606
-600
-616
-646
-638
-618
-607
-619
-626
-613
-598
-586
-564
-544
-524
-502
-487
-447
-408
-378
-342
-313
-264
-224
-187
-137
-83
-41
24
101
148
193
220
277
349
408
459
491
531
584
590
612
638
645
654
659
646
608
572
533
508
483
446
403
349
278
232
225
219
202
171
157
173
165
116
107
150
215
265
283
339
388
419
446
470
524
558
574
572
580
591
598
616
628
608
562
522
497
478
453
446
431
441
438
409
364
286
248
232
258
268
241
211
183
159
114
64
4
-33
-58
-71
-107
-149
-182
-194
-214
-250
-265
-272
-256
-318
-374
-353
-319
-283
-337
-375
-371
-357
-370
-403
-391
-365
-377
-397
-383
-377
-374
-414
-402
-339
-313
-320
-349
-344
-272
-222
-208
-168
-168
-161
-156
-124
-94
-75
-79
-128
-149
-178
-196
-218
-208
-172
-167
-189
-255
-348
-426
-443
-404
-343
-289
-282
-338
-358
-350
-332
-280
-216
-128
-59
-28
-28
-17
31
117
220
289
353
344
306
292
291
316
345
377
377
335
258
205
192
192
173
129
70
-3
-108
-156
-172
-135
-129
-163
-149
-153
-170
-216
-202
-107
1
43
32
42
66
121
151
198
273
317
329
311
308
315
348
423
471
458
431
384
363
363
334
321
328
321
282
223
155
116
85
91
135
156
89
8
-19
24
91
91
69
76
87
99
80
72
108
135
175
174
147
86
25
52
63
98
113
105
74
-2
-71
-83
5
25
15
-38
-65
-55
-128
-181
-179
-143
-83
-111
-189
-216
-211
-194
-181
-208
-238
-214
-267
-287
-273
-126
56
87
-116
-298
-285
-256
-197
-317
-105
199
264
-128
-659
-812
-562
-239
-305
-275
-224
-108
-282
-748
-949
-728
-270
40
80
-39
-167
-327
-440
-299
-26
283
367
255
188
4
-191
-274
-58
295
523
410
114
-59
-249
-314
-310
-87
178
239
80
-153
-260
-332
-311
-242
-78
80
62
-64
-289
-264
-214
-108
55
151
289
201
57
-131
-129
-35
114
271
371
401
194
-7
-132
-149
-117
-4
177
369
332
95
-100
-197
-116
-45
32
261
360
384
250
76
56
40
86
237
317
384
453
210
293
141
193
202
157
246
250
317
182
240
-50
80
-78
-33
34
-80
90
9
63
-57
-125
-103
-7
61
146
172
208
158
97
84
137
228
287
379
403
395
269
205
198
270
321
326
332
301
239
162
105
63
106
78
119
55
-42
-99
-167
-117
-127
-119
-133
-130
-181
-230
-298
-295
-258
-250
-198
-197
-200
-252
-278
-303
-253
-239
-220
-156
-185
-176
-218
-228
-230
-228
-201
-144
-116
-144
-162
-196
-161
-186
-198
-154
-119
-134
-193
-249
-259
-263
-270
-236
-150
-91
-100
-188
-258
-238
-260
-232
-177
-113
-50
-78
-148
-189
-156
-112
-35
59
147
157
79
7
-70
-25
47
152
248
268
233
142
29
-34
-57
29
156
236
232
142
50
-65
-105
-98
-26
65
129
119
64
11
-40
-22
7
137
210
247
201
133
122
109
154
158
261
319
286
207
158
172
185
185
181
231
233
192
94
73
111
129
144
119
127
105
87
54
53
95
127
177
171
155
141
136
139
164
168
199
214
200
192
159
160
142
124
122
99
90
72
38
26
2
-10
-36
-64
-99
-115
-145
-147
-157
-156
-132
-134
-105
-131
-123
-152
-161
-150
-130
-94
-78
-39
-40
-32
-73
-81
-103
-69
-57
-37
13
0
-32
-110
-130
-140
-136
-145
-132
-100
-96
-144
-200
-208
-223
-223
-241
-229
-197
-202
-234
-249
-232
-209
-199
-178
-161
-127
-103
-129
-131
-132
-120
-95
-86
-73
-42
-30
-34
-42
-61
-48
-39
-38
-40
-25
-2
-4
19
4
31
41
28
28
-1
21
18
40
50
66
78
53
35
-7
0
11
43
81
105
128
101
72
31
32
55
122
179
219
242
199
161
108
79
99
171
217
272
270
212
169
62
23
7
54
111
154
157
109
78
-22
-38
-56
-12
71
109
133
121
95
63
37
32
87
136
186
189
167
139
92
49
25
47
72
99
98
76
51
3
-33
-70
-77
-60
-52
-58
-62
-86
-96
-116
-143
-125
-134
-91
-101
-93
-97
-100
-115
-116
-121
-109
-74
-75
-48
-59
-44
-53
-54
-61
-42
-48
-43
-54
-72
-75
-101
-109
-118
-104
-111
-110
-127
-116
-135
-136
-128
-129
-103
-113
-94
-92
-69
-65
-58
-40
-30
-27
-29
-29
-20
-13
-10
-6
7
21
6
10
-2
13
8
7
12
15
31
9
1
6
-6
-3
-17
-9
8
9
10
0
7
-2
-9
-30
-22
-8
-10
2
2
10
9
4
-15
-4
17
23
49
61
79
76
69
50
46
55
55
80
83
94
85
70
53
36
35
45
55
61
61
47
42
13
1
2
16
32
36
38
34
14
-4
-12
-6
30
42
59
64
53
36
8
-12
-9
7
28
49
53
60
43
8
-7
-21
-9
-5
9
27
23
18
-18
-24
-42
-38
-29
-19
7
10
2
-18
-29
-48
-51
-39
-25
1
20
14
12
-4
-15
-25
-26
-4
7
29
36
23
20
-4
-28
-28
-27
-14
1
8
8
4
-19
-40
-34
-35
-19
6
7
25
11
-17
-29
-41
-32
-14
1
29
41
14
-6
-39
-54
-44
-43
-8
22
41
23
-6
-29
-48
-44
-33
7
46
72
62
36
6
-21
-33
-35
-11
30
55
52
33
4
-17
-30
-47
-21
12
45
47
27
18
-6
-25
-36
-20
12
48
49
41
36
13
-7
-24
-23
0
33
34
39
35
16
6
-31
-27
-7
11
16
26
29
23
14
-28
-24
-21
-20
-10
-5
11
15
10
-3
-14
-16
-18
-30
-26
-19
-12
-2
-1
-3
10
13
1
6
-10
6
4
-15
0
-4
12
3
4
-4
-1
6
-12
-9
-2
8
2
0
-8
-5
-10
-20
-27
-12
7
11
8
4
15
-8
-21
-31
-35
-15
-10
-15
0
11
4
-1
-15
-1
8
12
15
2
12
-10
-37
-40
-37
-7
3
15
42
43
32
10
-27
-28
-21
-28
0
21
38
37
20
4
-6
-9
-21
-5
-2
24
27
5
2
-14
-17
-22
-4
6
30
44
26
20
8
-2
-24
-21
-12
4
15
10
13
-3
-3
-9
-24
6
11
18
21
15
10
-8
-14
-20
-13
-2
13
10
1
12
-12
-20
-11
-19
1
11
11
4
