-6
-6
-6
-6
-5
-4
-4
-2
-1
1
1
1
1
3
1
1
4
5
7
8
10
11
11
10
11
10
9
10
9
9
8
9
9
9
10
11
11
10
8
9
9
8
6
7
9
7
6
5
5
4
3
3
3
4
3
3
4
3
1
1
0
1
0
-1
-2
-2
-2
-1
-2
-3
-1
-2
-1
0
0
-2
-6
-5
-5
-4
-4
-2
0
3
5
6
8
8
9
9
8
8
7
4
3
3
3
5
6
6
6
6
6
7
8
8
6
6
5
4
2
2
0
-3
-4
-6
-8
-8
-7
-7
-6
-5
-4
-6
-5
-3
-5
-8
-9
-12
-13
-13
-13
-14
-15
-15
-15
-15
-13
-14
-13
-13
-12
-12
-11
-11
-11
-9
-9
-9
-10
-12
-9
-7
-6
-4
-2
1
2
3
4
6
5
6
8
11
9
7
6
6
7
7
7
7
8
6
8
8
8
8
9
7
7
8
7
6
1
0
1
1
2
2
3
4
4
3
3
4
3
0
-4
-5
-7
-9
-9
-8
-9
-10
-11
-10
-8
-6
-6
-5
-4
-3
-3
-2
-1
0
1
3
4
5
2
0
-1
-3
-3
-3
-2
-2
0
1
2
3
3
4
6
6
6
8
8
9
10
13
13
15
18
17
19
21
19
17
17
13
9
9
7
7
5
6
5
4
5
4
3
4
3
1
1
0
-1
-2
-2
-1
-1
-3
-5
-8
-7
-8
-10
-10
-10
-8
-8
-9
-9
-9
-8
-7
-7
-6
-4
-5
-5
-5
-7
-7
-6
-6
-7
-8
-6
-7
-5
-4
-4
-3
-4
-4
-4
-4
-5
-5
-6
-4
-4
-3
-2
-2
-3
-4
-4
-4
-4
-3
-2
-2
-1
-2
-1
-1
-2
-2
-2
-2
-2
-3
-3
-2
-2
0
0
0
-1
-2
1
1
2
4
3
3
3
4
6
6
6
7
8
8
8
7
7
6
6
7
7
6
5
5
6
5
4
4
3
2
2
1
2
3
3
4
4
3
3
2
2
-2
-4
-7
-9
-10
-10
-10
-9
-9
-9
-6
-6
-6
-5
-4
-4
-4
-3
-2
-1
-2
0
2
4
4
3
4
5
4
4
3
4
4
6
7
7
7
6
5
5
6
7
8
9
10
9
8
7
6
6
6
6
6
5
8
7
7
6
6
7
7
5
4
3
4
1
-1
-1
-1
-1
-1
-2
-1
0
0
-1
-2
-4
-7
-9
-10
-10
-10
-12
-10
-10
-10
-11
-9
-9
-10
-7
-5
-5
-4
-6
-7
-6
-6
-6
-8
-8
-6
-7
-7
-9
-10
-10
-10
-9
-10
-9
-9
-8
-8
-7
-6
-7
-8
-7
-6
-8
-7
-5
-5
-3
-2
-1
1
2
2
2
2
4
4
3
1
2
1
2
3
4
5
6
6
6
4
6
6
6
6
5
6
6
7
7
7
8
9
9
8
8
9
8
8
8
8
9
9
10
11
11
11
10
11
12
11
11
9
9
7
7
6
6
4
2
3
4
5
4
4
4
3
3
1
0
0
-1
-2
-3
-3
-5
-4
-4
-5
-6
-7
-8
-9
-10
-10
-11
-10
-10
-9
-9
-7
-5
-6
-5
-6
-6
-6
-6
-4
-4
-3
-3
-3
-3
-1
0
1
2
1
2
3
2
2
2
0
1
0
1
2
4
6
6
6
5
3
3
3
2
0
-2
-6
-6
-8
-8
-9
-10
-11
-12
-13
-14
-14
-15
-14
-15
-15
-13
-14
-14
-11
-11
-11
-12
-12
-11
-10
-7
-3
0
2
2
6
7
10
12
12
15
17
19
18
17
16
14
13
13
10
7
6
4
5
4
2
0
0
1
1
-2
-2
-2
-1
1
2
2
2
3
3
2
1
1
0
-1
0
-2
-2
-4
-3
-4
-5
-5
-4
-1
0
1
2
3
5
6
7
8
10
9
8
8
8
5
6
6
8
10
11
11
13
14
15
15
13
11
10
9
9
5
3
1
-2
-5
-8
-9
-9
-11
-10
-12
-13
-11
-12
-12
-12
-11
-11
-11
-9
-7
-7
-6
-4
-3
-4
-3
-2
-3
-4
-5
-6
-6
-7
-8
-9
-8
-8
-11
-13
-12
-12
-14
-14
-14
-13
-10
-8
-5
-2
-1
-2
0
1
3
1
1
3
3
4
6
8
10
11
13
15
19
20
22
22
22
25
25
25
23
21
20
20
20
17
16
15
13
11
9
9
6
6
5
4
2
1
0
-3
-7
-10
-15
-18
-20
-22
-25
-25
-24
-26
-27
-27
-28
-25
-24
-23
-22
-20
-20
-20
-19
-18
-17
-14
-14
-10
-10
-10
-10
-10
-8
-9
-7
-5
-4
-3
-2
0
1
3
5
6
9
11
11
13
14
14
14
15
14
13
15
15
14
14
14
15
14
13
10
9
8
7
6
5
3
1
-1
0
-1
-2
-2
-1
2
2
4
4
4
6
7
7
11
13
13
12
11
11
11
10
10
10
8
7
6
5
2
-1
-4
-5
-5
-6
-7
-7
-8
-9
-9
-10
-8
-7
-6
-7
-6
-3
-2
0
3
3
4
5
8
7
7
7
8
8
7
7
8
11
10
10
10
7
6
5
5
4
2
0
-6
-8
-12
-13
-16
-18
-19
-19
-22
-22
-24
-23
-21
-20
-20
-19
-16
-15
-14
-12
-9
-7
-6
-2
0
1
2
3
5
6
6
9
8
7
7
5
5
4
4
2
1
1
0
-2
-1
-3
-5
-6
-6
-7
-8
-10
-11
-10
-7
-7
-6
-4
-2
1
2
2
2
2
3
6
7
8
10
11
14
15
18
20
19
19
15
13
11
10
11
9
4
3
0
0
-2
-5
-7
-7
-7
-8
-7
-5
-4
-3
-6
-6
-4
-4
-5
-4
-4
0
2
4
5
5
5
4
7
9
11
14
14
15
17
17
15
15
13
10
7
6
6
7
6
4
2
2
1
-3
-5
-9
-12
-14
-17
-19
-20
-22
-22
-20
-16
-13
-11
-10
-8
-8
-10
-8
-9
-8
-7
-8
-7
-6
-6
-6
-5
-4
-3
-1
0
-1
-1
-2
-4
-4
-5
-5
-5
-3
-1
1
3
5
4
3
5
6
7
8
12
14
15
15
17
19
19
16
15
16
15
13
10
8
6
6
6
8
8
7
6
4
3
0
-1
-1
-2
-2
-1
-2
-2
-3
-2
-1
-1
-1
-3
-3
-5
-5
-7
-8
-8
-7
-6
-6
-4
-5
-5
-5
-5
-6
-6
-8
-9
-9
-9
-9
-8
-6
-5
-4
-3
1
4
5
5
2
2
0
-1
-1
-1
-3
-4
-3
-3
-2
1
1
2
2
1
4
4
2
1
-2
-1
-3
-3
-5
-7
-9
-11
-10
-12
-13
-11
-10
-10
-11
-12
-11
-10
-8
-8
-6
-6
-7
-7
-8
-6
-4
-3
-3
-4
-1
1
4
7
10
14
16
20
26
26
26
27
27
27
26
28
26
22
20
18
16
15
12
11
8
7
7
6
5
5
5
5
4
2
0
0
-1
-1
0
1
4
6
6
6
4
4
2
1
-1
-3
-5
-6
-7
-7
-7
-6
-5
-6
-8
-11
-13
-16
-19
-25
-30
-33
-34
-35
-37
-38
-38
-37
-36
-33
-29
-25
-18
-12
-7
-2
1
3
4
5
7
8
8
7
6
6
6
5
6
7
10
11
12
12
12
12
14
13
14
14
16
18
20
22
20
18
18
17
16
14
12
9
5
2
-2
-3
-6
-8
-11
-15
-19
-22
-23
-23
-21
-19
-17
-15
-13
-9
-6
-1
3
6
8
11
12
13
13
14
13
13
16
16
17
17
14
14
14
14
13
12
11
11
13
14
15
15
14
11
12
12
13
16
17
13
10
9
7
4
2
-1
-4
-5
-7
-8
-10
-13
-13
-16
-16
-17
-19
-21
-24
-24
-25
-26
-25
-25
-24
-24
-25
-27
-27
-27
-24
-21
-19
-18
-15
-11
-8
-6
-5
-4
-3
-3
-3
-5
-9
-9
-9
-8
-5
-2
3
6
7
7
10
12
14
13
14
14
14
13
14
17
16
18
17
19
17
16
15
15
18
19
19
20
22
21
21
17
15
17
17
15
13
11
9
6
2
-1
-4
-6
-10
-15
-18
-20
-19
-23
-25
-25
-26
-27
-27
-26
-25
-24
-18
-16
-15
-14
-12
-8
-4
-2
1
1
4
6
9
10
12
19
23
26
28
33
36
35
34
32
29
27
26
22
16
11
9
5
2
-2
-5
-10
-14
-18
-21
-24
-26
-27
-27
-28
-31
-32
-34
-32
-29
-29
-28
-26
-25
-22
-21
-19
-17
-17
-14
-12
-9
-4
0
4
5
8
11
11
12
15
15
13
11
11
9
7
4
3
6
8
7
7
10
11
12
11
13
15
18
19
19
19
22
23
22
22
21
21
21
19
20
18
15
13
13
13
10
6
4
2
1
0
-2
-2
-4
-3
-5
-6
-7
-8
-9
-13
-14
-13
-15
-18
-20
-20
-18
-18
-18
-18
-18
-18
-19
-18
-14
-13
-14
-14
-11
-8
-6
-6
-5
-2
1
2
2
3
6
7
8
9
10
10
9
9
8
9
10
10
10
11
10
9
6
4
3
0
-2
-3
-2
-4
-6
-7
-8
-9
-10
-12
-12
-12
-13
-14
-17
-17
-20
-20
-22
-21
-20
-17
-15
-15
-14
-13
-11
-9
-6
-4
-3
0
1
2
5
7
9
12
14
17
19
24
29
29
31
30
29
27
26
27
25
21
20
18
16
14
9
6
1
-1
-4
-6
-7
-9
-9
-9
-9
-10
-11
-14
-14
-12
-11
-10
-9
-7
-6
-5
-5
-3
-2
-2
-2
-1
0
2
1
2
3
3
3
2
2
3
3
3
2
3
5
3
3
2
3
2
0
0
1
0
-2
-4
-4
-5
-5
-5
-4
0
3
4
6
10
12
12
13
13
13
12
9
7
6
7
3
1
0
2
-1
-3
-2
-2
-4
-8
-11
-13
-13
-15
-15
-16
-14
-12
-13
-10
-9
-8
-6
-6
-6
-6
-6
-5
-4
-3
-3
-5
-7
-7
-7
-9
-9
-10
-8
-7
-7
-6
-2
3
5
6
9
11
14
13
13
14
14
15
14
15
16
15
13
9
5
2
-1
-1
-1
-1
-2
-3
-3
-2
0
-2
-3
-4
-4
-3
-4
-4
-4
-2
-4
-6
-9
-9
-9
-10
-13
-13
-14
-15
-18
-21
-19
-15
-10
-4
1
8
14
18
19
21
22
21
21
21
16
11
8
8
8
9
8
8
8
9
9
7
5
2
-1
-5
-7
-9
-13
-13
-16
-18
-18
-15
-12
-10
-9
-9
-9
-10
-12
-14
-17
-20
-20
-20
-18
-16
-13
-11
-8
-3
3
7
11
15
20
21
22
21
23
27
28
30
31
34
33
33
34
34
34
33
32
30
29
25
19
12
6
1
-7
-14
-17
-21
-25
-28
-29
-26
-25
-22
-20
-17
-15
-14
-13
-9
-8
-6
-6
-3
2
3
4
5
8
9
7
4
-2
-5
-9
-14
-17
-19
-19
-21
-24
-23
-21
-21
-22
-20
-18
-14
-13
-11
-9
-7
-7
-7
-7
-7
-7
-10
-12
-11
-10
-9
-9
-6
-1
3
3
4
5
6
4
2
3
5
5
4
5
6
7
6
8
8
10
11
12
12
12
11
7
7
8
9
10
9
9
10
11
12
12
13
10
7
3
0
-3
-6
-10
-10
-12
-12
-12
-12
-11
-10
-9
-7
-6
-6
-6
-3
-1
1
3
4
7
11
13
16
19
21
23
25
26
26
25
25
23
24
25
26
25
26
26
26
24
22
19
15
11
5
-2
-9
-14
-15
-16
-16
-15
-14
-14
-15
-15
-13
-12
-9
-6
-3
0
0
-1
-4
-7
-10
-11
-11
-10
-12
-13
-15
-17
-19
-19
-20
-20
-18
-16
-13
-10
-8
-6
-4
-1
0
1
-1
-2
-3
-7
-11
-16
-19
-22
-22
-23
-22
-19
-17
-16
-12
-9
-8
-4
-4
-3
-4
-6
-7
-8
-10
-12
-12
-10
-9
-7
-9
-9
-9
-10
-9
-7
-3
-3
-1
3
7
10
15
19
28
37
45
51
54
56
58
59
58
57
54
53
48
42
36
31
27
25
21
18
18
14
13
11
5
-1
-9
-15
-19
-25
-30
-33
-35
-36
-39
-41
-43
-41
-41
-41
-40
-41
-39
-39
-38
-36
-36
-36
-35
-33
-30
-24
-18
-12
-7
0
5
9
10
14
18
18
19
18
18
20
21
21
21
21
19
16
16
15
15
15
11
9
6
3
1
-2
-4
-6
-9
-10
-9
-6
-5
-1
1
6
7
8
11
15
18
19
20
21
20
19
18
16
15
15
17
16
13
11
12
10
9
8
7
5
2
0
2
1
-1
-3
-3
-4
-8
-12
-16
-18
-22
-24
-30
-30
-28
-30
-33
-37
-39
-39
-39
-36
-32
-29
-27
-23
-18
-12
-8
-4
1
3
5
6
7
9
10
10
10
10
13
15
17
17
17
19
16
15
16
18
22
22
22
22
21
20
18
17
15
11
8
3
-2
-7
-9
-10
-11
-11
-14
-16
-18
-16
-16
-15
-13
-12
-8
-7
-6
-5
-4
-2
-2
0
2
6
10
12
12
13
12
12
13
15
16
15
13
9
5
3
2
0
-1
-1
-3
-6
-8
-11
-14
-16
-18
-18
-20
-22
-22
-22
-19
-14
-11
-11
-8
-6
-4
-2
0
1
4
4
7
8
10
13
19
23
28
31
34
36
39
39
38
36
31
30
27
23
17
12
7
1
-3
-7
-11
-15
-17
-22
-23
-28
-30
-31
-33
-31
-30
-28
-27
-25
-23
-21
-18
-16
-11
-7
-2
2
5
9
11
12
14
16
16
16
15
14
13
12
10
8
5
4
2
1
0
0
-2
-2
-4
-5
-4
-6
-9
-10
-12
-11
-11
-12
-14
-16
-18
-19
-17
-15
-13
-12
-9
-5
-2
-2
0
1
2
3
5
6
7
7
7
5
4
3
1
1
1
2
-3
-3
-5
-6
-6
-6
-7
-5
-4
-4
-4
-5
-3
-1
0
0
0
1
1
0
-2
-1
1
2
2
3
4
4
3
3
2
3
2
4
6
8
8
8
11
13
15
15
17
18
18
19
19
19
19
19
20
23
24
29
29
31
30
27
23
20
16
12
8
1
-6
-10
-15
-18
-21
-22
-24
-25
-23
-24
-23
-23
-20
-18
-16
-13
-11
-10
-8
-6
-2
1
4
6
9
13
14
14
12
11
9
6
4
4
6
6
3
1
-1
-3
-7
-9
-11
-14
-18
-20
-24
-27
-31
-34
-35
-33
-32
-33
-35
-34
-31
-27
-23
-19
-15
-11
-7
-5
-2
2
4
6
8
9
13
11
11
11
12
14
17
20
24
25
25
25
26
24
21
20
17
16
11
6
4
4
4
2
0
-2
0
-3
-4
-4
-4
-3
-5
-6
-5
-8
-9
-9
-10
-9
-10
-10
-9
-9
-8
-8
-9
-8
-9
-10
-9
-7
-2
1
3
9
15
20
24
26
33
37
38
37
36
34
30
26
23
21
19
14
10
6
4
0
-4
-4
-2
-2
-2
-3
-3
-2
-2
-1
0
-1
-2
-3
-4
-8
-11
-15
-19
-20
-21
-22
-20
-20
-20
-20
-18
-17
-14
-11
-8
-6
-5
-3
-2
0
3
4
5
3
1
-2
-7
-10
-14
-18
-22
-26
-28
-29
-27
-26
-23
-20
-18
-14
-10
-6
-4
-3
-2
0
0
1
1
1
2
3
4
7
11
15
19
22
24
25
28
30
33
36
36
37
38
39
37
33
31
26
21
14
7
-1
-6
-11
-17
-23
-26
-27
-29
-30
-30
-28
-24
-22
-20
-18
-14
-12
-7
-4
-2
0
-1
-1
1
4
6
7
6
7
6
5
2
2
0
0
0
-2
-3
-5
-7
-9
-10
-9
-9
-8
-4
1
6
8
9
11
13
15
14
11
11
9
9
12
13
16
17
17
16
13
7
5
1
0
-2
-3
-4
-7
-8
-11
-14
-16
-16
-18
-18
-16
-12
-8
-7
-5
-2
1
4
4
5
8
12
13
13
14
14
14
13
13
11
12
9
4
1
-3
-9
-13
-17
-20
-23
-27
-31
-31
-29
-28
-25
-22
-19
-14
-10
-6
-1
4
7
12
18
21
25
27
32
34
37
37
35
31
27
22
18
9
1
-8
-15
-20
-23
-26
-28
-31
-31
-31
-29
-28
-26
-23
-18
-14
-10
-6
-4
0
2
3
4
8
10
10
11
14
14
15
15
15
12
10
8
5
0
-3
-3
-6
-6
-6
-3
-3
-5
-5
-6
-7
-7
-6
-5
-2
0
0
0
1
2
1
2
5
8
9
8
9
9
7
9
9
8
8
10
11
14
19
25
28
28
25
21
15
10
9
10
8
5
3
2
1
-1
2
4
5
3
1
-1
-6
-8
-7
-8
-7
-12
-15
-17
-18
-15
-15
-15
-11
-12
-11
-12
-12
-12
-13
-14
-14
-12
-11
-7
-6
-2
3
5
7
6
6
7
7
3
1
-4
-9
-13
-16
-15
-17
-15
-15
-15
-18
-23
-26
-27
-29
-30
-28
-26
-21
-17
-13
-10
-6
-5
-4
-2
2
7
14
17
17
19
20
20
17
17
16
15
15
15
16
16
16
16
16
16
14
12
10
8
6
6
7
7
8
8
9
5
3
1
-2
-4
-5
-6
-6
-6
-5
-6
-6
-5
-6
-4
0
4
8
9
11
11
8
8
6
6
5
3
5
4
5
8
12
13
12
13
12
12
9
6
4
0
1
4
5
6
9
11
14
13
14
15
13
13
10
8
6
4
3
2
-1
-2
-3
-3
-1
0
0
-2
-6
-4
-5
-5
-4
-5
-4
-7
-10
-10
-9
-9
-9
-6
-4
-8
-11
-9
-10
-13
-16
-16
-18
-22
-23
-25
-28
-31
-28
-27
-27
-23
-19
-16
-14
-8
-3
-1
0
0
0
-1
-3
-3
-5
-5
-6
-3
-1
1
3
6
6
7
6
7
5
5
7
8
7
5
6
5
1
1
1
2
3
4
5
3
4
4
5
4
2
4
1
-2
-3
-4
-4
-2
-2
-1
-2
-5
-8
-8
-9
-9
-8
-9
-9
-10
-10
-8
-8
-5
-2
-3
-3
-3
-3
-1
1
3
4
1
1
1
2
3
3
4
4
7
9
12
17
20
25
30
33
36
38
39
39
39
37
34
32
28
27
23
21
20
16
15
15
16
16
14
11
7
2
-1
-3
-2
-2
0
-1
-5
-6
-12
-13
-13
-11
-7
-7
-6
-4
-6
-7
-10
-13
-11
-9
-7
-4
-5
-3
-1
-5
-9
-13
-18
-21
-25
-26
-28
-35
-38
-41
-42
-42
-44
-44
-41
-42
-42
-42
-38
-35
-34
-31
-28
-27
-26
-24
-25
-24
-18
-13
-10
-3
4
11
15
19
25
26
28
32
37
40
43
45
46
43
39
34
28
22
20
18
16
12
11
4
-4
-10
-15
-15
-13
-12
-5
-1
1
4
3
6
7
11
16
18
24
27
28
28
25
24
26
24
28
29
29
30
26
22
18
14
13
13
9
9
5
1
-5
-13
-15
-19
-23
-23
-29
-39
-48
-53
-55
-56
-52
-44
-38
-34
-34
-35
-37
-37
-37
-32
-27
-21
-16
-12
-8
-7
-5
-4
-3
-5
-5
-5
-4
-6
-11
-11
-11
-8
2
16
29
42
51
58
61
61
61
63
66
71
80
84
82
80
75
70
64
57
56
55
53
52
47
41
26
12
5
-2
-5
-2
0
-4
-14
-21
-36
-54
-69
-75
-80
-82
-78
-76
-80
-86
-93
-100
-112
-122
-125
-126
-129
-132
-139
-148
-162
-167
-161
-149
-127
-99
-71
-53
-45
-41
-36
-34
-24
-2
23
50
74
95
110
118
134
153
174
201
222
236
241
234
223
211
205
207
213
223
229
226
214
198
178
158
141
133
121
109
94
74
50
26
7
-4
-10
-12
-16
-30
-57
-99
-145
-190
-231
-258
-275
-280
-282
-287
-298
-323
-357
-389
-413
-423
-424
-416
-411
-417
-431
-446
-447
-426
-379
-307
-229
-154
-94
-56
-38
-27
-7
29
78
142
211
272
321
359
389
408
429
459
490
521
548
561
549
521
480
445
423
424
444
468
486
485
460
410
352
304
278
270
267
262
240
202
160
117
83
54
30
7
-33
-93
-167
-248
-330
-410
-475
-527
-573
-615
-665
-721
-781
-839
-881
-913
-935
-945
-949
-947
-943
-919
-874
-811
-717
-598
-465
-331
-206
-100
-18
53
128
201
278
368
469
563
632
676
694
707
734
781
844
893
915
890
820
722
622
560
546
570
606
621
599
540
466
411
387
396
415
426
406
352
273
196
139
108
99
93
77
36
-34
-130
-241
-356
-468
-574
-671
-761
-853
-942
-1024
-1094
-1157
-1211
-1248
-1268
-1275
-1274
-1265
-1244
-1212
-1163
-1091
-981
-831
-648
-443
-246
-68
77
190
282
367
473
613
776
927
1015
1024
977
923
910
961
1058
1160
1217
1187
1071
901
724
597
554
576
614
615
571
477
360
269
234
253
296
328
336
306
248
177
110
61
27
15
18
16
-7
-65
-149
-251
-367
-486
-604
-710
-800
-875
-948
-1028
-1115
-1199
-1260
-1290
-1291
-1279
-1256
-1226
-1199
-1190
-1181
-1131
-1020
-848
-632
-402
-208
-64
56
170
269
362
514
725
915
1026
1042
985
904
878
933
1021
1117
1215
1263
1203
1050
880
745
663
665
703
706
657
579
492
389
305
283
301
313
317
324
310
249
177
117
54
-15
-56
-52
-52
-90
-151
-225
-329
-459
-585
-698
-803
-882
-933
-991
-1082
-1184
-1272
-1328
-1347
-1335
-1320
-1322
-1316
-1312
-1323
-1323
-1259
-1127
-950
-731
-485
-274
-133
16
200
353
474
643
868
1057
1139
1139
1070
955
916
980
1073
1148
1223
1292
1258
1122
980
872
807
790
795
777
693
593
516
424
324
256
256
288
325
378
410
382
314
260
206
124
68
80
97
64
-9
-96
-221
-380
-519
-634
-737
-827
-903
-1000
-1143
-1295
-1419
-1505
-1550
-1549
-1539
-1547
-1562
-1572
-1594
-1613
-1569
-1446
-1260
-1007
-713
-462
-283
-110
123
345
513
731
1003
1224
1301
1276
1202
1068
997
1052
1131
1182
1232
1313
1330
1220
1109
1032
968
917
873
836
741
631
555
462
356
287
307
368
420
500
568
545
458
383
321
218
144
161
179
134
57
-9
-124
-298
-434
-513
-596
-709
-819
-947
-1143
-1365
-1531
-1619
-1649
-1635
-1605
-1607
-1659
-1726
-1794
-1840
-1826
-1721
-1545
-1308
-1030
-795
-631
-469
-204
97
344
570
810
1006
1094
1101
1089
1050
1018
1073
1159
1205
1197
1220
1292
1307
1264
1226
1207
1176
1094
1004
917
796
685
599
530
472
462
525
579
592
592
577
526
436
378
346
287
243
247
263
209
100
18
-71
-209
-323
-392
-481
-648
-840
-1033
-1276
-1547
-1739
-1808
-1817
-1825
-1827
-1825
-1874
-1978
-2045
-2014
-1960
-1867
-1661
-1357
-1073
-861
-646
-419
-123
219
508
740
974
1199
1278
1208
1178
1163
1119
1155
1243
1304
1286
1314
1404
1365
1267
1257
1408
1499
1292
1027
895
748
488
337
400
456
490
547
497
415
431
524
529
505
590
609
497
403
401
386
309
268
220
30
-185
-253
-310
-568
-897
-1070
-1271
-1711
-2113
-2221
-2251
-2403
-2457
-2313
-2245
-2368
-2433
-2319
-2241
-2258
-2071
-1517
-929
-559
-177
418
1017
1421
1760
2048
2155
2051
1813
1436
1062
929
896
748
608
527
234
-199
-336
-305
-398
-234
407
890
835
831
1086
1049
800
946
1440
1763
1982
2313
2378
2043
1615
1216
727
294
213
188
-18
-191
-272
-447
-799
-998
-977
-981
-944
-742
-547
-675
-969
-1111
-1300
-1602
-1724
-1537
-1359
-1424
-1537
-1704
-1951
-2136
-2167
-2015
-1751
-1485
-1346
-1299
-1111
-889
-818
-563
175
1104
1884
2771
3470
3276
2633
1941
796
-338
-409
125
250
463
843
271
-865
-1431
-1784
-2083
-1324
288
1477
2324
3204
3311
2568
1987
1745
1602
1921
2659
3074
2880
2185
1035
-289
-1411
-2094
-2085
-1571
-1214
-1058
-783
-825
-1363
-1601
-1206
-701
-212
504
1075
1045
612
82
-568
-1200
-1522
-1574
-1520
-1526
-1727
-2093
-2464
-2710
-2821
-2707
-2307
-1851
-1498
-1113
-745
-586
-531
-220
604
1725
2797
3671
4124
3827
2734
1186
-440
-1567
-1602
-872
-188
284
551
94
-952
-1731
-2108
-2014
-878
1012
2567
3589
4305
4128
3070
2063
1391
1070
1371
2035
2388
2193
1408
62
-1313
-2275
-2762
-2539
-1710
-950
-435
64
164
-278
-511
-251
136
585
1183
1545
1283
585
-278
-1173
-1881
-2266
-2200
-1867
-1748
-1903
-2169
-2446
-2623
-2507
-1996
-1349
-854
-567
-426
-411
-667
-819
-248
852
1889
2874
3539
3385
2729
1607
-281
-1947
-2083
-1420
-1009
-312
529
464
-317
-1010
-1604
-2007
-1406
19
1347
2555
3656
4114
3769
2973
1952
1014
879
1459
1883
2021
1980
1397
198
-1034
-1738
-1844
-1459
-884
-305
351
670
357
-49
-97
-16
23
393
983
1107
577
-109
-704
-1527
-2372
-2587
-2221
-1935
-1975
-1976
-1945
-2066
-2199
-2244
-1982
-1599
-1507
-1326
-871
-738
-1028
-967
-320
196
894
1943
2500
2861
3046
2324
910
-454
-1356
-1837
-1573
-812
-364
124
524
139
-770
-1482
-1484
-976
-109
1257
2809
3960
4242
3832
2974
1761
981
1086
1608
2023
2201
2070
1377
258
-793
-1307
-1200
-864
-405
243
842
938
542
266
247
266
339
634
988
795
119
-550
-1211
-1974
-2583
-2575
-2166
-1997
-2050
-2013
-1970
-2251
-2703
-2692
-2248
-1940
-1807
-1341
-848
-1183
-1748
-1591
-948
185
1819
2762
2996
3640
3548
1367
-912
-1657
-2173
-2451
-1349
-61
515
1119
1101
-357
-1723
-1874
-1701
-1053
815
2728
3672
4418
5013
4239
2431
1353
1385
1542
1596
2035
2525
2108
733
-592
-1141
-1334
-1473
-970
82
837
1001
833
602
299
-22
-152
158
777
808
313
-102
-836
-2000
-2959
-3087
-2715
-2477
-2202
-1803
-1583
-1985
-2772
-2963
-2688
-2561
-2266
-1328
-436
-886
-1683
-1602
-1400
-1191
63
1977
2785
3339
4453
3709
1049
-1064
-2275
-3163
-2759
-973
381
1597
2827
1891
-553
-1623
-1503
-1830
-1309
1228
3442
4305
5231
5859
4623
2234
940
1016
1350
1626
2203
3018
2753
1005
-612
-1155
-1412
-1737
-1075
352
1189
1329
1130
866
427
-345
-763
-410
158
78
-405
-715
-1397
-2547
-3435
-3437
-2902
-2709
-2493
-1929
-1638
-2022
-2662
-2694
-2423
-2404
-2325
-1826
-1197
-1481
-1854
-1126
-386
-235
357
1696
2182
1941
2666
2979
1559
-210
-1187
-1628
-1752
-1071
-73
807
1630
1303
49
-474
-298
-550
-605
879
2648
3521
4547
5652
5186
3137
1590
1376
1434
1345
1561
2164
2239
1145
-92
-427
-453
-964
-1097
-217
642
877
896
1000
761
-54
-677
-609
-334
-621
-1064
-1211
-1751
-2679
-3307
-3287
-2939
-2685
-2315
-1980
-1844
-1970
-2608
-3011
-2865
-2706
-2631
-2174
-1348
-1297
-1515
-916
-258
157
1037
2103
2357
2609
3401
2859
868
-635
-1453
-2179
-1981
-691
396
1311
1981
1203
-220
-618
-476
-692
-180
1540
2963
3923
5200
5867
4692
2749
1924
1798
1479
1460
1872
2141
1738
836
181
17
-194
-770
-866
-244
182
372
663
751
297
-374
-683
-545
-556
-1067
-1435
-1615
-2126
-2724
-2993
-2873
-2739
-2633
-2197
-1769
-1768
-2299
-2928
-3135
-3231
-3240
-2969
-2225
-1247
-1108
-1170
-870
-876
-707
197
1399
2419
4178
5601
3794
530
-1517
-3123
-4004
-2763
-447
1329
2876
3511
2087
325
-544
-1406
-1761
-407
1819
3783
5804
7433
6990
4486
2142
1304
1180
1029
1257
2179
2707
1934
812
135
-439
-1244
-1671
-1057
-106
588
1083
1283
941
-45
-844
-891
-585
-599
-957
-1195
-1701
-2631
-3465
-3762
-3446
-3108
-2758
-2168
-1855
-2287
-3141
-3531
-3602
-3646
-3321
-2801
-1905
-1130
-1082
-825
-392
-354
-367
673
2266
3230
4746
5285
2719
-501
-2536
-3664
-3591
-1778
461
1812
2975
3001
1353
66
-561
-1172
-1041
572
2892
4849
6629
7377
5999
3548
1678
1166
1309
1302
1592
2312
2379
1369
332
-169
-713
-1333
-1311
-526
478
1228
1403
1215
655
-367
-954
-863
-732
-983
-1318
-1473
-2142
-3275
-4021
-4124
-3736
-3290
-2723
-2027
-1900
-2462
-3254
-3800
-3895
-3741
-3340
-2696
-1805
-978
-623
-288
-247
-621
-218
1188
2536
3924
5666
5365
2036
-1311
-3195
-4056
-3057
-518
1564
3010
3976
2997
870
-191
-867
-1681
-941
1497
3915
5854
7569
7570
5042
2076
724
850
1156
1426
2290
2912
2296
956
-104
-650
-1267
-1646
-1221
-169
1003
1441
1311
964
-51
-1117
-1363
-970
-793
-1153
-1398
-1818
-2885
-4028
-4636
-4239
-3360
-2820
-2200
-1637
-1903
-2913
-3752
-3795
-3717
-3812
-3360
-2410
-1312
-556
45
480
-135
-532
-81
508
2518
5681
6571
3723
76
-2467
-4601
-4425
-1785
444
2664
4823
4283
1641
331
64
-1387
-1940
1
2542
5053
7703
8835
6595
2736
640
385
391
478
1486
2873
2762
1355
354
59
-497
-1396
-1577
-763
500
1512
1866
1590
582
-690
-1348
-1201
-933
-1076
-1274
-1675
-2691
-3991
-4944
-4678
-3536
-2711
-2045
-1330
-1301
-2434
-3818
-4067
-3890
-4067
-3757
-2658
-1336
-735
-493
-198
-646
-831
-197
843
3467
6654
6872
3204
-956
-3626
-5524
-4647
-1280
1204
3424
5447
4477
1178
-574
-673
-1692
-1846
577
3559
6115
8141
8385
5585
1644
50
563
1166
1622
2631
3497
2560
526
-706
-890
-789
-740
-275
727
1638
1914
1546
761
-250
-954
-962
-484
-203
-555
-1314
-2434
-3720
-4840
-5337
-4505
-3053
-2070
-1632
-1488
-1758
-3035
-4273
-4159
-3722
-3747
-3664
-2861
-1933
-1624
-1099
-612
-502
78
755
2326
5606
7629
5380
646
-2723
-4833
-5553
-2823
804
2961
4755
5059
2263
-852
-1274
-1067
-1430
-200
2404
5042
7250
8173
6619
2974
346
348
1520
2383
2938
3450
2659
368
-1396
-1705
-1145
-394
481
1330
1755
1855
1493
635
-237
-707
-559
-66
291
141
-783
-2180
-3710
-5094
-5749
-5221
-3726
-2340
-1695
-1554
-1911
-2803
-3809
-4179
-3675
-3328
-3563
-3513
-3165
-2736
-1791
-551
-104
-141
604
1626
3519
6452
6608
2649
-1639
-3975
-5203
-4159
-290
2593
3583
4313
3045
-253
-1801
-830
-391
-301
1741
4384
6170
7441
7184
4453
1215
366
1693
3233
4107
4142
3232
1001
-1618
-2542
-1662
-351
804
1867
2380
2040
1349
589
-150
-586
-378
261
768
769
40
-1374
-3217
-4878
-5809
-5757
-4507
-2755
-1848
-2037
-2499
-2875
-3612
-4246
-3691
-2739
-2879
-3535
-3629
-3359
-2749
-1429
-216
-2
241
1357
3022
5011
6052
4344
483
-3034
-4601
-4072
-1426
1953
3584
3605
2928
886
-1515
-1766
-382
443
1442
3522
5213
6024
6187
5069
2826
1262
1750
3437
4638
4390
3034
1167
-1202
-2802
-2337
-742
809
1870
2196
1711
762
-110
-680
-589
35
650
1139
1090
330
-1059
-2928
-4495
-5291
-5266
-4520
-3089
-1880
-2079
-3004
-3538
-3654
-3774
-3428
-2380
-2103
-2724
-3412
-4149
-4288
-3632
-2281
-478
1676
3531
4330
5546
6115
3338
-1100
-3894
-4250
-3236
-512
2866
3762
3021
1990
-439
-3016
-2706
-10
1870
3086
4337
4326
3852
3719
3265
2684
3048
4508
5718
5688
4005
1684
8
-1708
-2821
-1776
267
1453
1787
1608
747
-75
-164
121
617
1349
1813
1498
362
-1017
-1971
-2523
-2987
-3277
-3318
-3260
-3270
-3337
-3571
-4046
-4079
-3428
-2907
-2825
-2447
-2101
-2910
-3965
-4145
-4036
-3216
-1346
243
1443
3190
4527
4403
3900
2455
-864
-3299
-3175
-2032
-241
2185
3008
1591
172
-856
-1855
-1342
699
2291
2867
3360
3695
3456
3327
3492
3478
3657
4629
5720
5558
3928
1701
-341
-1838
-2356
-1595
-272
695
1055
874
349
64
414
874
1178
1355
1163
718
-1
-811
-1252
-1537
-2042
-2695
-3071
-3334
-3532
-3310
-3286
-3614
-3799
-3623
-3202
-2923
-2803
-2986
-3349
-3919
-4760
-3984
-1612
11
805
1508
1485
1081
2950
5199
3546
502
-1408
-3223
-3488
-1007
1124
1244
1878
1886
-1000
-2683
-588
1625
1827
2028
2575
2605
3731
5370
4840
3350
3411
4460
5211
5561
4701
2718
926
-1099
-2823
-2447
-754
250
300
200
70
258
819
1110
1377
1561
1396
922
72
-826
-1494
-1823
-2059
-2413
-2648
-2660
-2428
-2674
-3493
-4150
-4560
-4442
-4102
-3593
-2760
-2553
-3117
-3976
-4459
-3462
-1212
773
1680
2336
2584
2029
2384
2406
402
-1170
-1430
-1889
-1921
-409
592
-41
-542
-1028
-1693
-780
1496
2707
2311
2110
2194
2115
3100
4625
4944
4503
4582
4803
4799
4922
4242
2441
653
-897
-1822
-1558
-972
-773
-532
-128
244
978
1843
2265
2283
1796
1129
704
199
-440
-833
-1241
-1961
-2396
-2514
-2608
-2363
-2261
-2850
-3846
-4548
-4544
-4194
-3915
-3713
-3394
-3350
-3779
-3623
-2365
-434
1776
3200
3245
2088
685
34
-497
-975
-718
-115
-168
-947
-1716
-2298
-2301
-1519
-827
-219
1025
2239
2231
1477
958
817
1691
3600
5247
5850
5582
4676
3361
2823
3536
4054
3548
2294
542
-1172
-2143
-2172
-1674
-764
434
1385
1871
1961
1720
1411
1180
973
971
1019
462
-627
-1677
-2452
-2717
-2489
-2046
-1817
-2013
-2594
-3445
-4217
-4576
-4340
-3857
-3684
-3760
-3699
-3449
-2592
-1198
42
1811
4264
4732
2508
343
-945
-1934
-1524
-277
-419
-555
48
-1798
-4853
-4287
-1457
-27
1165
2529
1878
581
692
545
294
2530
5618
6245
5472
4908
3819
2965
3087
2966
2967
3508
2720
305
-1665
-2558
-2614
-1398
-28
526
1210
1697
1462
1352
1470
1589
1837
1941
1341
148
-1100
-2027
-2232
-2001
-1792
-1579
-1815
-2604
-3260
-3591
-3856
-3892
-3436
-3147
-3436
-3997
-4588
-3940
-1754
292
1500
3241
5055
4148
1387
-780
-2235
-2101
-143
564
-979
-1885
-2361
-4428
-5524
-3579
-854
1239
2529
1874
-93
-784
40
801
1991
4310
5991
5617
4285
3243
2647
2929
3677
3677
3343
2913
1352
-785
-1903
-2042
-1417
56
839
458
497
1042
1321
1830
2611
2866
2540
1835
735
-478
-1411
-1582
-1095
-928
-1321
-1844
-2462
-3168
-3353
-3040
-3019
-2876
-2544
-2952
-3914
-4781
-4827
-3408
-1247
412
1676
3797
5027
2735
-565
-1652
-859
507
1227
-112
-2398
-3043
-3651
-5828
-5521
-1395
1703
1737
575
-943
-1672
-249
1398
1773
2982
5097
5233
3400
2146
2359
3563
4929
4950
3598
2542
1662
141
-984
-961
-459
120
326
-344
-944
-498
351
1342
2649
3259
2743
1903
920
-202
-858
-712
-142
97
-424
-1531
-2554
-2938
-2616
-2060
-1907
-2150
-2835
-3637
-3793
-4165
-4928
-4172
-2064
-735
137
1641
2688
3207
3272
1307
-912
-44
1598
658
-1418
-2938
-4166
-4782
-4720
-4321
-2614
355
1748
106
-2021
-2025
-329
1496
2876
3745
4026
3936
3519
2825
2907
4228
5160
4449
3037
1975
1047
232
-182
-488
-718
-503
-319
-721
-865
-71
946
1843
2816
3218
2560
1699
1218
681
188
257
316
-244
-1026
-1790
-2447
-2524
-2011
-1573
-1817
-2531
-3134
-3506
-3730
-4140
-4422
-3689
-2170
-802
280
1733
3536
4104
2596
434
-297
1201
2930
1910
-1547
-4178
-4855
-5445
-5964
-4352
-1176
868
358
-2077
-3812
-2323
1117
3051
3043
2985
3157
2899
2575
2875
4156
5629
5511
3581
1513
464
294
404
48
-740
-1032
-1031
-1472
-1650
-867
397
1591
2442
2750
2578
2211
2057
2067
1571
676
325
306
-299
-1243
-1913
-2271
-2176
-1646
-1426
-2006
-2799
-3048
-3021
-3334
-3528
-3041
-2350
-1704
-1010
-236
1413
4153
5206
2674
-212
-173
1503
2373
1364
-1389
-3929
-4754
-5344
-6354
-5078
-1252
978
-479
-3041
-3688
-1627
1739
3648
3171
2336
2251
1994
1940
3299
5164
5654
4540
2507
494
-207
344
772
331
-575
-1384
-1971
-2105
-1443
-205
897
1578
2030
2222
2173
2333
2664
2459
1717
990
506
273
158
-298
-1181
-1889
-2012
-1840
-1626
-1530
-2052
-2789
-2898
-3016
-3330
-2739
-1850
-1525
-635
585
1301
3322
5358
3081
-615
-155
2057
2678
2244
-757
-5038
-5319
-4112
-5824
-5498
-1158
514
-1880
-4134
-4849
-2614
2439
4681
2272
347
731
1321
2350
4191
5476
5570
4252
1939
499
670
1355
1594
770
-999
-2272
-2361
-2038
-1216
196
829
550
741
1286
1526
2123
3030
2891
1755
922
517
419
821
682
-590
-1696
-1926
-1858
-1632
-1243
-1488
-2467
-3232
-3479
-3194
-2306
-1646
-1401
-434
1096
1721
1839
2716
2941
1888
1602
2126
1906
1233
-282
-3560
-5733
-4471
-3000
-3159
-2747
-2298
-3293
-4010
-3139
-1202
1516
3377
2285
-117
-647
954
3345
5323
5698
4472
2875
1727
1245
1643
2284
1948
460
-1271
-2407
-2477
-1485
-283
215
6
-386
-304
599
1827
2564
2441
1785
1204
977
997
1137
1124
567
-546
-1481
-1634
-1289
-975
-1108
-1858
-2927
-3594
-3298
-2456
-1808
-1280
-1139
-1222
-233
1258
1862
2372
2774
1844
1092
1896
2080
872
-383
-2351
-4296
-3854
-2676
-2770
-2692
-2452
-3296
-3702
-2345
-452
1222
2079
945
-834
-605
1489
3636
4878
4681
3125
1650
1447
2074
2784
3061
2147
120
-1633
-2208
-1762
-703
160
-11
-780
-1043
-500
543
1680
2312
2054
1215
607
878
1669
2098
1827
873
-430
-1293
-1193
-677
-413
-519
-1415
-3075
-4011
-3146
-1540
-797
-1052
-1483
-1119
170
877
775
1527
2785
2576
1148
370
743
1414
723
-2209
-4362
-3310
-2026
-2833
-3768
-3426
-2669
-1960
-1469
-1272
-282
1135
828
-609
-458
1694
3779
4207
3216
2000
1672
2220
2808
3079
2856
1909
380
-1075
-1589
-1106
-376
-25
-323
-1012
-1263
-477
816
1581
1560
1075
559
507
944
1393
1569
1364
689
-238
-743
-498
-197
-382
-982
-2054
-3231
-3321
-2096
-957
-803
-1032
-1113
-729
300
1058
1239
1858
2478
1734
439
319
1164
1503
326
-2118
-3671
-3048
-2277
-3054
-3872
-3374
-2412
-1942
-1828
-1481
-428
683
548
-241
180
1902
3336
3425
2488
1713
1840
2531
3036
3029
2467
1422
237
-644
-894
-581
-227
-313
-848
-1343
-1040
113
1247
1632
1276
641
382
696
1054
1107
988
722
344
8
-132
-54
-21
-280
-1017
-2109
-2923
-2615
-1329
-446
-809
-1715
-1665
-125
1269
1304
1069
1581
1981
1206
-24
-223
1053
2030
372
-2677
-3666
-2428
-1603
-2381
-3449
-3309
-2144
-1363
-1624
-1648
-324
1094
1139
458
559
1740
2838
2753
1850
1344
1663
2278
2575
2334
1756
1204
593
-171
-548
-385
-292
-469
-813
-1183
-905
199
1192
1390
989
493
333
639
873
562
241
256
106
-167
-161
-130
-263
-409
-1047
-2346
-2858
-1871
-908
-969
-1514
-1814
-1010
773
1592
968
770
1458
1599
871
214
288
1123
1198
-870
-2962
-2621
-1170
-965
-2129
-3206
-3145
-2181
-1460
-1518
-1270
-160
707
777
778
1475
2574
2955
2371
1671
1483
1800
2239
2383
2076
1625
1252
703
134
-27
-79
-384
-802
-1217
-1326
-759
158
643
560
393
374
572
781
560
36
-331
-447
-506
-490
-393
-467
-577
-705
-1235
-1759
-1766
-1469
-1251
-1317
-1465
-995
366
1310
1049
884
1331
1627
1678
1380
666
345
482
-222
-1558
-1822
-1317
-1394
-1855
-2259
-2490
-2092
-1392
-1270
-1400
-1033
-388
323
1237
2019
2351
2430
2356
2208
2274
2440
2325
1927
1479
1210
1120
1043
904
601
41
-554
-812
-870
-957
-783
-472
-472
-508
-244
81
370
696
669
76
-528
-700
-640
-631
-736
-1005
-1217
-1103
-994
-1141
-1261
-1220
-1198
-1364
-1357
-755
196
812
692
504
995
1726
2022
1825
1385
962
478
-320
-1046
-1049
-742
-1083
-1862
-2275
-2225
-1790
-1139
-841
-968
-1051
-1022
-741
253
1606
2247
2045
1740
1751
2163
2666
2653
2076
1424
945
673
680
839
797
366
-314
-841
-894
-633
-382
-339
-614
-1000
-984
-515
34
484
571
171
-310
-497
-499
-499
-494
-818
-1436
-1606
-1334
-1154
-859
-551
-787
-1241
-1196
-586
335
1086
878
145
352
1305
1808
1867
1781
1430
928
210
-719
-927
-227
-183
-1395
-2455
-2540
-1961
-1118
-539
-567
-726
-741
-832
-486
776
1976
2208
1825
1405
1493
2170
2723
2577
1955
1312
685
273
377
596
512
-14
-875
-1319
-1018
-409
17
-163
-737
-1159
-1057
-478
58
360
236
-330
-646
-493
-245
-203
-534
-1112
-1647
-1745
-1404
-926
-443
-275
-729
-1175
-796
622
1913
1779
658
82
685
1634
1976
1751
1308
727
-58
-870
-969
-288
69
-890
-2518
-3360
-2762
-1387
-292
-163
-661
-1105
-1168
-538
830
2219
2582
1894
1096
965
1685
2753
3182
2555
1391
465
91
273
695
665
-49
-947
-1496
-1371
-689
9
153
-418
-1139
-1323
-867
-167
213
7
-645
-1209
-1107
-562
-151
-164
-697
-1454
-1825
-1647
-1070
-385
-109
-552
-1003
-450
847
1832
1951
1170
357
577
1511
2034
1894
1302
242
-778
-998
-485
89
171
-696
-2221
-3114
-2586
-1234
-52
246
-467
-1346
-1268
-91
1482
2516
2473
1655
915
938
1739
2709
3036
2354
1087
47
-129
502
1037
747
-193
-1184
-1596
-1162
-348
129
-10
-512
-953
-1000
-524
68
225
-168
-877
-1518
-1512
-848
-242
-304
-1044
-1856
-2131
-1558
-656
-302
-657
-1064
-940
-143
905
1633
1709
1339
851
635
1127
2065
2404
1469
-190
-1322
-1118
-154
457
111
-929
-2070
-2658
-2235
-1002
136
276
-606
-1476
-1234
175
1759
2560
2398
1717
1145
1238
2039
2905
3115
2353
1015
8
-12
621
1099
823
-201
-1312
-1708
-1202
-376
1
-376
-1082
-1489
-1317
-769
-243
-188
-640
-1256
-1696
-1623
-1033
-461
-549
-1236
-1857
-1812
-1014
-103
34
-527
-909
-558
355
1260
1623
1432
1100
835
761
1165
1863
1959
1047
-261
-1079
-990
-227
292
-171
-1267
-2121
-2198
-1430
-254
366
7
-742
-1070
-602
590
1860
2450
2221
1602
1243
1619
2501
3059
2753
1810
828
310
421
730
739
271
-642
-1477
-1572
-988
-382
-373
-1021
-1738
-1849
-1273
-634
-455
-723
-1205
-1529
-1432
-1022
-597
-496
-904
-1475
-1643
-1066
-146
309
-81
-788
-976
-369
606
1408
1576
1075
446
214
586
1377
1965
1620
469
-630
-958
-461
334
524
-318
-1571
-2262
-1877
-659
448
567
-160
-919
-991
-102
1246
2149
2187
1581
968
1087
2050
2983
3065
2332
1222
376
351
838
1099
808
-45
-1075
-1517
-1085
-373
-62
-389
-1173
-1804
-1686
-949
-290
-257
-853
-1573
-1803
-1357
-664
-325
-637
-1346
-1885
-1735
-864
108
312
-298
-945
-919
-104
1028
1636
1393
793
373
385
921
1580
1606
862
-130
-759
-627
148
652
181
-963
-2010
-2309
-1555
-343
255
-38
-664
-1052
-729
392
1575
1997
1613
907
599
1268
2463
3111
2776
1788
788
414
802
1312
1327
713
-325
-1159
-1184
-622
-89
-22
-574
-1349
-1678
-1353
-799
-492
-641
-1191
-1701
-1676
-1225
-771
-557
-751
-1325
-1675
-1195
-214
407
273
-360
-745
-215
778
1215
1011
781
692
672
844
1091
1152
849
10
-988
-1105
-140
689
394
-725
-1803
-2110
-1521
-683
-296
-392
-744
-1124
-950
76
1330
1969
1706
964
639
1273
2389
3042
2862
2101
1264
892
1118
1507
1618
1197
229
-715
-972
-555
-94
-118
-687
-1437
-1788
-1494
-1003
-805
-910
-1171
-1464
-1611
-1450
-1009
-606
-572
-958
-1344
-1078
-192
493
425
-51
-237
157
721
899
673
443
393
414
548
949
1332
1058
-11
-1087
-1195
-325
473
335
-532
-1335
-1529
-1160
-622
-293
-315
-705
-1253
-1334
-480
802
1527
1359
765
438
837
1789
2589
2712
2222
1502
1004
1050
1494
1827
1563
752
-83
-482
-360
2
93
-392
-1175
-1700
-1712
-1378
-1050
-1012
-1253
-1493
-1529
-1390
-1126
-820
-726
-995
-1255
-992
-262
299
264
-103
-220
211
814
1000
719
352
90
-31
140
615
1059
1025
331
-603
-966
-465
235
360
-146
-840
-1228
-1016
-383
110
104
-356
-939
-1155
-714
163
937
1161
779
278
318
1008
1841
2295
2156
1575
1070
1034
1362
1705
1699
1132
299
-221
-192
142
341
54
-673
-1369
-1611
-1452
-1210
-1104
-1215
-1461
-1637
-1515
-1085
-642
-543
-869
-1248
-1102
-380
302
387
28
-178
116
734
1179
1151
832
461
92
-42
288
782
868
364
-378
-776
-512
78
336
-5
-643
-1125
-1135
-672
-117
100
-125
-633
-1045
-895
-200
497
780
610
228
94
497
1156
1581
1636
1426
1087
902
1097
1450
1556
1256
688
166
-10
166
345
196
-254
-735
-1069
-1183
-1131
-1101
-1229
-1425
-1506
-1403
-1156
-827
-604
-684
-884
-769
-255
295
523
380
148
212
638
1052
1171
1068
785
354
79
204
488
527
177
-394
-774
-618
-118
188
65
-333
-763
-966
-772
-326
-4
-47
-394
-778
-866
-522
25
380
338
58
-105
63
480
891
1051
915
686
612
757
1011
1183
1092
772
461
331
333
356
302
108
-165
-420
-625
-764
-841
-918
-1012
-1082
-1095
-1040
-929
-829
-781
-729
-557
-266
13
194
276
347
499
691
819
887
904
776
530
341
301
354
357
171
-160
-372
-318
-148
-30
2
-84
-267
-408
-431
-363
-251
-190
-286
-484
-615
-587
-405
-177
-45
-68
-150
-148
-27
150
305
383
366
318
352
505
694
789
748
639
574
577
571
496
353
197
55
-65
-173
-300
-451
-619
-778
-857
-813
-702
-642
-669
-702
-618
-396
-119
100
210
252
314
452
645
839
935
823
538
263
157
196
236
149
-40
-210
-278
-221
-76
63
101
30
-64
-99
-57
6
8
-83
-214
-336
-420
-433
-383
-328
-322
-366
-414
-417
-343
-209
-84
-27
-31
-27
53
223
419
559
622
645
657
660
643
586
471
318
170
39
-99
-270
-478
-670
-785
-828
-850
-874
-855
-777
-669
-546
-392
-210
-67
13
64
144
284
481
638
654
545
409
330
350
431
461
372
236
170
214
358
521
586
527
408
320
314
351
332
208
19
-158
-260
-290
-332
-438
-559
-638
-685
-704
-664
-583
-508
-444
-383
-312
-195
-31
130
258
372
474
551
602
617
587
506
379
234
105
-11
-167
-387
-620
-800
-913
-973
-1002
-1034
-1047
-977
-800
-542
-283
-83
55
153
254
404
593
757
845
837
763
700
700
757
799
772
676
552
474
492
574
622
578
439
274
181
187
225
194
59
-109
-220
-255
-240
-239
-303
-428
-560
-649
-691
-716
-735
-753
-762
-726
-617
-464
-316
-201
-109
-16
88
202
290
314
272
193
106
12
-92
-211
-344
-496
-656
-791
-864
-878
-863
-829
-770
-647
-431
-147
119
306
430
547
697
873
1049
1170
1212
1192
1148
1113
1101
1087
1036
936
802
664
543
446
382
319
215
66
-81
-167
-172
-133
-115
-152
-226
-281
-282
-245
-213
-238
-347
-509
-664
-776
-846
-901
-959
-1010
-1027
-981
-866
-715
-567
-438
-321
-207
-106
-33
3
-2
-39
-98
-161
-213
-266
-343
-450
-575
-671
-693
-640
-543
-436
-305
-143
54
285
524
719
860
974
1098
1246
1391
1481
1501
1480
1469
1479
1477
1424
1289
1097
880
667
466
287
121
-39
-202
-364
-506
-594
-598
-528
-439
-376
-353
-334
-275
-195
-152
-193
-316
-488
-656
-788
-881
-960
-1048
-1139
-1210
-1217
-1136
-996
-850
-722
-608
-502
-410
-333
-270
-223
-191
-183
-200
-219
-228
-238
-259
-282
-300
-290
-230
-119
20
167
310
444
583
757
947
1093
1190
1270
1358
1451
1534
1594
1622
1633
1635
1599
1498
1339
1130
880
618
359
105
-127
-333
-513
-657
-759
-800
-769
-678
-556
-445
-364
-310
-267
-231
-217
-248
-336
-483
-662
-818
-939
-1052
-1169
-1275
-1357
-1405
-1393
-1315
-1200
-1077
-962
-857
-750
-633
-504
-386
-292
-223
-176
-142
-97
-24
65
149
212
263
319
399
493
576
649
735
840
953
1070
1175
1259
1325
1393
1475
1567
1651
1704
1705
1651
1560
1426
1244
1013
748
457
157
-124
-379
-600
-785
-918
-979
-957
-871
-750
-620
-497
-398
-335
-293
-259
-239
-264
-351
-481
-626
-769
-904
-1032
-1161
-1294
-1415
-1510
-1561
-1563
-1530
-1474
-1401
-1303
-1172
-1019
-854
-687
-527
-377
-230
-79
90
276
467
635
751
818
852
875
909
959
1000
1015
1026
1060
1133
1241
1366
1481
1587
1693
1799
1874
1902
1872
1776
1629
1452
1245
998
710
395
84
-191
-430
-635
-788
-874
-891
-861
-803
-726
-639
-544
-449
-379
-349
-346
-366
-408
-480
-591
-725
-865
-1005
-1145
-1290
-1442
-1595
-1746
-1874
-1946
-1954
-1909
-1830
-1722
-1581
-1405
-1191
-945
-679
-403
-126
140
393
632
842
1002
1100
1135
1139
1145
1157
1161
1146
1114
1082
1089
1160
1290
1450
1607
1727
1802
1859
1899
1904
1856
1756
1612
1425
1194
926
636
352
91
-128
-305
-455
-582
-682
-747
-780
-790
-788
-769
-729
-675
-633
-618
-635
-684
-750
-827
-915
-1021
-1144
-1279
-1417
-1570
-1741
-1915
-2064
-2162
-2209
-2210
-2165
-2079
-1946
-1753
-1488
-1162
-787
-392
5
380
712
990
1214
1387
1515
1607
1648
1634
1574
1493
1408
1344
1315
1315
1351
1422
1517
1604
1664
1706
1729
1745
1752
1740
1691
1591
1431
1231
1013
791
579
385
202
24
-156
-335
-504
-649
-760
-828
-857
-861
-855
-853
-855
-865
-891
-927
-966
-1013
-1082
-1188
-1320
-1464
-1615
-1771
-1926
-2070
-2185
-2264
-2306
-2308
-2281
-2230
-2128
-1938
-1645
-1266
-840
-409
-6
369
714
1026
1293
1520
1701
1828
1896
1908
1867
1789
1707
1643
1621
1632
1663
1677
1659
1627
1603
1587
1581
1580
1573
1533
1455
1338
1194
1043
901
779
666
548
408
237
48
-146
-335
-507
-644
-744
-813
-872
-937
-1007
-1088
-1170
-1241
-1290
-1322
-1363
-1436
-1553
-1697
-1848
-1981
-2080
-2148
-2206
-2265
-2323
-2358
-2357
-2301
-2163
-1944
-1651
-1304
-920
-523
-143
213
546
864
1186
1503
1767
1939
2014
2015
1982
1949
1928
1911
1896
1875
1832
1755
1662
1576
1505
1455
1425
1410
1389
1343
1268
1185
1106
1040
988
944
891
810
685
523
341
159
-16
-179
-333
-482
-633
-784
-931
-1074
-1203
-1309
-1391
-1456
-1517
-1587
-1674
-1773
-1875
-1976
-2059
-2120
-2167
-2207
-2241
-2270
-2292
-2287
-2217
-2066
-1839
-1558
-1239
-900
-560
-224
111
447
785
1117
1416
1662
1845
1965
2028
2060
2084
2110
2128
2128
2086
1981
1836
1683
1550
1454
1388
1334
1268
1184
1082
985
915
878
876
896
915
912
868
785
669
534
392
250
109
-35
-195
-379
-584
-804
-1027
-1228
-1391
-1520
-1631
-1737
-1846
-1950
-2037
-2101
-2140
-2148
-2142
-2142
-2151
-2169
-2185
-2182
-2131
-2020
-1859
-1657
-1420
-1161
-888
-607
-321
-28
280
603
918
1210
1458
1647
1785
1899
2003
2097
2173
2210
2191
2114
2002
1873
1739
1618
1506
1389
1264
1133
1005
893
811
757
735
741
767
785
781
755
712
652
580
501
415
308
167
-12
-212
-426
-643
-867
-1094
-1314
-1522
-1708
-1870
-2005
-2113
-2193
-2239
-2249
-2232
-2202
-2168
-2131
-2091
-2040
-1965
-1846
-1682
-1487
-1278
-1070
-872
-679
-477
-254
-2
276
552
812
1046
1256
1451
1630
1797
1938
2054
2146
2196
2186
2123
2018
1891
1769
1655
1536
1410
1271
1109
949
810
710
651
630
632
635
628
612
591
571
547
519
484
440
379
281
142
-41
-258
-486
-715
-936
-1156
-1380
-1605
-1821
-2009
-2155
-2257
-2319
-2348
-2344
-2312
-2255
-2178
-2079
-1949
-1778
-1572
-1355
-1135
-924
-735
-566
-416
-270
-107
77
273
474
668
849
1019
1192
1366
1535
1695
1828
1911
1943
1939
1913
1870
1820
1758
1673
1564
1431
1276
1115
965
836
734
658
599
551
513
487
466
443
423
408
399
384
351
278
166
15
-171
-380
-597
-817
-1036
-1255
-1466
-1664
-1848
-2013
-2150
-2251
-2317
-2350
-2355
-2331
-2278
-2175
-2017
-1807
-1556
-1291
-1029
-788
-576
-392
-235
-90
59
218
377
529
666
781
882
989
1109
1238
1373
1501
1605
1675
1715
1732
1737
1739
1738
1723
1684
1615
1506
1370
1227
1084
955
853
769
690
606
518
430
354
302
274
266
255
226
177
101
-5
-144
-309
-491
-682
-882
-1084
-1287
-1489
-1684
-1860
-2005
-2120
-2203
-2258
-2289
-2292
-2258
-2175
-2034
-1834
-1586
-1311
-1025
-756
-512
-293
-91
95
270
428
560
673
765
840
901
959
1023
1092
1163
1235
1293
1323
1332
1339
1357
1394
1439
1475
1485
1462
1406
1324
1227
1126
1027
929
829
726
614
503
395
296
217
160
126
108
87
45
-27
-129
-246
-366
-483
-603
-739
-892
-1061
-1245
-1435
-1618
-1781
-1918
-2025
-2097
-2139
-2144
-2117
-2051
-1930
-1756
-1537
-1289
-1032
-779
-536
-313
-101
106
315
519
704
851
947
997
1020
1044
1073
1107
1138
1158
1160
1146
1131
1127
1136
1154
1181
1209
1230
1231
1205
1156
1097
1041
990
944
884
803
699
580
456
338
233
152
90
37
-16
-80
-157
-247
-343
-439
-530
-619
-715
-820
-935
-1061
-1198
-1329
-1449
-1556
-1654
-1744
-1825
-1896
-1937
-1935
-1877
-1759
-1590
-1386
-1164
-940
-718
-499
-278
-52
180
415
640
833
980
1076
1128
1151
1161
1168
1167
1153
1118
1063
1000
947
924
931
961
997
1021
1020
998
963
928
906
894
887
880
857
811
735
633
523
419
327
244
160
68
-42
-166
-294
-417
-528
-622
-698
-764
-832
-906
-994
-1085
-1169
-1240
-1298
-1351
-1406
-1463
-1519
-1565
-1590
-1576
-1514
-1414
-1285
-1146
-1004
-861
-703
-519
-303
-56
197
433
636
796
918
1008
1082
1149
1208
1255
1274
1250
1183
1090
990
910
865
849
852
854
832
778
706
648
629
646
687
729
749
739
693
621
534
452
383
324
264
191
91
-47
-221
-405
-574
-710
-809
-883
-948
-1018
-1091
-1163
-1218
-1248
-1261
-1258
-1251
-1247
-1253
-1267
-1280
-1277
-1241
-1170
-1076
-979
-888
-809
-733
-644
-523
-353
-138
103
337
536
688
802
896
984
1081
1179
1260
1300
1300
1265
1203
1130
1062
1005
957
913
859
787
698
602
523
480
480
514
567
607
611
579
525
466
417
385
357
322
264
169
34
-129
-305
-478
-632
-760
-867
-966
-1060
-1154
-1237
-1295
-1320
-1316
-1287
-1248
-1217
-1193
-1163
-1118
-1052
-967
-873
-779
-694
-621
-556
-484
-399
-294
-171
-33
113
258
389
501
598
689
785
889
993
1083
1142
1173
1173
1155
1131
1117
1105
1083
1036
958
850
723
600
504
443
416
410
410
399
371
332
292
263
252
254
256
239
185
86
-49
-200
-352
-494
-616
-725
-831
-942
-1055
-1162
-1251
-1314
-1346
-1343
-1316
-1276
-1231
-1182
-1127
-1055
-960
-845
-721
-602
-508
-442
-391
-339
-269
-168
-38
103
241
361
457
536
602
668
739
824
918
1004
1075
1121
1142
1149
1149
1149
1145
1129
1089
1014
900
763
621
498
405
341
303
276
239
187
127
73
34
20
28
41
40
2
-73
-181
-306
-431
-544
-640
-722
-800
-879
-961
-1041
-1116
-1180
-1221
-1238
-1230
-1206
-1172
-1132
-1080
-1002
-895
-768
-634
-507
-399
-311
-236
-168
-96
-10
98
214
335
454
554
626
681
730
778
835
894
945
988
1022
1054
1085
1118
1146
1164
1165
1141
1082
987
869
741
624
523
437
358
285
214
142
72
12
-40
-83
-112
-136
-161
-201
-261
-343
-434
-522
-598
-666
-733
-805
-880
-959
-1039
-1109
-1166
-1207
-1232
-1236
-1226
-1199
-1157
-1103
-1032
-941
-833
-710
-581
-451
-331
-225
-121
-13
101
218
333
440
535
621
689
746
793
836
875
910
943
973
999
1018
1032
1045
1060
1068
1066
1053
1019
960
883
791
695
601
512
422
331
237
145
57
-18
-79
-133
-184
-237
-294
-355
-423
-493
-563
-629
-682
-721
-749
-776
-813
-862
-922
-980
-1028
-1066
-1088
-1099
-1100
-1090
-1065
-1019
-952
-859
-751
-638
-528
-425
-327
-233
-136
-32
83
210
340
463
565
634
676
703
725
757
794
831
860
879
888
891
892
895
894
894
891
880
857
823
774
714
652
594
539
480
419
344
256
157
56
-40
-121
-184
-241
-295
-352
-416
-482
-544
-598
-643
-676
-699
-714
-727
-745
-767
-794
-820
-835
-840
-837
-833
-829
-821
-801
-761
-698
-615
-521
-425
-337
-257
-185
-115
-35
56
156
259
353
432
494
543
578
603
627
651
672
689
692
685
671
657
652
650
655
656
644
619
589
552
514
479
447
415
386
356
317
268
207
137
60
-16
-89
-153
-212
-271
-331
-393
-450
-500
-539
-567
-586
-602
-621
-641
-660
-677
-687
-687
-679
-667
-650
-634
-624
-618
-608
-585
-545
-488
-421
-349
-277
-204
-134
-61
11
84
156
226
289
346
398
444
488
534
576
611
641
658
665
662
651
635
621
607
590
570
549
526
502
476
451
424
397
368
339
309
279
244
201
147
82
15
-55
-123
-193
-257
-314
-368
-415
-456
-492
-524
-549
-570
-586
-601
-617
-631
-644
-652
-652
-643
-624
-601
-574
-546
-519
-488
-456
-418
-373
-321
-258
-189
-117
-47
18
80
133
182
230
281
335
387
434
475
514
548
572
592
602
606
601
587
567
543
518
491
463
440
425
415
407
395
375
348
318
285
253
220
189
150
104
49
-12
-79
-149
-217
-279
-332
-378
-423
-466
-510
-551
-586
-610
-621
-626
-628
-628
-631
-629
-621
-608
-587
-558
-526
-490
-450
-404
-356
-304
-253
-197
-145
-92
-37
18
73
125
177
228
281
336
390
443
487
521
548
574
596
609
613
606
592
574
555
536
516
496
475
452
434
418
404
388
366
339
311
278
245
206
158
101
43
-22
-85
-144
-201
-255
-309
-359
-411
-461
-508
-551
-585
-610
-628
-641
-649
-656
-662
-666
-661
-646
-625
-599
-567
-530
-490
-445
-397
-346
-296
-244
-195
-149
-101
-53
-2
52
108
167
226
285
346
402
455
496
524
540
550
560
570
578
580
578
570
560
550
537
520
503
484
468
455
440
421
396
362
324
282
239
189
135
78
22
-34
-90
-147
-203
-260
-313
-365
-415
-464
-509
-554
-594
-626
-654
-678
-694
-701
-699
-688
-671
-646
-616
-584
-546
-499
-447
-392
-339
-287
-239
-195
-149
-103
-53
0
56
116
180
243
302
354
397
431
462
490
513
530
538
540
542
543
544
543
541
538
539
538
534
523
506
484
461
440
419
393
363
325
281
231
176
119
61
1
-57
-114
-171
-230
-288
-345
-400
-454
-504
-549
-584
-615
-637
-655
-671
-685
-693
-689
-671
-643
-606
-570
-532
-494
-453
-411
-367
-321
-276
-229
-180
-129
-76
-26
25
73
120
169
215
257
293
324
350
371
394
413
429
446
455
465
476
487
494
500
507
513
519
524
523
515
500
476
445
412
376
339
301
260
213
163
111
54
-3
-63
-124
-183
-245
-305
-365
-423
-477
-519
-552
-572
-584
-591
-597
-603
-605
-599
-585
-561
-525
-487
-450
-415
-384
-357
-325
-288
-247
-208
-168
-128
-89
-51
-14
22
60
99
137
172
202
228
252
276
301
328
358
387
414
441
466
488
508
527
543
554
562
566
567
562
550
530
503
470
434
393
346
299
246
193
139
83
25
-36
-100
-165
-231
-295
-355
-413
-464
-510
-544
-570
-587
-597
-606
-609
-608
-600
-589
-574
-559
-538
-514
-487
-457
-427
-391
-354
-315
-275
-238
-203
-171
-141
-111
-78
-42
-3
36
77
112
149
186
222
261
299
337
374
411
448
488
525
559
587
607
625
634
632
624
616
603
588
567
540
504
463
419
369
319
267
215
162
107
49
-11
-73
-133
-192
-251
-306
-361
-415
-463
-504
-532
-550
-562
-572
-577
-578
-577
-576
-575
-573
-568
-555
-536
-512
-485
-457
-427
-392
-357
-321
-287
-255
-226
-196
-165
-129
-89
-44
1
48
97
148
203
256
307
352
396
435
473
508
543
572
594
610
618
621
617
607
588
564
541
517
493
464
433
396
354
312
271
228
182
132
82
32
-16
-65
-115
-165
-217
-265
-312
-350
-383
-409
-428
-446
-459
-468
-471
-471
-470
-467
-465
-462
-456
-447
-432
-414
-398
-383
-366
-348
-328
-306
-285
-262
-239
-215
-186
-153
-115
-76
-34
11
61
112
161
206
246
283
316
348
381
408
431
448
461
469
475
478
476
466
453
436
420
405
391
371
349
323
294
262
231
194
153
109
63
17
-27
-67
-107
-144
-178
-210
-240
-267
-291
-312
-328
-341
-348
-352
-352
-351
-346
-344
-339
-331
-324
-316
-311
-307
-303
-297
-284
-266
-244
-217
-190
-170
-151
-134
-116
-92
-59
-24
10
50
87
118
147
171
195
222
250
275
294
305
308
306
303
305
308
313
319
320
314
302
288
271
256
244
228
210
190
165
135
101
64
23
-15
-45
-74
-100
-124
-148
-169
-192
-213
-234
-251
-261
-267
-266
-259
-252
-244
-236
-228
-218
-213
-207
-210
-211
-215
-218
-218
-212
-198
-177
-152
-125
-100
-76
-54
-31
-8
18
45
72
100
128
155
184
208
232
254
270
280
285
283
278
269
260
253
249
246
243
238
232
222
211
201
189
173
156
138
120
97
71
44
14
-17
-47
-77
-106
-136
-164
-188
-206
-218
-227
-237
-245
-251
-255
-255
-252
-251
-247
-243
-238
-232
-228
-222
-218
-215
-214
-210
-206
-198
-186
-171
-147
-121
-90
-57
-25
4
30
56
82
105
128
151
172
195
217
236
252
262
265
262
258
250
243
231
218
202
185
175
169
167
169
169
165
158
147
129
109
86
64
43
23
4
-19
-44
-70
-99
-126
-149
-168
-181
-187
-192
-199
-203
-208
-210
-209
-205
-202
-197
-186
-174
-164
-155
-145
-137
-131
-119
-106
-95
-82
-70
-61
-49
-34
-16
6
30
56
80
101
121
135
147
158
166
172
180
190
201
209
211
206
196
184
170
155
139
123
108
101
97
94
95
93
88
80
69
53
35
12
-12
-37
-58
-78
-96
-112
-125
-139
-153
-166
-180
-191
-205
-217
-227
-235
-236
-234
-228
-221
-214
-209
-203
-193
-178
-160
-139
-115
-92
-71
-48
-29
-11
3
17
33
49
65
79
89
101
114
131
151
172
189
203
213
219
223
226
232
236
237
236
230
221
209
195
177
157
137
118
99
84
71
59
49
37
26
13
-4
-24
-46
-72
-95
-115
-130
-138
-142
-147
-151
-157
-167
-176
-187
-198
-208
-215
-218
-215
-209
-205
-198
-189
-176
-159
-139
-119
-99
-82
-65
-47
-29
-10
10
30
48
66
79
87
90
92
94
100
112
127
145
165
183
198
208
216
216
213
206
197
184
168
154
137
117
99
83
66
48
28
10
-11
-30
-48
-65
-81
-94
-104
-115
-127
-139
-151
-162
-170
-174
-176
-174
-170
-164
-159
-157
-154
-153
-152
-147
-144
-143
-142
-142
-137
-123
-102
-73
-45
-17
8
27
43
58
71
87
105
121
137
149
157
156
153
149
146
145
151
160
170
180
187
193
197
200
199
193
183
169
155
137
117
97
77
61
47
32
15
-2
-24
-51
-77
-103
-129
-150
-165
-173
-176
-176
-174
-171
-170
-171
-175
-179
-181
-180
-178
-175
-172
-171
-170
-167
-163
-159
-152
-148
-140
-130
-117
-101
-79
-55
-28
0
30
58
84
105
120
128
134
139
145
153
161
169
179
186
191
198
206
209
210
210
209
210
207
202
193
182
169
152
135
117
95
73
51
30
8
-12
-32
-53
-73
-94
-113
-133
-151
-167
-179
-187
-189
-186
-184
-183
-186
-189
-192
-191
-188
-186
-184
-182
-179
-175
-168
-157
-146
-136
-129
-118
-106
-92
-76
-59
-38
-13
13
38
64
88
110
127
139
148
154
158
163
172
180
189
198
206
213
216
216
213
206
199
189
181
174
165
154
143
132
120
102
85
62
37
10
-14
-36
-55
-76
-96
-117
-136
-152
-166
-178
-193
-203
-210
-214
-212
-209
-204
-199
-194
-187
-177
-169
-160
-155
-150
-143
-134
-122
-112
-103
-91
-77
-60
-43
-26
-10
5
25
46
68
90
111
131
147
162
172
181
186
189
192
197
202
206
207
207
206
204
200
193
184
170
154
139
122
103
83
63
42
22
3
-15
-33
-52
-72
-93
-112
-128
-145
-160
-174
-185
-196
-206
-213
-217
-219
-217
-210
-202
-192
-181
-172
-161
-149
-133
-119
-105
-91
-78
-66
-52
-41
-31
-18
-2
16
34
49
64
77
92
107
124
140
155
171
185
199
208
213
214
212
209
207
204
199
193
187
179
170
160
149
136
122
105
86
66
46
24
3
-20
-41
-60
-74
-88
-102
-118
-135
-153
-167
-179
-190
-200
-208
-213
-217
-219
-219
-217
-217
-216
-211
-204
-194
-183
-168
-153
-139
-126
-112
-98
-82
-65
-48
-30
-16
0
15
29
45
59
74
88
106
122
135
148
160
169
180
190
199
206
210
210
212
209
206
202
196
188
181
173
165
152
136
119
101
81
62
42
25
8
-11
-27
-45
-60
-74
-88
-101
-115
-127
-139
-150
-160
-169
-177
-182
-185
-186
-185
-183
-181
-177
-173
-168
-159
-149
-138
-128
-117
-104
-90
-75
-59
-45
-30
-16
0
12
25
39
51
64
77
90
103
113
125
136
147
157
165
173
179
182
184
184
183
182
179
176
168
160
148
136
123
108
93
75
56
36
16
-5
-23
-41
-58
-73
-89
-104
-119
-130
-142
-153
-163
-172
-178
-183
-185
-185
-184
-183
-179
-177
-171
-165
-157
-150
-143
-134
-124
-116
-106
-96
-82
-67
-50
-35
-20
-4
11
27
44
58
71
84
98
112
124
134
142
150
159
167
175
182
186
191
193
196
194
194
194
189
181
174
164
151
137
122
105
86
70
51
32
11
-9
-30
-51
-68
-84
-98
-112
-126
-139
-148
-157
-165
-173
-181
-186
-188
-189
-187
-185
-182
-177
-174
-170
-165
-159
-153
-148
-140
-131
-120
-108
-96
-80
-63
-49
-33
-15
2
20
37
52
68
80
92
105
117
128
139
148
157
167
175
181
183
186
188
190
191
190
188
184
176
168
158
147
134
120
106
90
73
58
40
23
7
-10
-27
-43
-59
-72
-86
-98
-111
-119
-127
-133
-141
-148
-155
-159
-160
-160
-157
-158
-156
-157
-155
-152
-151
-146
-144
-139
-132
-126
-116
-105
-93
-80
-66
-49
-33
-14
5
23
39
56
69
81
92
104
115
124
132
139
145
150
153
157
159
159
161
161
159
156
152
146
140
133
123
114
103
91
76
60
44
29
14
-2
-19
-35
-51
-66
-79
-90
-103
-113
-124
-133
-138
-140
-144
-148
-149
-151
-150
-150
-150
-151
-151
-149
-147
-143
-138
-133
-127
-119
-107
-96
-82
-67
-53
-38
-23
-6
11
27
42
57
71
85
97
108
116
124
132
139
144
149
153
158
161
164
167
168
166
164
160
156
150
142
134
124
115
105
94
82
67
50
34
19
2
-13
-29
-46
-63
-77
-89
-100
-111
-119
-127
-133
-137
-139
-142
-144
-144
-142
-139
-137
-135
-132
-130
-124
-118
-112
-105
-98
-90
-81
-72
-60
-47
-38
-27
-15
-2
11
22
33
42
53
61
70
76
82
88
93
99
100
104
106
109
112
114
117
117
118
116
113
109
104
101
93
84
77
70
62
51
41
29
17
3
-9
-21
-32
-45
-56
-68
-77
-84
-89
-95
-99
-103
-105
-107
-109
-110
-112
-114
-114
-113
-111
-109
-108
-105
-104
-99
-93
-87
-79
-70
-61
-50
-41
-30
-20
-9
1
13
25
35
44
52
59
65
72
78
82
86
92
97
102
104
107
106
107
105
108
106
106
105
103
99
92
86
78
71
63
55
47
39
28
17
6
-7
-16
-26
-34
-44
-52
-60
-66
-71
-75
-78
-82
-85
-86
-88
-88
-89
-91
-91
-92
-89
-86
-82
-79
-73
-69
-62
-54
-47
-40
-32
-24
-14
-5
5
12
19
27
35
44
52
59
62
67
70
74
74
73
74
73
73
74
71
69
67
65
63
63
61
59
55
52
47
41
36
30
24
19
13
7
-1
-8
-17
-26
-32
-39
-45
-51
-57
-63
-68
-69
-71
-70
-70
-70
-70
-68
-69
-68
-68
-68
-67
-65
-61
-53
-47
-43
-38
-33
-27
-22
-16
-10
-5
0
5
10
16
21
26
30
34
38
41
45
46
48
50
52
53
53
52
51
51
51
50
47
45
42
39
37
35
31
28
22
20
17
14
11
8
5
1
-1
-4
-10
-16
-23
-29
-33
-35
-38
-42
-44
-48
-49
-48
-48
-46
-45
-45
-46
-44
-41
-37
-35
-32
-31
-29
-24
-19
-16
-13
-10
-9
-7
-6
-3
0
3
6
11
15
19
24
28
32
35
37
39
40
40
40
40
40
39
41
42
43
44
44
44
42
40
39
37
35
32
28
25
22
19
16
15
11
7
3
0
-5
-9
-15
-22
-27
-33
-35
-39
-44
-48
-51
-54
-54
-55
-56
-53
-51
-47
-43
-39
-36
-32
-29
-25
-21
-12
-9
-5
-2
0
2
5
9
12
13
13
14
16
19
22
24
26
30
32
34
37
38
39
40
41
37
35
32
30
28
27
25
21
20
16
13
10
8
6
1
-1
-4
-9
-14
-18
-22
-26
-28
-31
-36
-41
-45
-50
-52
-53
-54
-54
-54
-54
-52
-47
-44
-41
-38
-32
-28
-21
-14
-8
-4
1
5
8
11
13
16
19
19
20
21
21
23
23
24
24
24
25
25
26
25
25
26
29
30
32
33
34
33
32
32
32
33
31
31
30
30
29
27
25
20
15
11
7
4
0
-4
-9
-13
-17
-21
-23
-25
-29
-31
-30
-34
-35
-36
-37
-38
-37
-36
-34
-30
-27
-25
-21
-18
-15
-11
-8
-5
0
5
8
10
12
14
15
15
16
16
16
16
15
15
14
13
13
13
15
18
19
20
22
21
21
22
22
21
20
19
17
15
14
12
9
6
5
3
-1
-4
-8
-12
-16
-19
-23
-27
-29
-30
-32
-34
-36
-36
-38
-38
-38
-39
-40
-41
-39
-38
-37
-33
-29
-27
-24
-20
-14
-11
-4
2
6
7
10
13
15
18
18
19
22
22
24
26
29
30
30
32
33
33
33
32
29
27
27
26
25
22
21
20
18
17
16
17
17
16
15
15
14
12
11
7
3
1
-2
-5
-9
-11
-15
-17
-21
-24
-26
-29
-31
-32
-33
-32
-33
-31
-29
-28
-27
-28
-27
-26
-25
-22
-20
-19
-16
-13
-10
-6
-3
0
1
3
6
9
11
12
12
14
14
17
19
20
21
22
22
22
23
24
24
23
23
22
22
23
21
20
18
18
17
17
16
15
14
12
10
7
5
5
2
0
-2
-4
-7
-10
-12
-13
-17
-18
-19
-20
-23
-26
-26
-27
-27
-26
-26
-25
-25
-25
-25
-23
-21
-18
-17
-15
-12
-7
-5
-1
1
4
6
8
9
9
9
9
9
8
7
7
6
9
10
11
11
12
12
12
15
17
17
18
20
21
22
25
24
25
25
25
25
25
24
22
20
17
15
12
9
4
1
-4
-9
-11
-16
-20
-24
-29
-33
-37
-40
-43
-45
-47
-48
-48
-49
-49
-45
-44
-42
-38
-34
-30
-28
-25
-23
-19
-16
-12
-8
-4
-3
0
3
5
9
11
15
17
21
23
27
30
33
37
41
43
44
46
47
47
47
47
45
43
41
40
38
35
33
31
28
24
21
19
14
10
4
0
-5
-10
-15
-19
-23
-27
-28
-28
-32
-32
-33
-32
-33
-32
-31
-31
-32
-31
-30
-29
-27
-25
-24
-21
-19
-15
-14
-12
-11
-10
-8
-5
-3
0
1
2
4
6
7
8
11
11
12
13
14
15
17
18
19
22
25
28
29
30
31
31
31
30
32
32
29
27
24
21
18
15
12
10
6
3
0
-4
-7
-10
-12
-15
-18
-19
-21
-23
-24
-26
-28
-30
-30
-32
-32
-32
-34
-37
-37
-37
-37
-36
-34
-34
-33
-31
-29
-27
-25
-23
-22
-20
-18
-14
-13
-10
-7
-6
-1
2
6
8
12
15
17
20
23
26
27
29
32
35
38
43
43
43
43
43
44
44
43
42
40
36
34
33
30
28
23
19
16
16
12
8
3
1
-3
-7
-10
-12
-14
-19
-23
-25
-29
-32
-32
-37
-39
-40
-43
-46
-47
-47
-45
-44
-42
-40
-36
-33
-29
-26
-23
-19
-17
-13
-13
-10
-7
-4
-1
3
5
9
13
16
21
25
29
34
37
41
45
45
48
50
51
52
52
51
48
45
44
41
37
34
30
26
23
19
16
12
10
7
5
3
0
-3
-7
-10
-12
-15
-16
-20
-24
-28
-31
-34
-38
-42
-44
-47
-46
-46
-48
-48
-47
-47
-46
-46
-45
-44
-42
-42
-40
-37
-33
-32
-31
-28
-24
-20
-16
-13
-8
-5
1
5
9
16
19
24
28
34
38
40
42
44
46
48
50
52
52
52
51
51
50
48
45
43
40
36
31
27
23
19
14
11
9
5
3
1
-1
-3
-7
-9
-11
-13
-17
-18
-21
-25
-29
-32
-36
-39
-41
-44
-46
-47
-49
-48
-47
-44
-44
-41
-39
-37
-34
-31
-28
-26
-22
-20
-16
-12
-9
-6
-1
3
7
11
17
20
24
27
31
33
37
40
41
44
47
48
50
50
50
48
46
46
43
40
37
33
28
24
19
14
9
5
2
-2
-5
-8
-9
-14
-16
-22
-25
-27
-29
-31
-36
-38
-41
-43
-44
-44
-44
-46
-46
-45
-45
-42
-41
-39
-36
-34
-30
-27
-23
-19
-16
-10
-7
-3
1
6
13
18
23
26
30
34
37
40
44
45
48
48
50
52
53
54
54
53
52
50
48
45
43
39
34
31
28
23
20
14
9
3
-1
-4
-7
-13
-18
-22
-25
-28
-31
-34
-38
-42
-44
-45
-45
-46
-48
-49
-48
-47
-48
-46
-47
-47
-44
-42
-40
-38
-37
-35
-32
-28
-23
-19
-15
-12
-7
-3
2
6
12
16
18
22
25
29
31
32
34
35
37
37
39
38
41
42
43
41
38
35
35
33
31
29
26
23
19
16
13
9
7
3
-1
-3
-5
-8
-12
-14
-16
-20
-21
-22
-23
-24
-25
-27
-29
-30
-31
-32
-33
-34
-33
-32
-30
-28
-26
-24
-20
-19
-16
-14
-12
-10
-9
-5
-2
1
4
8
11
15
17
20
23
25
28
30
31
32
32
34
34
35
35
35
35
32
32
29
27
25
22
18
15
11
9
5
1
-3
-6
-10
-13
-15
-19
-22
-25
-27
-29
-30
-31
-33
-31
-33
-34
-34
-34
-32
-32
-31
-30
-30
-28
-26
-24
-22
-21
-18
-16
-14
-12
-10
-6
-4
-1
3
7
11
16
20
22
26
30
35
39
42
45
45
45
47
46
47
47
46
45
43
42
40
37
34
32
29
24
19
15
11
6
2
-2
-5
-9
-13
-17
-21
-26
-30
-33
-35
-37
-40
-41
-44
-46
-47
-48
-49
-49
-50
-50
-50
-49
-48
-46
-43
-42
-39
-35
-30
-27
-23
-21
-16
-11
-7
-3
1
7
11
14
18
20
24
28
32
35
38
39
42
43
44
45
46
47
46
46
46
46
44
41
37
35
33
32
27
23
20
17
13
7
6
0
-5
-8
-11
-14
-16
-19
-23
-24
-26
-28
-29
-32
-35
-37
-38
-36
-35
-36
-35
-36
-36
-35
-34
-32
-28
-27
-24
-23
-20
-17
-14
-12
-10
-7
-3
1
5
7
9
12
17
20
25
26
28
31
32
35
37
40
40
40
39
40
40
39
39
38
36
35
33
32
30
27
23
22
19
15
10
7
2
-2
-4
-9
-13
-19
-22
-24
-27
-30
-33
-36
-39
-42
-42
-44
-47
-46
-45
-45
-44
-45
-43
-40
-38
-35
-33
-29
-27
-26
-23
-19
-15
-12
-8
-7
-3
1
4
6
10
13
15
18
20
24
27
30
32
33
36
37
37
39
39
40
40
39
38
37
34
33
30
29
26
22
20
17
14
11
8
4
0
-5
-9
-12
-16
-19
-21
-24
-27
-29
-29
-30
-32
-35
-36
-37
-36
-36
-35
-33
-33
-31
-30
-28
-27
-24
-21
-19
-17
-14
-11
-9
-7
-5
-2
0
3
6
7
10
14
17
19
21
23
27
28
29
32
33
35
36
38
38
39
38
37
36
36
34
31
28
26
23
21
19
18
13
8
5
3
0
-3
-7
-11
-14
-15
-17
-20
-22
-24
-25
-27
-28
-28
-28
-30
-30
-30
-30
-29
-28
-28
-28
-27
-27
-26
-23
-23
-22
-21
-21
-19
-16
-13
-9
-7
-4
-1
2
4
8
12
16
18
21
24
25
27
29
29
30
31
32
33
33
32
32
32
32
31
29
27
25
23
21
16
14
11
8
4
0
-3
-6
-9
-11
-13
-17
-19
-22
-24
-25
-27
-29
-31
-33
-36
-37
-39
-40
-38
-40
-39
-37
-37
-38
-37
-36
-34
-33
-30
-28
-24
-21
-21
-17
-15
-11
-6
-4
0
4
7
13
17
21
25
29
33
35
37
39
41
45
44
46
47
48
47
46
46
46
45
44
43
42
38
37
36
33
30
26
23
20
16
14
9
3
0
-6
-11
-17
-21
-24
-29
-33
-35
-37
-40
-41
-44
-46
-47
-47
-48
-47
-47
-46
-45
-45
-45
-44
-42
-39
-36
-31
-28
-24
-19
-16
-11
-7
-4
0
2
7
12
14
19
23
26
30
34
37
38
39
42
43
46
46
46
46
47
47
45
46
44
41
41
38
35
35
31
26
23
18
12
8
3
0
-5
-8
-12
-17
-21
-22
-26
-29
-30
-32
-34
-36
-39
-41
-45
-47
-48
-48
-47
-49
-49
-48
-48
-46
-42
-42
-39
-39
-36
-33
-31
-29
-27
-23
-21
-17
-13
-10
-6
-1
4
9
13
18
22
28
30
34
39
42
47
50
51
53
53
54
56
56
57
56
53
52
49
46
41
38
34
31
27
22
18
12
7
1
-3
-9
-14
-18
-22
-26
-30
-33
-36
-37
-38
-38
-40
-43
-42
-42
-43
-43
-43
-43
-43
-40
-37
-36
-34
-34
-31
-29
-24
-19
-14
-10
-7
-3
1
6
11
15
18
22
27
30
32
35
37
40
43
45
46
46
45
45
44
45
44
42
40
38
36
33
30
27
23
20
17
12
10
4
2
-2
-4
-6
-11
-14
-18
-22
-26
-28
-32
-33
-35
-37
-39
-41
-40
-41
-42
-43
-43
-42
-42
-42
-43
-43
-41
-39
-35
-32
-31
-29
-26
-23
-18
-14
-11
-7
-3
2
7
9
12
15
18
22
25
30
34
36
38
41
42
43
43
43
43
41
39
37
36
34
31
27
25
24
23
21
20
16
13
9
5
1
-1
-3
-6
-10
-12
-15
-19
-22
-26
-26
-28
-28
-29
-31
-32
-35
-35
-36
-37
-36
-35
-34
-34
-32
-32
-31
-29
-27
-24
-22
-18
-15
-14
-10
-7
-2
1
4
9
14
17
21
25
28
30
31
31
32
34
35
36
38
39
38
38
37
37
39
38
37
36
34
31
28
24
21
18
16
12
10
6
2
0
-4
-8
-12
-14
-16
-18
-21
-23
-28
-31
-34
-34
-35
-38
-39
-40
-40
-40
-39
-39
-39
-38
-37
-35
-33
-31
-29
-27
-25
-21
-17
-13
-10
-6
-3
1
5
9
12
14
17
20
25
28
31
34
37
38
37
38
39
40
41
41
41
40
38
37
35
33
31
30
26
23
22
19
17
13
9
7
5
3
0
-4
-8
-13
-15
-17
-20
-24
-26
-29
-32
-34
-37
-38
-40
-41
-41
-41
-41
-42
-41
-42
-41
-40
-40
-38
-36
-33
-30
-29
-25
-23
-19
-16
-12
-8
-5
0
4
7
11
14
16
22
24
27
28
30
34
35
37
37
37
37
36
37
38
37
36
33
32
31
29
28
26
24
21
19
16
14
11
9
6
4
1
-3
-7
-10
-12
-15
-16
-18
-20
-23
-25
-25
-27
-29
-31
-30
-32
-33
-33
-32
-34
-32
-30
-29
-26
-24
-21
-19
-17
-15
-11
-10
-7
-4
-2
0
3
6
8
11
15
18
21
24
27
29
32
34
34
34
35
35
33
34
32
31
31
29
26
24
22
21
20
17
14
12
8
5
1
0
-2
-4
-6
-9
-12
-15
-18
-20
-22
-24
-27
-28
-29
-30
-32
-32
-33
-34
-32
-31
-30
-29
-29
-28
-27
-25
-22
-20
-17
-13
-12
-10
-7
-3
-1
3
5
6
9
11
12
14
15
17
19
19
20
21
21
20
20
20
20
19
20
19
20
19
18
18
16
15
14
14
12
12
12
9
8
5
5
3
2
1
-1
-1
-4
-5
-7
-8
-10
-10
-13
-15
-16
-18
-18
-19
-20
-23
-21
-22
-22
-22
-22
-20
-18
-16
-16
-14
-14
-11
-9
-7
-4
-2
-2
-1
3
5
6
6
9
11
13
15
16
18
17
17
17
17
16
16
16
16
15
14
15
14
14
12
11
8
8
7
5
5
2
1
1
0
1
-1
-3
-3
-3
-6
-6
-8
-8
-8
-9
-10
-11
-12
-12
-13
-13
-12
-12
-12
-12
-11
-11
-9
-6
-5
-5
-3
-1
-1
1
2
1
2
4
5
5
6
5
6
6
8
8
8
9
9
8
9
9
9
12
10
11
11
9
9
7
6
7
5
4
3
2
-1
-2
-4
-4
-6
-8
-9
-9
-10
-12
-13
-12
-12
-12
-12
-12
-13
-14
-13
-14
-14
-15
-14
-14
-14
-11
-9
-7
-6
-4
-2
-2
-1
0
2
2
4
4
5
6
6
8
7
7
9
10
12
11
10
10
9
9
9
9
6
5
4
3
1
2
3
2
1
1
0
-1
2
-1
-1
-1
-3
-4
-3
-5
-7
-7
-8
-7
-7
-8
-7
-7
-5
-4
-2
-2
0
1
1
0
0
-1
0
1
2
2
3
4
5
7
5
8
7
8
8
7
8
7
7
6
5
4
3
2
2
3
1
1
0
2
3
3
2
2
3
6
7
7
7
6
7
7
7
6
5
5
4
4
5
5
4
4
2
1
1
-1
-1
-2
-3
-4
-5
-5
-6
-5
-6
-6
-6
-8
-7
-9
-10
-11
-10
-11
-11
-12
-11
-10
-11
-12
-12
-12
-12
-11
-12
-10
-10
-10
-9
-10
-7
-5
-4
-4
-2
-1
2
4
4
7
7
9
9
8
9
9
7
8
8
8
11
9
10
9
9
10
11
11
10
9
7
7
6
3
2
0
-1
-3
-4
-6
-7
-6
-6
-6
-6
-6
-5
-6
-6
-5
-7
-5
-5
-5
-6
-6
-7
-6
-5
-5
-4
-5
-4
-3
-2
-1
0
-1
1
0
0
1
2
2
3
3
5
5
5
5
5
7
7
9
7
8
7
7
7
7
6
5
5
4
4
3
3
2
1
1
-1
-1
-2
-2
-3
-4
-4
-4
-4
-4
-3
-2
-2
-2
-2
-1
-2
-1
0
-2
-2
-1
0
-1
-1
-1
-1
-1
-1
-1
-1
-2
-2
-2
-2
-1
-2
0
-2
-2
-1
-1
-1
1
2
2
4
4
4
5
4
4
3
4
4
2
3
3
3
3
5
6
5
5
6
6
6
8
8
9
8
6
5
4
2
1
-1
-1
-2
-3
-3
-3
-3
-2
-3
-2
-4
-2
-5
-6
-6
-7
-7
-8
-9
-11
-12
-13
-15
-14
-16
-16
-17
-16
-15
-15
-15
-15
-14
-13
-12
-11
-10
-8
-7
-5
-2
-2
1
1
3
5
6
7
8
9
11
11
11
12
13
12
12
11
9
10
11
11
13
12
13
14
13
12
12
11
11
11
9
7
6
3
1
-4
-7
-10
-10
-11
-13
-12
-11
-11
-11
-10
-10
-7
-5
-5
-3
-4
-3
-3
-3
-5
-5
-5
-4
-6
-5
-3
-3
-2
0
2
5
5
4
6
6
6
8
8
9
8
7
7
9
9
9
9
9
9
9
9
8
6
5
5
5
4
5
4
4
4
3
4
3
1
1
1
3
1
1
-1
-4
-5
-8
-9
-10
-11
-11
-12
-12
-11
-8
-7
-6
-3
-2
0
3
3
4
6
6
4
5
6
4
3
1
-1
0
-2
-2
-1
-3
-2
-1
-2
-1
1
-1
0
0
0
0
1
1
1
2
2
3
5
4
5
5
6
6
5
4
0
-1
-2
-2
-5
-6
-7
-9
-11
-11
-11
-11
-12
-13
-12
-13
-12
-11
-11
-10
-10
-10
-11
-12
-11
-11
-11
-10
-10
-9
-8
-9
-8
-7
-5
-4
-3
-3
-2
0
-1
0
0
1
2
1
2
4
4
5
7
9
9
10
10
11
12
12
12
13
13
12
13
10
12
10
10
10
9
8
8
6
6
6
6
5
3
3
2
0
0
0
-1
-2
-2
-2
-2
-3
-4
-4
-3
-1
-2
-2
-2
-2
-3
-3
-2
-3
-3
-2
0
0
1
1
1
4
5
6
7
9
10
10
9
8
10
10
10
12
13
13
14
15
15
16
16
14
15
16
15
16
14
14
14
13
10
7
5
3
1
1
-1
-4
-8
-9
-11
-13
-13
-15
-17
-17
-19
-19
-21
-21
-21
-21
-21
-23
-23
-24
-24
-26
-27
-27
-27
-25
-24
-24
-24
-23
-20
-18
-16
-15
-14
-12
-11
-11
-10
-8
-7
-6
-7
-4
-4
-2
1
2
3
3
4
5
6
7
6
7
7
8
8
9
10
12
13
14
15
16
17
19
18
20
19
21
21
20
20
19
18
17
15
13
11
9
10
8
7
5
2
1
0
-2
-2
-3
-4
-4
-4
-5
-4
-5
-5
-7
-6
-7
-6
-6
-7
-8
-7
-6
-5
-5
-3
-5
-3
-1
0
1
3
4
5
6
7
7
9
9
8
9
12
12
13
14
14
16
17
19
20
19
18
19
20
19
19
18
14
14
11
10
9
7
6
1
-1
-4
-6
-8
-12
-14
-16
-19
-21
-24
-27
-28
-30
-29
-31
-32
-31
-32
-31
-29
-29
-29
-26
-25
-24
-23
-21
-20
-18
-15
-12
-11
-10
-10
-9
-8
-5
-4
-2
-1
-1
2
4
6
8
10
13
15
16
17
19
20
21
21
23
22
23
24
23
23
23
21
20
17
15
12
9
6
5
1
-2
-4
-7
-9
-11
-11
-12
-13
-13
-13
-13
-15
-16
-16
-18
-18
-18
-18
-17
-16
-16
-14
-16
-13
-10
-9
-7
-5
-4
-1
2
4
6
8
9
11
14
15
17
18
19
18
18
18
19
19
19
19
19
19
18
18
16
15
14
14
14
12
9
8
7
4
5
5
2
3
2
0
1
4
4
3
4
6
4
6
6
5
4
3
2
4
4
3
2
1
-2
-2
-3
-4
-7
-7
-8
-10
-12
-15
-18
-19
-19
-21
-22
-22
-21
-20
-17
-17
-17
-15
-13
-11
-9
-7
-4
-2
-2
0
0
2
3
3
5
6
7
9
11
11
11
11
12
11
11
10
7
8
9
7
5
4
4
2
3
4
5
4
5
5
5
3
2
1
-2
-3
-7
-10
-13
-17
-19
-21
-22
-22
-21
-21
-21
-20
-18
-16
-17
-17
-16
-16
-14
-13
-13
-12
-13
-12
-11
-9
-7
-5
-3
-1
1
2
4
7
9
10
13
13
14
14
16
16
16
17
17
17
17
16
15
13
13
11
9
6
4
2
3
1
1
1
1
0
-1
-2
-4
-4
-3
-4
-4
-4
-6
-4
-3
-1
0
1
3
3
3
4
4
4
6
6
6
7
9
9
11
12
15
16
17
18
17
18
18
19
19
19
16
15
12
10
7
5
2
-3
-6
-9
-12
-14
-15
-16
-16
-16
-15
-14
