7
6
7
6
6
8
8
9
10
10
9
10
12
11
11
10
9
10
10
11
10
11
10
9
8
8
6
6
5
3
3
2
1
0
0
1
3
3
4
5
5
6
6
6
6
5
4
2
2
1
1
0
-2
-2
-3
-6
-6
-6
-5
-5
-7
-5
-6
-6
-7
-9
-9
-10
-11
-13
-15
-16
-16
-16
-15
-16
-16
-15
-15
-15
-15
-14
-14
-13
-13
-13
-11
-11
-10
-10
-9
-9
-11
-12
-11
-9
-11
-9
-9
-8
-7
-6
-6
-4
-4
-3
-1
0
1
2
4
3
4
5
5
7
8
9
10
12
12
13
13
13
13
14
13
11
10
8
7
7
8
7
6
6
5
4
5
4
2
3
1
2
3
2
4
5
5
6
7
8
9
10
9
9
7
8
7
8
7
8
8
7
6
6
7
8
9
9
9
8
10
8
8
7
9
8
8
8
8
9
9
9
10
10
11
10
10
8
8
6
4
4
3
2
-1
-1
-2
-4
-5
-7
-8
-8
-9
-9
-10
-10
-10
-9
-9
-10
-11
-12
-14
-14
-13
-14
-16
-17
-16
-18
-19
-19
-20
-20
-18
-19
-21
-21
-21
-21
-20
-20
-20
-22
-22
-22
-21
-21
-20
-18
-17
-17
-15
-14
-13
-12
-12
-11
-9
-8
-7
-6
-6
-4
-4
-3
-2
-1
2
2
4
5
6
7
9
11
14
16
16
17
17
20
21
23
25
25
26
27
27
28
28
28
27
26
27
27
26
26
26
24
23
23
22
22
21
21
21
19
17
17
17
16
15
14
14
14
14
12
13
11
11
7
5
3
3
-1
-2
-3
-5
-7
-9
-11
-14
-17
-20
-22
-24
-26
-29
-30
-31
-33
-33
-35
-37
-38
-37
-39
-38
-39
-40
-38
-38
-35
-33
-32
-29
-27
-26
-22
-19
-17
-13
-11
-7
-3
0
2
6
10
12
15
17
20
23
26
28
30
30
31
32
33
34
37
37
39
38
39
40
40
42
43
42
44
42
41
40
40
40
37
36
34
31
28
26
25
21
18
14
8
4
-4
-9
-15
-21
-28
-36
-43
-48
-54
-61
-67
-74
-79
-84
-87
-94
-97
-101
-105
-106
-106
-105
-104
-102
-98
-95
-91
-86
-81
-75
-69
-62
-54
-48
-41
-35
-26
-18
-9
-2
4
13
22
31
40
50
59
67
76
86
93
99
107
114
120
127
131
138
140
144
147
148
149
149
150
148
148
144
142
136
130
125
119
111
104
96
85
76
67
54
45
32
19
5
-9
-22
-36
-50
-66
-81
-95
-108
-120
-134
-146
-159
-172
-184
-196
-206
-216
-224
-232
-237
-239
-240
-240
-238
-235
-229
-221
-212
-202
-191
-178
-166
-150
-136
-118
-103
-84
-65
-44
-23
-2
20
42
63
85
104
126
145
163
181
200
217
231
246
260
272
285
296
304
312
317
320
321
321
318
316
309
301
291
281
269
256
239
222
203
184
165
143
120
98
73
46
19
-9
-38
-68
-98
-127
-157
-187
-216
-243
-271
-299
-323
-346
-367
-385
-403
-418
-433
-444
-454
-462
-468
-471
-471
-469
-465
-457
-445
-432
-415
-396
-375
-350
-324
-296
-267
-234
-199
-163
-126
-88
-52
-11
29
69
110
151
190
229
267
304
342
377
410
441
469
498
521
542
560
577
590
601
607
610
610
606
601
589
574
556
537
516
490
462
432
400
366
333
295
255
214
171
126
82
35
-11
-59
-108
-157
-207
-254
-301
-347
-391
-434
-475
-513
-547
-579
-607
-632
-652
-670
-684
-694
-700
-702
-700
-695
-685
-671
-655
-633
-611
-583
-551
-518
-480
-442
-404
-362
-316
-271
-224
-175
-126
-73
-20
31
83
139
193
244
293
342
392
438
477
514
551
588
615
638
658
678
694
702
708
711
712
708
699
685
670
652
629
602
574
543
508
470
431
390
349
304
256
209
160
112
63
12
-40
-91
-142
-193
-243
-293
-341
-389
-433
-472
-511
-550
-584
-612
-638
-662
-682
-697
-710
-714
-718
-719
-715
-707
-693
-680
-662
-641
-611
-582
-548
-514
-480
-437
-397
-353
-314
-266
-218
-170
-125
-81
-28
22
71
118
168
220
266
314
363
409
451
496
535
569
604
634
664
690
703
712
728
742
738
731
726
721
711
688
665
643
617
585
552
520
480
439
395
351
311
266
215
170
124
78
33
-15
-62
-112
-163
-209
-251
-298
-352
-397
-443
-484
-527
-571
-609
-647
-668
-703
-723
-739
-754
-766
-763
-758
-757
-735
-738
-713
-682
-658
-637
-604
-575
-533
-495
-462
-412
-380
-333
-292
-234
-198
-143
-95
-54
3
51
102
153
201
242
290
348
395
431
477
520
567
598
629
662
693
723
741
748
759
767
774
763
756
746
730
718
680
657
635
602
560
523
486
450
404
359
314
275
233
193
150
103
60
16
-27
-70
-125
-172
-217
-257
-326
-374
-404
-492
-510
-577
-620
-645
-722
-728
-767
-793
-809
-814
-839
-830
-820
-830
-773
-773
-782
-728
-682
-668
-643
-626
-553
-518
-515
-454
-401
-364
-325
-298
-211
-156
-136
-107
-22
29
69
121
150
225
268
309
360
429
480
503
566
621
663
697
725
776
803
823
838
850
863
866
869
856
842
831
804
776
749
722
694
648
612
572
532
488
429
399
366
303
241
203
155
94
35
-12
-78
-118
-192
-260
-299
-362
-421
-502
-546
-590
-654
-702
-777
-782
-811
-863
-873
-941
-891
-908
-937
-973
-855
-908
-915
-845
-876
-777
-772
-773
-728
-609
-653
-575
-547
-455
-411
-385
-337
-250
-176
-196
-100
-25
50
74
135
199
285
322
393
440
541
569
633
685
740
810
834
898
900
950
979
993
992
982
993
998
964
925
906
895
836
810
764
724
681
623
586
543
485
429
386
313
246
191
151
74
-4
-103
-119
-197
-298
-360
-407
-470
-524
-635
-686
-700
-753
-830
-909
-871
-949
-950
-1046
-988
-1030
-1010
-1023
-1045
-1022
-917
-904
-975
-888
-783
-725
-813
-689
-695
-528
-534
-549
-493
-348
-309
-329
-242
-174
-54
-69
-28
57
232
189
248
317
445
496
530
557
657
785
769
804
860
962
969
997
1007
1087
1112
1071
1033
1082
1121
1076
997
979
993
955
882
804
791
775
691
617
570
506
439
352
306
243
167
59
-18
-83
-170
-234
-310
-381
-459
-552
-574
-636
-722
-810
-852
-854
-847
-995
-1112
-1009
-1029
-1016
-1202
-1189
-1039
-1011
-1179
-1190
-964
-1006
-896
-1078
-982
-722
-724
-912
-768
-515
-560
-545
-602
-383
-239
-180
-319
-160
45
64
39
114
312
401
365
359
547
659
686
648
781
869
940
912
927
1024
1124
1123
1089
1168
1157
1136
1115
1133
1156
1121
1026
978
994
954
861
818
783
734
638
556
513
460
385
282
231
196
80
-47
-95
-140
-202
-327
-424
-452
-495
-611
-687
-727
-755
-856
-890
-986
-1031
-955
-1134
-1055
-1124
-1161
-1175
-1052
-1090
-1239
-1083
-1013
-969
-1044
-1064
-880
-754
-862
-861
-707
-563
-611
-636
-534
-283
-229
-387
-283
-53
71
-14
6
174
341
376
275
421
596
655
623
702
828
894
898
903
1022
1123
1140
1096
1128
1170
1225
1197
1172
1185
1166
1144
1067
1036
1036
966
898
855
822
746
631
546
532
499
379
281
219
137
57
-5
-60
-125
-265
-379
-411
-428
-532
-663
-691
-726
-813
-916
-989
-1015
-1028
-1069
-1147
-1221
-1222
-1252
-1253
-1253
-1213
-1238
-1257
-1212
-1221
-1186
-1134
-992
-1017
-1021
-938
-901
-788
-645
-697
-617
-344
-399
-438
-223
-94
-34
94
104
214
372
336
415
604
726
765
764
792
985
1104
1064
1128
1258
1302
1259
1276
1348
1448
1430
1354
1327
1371
1346
1266
1223
1216
1225
1145
1020
918
901
861
758
673
618
516
384
301
255
195
104
-16
-120
-179
-256
-360
-452
-528
-576
-712
-771
-804
-951
-1025
-1061
-1066
-1144
-1225
-1247
-1267
-1319
-1346
-1400
-1330
-1326
-1405
-1393
-1349
-1265
-1315
-1245
-1228
-1177
-1090
-1077
-912
-882
-907
-746
-595
-476
-534
-435
-269
-115
-11
-70
136
242
348
400
484
655
733
798
800
954
1087
1093
1153
1163
1299
1390
1380
1356
1338
1465
1475
1434
1371
1352
1391
1339
1254
1235
1216
1111
993
970
942
872
746
587
584
530
364
280
223
129
19
-106
-202
-269
-334
-491
-570
-604
-737
-848
-937
-978
-1017
-1070
-1226
-1261
-1239
-1328
-1307
-1380
-1468
-1335
-1338
-1474
-1421
-1359
-1281
-1309
-1417
-1302
-1097
-1077
-1121
-1021
-888
-765
-713
-686
-471
-341
-324
-201
-44
122
157
182
321
561
662
659
736
822
950
1035
1092
1144
1213
1251
1277
1322
1309
1355
1402
1369
1368
1386
1369
1345
1295
1249
1260
1246
1131
1036
997
971
925
829
716
593
523
485
388
284
178
43
-54
-128
-228
-310
-427
-569
-650
-728
-797
-904
-991
-1033
-1108
-1190
-1260
-1279
-1316
-1364
-1386
-1397
-1367
-1475
-1518
-1404
-1346
-1394
-1446
-1356
-1267
-1197
-1186
-1152
-1017
-871
-875
-837
-628
-486
-398
-307
-185
-16
75
83
247
511
673
662
634
756
957
1059
1025
1115
1262
1238
1158
1130
1270
1368
1298
1230
1227
1285
1214
1090
1097
1187
1212
1070
934
916
930
900
813
754
739
642
497
443
445
400
285
153
88
36
-58
-139
-220
-276
-377
-483
-550
-627
-679
-769
-830
-887
-944
-1005
-1075
-1084
-1118
-1202
-1220
-1215
-1215
-1232
-1307
-1256
-1205
-1231
-1243
-1146
-1022
-1017
-1026
-1006
-855
-698
-642
-587
-450
-324
-278
-234
-125
119
272
317
354
424
554
618
684
836
1003
1003
859
840
977
1100
1120
1050
1050
1066
974
889
918
1039
1055
922
815
790
801
769
738
789
768
633
501
462
525
523
431
337
260
187
105
56
46
21
-71
-230
-335
-379
-396
-440
-504
-579
-674
-753
-840
-849
-838
-867
-920
-979
-1019
-1038
-1031
-1030
-1062
-1025
-989
-973
-968
-1045
-971
-844
-739
-682
-674
-593
-500
-356
-290
-247
-116
55
179
226
254
302
397
499
615
732
782
709
646
699
812
865
843
813
798
752
661
611
647
731
697
610
509
443
452
449
498
516
453
323
248
269
318
336
270
189
112
52
43
45
53
25
-65
-160
-212
-233
-223
-217
-272
-333
-401
-482
-494
-488
-494
-501
-551
-605
-713
-736
-732
-681
-636
-649
-717
-805
-763
-744
-631
-546
-493
-497
-492
-438
-336
-191
-133
-34
95
201
220
205
275
429
576
643
637
615
575
596
644
695
732
688
616
562
539
489
460
471
498
482
392
292
234
247
303
323
295
190
107
70
97
146
135
77
-29
-76
-87
-93
-92
-110
-140
-188
-249
-287
-286
-277
-281
-293
-303
-363
-431
-464
-416
-359
-368
-449
-542
-546
-561
-523
-529
-472
-451
-531
-585
-632
-493
-396
-327
-333
-348
-304
-262
-180
-122
-12
131
221
224
191
212
347
508
616
639
606
541
517
550
637
691
677
607
507
465
423
443
457
476
454
353
268
207
218
260
297
280
178
73
18
42
116
136
84
-31
-118
-140
-120
-102
-125
-172
-241
-299
-354
-382
-375
-350
-321
-346
-420
-513
-541
-457
-370
-343
-422
-505
-538
-530
-459
-426
-363
-370
-404
-450
-474
-383
-298
-201
-197
-190
-160
-132
-95
-76
48
221
331
280
178
199
354
520
585
578
543
504
470
480
555
616
617
562
484
433
395
393
433
486
468
363
262
203
225
276
305
293
203
93
25
40
102
126
75
-30
-109
-145
-165
-173
-211
-247
-288
-367
-438
-486
-493
-484
-474
-483
-553
-626
-660
-612
-529
-509
-532
-602
-638
-619
-548
-443
-384
-392
-455
-474
-394
-280
-194
-136
-109
-61
-29
-14
30
121
290
429
453
381
315
389
563
704
732
642
563
538
560
612
626
630
591
508
453
401
379
381
383
402
358
283
195
157
211
267
279
194
98
60
76
137
150
84
-13
-77
-72
-48
-66
-146
-228
-274
-287
-322
-385
-420
-436
-452
-497
-560
-604
-619
-622
-608
-596
-606
-661
-731
-736
-664
-527
-471
-512
-584
-603
-491
-345
-233
-196
-185
-125
-37
26
60
130
284
450
507
434
360
426
590
734
765
698
601
536
532
581
629
610
534
419
359
347
338
325
303
295
263
205
142
113
147
211
241
196
92
35
64
151
202
139
38
-23
-6
28
27
-9
-96
-169
-234
-272
-286
-296
-321
-377
-437
-512
-575
-594
-567
-526
-528
-603
-695
-756
-727
-641
-515
-463
-521
-620
-665
-533
-349
-199
-171
-169
-118
-61
2
66
215
411
516
483
378
365
503
682
792
768
666
558
510
551
624
657
597
460
336
284
283
296
276
238
176
113
58
12
30
74
123
120
39
-47
-60
21
115
132
51
-48
-75
-44
6
25
-24
-104
-172
-213
-223
-226
-239
-275
-322
-382
-448
-492
-507
-481
-471
-496
-565
-664
-709
-700
-591
-489
-464
-513
-616
-593
-480
-289
-176
-164
-141
-80
22
74
143
321
534
589
496
398
503
721
852
851
783
740
670
601
613
685
712
596
405
313
278
264
227
209
207
122
-7
-110
-104
-31
-5
-28
-83
-153
-194
-192
-112
-37
-64
-157
-220
-182
-117
-116
-157
-186
-175
-184
-243
-285
-293
-274
-275
-298
-338
-409
-472
-480
-420
-388
-453
-560
-622
-597
-517
-434
-390
-404
-467
-500
-400
-216
-78
-72
-53
37
125
123
145
377
658
737
569
431
553
798
942
941
897
846
714
599
646
794
819
611
374
294
295
265
204
182
162
38
-123
-206
-166
-109
-134
-180
-221
-274
-342
-352
-249
-167
-206
-321
-383
-327
-256
-234
-260
-306
-339
-372
-374
-337
-323
-356
-404
-431
-437
-451
-468
-453
-418
-422
-478
-530
-526
-497
-426
-351
-310
-323
-402
-396
-293
-126
-16
9
55
117
155
162
264
525
754
754
592
514
676
895
997
991
950
880
757
685
763
893
887
703
498
422
399
363
321
307
279
137
-44
-140
-120
-69
-90
-146
-234
-327
-391
-397
-310
-265
-320
-434
-506
-477
-414
-374
-399
-446
-495
-525
-512
-482
-451
-466
-516
-563
-576
-565
-553
-533
-522
-506
-523
-557
-577
-548
-440
-360
-324
-347
-376
-341
-242
-94
8
87
147
196
203
206
342
635
849
793
596
530
719
931
1026
1006
975
900
745
673
782
964
965
743
543
485
471
434
407
446
430
261
27
-80
-8
77
72
-14
-144
-288
-393
-356
-220
-165
-287
-475
-564
-530
-475
-447
-460
-514
-600
-704
-715
-641
-573
-586
-659
-716
-736
-741
-670
-601
-533
-564
-658
-678
-683
-550
-422
-304
-286
-404
-447
-368
-140
38
100
170
227
243
189
210
490
844
920
720
517
602
828
966
1036
1040
1006
821
629
665
854
1005
877
614
479
429
418
385
428
486
367
147
-30
-38
49
83
70
5
-121
-272
-377
-287
-141
-118
-251
-447
-501
-504
-460
-403
-392
-452
-625
-738
-725
-606
-525
-583
-674
-773
-797
-763
-667
-583
-600
-670
-746
-698
-665
-540
-412
-298
-265
-375
-382
-300
-50
120
211
297
299
242
146
292
702
975
888
571
465
646
857
972
984
976
854
634
534
675
865
846
638
477
436
360
253
240
373
438
275
30
-108
-63
36
84
96
25
-141
-317
-318
-143
-26
-88
-272
-392
-418
-403
-369
-329
-334
-437
-588
-673
-628
-541
-518
-562
-644
-753
-797
-756
-628
-532
-571
-623
-671
-647
-572
-461
-271
-197
-215
-303
-289
-111
48
210
294
393
359
215
205
486
857
929
738
539
578
694
792
871
941
901
661
460
491
684
764
615
466
406
341
213
125
214
318
281
102
-76
-136
-134
-75
23
51
-58
-289
-421
-327
-169
-91
-176
-305
-416
-485
-437
-352
-288
-342
-487
-585
-612
-570
-531
-511
-522
-590
-684
-709
-643
-543
-495
-515
-512
-563
-538
-451
-298
-154
-146
-172
-208
-128
19
191
369
456
415
272
231
463
789
919
799
604
562
635
731
831
899
889
705
487
431
544
665
626
504
405
296
169
84
129
246
256
124
-68
-196
-229
-201
-115
-49
-95
-275
-463
-497
-389
-274
-246
-316
-427
-554
-602
-534
-414
-361
-445
-581
-658
-634
-577
-513
-499
-520
-592
-640
-602
-532
-469
-463
-433
-423
-406
-363
-274
-145
-73
-31
-13
45
114
202
356
523
609
508
398
492
767
967
926
784
717
741
772
827
917
961
829
603
489
554
652
622
522
449
381
254
121
95
174
218
160
28
-110
-208
-254
-213
-115
-80
-189
-390
-520
-507
-415
-333
-338
-422
-575
-685
-679
-591
-514
-537
-617
-688
-706
-694
-670
-629
-607
-613
-643
-639
-597
-552
-532
-505
-453
-388
-328
-277
-210
-139
-70
-16
48
126
206
316
442
531
508
418
454
657
860
880
738
640
662
712
755
809
871
815
615
457
464
593
622
537
464
416
337
211
140
199
283
272
172
58
-22
-91
-108
-55
22
18
-130
-301
-383
-386
-334
-297
-307
-380
-528
-642
-663
-590
-526
-545
-608
-662
-678
-685
-706
-697
-672
-611
-556
-569
-578
-595
-562
-500
-424
-314
-225
-190
-221
-218
-150
-34
58
125
199
288
337
316
281
284
429
626
726
662
519
452
502
599
672
730
738
634
463
374
437
549
574
525
488
451
351
224
192
282
390
412
347
223
85
5
25
145
233
191
53
-105
-207
-221
-169
-98
-85
-151
-290
-412
-459
-462
-438
-418
-422
-455
-500
-589
-641
-652
-617
-541
-487
-473
-542
-587
-608
-554
-447
-372
-315
-287
-270
-274
-248
-217
-146
-53
28
101
143
143
102
90
131
240
367
393
333
260
240
276
308
352
411
450
411
312
253
257
286
329
383
431
406
296
184
146
186
279
369
388
285
123
39
67
163
229
240
206
116
-3
-77
-51
14
38
34
1
-54
-151
-265
-311
-247
-161
-122
-165
-314
-420
-447
-395
-322
-259
-244
-314
-365
-396
-375
-285
-253
-253
-189
-132
-107
-158
-229
-236
-147
-51
-29
4
-7
-27
-68
-112
-94
18
118
132
109
63
47
7
2
85
232
333
268
128
28
7
75
182
296
362
297
147
9
5
126
264
347
310
217
142
89
92
173
293
357
300
197
120
81
75
100
189
261
213
75
-40
-72
-32
-1
9
-12
-63
-133
-195
-165
-124
-147
-168
-165
-163
-132
-132
-147
-188
-202
-196
-160
-75
-74
-109
-196
-270
-274
-245
-188
-166
-135
-151
-182
-237
-286
-267
-179
-78
-68
-83
-136
-141
-140
-115
-40
55
150
114
22
-19
9
70
79
95
156
211
186
66
-3
3
53
103
130
159
175
161
83
60
90
134
201
213
220
189
132
71
79
133
190
242
169
123
82
-16
-45
6
94
164
136
-35
10
-16
-6
-12
-30
65
9
45
-158
-31
-16
-79
-53
-191
-87
-105
-52
-188
-202
-192
-246
-153
-237
-177
-156
-150
-206
-272
-252
-231
-77
-54
-17
-5
-50
-71
-125
-57
39
151
153
86
26
-6
35
64
115
139
160
130
68
45
29
71
88
125
135
113
108
104
131
113
110
105
162
244
225
180
172
197
134
155
162
198
288
201
137
-2
66
52
77
95
17
4
-70
-128
-240
-136
-90
-65
-129
-243
-292
-215
-241
-276
-229
-225
-195
-320
-336
-351
-224
-223
-260
-249
-279
-207
-236
-185
-155
-117
-115
-156
-112
-57
29
43
31
45
59
93
100
127
185
221
199
152
143
144
150
139
136
156
142
121
113
149
154
154
147
138
173
184
189
205
215
190
188
229
235
261
242
249
278
132
144
95
113
101
87
2
-97
-72
-235
-127
-223
-263
-277
-303
-339
-356
-358
-399
-322
-395
-374
-395
-303
-380
-331
-326
-338
-277
-254
-236
-214
-119
-199
-121
-154
-122
-32
83
87
62
93
74
192
203
248
289
316
312
260
285
295
331
377
405
387
323
280
240
256
242
230
252
213
207
184
202
209
184
178
172
206
224
270
251
245
164
106
176
187
202
143
59
57
-77
-115
-150
-59
-92
-214
-239
-477
-338
-554
-398
-489
-436
-385
-730
-499
-722
-485
-655
-483
-483
-528
-335
-763
-383
-522
-311
-239
-364
-200
-307
-58
-271
-72
-30
-20
148
10
195
195
314
230
240
340
329
483
412
474
487
465
417
378
468
482
576
522
471
411
346
367
338
417
423
414
372
313
295
303
327
306
328
315
294
267
200
170
167
107
80
70
35
-40
-108
-180
-266
-298
-377
-408
-402
-474
-608
-630
-709
-741
-773
-805
-716
-696
-719
-886
-754
-734
-724
-697
-668
-495
-506
-475
-605
-394
-229
-198
-171
-196
-15
27
95
50
164
334
347
410
396
481
551
584
583
620
730
725
734
709
701
713
731
720
716
721
664
628
558
515
500
509
485
467
443
366
328
247
244
253
243
225
158
121
90
34
-40
-65
-97
-149
-243
-325
-383
-442
-525
-596
-660
-718
-751
-822
-874
-943
-979
-1023
-998
-1024
-1020
-956
-909
-889
-916
-857
-813
-698
-636
-542
-459
-395
-349
-283
-139
-42
62
124
159
231
274
338
437
524
621
625
674
698
750
811
835
871
856
898
871
864
870
909
943
870
801
733
697
642
607
617
632
594
485
404
373
346
312
255
218
167
111
67
17
-14
-83
-147
-232
-291
-371
-445
-503
-583
-654
-743
-798
-853
-896
-949
-992
-1041
-1104
-1142
-1150
-1119
-1081
-1041
-996
-964
-936
-868
-818
-745
-645
-570
-477
-372
-267
-161
-58
35
137
217
275
322
412
506
595
674
724
783
803
841
860
903
912
891
883
864
867
872
904
898
856
755
675
618
579
550
534
534
500
454
394
364
325
277
225
170
153
118
80
37
-21
-72
-139
-212
-307
-398
-488
-579
-646
-704
-743
-796
-852
-913
-960
-1010
-1063
-1082
-1073
-1046
-1013
-965
-918
-859
-804
-762
-676
-587
-521
-447
-400
-321
-224
-129
10
130
237
287
318
364
409
488
570
671
760
812
839
840
876
886
869
856
830
821
800
778
775
772
729
645
564
486
417
337
281
256
241
228
197
191
142
95
35
-23
-33
-64
-77
-111
-116
-147
-196
-252
-337
-404
-513
-603
-696
-760
-816
-848
-856
-877
-902
-961
-1001
-1039
-1029
-996
-952
-886
-812
-719
-629
-524
-442
-365
-295
-226
-158
-100
-28
68
189
296
385
455
496
530
551
585
626
691
758
815
867
901
948
982
983
936
880
819
776
756
747
762
747
691
597
497
391
291
198
110
69
38
20
-1
-21
-53
-103
-144
-191
-237
-285
-328
-353
-360
-369
-380
-420
-470
-552
-636
-716
-812
-872
-922
-926
-909
-904
-899
-901
-892
-907
-910
-890
-838
-753
-653
-537
-415
-300
-200
-117
-46
26
71
122
163
243
334
428
522
585
654
670
696
694
708
734
767
836
880
954
997
1028
1017
950
884
804
761
720
691
674
642
603
521
418
302
179
57
-48
-121
-178
-209
-229
-244
-248
-259
-281
-331
-399
-466
-512
-531
-526
-519
-523
-536
-570
-621
-698
-784
-871
-933
-969
-982
-966
-942
-898
-863
-824
-794
-771
-742
-706
-636
-533
-413
-278
-144
-15
82
157
204
230
261
280
328
384
468
551
617
681
710
740
741
745
758
786
845
895
968
1028
1084
1100
1072
1034
972
908
826
765
725
690
646
561
460
330
183
28
-108
-218
-312
-385
-442
-459
-462
-468
-489
-518
-568
-620
-660
-680
-673
-666
-649
-647
-645
-669
-713
-758
-802
-833
-874
-892
-897
-874
-827
-779
-708
-661
-620
-595
-563
-505
-435
-329
-222
-92
18
107
179
234
288
315
347
374
419
472
519
584
629
678
706
723
735
739
762
788
839
882
932
978
1012
1022
987
939
877
808
738
672
622
560
480
376
258
136
1
-134
-251
-347
-430
-500
-554
-587
-608
-622
-639
-651
-670
-695
-710
-716
-703
-685
-669
-653
-647
-645
-659
-669
-684
-693
-695
-691
-667
-640
-598
-560
-520
-473
-429
-378
-325
-259
-189
-110
-25
58
147
223
288
335
367
401
425
454
483
518
556
591
615
632
646
651
660
663
676
694
713
732
750
780
783
769
737
694
651
592
529
467
412
354
271
181
87
-7
-110
-213
-294
-370
-435
-499
-547
-569
-582
-591
-601
-609
-613
-619
-620
-609
-588
-570
-559
-543
-530
-520
-518
-517
-519
-520
-512
-502
-481
-456
-430
-403
-374
-336
-295
-250
-200
-143
-80
-16
52
121
187
245
293
331
366
392
418
438
466
491
514
535
551
575
587
595
588
583
582
594
612
618
626
626
622
607
581
537
488
430
364
303
243
179
104
24
-63
-147
-231
-317
-392
-457
-511
-549
-577
-595
-604
-603
-599
-592
-574
-557
-539
-515
-489
-464
-438
-421
-404
-393
-385
-391
-392
-391
-390
-380
-372
-351
-329
-300
-272
-241
-205
-175
-138
-92
-36
27
91
156
214
266
312
349
383
406
425
436
454
469
489
510
529
543
550
547
541
542
549
543
542
545
544
557
552
539
513
476
429
367
311
242
174
99
25
-49
-131
-208
-294
-368
-436
-490
-532
-567
-589
-598
-588
-565
-542
-515
-485
-452
-417
-376
-331
-294
-262
-239
-222
-212
-204
-202
-208
-214
-229
-239
-243
-241
-233
-225
-212
-206
-190
-177
-157
-120
-83
-35
13
67
118
170
215
254
284
301
315
324
335
350
366
378
390
402
414
420
427
429
430
439
448
459
460
461
456
441
415
374
323
262
195
121
50
-17
-93
-176
-263
-342
-413
-479
-536
-583
-610
-626
-618
-592
-551
-502
-451
-392
-329
-255
-186
-123
-66
-14
27
61
85
96
93
76
46
8
-30
-65
-98
-125
-153
-175
-191
-206
-216
-220
-213
-197
-169
-131
-89
-39
14
67
114
152
184
210
225
234
243
259
269
285
305
316
330
340
349
362
374
385
398
410
421
424
429
423
407
384
345
302
246
183
110
33
-43
-128
-211
-292
-369
-444
-506
-547
-568
-570
-555
-524
-476
-419
-348
-274
-192
-106
-22
52
121
189
238
275
293
298
281
249
204
150
97
33
-27
-88
-144
-195
-242
-285
-322
-340
-354
-358
-348
-324
-291
-256
-212
-166
-121
-77
-44
-18
2
21
33
47
65
79
95
103
113
122
134
147
165
185
207
233
258
275
290
303
307
304
291
272
240
201
151
97
46
-15
-75
-139
-202
-255
-301
-331
-342
-342
-325
-295
-252
-200
-138
-65
11
89
162
229
290
340
378
398
402
391
362
320
260
192
117
42
-31
-104
-174
-238
-296
-349
-391
-420
-436
-441
-430
-413
-385
-347
-304
-254
-206
-158
-114
-73
-39
-9
16
28
44
58
72
87
103
114
124
139
155
176
200
223
242
255
263
272
278
278
271
259
237
213
177
139
97
57
16
-26
-66
-104
-132
-152
-157
-145
-123
-94
-57
-11
42
103
163
223
280
331
375
407
426
430
421
397
358
308
245
171
94
13
-67
-147
-219
-288
-355
-414
-464
-500
-527
-543
-548
-542
-526
-503
-476
-443
-408
-371
-334
-300
-269
-239
-216
-193
-173
-151
-132
-112
-92
-72
-49
-26
1
30
61
92
118
144
167
188
205
220
227
231
230
222
205
179
153
127
104
74
44
17
-4
-13
-15
-7
11
34
65
104
149
199
251
302
352
400
443
474
501
512
509
494
469
428
376
311
241
170
97
22
-55
-127
-192
-253
-308
-358
-395
-425
-448
-461
-466
-462
-456
-444
-427
-406
-382
-360
-340
-321
-301
-285
-270
-255
-241
-225
-210
-192
-170
-142
-109
-74
-34
5
42
81
116
152
183
211
234
245
254
255
254
245
229
208
183
159
135
112
91
77
66
66
73
89
113
138
168
202
242
283
326
368
406
434
451
458
460
449
428
390
343
290
229
162
93
24
-44
-111
-175
-234
-286
-331
-373
-407
-431
-450
-463
-473
-478
-475
-471
-466
-457
-446
-435
-425
-414
-403
-392
-382
-372
-360
-343
-319
-291
-259
-225
-184
-140
-92
-43
8
60
105
147
184
218
249
271
290
297
298
289
274
256
238
218
195
174
156
144
138
134
139
148
161
178
202
228
256
286
312
338
358
374
379
379
372
355
330
294
254
208
160
108
55
3
-48
-94
-134
-167
-196
-226
-251
-268
-281
-290
-296
-299
-302
-302
-301
-300
-298
-297
-297
-299
-299
-299
-302
-306
-307
-303
-292
-278
-260
-239
-209
-174
-136
-93
-50
-8
35
76
116
150
177
198
213
221
224
225
219
206
187
168
149
135
123
114
108
105
106
109
121
136
154
172
195
215
238
258
273
285
293
294
291
279
258
231
196
158
117
70
21
-27
-76
-118
-155
-187
-214
-237
-254
-265
-271
-273
-277
-280
-278
-274
-267
-263
-262
-261
-259
-258
-257
-253
-248
-245
-238
-232
-222
-206
-187
-162
-134
-101
-66
-27
11
52
96
139
179
211
238
261
282
297
301
295
286
272
252
229
205
180
157
137
117
103
93
84
75
72
75
81
85
89
94
100
104
108
109
108
103
93
81
66
45
21
-9
-38
-67
-94
-121
-149
-173
-195
-212
-221
-226
-229
-231
-233
-233
-231
-226
-222
-219
-220
-221
-223
-225
-221
-216
-209
-202
-192
-180
-163
-144
-121
-95
-65
-30
5
42
81
119
160
199
234
267
295
321
335
347
354
355
347
333
317
295
270
239
207
177
150
128
104
84
67
51
39
30
25
21
18
13
8
5
-1
-6
-14
-23
-34
-47
-63
-76
-92
-108
-125
-145
-161
-177
-191
-200
-207
-211
-215
-217
-215
-211
-204
-198
-192
-184
-178
-172
-167
-164
-160
-158
-152
-145
-137
-129
-118
-103
-84
-61
-36
-13
13
41
74
110
143
172
199
225
251
274
291
304
311
314
310
302
291
272
252
226
197
170
143
116
90
66
45
26
10
-5
-12
-17
-22
-28
-31
-34
-37
-38
-42
-48
-54
-62
-68
-77
-86
-96
-108
-118
-128
-140
-149
-157
-162
-167
-170
-176
-179
-181
-178
-174
-170
-167
-166
-160
-154
-149
-143
-140
-138
-135
-129
-124
-115
-104
-91
-74
-55
-37
-18
7
34
64
93
119
145
173
200
226
248
265
278
286
292
297
295
288
278
262
243
223
201
177
153
130
107
85
66
51
38
25
15
7
-1
-8
-14
-17
-20
-25
-30
-38
-45
-54
-62
-73
-81
-92
-105
-118
-129
-137
-146
-155
-162
-170
-176
-178
-179
-181
-183
-182
-179
-176
-171
-166
-162
-158
-152
-147
-144
-141
-136
-129
-120
-113
-103
-93
-79
-58
-33
-9
18
44
72
101
132
165
193
218
240
258
274
288
297
301
301
292
282
270
255
236
214
187
161
136
113
90
66
48
31
19
7
-3
-11
-18
-23
-29
-34
-42
-51
-60
-68
-77
-86
-99
-112
-124
-135
-146
-153
-161
-171
-181
-188
-192
-195
-200
-202
-202
-202
-201
-196
-190
-180
-172
-166
-158
-149
-140
-131
-123
-118
-113
-107
-96
-84
-67
-50
-32
-11
12
38
67
96
129
158
184
209
233
251
268
277
284
287
286
284
276
261
242
222
203
183
161
137
111
89
66
51
34
20
9
1
-4
-6
-8
-11
-13
-13
-11
-11
-11
-15
-21
-28
-37
-45
-55
-67
-80
-93
-106
-117
-126
-131
-136
-138
-141
-144
-143
-138
-134
-129
-123
-119
-115
-110
-104
-98
-90
-87
-79
-72
-64
-55
-45
-37
-26
-15
-3
10
27
44
60
75
94
113
129
146
158
169
175
180
180
176
167
156
138
122
102
79
55
32
9
-11
-31
-48
-64
-78
-88
-96
-103
-104
-106
-106
-101
-97
-93
-87
-79
-72
-66
-60
-55
-51
-50
-50
-53
-58
-63
-69
-73
-76
-80
-82
-81
-78
-71
-62
-52
-40
-27
-13
2
16
29
39
48
55
62
70
77
82
87
93
97
103
110
117
121
127
132
133
139
144
147
149
149
148
147
145
139
134
128
117
105
90
74
57
37
14
-10
-35
-58
-80
-99
-115
-131
-143
-150
-155
-158
-162
-164
-165
-163
-158
-155
-152
-152
-150
-145
-139
-133
-130
-126
-123
-119
-113
-105
-99
-93
-87
-79
-67
-56
-45
-31
-14
4
23
42
62
80
97
111
124
135
142
146
146
144
142
140
138
135
132
128
127
127
128
131
132
135
137
139
140
139
137
133
127
119
111
101
89
75
58
40
21
0
-23
-49
-74
-102
-127
-150
-169
-183
-195
-204
-210
-210
-207
-200
-193
-185
-175
-168
-159
-149
-141
-136
-130
-126
-121
-115
-108
-103
-96
-90
-80
-69
-56
-41
-27
-13
1
18
37
58
77
93
107
122
139
156
168
176
179
178
178
177
173
165
155
144
134
125
115
107
101
100
98
99
100
102
105
107
110
109
104
98
90
79
67
53
35
17
-6
-29
-53
-77
-99
-120
-139
-159
-179
-197
-210
-217
-221
-221
-219
-217
-211
-201
-189
-175
-159
-145
-134
-123
-110
-97
-85
-77
-73
-68
-61
-52
-44
-36
-28
-20
-10
1
16
32
46
62
77
92
108
122
135
147
158
168
173
178
179
179
176
173
166
158
148
138
129
120
109
100
91
87
81
78
77
77
79
77
74
68
62
53
44
32
17
-2
-22
-42
-62
-82
-103
-125
-144
-162
-178
-191
-200
-207
-212
-215
-216
-213
-208
-197
-188
-179
-167
-155
-139
-121
-103
-90
-78
-67
-56
-43
-32
-23
-18
-12
-4
3
13
22
33
43
57
73
88
104
120
134
148
161
172
179
185
189
190
191
187
182
176
168
157
145
133
118
104
91
77
65
55
47
42
36
32
28
24
22
19
14
8
-1
-11
-26
-37
-49
-64
-80
-98
-114
-129
-140
-151
-161
-168
-174
-176
-179
-176
-173
-170
-164
-155
-147
-135
-124
-111
-98
-85
-75
-64
-54
-45
-36
-30
-23
-16
-8
-2
5
14
23
33
44
56
67
78
90
102
113
123
132
136
143
148
152
154
152
150
147
140
134
123
113
100
87
75
63
52
41
30
23
16
8
5
0
-2
-5
-9
-14
-19
-23
-31
-38
-46
-55
-65
-72
-82
-91
-98
-109
-116
-122
-129
-132
-134
-134
-133
-131
-126
-120
-111
-105
-97
-86
-76
-63
-53
-45
-38
-29
-22
-15
-9
-6
-2
2
6
12
18
25
33
42
53
66
77
88
99
109
118
128
135
139
143
144
144
143
142
137
132
123
112
99
88
76
64
53
38
25
14
6
-1
-5
-11
-18
-19
-20
-21
-21
-22
-27
-32
-36
-43
-49
-59
-70
-81
-92
-102
-109
-115
-120
-125
-128
-130
-131
-129
-124
-118
-114
-106
-95
-84
-72
-59
-48
-37
-25
-12
-2
8
14
20
28
32
36
40
40
40
41
43
46
53
58
65
74
84
92
101
109
114
120
121
120
119
117
114
108
98
89
80
69
56
40
25
10
-3
-16
-25
-36
-46
-56
-61
-64
-65
-64
-63
-62
-60
-57
-54
-52
-51
-53
-57
-64
-73
-81
-88
-96
-103
-108
-112
-116
-117
-116
-115
-109
-105
-96
-86
-75
-65
-52
-39
-28
-14
0
11
24
34
43
50
56
61
65
65
67
69
69
68
71
74
81
89
99
108
117
126
135
145
153
159
160
157
152
147
141
132
121
107
91
75
61
45
32
20
6
-5
-14
-22
-29
-35
-39
-42
-45
-48
-50
-49
-48
-49
-50
-55
-61
-68
-75
-85
-94
-107
-119
-128
-137
-141
-147
-148
-148
-144
-137
-131
-122
-112
-101
-88
-76
-63
-53
-45
-37
-28
-20
-12
-5
-1
2
4
4
3
3
3
4
5
9
13
19
27
37
49
62
74
86
98
108
118
125
131
133
131
127
119
108
97
85
74
64
52
43
33
24
19
14
11
6
2
0
-1
0
0
2
4
8
8
6
4
2
-3
-11
-21
-31
-41
-51
-61
-72
-82
-94
-100
-103
-104
-104
-102
-100
-94
-88
-81
-76
-70
-66
-61
-55
-51
-47
-42
-39
-32
-26
-23
-20
-19
-15
-13
-8
-5
-3
2
9
19
31
44
56
68
80
91
102
111
118
124
126
127
123
118
112
106
99
91
81
71
63
56
50
45
41
36
30
25
20
19
19
18
19
17
16
15
13
11
8
7
2
-5
-14
-23
-32
-41
-50
-59
-71
-79
-84
-89
-92
-92
-93
-93
-91
-90
-88
-86
-86
-86
-85
-84
-83
-82
-81
-78
-75
-71
-67
-63
-60
-53
-46
-37
-24
-16
-6
4
14
26
38
51
63
71
76
80
84
87
90
93
92
88
83
76
70
60
52
45
40
36
31
27
27
29
29
31
33
35
37
37
38
40
41
38
37
34
31
26
21
14
6
-1
-7
-12
-19
-28
-37
-44
-51
-58
-63
-69
-74
-75
-77
-80
-81
-81
-82
-83
-84
-88
-93
-98
-101
-103
-103
-101
-100
-94
-88
-80
-73
-63
-52
-40
-30
-16
-4
9
23
36
49
63
76
86
93
100
104
108
111
112
109
104
98
94
88
80
70
63
58
54
49
46
44
43
43
44
47
49
51
56
60
65
66
67
68
67
69
68
67
62
55
47
40
33
24
12
2
-10
-22
-34
-46
-55
-62
-68
-76
-83
-90
-98
-104
-108
-113
-119
-125
-128
-131
-131
-131
-131
-128
-125
-118
-109
-98
-86
-76
-66
-53
-40
-27
-14
-2
11
22
33
44
54
60
65
69
73
76
78
78
77
74
69
64
58
52
48
44
41
39
36
36
36
36
38
39
40
42
41
40
40
41
42
42
41
39
36
31
26
20
16
9
3
-6
-15
-23
-32
-39
-45
-52
-57
-66
-71
-78
-81
-83
-87
-90
-95
-101
-106
-112
-116
-118
-119
-118
-113
-106
-99
-90
-79
-66
-53
-39
-24
-11
2
18
35
51
66
78
90
100
109
118
123
127
127
126
122
118
115
109
100
93
85
78
73
68
66
66
68
68
68
70
71
74
74
74
74
71
68
66
63
57
51
45
39
33
23
12
-1
-16
-29
-42
-55
-70
-83
-97
-109
-119
-129
-138
-143
-150
-153
-156
-159
-160
-162
-163
-162
-161
-159
-154
-147
-138
-126
-112
-98
-81
-62
-46
-29
-14
2
19
35
50
64
79
91
103
113
122
130
138
142
143
141
138
132
126
119
113
104
94
85
76
70
66
63
65
66
67
69
70
71
71
67
61
52
42
32
21
11
-1
-14
-27
-39
-51
-65
-79
-94
-110
-125
-139
-149
-157
-165
-171
-176
-178
-180
-177
-174
-169
-165
-159
-150
-141
-130
-119
-107
-96
-84
-73
-61
-48
-34
-18
-2
17
33
49
63
80
95
110
123
135
145
154
161
169
177
182
184
184
181
177
172
166
160
152
142
131
120
111
103
96
89
80
70
66
63
60
57
51
46
36
29
20
10
-1
-13
-27
-39
-48
-61
-73
-83
-94
-105
-113
-126
-137
-145
-151
-156
-160
-164
-167
-169
-169
-167
-164
-161
-154
-147
-140
-132
-124
-115
-102
-90
-80
-70
-60
-49
-34
-19
-2
13
26
39
54
69
85
98
109
117
126
133
139
144
146
146
143
142
137
133
127
120
115
107
100
93
85
80
74
68
62
55
49
45
40
35
31
26
19
12
3
-7
-16
-30
-41
-52
-66
-76
-86
-95
-104
-113
-120
-129
-135
-138
-139
-141
-140
-139
-136
-133
-129
-124
-118
-110
-103
-97
-89
-80
-72
-62
-50
-41
-31
-22
-13
-3
6
15
26
36
48
60
73
84
93
102
112
122
131
137
141
145
146
147
146
146
143
138
129
121
112
102
92
81
70
61
52
42
35
27
22
19
14
9
3
-4
-11
-16
-22
-28
-36
-44
-51
-60
-67
-74
-82
-89
-97
-104
-111
-116
-120
-123
-125
-124
-125
-122
-120
-116
-112
-109
-103
-97
-89
-80
-70
-62
-55
-49
-42
-33
-22
-14
-8
-1
8
17
27
37
46
54
63
71
81
92
101
110
119
123
129
134
136
136
137
134
132
128
122
114
107
98
89
81
72
60
49
38
30
23
16
10
2
-6
-14
-18
-25
-32
-39
-45
-51
-57
-64
-69
-77
-84
-90
-95
-99
-103
-105
-105
-106
-107
-109
-109
-108
-105
-102
-98
-96
-93
-88
-83
-76
-70
-67
-62
-57
-51
-42
-34
-26
-18
-11
-1
8
17
25
32
41
49
57
65
72
79
85
92
97
103
106
109
110
112
112
110
108
104
99
94
87
82
77
71
62
55
48
42
38
31
25
17
10
4
-2
-9
-14
-19
-24
-31
-38
-43
-50
-55
-61
-66
-71
-76
-79
-81
-83
-84
-83
-81
-78
-77
-77
-76
-73
-68
-64
-59
-56
-53
-50
-43
-37
-32
-27
-24
-21
-15
-10
-4
0
3
6
11
14
19
23
30
34
39
45
51
58
63
70
74
81
87
91
95
98
97
94
94
93
90
86
80
72
66
61
55
47
40
32
25
17
10
1
-8
-16
-25
-31
-39
-44
-48
-53
-58
-63
-67
-70
-74
-75
-76
-78
-81
-81
-81
-80
-78
-77
-77
-75
-71
-68
-67
-65
-61
-58
-52
-46
-41
-37
-34
-30
-23
-20
-18
-13
-9
-5
-1
2
5
11
19
27
34
38
44
49
56
63
68
73
77
81
85
86
89
90
92
95
93
90
87
82
77
74
67
61
52
46
39
32
24
15
8
-1
-9
-15
-22
-30
-37
-44
-51
-56
-59
-62
-65
-69
-71
-73
-72
-72
-72
-74
-73
-72
-71
-69
-68
-67
-65
-61
-55
-51
-46
-42
-37
-31
-24
-19
-14
-10
-6
-1
2
8
11
15
18
22
23
25
31
35
40
44
47
50
55
62
67
70
71
73
77
79
82
83
83
84
81
79
76
72
67
61
55
49
43
35
27
19
11
4
-4
-12
-20
-29
-36
-43
-50
-55
-60
-63
-66
-69
-72
-74
-74
-77
-77
-78
-81
-81
-81
-80
-78
-76
-73
-71
-69
-65
-61
-57
-52
-46
-40
-35
-28
-24
-21
-16
-9
-4
2
7
10
15
18
24
28
33
36
40
43
47
49
54
56
58
62
64
68
71
72
72
72
72
73
74
74
71
68
65
61
57
53
49
43
38
33
26
21
16
11
4
-1
-6
-11
-16
-22
-28
-33
-35
-40
-44
-48
-51
-53
-56
-59
-60
-64
-63
-65
-65
-65
-64
-64
-64
-62
-60
-56
-52
-47
-43
-37
-34
-29
-27
-23
-17
-13
-8
-6
-2
2
5
8
9
13
16
19
22
23
25
26
29
32
33
38
40
42
44
47
51
54
55
55
56
59
59
59
59
57
55
52
50
49
46
42
37
32
28
25
19
14
9
3
-3
-7
-13
-20
-25
-30
-35
-39
-44
-49
-53
-57
-60
-63
-63
-64
-66
-68
-68
-68
-67
-65
-62
-61
-57
-54
-50
-44
-41
-36
-33
-30
-25
-19
-15
-13
-10
-8
-3
0
5
8
13
15
17
18
23
26
31
34
37
39
40
45
49
53
54
57
58
59
62
63
64
63
63
62
61
59
56
52
49
44
41
37
31
27
22
17
12
7
1
-4
-10
-12
-19
-25
-30
-35
-39
-43
-48
-51
-53
-56
-56
-58
-58
-59
-59
-57
-56
-54
-53
-51
-48
-43
-39
-35
-33
-31
-28
-24
-21
-16
-13
-10
-7
-5
-2
-1
3
6
8
10
14
13
17
18
21
22
26
31
31
32
31
32
34
37
40
40
41
42
42
42
41
42
40
38
38
37
36
34
31
28
26
22
19
16
12
9
6
3
-1
-4
-8
-13
-19
-24
-27
-32
-36
-40
-43
-47
-50
-51
-52
-53
-52
-51
-51
-49
-48
-45
-42
-39
-35
-30
-30
-26
-24
-21
-17
-16
-14
-13
-10
-7
-4
-1
2
5
6
8
11
13
15
18
20
20
23
25
27
30
34
35
36
38
40
43
45
44
45
45
45
45
46
46
46
46
44
41
39
37
35
33
30
26
23
17
12
7
3
-3
-7
-12
-15
-21
-25
-30
-35
-38
-42
-45
-47
-49
-49
-50
-49
-50
-48
-46
-44
-41
-40
-37
-36
-35
-32
-30
-25
-20
-18
-16
-14
-12
-10
-7
-5
-3
0
2
3
5
5
6
9
11
13
14
16
17
17
20
20
20
21
24
24
26
27
28
29
28
26
24
25
25
28
27
25
23
21
20
19
19
17
15
12
8
3
-1
-4
-6
-10
-13
-15
-18
-21
-25
-29
-31
-33
-36
-38
-38
-39
-40
-42
-41
-41
-41
-38
-37
-33
-30
-28
-25
-21
-18
-15
-12
-9
-7
-4
1
4
7
9
10
13
17
19
20
22
23
24
25
25
26
27
28
31
32
32
33
33
35
34
36
36
36
34
33
32
31
31
30
29
28
26
24
22
22
19
17
16
14
11
11
7
4
1
-1
-4
-9
-11
-14
-17
-18
-21
-24
-27
-30
-32
-34
-34
-35
-38
-37
-39
-39
-39
-39
-36
-34
-33
-32
-32
-30
-28
-25
-23
-19
-18
-15
-12
-10
-6
-3
-1
1
2
5
7
8
8
9
10
11
12
11
12
14
15
14
13
12
12
15
16
16
17
15
14
14
14
12
13
11
8
7
7
8
8
9
8
7
8
10
8
8
6
3
2
0
-3
-4
-6
-8
-12
-13
-16
-19
-20
-22
-24
-27
-28
-31
-34
-34
-33
-32
-29
-28
-28
-27
-24
-20
-16
-13
-10
-9
-6
-3
1
4
7
10
11
13
17
20
23
25
28
29
29
29
30
33
34
36
35
35
34
32
33
33
33
33
32
30
30
28
27
27
27
26
23
23
21
18
17
15
14
13
11
9
6
5
4
0
-2
-6
-10
-13
-16
-20
-24
-28
-31
-33
-35
-38
-40
-41
-42
-44
-45
-47
-48
-49
-48
-48
-47
-46
-44
-41
-36
-34
-32
-29
-25
-22
-17
-14
-10
-8
-5
-2
1
6
8
12
14
17
18
18
20
22
24
24
23
23
24
22
22
22
21
24
25
25
24
24
24
22
23
23
24
24
25
22
22
21
20
20
20
20
17
16
12
10
8
4
1
0
-4
-6
-9
-13
-16
-17
-19
-21
-23
-25
-27
-29
-29
-30
-31
-30
-31
-31
-31
-30
-29
-27
-25
-25
-24
-21
-17
-13
-11
-9
-8
-8
-4
-2
1
4
5
6
8
11
14
15
16
17
19
22
22
23
20
22
24
24
26
26
25
27
27
28
27
25
24
25
28
28
26
25
22
21
18
17
17
15
14
11
9
8
4
2
1
0
-2
-6
-9
-14
-17
-19
-21
-25
-27
-30
-31
-32
-34
-34
-37
-38
-38
-38
-38
-37
-38
-35
-34
-32
