-1
0
-1
-1
0
-1
0
0
-1
1
0
0
1
-1
0
1
0
0
1
1
0
0
0
0
2
0
0
-1
-1
-1
-1
-2
-1
-1
0
0
1
0
0
0
1
-1
0
0
1
0
0
1
0
1
1
2
2
0
2
1
0
0
-2
-1
-1
0
0
0
1
1
2
1
3
1
1
0
1
1
0
0
-2
1
-1
0
1
-1
1
-1
0
-2
-2
-2
-1
-2
-1
-1
0
1
0
0
-1
-1
-1
-1
-1
-1
-1
0
0
1
1
3
3
2
1
1
1
0
1
-2
0
-2
0
-2
-1
-2
-2
-3
-2
-2
-2
-3
-2
-2
-1
-1
0
3
3
4
4
2
2
1
0
1
-3
-1
0
0
3
1
1
1
-1
1
0
0
-1
-2
-1
-1
-1
0
0
0
2
1
2
1
2
1
1
0
0
0
0
0
-1
0
0
1
1
0
-2
-1
-1
0
-1
-2
-1
-2
-2
-1
0
0
1
-1
0
-1
-2
1
0
1
2
-1
0
0
-1
-1
-1
-1
-1
1
3
4
4
4
0
4
0
0
1
-1
0
-1
0
1
2
1
2
1
1
-4
-4
-5
-5
-3
-1
0
1
1
2
1
0
-1
0
1
-1
0
4
2
1
4
2
-2
0
-1
-4
2
1
0
2
2
2
2
-3
-5
-7
-1
-2
-1
1
-4
-1
1
0
1
1
-2
1
-1
1
-1
2
1
-3
-3
1
-2
3
4
5
4
2
3
1
0
-2
3
1
7
4
2
0
-2
-8
-8
-7
-8
-3
-2
0
1
3
1
-2
4
0
-6
2
-3
-7
-3
-1
6
6
6
4
3
0
-4
-1
4
-1
5
4
-6
-2
-2
2
4
5
6
-2
6
2
-6
-6
-3
-6
-1
2
2
0
-10
-4
0
6
7
4
-2
-7
-1
2
6
9
-3
-2
6
1
8
4
0
-3
2
0
-8
-7
1
1
4
0
-1
-6
-3
-4
-4
-5
-5
2
7
1
-5
10
2
-1
-1
7
3
3
-3
4
-3
0
-6
0
2
-3
0
6
2
-8
5
-4
-3
-5
4
-3
0
7
-2
-4
-3
-1
-4
4
3
7
1
-9
-15
2
5
7
4
7
14
5
-5
-5
-4
-3
2
-5
3
-3
-2
3
6
-10
-5
2
1
0
-5
6
2
-4
-7
-1
-9
-4
5
9
3
2
4
0
2
0
4
-14
-6
-1
0
0
10
9
2
5
0
-4
1
4
-8
-6
-4
-2
6
4
-2
1
4
1
-4
2
0
-5
7
-8
5
-10
-3
0
-1
7
-6
-13
-4
-15
7
9
5
-4
0
6
0
2
7
-1
-1
-2
0
-4
8
10
1
7
1
9
-20
-4
2
-1
7
-6
-4
-7
-2
4
3
1
6
3
0
9
-7
-2
2
-5
-3
2
-3
7
0
10
2
3
5
1
-4
-2
-13
0
-9
-1
10
-12
9
1
9
6
-8
10
-7
-7
-6
-12
11
-12
7
-8
7
15
3
3
-11
-7
-9
2
7
0
-1
9
-5
-4
8
0
-4
-4
-1
7
-7
17
-9
-1
5
10
-9
9
-5
7
-19
11
-15
0
4
2
5
-4
-8
1
4
10
-1
-13
-3
2
13
-3
4
-2
-1
-10
26
-3
-25
-8
18
-6
12
-1
0
-18
16
-10
9
5
-4
-8
6
17
-20
-7
-6
9
-12
29
0
-8
-2
-1
-5
0
0
0
14
1
-2
-14
11
-26
26
-6
12
-3
-9
25
-8
-10
-5
-1
8
-8
-8
26
-14
6
2
-3
-3
9
2
-18
20
-25
10
3
1
-11
2
8
5
-15
11
-2
-14
22
-11
13
-24
11
11
-11
4
6
-3
11
-10
20
-20
-15
4
-2
0
-1
10
-10
14
3
-1
-8
4
-15
11
8
-10
8
-11
28
7
-13
-6
9
-24
20
-1
-27
22
-4
-2
0
13
-9
2
-12
7
4
-21
21
8
10
-19
9
-14
1
-7
-12
-7
17
7
-2
14
-25
10
2
17
-27
6
-9
-18
37
-39
3
25
-27
36
-16
24
-4
-19
49
-21
-40
-2
8
-5
0
38
-3
-21
45
24
-49
7
-15
17
-10
2
-2
-25
-14
41
-50
18
-8
-26
16
15
-5
17
-18
8
23
-1
-22
-12
7
-11
54
-2
35
-3
-35
41
-17
-38
20
-57
5
41
-20
38
-25
19
-31
7
0
-22
-11
22
29
-21
47
-5
-30
9
-15
-10
-15
-7
31
-1
13
1
-22
4
6
-14
-11
8
5
15
14
-4
0
1
30
-37
9
-22
-19
30
15
-4
3
-30
7
16
-54
38
-23
31
7
14
-17
-22
25
-17
-59
21
33
-37
35
44
18
-62
9
-21
-6
-25
49
6
13
37
21
-46
20
-30
-21
-51
41
-7
-12
35
4
55
-39
-2
-14
-28
-5
31
-15
45
-77
78
-22
-24
31
-61
50
-3
-77
105
-40
22
-5
6
-15
5
8
-53
14
-4
-16
-24
47
-3
0
32
20
-51
-30
26
-25
-20
44
6
42
-10
21
12
-31
13
-70
21
22
-51
102
-59
14
20
-9
9
-76
21
-10
-18
38
20
1
3
23
-22
-14
-3
-23
-6
28
-32
24
-7
-1
9
-11
6
-14
67
-53
73
-28
-5
0
-16
-30
-11
-23
82
34
-28
59
-42
-16
8
-16
-6
-4
-42
69
-14
-35
53
-93
97
-112
71
23
-11
-32
99
-56
3
-29
17
-21
-16
95
-110
75
-38
4
-49
31
-37
4
-33
49
-52
2
40
-68
18
70
-54
76
16
-28
20
23
2
-74
28
-14
-46
21
15
50
-16
27
116
-84
-44
-17
-65
-124
97
76
34
214
70
210
25
-125
-185
-253
-152
-80
-54
121
5
97
120
-75
-64
-184
-47
-104
69
138
51
145
103
112
-31
12
-6
-8
-23
61
-108
97
-84
-41
28
-73
-10
1
1
-14
-16
-10
-34
-46
-6
-11
44
62
72
13
42
-16
-23
-78
57
-81
-10
37
60
-87
122
9
-47
-15
56
-82
-2
2
68
-26
-29
125
-88
-10
-30
47
-102
25
6
-97
-3
72
-119
-16
-72
-99
-5
58
29
70
191
147
58
-73
-17
-116
-130
56
148
177
39
464
214
-228
-49
-380
-556
-141
-217
85
15
387
287
-54
104
-179
-401
-175
-31
-23
134
227
283
50
163
-13
-118
-37
24
-54
140
125
119
8
151
-106
-53
-169
-161
-135
-133
10
-101
82
-5
1
-46
67
-23
-77
-3
-8
6
54
44
-3
111
57
88
125
22
-13
108
-50
-35
22
-153
51
-8
-51
-10
-44
-39
-68
-99
24
-75
-167
138
-134
-79
11
78
-17
74
224
74
42
167
-71
-75
63
-161
107
-25
168
94
40
-9
-13
-150
-33
-83
-82
-69
166
-48
-70
-60
-53
1
-121
138
-67
75
142
-28
46
-75
-21
-41
44
-26
22
47
201
-75
10
-35
-141
-153
-10
-32
-10
129
132
52
-64
87
-138
-116
-50
-59
21
59
224
-78
88
92
-74
104
-64
94
-30
54
90
-58
-17
-77
-182
2
-75
30
-38
-35
105
-133
-4
-58
5
-41
89
69
84
274
-25
47
98
-60
-94
-85
-32
-100
53
151
-72
-19
162
-84
52
-68
-77
16
-19
175
-70
-101
190
-101
-58
-8
-174
-122
-170
71
77
-21
227
110
-171
158
-18
-79
-40
126
42
-113
242
92
-244
170
-45
-195
69
7
-123
-58
206
83
-90
45
64
-293
-36
210
-216
10
144
-87
94
44
1
-80
14
107
-236
-31
104
-175
14
-8
-72
-53
-74
119
-14
-198
42
64
-30
180
124
48
-11
-76
-15
-120
-212
26
12
233
185
102
65
-19
240
80
30
-122
-221
-190
-50
-19
20
-28
640
502
303
213
-473
-755
-744
-621
-394
-164
377
609
480
478
89
-347
-378
-318
-236
-135
209
237
228
342
258
230
180
112
-122
-55
-72
-113
-21
247
147
-72
138
-47
-304
-240
-399
-155
-201
22
276
-153
171
192
-93
7
-86
132
12
-81
169
-102
21
227
-49
-49
-1
-6
16
-44
-139
-334
-46
-11
-53
-49
-25
108
73
264
102
-138
71
65
42
232
-28
119
67
47
104
-58
-19
-75
-64
-119
-130
-168
-129
-110
-86
-36
42
-27
142
81
69
148
118
74
-64
15
-49
-44
220
79
-9
26
-37
-125
-87
-70
-50
80
183
147
47
-83
-337
-190
-114
-26
-161
53
177
106
190
78
-109
-220
-19
38
-77
96
32
-45
56
124
-132
-103
-30
-42
-137
113
217
-91
56
-9
-84
-81
-61
-104
-86
-12
112
-67
151
71
-112
128
-27
-7
12
43
22
-49
7
-3
23
120
175
113
3
148
90
-31
-27
4
-84
-76
-6
24
-82
143
145
80
38
-9
-56
-172
-69
-172
-223
125
48
83
47
29
-53
28
76
-73
-143
-194
-37
-4
100
210
66
119
76
23
-118
-322
-38
28
60
218
-40
0
-22
14
-31
-95
-2
-108
-20
131
60
48
107
-109
71
-45
-41
-94
-198
-37
-24
85
248
116
41
-46
-31
-71
-187
-141
-195
-64
16
166
32
47
253
135
-11
-26
-39
-209
-113
-58
-65
-70
70
15
64
87
118
-139
-42
29
-150
-72
-60
43
-85
190
-7
-113
77
-62
66
92
17
-8
118
112
-31
1
-15
-95
-69
71
-2
21
151
-18
-89
-103
-230
-237
-191
-135
-19
29
220
122
39
187
-110
-114
-10
-115
26
56
100
55
81
233
-83
88
56
-18
87
-4
77
-45
19
148
102
-81
83
-129
-88
12
47
204
35
259
130
0
60
-58
26
157
180
191
163
217
-13
-64
-13
34
7
124
161
94
211
157
86
-147
-88
-54
-115
48
-20
-11
126
124
91
147
89
61
25
0
-212
-288
-144
-209
-131
-50
-22
-25
86
-109
-198
-202
-268
-289
-309
-350
-226
-155
-131
-130
-89
-87
-199
-171
-178
-291
-251
-139
-101
-91
-126
-76
-12
-47
-101
63
-24
-40
21
-37
-110
-38
-5
-66
-1
9
49
87
109
4
-40
74
-35
-92
-118
-206
-166
-204
-216
-197
-134
-103
-55
-79
-78
20
19
25
-19
-68
-100
-20
-34
4
69
120
260
153
227
172
84
156
267
232
215
245
343
288
333
314
166
269
202
152
55
50
40
7
162
147
130
186
139
110
205
195
38
92
175
83
296
343
320
366
414
467
233
320
296
159
220
233
172
54
140
147
107
87
144
146
-39
29
40
-50
-13
33
-59
-67
-5
-59
-223
-234
-149
-155
-54
97
194
373
838
1145
1113
1266
1403
1302
1102
993
573
23
-269
-643
-1248
-1585
-1694
-2044
-2400
-2313
-2160
-2231
-2092
-1957
-1988
-2027
-1857
-1798
-1833
-1596
-1254
-1189
-958
-354
39
313
810
1134
1154
1339
1519
1316
1146
1133
924
506
243
119
-132
-287
-305
-533
-564
-282
-261
-340
-234
-186
-317
-337
-275
-326
-315
-157
55
313
765
1202
1490
1803
2092
2182
2153
2080
2004
1675
1485
1300
1016
870
716
529
302
335
232
102
-20
-197
-342
-514
-504
-582
-700
-606
-575
-586
-470
-403
-356
-318
-240
-207
-153
-48
-62
-81
-207
-292
-343
-348
-296
-295
-253
-172
-121
-190
-201
-187
-233
-302
-314
-273
-240
-205
-215
-173
-111
-7
31
35
55
243
785
1399
1843
2060
2187
2295
2201
1859
1469
724
92
-379
-1017
-1665
-2062
-2262
-2726
-3075
-2916
-2822
-2936
-2788
-2703
-2793
-2645
-2306
-2248
-2245
-1834
-1438
-1318
-815
-26
570
1145
1802
2240
2421
2729
2837
2459
2069
1707
1110
424
-33
-330
-792
-1032
-1149
-1368
-1255
-993
-949
-1038
-962
-874
-1006
-989
-802
-646
-425
118
630
1148
1994
2759
3257
3626
3999
4099
4040
3881
3466
2986
2491
1902
1326
852
423
34
-291
-440
-627
-759
-867
-1025
-1208
-1312
-1307
-1342
-1342
-1262
-1097
-866
-486
-149
125
413
645
781
882
861
830
687
421
146
-92
-349
-439
-464
-508
-560
-664
-715
-762
-780
-919
-1055
-1116
-1186
-1182
-1162
-1137
-960
-770
-704
-604
-397
-232
-175
-79
19
55
69
141
66
-15
262
974
1774
2090
2372
2768
2966
2814
2533
1961
982
318
-256
-1119
-1995
-2258
-2585
-3370
-3643
-3356
-3262
-3400
-3033
-2818
-3075
-2923
-2495
-2573
-2642
-2126
-1866
-1925
-1307
-208
509
1114
2095
2686
2883
3349
3616
3152
2562
2232
1503
595
94
-152
-587
-877
-866
-879
-706
-406
-237
-421
-457
-414
-683
-952
-1057
-1119
-1105
-800
-301
382
1240
2101
2818
3362
3913
4392
4512
4432
4161
3789
3293
2691
2114
1639
1365
988
593
409
326
140
-146
-379
-703
-1057
-1259
-1536
-1823
-1919
-1877
-1790
-1562
-1141
-732
-252
187
532
775
1009
1137
984
782
635
340
18
-263
-458
-657
-826
-830
-856
-862
-790
-786
-950
-1007
-939
-960
-1064
-1166
-1222
-1241
-1230
-1157
-1092
-921
-691
-571
-507
-402
-383
-406
-352
-299
-214
-29
554
1317
1768
2085
2382
2643
2595
2149
1619
757
-170
-792
-1525
-2397
-2899
-3046
-3524
-3918
-3626
-3254
-3210
-3064
-2730
-2802
-2814
-2378
-2244
-2482
-2319
-1903
-1767
-1467
-618
276
830
1541
2186
2486
2716
2986
2794
2206
1789
1263
560
3
-238
-443
-698
-733
-675
-586
-400
-194
-232
-478
-516
-649
-902
-1055
-1080
-1066
-872
-346
326
1043
1861
2732
3409
3981
4421
4676
4699
4520
4303
3883
3383
2868
2407
2029
1678
1378
1255
1152
937
751
557
292
-29
-375
-704
-1044
-1300
-1377
-1358
-1221
-908
-515
-147
272
683
969
1172
1262
1229
1096
872
648
354
-2
-305
-497
-595
-676
-745
-812
-820
-822
-875
-1020
-1152
-1205
-1308
-1403
-1452
-1483
-1484
-1410
-1296
-1218
-1021
-712
-538
-431
-307
-297
-252
-130
5
101
355
1046
1780
2122
2230
2400
2445
2065
1476
823
-267
-1225
-1760
-2592
-3519
-3789
-3831
-4391
-4568
-4037
-3745
-3795
-3448
-3037
-3180
-3028
-2478
-2430
-2549
-2020
-1456
-1341
-796
326
1060
1559
2350
2929
2942
2960
2993
2385
1549
979
220
-690
-1149
-1268
-1496
-1588
-1401
-1168
-951
-581
-405
-561
-633
-584
-717
-936
-854
-676
-431
-1
716
1528
2367
3316
4012
4464
4898
5272
5291
5046
4700
4247
3750
3144
2531
1983
1596
1317
985
695
527
310
-27
-401
-732
-1098
-1442
-1696
-1946
-1999
-1806
-1479
-1159
-723
-119
478
971
1393
1759
1990
2071
1945
1702
1367
1144
882
496
266
114
-68
-259
-362
-473
-619
-795
-1003
-1191
-1314
-1423
-1569
-1617
-1604
-1560
-1454
-1266
-1039
-786
-469
-204
17
187
261
284
290
288
320
426
777
1500
2143
2388
2554
2759
2561
1915
1216
254
-1001
-1962
-2727
-3752
-4633
-4788
-4942
-5392
-5255
-4613
-4359
-4174
-3601
-3255
-3295
-2869
-2274
-2396
-2338
-1655
-1296
-1148
-291
880
1529
2124
2961
3399
3402
3492
3265
2349
1504
762
-238
-1176
-1572
-1769
-2132
-2193
-1962
-1712
-1392
-1007
-853
-906
-865
-883
-1097
-1139
-928
-743
-505
94
902
1689
2672
3598
4225
4791
5302
5580
5473
5212
4932
4462
3952
3460
2908
2408
2080
1656
1147
839
542
22
-566
-986
-1454
-2035
-2405
-2643
-2860
-2676
-2247
-1858
-1337
-550
202
705
1265
1806
2070
2183
2261
2142
1932
1774
1580
1281
961
797
567
321
97
-211
-556
-896
-1153
-1404
-1627
-1734
-1795
-1827
-1801
-1616
-1383
-1193
-977
-709
-488
-390
-219
-24
56
35
8
70
138
229
406
568
1039
2009
2790
2978
2959
3055
2757
1835
956
-1
-1379
-2327
-2853
-3729
-4456
-4281
-4032
-4496
-4485
-3706
-3478
-3700
-3413
-3260
-3680
-3579
-3069
-3232
-3321
-2493
-1828
-1612
-692
799
1600
2079
2874
3232
2963
2801
2633
1693
691
242
-318
-1044
-1185
-917
-947
-998
-806
-621
-523
-374
-500
-1018
-1416
-1577
-1805
-1986
-1802
-1390
-940
-308
595
1586
2564
3498
4191
4633
4938
5145
5097
4770
4362
3920
3372
2847
2613
2469
2204
1960
1701
1334
953
563
-116
-837
-1437
-2049
-2573
-2735
-2658
-2565
-2260
-1695
-1101
-459
332
900
1251
1649
1920
1937
1885
1910
1796
1629
1563
1453
1331
1285
1125
768
456
218
-145
-553
-815
-1115
-1380
-1453
-1444
-1468
-1282
-911
-737
-604
-272
-32
42
125
206
199
198
327
315
218
259
324
332
424
513
745
1443
2069
2104
2016
2075
1743
915
274
-374
-1445
-2049
-2258
-2969
-3505
-3169
-3052
-3632
-3605
-3018
-3226
-3754
-3602
-3583
-4102
-4034
-3638
-3848
-3753
-2820
-2213
-1973
-934
482
1154
1640
2434
2708
2468
2432
2224
1427
817
588
48
-492
-481
-217
-290
-421
-357
-408
-508
-679
-1063
-1569
-1916
-2122
-2434
-2601
-2333
-1774
-1228
-640
285
1345
2270
3117
3847
4355
4624
4767
4603
4251
3979
3705
3276
2873
2699
2593
2504
2411
2135
1717
1310
725
-108
-861
-1503
-2207
-2733
-2927
-3021
-3007
-2539
-1912
-1409
-669
187
739
1095
1540
1810
1736
1738
1699
1430
1279
1267
1142
1030
1094
1019
755
554
412
149
-156
-352
-670
-974
-946
-817
-805
-662
-342
-107
64
279
442
484
588
647
519
483
547
468
361
326
196
-24
-94
-73
-198
-70
748
1477
1528
1583
1864
1747
1167
848
442
-487
-1022
-1092
-1668
-2303
-2096
-2062
-2769
-3073
-2774
-3028
-3690
-3858
-3967
-4542
-4632
-4189
-4231
-4174
-3358
-2627
-2264
-1394
14
832
1253
1941
2324
2274
2351
2415
1940
1485
1440
1090
537
512
693
434
22
-187
-493
-966
-1326
-1764
-2415
-2897
-3129
-3369
-3430
-2978
-2276
-1733
-1042
3
990
1860
2696
3335
3631
3815
3966
3807
3557
3583
3561
3350
3195
3109
3011
2894
2713
2277
1713
1177
551
-305
-1104
-1685
-2358
-2880
-2943
-2842
-2622
-2104
-1454
-963
-334
428
875
1140
1463
1561
1381
1410
1535
1342
1249
1427
1463
1444
1593
1652
1466
1388
1298
892
538
404
170
-144
-232
-146
-121
-55
121
205
280
437
506
485
500
519
441
299
173
9
-197
-400
-679
-983
-1184
-1416
-1610
-1624
-1505
-894
252
1078
1369
1778
2301
2360
1977
1799
1333
387
-99
-474
-1404
-1981
-1809
-2324
-3452
-3565
-3296
-3922
-4439
-4227
-4544
-5152
-4790
-4413
-4647
-4169
-3045
-2627
-2305
-851
578
1143
1867
2842
3181
3154
3389
3252
2561
2150
1851
1115
439
305
131
-439
-861
-1120
-1517
-1920
-2275
-2785
-3292
-3496
-3635
-3767
-3601
-3066
-2413
-1692
-768
268
1255
2197
2992
3601
4168
4646
5027
5164
5180
5187
5016
4735
4469
4205
3791
3227
2597
1871
1183
499
-382
-1308
-1956
-2471
-3018
-3191
-3051
-3009
-2836
-2358
-1798
-1209
-454
209
506
897
1412
1644
1753
1979
2122
2102
2193
2301
2239
2234
2322
2127
1774
1591
1265
711
333
30
-450
-846
-1015
-1211
-1351
-1259
-1128
-1084
-942
-665
-603
-653
-558
-553
-701
-777
-849
-1032
-1131
-1145
-1264
-1403
-1354
-1326
-1361
-1118
-653
55
1250
2413
2866
3111
3516
3483
2865
2299
1631
528
-265
-686
-1484
-2183
-2030
-2068
-2807
-3014
-2684
-3111
-3855
-3976
-4248
-5002
-5053
-4614
-4693
-4371
-3187
-2267
-1702
-404
1202
1964
2491
3232
3386
3043
2887
2557
1782
1141
821
258
-368
-507
-510
-798
-1166
-1375
-1708
-2244
-2828
-3457
-4069
-4457
-4586
-4565
-4310
-3653
-2689
-1699
-665
617
1881
2835
3591
4231
4696
4979
5260
5326
5170
5218
5248
4957
4613
4536
4258
3545
2895
2231
1316
516
-120
-983
-1658
-1758
-1943
-2265
-2020
-1540
-1340
-936
-205
217
536
1198
1641
1705
2099
2558
2518
2547
2909
2997
2910
3093
3126
2781
2505
2268
1660
1100
796
211
-572
-998
-1256
-1575
-1716
-1768
-1936
-1988
-1884
-2007
-2144
-1981
-1909
-2054
-2074
-1958
-1933
-1849
-1647
-1629
-1581
-1278
-1100
-1199
-1198
-1099
-1185
-1285
-1114
-825
-487
407
1635
2271
2558
3051
3304
2828
2133
1687
836
-232
-710
-1174
-1943
-2210
-2032
-2490
-3134
-2995
-2883
-3578
-4171
-4274
-4734
-5187
-4805
-4301
-4035
-3129
-1838
-1074
-344
1138
2423
2788
3091
3432
3215
2782
2510
2057
1407
1088
852
350
40
176
198
-286
-851
-1321
-1910
-2612
-3225
-3685
-4037
-4137
-3964
-3664
-2970
-1817
-663
239
1186
2299
3180
3732
4206
4597
4744
4825
4871
4936
5024
5083
5080
4789
4372
3988
3498
2725
1738
875
80
-817
-1608
-2056
-2343
-2591
-2562
-2385
-2112
-1662
-1132
-625
-132
546
1256
1768
2230
2718
3168
3523
3809
4005
4096
4097
3909
3566
3135
2704
2219
1567
872
278
-222
-743
-1256
-1667
-1936
-2238
-2593
-2800
-2827
-2831
-2944
-3003
-2869
-2630
-2325
-2040
-1762
-1432
-1065
-804
-702
-566
-474
-469
-630
-939
-1173
-1356
-1628
-1843
-1756
-1480
-1131
-197
1011
1607
1836
2105
2041
1231
419
-52
-1005
-1880
-1983
-2109
-2533
-2415
-1938
-2240
-2715
-2561
-2854
-3828
-4282
-4359
-5011
-5393
-4764
-4288
-4003
-3017
-1812
-1163
-388
872
1580
1814
2182
2317
1926
1654
1635
1347
1061
1123
1030
702
694
882
701
235
-135
-691
-1400
-1905
-2256
-2576
-2670
-2392
-2098
-1680
-901
34
768
1352
2018
2673
3163
3602
4099
4399
4559
4865
5166
5311
5503
5646
5491
5094
4718
4284
3584
2839
2077
1203
342
-263
-675
-1105
-1274
-1164
-1183
-1137
-740
-334
-62
368
849
1188
1645
2309
2723
2929
3288
3428
3296
3279
3232
2948
2519
2091
1511
925
455
-110
-704
-1183
-1640
-2207
-2650
-2939
-3270
-3609
-3733
-3782
-3770
-3474
-3086
-2781
-2392
-1794
-1330
-1063
-733
-539
-625
-776
-879
-1036
-1209
-1321
-1536
-1864
-2060
-2234
-2449
-2522
-2436
-2238
-1753
-696
435
1091
1481
1683
1734
1388
776
422
-34
-472
-528
-529
-647
-694
-651
-1177
-2030
-2483
-3126
-4284
-5142
-5415
-5792
-6007
-5394
-4617
-3928
-2984
-1907
-1177
-528
468
1114
1331
1625
1860
1832
1854
2179
2477
2498
2585
2560
2315
2110
1940
1440
621
-132
-956
-1740
-2243
-2507
-2708
-2781
-2597
-2339
-1965
-1342
-714
-210
233
772
1378
1975
2715
3425
3945
4453
5112
5748
6224
6570
6732
6663
6387
5911
5299
4661
3971
3155
2292
1546
935
433
106
-37
-104
-194
-168
-1
160
400
785
1122
1465
2030
2574
2924
3158
3343
3403
3368
3300
3042
2689
2420
2052
1490
984
556
-91
-902
-1611
-2280
-2947
-3504
-3903
-4213
-4363
-4319
-4182
-3903
-3477
-3014
-2651
-2371
-2126
-1985
-1978
-2101
-2273
-2396
-2491
-2590
-2682
-2645
-2623
-2744
-2853
-2910
-3057
-3289
-3400
-3356
-3206
-2777
-1705
-320
663
1364
2067
2498
2347
1947
1793
1336
659
443
163
-360
-552
-656
-1461
-2499
-2905
-3436
-4695
-5450
-5408
-5696
-5883
-5159
-4293
-3722
-2731
-1550
-1043
-537
606
1349
1461
2002
2707
2804
2855
3397
3822
3777
3783
3734
3231
2718
2322
1577
549
-296
-1018
-1833
-2518
-2842
-2993
-3161
-3191
-3071
-2843
-2476
-2016
-1496
-942
-193
744
1640
2578
3644
4596
5253
5925
6569
6925
7214
7331
7208
6830
6365
5833
5157
4519
3738
2839
2051
1317
602
79
-198
-419
-601
-576
-376
-112
281
783
1189
1520
2022
2487
2802
3131
3356
3420
3389
3359
3190
2904
2716
2391
1751
1120
587
-158
-1040
-1707
-2262
-2878
-3366
-3643
-3837
-3930
-3885
-3862
-3848
-3723
-3503
-3346
-3267
-3123
-2907
-2732
-2556
-2396
-2260
-2268
-2343
-2405
-2645
-2936
-3121
-3300
-3590
-3794
-3770
-3799
-3825
-3659
-3360
-2895
-1898
-201
1174
1801
2307
2604
2307
1453
792
412
-265
-598
-653
-1066
-1297
-1151
-1503
-2716
-3567
-4005
-5117
-6259
-6451
-6298
-6417
-5772
-4406
-3392
-2364
-1015
-87
316
1124
2103
2308
2517
3292
3803
3892
4161
4742
4964
4834
4526
3770
2805
2027
1121
-99
-1117
-1711
-2226
-2779
-2987
-2777
-2601
-2537
-2403
-2197
-1851
-1327
-709
-25
871
2000
3008
3888
5010
6204
6916
7330
7783
8047
8115
8131
8036
7631
7062
6438
5550
4638
3817
2798
1638
685
-92
-812
-1216
-1252
-1243
-1189
-918
-559
-290
135
627
774
943
1362
1736
1971
2308
2680
2819
2862
2874
2667
2335
1979
1343
539
-238
-1062
-1787
-2285
-2728
-3242
-3479
-3538
-3757
-3917
-3851
-3819
-3895
-3844
-3720
-3570
-3326
-3009
-2758
-2465
-2057
-1800
-1761
-1784
-1786
-1913
-2201
-2430
-2637
-2842
-2879
-2917
-2982
-2935
-2893
-2900
-2914
-2696
-2257
-1364
187
1335
1734
2036
2357
1994
1049
476
-26
-698
-985
-1129
-1587
-1870
-1769
-2273
-3384
-3915
-4180
-5090
-5784
-5524
-5300
-5248
-4477
-3347
-2555
-1743
-856
-566
-440
326
1058
1277
1809
2774
3408
3597
3895
4232
4147
3803
3250
2341
1415
778
303
-105
-332
-383
-445
-612
-628
-521
-681
-1048
-1344
-1454
-1360
-967
-142
1020
2290
3478
4537
5568
6618
7386
7683
7792
7798
7608
7237
7034
6987
6848
6559
5944
5254
4664
3936
2852
1717
773
-182
-919
-1244
-1441
-1506
-1246
-1020
-985
-794
-372
-129
6
408
789
967
1316
1825
2072
2010
1812
1357
706
190
-336
-960
-1480
-1842
-2219
-2505
-2675
-2855
-3057
-3347
-3640
-3967
-4249
-4398
-4368
-4148
-3831
-3383
-2859
-2383
-1993
-1691
-1561
-1599
-1644
-1688
-1790
-1951
-2083
-2114
-2240
-2376
-2446
-2515
-2591
-2633
-2599
-2534
-2425
-2253
-2110
-1918
-1406
-838
259
2064
3109
3210
3185
3194
2536
1287
581
68
-483
-501
-453
-833
-949
-674
-1297
-2659
-3404
-3969
-5223
-6040
-5627
-5305
-5204
-4274
-3079
-2359
-1602
-683
-563
-685
9
711
1027
1725
2786
3345
3524
3918
4145
3834
3441
3031
2297
1564
1133
718
263
90
25
-300
-830
-1137
-1400
-1867
-2093
-2018
-1758
-1257
-437
583
1654
2758
3664
4192
4596
5088
5379
5401
5638
6098
6499
6816
7217
7559
7489
7308
6763
5578
4345
3202
1994
852
253
-42
-371
-235
200
426
521
505
101
-465
-691
-844
-1025
-821
-329
82
564
1015
1109
1126
1118
721
146
-80
-246
-600
-713
-668
-872
-1263
-1625
-2069
-2651
-3103
-3469
-3792
-3889
-3718
-3544
-3365
-3068
-2848
-2952
-3298
-3720
-4150
-4480
-4686
-4643
-4388
-4062
-3735
-3502
-3283
-3163
-3194
-3314
-3417
-3375
-3329
-3097
-2533
-1859
-1221
-783
-456
-113
129
386
1002
2314
3232
3230
3035
2903
2415
1362
586
85
-482
-493
-391
-746
-1067
-903
-1283
-2623
-3442
-3726
-4499
-5120
-4414
-3387
-2958
-2120
-941
-254
240
828
888
577
1110
2113
2626
3369
4709
5559
5532
5507
5606
5153
4311
3512
2601
1577
936
570
70
-225
-283
-630
-1466
-2133
-2421
-2852
-3250
-3149
-2628
-2014
-1175
-30
1161
2316
3314
3865
4125
4574
5016
5186
5479
6030
6465
6583
6691
6780
6488
5890
5043
3932
2840
2020
1245
458
23
-218
-557
-727
-710
-866
-1071
-1142
-1399
-1730
-1659
-1333
-968
-381
435
993
1278
1486
1453
1295
1182
1021
635
426
463
462
474
487
362
-89
-604
-1275
-2047
-2600
-3013
-3464
-3868
-3975
-4037
-4143
-4094
-4086
-4277
-4483
-4594
-4731
-4716
-4463
-4172
-3946
-3654
-3340
-3168
-2987
-2810
-2723
-2528
-2325
-2176
-1970
-1583
-1128
-845
-613
-397
-385
-590
-912
-1094
-1056
-253
1131
1867
1943
1938
2012
1384
282
-315
-815
-1250
-1108
-768
-747
-726
-427
-795
-1598
-1849
-2027
-2749
-3074
-2232
-1564
-1365
-807
76
677
1091
1713
1915
1913
2413
3118
3656
4337
5343
5734
5189
4669
4357
3732
2834
2024
1277
536
99
-115
-418
-708
-859
-1313
-2121
-2522
-2498
-2466
-2358
-1872
-996
-162
765
1809
2730
3552
4145
4469
4689
4979
5257
5434
5699
5994
6193
6118
5912
5634
5151
4384
3331
2387
1600
817
172
-157
-327
-584
-801
-952
-1164
-1504
-1807
-2060
-2225
-2028
-1626
-1238
-745
0
600
723
712
664
380
3
-93
-57
-118
-102
-89
-234
-529
-973
-1605
-2410
-3212
-3900
-4400
-4626
-4560
-4373
-4143
-3855
-3657
-3617
-3705
-3817
-3932
-4059
-4133
-4064
-3723
-3121
-2514
-2067
-1769
-1594
-1577
-1716
-1865
-1974
-2111
-2225
-2207
-2003
-1530
-990
-505
-139
81
215
209
245
263
214
360
1288
2734
3555
3726
3645
3494
2832
1699
969
497
319
417
444
418
289
-39
-1032
-2061
-2426
-2851
-3495
-3722
-3079
-2280
-1636
-817
-128
208
272
325
306
472
1001
1588
2259
3040
3769
4004
3796
3529
2980
2142
1221
448
-214
-756
-922
-848
-664
-538
-505
-634
-805
-857
-1034
-1062
-732
-214
371
1068
2059
3012
3688
4279
4714
4935
5024
5105
5189
5325
5520
5611
5556
5401
5245
4846
4126
3332
2565
1895
1212
706
495
316
90
-147
-206
-295
-657
-1111
-1535
-1806
-1885
-1902
-1839
-1603
-1171
-719
-544
-572
-652
-870
-1136
-1367
-1579
-1699
-1797
-1864
-1995
-2171
-2411
-2823
-3308
-3720
-3947
-4063
-4107
-4085
-3997
-3881
-3889
-3956
-4073
-4125
-4136
-4198
-4098
-3850
-3433
-2947
-2499
-2145
-1896
-1722
-1689
-1666
-1566
-1434
-1187
-734
-165
393
892
1259
1513
1687
1710
1621
1526
1497
1445
1303
1362
1521
1596
1518
1467
2189
3229
3866
3690
2806
2049
1336
792
277
-163
209
842
1316
1158
513
-157
-848
-1192
-1461
-1960
-2534
-2813
-2524
-2154
-1713
-1155
-677
-425
-591
-923
-1266
-1136
-444
359
944
1271
1660
1955
2159
2202
1920
1547
1310
1238
1039
821
899
1303
1728
1860
1719
1397
1106
919
711
482
525
891
1301
1633
1857
2033
2261
2557
2786
2835
2730
2705
2887
3208
3601
3994
4298
4412
4405
4230
3808
3341
3013
2865
2696
2473
2227
1868
1555
1199
651
-20
-699
-1316
-1957
-2469
-2785
-2984
-3135
-3251
-3268
-3313
-3444
-3605
-3719
-3734
-3742
-3786
-3757
-3603
-3365
-3228
-3210
-3180
-3116
-3062
-3062
-3096
-3128
-3160
-3164
-3061
-2845
-2747
-2778
-2810
-2811
-2745
-2733
-2682
-2560
-2367
-2126
-2001
-1873
-1583
-1150
-704
-353
-26
220
330
493
564
762
1103
1319
1594
1872
2118
2171
2039
2055
1942
1654
1292
892
792
823
917
915
831
859
751
517
339
273
240
181
255
513
969
1559
2042
2254
2167
1826
1377
1041
1023
1343
1740
1957
1930
1560
851
88
-520
-971
-1319
-1437
-1282
-1059
-889
-764
-661
-599
-587
-681
-820
-761
-555
-368
-88
452
1101
1569
1959
2308
2411
2269
2046
1759
1507
1501
1619
1657
1703
1746
1622
1345
1159
1196
1229
1186
1171
1132
1045
995
1004
1047
1072
1113
1115
995
897
892
897
880
892
912
848
788
688
559
335
21
-290
-579
-792
-948
-1045
-1186
-1415
-1548
-1590
-1770
-2113
-2460
-2723
-2965
-3121
-3070
-2934
-2918
-2963
-2951
-2904
-2804
-2718
-2691
-2679
-2600
-2526
-2586
-2558
-2385
-2235
-2187
-2152
-2091
-2089
-2002
-1828
-1655
-1421
-1157
-910
-717
-413
-50
184
279
319
394
425
401
442
559
734
878
972
1062
1173
1242
1160
970
777
633
431
309
371
517
663
722
736
713
630
575
496
498
587
771
1105
1469
1808
1966
2051
2045
1936
1755
1504
1335
1253
1221
1178
1117
1047
874
657
537
485
324
88
-128
-305
-396
-348
-220
-103
35
246
450
603
720
795
894
978
931
781
724
837
961
1000
1030
1077
1093
1055
984
924
884
813
681
537
415
324
204
63
-45
-117
-173
-203
-204
-229
-279
-416
-628
-798
-863
-872
-865
-834
-832
-859
-823
-717
-650
-611
-565
-581
-667
-737
-808
-867
-857
-776
-681
-667
-705
-755
-775
-764
-837
-1019
-1177
-1222
-1231
-1278
-1287
-1231
-1163
-1147
-1203
-1295
-1374
-1366
-1304
-1184
-1042
-879
-722
-568
-374
-223
-176
-95
146
412
560
674
797
901
962
1042
1155
1213
1200
1115
1018
1007
1018
1004
947
877
830
739
704
749
777
717
575
454
320
164
81
63
88
51
-76
-181
-216
-251
-340
-408
-387
-365
-366
-321
-201
-69
24
85
131
145
78
-19
-68
-32
64
102
150
257
333
278
109
8
-74
-233
-380
-441
-342
-196
-65
62
199
361
421
407
433
612
899
1167
1410
1634
1775
1772
1688
1617
1581
1528
1470
1471
1479
1432
1285
1038
783
575
453
330
193
74
-30
-182
-418
-675
-966
-1281
-1552
-1701
-1752
-1735
-1607
-1356
-1118
-1026
-1043
-1126
-1263
-1426
-1532
-1502
-1337
-1091
-774
-458
-243
-228
-337
-498
-736
-1060
-1357
-1482
-1494
-1467
-1407
-1291
-1168
-1088
-1064
-1078
-1112
-1159
-1202
-1184
-1059
-873
-644
-345
-26
272
524
777
1025
1194
1279
1365
1471
1541
1643
1816
2013
2160
2241
2235
2161
2026
1863
1771
1738
1767
1815
1820
1804
1788
1709
1494
1229
1038
926
836
706
596
566
581
571
475
319
104
-155
-443
-665
-779
-849
-956
-1052
-1050
-1034
-1136
-1300
-1361
-1364
-1413
-1472
-1461
-1396
-1347
-1313
-1331
-1308
-1200
-1173
-1267
-1382
-1433
-1525
-1662
-1697
-1595
-1489
-1483
-1539
-1537
-1456
-1315
-1088
-786
-485
-231
-41
46
152
344
568
756
956
1142
1216
1214
1239
1378
1636
1997
2286
2396
2286
2002
1620
1206
804
428
229
298
493
564
417
118
-238
-569
-862
-1156
-1415
-1518
-1477
-1421
-1378
-1309
-1215
-1129
-1108
-1225
-1413
-1501
-1382
-1069
-625
-151
148
257
236
77
-188
-475
-605
-583
-512
-442
-380
-294
-139
-54
-133
-260
-393
-600
-829
-885
-731
-475
-182
163
435
536
597
714
851
928
1010
1166
1371
1574
1811
2111
2484
2829
3044
3100
3128
3145
3077
3012
3019
3009
2883
2701
2528
2289
1960
1645
1360
1052
735
429
126
-138
-304
-393
-472
-568
-657
-784
-937
-990
-995
-981
-925
-794
-677
-611
-554
-500
-472
-496
-536
-592
-615
-630
-703
-797
-870
-938
-1080
-1326
-1580
-1802
-2004
-2172
-2257
-2257
-2243
-2213
-2155
-2079
-1988
-1879
-1753
-1638
-1516
-1334
-1081
-789
-478
-196
38
235
407
505
494
445
369
230
80
-13
-22
-20
-99
-215
-322
-433
-570
-697
-726
-686
-632
-602
-510
-287
-5
252
505
789
987
1063
1034
942
771
543
405
433
626
808
804
601
308
-66
-486
-834
-1054
-1178
-1277
-1341
-1302
-1146
-980
-850
-725
-598
-560
-578
-485
-232
131
522
868
1065
1150
1175
1137
1049
957
944
987
1050
1116
1179
1231
1284
1324
1315
1237
1152
1106
1035
960
986
1136
1321
1486
1620
1715
1775
1816
1809
1757
1735
1717
1650
1570
1543
1553
1508
1396
1251
1088
905
732
583
422
242
49
-126
-254
-368
-543
-736
-872
-992
-1103
-1137
-1047
-892
-740
-668
-684
-737
-798
-885
-996
-1044
-1073
-1119
-1162
-1171
-1182
-1220
-1255
-1294
-1347
-1376
-1330
-1258
-1204
-1145
-1099
-1087
-1061
-990
-921
-890
-868
-838
-786
-691
-533
-375
-257
-184
-197
-261
-341
-389
-448
-508
-513
-472
-426
-387
-378
-420
-510
-628
-781
-973
-1126
-1173
-1110
-997
-896
-779
-646
-501
-397
-311
-202
-103
-129
-258
-346
-298
-156
-2
164
314
409
460
521
638
785
875
880
831
794
753
698
670
738
850
898
843
754
637
492
391
365
364
321
278
289
333
349
314
305
336
372
372
411
531
688
842
973
1137
1272
1356
1402
1438
1467
1468
1481
1500
1528
1541
1523
1496
1483
1490
1487
1464
1466
1441
1374
1258
1105
953
817
674
487
332
249
183
94
4
-64
-115
-173
-231
-309
-407
-485
-528
-538
-519
-501
-513
-539
-571
-621
-676
-713
-772
-855
-925
-993
-1089
-1177
-1207
-1229
-1267
-1284
-1289
-1315
-1373
-1421
-1456
-1458
-1414
-1340
-1258
-1186
-1110
-1083
-1082
-1075
-1041
-1018
-1020
-990
-921
-834
-769
-698
-627
-547
-500
-499
-525
-549
-588
-671
-721
-740
-729
-720
-726
-724
-735
-785
-834
-858
-858
-847
-830
-803
-734
-619
-478
-332
-189
-52
46
129
214
323
411
497
564
594
596
569
545
498
479
457
434
387
330
328
345
394
453
485
472
430
386
345
303
252
247
342
509
677
820
964
1083
1144
1132
1107
1053
1018
1063
1199
1379
1549
1679
1734
1683
1572
1465
1317
1146
1016
950
927
930
950
969
988
1027
1060
1077
1106
1136
1151
1182
1263
1351
1395
1380
1362
1319
1258
1216
1192
1127
1001
837
638
409
185
-18
-227
-422
-600
-733
-836
-916
-1012
-1126
-1217
-1264
-1294
-1338
-1366
-1338
-1241
-1165
-1124
-1075
-1009
-963
-958
-952
-927
-891
-907
-973
-1041
-1084
-1113
-1184
-1276
-1386
-1480
-1571
-1658
-1763
-1831
-1867
-1890
-1899
-1877
-1771
-1633
-1491
-1384
-1290
-1182
-1067
-1002
-965
-896
-792
-687
-592
-440
-220
-14
94
149
185
183
113
29
-13
-30
-46
-49
58
232
363
388
359
324
276
186
66
5
21
57
92
177
304
378
368
327
290
246
195
190
231
277
304
322
355
409
453
452
401
340
330
358
406
475
605
743
855
980
1104
1187
1227
1262
1280
1270
1265
1297
1372
1460
1495
1494
1483
1482
1430
1356
1289
1228
1151
1071
995
934
911
893
853
801
743
715
715
739
772
798
843
886
912
895
839
748
652
566
469
377
320
266
184
104
24
-90
-221
-348
-473
-607
-725
-813
-870
-891
-909
-892
-850
-763
-660
-556
-489
-484
-516
-591
-692
-787
-863
-934
-990
-1064
-1154
-1218
-1243
-1288
-1372
-1450
-1503
-1545
-1554
-1524
-1500
-1460
-1425
-1406
-1406
-1364
-1266
-1181
-1126
-1045
-906
-781
-656
-513
-369
-271
-209
-235
-296
-341
-354
-370
-393
-396
-407
-456
-515
-543
-526
-508
-507
-490
-448
-381
-330
-286
-231
-166
-125
-78
44
216
376
528
667
767
799
789
772
732
677
590
483
402
362
349
356
385
393
343
254
188
132
94
87
90
88
136
230
328
447
601
740
866
1006
1127
1221
1318
1403
1488
1580
1648
1677
1706
1754
1751
1697
1603
1482
1335
1183
1022
884
789
707
634
561
502
425
346
288
247
220
184
150
105
80
84
126
153
133
94
60
38
7
-8
-29
-62
-106
-164
-245
-333
-409
-455
-486
-533
-578
-605
-646
-705
-747
-770
-777
-777
-776
-810
-861
-895
-917
-935
-947
-947
-976
-1002
-1000
-980
-966
-947
-912
-870
-840
-815
-783
-724
-671
-626
-601
-612
-646
-686
-712
-696
-633
-558
-498
-456
-413
-390
-414
-460
-490
-496
-522
-525
-472
-410
-372
-351
-329
-310
-296
-310
-323
-334
-352
-339
-310
-232
-133
4
128
233
310
342
342
331
326
318
309
312
319
345
373
391
408
399
366
298
227
172
154
141
141
181
240
289
363
426
476
501
515
523
533
567
609
663
691
736
796
832
835
818
795
771
734
708
680
665
641
622
619
635
651
640
644
660
682
689
677
673
664
647
624
633
642
623
599
576
569
540
493
424
354
289
229
144
86
84
59
-17
-128
-210
-279
-355
-428
-470
-501
-539
-566
-574
-581
-603
-645
-704
-758
-774
-773
-760
-725
-673
-620
-596
-626
-702
-767
-820
-892
-920
-857
-751
-655
-549
-443
-400
-418
-466
-503
-528
-514
-467
-371
-250
-121
-30
35
78
70
32
-33
-98
-163
-214
-272
-307
-326
-331
-344
-387
-417
-439
-455
-491
-521
-506
-465
-443
-394
-309
-208
-93
18
91
144
240
334
380
422
489
544
555
570
596
586
547
511
471
404
342
283
215
152
101
66
67
76
87
95
101
111
108
119
133
132
131
163
208
223
245
276
316
369
414
422
439
500
564
583
561
519
464
405
343
321
325
321
282
246
247
230
199
192
198
196
212
234
243
269
296
297
279
270
262
230
215
222
227
250
282
306
297
250
198
148
90
43
3
-35
-81
-120
-147
-156
-128
-105
-106
-132
-166
-226
-315
-385
-420
-434
-444
-435
-403
-387
-396
-427
-463
-499
-549
-590
-603
-595
-575
-533
-484
-464
-452
-449
-466
-488
-491
-484
-482
-463
-399
-320
-262
-221
-202
-214
-264
-307
-334
-340
-333
-306
-269
-221
-174
-161
-168
-174
-169
-168
-168
-148
-110
-53
22
102
197
288
348
390
416
414
373
308
253
226
236
249
267
295
323
311
275
213
121
36
-36
-65
-50
-19
0
14
22
1
-46
-108
-152
-168
-160
-150
-102
-12
70
137
206
261
294
312
315
313
312
323
359
409
453
498
543
538
463
373
320
271
219
195
186
163
139
113
80
54
28
-4
-33
-50
-50
-24
27
95
161
206
228
234
239
222
172
129
109
101
59
35
47
59
34
-8
-38
-104
-178
-234
-285
-329
-339
-314
-304
-279
-235
-195
-175
-169
-142
-132
-124
-104
-90
-64
-48
-53
-84
-116
-150
-185
-217
-222
-209
-195
-197
-205
-212
-224
-247
-274
-290
-310
-313
-296
-280
-267
-241
-205
-170
-141
-92
-47
-5
34
56
62
44
18
-24
-42
-32
8
62
116
139
140
131
113
71
30
-14
-46
-57
-52
-25
21
70
85
105
139
166
168
162
156
138
121
112
118
145
144
139
132
134
101
49
-8
-69
-124
-176
-205
-225
-218
-200
-168
-126
-76
-35
-18
-23
-21
-32
-47
-29
12
67
123
186
263
330
355
330
291
257
227
186
151
138
121
107
86
71
53
24
-5
-40
-65
-76
-65
-15
58
127
162
182
170
136
105
63
39
2
10
17
21
17
-20
-64
-120
-176
-240
-266
-291
-300
-316
-312
-309
-300
-271
-238
-186
-164
-126
-98
-81
-48
-7
38
81
130
188
259
304
335
341
329
284
227
187
149
124
99
95
87
70
43
1
-36
-79
-118
-145
-143
-118
-102
-72
-28
6
25
36
38
31
35
43
60
82
103
120
132
128
110
85
51
29
12
-16
-44
-52
-64
-80
-65
-29
-8
13
33
58
82
102
106
90
86
79
78
71
68
56
31
2
-29
-56
-86
-108
-131
-157
-159
-158
-160
-174
-190
-206
-223
-222
-214
-207
-182
-156
-143
-123
-99
-81
-72
-72
-80
-105
-124
-135
-134
-128
-124
-130
-137
-136
-133
-121
-100
-87
-80
-75
-59
-52
-52
-49
-50
-32
-11
9
26
50
77
102
145
178
198
210
220
223
227
241
242
223
195
158
108
46
-7
-55
-100
-132
-157
-154
-146
-148
-136
-109
-84
-63
-40
-17
-16
-16
3
31
60
96
153
205
249
288
312
323
306
288
272
260
254
249
251
240
232
227
209
181
142
107
59
13
-23
-58
-88
-105
-114
-122
-135
-146
-149
-142
-126
-105
-83
-73
-57
-38
-26
-17
-7
-1
-3
-3
1
19
53
70
83
78
62
40
12
-6
-34
-65
-96
-116
-125
-127
-121
-117
-106
-101
-110
-128
-142
-137
-129
-122
-100
-82
-48
-13
15
34
46
59
59
47
35
29
10
-13
-36
-50
-63
-76
-90
-101
-115
-128
-131
-122
-110
-110
-111
-114
-110
-102
-93
-82
-65
-53
-54
-62
-64
-66
-64
-60
-62
-58
-41
-31
-37
-51
-62
-64
-63
-51
-32
-12
16
42
66
101
115
107
93
81
70
53
39
32
29
26
24
22
24
24
27
26
23
26
28
30
38
61
80
95
115
130
141
146
142
133
136
143
153
160
168
167
173
173
178
179
178
177
168
163
144
111
69
32
-4
-41
-70
-83
-94
-98
-108
-121
-127
-144
-162
-172
-174
-172
-161
-150
-126
-95
-62
-29
-8
5
7
16
30
48
56
68
86
86
71
54
30
-2
-37
-65
-83
-92
-91
-92
-95
-100
-102
-106
-114
-120
-115
-94
-78
-61
-31
-1
35
65
96
112
118
108
98
89
90
96
101
108
104
97
88
70
43
14
-8
-21
-31
-34
-40
-42
-48
-61
-75
-87
-90
-93
-96
-98
-89
-73
-59
-40
-14
3
16
27
25
14
-8
-22
-26
-25
-18
-8
-8
-13
-13
-30
-57
-80
-102
-116
-128
-116
-118
-119
-109
-98
-87
-76
-67
-61
-49
-27
-7
16
49
71
86
101
118
129
126
120
114
115
119
133
150
163
168
159
149
144
131
127
124
119
114
114
108
104
96
83
72
61
54
39
26
22
11
-5
-19
-37
-61
-96
-129
-156
-174
-176
-170
-148
-120
-98
-77
-56
-37
-18
-6
5
2
2
11
26
44
65
87
89
85
82
65
33
12
-5
-26
-52
-76
-89
-105
-117
-116
-106
-97
-87
-79
-76
-66
-60
-54
-50
-48
-44
-33
-14
9
24
35
42
38
31
17
10
5
5
12
19
32
41
47
43
32
21
16
11
8
9
9
8
5
-2
-2
-1
-3
-5
-6
-9
-10
-6
1
5
11
19
22
29
32
34
28
21
20
18
11
1
-4
-9
-5
-8
-12
-14
-19
-25
-38
-50
-54
-57
-66
-61
-53
-50
-54
-64
-67
-62
-53
-36
-26
-10
14
32
48
57
70
80
86
95
107
106
102
95
89
82
74
68
54
47
43
32
23
20
6
-7
-14
-20
-26
-34
-30
-41
-50
-53
-57
-56
-49
-52
-58
-49
-45
-39
-31
-24
-18
-15
-5
2
8
15
28
39
45
48
43
42
37
32
34
32
37
47
59
65
65
76
74
68
56
39
16
-4
-21
-27
-31
-32
-34
-46
-59
-70
-89
-105
-113
-118
-113
-109
-96
-75
-58
-47
-39
-26
-17
-15
-6
14
27
37
50
54
48
40
30
26
14
-3
-13
-22
-23
-25
-25
-24
-24
-20
-19
-17
-21
-21
-24
-19
-16
-17
-11
0
19
30
41
45
42
36
28
22
23
24
32
48
57
63
58
45
27
8
-3
-12
-16
-16
-11
-10
-12
-8
-13
-17
-20
-25
-26
-20
-7
2
24
38
48
58
63
60
48
32
18
4
1
8
13
16
10
0
-10
-21
-28
-34
-45
-49
-46
-39
-33
-28
-28
-26
-24
-23
-16
-15
-16
-16
-19
-19
-20
-23
-16
-3
6
9
12
14
18
23
29
40
47
53
47
46
43
42
44
37
37
34
27
19
16
15
12
7
1
-2
-13
-21
-31
-38
-47
-46
-48
-49
-49
-39
-31
-21
-20
-19
-9
-2
3
12
17
18
20
21
23
19
23
23
22
23
18
13
8
3
-5
-13
-15
-21
-29
-37
-44
-53
-56
-56
-48
-40
-37
-35
-41
-43
-43
-42
-38
-27
-23
-24
-13
-8
-1
9
22
35
42
53
56
56
54
50
43
30
26
27
22
13
5
-3
-6
-11
-13
-13
-21
-33
-35
-34
-33
-28
-27
-17
-8
0
6
11
21
29
32
34
34
35
38
42
47
57
60
54
49
38
22
7
-1
-3
0
2
5
5
0
-3
-5
-6
-10
-5
2
5
9
14
19
17
11
5
-6
-15
-22
-29
-26
-23
-14
-14
-14
-11
-11
-17
-28
-29
-26
-31
-33
-37
-37
-32
-26
-15
-4
8
10
13
10
7
1
-1
-1
-1
5
9
8
8
11
11
6
2
-10
-21
-27
-33
-29
-18
-4
2
10
22
27
27
27
29
22
16
13
15
13
10
13
13
4
5
10
11
7
-4
-11
-18
-21
-19
-14
-11
-8
-5
-2
0
-4
-5
-13
-18
-21
-22
-24
-20
-21
-21
-21
-20
-15
-20
-25
-27
-25
-27
-25
-25
-26
-21
-12
-4
0
7
6
5
7
16
24
28
33
32
40
47
49
55
59
59
49
43
34
30
21
12
11
7
3
0
2
1
-2
-5
-12
-20
-20
-20
-21
-17
-10
-17
-16
-1
5
8
14
10
3
6
14
15
22
30
34
35
24
16
12
7
-2
-8
-7
-8
-4
-1
-1
-7
-11
-13
-19
-29
-37
-37
-35
-27
-24
-21
-19
-15
-8
-4
-7
-14
-21
-22
-22
-20
-16
-13
-8
-11
-20
-24
-25
-17
-10
-5
2
4
7
14
16
15
11
4
3
-1
-6
-7
-5
-4
3
5
18
25
22
24
21
21
21
21
22
8
2
5
6
13
16
17
12
9
5
5
-1
-8
-13
-14
-22
-26
-26
-24
-25
-23
-15
-9
-3
-1
1
3
2
0
5
7
9
2
-3
-5
-8
-8
-4
1
1
0
-2
3
11
16
13
9
8
9
9
12
12
15
15
13
12
5
0
1
1
3
1
-2
-2
-3
-3
-6
-4
-3
-7
-9
-5
-2
2
3
5
7
8
10
10
11
7
4
-1
0
-7
-7
-7
-5
-7
-4
-1
-1
1
0
4
9
13
12
12
10
9
4
7
8
5
0
2
7
1
4
10
10
6
7
7
4
6
4
-3
-7
-8
-16
-20
-25
-21
-18
-14
-14
-13
-8
-8
-14
-21
-19
-17
-17
-17
-20
-16
-12
-9
-12
-15
-19
-25
-27
-25
-19
-15
-5
5
9
9
9
7
3
2
3
8
14
23
24
25
23
19
16
14
12
10
9
8
3
-3
-7
-9
-5
-10
-13
-13
-9
-4
-7
-10
-1
6
12
11
7
9
5
8
10
8
8
16
23
30
34
32
31
30
31
26
25
24
20
7
-1
-6
-6
-2
-6
-6
-11
-14
-13
-11
-14
-15
-18
-20
-20
-21
-13
-16
-18
-13
-6
-7
-8
-9
-6
-4
-10
-6
-4
-5
-7
