18
17
16
16
15
15
14
13
12
11
10
9
8
7
6
4
1
-1
-2
-3
-3
-5
-8
-10
-11
-14
-16
-18
-19
-20
-20
-21
-21
-20
-20
-19
-18
-18
-16
-14
-13
-12
-9
-7
-4
-3
-2
0
2
4
5
7
9
10
11
13
15
14
15
16
16
17
17
18
18
18
18
18
16
15
15
14
13
12
11
10
9
6
4
4
2
1
-1
-2
-4
-6
-7
-8
-10
-12
-12
-13
-14
-15
-15
-15
-17
-18
-19
-20
-22
-23
-23
-25
-25
-24
-24
-23
-23
-22
-20
-17
-16
-13
-11
-11
-8
-6
-4
-2
0
3
5
7
8
9
12
14
16
16
16
18
18
19
19
19
19
19
18
19
18
19
19
19
19
19
20
19
18
17
17
15
14
13
12
10
9
8
7
7
6
5
3
3
1
0
-2
-3
-4
-5
-8
-10
-11
-13
-13
-14
-15
-15
-16
-16
-15
-15
-15
-15
-13
-12
-12
-11
-9
-7
-6
-7
-6
-5
-5
-5
-5
-5
-7
-6
-6
-7
-5
-6
-6
-7
-7
-7
-7
-6
-4
-3
-2
-3
-2
-2
-1
0
1
0
1
1
2
3
3
3
4
3
2
2
2
2
2
2
0
0
0
-2
-2
-1
0
0
2
3
4
5
5
7
8
8
9
10
10
10
11
10
10
8
8
6
5
3
3
3
1
3
1
1
-1
-2
-3
-5
-5
-5
-6
-6
-8
-7
-8
-7
-8
-8
-9
-9
-8
-7
-7
-5
-4
-3
-2
0
2
3
3
4
6
5
7
7
7
7
4
6
6
7
8
10
11
11
13
14
14
15
15
16
17
18
20
19
18
19
18
17
17
15
12
9
7
3
2
1
-1
-5
-6
-7
-8
-9
-11
-13
-14
-16
-16
-17
-18
-18
-20
-21
-22
-22
-23
-22
-24
-25
-26
-28
-29
-30
-31
-31
-29
-28
-28
-26
-24
-22
-20
-19
-16
-15
-13
-13
-11
-8
-5
-2
-1
1
4
7
9
11
12
15
17
18
19
20
20
22
23
26
28
30
30
30
30
30
30
28
26
25
24
23
22
22
21
22
19
17
17
16
14
11
9
7
2
1
-2
-5
-9
-8
-10
-11
-11
-12
-14
-14
-15
-16
-17
-17
-17
-17
-17
-19
-18
-17
-17
-15
-13
-10
-8
-6
-5
-3
-1
0
1
2
2
4
4
4
6
4
4
4
5
5
5
5
6
5
5
5
6
6
7
7
8
8
8
7
5
3
2
-1
-2
-4
-6
-8
-8
-8
-10
-11
-11
-10
-10
-12
-12
-12
-13
-15
-14
-15
-16
-16
-15
-15
-14
-13
-13
-11
-10
-10
-7
-7
-4
-4
-1
0
2
6
6
7
8
11
11
13
13
13
13
15
15
16
16
17
18
20
20
20
19
19
20
21
21
21
19
19
17
17
15
12
11
9
8
6
5
4
1
-1
-4
-6
-9
-11
-14
-16
-18
-17
-19
-20
-21
-20
-20
-18
-18
-19
-17
-16
-17
-17
-17
-16
-15
-15
-14
-15
-12
-12
-10
-7
-7
-5
-3
0
2
3
6
6
7
7
6
8
7
7
6
7
8
9
9
8
9
10
10
12
11
10
11
10
10
8
8
7
4
3
1
-1
-1
-2
-4
-4
-5
-5
-7
-8
-8
-8
-9
-9
-9
-9
-10
-10
-10
-10
-11
-11
-10
-10
-9
-8
-6
-4
-2
-2
1
2
3
5
6
7
9
9
10
12
12
13
14
14
14
15
16
17
18
20
21
22
23
22
23
21
20
19
17
16
13
13
10
9
7
6
5
4
1
0
-2
-5
-6
-9
-11
-13
-15
-16
-18
-20
-22
-22
-24
-24
-25
-26
-26
-24
-24
-23
-24
-23
-22
-22
-20
-20
-18
-17
-15
-15
-14
-12
-11
-10
-7
-5
-3
-1
1
2
4
5
6
7
9
8
10
11
13
14
14
14
16
16
16
16
17
17
17
15
15
13
14
13
12
12
10
9
7
6
5
5
4
3
2
1
-1
-3
-5
-6
-7
-7
-7
-7
-8
-8
-9
-8
-7
-7
-7
-5
-6
-5
-5
-5
-3
-3
-1
0
2
3
5
6
7
7
8
9
9
10
11
11
10
11
11
10
9
9
10
8
7
6
5
5
4
2
0
-1
-2
-4
-6
-5
-6
-6
-6
-7
-8
-9
-10
-10
-10
-11
-11
-11
-11
-12
-12
-12
-13
-14
-15
-15
-14
-14
-15
-14
-13
-11
-10
-8
-7
-7
-8
-7
-6
-4
-3
-3
-1
2
3
3
4
4
5
5
6
7
9
9
9
11
12
12
12
14
14
14
15
16
17
17
18
18
18
16
16
15
14
14
14
12
12
10
9
7
6
5
3
3
1
2
0
-2
-4
-5
-6
-6
-5
-7
-7
-9
-10
-12
-12
-13
-15
-14
-14
-14
-14
-15
-16
-16
-15
-13
-13
-13
-12
-12
-11
-11
-9
-8
-7
-7
-7
-5
-4
-4
-2
-3
-1
0
0
2
2
2
3
3
4
3
3
2
1
3
2
1
1
2
1
2
2
1
1
1
1
2
1
2
2
3
3
3
2
2
2
0
1
1
1
0
0
1
1
0
2
3
2
3
4
3
4
4
6
5
6
7
8
9
9
9
10
12
12
11
12
14
15
16
16
16
15
14
14
12
13
12
11
12
10
10
8
7
6
4
3
2
1
0
0
0
-2
-3
-5
-6
-7
-8
-9
-10
-11
-9
-11
-11
-13
-13
-15
-15
-16
-16
-16
-18
-18
-19
-17
-17
-17
-17
-15
-14
-13
-12
-10
-9
-9
-9
-7
-7
-7
-6
-7
-6
-6
-7
-7
-7
-5
-5
-4
-4
-3
-2
-2
-3
-3
-3
-2
-3
-2
-2
-3
-3
-3
-3
-3
-3
-1
-2
0
1
2
2
2
3
5
4
5
5
5
7
9
9
9
8
9
10
11
11
13
12
12
14
15
14
14
13
12
12
14
13
13
13
13
12
13
15
15
15
14
16
15
15
14
14
13
12
12
11
10
8
7
8
6
6
6
6
5
4
2
1
-2
-3
-4
-6
-7
-9
-10
-12
-13
-15
-18
-20
-22
-24
-25
-25
-25
-25
-25
-23
-24
-24
-24
-25
-24
-24
-22
-21
-21
-19
-17
-16
-15
-14
-11
-9
-8
-5
-3
-2
0
1
3
5
5
7
9
10
11
13
14
15
17
15
17
17
17
18
18
18
18
18
18
17
17
18
16
15
13
11
9
8
7
6
4
3
2
2
1
-1
-3
-3
-5
-7
-10
-10
-12
-12
-12
-12
-13
-14
-14
-14
-14
-12
-12
-11
-11
-10
-9
-8
-8
-5
-4
-2
-1
1
2
3
5
7
9
10
12
13
14
15
17
18
18
21
21
21
21
21
21
21
19
18
16
14
13
11
9
8
7
5
4
1
-2
-5
-6
-6
-9
-12
-13
-16
-16
-19
-20
-19
-20
-21
-21
-22
-23
-25
-26
-27
-28
-28
-28
-29
-27
-26
-27
-25
-24
-23
-22
-21
-20
-18
-16
-15
-12
-9
-8
-6
-4
-3
0
3
5
7
8
10
12
14
16
17
18
19
20
23
23
24
25
26
28
27
28
29
27
27
27
26
25
23
24
24
23
22
21
21
19
17
17
16
15
14
13
12
11
10
8
6
4
2
0
-1
-3
-4
-6
-8
-9
-10
-10
-11
-12
-12
-13
-14
-15
-14
-16
-16
-17
-17
-18
-18
-18
-18
-17
-17
-16
-16
-15
-15
-14
-15
-15
-14
-14
-14
-14
-13
-13
-13
-11
-10
-10
-11
-10
-9
-9
-8
-6
-5
-4
-4
-2
-1
-1
0
1
1
1
2
3
4
5
5
5
5
6
6
6
7
7
7
7
7
9
9
9
8
7
10
9
10
11
10
11
10
10
10
9
9
9
7
7
7
7
7
8
7
6
4
2
0
-1
0
-1
-1
-1
-2
-1
-1
1
0
0
-1
-1
-1
0
-1
0
-1
-2
-1
-1
0
0
0
1
1
0
1
2
2
2
3
3
4
4
5
5
3
4
5
5
5
6
7
6
6
6
4
5
6
5
4
5
3
2
1
1
1
0
-2
-2
-4
-5
-7
-8
-11
-12
-14
-14
-15
-15
-15
-17
-16
-18
-18
-19
-19
-21
-22
-22
-23
-21
-21
-21
-19
-17
-15
-14
-14
-13
-11
-9
-7
-5
-3
0
2
2
5
5
8
10
11
13
15
16
17
18
19
19
19
19
20
21
21
19
19
20
21
21
20
19
18
17
14
14
13
12
12
10
10
10
9
7
7
4
2
2
-2
-2
-4
-3
-3
-5
-5
-6
-7
-6
-6
-6
-7
-9
-9
-8
-8
-6
-6
-6
-8
-8
-6
-6
-7
-6
-6
-5
-6
-6
-5
-5
-4
-5
-6
-5
-5
-3
-3
-3
-3
-4
-4
-4
-5
-5
-4
-4
-5
-6
-7
-7
-8
-8
-9
-11
-11
-11
-10
-9
-10
-10
-10
-11
-10
-10
-10
-10
-10
-10
-10
-10
-9
-10
-8
-6
-4
-3
-2
-1
2
5
5
7
8
10
10
11
13
14
15
16
17
17
19
20
20
20
21
22
25
25
26
25
25
26
25
26
25
24
23
21
20
19
16
17
15
15
11
10
10
8
5
2
1
-1
-3
-5
-8
-10
-12
-14
-15
-18
-18
-18
-18
-18
-19
-20
-22
-22
-23
-24
-25
-26
-27
-27
-27
-27
-26
-24
-23
-21
-21
-20
-18
-15
-12
-10
-10
-6
-4
-3
-2
-1
-1
-1
0
2
2
3
6
7
7
7
7
6
6
7
8
8
8
10
8
7
6
4
3
2
-1
-3
-3
-3
-4
-5
-5
-4
-4
-2
-2
-3
-4
-3
-3
-4
-4
-4
-3
-4
-5
-3
-3
-2
-1
2
3
4
6
6
7
9
9
11
12
13
15
17
17
19
19
21
20
20
20
20
19
21
19
19
19
18
17
16
15
14
12
11
10
8
6
4
3
2
3
2
-1
-1
-4
-5
-5
-7
-7
-7
-8
-9
-10
-12
-13
-13
-15
-16
-14
-14
-14
-12
-11
-11
-11
-11
-11
-11
-9
-9
-8
-8
-7
-9
-8
-7
-7
-6
-5
-4
-2
-1
-1
0
-1
0
1
2
3
4
4
2
3
3
2
2
2
2
3
2
-1
-2
-3
-3
-4
-3
-3
-5
-6
-9
-12
-13
-15
-17
-15
-15
-16
-16
-18
-17
-18
-18
-17
-17
-17
-19
-19
-18
-18
-16
-14
-14
-11
-11
-10
-8
-6
-3
-2
2
6
8
13
15
16
18
19
23
25
25
29
31
33
35
35
36
37
36
36
35
36
37
36
34
32
29
25
22
21
17
14
12
9
5
2
0
-1
-4
-7
-9
-14
-16
-18
-21
-23
-24
-24
-24
-23
-22
-21
-21
-23
-22
-21
-22
-21
-22
-21
-20
-20
-19
-18
-17
-16
-14
-11
-9
-5
-3
0
3
5
7
11
12
15
17
18
19
19
21
20
21
23
23
22
24
22
23
23
21
21
19
19
18
15
14
10
7
5
3
2
2
0
-1
-5
-8
-9
-13
-16
-19
-20
-22
-24
-26
-28
-30
-29
-30
-31
-34
-35
-34
-35
-34
-32
-32
-30
-28
-27
-25
-23
-19
-17
-12
-10
-8
-5
0
3
5
9
10
12
13
13
16
16
18
20
21
22
25
26
25
24
26
25
26
25
23
23
21
20
18
17
14
14
13
12
10
7
6
3
1
-2
-3
-6
-7
-9
-11
-14
-14
-13
-15
-13
-11
-12
-14
-15
-15
-16
-17
-15
-16
-16
-11
-10
-6
-6
-4
-1
-1
1
5
9
11
10
10
10
10
13
16
19
21
21
19
14
12
13
14
14
18
19
20
14
10
7
6
6
11
11
12
10
5
1
-4
-4
-4
-1
4
5
4
1
-4
-7
-8
-7
-4
-4
-5
-11
-14
-21
-26
-27
-30
-29
-29
-29
-26
-27
-28
-29
-27
-24
-19
-16
-12
-11
-9
-8
-8
-8
-10
-7
-5
-1
2
2
3
3
4
5
7
9
10
13
14
14
13
12
11
13
15
16
15
15
15
16
17
15
16
19
20
19
20
19
17
18
20
20
19
15
14
9
5
4
2
1
1
0
3
1
1
0
-1
-3
-6
-9
-15
-18
-21
-21
-23
-23
-21
-18
-15
-12
-9
-8
-7
-9
-10
-14
-19
-19
-22
-20
-19
-18
-17
-17
-16
-13
-10
-6
-5
-6
-11
-16
-19
-21
-18
-15
-10
-4
0
0
-1
-4
-3
-2
4
8
11
12
10
10
7
9
11
15
21
25
27
25
20
15
9
8
12
18
27
34
37
37
32
31
29
30
34
36
40
36
28
21
11
6
5
9
15
16
16
12
0
-8
-18
-24
-26
-29
-31
-34
-37
-40
-45
-47
-45
-42
-36
-28
-24
-21
-25
-30
-34
-38
-39
-34
-29
-25
-22
-23
-27
-30
-31
-27
-22
-17
-13
-12
-15
-20
-26
-28
-25
-21
-11
-5
2
7
10
14
22
28
37
48
59
68
73
75
73
69
69
76
84
93
104
106
104
92
83
76
73
82
92
100
100
85
72
57
46
49
52
58
59
47
33
5
-17
-30
-37
-38
-41
-43
-49
-65
-82
-102
-124
-141
-159
-177
-198
-221
-237
-251
-258
-262
-268
-277
-282
-282
-276
-269
-260
-252
-243
-235
-228
-221
-215
-195
-158
-115
-63
-15
28
63
86
106
123
143
173
208
243
274
291
302
312
325
347
372
401
424
436
434
418
395
374
356
348
349
353
358
360
353
341
320
297
274
251
231
210
185
147
98
45
-8
-51
-80
-101
-125
-160
-209
-272
-346
-415
-472
-513
-540
-556
-576
-606
-643
-681
-707
-718
-715
-700
-680
-663
-653
-646
-635
-609
-557
-477
-379
-270
-167
-80
-15
35
81
128
188
262
334
389
426
446
461
493
554
630
701
747
755
732
694
660
631
619
616
609
586
549
509
471
452
454
456
442
405
354
294
233
186
142
99
57
21
-9
-45
-86
-134
-197
-267
-345
-425
-504
-577
-642
-702
-758
-814
-866
-907
-933
-942
-941
-934
-932
-942
-951
-955
-952
-931
-880
-792
-673
-535
-388
-253
-129
-28
53
126
202
303
424
550
644
680
661
635
649
723
829
945
1035
1070
1044
968
866
770
725
734
745
728
679
603
520
463
443
434
426
413
384
340
297
257
207
144
82
32
-4
-29
-43
-54
-89
-151
-231
-332
-448
-549
-619
-677
-741
-808
-889
-982
-1053
-1078
-1071
-1059
-1048
-1039
-1050
-1065
-1078
-1091
-1099
-1066
-968
-822
-653
-476
-312
-175
-41
93
213
310
434
605
777
888
902
841
777
778
841
926
1008
1078
1119
1109
1031
899
780
714
692
661
606
533
451
394
364
346
330
330
332
321
309
307
302
277
229
164
94
33
-8
-29
-48
-87
-138
-210
-314
-433
-538
-627
-720
-806
-895
-1004
-1106
-1171
-1199
-1205
-1192
-1185
-1199
-1218
-1226
-1226
-1220
-1206
-1156
-1067
-945
-788
-614
-439
-278
-86
142
324
448
572
731
885
987
1032
994
920
915
963
1001
1011
1036
1094
1126
1099
1033
953
886
828
771
687
563
463
415
392
361
346
356
344
306
290
300
314
314
308
280
208
130
79
28
-33
-87
-132
-200
-279
-354
-434
-534
-642
-741
-855
-986
-1110
-1198
-1238
-1249
-1257
-1273
-1307
-1356
-1395
-1388
-1351
-1316
-1272
-1196
-1079
-931
-762
-584
-394
-153
113
326
458
560
715
905
1045
1103
1104
1077
1049
1048
1062
1031
1019
1094
1169
1158
1110
1085
1049
978
904
802
648
517
462
445
394
352
371
365
314
282
305
323
307
319
332
285
211
154
118
47
-30
-79
-148
-227
-291
-344
-426
-547
-676
-821
-983
-1136
-1276
-1387
-1451
-1507
-1562
-1614
-1648
-1684
-1704
-1654
-1584
-1534
-1467
-1321
-1127
-945
-734
-485
-230
20
282
507
642
779
977
1152
1228
1243
1231
1184
1165
1191
1151
1052
1021
1044
998
939
960
966
948
967
943
773
563
470
427
394
402
454
518
525
484
416
361
337
386
508
549
511
493
462
322
134
-28
-171
-201
-212
-388
-559
-610
-657
-902
-1190
-1380
-1482
-1564
-1761
-1930
-1947
-1912
-2013
-2115
-2150
-2139
-2034
-1926
-1937
-1742
-1252
-763
-408
87
692
1121
1595
1927
1910
1868
2094
2155
1759
1415
1326
1060
703
423
175
-68
-216
-264
-518
-593
-413
-205
8
324
739
889
1034
1309
1491
1649
1927
2319
2371
2126
1977
1758
1279
641
329
240
-91
-437
-589
-646
-867
-1058
-985
-907
-914
-1029
-977
-877
-969
-999
-870
-813
-934
-1003
-1048
-1276
-1383
-1446
-1539
-1547
-1552
-1770
-2039
-1874
-1870
-1916
-1690
-1237
-968
-816
-226
287
622
1117
2107
2810
2636
2350
2297
1780
666
52
32
-144
-151
214
30
-561
-701
-879
-1574
-1543
-597
115
867
2123
2850
2594
2596
2687
2103
1667
2135
2658
2498
2248
1843
994
-234
-1335
-1915
-2019
-1776
-1432
-958
-605
-580
-749
-778
-641
-445
-138
373
866
886
544
89
-311
-817
-1321
-1495
-1518
-1572
-1810
-2037
-2146
-2530
-2843
-2755
-2320
-1930
-1751
-1372
-1000
-711
-369
182
955
1582
2279
3115
3384
2832
2166
1792
780
-457
-718
-712
-811
-421
1
-474
-883
-685
-1153
-1632
-828
199
854
2112
3375
3383
3006
2936
2285
1461
1392
1599
1859
2106
1791
998
127
-989
-2124
-2325
-1920
-1604
-838
90
345
243
236
161
65
190
379
653
901
589
-52
-562
-1193
-1872
-2170
-2145
-2133
-2056
-1945
-2034
-2231
-2371
-2482
-2380
-1930
-1598
-1371
-923
-366
-143
-24
486
1198
1725
2491
3090
2728
2143
1746
737
-831
-1320
-1173
-1235
-584
266
168
-122
137
-442
-1463
-925
56
567
1845
3453
3752
3249
3141
2436
1160
724
978
1297
1590
1768
1428
582
-530
-1718
-2199
-1988
-1613
-873
178
880
903
711
441
42
-199
-210
80
434
327
-50
-406
-1024
-1878
-2441
-2411
-2266
-2126
-1797
-1647
-1670
-1936
-2272
-2321
-2133
-1899
-1694
-1232
-640
-261
45
373
714
1115
1550
2431
2796
2273
1953
1916
1024
-779
-1298
-1099
-1276
-666
177
203
195
524
-156
-1172
-710
-81
274
1737
3283
3539
3391
3592
3023
1635
938
992
1130
1238
1354
1473
1012
-130
-1125
-1617
-1825
-1802
-1182
-149
569
803
661
433
174
-291
-498
-254
-26
-130
-322
-392
-911
-1683
-2124
-2339
-2293
-2182
-2036
-1829
-1710
-1884
-2354
-2435
-2178
-2081
-1864
-1391
-780
-470
-238
381
900
1242
1482
2320
2809
2090
1830
2076
1256
-638
-1211
-982
-1409
-926
142
319
301
687
115
-1051
-744
-55
209
1584
3269
3706
3612
3888
3250
1589
751
841
1240
1384
1535
1664
1039
-144
-1327
-1746
-1768
-1570
-767
99
742
872
525
287
82
-318
-640
-324
51
-136
-330
-564
-1084
-1837
-2412
-2434
-2260
-2088
-2055
-1923
-1784
-2100
-2557
-2607
-2204
-2087
-1925
-1357
-707
-300
-29
615
942
902
1094
1897
2468
2222
2425
2584
1325
-597
-1376
-1432
-1672
-937
200
490
894
1081
52
-861
-532
-331
-303
1373
3192
3653
4126
4554
3544
1649
747
607
504
828
1315
1617
1522
582
-671
-1253
-1336
-1564
-1275
-43
869
1055
986
873
322
-700
-1234
-961
-546
-592
-659
-517
-944
-2041
-2601
-2576
-2566
-2519
-2260
-1732
-1484
-1883
-2396
-2491
-2317
-2193
-1944
-1140
-787
-760
-527
-19
346
353
849
1366
2120
2171
1893
2379
2410
915
-899
-914
-778
-1194
-122
1217
1091
995
1187
276
-796
-418
9
337
1945
3462
3862
4183
4252
2761
962
451
506
631
1296
1911
1962
1533
280
-946
-1291
-1425
-1703
-979
565
992
860
966
351
-741
-1567
-1690
-1239
-869
-527
-390
-604
-1367
-2490
-2902
-2974
-2986
-2602
-1997
-1496
-1505
-1865
-2320
-2524
-2470
-2358
-1650
-886
-484
-8
174
385
534
735
908
1354
2387
2328
2171
2606
1957
-76
-1241
-952
-1118
-808
711
1432
1148
1184
953
-198
-795
-125
309
1022
2950
4296
4401
4306
3821
2140
652
603
869
1134
1611
1730
1442
813
-367
-1348
-1603
-1738
-1840
-910
265
495
609
347
-307
-1079
-1671
-1600
-1218
-933
-967
-770
-828
-1754
-2565
-2955
-3303
-3272
-2824
-2204
-1776
-1700
-1901
-2367
-2608
-2522
-2314
-1719
-941
-397
107
498
939
811
649
842
1305
2121
2615
3187
3252
2213
412
-868
-1014
-814
-32
1140
1801
2095
1873
1051
276
-60
-140
38
1396
3178
4035
4486
4534
3434
1523
484
657
881
1219
1604
1589
1213
341
-770
-1398
-1492
-1703
-1630
-544
356
313
124
-18
-604
-1464
-1718
-1395
-1057
-1081
-1222
-1297
-1809
-2700
-3282
-3316
-3234
-3113
-2814
-2286
-2005
-2365
-2573
-2378
-2089
-1884
-1668
-971
-749
-642
79
985
1481
1385
1494
1769
2163
2016
2149
2995
2820
1204
-179
-381
-539
-277
807
1376
1638
2034
1486
480
334
302
-151
647
2504
3384
3734
4395
4205
2328
611
499
1023
1674
1899
1882
1719
505
-1196
-1909
-1615
-1763
-1781
-502
419
132
-213
-521
-1083
-1764
-2168
-1909
-1193
-756
-930
-1122
-1699
-2742
-3545
-3785
-3397
-3049
-2827
-2403
-2113
-2234
-2678
-2844
-2343
-1951
-1701
-1215
-628
-43
279
968
1886
1964
1681
1699
2543
2441
1782
2679
3064
1661
-60
-64
102
-153
1010
1741
1516
1954
1989
868
141
640
671
600
2277
3569
3489
3801
4297
3090
904
376
859
910
758
811
948
716
-107
-1091
-1215
-1413
-2041
-1652
-730
-376
-372
-205
-206
-1058
-1885
-2143
-1969
-1502
-1621
-1528
-1346
-1895
-2644
-3308
-3471
-3416
-3214
-2642
-2163
-1891
-2083
-2294
-2060
-1888
-1833
-1964
-1568
-740
-106
942
2150
2742
2367
1854
2488
2360
1684
2416
2920
1965
413
233
365
158
1105
1613
1299
1569
1714
900
6
378
540
346
1792
3306
3559
3471
3792
2966
902
571
1267
1404
1505
1499
1019
200
-662
-1561
-1793
-1183
-1019
-893
-174
-55
-675
-1147
-1202
-1594
-1954
-1696
-1271
-1016
-1309
-1537
-1913
-2686
-3227
-3297
-2902
-2663
-2607
-2526
-2537
-2706
-2844
-2532
-2182
-1772
-1384
-1478
-1592
-1113
64
1031
1904
2953
3133
2966
3161
2778
2299
2199
1907
367
-681
-10
504
1091
1860
1828
1316
1067
600
-88
-23
621
1075
1834
2978
3792
4073
3955
3250
1786
931
1476
2091
1897
1379
798
-185
-1113
-1407
-1293
-935
-395
-178
-261
-332
-620
-1094
-1592
-1681
-1737
-1767
-1197
-923
-1276
-1940
-2417
-2782
-3420
-3662
-3292
-2827
-2657
-2694
-2533
-2590
-3052
-3265
-2946
-2473
-2141
-1535
-966
-695
-73
710
1487
2331
2988
3411
3563
3883
3518
2097
780
-623
-1395
-740
747
2018
2390
2553
2091
417
-937
-858
-125
569
1828
3201
3738
4114
4245
3502
2258
1360
1461
2216
2859
2765
2016
950
-571
-1849
-2055
-1460
-564
161
545
550
108
-577
-1453
-1902
-1860
-1659
-1204
-778
-529
-1182
-2163
-2780
-3447
-3682
-3489
-2914
-2344
-2362
-2615
-2812
-2948
-3430
-3661
-2821
-2111
-1716
-1272
-1283
-1534
-1303
-78
1069
2223
3254
3554
4012
3382
2200
1737
1344
215
-863
-279
767
1739
2664
2145
1208
784
13
-577
38
1322
1852
2389
3193
3291
3104
3312
3554
2559
1517
1931
2594
2340
1836
1370
326
-748
-1474
-1778
-1236
-270
21
128
277
-250
-1099
-1632
-1715
-1788
-1645
-1335
-1274
-1486
-2094
-2545
-2916
-3634
-3860
-3457
-2814
-2330
-2470
-2673
-3073
-3592
-3598
-3280
-2475
-1712
-1476
-2013
-2056
-1039
-282
1246
3084
3798
4004
4434
3497
1723
1706
1789
192
-776
-180
316
1204
2420
1890
541
692
605
-444
-23
1645
2456
2579
3012
3062
2989
3601
3941
3263
2475
2632
2906
2732
2056
817
-158
-1087
-1950
-1989
-1018
-111
-22
73
-106
-629
-783
-949
-1085
-972
-966
-1106
-1189
-1475
-2090
-2272
-2550
-3164
-3224
-3146
-3104
-3065
-3263
-3585
-3716
-3483
-3226
-2784
-2213
-2088
-2365
-2591
-2321
-1185
439
2035
3332
4145
4342
4205
3060
1337
992
1414
947
-249
-312
175
402
972
635
-170
542
1372
636
88
1297
2416
2588
2896
3003
3025
3641
4436
3898
2523
2245
2508
1864
940
604
42
-765
-1318
-1798
-1768
-899
-297
-267
-136
107
27
-394
-509
-670
-839
-914
-1130
-1396
-2001
-2430
-2533
-3069
-3645
-3573
-3246
-3132
-3353
-3429
-3353
-3385
-3165
-2962
-2668
-2250
-1968
-1847
-1854
-1136
313
1774
2996
3720
4125
4187
3238
2253
1805
1226
3
-801
-591
-43
1015
1525
783
253
700
404
-266
714
2234
2807
3080
3113
2627
2704
3666
3983
3179
2940
3302
3014
2009
953
11
-905
-1368
-1459
-1233
-743
-349
-462
-720
-622
-319
99
262
272
175
-382
-1084
-1558
-1897
-2349
-2666
-2708
-3008
-3542
-3577
-3490
-3537
-3648
-3625
-3488
-3553
-3372
-3043
-2491
-2208
-2078
-1997
-1953
-1170
207
1969
3474
4187
4248
3944
3185
2352
1507
557
-515
-842
-92
788
1183
852
392
-74
-547
-575
447
2150
3388
3473
2733
2067
2403
3402
4076
4370
4088
3511
2965
2169
1080
343
130
-414
-891
-829
-810
-1050
-1127
-1312
-1390
-521
390
711
985
941
120
-896
-1357
-1443
-1762
-2099
-2347
-2749
-3426
-4035
-4073
-3878
-3650
-3354
-3206
-3440
-3716
-3657
-2993
-2485
-2344
-2359
-2430
-1804
-574
1113
2642
3894
4195
3952
3418
2379
2004
1926
932
-741
-927
-264
322
968
701
-92
180
519
-75
560
2379
3207
2914
2718
2542
2907
3980
4585
4245
3504
3091
2675
1933
1242
928
234
-688
-1088
-1202
-1231
-797
-609
-1179
-1016
-296
-143
-183
146
306
67
-431
-940
-1109
-1628
-2435
-2774
-3116
-4005
-4350
-3588
-3228
-3465
-3521
-3723
-4005
-3851
-3113
-2440
-2524
-2550
-2721
-2922
-1803
383
2205
3118
3895
3871
3468
2421
1688
1927
2243
1308
-597
-1161
-1143
-446
451
108
-244
948
1563
620
566
1856
2756
2996
3317
3637
4055
4627
4741
3982
2988
2990
3278
2492
1584
908
-348
-1443
-1496
-1289
-1018
-310
-236
-968
-893
-268
37
334
679
694
141
-513
-1066
-1188
-1446
-1968
-2273
-2886
-3795
-4242
-3998
-3784
-3786
-3768
-3738
-3746
-3592
-3310
-3115
-3103
-3092
-2977
-2186
-501
1120
2015
2693
3076
3479
3260
2212
2116
2549
1843
-293
-1429
-1586
-1193
-143
-250
-1178
-319
1286
815
181
1195
2476
3078
3380
3250
3387
4362
5088
4743
3889
3315
3103
2828
2056
1180
211
-781
-1453
-1633
-1509
-1050
-477
-547
-535
-179
120
377
769
1169
954
413
-363
-834
-891
-1417
-2048
-2320
-2774
-3635
-4028
-3908
-3950
-4148
-3939
-3760
-3683
-3387
-3171
-3161
-3364
-3339
-2679
-1421
242
1456
1894
2011
2718
3450
2854
2643
2993
2285
297
-1191
-1491
-1196
-307
-170
-1348
-1611
-287
318
249
1175
2418
2947
3191
3005
2816
3754
5094
5248
4662
4255
3929
3373
2466
1672
966
352
-185
-752
-1324
-1564
-1264
-1020
-791
-60
447
450
850
1202
1075
645
344
-50
-587
-1070
-1720
-2234
-2700
-3100
-3395
-3716
-4062
-4201
-4223
-4287
-3967
-3508
-3421
-3361
-3369
-3819
-3787
-2490
-1008
17
1055
1867
2083
2841
3028
2200
2448
3020
1684
-485
-1089
-1033
-844
-592
-1367
-2389
-1422
-92
-257
-60
1287
2441
2677
2643
2656
3305
4662
5525
5215
4651
4473
4312
3792
3135
2363
1147
213
-324
-885
-1258
-1122
-1120
-1301
-775
-131
-10
448
1329
1517
1067
590
68
-196
-119
-427
-1200
-2019
-2739
-3120
-3155
-3343
-3801
-4085
-4153
-4102
-3864
-3800
-3949
-3865
-3753
-3753
-3112
-1843
-754
-180
549
1420
2302
2906
2901
2929
2867
1855
50
-791
-362
277
-46
-1510
-2820
-2430
-1207
-744
-172
949
1734
1770
1557
1755
3108
5048
5798
5097
4466
4807
5222
5053
4394
3387
2170
1125
280
-677
-1065
-786
-803
-1341
-1348
-919
-778
-185
777
1178
977
668
415
117
-148
-307
-660
-1271
-1949
-2547
-2934
-3313
-3609
-3941
-4311
-4378
-4123
-3985
-4078
-4245
-4424
-4406
-3642
-2439
-1593
-1138
-469
669
1760
2401
2424
2802
3301
2628
811
-397
-54
911
855
-894
-2854
-2828
-1425
-896
-778
5
973
1332
1015
773
1902
4250
5742
5215
4281
4192
4956
5821
5760
4829
3542
2241
1230
605
-51
-534
-714
-986
-1515
-1449
-997
-809
-97
803
821
350
437
814
758
462
7
-825
-1504
-1706
-1842
-2205
-2816
-3411
-3966
-4351
-4341
-4190
-3971
-4046
-4355
-4563
-4309
-3384
-2046
-1229
-945
-335
994
2127
2235
2423
2860
2563
1467
688
304
469
621
-682
-2807
-3105
-1861
-1242
-1058
-661
-329
-90
279
455
1452
3536
4987
4662
3736
3794
4903
6084
6521
5632
3990
2847
2284
1843
1021
237
-488
-1480
-1902
-1664
-1529
-1189
-404
148
88
-75
147
564
1190
1336
456
-531
-1124
-1276
-1212
-1384
-1967
-2957
-3697
-4030
-4133
-4022
-3968
-4088
-4271
-4349
-4023
-3452
-2631
-1826
-1445
-953
-5
1264
1807
2113
2360
1772
1119
1302
1497
1168
565
-765
-2428
-2611
-1512
-1064
-864
-449
-503
-882
-708
110
1464
3136
3941
3202
2476
3123
4747
5982
6174
5494
4207
3222
3037
3031
2405
1499
522
-772
-1711
-1583
-1072
-703
-376
-318
-536
-558
-107
612
1239
1267
491
-405
-782
-572
-235
-587
-1494
-2482
-3045
-3176
-3225
-3262
-3500
-3909
-4401
-4796
-4442
-3455
-2612
-2097
-1914
-1629
-901
310
1105
1614
2286
2004
752
431
1423
2070
1323
-446
-2299
-2623
-1353
-843
-1296
-1191
-578
-669
-1114
-860
462
2220
3128
2402
1407
1921
3868
5547
5791
5142
4124
3406
3528
3977
3680
2616
1523
260
-1018
-1006
-414
-388
-404
-441
-816
-971
-245
690
1037
847
105
-719
-748
-311
4
-254
-1261
-2311
-2929
-2960
-2637
-2588
-2802
-3582
-4603
-4848
-4311
-3255
-2289
-2102
-2280
-2140
-1209
150
877
1434
1791
1398
479
112
1024
1865
1354
-272
-2222
-2610
-1408
-847
-1205
-1497
-1249
-1015
-936
-399
631
1866
2574
2061
1488
2042
3546
5056
5490
4873
3864
3240
3528
4125
4049
3020
1667
570
-231
-239
-4
-168
-291
-398
-672
-885
-383
684
1155
1033
310
-619
-623
-205
158
-70
-1038
-1857
-2450
-2600
-2333
-2393
-2620
-3126
-3900
-4357
-4133
-3013
-2259
-2519
-2750
-2511
-1522
40
631
388
634
1003
481
-153
484
1440
1269
5
-1931
-2732
-1327
-140
-677
-1556
-1557
-1134
-824
-272
588
1517
2206
1829
1167
1682
3116
4428
4768
4248
3491
3094
3482
4018
3938
3180
1939
942
366
389
671
277
-230
-515
-627
-476
-223
481
1024
766
356
-223
-390
-75
93
-47
-1032
-1830
-2005
-2287
-2062
-2021
-2688
-3336
-3985
-4053
-3536
-2800
-2352
-3024
-3366
-2727
-1758
-247
509
474
677
631
129
-77
964
2145
1474
-318
-2020
-2363
-921
-37
-667
-1489
-1644
-1446
-1303
-662
664
1700
1846
1049
563
1583
3334
4529
4491
3755
3287
3262
3775
4465
4358
3318
1931
1067
742
764
1092
643
-325
-733
-790
-587
-198
415
798
307
-157
-397
-431
110
423
46
-1030
-2014
-2141
-2036
-1640
-1621
-2523
-3388
-3933
-3948
-3347
-2681
-2423
-2831
-3000
-2645
-1918
-421
272
158
523
704
214
-52
747
1515
1038
-50
-1724
-2608
-1256
-140
-817
-1751
-1785
-1381
-973
-292
459
1090
1685
1489
959
1596
3076
4107
4386
3980
3164
2900
3559
4289
4204
3249
1952
961
725
939
874
426
-160
-549
-559
-415
-128
303
603
461
25
-227
-215
29
256
-56
-830
-1484
-1683
-1639
-1592
-1764
-2305
-2777
-3129
-3415
-3083
-2483
-2218
-2380
-2586
-2293
-1303
69
260
-476
-38
803
637
164
235
762
877
96
-1614
-2583
-1240
19
-797
-1993
-2152
-1435
-548
1
285
678
1302
1368
1037
1589
2871
3691
3705
3238
2769
2777
3389
3917
3646
2763
1788
1140
889
900
840
312
-306
-538
-549
-298
104
407
475
86
-145
-48
-45
4
-95
-378
-789
-1314
-1525
-1602
-1524
-1433
-2083
-2879
-3193
-2980
-2442
-2329
-2551
-2730
-2548
-1827
-1062
-300
-31
-96
341
409
-135
-70
750
1228
574
-555
-1498
-1597
-660
-424
-1289
-1730
-1498
-1285
-1168
-599
369
1012
1137
733
544
1577
3070
3657
3391
2981
2744
2822
3373
3884
3676
2966
2138
1252
780
1003
1112
526
-266
-715
-766
-466
86
562
481
82
-60
-68
-61
128
294
-128
-978
-1411
-1374
-1300
-1228
-1424
-1977
-2469
-2717
-2620
-2270
-1996
-2109
-2360
-2301
-1705
-530
300
182
85
370
138
-152
365
1015
709
-213
-1221
-1769
-1129
-368
-830
-1640
-1682
-1510
-1651
-1483
-513
532
961
585
137
759
2228
3264
3312
2963
2750
2647
2888
3478
3725
3327
2481
1629
1036
938
1200
933
107
-528
-917
-1008
-614
62
498
207
-158
-151
-148
-46
215
126
-495
-1170
-1372
-1260
-1102
-988
-1306
-1954
-2421
-2369
-1958
-1645
-1578
-1617
-1724
-1723
-1142
-262
171
358
626
283
-385
-223
539
677
-76
-1193
-2018
-1782
-970
-956
-1504
-1510
-1329
-1505
-1668
-1178
-118
784
784
168
196
1321
2606
3097
2968
2757
2617
2561
2838
3267
3295
2778
1995
1204
868
1220
1404
812
38
-489
-864
-813
-246
245
190
-114
-270
-209
84
533
576
-99
-900
-1198
-1032
-818
-797
-1073
-1606
-2000
-1874
-1496
-1282
-1281
-1261
-1313
-1508
-1148
-199
350
273
100
-152
-282
209
839
519
-422
-1191
-1761
-1846
-1331
-1005
-1311
-1694
-1874
-1892
-1439
-501
141
163
-74
-194
140
1081
2179
2662
2521
2270
2107
2246
2884
3376
3070
2270
1579
1146
1111
1511
1632
925
0
-456
-497
-195
271
297
-265
-747
-677
-263
151
494
459
-149
-757
-878
-652
-464
-614
-1042
-1608
-1960
-1531
-757
-548
-875
-1146
-1158
-860
-148
499
487
159
-90
-466
-539
195
827
373
-668
-1560
-2018
-1768
-1109
-982
-1535
-2067
-2327
-2238
-1462
-313
191
-76
-459
-512
61
1167
2014
2103
1786
1552
1605
2081
2945
3376
2755
1779
1237
1067
1226
1632
1619
802
-154
-503
-372
-15
413
317
-417
-966
-867
-408
33
284
147
-422
-896
-748
-233
60
-115
-670
-1354
-1687
-1140
-221
-62
-614
-938
-872
-504
299
813
573
316
176
-405
-682
163
961
376
-921
-1864
-2018
-1286
-584
-946
-1711
-1939
-2030
-2129
-1524
-348
273
-28
-699
-903
-34
1506
2283
1827
1184
1025
1217
1871
2833
3162
2490
1599
1099
1030
1491
2022
1707
652
-166
-363
-177
263
661
375
-570
-1227
-1075
-528
-34
164
-240
-1066
-1455
-947
-132
156
-258
-1010
-1493
-1158
-290
214
24
-363
-574
-666
-314
643
1357
1165
333
-526
-713
131
1149
978
-295
-1442
-1901
-1657
-908
-405
-731
-1553
-2285
-2535
-1925
-623
279
38
-775
-1222
-831
286
1495
1962
1506
778
462
808
1813
2799
2705
1608
714
658
1108
1716
1967
1293
163
-401
-339
-45
342
545
123
-730
-1254
-1108
-588
-146
-123
-658
-1344
-1449
-771
-25
103
-397
-1023
-1208
-667
224
649
325
-206
-407
-169
515
1322
1548
978
278
-51
69
647
1188
841
-287
-1306
-1762
-1498
-641
-143
-755
-1838
-2413
-2205
-1362
-368
30
-304
-820
-1068
-681
493
1641
1763
1039
337
202
826
1890
2394
1863
969
361
194
601
1333
1542
821
-153
-598
-437
43
450
406
-147
-723
-888
-708
-404
-151
-248
-797
-1336
-1317
-862
-491
-351
-518
-932
-1086
-537
287
674
553
276
126
516
1333
1771
1657
1376
1008
602
591
1020
1307
970
1
-1234
-1752
-1125
-436
-637
-1318
-1825
-2046
-1896
-1357
-739
-352
-331
-752
-1129
-578
763
1671
1609
1038
508
428
1003
1791
1986
1453
690
97
-68
367
933
844
73
-568
-692
-542
-190
224
92
-591
-1027
-947
-680
-421
-324
-660
-1161
-1244
-960
-746
-659
-689
-901
-1044
-740
-92
395
553
533
484
614
1182
1867
2093
1812
1352
892
732
1129
1546
1280
486
-386
-1103
-1181
-641
-396
-860
-1471
-1877
-2021
-1651
-899
-392
-343
-544
-840
-793
-9
982
1364
1113
692
457
677
1289
1676
1443
849
260
-117
-57
374
554
127
-450
-718
-725
-542
-216
-61
-343
-774
-935
-811
-583
-446
-601
-981
-1187
-1062
-831
-644
-574
-766
-1066
-956
-285
407
629
448
330
679
1439
2062
2193
2036
1840
1533
1180
1173
1514
1588
997
38
-709
-767
-282
-49
-485
-1149
-1576
-1722
-1551
-1030
-524
-420
-688
-1005
-869
-55
856
1178
944
593
459
747
1308
1606
1402
940
419
16
38
389
461
-36
-687
-1030
-978
-639
-334
-417
-862
-1215
-1222
-1045
-837
-717
-874
-1250
-1485
-1398
-1131
-828
-620
-815
-1226
-1137
-405
375
751
681
425
529
1249
1965
2204
2259
2154
1648
1154
1248
1638
1657
1052
-5
-871
-853
-272
-62
-395
-820
-1216
-1549
-1499
-959
-330
-105
-439
-940
-887
-91
791
1171
1083
821
657
812
1252
1579
1445
910
293
-56
37
343
376
-49
-624
-988
-1068
-881
-558
-488
-844
-1259
-1375
-1188
-907
-778
-922
-1196
-1309
-1244
-1114
-867
-653
-791
-1054
-912
-347
254
615
636
493
716
1427
1966
2059
2061
1960
1609
1405
1589
1804
1725
1224
257
-614
-614
-57
102
-289
-789
-1189
-1329
-1072
-608
-221
-77
-336
-777
-688
88
845
1063
870
591
517
806
1252
1453
1272
818
258
-141
-132
99
67
-379
-910
-1180
-1151
-932
-743
-861
-1221
-1476
-1498
-1370
-1192
-1085
-1155
-1319
-1389
-1350
-1199
-918
-754
-943
-1151
-899
-310
158
321
293
378
896
1649
2017
1915
1794
1738
1610
1627
1864
1914
1551
960
336
-21
117
391
246
-253
-735
-1032
-990
-586
-207
-172
-359
-556
-544
-111
519
843
786
626
557
695
1065
1390
1362
1023
606
309
276
423
410
43
-509
-947
-1123
-1030
-803
-755
-1011
-1339
-1528
-1532
-1380
-1213
-1224
-1423
-1593
-1612
-1507
-1261
-946
-808
-925
-972
-638
-79
338
476
451
604
1199
1892
2102
1875
1700
1704
1710
1664
1592
1432
1121
638
88
-157
99
382
139
-462
-888
-886
-569
-258
-231
-413
-531
-522
-350
116
671
858
632
421
526
921
1313
1341
959
510
251
164
196
284
209
-219
-790
-1132
-1108
-882
-771
-992
-1428
-1731
-1746
-1631
-1519
-1421
-1418
-1558
-1741
-1786
-1601
-1293
-1063
-1038
-1029
-730
-186
269
452
518
738
1211
1692
1864
1761
1723
1869
1950
1807
1589
1456
1317
997
480
110
211
542
537
97
-302
-313
-88
52
31
-36
-52
-50
-65
-11
220
526
635
519
486
695
949
1045
967
759
502
292
162
115
120
7
-311
-651
-826
-839
-804
-823
-960
-1185
-1420
-1623
-1760
-1755
-1615
-1489
-1511
-1674
-1797
-1684
-1333
-978
-860
-895
-774
-357
141
456
612
877
1317
1631
1600
1453
1519
1703
1658
1325
1027
1003
1064
810
288
13
187
380
204
-113
-138
91
170
-38
-183
23
317
278
-27
-150
118
496
621
491
399
503
652
660
569
536
525
351
10
-264
-320
-271
-317
-537
-837
-1043
-1077
-1011
-951
-964
-1142
-1483
-1745
-1705
-1448
-1260
-1326
-1582
-1752
-1622
-1291
-992
-715
-392
-144
-37
68
362
915
1523
1777
1619
1497
1661
1817
1705
1468
1313
1223
1032
632
272
311
611
665
342
48
79
282
334
206
170
350
483
315
45
39
324
581
576
392
285
369
503
533
462
371
254
43
-215
-383
-397
-392
-500
-716
-949
-1113
-1146
-1069
-981
-991
-1164
-1442
-1602
-1482
-1226
-1132
-1264
-1437
-1476
-1388
-1254
-1056
-729
-339
-107
-111
-79
296
937
1389
1384
1199
1225
1414
1448
1255
1094
1150
1192
860
271
8
303
687
641
244
-24
109
419
525
410
362
462
486
334
202
282
499
617
537
402
392
489
529
440
280
135
20
-112
-287
-476
-635
-749
-840
-917
-984
-1046
-1097
-1103
-1046
-968
-966
-1053
-1120
-1074
-958
-888
-909
-959
-965
-908
-846
-784
-620
-336
-101
-59
-80
91
491
872
993
947
997
1161
1193
1006
839
912
1073
1009
673
407
496
763
851
707
603
690
805
749
584
561
718
788
588
299
205
327
458
434
305
241
290
326
251
124
20
-91
-266
-491
-705
-844
-907
-976
-1092
-1190
-1194
-1147
-1109
-1083
-1066
-1067
-1055
-999
-907
-810
-756
-782
-847
-849
-756
-667
-622
-562
-466
-370
-307
-259
-187
-39
117
156
134
202
356
428
380
327
390
557
704
745
753
871
1064
1197
1235
1264
1344
1419
1413
1310
1172
1063
955
797
621
492
404
321
243
199
199
220
227
194
150
121
92
14
-111
-256
-410
-581
-745
-875
-960
-1011
-1061
-1097
-1091
-1042
-993
-979
-974
-935
-853
-759
-695
-670
-668
-674
-692
-699
-646
-538
-444
-408
-393
-343
-232
-108
-25
7
44
112
176
216
260
332
427
550
696
863
1046
1242
1416
1555
1670
1759
1781
1726
1617
1447
1222
974
730
505
313
151
-12
-165
-263
-284
-239
-154
-71
-32
-29
-31
-30
-47
-99
-213
-381
-551
-681
-778
-882
-1018
-1173
-1310
-1398
-1443
-1474
-1489
-1468
-1416
-1363
-1320
-1266
-1166
-1037
-934
-863
-772
-609
-394
-196
-62
25
110
209
297
365
430
470
456
406
386
439
558
696
818
934
1084
1285
1493
1666
1792
1864
1883
1858
1789
1653
1457
1215
937
643
374
170
15
-109
-210
-291
-341
-331
-268
-180
-102
-59
-66
-110
-149
-169
-216
-332
-491
-648
-779
-889
-994
-1104
-1222
-1337
-1450
-1558
-1616
-1599
-1546
-1508
-1478
-1420
-1320
-1186
-1027
-846
-636
-402
-167
60
286
512
680
770
813
848
864
841
771
669
580
543
570
646
764
905
1053
1198
1348
1502
1643
1749
1797
1765
1654
1493
1300
1082
843
582
312
72
-115
-261
-381
-469
-520
-533
-520
-492
-460
-428
-408
-428
-482
-549
-600
-634
-667
-728
-831
-956
-1075
-1172
-1257
-1359
-1483
-1605
-1694
-1740
-1752
-1737
-1702
-1652
-1579
-1458
-1261
-986
-665
-353
-66
208
488
761
990
1153
1252
1293
1282
1235
1167
1087
1008
946
916
930
993
1099
1219
1330
1425
1521
1626
1720
1756
1705
1585
1420
1231
1029
814
585
364
169
-7
-168
-299
-392
-456
-500
-532
-562
-589
-600
-605
-628
-673
-724
-781
-835
-877
-921
-990
-1094
-1206
-1311
-1404
-1475
-1533
-1596
-1665
-1725
-1760
-1767
-1738
-1676
-1582
-1447
-1254
-1002
-701
-367
-22
304
593
840
1058
1267
1445
1543
1546
1484
1402
1339
1315
1315
1308
1291
1281
1300
1342
1401
1459
1499
1517
1512
1472
1400
1302
1173
1010
821
635
475
338
206
63
-89
-221
-317
-391
-468
-550
-640
-724
-799
-860
-914
-960
-998
-1020
-1032
-1052
-1081
-1128
-1194
-1280
-1362
-1430
-1489
-1545
-1605
-1665
-1728
-1773
-1783
-1756
-1699
-1596
-1444
-1240
-988
-681
-340
3
336
648
927
1163
1368
1538
1650
1694
1676
1630
1591
1586
1598
1605
1597
1579
1562
1555
1561
1570
1568
1535
1460
1349
1230
1118
999
873
739
613
499
395
283
160
34
-92
-215
-344
-461
-569
-676
-785
-898
-1010
-1105
-1168
-1211
-1238
-1256
-1274
-1303
-1342
-1386
-1430
-1476
-1527
-1581
-1638
-1692
-1741
-1790
-1827
-1841
-1821
-1756
-1638
-1471
-1256
-996
-694
-371
-44
272
568
840
1096
1324
1486
1583
1637
1675
1715
1760
1798
1815
1822
1835
1845
1839
1817
1774
1713
1647
1568
1459
1321
1174
1024
884
765
673
595
525
459
379
281
176
71
-44
-174
-320
-479
-641
-795
-944
-1077
-1188
-1268
-1325
-1368
-1405
-1440
-1472
-1507
-1543
-1574
-1595
-1609
-1631
-1675
-1734
-1799
-1856
-1892
-1891
-1847
-1755
-1613
-1428
-1196
-920
-606
-276
61
395
706
985
1242
1460
1627
1742
1818
1877
1938
2013
2074
2104
2108
2103
2083
2052
2009
1944
1852
1737
1595
1431
1260
1095
937
793
670
571
489
413
333
239
143
47
-52
-160
-283
-423
-583
-755
-931
-1099
-1241
-1357
-1449
-1529
-1596
-1653
-1702
-1744
-1771
-1786
-1798
-1810
-1825
-1843
-1863
-1897
-1933
-1959
-1953
-1905
-1820
-1698
-1533
-1327
-1082
-803
-504
-197
110
402
675
932
1166
1364
1520
1644
1763
1886
2005
2104
2176
2230
2275
2301
2301
2273
2215
2129
2014
1868
1686
1482
1276
1081
906
759
641
543
459
379
299
224
157
93
24
-56
-159
-293
-451
-624
-795
-958
-1108
-1249
-1383
-1508
-1625
-1735
-1839
-1927
-1987
-2018
-2030
-2031
-2030
-2034
-2041
-2047
-2032
-1988
-1904
-1785
-1639
-1461
-1258
-1027
-776
-512
-238
39
306
560
803
1033
1238
1407
1545
1671
1801
1939
2064
2160
2222
2258
2273
2266
2242
2192
2118
2018
1895
1744
1577
1404
1232
1073
937
830
746
674
596
506
409
316
234
157
71
-39
-179
-342
-522
-705
-876
-1032
-1185
-1338
-1490
-1642
-1783
-1910
-2017
-2105
-2179
-2234
-2269
-2286
-2292
-2286
-2273
-2242
-2180
-2083
-1945
-1779
-1593
-1390
-1170
-929
-669
-398
-122
145
386
610
827
1034
1224
1390
1533
1664
1798
1930
2050
2142
2206
2244
2259
2250
2219
2168
2091
1979
1833
1668
1500
1340
1196
1067
955
857
767
679
585
482
379
284
197
109
7
-115
-265
-439
-613
-772
-913
-1049
-1183
-1323
-1468
-1615
-1753
-1878
-1980
-2055
-2113
-2152
-2178
-2191
-2196
-2191
-2163
-2106
-2015
-1880
-1708
-1511
-1302
-1087
-869
-644
-410
-161
86
317
532
737
934
1115
1280
1427
1567
1705
1839
1964
2069
2145
2192
2205
2188
2150
2099
2030
1934
1804
1649
1481
1314
1162
1034
928
840
758
672
580
483
392
308
231
155
70
-31
-157
-307
-466
-621
-766
-903
-1041
-1189
-1350
-1517
-1675
-1818
-1938
-2037
-2116
-2181
-2225
-2251
-2263
-2260
-2235
-2181
-2090
-1961
-1793
-1602
-1399
-1191
-979
-753
-510
-254
-2
233
444
645
834
1012
1176
1326
1466
1600
1730
1842
1932
1995
2028
2034
2021
1991
1949
1894
1816
1704
1566
1414
1270
1141
1035
949
871
791
703
604
504
415
340
273
212
148
66
-40
-168
-311
-457
-589
-706
-822
-951
-1099
-1272
-1453
-1621
-1761
-1878
-1973
-2046
-2100
-2139
-2162
-2167
-2147
-2093
-2002
-1867
-1695
-1496
-1281
-1061
-851
-644
-432
-210
12
228
429
614
783
937
1078
1207
1329
1448
1562
1666
1754
1817
1851
1856
1838
1801
1748
1688
1620
1536
1434
1316
1185
1061
956
869
797
725
643
546
446
354
279
219
165
106
31
-59
-166
-285
-407
-524
-636
-749
-870
-1007
-1164
-1330
-1495
-1641
-1761
-1853
-1922
-1977
-2020
-2057
-2081
-2076
-2027
-1931
-1787
-1607
-1402
-1190
-973
-755
-539
-324
-110
100
297
484
654
809
948
1072
1186
1295
1402
1506
1597
1670
1714
1727
1720
1697
1663
1622
1573
1511
1431
1337
1223
1095
968
852
754
673
602
525
432
325
221
137
77
39
13
-19
-73
-155
-258
-369
-474
-571
-665
-768
-892
-1032
-1189
-1350
-1500
-1629
-1735
-1815
-1873
-1915
-1944
-1960
-1959
-1928
-1853
-1725
-1551
-1344
-1120
-894
-677
-466
-261
-61
133
321
503
674
831
975
1102
1212
1309
1399
1483
1557
1613
1645
1651
1633
1596
1545
1488
1432
1373
1307
1224
1126
1020
922
835
756
686
621
550
468
379
291
212
145
90
47
0
-60
-141
-240
-346
-447
-540
-635
-739
-860
-1005
-1168
-1335
-1490
-1625
-1735
-1823
-1890
-1943
-1978
-1999
-2003
-1970
-1887
-1749
-1565
-1346
-1117
-890
-674
-467
-263
-59
139
333
520
695
855
993
1112
1214
1307
1396
1479
1549
1596
1609
1588
1539
1472
1397
1329
1268
1212
1149
1070
970
860
755
663
589
533
488
437
378
309
241
181
134
102
81
61
27
-28
-105
-196
-286
-370
-449
-535
-637
-765
-911
-1068
-1223
-1367
-1493
-1598
-1685
-1750
-1803
-1841
-1856
-1835
-1769
-1650
-1481
-1278
-1059
-846
-642
-454
-276
-97
79
256
430
598
757
904
1040
1161
1260
1342
1406
1457
1490
1496
1471
1416
1336
1244
1154
1078
1016
966
917
862
800
731
665
603
547
498
450
398
343
288
238
199
171
148
124
88
27
-62
-173
-290
-400
-503
-598
-698
-814
-952
-1106
-1264
-1417
-1550
-1664
-1759
-1838
-1893
-1929
-1943
-1924
-1865
-1751
-1586
-1379
-1154
-924
-701
-489
-290
-95
93
273
451
628
798
963
1121
1266
1394
1503
1586
1635
1653
1640
1596
1523
1428
1319
1206
1103
1011
929
861
798
737
677
617
560
505
457
412
366
315
262
206
153
109
74
45
17
-21
-80
-158
-256
-359
-464
-566
-664
-767
-876
-990
-1106
-1222
-1330
-1427
-1510
-1582
-1647
-1701
-1742
-1756
-1731
-1659
-1543
-1387
-1198
-989
-772
-560
-362
-173
8
180
346
503
649
792
938
1082
1222
1349
1455
1534
1581
1595
1580
1539
1478
1399
1305
1202
1098
993
890
799
717
647
582
520
458
394
333
279
231
191
154
114
68
16
-35
-82
-125
-172
-226
-291
-367
-454
-548
-648
-753
-862
-971
-1082
-1188
-1284
-1371
-1446
-1511
-1562
-1601
-1624
-1629
-1614
-1571
-1499
-1392
-1256
-1093
-905
-700
-486
-275
-79
106
276
434
579
715
843
971
1098
1223
1339
1442
1519
1564
1580
1569
1534
1478
1400
1304
1201
1094
986
887
795
711
635
563
491
417
343
274
220
183
157
139
117
91
58
13
-35
-83
-132
-186
-245
-309
-384
-473
-570
-673
-776
-875
-970
-1062
-1146
-1220
-1282
-1333
-1371
-1396
-1405
-1397
-1367
-1318
-1261
-1195
-1118
-1027
-920
-790
-640
-476
-303
-130
37
194
344
487
630
768
903
1030
1144
1242
1320
1378
1413
1426
1414
1378
1324
1252
1166
1067
966
866
774
694
621
554
488
419
347
277
212
151
101
60
23
-10
-42
-73
-110
-151
-194
-236
-282
-332
-389
-461
-549
-643
-740
-833
-915
-990
-1061
-1123
-1173
-1211
-1232
-1236
-1224
-1197
-1158
-1108
-1052
-992
-935
-878
-817
-742
-647
-531
-401
-262
-120
27
174
323
470
609
741
858
962
1053
1133
1202
1254
1288
1305
1305
1294
1266
1225
1169
1096
1013
928
849
777
709
646
583
521
461
403
349
292
234
175
122
74
33
-5
-44
-84
-124
-168
-214
-271
-338
-415
-500
-583
-663
-738
-808
-871
-924
-970
-1005
-1026
-1036
-1035
-1021
-1001
-973
-941
-906
-870
-834
-797
-756
-710
-655
-593
-524
-446
-359
-263
-153
-30
100
228
346
452
543
624
694
756
806
847
880
903
917
923
917
903
882
850
811
762
708
650
592
537
489
446
409
372
334
294
253
212
165
120
76
35
-2
-41
-78
-122
-172
-230
-294
-355
-413
-468
-515
-558
-594
-626
-654
-675
-689
-696
-696
-690
-676
-658
-641
-624
-605
-586
-566
-546
-525
-503
-474
-438
-395
-345
-284
-210
-128
-40
50
143
233
320
401
473
535
588
631
666
696
720
739
751
759
761
754
735
702
664
623
583
544
502
454
405
355
307
266
234
199
161
119
75
27
-22
-73
-125
-170
-210
-243
-275
-305
-331
-355
-378
-392
-403
-407
-406
-407
-411
-419
-430
-440
-448
-449
-447
-443
-439
-430
-418
-402
-384
-364
-349
-331
-309
-284
-255
-226
-197
-165
-127
-85
-37
11
59
108
158
209
258
300
334
360
377
386
386
379
364
346
325
304
284
263
244
222
198
178
168
165
162
152
139
125
110
98
87
75
59
41
19
0
-18
-34
-45
-55
-63
-71
-77
-83
-85
-86
-85
-86
-82
-75
-61
-42
-20
2
20
35
43
49
54
59
58
54
47
39
29
20
11
2
-4
-8
-11
-18
-28
-37
-41
-44
-45
-45
-47
-52
-61
-72
-86
-103
-119
-137
-154
-169
-181
-191
-199
-209
-216
-220
-217
-209
-198
-187
-175
-166
-157
-147
-138
-129
-120
-107
-92
-72
-51
-29
-4
20
43
65
90
110
128
144
157
166
176
186
202
226
253
284
318
350
375
396
410
416
418
414
404
384
354
315
274
233
196
161
129
96
61
25
-10
-48
-87
-124
-159
-191
-220
-250
-278
-309
-336
-361
-381
-393
-398
-398
-395
-390
-386
-379
-374
-363
-352
-342
-332
-321
-308
-292
-275
-255
-234
-213
-188
-161
-133
-102
-68
-34
4
45
88
134
179
221
255
283
308
333
357
385
415
446
479
511
544
572
595
614
624
625
621
608
584
546
499
446
392
336
280
224
168
111
54
2
-46
-94
-141
-187
-232
-276
-320
-362
-407
-449
-489
-524
-553
-579
-600
-619
-634
-649
-658
-662
-663
-660
-654
-645
-631
-609
-579
-542
-502
-456
-410
-359
-308
-256
-204
-154
-108
-65
-19
30
81
131
178
221
262
302
347
396
442
486
526
565
604
639
672
699
723
741
754
762
760
749
729
702
669
631
590
546
494
436
373
306
239
173
106
40
-27
-85
-139
-189
-237
-285
-332
-377
-419
-457
-489
-520
-552
-586
-615
-642
-661
-675
-686
-693
-694
-686
-671
-649
-619
-584
-544
-498
-445
-387
-327
-269
-212
-158
-104
-50
3
56
111
162
212
261
305
346
384
422
456
489
517
542
561
578
590
598
603
606
609
610
605
594
576
553
524
492
457
416
367
313
256
197
135
73
7
-57
-116
-169
-217
-262
-305
-350
-394
-437
-479
-518
-557
-596
-633
-666
-692
-708
-717
-719
-714
-699
-675
-645
-612
-576
-539
-498
-454
-407
-357
-306
-253
-201
-148
-93
-42
8
58
110
163
218
269
321
369
412
452
492
530
563
594
617
638
655
670
679
687
693
694
691
684
670
652
629
598
563
519
475
427
375
321
262
198
135
72
8
-54
-120
-186
-254
-318
-379
-439
-492
-546
-595
-641
-680
-713
-741
-763
-781
-792
-794
-788
-772
-751
-724
-693
-658
-620
-575
-526
-472
-416
-355
-291
-225
-157
-92
-29
28
88
146
202
258
314
366
415
463
508
549
585
617
643
666
686
706
725
741
752
757
755
750
741
728
706
672
632
584
534
480
420
356
290
221
152
81
9
-66
-147
-228
-305
-382
-457
-527
-591
-651
-703
-750
-792
-827
-853
-872
-886
-893
-895
-890
-878
-863
-840
-809
-772
-730
-680
-624
-565
-501
-437
-367
-294
-217
-140
-62
16
94
169
242
314
384
451
515
571
625
675
723
763
798
827
851
871
885
891
891
887
875
860
838
813
782
742
694
638
580
521
463
404
342
276
206
133
58
-19
-98
-181
-265
-349
-431
-510
-586
-656
-720
-777
-822
-859
-889
-913
-928
-937
-939
-934
-922
-905
-883
-855
-821
-782
-736
-684
-627
-567
-502
-433
-362
-283
-205
-126
-47
28
101
175
250
322
391
456
516
570
622
673
719
759
795
825
850
868
877
880
874
861
840
815
787
753
714
669
620
570
519
467
414
360
302
240
177
111
41
-33
-110
-190
-273
-354
-432
-507
-578
-643
-701
-753
-795
-830
-856
-878
-893
-901
-904
-900
-889
-872
-849
-819
-782
-738
-690
-635
-577
-515
-449
-379
-303
-224
-143
-63
17
95
176
255
332
408
480
549
612
669
722
772
818
857
887
910
924
931
927
914
893
865
832
795
752
706
658
609
558
506
450
389
325
254
178
97
12
-74
-160
-248
-333
-415
-492
-564
-629
-691
-750
-804
-851
-892
-924
-948
-966
-979
-988
-992
-987
-974
-954
-925
-888
-842
-791
-734
-672
-604
-533
-456
-374
-289
-201
-112
-20
70
160
250
339
423
504
584
660
733
800
861
917
967
1010
1043
1067
1080
1083
1077
1062
1035
998
952
900
839
779
720
662
603
540
473
401
323
242
157
71
-21
-114
-208
-300
-390
-479
-564
-645
-723
-792
-852
-904
-950
-991
-1026
-1055
-1074
-1085
-1089
-1085
-1072
-1052
-1021
-982
-933
-877
-816
-747
-670
-590
-504
-416
-326
-234
-142
-47
49
145
243
341
440
535
627
715
796
871
940
1003
1058
1103
1140
1166
1178
1178
1168
1148
1121
1084
1041
989
929
864
797
728
658
582
502
416
327
235
140
43
-57
-159
-260
-360
-456
-551
-641
-727
-807
-879
-944
-1000
-1053
-1098
-1139
-1175
-1203
-1222
-1230
-1230
-1220
-1199
-1168
-1130
-1084
-1030
-967
-898
-823
-739
-651
-557
-460
-361
-261
-159
-57
47
154
258
363
466
567
664
759
851
937
1018
1089
1152
1204
1248
1282
1308
1321
1323
1317
1300
1273
1236
1186
1129
1064
995
923
844
762
673
581
485
386
284
180
72
-37
-149
-258
-366
-473
-577
-677
-771
-860
-943
-1020
-1092
-1156
-1213
-1263
-1303
-1334
-1351
-1355
-1349
-1330
-1304
-1268
-1223
-1170
-1110
-1043
-969
-889
-800
-706
-607
-503
-396
-285
-169
-51
67
188
308
428
544
658
766
871
965
1052
1132
1201
1259
1308
1344
1370
1385
1390
1388
1375
1355
1327
1291
1243
1185
1119
1045
963
871
775
669
560
447
333
215
96
-23
-142
-258
-372
-483
-591
-695
-793
-888
-976
-1059
-1137
-1209
-1273
-1330
-1377
-1415
-1441
-1456
-1462
-1457
-1434
-1400
-1355
-1300
-1233
-1161
-1079
-990
-898
-799
-695
-586
-471
-353
-231
-107
20
146
272
395
518
635
748
854
953
1042
1125
1197
1261
1316
1361
1395
1419
1432
1436
1430
1413
1388
1356
1314
1263
1201
1130
1051
962
867
766
658
550
439
325
214
99
-13
-125
-236
-345
-451
-552
-650
-746
-835
-922
-1004
-1079
-1148
-1205
-1255
-1294
-1323
-1343
-1350
-1350
-1335
-1310
-1273
-1227
-1170
-1107
-1040
-966
-888
-807
-722
-633
-540
-441
-341
-239
-135
-33
70
171
269
365
460
549
635
715
788
859
924
982
1032
1074
1104
1126
1139
1143
1135
1118
1092
1059
1022
980
930
873
812
748
680
609
534
458
382
305
226
148
67
-12
-90
-168
-247
-325
-400
-473
-545
-613
-676
-733
-782
-825
-861
-890
-912
-926
-933
-931
-921
-905
-885
-858
-826
-789
-744
-696
-643
-586
-526
-465
-401
-336
-269
-198
-127
-53
20
93
165
234
298
361
422
479
532
582
627
665
700
728
750
766
779
785
784
779
766
746
719
690
657
619
578
535
489
442
393
343
292
237
183
125
68
10
-48
-106
-166
-226
-285
-342
-396
-447
-492
-533
-567
-597
-625
-645
-659
-669
-676
-677
-675
-668
-656
-639
-619
-592
-561
-528
-492
-451
-409
-363
-317
-269
-219
-167
-115
-64
-14
35
83
131
179
225
267
306
339
371
401
429
454
473
490
504
516
524
526
523
517
508
496
481
461
438
415
390
363
335
305
273
241
209
175
140
102
65
26
-14
-55
-94
-134
-171
-207
-239
-269
-300
-327
-351
-370
-383
-395
-403
-412
-417
-420
-416
-409
-401
-389
-371
-353
-330
-305
-279
-250
-221
-189
-158
-125
-94
-62
-33
-2
28
56
87
115
141
164
186
205
223
240
258
271
279
287
291
295
296
296
292
285
275
265
255
242
227
211
195
179
164
149
133
116
100
81
63
45
24
2
-22
-45
-65
-85
-104
-122
-140
-158
-173
-188
-198
-208
-217
-224
-230
-233
-232
-232
-229
-224
-215
-207
-196
-186
-176
-164
-151
-137
-122
-106
-91
-75
-57
-38
-20
-1
17
32
50
63
75
84
96
102
109
114
118
120
120
121
118
116
115
113
107
102
99
97
96
92
90
87
83
79
76
71
62
55
45
38
30
22
14
5
-3
-9
-15
-22
-30
-34
-38
-40
-44
-47
-51
-55
-57
-59
-61
-59
-59
-58
-55
-53
-51
-48
-44
-38
-31
-24
-16
-9
-3
3
10
15
22
28
34
41
44
45
46
45
47
46
45
42
38
34
27
23
16
13
9
6
3
1
-1
-2
-5
-7
-9
-13
-16
-20
-23
-27
-33
-35
-38
-41
-45
-48
-51
-50
-50
-48
-45
-42
-39
-35
-30
-24
-20
-15
-11
-9
-6
-4
-2
0
2
5
9
11
13
17
20
23
27
32
37
44
48
55
57
61
64
65
66
66
64
61
58
54
49
44
36
28
17
8
-2
-11
-18
-25
-32
-39
-43
-46
-49
-50
-51
-51
-54
-56
-59
-59
-60
-64
-67
-68
-71
-71
-71
-70
-69
-67
-64
-59
-52
-45
-39
-31
-23
-11
-4
5
14
22
29
37
45
52
59
65
69
74
79
84
88
92
94
94
95
95
95
95
93
90
88
86
82
78
72
62
53
42
31
20
9
-3
-14
-26
-36
-47
-57
-66
-74
-82
-87
-92
-96
-97
-97
-97
-96
-95
-93
-92
-89
-89
-88
-88
-87
-86
-86
-84
-81
-80
-76
-74
-70
-63
-55
-47
-39
-29
-19
-9
0
10
18
30
41
49
59
67
76
85
91
98
105
110
115
118
121
123
124
125
124
124
122
119
111
106
100
91
83
72
62
50
38
26
16
5
-6
-17
-26
-33
-43
-50
-56
-61
-66
-70
-73
-76
-79
-80
-82
-84
-84
-86
-87
-88
-90
-90
-89
-89
-87
-87
-86
-82
-79
-72
-66
-59
-51
-43
-34
-25
-15
-4
6
16
28
40
52
63
71
78
85
91
97
100
103
104
105
106
107
107
106
104
101
98
94
87
80
72
60
49
37
25
12
0
-12
-25
-36
-46
-57
-66
-77
-85
-91
-95
-99
-101
-103
-105
-104
-103
-101
-99
-100
-100
-100
-103
-104
-105
-106
-107
-107
-106
-102
-99
-94
-88
-80
-71
-60
-48
-35
-20
-6
7
20
35
49
64
77
90
102
112
123
132
139
145
151
153
157
160
163
164
164
163
161
158
153
148
141
131
122
112
100
86
72
56
41
24
7
-7
-23
-35
-49
-62
-73
-84
-95
-103
-111
-117
-123
-129
-133
-136
-137
-138
-141
-142
-142
-142
-143
-142
-141
-139
-136
-131
-123
-115
-105
-95
-83
-68
-53
-38
-25
-10
5
21
37
53
66
80
92
104
117
128
138
148
156
164
171
176
180
183
183
183
181
177
170
160
149
137
124
110
94
79
62
43
26
6
-14
-36
-56
-76
-92
-107
-121
-134
-145
-156
-165
-174
-182
-191
-199
-205
-211
-215
-217
-220
-220
-220
-217
-213
-207
-200
-193
-182
-169
-153
-137
-118
-99
-78
-55
-31
-9
14
37
59
82
106
126
147
165
183
200
216
232
242
251
258
265
269
269
269
265
262
256
251
243
235
226
214
202
185
169
150
130
108
86
61
35
12
-14
-39
-65
-92
-116
-139
-160
-181
-202
-218
-235
-247
-258
-266
-272
-277
-279
-277
-275
-269
-262
-254
-243
-232
-222
-210
-196
-181
-166
-148
-129
-108
-86
-61
-36
-8
17
46
73
100
127
153
179
203
225
247
265
282
298
308
313
316
318
315
309
301
292
281
266
251
234
219
202
183
162
140
116
89
63
34
3
-29
-58
-86
-115
-144
-172
-199
-223
-245
-267
-285
-304
-318
-330
-338
-344
-347
-349
-348
-344
-336
-326
-312
-299
-285
-266
-245
-223
-201
-176
-149
-125
-97
-70
-43
-17
11
39
67
94
123
151
178
204
225
246
264
281
297
311
324
333
340
345
347
345
340
331
321
308
296
281
264
246
224
200
177
154
131
106
81
54
26
-2
-29
-56
-82
-109
-133
-158
-180
-200
-219
-237
-256
-269
-281
-290
-297
-302
-306
-308
-307
-304
-297
-290
-279
-267
-254
-240
-223
-202
-181
-158
-137
-114
-91
-63
-35
-8
19
46
71
97
121
145
168
187
205
222
237
251
262
270
275
276
277
276
274
269
260
248
236
222
203
186
167
149
130
109
89
69
48
27
6
-15
-32
-48
-65
-80
-97
-115
-131
-145
-160
-175
-189
-204
-218
-231
-240
-248
-254
-258
-259
-256
-251
-241
-231
-217
-205
-189
-171
-151
-131
-109
-87
-66
-46
-27
-7
14
34
51
69
86
103
120
138
154
170
185
200
213
222
231
237
241
243
242
240
239
233
226
217
205
193
181
168
153
138
122
108
93
77
59
40
22
3
-18
-38
-57
-78
-98
-116
-133
-149
-167
-181
-195
-207
-217
-225
-229
-233
-233
-233
-230
-226
-222
-217
-209
-202
-191
-180
-168
-156
-141
-125
-110
-96
-82
-67
-53
-36
-19
-3
16
34
51
68
86
102
117
132
145
156
166
176
184
190
193
197
196
195
191
188
181
174
166
156
146
135
122
109
99
87
74
62
49
37
24
11
-5
-20
-35
-49
-63
-74
-84
-95
-102
-107
-112
-118
-120
-122
-122
-121
-119
-117
-115
-112
-109
-107
-103
-99
-96
-91
-85
-79
-72
-65
-57
-49
-40
-29
-20
-10
2
13
25
37
48
59
72
81
93
103
111
117
122
126
128
128
127
125
121
115
108
101
93
84
76
66
58
50
40
32
25
16
7
0
-9
-17
-25
-35
-42
-51
-59
-67
-74
-81
-87
-94
-100
-103
-105
-107
-109
-110
-110
-111
-111
-108
-107
-105
-105
-102
-99
-96
-93
-90
-86
-81
-76
-67
-58
-47
-35
-24
-12
0
12
23
33
43
52
60
66
73
79
83
87
90
92
93
95
95
96
96
95
93
91
91
88
87
83
77
72
70
67
63
60
55
50
43
37
32
26
22
16
12
6
-1
-6
-12
-18
-23
-28
-31
-36
-38
-42
-44
-45
-46
-47
-49
-49
-51
-52
-51
-49
-46
-45
-44
-44
-43
-40
-37
-34
-30
-27
-21
-16
-10
-4
2
7
12
15
17
20
24
28
30
34
36
40
41
42
42
41
40
38
36
34
32
30
26
23
19
16
12
8
4
0
-3
-7
-11
-16
-22
-29
-34
-38
-45
-50
-54
-58
-60
-62
-65
-67
-68
-70
-70
-71
-70
-70
-68
-68
-67
-64
-62
-59
-55
-50
-46
-40
-34
-29
-24
-19
-13
-8
-2
4
9
15
23
31
38
45
53
59
63
68
72
75
79
82
86
87
90
91
92
92
93
92
90
88
85
82
79
74
69
64
55
47
39
29
20
8
0
-10
-17
-25
-32
-39
-45
-48
-52
-54
-58
-59
-59
-59
-57
-55
-54
-51
-48
-46
-44
-41
-37
-33
-30
-27
-23
-20
-17
-16
-13
-12
-9
-7
-2
3
8
13
20
24
29
35
39
42
44
46
49
48
48
46
44
41
38
35
31
28
24
20
14
10
3
-3
-9
-17
-25
-33
-41
-48
-58
-67
-75
-82
-91
-97
-104
-109
-113
-115
-116
-116
-114
-111
-106
-101
-95
-88
-81
-74
-66
-61
-51
-44
-35
-26
-17
-8
1
12
22
32
43
54
65
76
87
98
109
118
128
137
147
153
157
162
166
169
171
171
169
165
160
154
149
141
132
122
111
101
88
75
61
49
34
22
10
-4
-18
-33
-48
-62
-77
-90
-103
-115
-127
-137
-145
-154
-159
-165
-168
-171
-169
-167
-164
-160
-154
-148
-140
-134
-126
-119
-111
-101
-92
-82
-72
-63
-53
-42
-30
-18
-6
7
22
35
47
60
73
85
95
105
112
120
126
131
136
137
139
137
137
134
129
122
115
105
96
87
76
67
58
47
38
28
18
9
1
-8
-18
-28
-38
-47
-58
-68
-80
-89
-99
-109
-116
-124
-130
-135
-137
-139
-141
-140
-135
-132
-127
-120
-112
-104
-94
-84
-75
-63
-52
-39
-25
-9
6
21
35
51
66
81
94
106
117
125
135
143
149
154
157
159
161
161
160
156
153
149
144
138
131
125
116
108
96
85
74
63
52
40
29
14
1
-12
-25
-37
-48
-60
-72
-84
-95
-104
-113
-122
-132
-142
-150
-157
-163
-168
-172
-175
-175
-175
-174
-170
-165
-158
-150
-140
-130
-117
-103
-88
-74
-60
-46
-31
-16
-3
10
23
36
48
58
68
79
89
99
108
116
123
130
134
138
142
145
147
145
144
141
137
131
127
122
114
106
98
89
78
70
61
51
40
29
16
4
-8
-18
-30
-43
-56
-66
-75
-85
-94
-103
-110
-116
-120
-122
-124
-123
-121
-119
-115
-112
-106
-100
-95
-87
-81
-73
-64
-55
-45
-36
-26
-15
-2
7
17
28
38
48
57
67
74
82
89
95
101
105
109
112
114
115
116
116
115
114
111
106
101
96
88
82
74
64
54
45
33
23
11
-2
-17
-30
-43
-58
-71
-83
-94
-105
-116
-127
-136
-142
-147
-152
-155
-157
-158
-157
-154
-148
-142
-136
-127
-119
-111
-102
-92
-81
-71
-61
-49
-39
-28
-18
-7
2
14
25
37
48
58
69
82
91
102
111
122
130
138
147
152
160
164
168
170
171
170
168
165
159
152
142
133
122
110
96
80
66
51
36
22
6
-8
-20
-32
-45
-56
-67
-77
-87
-96
-103
-109
-116
-123
-128
-132
-135
-137
-139
-139
-139
-137
-134
-127
-121
-115
-109
-102
-92
-83
-72
-64
-54
-43
-32
-20
-9
2
13
24
34
45
54
66
76
87
96
102
109
115
120
125
128
131
133
133
130
125
121
116
110
102
91
81
71
60
50
37
24
10
-1
-12
-24
-37
-49
-61
-73
-83
-92
-101
-109
-116
-124
-131
-136
-142
-145
-148
-148
-149
-149
-147
-145
-140
-135
-130
-122
-114
-103
-92
-82
-69
-56
-42
-29
-15
-3
10
24
38
50
61
73
84
93
103
112
120
127
133
139
144
148
151
151
152
152
153
150
147
144
141
137
131
126
120
112
103
92
81
72
58
45
32
20
10
-4
-15
-29
-40
-48
-57
-69
-78
-88
-97
-103
-111
-117
-122
-128
-133
-136
-138
-140
-139
-138
-135
-131
-126
-120
-112
-105
-94
-82
-70
-60
-49
-39
-29
-19
-7
4
15
22
29
39
47
55
61
69
77
84
92
98
100
103
107
112
114
116
117
116
114
111
106
100
95
87
77
67
56
43
31
20
9
-5
-18
-31
-41
-53
-66
-76
-87
-96
-103
-109
-116
-122
-125
-127
-129
-131
-132
-133
-132
-130
-128
-126
-121
-116
-109
-101
-94
-88
-77
-66
-56
-45
-33
-24
-12
0
11
22
33
44
54
67
77
86
95
105
116
126
133
140
147
152
157
161
164
164
164
162
159
156
151
144
136
127
117
106
94
82
70
57
43
30
17
2
-11
-23
-34
-44
-57
-68
-79
-88
-98
-106
-113
-120
-126
-130
-134
-138
-143
-145
-146
-146
-147
-147
-147
-145
-143
-137
-131
-123
-113
-102
-89
-75
-61
-48
-36
-27
-12
2
16
27
37
49
59
71
79
86
94
101
109
113
117
120
121
119
119
119
119
116
113
108
104
100
97
91
83
74
68
61
54
46
36
27
19
13
4
-5
-15
-24
-34
-42
-50
-60
-67
-72
-80
-88
-94
-100
-104
-108
-109
-110
-111
-112
-113
-110
-107
-105
-102
-99
-91
-85
-79
-73
-65
-58
-49
-39
-31
-22
-11
4
14
25
35
45
54
62
70
75
79
86
91
96
100
103
102
102
102
102
102
102
100
97
93
88
84
79
75
68
62
55
46
37
28
21
12
6
-4
-14
-23
-30
-39
-47
-53
-59
-65
-70
-77
-82
-86
-91
-90
-91
-91
-91
-91
-92
-91
-90
-88
-85
-82
-80
-76
-69
-62
-56
-49
-42
-35
-26
-17
-6
4
11
21
31
41
51
59
64
71
77
84
89
91
93
92
93
93
93
93
91
89
84
80
77
73
69
62
55
49
42
37
27
20
11
3
-5
-12
-20
-27
-32
-38
-44
-48
-50
-51
-54
-56
-58
-61
-63
-65
-68
-71
-73
-74
-75
-78
-78
-78
-75
-72
-69
-65
-62
-58
-51
-45
-39
-36
-31
-23
-16
-8
-3
2
10
16
23
29
35
41
47
51
57
62
67
68
72
73
74
73
72
70
66
63
58
55
52
48
45
39
36
32
28
22
17
13
9
6
2
-5
-8
-13
-16
-17
-22
-26
-30
-34
-37
-40
-43
-44
-46
-49
-51
-54
-56
-57
-57
-57
-56
-55
-52
-47
-44
-40
-38
-32
-26
-21
-18
-12
-4
0
4
8
14
19
21
22
25
30
32
34
33
33
34
37
39
39
38
35
35
35
32
31
28
26
24
23
22
21
20
17
13
11
10
8
8
7
4
3
2
-2
-4
-8
-10
-15
-17
-20
-23
-25
-25
-24
-25
-27
-28
-31
-29
-26
-24
-26
-27
-25
-23
-21
-18
-17
-13
-7
0
5
7
8
11
13
16
18
21
22
25
25
26
26
27
27
27
27
25
23
23
24
25
23
23
24
22
22
20
18
17
17
17
16
13
10
6
3
-1
-4
-6
-9
-13
-17
-20
-24
-27
-30
-33
-34
-36
-38
-40
-40
-38
-38
-39
-38
-37
-34
-33
-30
-27
-26
-21
-16
-12
-9
-8
-7
-5
-3
1
2
2
3
5
5
4
2
2
3
2
1
-1
-3
-3
0
3
5
7
10
13
15
16
20
20
23
25
23
21
20
17
15
14
14
12
10
8
6
4
1
-2
-4
-3
-4
-6
-9
-11
-12
-12
-11
-10
-9
-8
-9
-7
-9
-8
-5
-1
1
0
0
2
3
4
6
7
7
8
8
10
10
13
14
14
12
15
18
20
21
23
25
26
28
27
27
28
29
29
29
28
29
26
23
20
18
16
14
11
8
5
3
-2
-7
-9
-13
-18
-22
-27
-32
-34
-34
-35
-36
-38
-38
-38
-39
-39
-39
-39
-36
-36
-34
-35
-34
-33
-33
-31
-31
-29
-29
-29
-25
-22
-22
-20
-18
-14
-11
-9
-6
-3
-2
2
5
9
12
16
19
23
24
23
25
28
31
33
34
34
32
31
31
30
30
28
26
23
20
18
19
18
15
13
12
11
11
9
8
7
6
7
6
6
2
-4
-6
-6
-6
-7
-8
-11
-14
-17
-16
-15
-15
-16
-15
-12
-11
-12
-14
-13
-12
-10
-9
-9
-8
-8
-7
-5
-2
0
2
4
5
3
4
5
7
10
10
11
10
11
12
12
12
15
15
17
20
20
18
15
16
15
14
11
10
8
8
5
3
3
1
-1
-4
-3
-3
-2
-1
-2
-3
-5
-6
-6
-8
-11
-13
-15
-19
-22
-25
-27
-28
-28
-28
-28
-28
-29
-28
-26
-27
-25
-25
-24
-22
-20
-19
-19
-16
-16
-13
-9
-6
-5
-2
-1
1
3
5
6
8
10
10
11
12
15
18
20
22
22
21
21
23
24
25
24
25
24
23
21
20
18
18
21
22
22
22
22
21
18
17
16
14
11
7
6
3
2
-3
-6
-7
-7
-8
-10
-11
-11
-12
-10
-7
-4
-4
-5
-6
-7
-5
-4
-3
-4
-5
-5
-6
-7
-7
-7
-8
-11
-11
-8
-6
-5
-3
-2
-1
-1
1
-1
-3
-2
1
0
-2
-5
-4
-3
-3
-4
-5
-6
-5
-4
-3
0
1
2
1
-2
-4
-7
-7
-9
-12
-12
-15
-18
-20
-21
-22
-22
-22
-24
-25
-25
-24
-23
-22
-22
-21
-19
-15
-12
-11
-7
-5
1
5
8
9
11
13
16
18
20
23
23
24
24
24
25
25
25
26
26
25
26
27
27
28
27
27
27
26
27
24
22
19
18
18
16
13
12
9
6
4
2
0
-1
-2
-3
-3
-2
-3
-5
-7
-8
-10
-12
-13
-15
-16
-19
-21
-21
-21
-20
-20
-22
-23
-22
-20
-16
-14
-15
-13
-12
-9
-7
-5
-4
-2
1
5
7
7
7
5
5
6
8
11
13
15
15
16
19
22
25
26
27
25
24
24
23
21
21
20
18
13
7
1
-4
-6
-9
-14
-18
-20
-22
-25
-26
-27
-30
-34
-36
-38
-39
-40
-43
-46
-46
-44
-42
-42
-41
-41
-37
-33
-30
-26
-22
-21
-19
-17
-15
-13
-12
-7
-6
-1
1
2
6
7
12
15
19
24
30
35
40
42
45
45
46
47
46
44
42
42
43
43
42
40
38
36
32
31
31
32
31
27
23
20
17
15
12
8
5
-1
-4
-7
-9
-13
-16
-19
-20
-21
-21
-22
-24
-23
-21
-18
-17
-18
-20
-22
-22
-24
-26
-26
-26
-26
-27
-27
-26
-25
-23
-24
-22
-21
-17
-12
-6
-4
0
4
9
12
14
14
14
16
17
18
16
17
19
19
19
18
19
18
20
21
20
19
18
15
10
7
5
4
2
0
-1
0
-1
-1
-3
-5
-7
-10
-12
-12
-12
-14
-17
-19
-20
-19
-20
-22
-25
-28
-27
-24
-25
-26
-27
-26
-25
-23
-22
-22
-22
-18
-13
-11
-8
-5
-2
3
5
8
12
14
16
19
22
24
27
26
27
27
29
28
28
27
28
27
26
26
23
22
20
17
15
13
13
14
13
12
10
10
12
12
11
10
8
8
6
5
2
-1
-4
-6
-9
-14
-18
-22
-22
-22
-21
-22
-24
-25
-24
-24
-24
-25
-24
-23
-24
-23
-23
-22
-22
-23
-24
-24
-20
-17
-15
-14
-14
-13
-8
-6
-3
-3
-1
0
2
4
5
6
5
8
8
11
12
15
15
17
20
21
21
21
21
21
24
26
26
26
27
28
28
26
24
21
19
17
13
12
12
9
5
3
1
0
1
1
2
1
1
-1
-1
0
1
-2
-5
-8
-9
-9
-11
-12
-14
-15
-16
-18
-17
-19
-18
-17
-18
-18
-19
-18
-16
-15
-13
-13
-13
-12
-12
-12
-11
-7
-4
-1
1
2
3
4
7
9
10
11
10
11
13
15
15
16
17
19
20
20
18
18
17
18
17
16
13
9
8
8
5
4
4
3
2
-1
-1
-2
-1
-1
-5
-10
-13
-14
-15
-19
-23
-25
-25
-26
-27
-28
-30
-30
-31
-31
-33
-35
-37
-35
-31
-30
-28
-28
-28
-24
-21
-14
-10
-7
-4
-1
1
4
6
8
10
10
12
11
15
16
18
21
22
23
23
26
26
25
25
26
26
25
26
25
25
24
25
24
23
24
27
26
28
25
23
22
20
19
18
15
11
10
10
6
3
0
-2
-3
-5
-7
-10
-12
-10
-10
-9
-8
-7
-7
-6
-4
-5
-7
-7
-7
-6
-6
-7
-7
-5
-6
-6
-6
-8
-6
-6
-3
-3
-2
-2
-1
-2
-2
-3
-3
-3
-2
0
3
6
6
6
7
9
9
9
10
9
8
7
5
4
2
-1
-1
-2
-3
-5
-6
-8
-8
-9
-11
-12
-13
-14
-18
-21
-26
-26
-27
-30
-31
-33
-33
-34
-33
-33
-33
-32
-30
-30
-30
-29
-26
