2
2
4
3
2
1
0
1
1
1
1
2
2
1
0
0
-1
-2
-1
-3
-3
-4
-4
-4
-4
-4
-4
-3
-3
-4
-3
-3
-2
-2
-1
-1
-1
0
-1
-1
-2
-2
-1
0
0
0
1
1
1
2
3
2
2
2
2
2
1
1
-1
1
2
1
1
2
0
0
1
2
3
2
0
0
-1
0
0
1
2
0
-1
-1
0
-1
-1
-1
0
1
0
1
0
-1
-1
-1
0
-1
-1
0
1
0
0
1
1
1
0
-2
-3
-1
-1
-1
-1
0
-1
-1
-1
-3
-3
-3
-3
-1
-1
0
-2
-1
-2
0
0
0
-1
-2
-2
-2
-1
0
0
0
0
-1
0
0
0
1
1
0
0
1
1
1
1
1
0
1
0
0
0
0
0
1
2
1
1
1
0
1
1
1
2
0
-1
0
0
0
1
-1
-1
1
1
1
2
2
3
1
2
1
3
3
1
2
2
2
0
0
0
0
1
2
2
3
3
3
2
1
3
5
5
4
5
5
5
5
4
4
3
3
3
3
2
2
1
0
0
-2
-3
-4
-3
-4
-4
-4
-4
-5
-5
-6
-7
-7
-6
-7
-7
-6
-6
-6
-6
-7
-6
-6
-6
-6
-6
-6
-6
-6
-5
-5
-4
-4
-5
-4
-4
-5
-7
-6
-6
-4
-3
-3
-3
-3
-2
-1
-1
-1
-2
-2
-1
0
1
2
2
3
4
4
6
5
5
6
5
6
7
7
8
9
8
8
7
6
5
6
5
6
5
4
5
5
3
2
2
2
2
2
1
0
1
0
0
0
-1
-1
1
-1
-1
0
-1
2
1
1
1
2
1
1
-1
-1
0
0
0
1
0
0
0
0
2
2
3
4
5
6
7
7
6
6
6
6
8
8
7
6
6
7
7
6
6
5
4
3
4
3
2
1
0
-1
-1
-1
-2
-3
-5
-4
-5
-5
-6
-8
-9
-10
-10
-9
-11
-11
-13
-13
-12
-12
-11
-11
-11
-12
-12
-12
-11
-12
-12
-13
-12
-11
-11
-10
-9
-9
-8
-8
-6
-5
-7
-7
-6
-5
-5
-4
-3
-3
-1
-1
0
0
2
2
3
4
4
5
6
6
7
8
9
8
9
8
10
11
10
9
10
10
9
9
9
9
9
9
9
10
10
10
9
9
8
9
8
9
8
6
5
4
5
5
5
4
3
2
2
0
1
3
1
0
0
-2
-3
-3
-3
-3
-3
-4
-5
-5
-4
-6
-5
-6
-6
-6
-7
-6
-7
-6
-7
-6
-4
-5
-4
-2
-1
-3
-2
-2
-2
-1
0
0
1
1
3
2
1
2
2
2
2
1
2
2
4
4
5
3
3
2
1
1
1
1
1
-1
-2
0
-2
-1
-1
-1
-1
-2
-1
-3
-1
-3
-2
-3
-3
-2
-3
-1
-3
-2
-2
-2
-1
-2
-1
-1
0
0
0
0
-1
0
0
0
0
0
0
1
2
2
2
1
0
-1
-1
0
-1
-2
-1
-2
-2
-2
-1
-1
0
-1
-1
0
-1
-1
-1
-1
-1
-1
-1
-2
-3
-2
-2
-2
1
2
1
2
0
0
1
0
1
2
1
1
0
0
0
0
0
0
-1
-2
-2
-2
-1
0
-1
-2
-2
-4
-1
-1
0
-1
0
-1
-1
1
2
2
1
2
1
2
1
1
2
2
3
3
3
3
3
3
3
3
4
3
2
2
2
2
3
3
2
3
2
2
2
2
2
3
1
2
2
1
1
-1
-2
-2
-2
1
1
0
0
1
1
2
3
1
3
2
3
2
1
2
1
1
1
0
1
0
0
0
0
1
1
0
0
0
0
-1
-1
-1
-1
-1
-1
-1
-1
-1
-2
-1
-2
-3
-4
-6
-4
-5
-4
-4
-4
-4
-4
-4
-4
-5
-5
-5
-6
-5
-4
-5
-4
-4
-3
-2
-2
-2
-4
-3
-3
-3
-2
-3
-4
-4
-3
-2
-2
-2
-2
-3
-2
-3
-4
-3
-3
-3
-3
-4
-4
-4
-3
-4
-4
-3
-2
-2
-2
0
1
3
2
2
2
3
4
4
4
4
4
5
5
6
5
6
7
8
8
7
8
8
10
10
9
9
9
10
12
13
13
14
13
13
12
11
13
13
12
11
12
13
12
10
9
9
9
9
8
7
6
4
2
2
1
0
-1
-1
-2
-3
-3
-4
-5
-7
-11
-12
-13
-13
-13
-14
-16
-17
-18
-19
-19
-19
-18
-19
-21
-21
-20
-19
-18
-19
-18
-18
-16
-15
-14
-13
-14
-12
-11
-9
-7
-7
-7
-5
-4
-2
1
2
3
2
2
3
4
4
6
6
7
6
7
6
6
6
4
7
8
9
9
9
8
7
7
7
7
8
6
6
5
3
2
1
1
0
2
4
5
5
5
4
4
7
6
7
7
6
6
4
4
3
3
4
5
6
7
6
5
5
4
4
4
5
5
3
3
1
1
-1
0
0
-1
0
-1
-1
0
1
1
0
1
2
3
2
0
-1
-2
-1
-2
-1
-1
-1
-1
-2
-2
-3
-5
-4
-3
-3
-3
-3
-4
-5
-5
-5
-5
-4
-5
-4
-5
-4
-4
-5
-3
-3
-1
1
3
4
5
6
4
4
4
5
5
5
6
5
5
4
4
4
6
6
7
6
5
3
0
0
-1
-1
-3
-5
-6
-6
-6
-5
-7
-9
-9
-10
-11
-11
-11
-11
-11
-12
-11
-11
-10
-9
-8
-6
-6
-6
-6
-7
-6
-5
-5
-5
-4
-5
-5
-4
-2
-1
0
1
1
0
2
2
2
3
4
4
4
5
5
6
6
8
9
10
11
13
14
13
12
9
8
10
10
9
8
6
7
7
6
6
6
6
6
6
6
3
2
1
-2
-4
-3
-3
-5
-5
-8
-10
-9
-9
-10
-11
-10
-11
-12
-11
-11
-11
-10
-9
-7
-6
-5
-5
-5
-6
-5
-5
-4
-2
-1
0
1
1
1
2
4
6
8
8
9
9
9
10
10
11
11
11
12
10
11
12
12
12
10
11
8
8
8
7
6
5
5
5
4
4
5
5
6
5
5
6
7
6
4
2
1
1
1
1
-3
-3
-5
-5
-4
-6
-6
-7
-8
-9
-12
-11
-12
-11
-10
-11
-10
-10
-8
-7
-7
-5
-3
-2
-2
-1
-1
-2
-3
-4
-4
-3
-1
2
3
4
3
3
4
4
3
4
5
6
4
2
2
0
0
-1
-1
-1
-1
-2
-3
-5
-7
-8
-9
-8
-8
-8
-9
-11
-11
-11
-12
-12
-12
-12
-13
-14
-15
-15
-16
-15
-15
-11
-9
-7
-6
-5
-3
-1
1
5
6
8
6
7
8
8
8
9
11
12
12
12
10
9
8
9
10
9
8
7
6
4
4
4
3
4
6
6
8
8
8
7
8
8
8
11
12
12
14
15
16
16
16
16
15
15
13
13
12
11
9
8
6
5
4
4
3
1
0
-2
-1
-3
-2
-2
-3
-2
-4
-7
-9
-10
-9
-9
-8
-7
-6
-8
-9
-8
-7
-7
-7
-8
-8
-10
-10
-9
-9
-6
-7
-5
-5
-6
-6
-7
-6
-5
-5
-5
-7
-7
-8
-9
-9
-10
-11
-12
-13
-13
-12
-13
-15
-16
-17
-16
-16
-16
-16
-15
-15
-13
-10
-8
-6
-3
-1
0
4
7
10
12
14
14
15
14
11
10
11
11
10
10
9
7
6
5
3
2
1
1
3
5
5
5
5
5
4
6
8
9
9
10
10
9
11
11
13
13
11
10
9
9
10
9
11
10
8
6
4
3
2
1
2
3
2
3
2
3
3
3
6
5
6
6
6
7
6
7
8
6
7
4
3
3
2
2
2
1
-1
-4
-5
-7
-8
-9
-9
-8
-10
-9
-9
-8
-5
-4
-4
-4
-5
-7
-8
-8
-9
-8
-7
-8
-12
-12
-14
-15
-15
-16
-16
-16
-17
-18
-20
-20
-20
-19
-16
-13
-13
-12
-11
-11
-8
-6
-4
-2
0
1
0
-1
-3
-5
-3
-3
-3
-2
-2
-1
-1
0
0
1
2
4
3
4
2
3
6
6
10
11
10
9
10
13
15
16
18
18
17
17
17
15
15
14
12
10
9
8
9
9
10
8
6
2
2
0
-1
-2
-4
-5
-6
-6
-5
-4
-2
-1
0
1
2
1
1
1
2
1
5
5
5
3
3
4
3
5
5
6
6
4
4
3
2
4
4
4
5
5
5
4
6
5
5
5
4
6
4
3
3
2
1
0
-1
-1
0
-1
-3
-3
-5
-5
-5
-5
-5
-6
-7
-7
-6
-5
-5
-4
-3
-3
-4
-5
-6
-7
-7
-7
-7
-7
-9
-10
-9
-9
-12
-11
-13
-13
-13
-14
-14
-13
-14
-14
-14
-14
-15
-14
-14
-11
-11
-7
-6
-7
-5
-4
-3
-2
0
1
2
3
2
1
4
5
7
7
9
7
8
9
10
10
9
9
8
8
8
6
6
6
6
5
4
4
2
2
4
3
4
5
6
5
5
6
6
6
5
5
5
4
4
0
1
0
0
0
-2
-3
-4
-4
-4
-4
-3
-3
-3
-3
-5
-5
-4
-6
-5
-7
-9
-10
-11
-11
-12
-11
-10
-11
-11
-12
-10
-10
-9
-8
-4
-3
-2
-1
0
3
7
9
14
15
16
18
18
20
21
22
24
24
26
26
23
24
25
25
27
26
25
23
22
22
24
22
21
19
18
16
14
14
13
12
10
9
9
7
6
6
5
6
3
3
1
-2
-2
-3
-5
-4
-7
-7
-8
-11
-12
-13
-13
-14
-15
-17
-18
-20
-19
-20
-21
-21
-22
-23
-25
-26
-28
-29
-29
-32
-32
-35
-34
-33
-33
-33
-33
-33
-32
-30
-29
-27
-27
-28
-27
-26
-25
-23
-21
-20
-18
-19
-14
-13
-14
-14
-13
-13
-13
-11
-9
-9
-9
-9
-9
-7
-7
-6
-7
-7
-6
-6
-6
-3
-2
0
1
4
9
13
18
20
23
25
28
32
35
38
38
39
40
42
45
45
47
49
49
50
50
51
50
50
49
47
47
45
45
44
45
45
45
44
43
41
41
40
37
36
35
33
32
29
26
24
22
19
15
12
5
0
-3
-9
-15
-23
-29
-37
-44
-52
-60
-67
-75
-81
-88
-94
-99
-106
-111
-115
-119
-122
-124
-125
-125
-123
-120
-118
-114
-109
-102
-95
-88
-79
-69
-58
-46
-33
-18
-3
10
24
37
51
64
78
93
107
119
130
142
152
162
171
179
187
193
198
201
204
205
205
204
203
201
196
189
182
176
168
161
152
140
126
112
96
79
61
43
24
4
-18
-41
-64
-87
-111
-135
-159
-185
-209
-234
-256
-279
-302
-322
-342
-359
-375
-389
-399
-408
-413
-417
-418
-415
-409
-401
-388
-374
-359
-338
-314
-288
-259
-229
-195
-161
-124
-85
-45
-3
38
82
123
165
206
245
282
318
356
388
419
448
474
497
521
542
559
574
584
591
596
595
590
582
570
556
536
514
488
460
431
399
365
328
287
243
200
154
108
60
12
-39
-91
-142
-194
-244
-291
-338
-383
-429
-473
-515
-553
-586
-616
-644
-670
-691
-710
-725
-736
-742
-742
-739
-730
-716
-698
-676
-651
-617
-579
-537
-491
-442
-390
-334
-275
-214
-150
-85
-20
46
110
175
236
298
359
419
476
529
576
619
658
694
728
755
778
794
806
810
809
803
797
785
768
744
716
684
649
613
574
532
485
434
383
329
277
222
167
109
48
-12
-75
-138
-198
-258
-316
-373
-430
-486
-538
-590
-636
-679
-719
-754
-786
-814
-839
-857
-871
-878
-882
-880
-873
-863
-848
-827
-800
-765
-728
-688
-642
-594
-540
-481
-419
-353
-283
-211
-137
-63
12
87
162
237
312
384
454
520
583
643
697
747
792
832
867
895
918
934
945
951
950
945
933
916
894
867
834
797
757
712
665
614
561
505
449
389
330
268
206
142
77
13
-52
-117
-181
-244
-305
-366
-427
-487
-544
-599
-647
-692
-734
-775
-811
-844
-873
-896
-913
-926
-933
-937
-935
-927
-914
-897
-875
-848
-817
-781
-740
-693
-642
-586
-525
-458
-392
-324
-252
-177
-101
-23
58
138
215
290
365
439
510
577
643
703
757
806
852
893
926
954
975
989
997
998
994
983
967
948
921
892
855
816
773
727
678
624
567
508
444
381
317
250
183
115
47
-22
-92
-160
-227
-295
-362
-427
-489
-550
-609
-664
-717
-765
-810
-851
-887
-919
-947
-969
-985
-996
-1005
-1007
-1004
-996
-984
-969
-949
-925
-894
-860
-821
-776
-725
-669
-608
-543
-476
-405
-331
-252
-174
-92
-8
74
156
238
319
400
479
554
627
694
758
817
871
920
961
999
1026
1046
1061
1069
1071
1068
1060
1045
1025
1001
971
937
898
857
814
766
712
656
597
538
477
416
352
287
221
154
88
24
-38
-103
-166
-229
-290
-351
-412
-468
-522
-575
-624
-671
-717
-759
-798
-831
-863
-890
-914
-935
-952
-964
-972
-976
-975
-971
-962
-951
-933
-910
-883
-847
-804
-757
-707
-655
-597
-533
-466
-395
-321
-244
-168
-88
-6
73
155
235
312
387
462
531
594
657
714
767
814
854
890
920
943
963
979
988
991
992
984
972
956
939
914
884
850
815
775
730
682
631
578
522
463
405
342
277
213
148
84
15
-53
-116
-183
-247
-311
-372
-431
-494
-553
-609
-663
-716
-766
-810
-853
-891
-927
-959
-985
-1006
-1020
-1029
-1034
-1031
-1025
-1014
-997
-971
-941
-904
-860
-815
-761
-702
-644
-579
-507
-436
-363
-285
-206
-123
-41
39
121
207
289
366
446
524
595
662
724
781
833
874
915
952
984
1004
1023
1041
1048
1050
1049
1047
1038
1021
1007
987
962
932
898
862
819
770
717
663
607
548
486
420
352
287
219
152
84
14
-51
-115
-182
-250
-317
-385
-451
-518
-586
-651
-717
-782
-840
-897
-954
-1003
-1047
-1087
-1123
-1155
-1177
-1191
-1202
-1205
-1198
-1185
-1168
-1143
-1111
-1077
-1036
-992
-939
-884
-825
-760
-691
-614
-541
-462
-376
-289
-191
-99
-6
95
194
293
388
481
573
662
742
813
884
949
1006
1053
1102
1146
1176
1199
1223
1241
1254
1260
1264
1261
1253
1240
1222
1203
1170
1134
1090
1045
992
930
868
802
738
655
570
496
410
329
243
160
79
-10
-96
-187
-270
-357
-442
-527
-615
-696
-787
-872
-950
-1030
-1102
-1178
-1234
-1288
-1338
-1370
-1405
-1427
-1434
-1439
-1441
-1433
-1410
-1381
-1348
-1308
-1264
-1207
-1158
-1099
-1031
-960
-878
-797
-708
-618
-523
-427
-333
-225
-123
-19
91
204
313
410
514
616
707
791
871
955
1027
1093
1156
1213
1267
1306
1343
1376
1403
1429
1437
1445
1448
1438
1425
1407
1384
1346
1309
1269
1214
1156
1093
1031
959
876
797
711
623
531
440
348
248
147
37
-61
-169
-286
-398
-507
-607
-730
-841
-938
-1031
-1125
-1218
-1284
-1354
-1417
-1459
-1501
-1526
-1550
-1559
-1554
-1546
-1523
-1508
-1466
-1418
-1377
-1325
-1269
-1190
-1129
-1057
-974
-893
-805
-725
-619
-518
-424
-320
-229
-121
-30
72
171
258
358
436
528
611
689
764
829
916
974
1041
1099
1142
1197
1230
1290
1315
1333
1357
1368
1380
1356
1362
1344
1310
1287
1244
1220
1160
1098
1048
995
942
851
772
718
624
576
448
417
376
169
99
23
-40
-226
-323
-388
-495
-579
-753
-851
-936
-991
-1102
-1185
-1233
-1297
-1336
-1383
-1417
-1413
-1429
-1435
-1408
-1390
-1367
-1349
-1293
-1241
-1189
-1126
-1079
-998
-943
-866
-776
-719
-625
-552
-465
-399
-311
-215
-154
-48
21
101
199
241
314
394
463
515
572
652
695
757
811
873
926
944
1010
1070
1119
1137
1163
1196
1206
1213
1216
1221
1211
1175
1146
1115
1076
1021
960
933
875
804
730
666
608
529
473
410
333
255
173
125
49
-45
-109
-197
-257
-354
-454
-519
-598
-665
-748
-790
-906
-954
-984
-1056
-1050
-1109
-1118
-1132
-1129
-1136
-1154
-1089
-1117
-1083
-1015
-1009
-978
-929
-871
-833
-776
-732
-704
-608
-560
-540
-458
-425
-356
-344
-261
-195
-179
-98
-85
3
23
82
139
179
258
273
370
393
445
519
577
660
683
758
809
857
919
958
1038
1071
1082
1104
1119
1152
1136
1143
1142
1131
1097
1029
1032
950
914
871
801
785
659
626
540
476
433
307
298
136
119
40
-107
-80
-254
-271
-352
-468
-492
-633
-660
-704
-792
-819
-922
-905
-1012
-1014
-991
-1132
-1057
-1167
-1058
-1153
-1146
-1083
-1164
-1041
-1123
-978
-1037
-942
-911
-896
-759
-825
-707
-689
-554
-511
-493
-401
-380
-291
-213
-188
-55
-59
39
123
99
312
216
411
458
480
616
575
765
705
892
930
942
1107
1017
1160
1185
1227
1274
1243
1317
1234
1256
1233
1173
1192
1096
1103
1018
925
911
779
753
657
586
529
405
348
232
195
77
-30
-58
-218
-229
-333
-424
-446
-570
-608
-677
-679
-816
-840
-841
-922
-917
-1019
-995
-1034
-1088
-1090
-1113
-1106
-1160
-1083
-1082
-1157
-1016
-1069
-1051
-917
-974
-881
-804
-792
-751
-688
-543
-535
-451
-404
-299
-158
-219
-104
-3
96
93
185
291
281
429
418
546
608
638
690
745
838
848
927
957
1015
1067
1077
1095
1146
1112
1145
1153
1146
1093
1064
1097
970
969
928
885
841
751
711
632
582
454
389
366
250
178
66
15
-47
-142
-203
-279
-285
-455
-473
-486
-608
-598
-710
-679
-760
-799
-843
-918
-814
-965
-967
-946
-1052
-966
-1041
-1040
-988
-972
-980
-1043
-879
-1008
-936
-791
-913
-754
-684
-734
-588
-556
-479
-409
-343
-296
-221
-34
-202
73
136
45
253
243
362
339
501
474
524
664
527
719
728
743
822
798
883
864
882
907
949
977
873
964
930
890
962
895
925
836
812
785
749
763
631
673
603
515
465
355
383
297
256
161
112
59
-92
-46
-118
-191
-241
-345
-334
-426
-478
-503
-574
-600
-674
-660
-774
-799
-744
-873
-783
-891
-945
-888
-914
-887
-949
-902
-951
-858
-876
-962
-739
-834
-748
-653
-761
-613
-526
-420
-520
-390
-278
-292
-230
-250
-100
-25
-38
-35
105
176
147
139
223
392
367
231
427
577
489
496
524
677
712
639
651
815
836
693
820
922
939
898
854
943
973
949
879
926
1021
890
842
829
800
768
683
693
668
548
410
423
406
303
221
162
91
21
-53
-126
-147
-236
-338
-341
-400
-562
-595
-590
-658
-746
-795
-879
-885
-945
-1002
-885
-1083
-1169
-1039
-999
-1077
-1119
-1097
-1022
-932
-1094
-1089
-861
-836
-874
-801
-805
-737
-708
-708
-564
-422
-537
-586
-310
-323
-324
-212
-158
-5
1
-62
52
251
235
273
444
510
544
512
607
806
832
831
982
1071
1032
1038
1174
1280
1298
1280
1315
1442
1386
1325
1347
1348
1372
1324
1267
1181
1137
1066
1001
976
848
772
681
580
479
383
278
182
91
9
-97
-248
-368
-419
-468
-614
-733
-783
-833
-1019
-1071
-1067
-1097
-1233
-1390
-1248
-1259
-1424
-1505
-1370
-1365
-1496
-1496
-1491
-1361
-1386
-1536
-1385
-1198
-1318
-1396
-1189
-963
-1068
-1122
-1014
-761
-628
-786
-607
-331
-289
-358
-201
60
216
227
272
564
701
623
707
970
1215
1256
1159
1264
1490
1551
1510
1649
1818
1817
1763
1767
1850
1870
1810
1821
1876
1825
1663
1543
1544
1559
1477
1276
1169
1107
942
788
665
578
455
246
75
-5
-149
-332
-492
-568
-638
-863
-1062
-1130
-1094
-1250
-1454
-1460
-1483
-1572
-1761
-1769
-1657
-1766
-1892
-1918
-1829
-1851
-1974
-1955
-1844
-1781
-1894
-1877
-1671
-1621
-1651
-1634
-1471
-1253
-1259
-1235
-1039
-810
-747
-704
-477
-272
-102
-16
102
375
528
600
748
1025
1236
1295
1366
1495
1718
1798
1833
1985
2117
2182
2140
2160
2231
2270
2228
2186
2250
2184
2040
1957
1936
1905
1750
1594
1532
1463
1300
1108
1023
932
761
577
426
309
148
-34
-188
-288
-444
-654
-801
-868
-985
-1159
-1305
-1377
-1430
-1580
-1657
-1672
-1772
-1862
-1895
-1924
-1951
-1987
-2060
-2042
-1965
-2008
-2091
-2042
-1994
-1920
-1883
-1918
-1841
-1681
-1587
-1556
-1377
-1266
-1135
-979
-847
-606
-436
-335
-166
119
312
433
572
820
1072
1155
1202
1384
1620
1701
1768
1901
2011
2027
1985
2033
2168
2170
2074
2065
2102
2042
1901
1825
1837
1822
1681
1541
1491
1401
1271
1168
1106
1036
855
692
602
544
402
214
120
23
-126
-302
-420
-503
-624
-776
-904
-992
-1084
-1207
-1288
-1336
-1421
-1516
-1640
-1668
-1677
-1747
-1792
-1826
-1871
-1928
-1935
-1922
-1901
-1899
-1926
-1902
-1791
-1758
-1732
-1613
-1496
-1386
-1320
-1234
-1073
-826
-700
-586
-353
-192
-67
92
331
584
755
808
945
1169
1315
1416
1527
1648
1734
1751
1750
1816
1884
1890
1894
1906
1819
1732
1693
1679
1690
1609
1509
1434
1357
1296
1231
1177
1097
1026
933
833
780
663
577
512
422
306
180
88
-2
-87
-214
-341
-445
-548
-650
-742
-837
-934
-1040
-1139
-1216
-1280
-1343
-1414
-1457
-1492
-1531
-1586
-1639
-1651
-1647
-1659
-1652
-1646
-1614
-1570
-1547
-1509
-1456
-1371
-1276
-1182
-1039
-888
-785
-642
-528
-394
-193
-6
122
230
383
531
698
827
912
991
1085
1168
1201
1228
1270
1326
1361
1346
1276
1230
1235
1260
1252
1196
1137
1087
1043
1023
992
967
924
840
781
730
691
631
564
527
476
391
300
231
171
115
54
-38
-113
-188
-267
-330
-401
-475
-562
-623
-695
-762
-810
-855
-895
-932
-997
-1057
-1107
-1121
-1122
-1151
-1150
-1147
-1117
-1124
-1114
-1068
-1023
-963
-903
-821
-734
-636
-542
-462
-390
-277
-127
10
83
144
259
405
505
535
583
655
738
763
769
797
834
864
858
834
793
768
771
794
799
757
690
657
657
652
629
606
591
557
514
468
445
415
371
345
325
279
210
143
111
83
37
-23
-80
-118
-172
-216
-264
-300
-340
-402
-460
-503
-537
-574
-611
-643
-682
-730
-780
-802
-792
-794
-781
-780
-770
-774
-791
-751
-688
-614
-562
-506
-422
-333
-291
-260
-140
32
125
135
192
319
449
491
490
544
634
666
630
610
630
646
647
620
577
532
476
476
489
465
408
337
331
347
327
284
271
271
238
187
158
138
107
68
29
20
-18
-89
-148
-169
-185
-232
-272
-309
-329
-358
-384
-376
-381
-426
-475
-497
-472
-469
-489
-499
-497
-485
-524
-544
-521
-489
-457
-454
-431
-418
-425
-402
-331
-208
-163
-176
-150
-63
43
63
116
262
376
372
341
427
587
674
643
626
697
759
718
653
671
728
730
669
601
543
492
466
483
491
428
321
261
271
280
249
200
170
139
92
30
-12
-37
-66
-104
-154
-215
-289
-347
-382
-397
-414
-476
-555
-607
-624
-596
-585
-592
-627
-677
-702
-686
-636
-613
-614
-600
-590
-570
-556
-549
-497
-440
-370
-346
-337
-328
-283
-198
-100
-17
32
71
92
130
181
339
464
499
490
489
615
718
742
715
714
789
819
760
688
667
708
730
686
596
491
444
448
474
463
379
295
257
283
274
220
163
121
116
76
7
-68
-123
-133
-153
-196
-261
-349
-423
-452
-463
-476
-529
-605
-656
-688
-677
-676
-682
-706
-746
-775
-780
-748
-719
-707
-712
-697
-666
-610
-583
-556
-503
-440
-365
-347
-312
-256
-170
-68
4
78
129
181
218
287
434
542
579
563
591
721
820
847
821
827
890
915
867
798
783
797
807
781
694
590
526
520
551
539
439
340
317
341
338
279
230
207
191
161
107
51
-10
-57
-81
-119
-181
-268
-350
-395
-422
-468
-520
-577
-638
-677
-713
-710
-716
-739
-781
-829
-817
-800
-780
-774
-789
-785
-750
-714
-675
-658
-625
-554
-505
-457
-441
-392
-308
-206
-109
-61
2
56
114
199
324
440
476
472
516
637
729
748
718
740
805
822
776
715
704
712
712
677
617
557
505
491
501
484
419
346
328
337
316
275
240
227
205
170
144
115
83
38
3
-20
-57
-108
-171
-219
-245
-285
-332
-383
-445
-490
-530
-549
-566
-607
-664
-708
-710
-699
-707
-732
-748
-746
-715
-703
-673
-663
-638
-585
-550
-475
-458
-406
-340
-254
-150
-110
-38
22
99
171
278
385
446
462
491
589
669
696
670
674
717
741
700
651
633
620
605
567
519
459
401
367
365
359
309
243
217
231
223
193
154
141
137
118
108
82
52
20
-3
-6
-15
-58
-121
-165
-177
-190
-220
-270
-319
-351
-378
-398
-417
-450
-506
-548
-553
-548
-555
-595
-616
-601
-587
-586
-580
-568
-536
-500
-468
-428
-398
-344
-294
-208
-123
-63
-3
52
119
189
295
385
437
457
501
587
652
668
655
660
691
712
670
629
598
572
548
511
462
382
316
268
251
235
175
106
75
71
62
35
3
-14
-41
-42
-36
-51
-77
-115
-122
-112
-109
-138
-189
-218
-228
-232
-248
-287
-333
-370
-385
-387
-408
-445
-486
-519
-521
-525
-541
-561
-585
-578
-563
-551
-534
-538
-506
-468
-423
-375
-334
-274
-218
-135
-54
32
118
168
224
299
424
525
561
575
627
721
789
798
777
775
797
800
756
712
659
618
583
545
489
393
318
264
249
214
145
78
32
15
-10
-34
-67
-112
-149
-157
-150
-167
-212
-251
-254
-243
-241
-276
-313
-334
-343
-347
-352
-370
-407
-431
-431
-425
-428
-462
-499
-504
-498
-484
-500
-515
-520
-523
-499
-476
-454
-432
-422
-384
-341
-288
-233
-194
-128
-45
28
102
181
239
303
392
520
604
629
655
717
823
872
871
852
870
900
884
845
802
751
699
659
612
546
447
353
289
262
200
107
26
-19
-53
-113
-156
-201
-251
-295
-322
-328
-361
-408
-451
-465
-456
-472
-502
-534
-559
-566
-563
-559
-580
-601
-618
-609
-585
-581
-601
-622
-621
-595
-566
-565
-548
-567
-546
-510
-475
-431
-426
-393
-372
-303
-234
-179
-129
-73
18
94
200
273
332
393
494
627
715
760
784
870
964
1027
1046
1048
1067
1080
1084
1078
1048
991
938
899
869
808
713
618
555
522
453
363
273
199
145
87
33
-43
-128
-194
-232
-255
-319
-393
-456
-486
-501
-531
-574
-625
-668
-689
-698
-711
-746
-780
-805
-805
-799
-812
-829
-849
-849
-839
-814
-803
-791
-801
-788
-749
-701
-644
-624
-586
-561
-503
-423
-345
-277
-223
-145
-56
52
139
204
265
372
505
607
661
707
790
891
976
1016
1044
1071
1102
1124
1136
1124
1079
1041
1024
1009
958
872
785
730
697
646
568
488
416
354
300
247
179
92
18
-20
-57
-124
-213
-282
-326
-361
-407
-466
-526
-589
-639
-672
-700
-744
-793
-828
-841
-844
-867
-896
-919
-922
-913
-897
-882
-872
-880
-890
-855
-801
-726
-699
-682
-656
-600
-507
-436
-362
-300
-209
-131
-25
65
134
198
298
446
540
596
624
706
816
898
931
952
982
1016
1041
1054
1048
1002
971
964
975
944
864
784
746
742
705
643
583
533
475
421
376
322
249
177
136
99
31
-58
-136
-177
-212
-262
-324
-391
-457
-515
-547
-571
-612
-663
-710
-733
-743
-765
-803
-836
-856
-855
-849
-830
-840
-868
-884
-878
-810
-767
-736
-735
-733
-674
-621
-551
-495
-434
-348
-274
-191
-126
-66
10
136
270
368
412
444
534
638
729
766
784
816
842
861
863
846
824
808
804
804
779
720
656
630
636
628
601
554
518
483
450
422
379
345
305
278
236
168
94
32
3
-21
-65
-125
-206
-280
-329
-349
-367
-410
-465
-510
-533
-552
-575
-604
-626
-654
-667
-672
-670
-684
-725
-739
-743
-697
-671
-656
-666
-680
-639
-583
-501
-452
-410
-369
-290
-188
-123
-74
-22
108
227
297
316
341
426
501
561
590
597
599
589
603
625
600
565
535
539
545
507
454
413
413
416
404
385
358
325
305
301
290
255
207
190
193
164
106
48
20
11
-12
-45
-88
-139
-198
-234
-234
-244
-277
-323
-349
-361
-377
-397
-413
-416
-440
-455
-458
-441
-448
-468
-483
-461
-415
-392
-372
-388
-373
-345
-289
-218
-169
-123
-98
-24
58
116
147
204
314
403
441
443
484
538
585
597
606
605
566
529
500
498
447
377
327
300
276
215
140
101
71
42
23
-2
-8
-58
-90
-102
-117
-137
-180
-174
-182
-216
-273
-315
-314
-314
-333
-368
-401
-440
-463
-471
-469
-475
-495
-499
-491
-473
-470
-466
-449
-446
-421
-387
-352
-318
-330
-313
-277
-224
-154
-125
-77
-72
-44
16
90
197
252
288
350
438
519
558
598
690
792
838
846
863
913
931
925
925
917
893
812
756
733
683
592
496
434
388
314
211
130
61
-1
-78
-121
-158
-222
-290
-346
-361
-395
-455
-501
-509
-522
-566
-627
-665
-675
-685
-695
-710
-730
-776
-802
-787
-756
-740
-747
-753
-734
-707
-662
-624
-599
-582
-567
-512
-438
-375
-350
-316
-265
-190
-113
-36
30
60
113
180
309
413
477
531
616
720
769
833
921
1042
1088
1087
1118
1178
1218
1188
1166
1172
1151
1056
961
922
889
785
655
560
484
393
264
168
109
23
-96
-189
-235
-286
-375
-462
-500
-529
-598
-674
-706
-724
-770
-832
-879
-885
-893
-926
-937
-945
-961
-995
-1007
-976
-961
-951
-944
-919
-884
-870
-839
-782
-740
-692
-660
-594
-520
-479
-413
-353
-251
-181
-97
-16
52
142
212
322
442
552
631
731
843
932
986
1049
1173
1291
1341
1340
1370
1425
1433
1404
1408
1424
1379
1255
1162
1140
1083
980
862
782
706
576
458
365
279
165
47
-10
-63
-149
-276
-370
-412
-479
-555
-630
-667
-705
-774
-860
-905
-924
-965
-987
-1002
-1012
-1064
-1117
-1128
-1108
-1078
-1089
-1089
-1073
-1068
-1058
-1042
-1008
-953
-932
-904
-863
-785
-735
-693
-617
-536
-420
-374
-279
-199
-113
-30
59
236
337
439
512
647
767
819
893
983
1146
1217
1241
1282
1339
1387
1355
1371
1422
1421
1335
1232
1219
1200
1116
1014
967
929
802
666
598
568
481
339
262
211
129
7
-71
-92
-159
-266
-383
-431
-477
-535
-579
-626
-666
-755
-822
-854
-854
-890
-937
-976
-986
-1004
-1053
-1072
-1067
-1029
-1031
-1010
-1005
-992
-1004
-977
-898
-854
-806
-809
-748
-686
-627
-571
-494
-405
-353
-292
-228
-115
-34
42
117
216
325
399
480
539
604
683
793
906
965
973
1000
1058
1092
1105
1131
1180
1172
1113
1057
1033
1007
947
915
901
852
745
628
580
553
498
424
361
298
226
155
94
73
18
-36
-88
-124
-172
-249
-302
-321
-311
-371
-434
-469
-489
-531
-588
-584
-591
-614
-670
-688
-679
-689
-741
-779
-727
-739
-700
-732
-737
-733
-757
-718
-700
-642
-646
-637
-641
-561
-523
-515
-479
-441
-359
-328
-264
-203
-98
-29
27
89
133
194
255
367
458
540
571
578
615
630
670
736
782
794
790
769
749
726
688
691
712
716
696
635
535
482
469
466
475
448
423
385
329
293
256
251
226
220
214
196
169
81
42
21
24
-3
-54
-72
-115
-123
-203
-265
-269
-359
-359
-391
-383
-418
-522
-601
-688
-602
-633
-684
-685
-740
-693
-764
-795
-762
-801
-736
-750
-679
-636
-636
-657
-691
-557
-525
-432
-409
-384
-296
-251
-192
-176
-102
-66
-10
99
158
220
245
236
297
380
442
463
486
538
590
617
585
589
584
571
615
632
643
599
545
523
543
575
565
565
546
562
558
529
536
561
576
556
556
542
493
483
458
472
493
405
329
213
196
183
132
32
-37
-57
-206
-245
-325
-401
-428
-521
-502
-522
-578
-634
-730
-714
-703
-671
-674
-737
-712
-772
-764
-779
-758
-742
-763
-678
-700
-669
-737
-755
-731
-685
-551
-543
-495
-496
-464
-421
-386
-309
-225
-96
-32
46
115
119
129
161
268
389
458
434
422
436
440
446
468
539
571
594
591
594
623
586
620
690
739
825
805
786
775
846
872
830
891
813
836
825
724
715
640
574
502
435
406
285
213
61
23
-21
-155
-168
-362
-255
-400
-451
-492
-583
-534
-728
-584
-715
-677
-724
-852
-829
-860
-805
-939
-875
-941
-927
-921
-988
-964
-966
-912
-902
-809
-776
-741
-709
-655
-545
-450
-390
-338
-238
-142
-54
-30
39
110
184
236
293
373
384
425
419
482
541
552
570
582
659
705
740
724
781
844
848
915
938
968
996
987
972
1016
1031
960
931
921
890
856
739
646
675
574
492
397
287
252
124
27
-83
-24
-153
-340
-295
-424
-420
-585
-623
-682
-688
-692
-884
-787
-934
-971
-1037
-1079
-1008
-1040
-1056
-1128
-1030
-1011
-1066
-1048
-1009
-875
-800
-834
-768
-667
-592
-573
-506
-407
-324
-231
-247
-148
-17
30
56
101
195
243
291
312
357
450
480
516
558
603
635
641
709
759
802
819
819
862
872
889
864
889
919
906
942
888
845
846
803
784
750
729
670
617
550
459
446
334
230
175
127
33
-47
-132
-247
-283
-423
-495
-522
-611
-693
-746
-816
-873
-869
-987
-1045
-978
-1002
-1004
-990
-1033
-1001
-954
-947
-931
-846
-800
-791
-686
-649
-607
-525
-518
-432
-327
-259
-239
-164
-65
-34
57
94
178
251
261
296
364
465
475
494
533
577
620
590
596
638
673
697
702
710
704
722
738
731
768
774
787
806
802
806
800
774
738
733
709
682
638
567
506
445
357
264
189
89
-33
-115
-205
-303
-412
-531
-613
-683
-759
-841
-892
-952
-969
-994
-1030
-1048
-1050
-1038
-1034
-982
-951
-896
-871
-848
-754
-704
-654
-609
-542
-450
-375
-297
-246
-175
-133
-93
-24
40
104
145
181
217
248
271
297
321
338
354
375
381
390
405
412
445
456
463
493
526
564
600
632
662
719
756
788
828
845
869
863
864
854
841
805
749
703
621
552
468
380
271
167
55
-58
-158
-276
-388
-471
-546
-621
-697
-788
-828
-860
-881
-909
-920
-924
-924
-909
-911
-868
-837
-801
-760
-711
-651
-610
-564
-521
-456
-377
-295
-225
-179
-133
-77
-33
12
47
80
104
125
145
158
181
182
188
188
185
183
177
189
218
258
279
305
343
383
434
485
549
617
673
731
794
846
883
899
905
905
899
868
824
779
719
644
555
460
353
244
122
10
-93
-193
-297
-400
-469
-546
-612
-683
-728
-754
-777
-776
-795
-799
-792
-789
-767
-741
-707
-678
-643
-604
-572
-530
-503
-475
-437
-405
-359
-301
-252
-221
-213
-179
-147
-112
-96
-93
-58
-34
-8
2
20
41
52
76
89
114
121
142
188
241
302
350
403
462
523
576
636
705
760
815
863
908
942
947
926
910
890
844
780
715
645
559
473
374
276
183
73
-21
-118
-205
-287
-365
-412
-462
-494
-543
-571
-588
-607
-605
-633
-628
-621
-617
-618
-622
-588
-592
-571
-563
-549
-521
-525
-513
-515
-475
-454
-424
-376
-366
-326
-309
-269
-239
-220
-188
-169
-115
-85
-50
-15
17
59
78
114
137
162
202
248
316
372
432
491
552
615
665
723
763
813
845
873
906
902
902
869
828
775
703
638
544
469
377
285
206
105
22
-72
-152
-231
-305
-359
-417
-443
-474
-502
-512
-530
-530
-533
-533
-537
-543
-536
-546
-536
-538
-513
-496
-483
-452
-462
-434
-447
-439
-434
-425
-375
-366
-325
-326
-296
-270
-260
-240
-241
-211
-192
-159
-129
-103
-64
-31
6
48
91
128
162
204
268
340
412
484
558
628
691
753
803
850
884
906
924
927
920
899
860
807
745
671
569
473
375
271
182
91
13
-70
-145
-223
-291
-353
-416
-455
-492
-510
-522
-530
-534
-534
-526
-526
-522
-523
-523
-517
-523
-508
-488
-467
-437
-418
-394
-375
-357
-347
-335
-296
-274
-249
-223
-196
-160
-133
-119
-114
-97
-92
-83
-68
-51
-30
-9
13
40
78
107
132
163
204
259
311
367
433
499
567
628
683
735
776
800
811
815
807
777
739
698
641
581
496
406
317
224
128
37
-46
-134
-212
-292
-356
-417
-469
-520
-567
-595
-624
-638
-652
-654
-650
-640
-628
-613
-595
-581
-568
-554
-518
-487
-445
-409
-367
-320
-286
-245
-217
-159
-119
-81
-41
-13
29
56
75
84
97
107
101
111
116
123
135
134
146
166
187
204
225
258
301
352
404
457
518
575
631
684
734
777
807
823
836
837
808
770
716
665
599
520
431
335
242
134
34
-67
-161
-250
-340
-421
-492
-559
-624
-673
-712
-743
-766
-792
-802
-802
-798
-787
-775
-748
-731
-705
-676
-637
-587
-537
-481
-429
-372
-325
-276
-227
-168
-112
-64
-18
19
60
102
130
150
167
184
191
201
214
220
237
252
267
288
311
336
358
388
426
461
504
549
594
641
680
718
753
784
805
812
817
812
788
755
701
638
573
495
409
319
223
121
24
-73
-163
-250
-337
-421
-495
-567
-634
-693
-748
-792
-825
-853
-882
-889
-901
-909
-906
-903
-884
-867
-839
-805
-758
-699
-643
-574
-509
-442
-377
-312
-247
-168
-92
-25
40
97
160
206
251
288
317
340
356
373
385
399
408
415
425
440
453
460
472
486
511
529
553
583
618
654
682
713
734
754
758
761
760
745
718
676
632
570
510
434
354
271
179
86
-10
-95
-180
-260
-342
-424
-503
-578
-647
-707
-760
-807
-848
-887
-910
-928
-941
-947
-948
-944
-935
-916
-891
-854
-802
-744
-680
-605
-532
-455
-382
-303
-214
-128
-50
23
100
177
242
300
352
400
440
469
489
506
520
530
536
545
552
552
551
554
562
571
580
595
610
634
655
673
690
706
718
716
709
697
676
651
613
569
513
447
379
305
229
142
54
-30
-114
-194
-273
-351
-425
-499
-566
-634
-699
-754
-810
-858
-894
-928
-951
-973
-987
-993
-992
-989
-978
-954
-928
-885
-835
-778
-714
-640
-557
-482
-396
-316
-233
-151
-78
-1
73
146
210
274
333
380
422
454
485
515
539
554
574
593
606
620
630
645
661
678
691
709
732
749
764
776
788
793
786
773
751
723
690
650
602
549
489
421
353
281
205
125
42
-38
-114
-187
-259
-329
-397
-456
-519
-580
-635
-688
-739
-782
-815
-844
-868
-888
-903
-910
-909
-900
-884
-860
-831
-794
-752
-699
-645
-580
-519
-446
-374
-305
-235
-174
-99
-39
24
80
138
190
229
271
305
343
373
393
413
438
464
484
506
530
552
574
597
618
639
661
676
694
713
726
728
724
716
704
678
643
604
561
515
454
394
333
267
196
122
51
-23
-93
-160
-224
-282
-340
-397
-448
-499
-541
-587
-626
-663
-695
-722
-739
-752
-760
-761
-757
-743
-724
-694
-669
-632
-594
-554
-506
-459
-400
-348
-284
-232
-174
-121
-72
-23
17
60
96
133
164
188
211
232
254
274
290
309
326
345
362
381
401
420
438
457
481
506
527
544
561
574
580
580
570
559
539
518
486
446
401
352
303
247
191
134
72
13
-43
-99
-153
-205
-254
-297
-338
-374
-408
-438
-464
-484
-500
-516
-527
-533
-532
-529
-525
-513
-497
-474
-447
-417
-386
-353
-318
-280
-239
-193
-151
-112
-76
-44
-6
27
61
82
110
137
154
173
184
199
207
221
229
239
250
257
268
278
292
300
312
324
331
342
351
360
367
377
382
379
373
358
344
320
293
264
228
190
146
104
60
15
-34
-81
-127
-172
-217
-261
-298
-330
-357
-385
-408
-426
-437
-447
-449
-444
-439
-431
-420
-404
-384
-355
-329
-298
-262
-224
-186
-148
-105
-74
-36
0
33
65
92
118
138
160
175
188
201
210
220
223
226
231
230
234
233
233
233
235
234
235
241
241
241
240
238
236
232
225
215
208
196
183
170
154
134
110
86
58
30
-3
-38
-70
-104
-136
-173
-209
-241
-274
-303
-335
-360
-385
-403
-417
-430
-435
-441
-438
-434
-423
-405
-390
-365
-343
-316
-278
-246
-200
-159
-115
-73
-33
12
49
96
127
161
192
214
241
255
281
289
304
317
324
342
339
349
348
357
357
351
357
349
354
347
346
345
340
338
325
321
307
293
273
255
235
208
182
158
137
111
86
58
33
9
-19
-49
-79
-108
-141
-170
-202
-235
-267
-298
-325
-356
-386
-420
-449
-474
-495
-513
-528
-538
-545
-541
-534
-517
-496
-470
-438
-404
-356
-313
-265
-216
-167
-119
-75
-27
8
45
75
98
120
135
149
157
169
177
187
199
211
226
240
261
278
301
321
340
360
379
394
404
415
418
416
409
397
381
360
334
303
274
242
212
181
154
129
106
86
70
56
42
30
16
5
-10
-29
-52
-78
-108
-141
-175
-217
-259
-307
-345
-388
-424
-455
-485
-503
-517
-518
-514
-499
-475
-443
-400
-360
-313
-261
-208
-159
-113
-70
-34
-1
20
36
45
49
47
45
42
37
32
30
37
50
72
96
123
161
205
249
290
333
372
407
435
454
464
465
456
443
422
393
355
311
270
224
183
143
106
77
58
46
41
42
45
54
64
76
85
90
85
77
63
39
10
-26
-67
-110
-163
-217
-271
-318
-361
-400
-429
-451
-460
-460
-449
-425
-392
-356
-317
-270
-224
-178
-140
-106
-81
-62
-50
-51
-54
-67
-83
-102
-122
-137
-150
-158
-160
-151
-133
-112
-85
-47
-3
43
92
139
185
229
264
294
311
321
319
307
288
263
230
191
151
112
79
49
24
9
1
4
14
33
60
89
120
149
178
203
222
235
240
236
223
202
174
140
100
57
11
-32
-74
-110
-139
-161
-173
-178
-173
-161
-141
-116
-88
-60
-35
-7
11
24
26
22
10
-13
-40
-73
-105
-143
-181
-212
-242
-261
-275
-280
-274
-264
-243
-218
-183
-142
-99
-52
-8
32
64
90
109
117
119
106
87
61
33
3
-30
-62
-90
-113
-127
-129
-125
-113
-91
-61
-24
21
69
119
166
209
248
281
307
321
329
325
312
296
270
241
209
173
138
106
79
59
45
39
41
49
64
81
103
124
142
157
164
164
160
142
120
90
54
12
-31
-77
-123
-167
-208
-244
-273
-294
-306
-311
-306
-298
-283
-260
-235
-207
-177
-149
-123
-104
-95
-89
-87
-95
-111
-134
-159
-185
-212
-237
-261
-283
-299
-307
-305
-294
-275
-247
-211
-172
-127
-80
-30
21
69
112
151
185
214
233
246
252
251
248
242
231
217
205
196
189
190
191
199
214
232
253
278
304
327
351
369
383
389
387
375
356
333
299
261
219
175
130
83
38
-5
-47
-82
-112
-139
-160
-177
-188
-192
-191
-188
-179
-169
-160
-152
-149
-153
-158
-169
-183
-205
-234
-263
-294
-320
-348
-370
-391
-407
-413
-414
-408
-395
-377
-353
-323
-288
-252
-212
-171
-128
-88
-48
-12
19
47
67
85
95
102
106
112
117
123
135
149
167
188
215
244
275
307
340
373
405
430
447
457
459
455
441
424
400
371
341
304
268
227
184
143
106
69
36
2
-30
-50
-70
-83
-93
-97
-98
-98
-96
-94
-98
-101
-110
-121
-138
-160
-184
-212
-243
-272
-300
-327
-349
-367
-381
-389
-393
-390
-383
-370
-351
-329
-305
-279
-248
-218
-189
-158
-129
-102
-77
-58
-44
-30
-18
-9
0
9
19
32
49
69
91
116
143
172
204
236
267
297
323
346
363
375
382
384
380
373
360
344
325
302
280
252
224
194
166
138
112
88
68
49
33
19
11
4
-1
-5
-8
-13
-18
-25
-35
-48
-63
-79
-98
-119
-143
-164
-184
-203
-223
-240
-254
-262
-268
-270
-271
-271
-267
-259
-248
-236
-225
-211
-197
-182
-166
-151
-137
-127
-117
-108
-100
-95
-89
-80
-72
-59
-45
-30
-11
10
32
56
82
109
133
156
180
198
217
229
237
246
252
255
253
246
239
230
220
207
191
176
159
143
126
110
95
80
66
59
52
46
42
40
40
38
34
29
22
14
3
-11
-26
-44
-61
-75
-90
-103
-118
-130
-142
-152
-159
-165
-170
-173
-177
-175
-175
-170
-165
-158
-149
-141
-129
-122
-112
-108
-105
-100
-99
-99
-98
-95
-92
-87
-81
-74
-62
-49
-35
-17
1
18
36
53
67
80
95
104
116
125
130
138
146
153
156
158
157
155
152
142
131
122
111
102
92
83
76
71
67
64
63
62
60
61
60
57
53
49
45
40
32
26
18
12
8
3
-2
-7
-13
-18
-23
-28
-36
-44
-50
-55
-59
-61
-62
-62
-61
-58
-56
-56
-59
-64
-72
-76
-82
-87
-95
-101
-105
-108
-107
-107
-105
-101
-98
-90
-83
-76
-68
-60
-53
-44
-34
-25
-14
-2
8
19
30
38
47
52
52
50
48
45
40
36
31
24
20
16
16
14
13
14
15
18
20
23
26
29
34
37
40
41
43
43
44
45
47
49
47
45
42
42
39
35
29
22
18
15
16
13
14
13
14
16
15
13
8
5
0
-3
-7
-11
-13
-16
-20
-22
-23
-25
-27
-27
-26
-26
-24
-22
-22
-20
-19
-17
-14
-11
-7
-5
0
0
4
7
9
10
9
8
4
0
-4
-10
-14
-20
-24
-26
-27
-29
-31
-31
-33
-32
-30
-29
-28
-26
-22
-17
-12
-11
-9
-8
-5
-3
-2
1
3
5
8
10
13
15
17
21
23
27
31
34
38
42
43
45
49
49
47
47
46
44
42
40
35
32
28
23
18
11
5
-1
-4
-8
-14
-16
-18
-20
-18
-20
-20
-19
-19
-17
-18
-17
-19
-19
-19
-21
-23
-25
-26
-28
-30
-34
-37
-40
-42
-44
-44
-45
-47
-46
-44
-42
-39
-34
-31
-24
-18
-11
-5
-1
2
4
6
6
5
4
4
6
6
8
10
12
14
17
18
21
22
25
29
34
42
47
54
58
61
64
67
67
67
65
60
54
47
40
30
21
12
4
-5
-12
-16
-20
-23
-26
-27
-27
-27
-26
-27
-27
-25
-25
-25
-24
-23
-22
-19
-19
-17
-16
-17
-19
-18
-20
-22
-25
-27
-28
-27
-25
-23
-20
-17
-13
-9
-7
-4
-1
2
4
5
1
-3
-5
-10
-16
-22
-28
-31
-33
-35
-35
-33
-29
-23
-17
-7
3
13
24
36
48
59
69
75
83
89
94
95
94
91
85
79
70
60
46
35
26
14
4
-7
-17
-27
-34
-41
-46
-50
-54
-56
-54
-53
-50
-44
-36
-31
-25
-20
-19
-13
-9
-7
-6
-6
-8
-12
-13
-19
-20
-21
-22
-18
-14
-10
-5
-2
1
3
3
-1
-4
-8
-16
-26
-34
-45
-56
-67
-78
-85
-88
-90
-90
-86
-80
-72
-63
-51
-36
-22
-8
9
26
43
60
76
90
101
111
115
117
115
112
104
97
89
80
69
56
43
32
21
12
2
-5
-10
-11
-10
-9
-7
-3
4
10
19
25
31
39
48
55
61
64
67
68
69
65
60
55
49
45
42
38
34
29
26
22
16
8
-1
-13
-28
-42
-61
-82
-101
-120
-139
-155
-172
-186
-197
-203
-207
-204
-202
-195
-185
-171
-155
-136
-117
-97
-75
-51
-26
-1
22
43
62
80
95
106
111
114
113
110
104
97
89
80
72
63
56
48
44
44
43
45
46
48
51
58
65
73
84
91
100
108
114
118
124
126
125
124
120
114
106
101
91
85
75
67
58
49
40
29
18
0
-15
-32
-53
-75
-98
-122
-145
-166
-187
-206
-222
-236
-243
-247
-249
-247
-241
-231
-218
-201
-184
-164
-142
-117
-94
-70
-46
-23
-1
17
33
46
58
67
72
73
71
66
62
57
52
48
41
38
35
32
33
34
39
45
53
62
71
83
97
111
127
141
155
169
181
190
197
200
203
204
203
199
192
184
175
166
155
142
128
113
96
79
55
33
7
-17
-43
-71
-101
-132
-161
-186
-209
-230
-248
-263
-272
-278
-279
-277
-274
-266
-255
-237
-220
-199
-177
-153
-129
-105
-83
-62
-43
-27
-13
0
9
14
18
19
19
16
13
10
9
7
6
7
9
13
21
29
39
48
60
73
90
107
125
144
163
183
200
216
227
240
248
253
256
255
251
246
236
226
212
195
177
158
136
111
84
56
26
-4
-36
-68
-100
-131
-162
-192
-218
-241
-262
-281
-294
-305
-312
-315
-313
-307
-301
-290
-276
-260
-239
-216
-193
-166
-142
-116
-90
-66
-44
-24
-5
14
31
43
52
61
67
72
77
81
83
85
88
91
97
102
108
116
126
139
151
165
179
192
207
221
234
245
255
263
267
270
266
260
253
242
230
211
193
174
153
128
102
73
42
12
-20
-54
-91
-124
-159
-192
-224
-256
-285
-311
-331
-349
-363
-373
-379
-381
-378
-371
-360
-349
-333
-314
-292
-267
-240
-213
-184
-153
-125
-93
-63
-35
-9
17
41
62
81
98
113
128
141
154
165
176
186
195
205
215
226
237
249
260
271
283
294
304
313
320
327
332
336
337
333
326
318
306
290
271
247
223
197
170
139
106
72
38
3
-33
-70
-108
-147
-186
-222
-258
-292
-324
-355
-384
-409
-429
-446
-458
-466
-471
-474
-471
-466
-456
-444
-430
-413
-392
-368
-341
-314
-283
-252
-220
-188
-154
-121
-89
-60
-30
-1
27
54
78
101
125
148
170
192
214
234
255
275
297
316
337
358
378
397
415
430
444
457
465
471
473
471
466
456
444
428
407
384
358
329
297
261
225
186
146
105
63
19
-23
-65
-106
-146
-186
-227
-263
-296
-329
-359
-385
-410
-429
-444
-455
-465
-469
-470
-467
-461
-452
-440
-426
-409
-389
-365
-341
-314
-289
-262
-234
-205
-176
-148
-118
-91
-64
-36
-9
16
40
64
88
112
135
158
180
202
223
245
265
285
304
323
339
355
369
381
390
395
399
401
400
397
389
379
368
352
333
310
285
255
225
192
157
120
82
44
4
-34
-71
-108
-145
-180
-214
-244
-272
-299
-325
-346
-366
-384
-401
-414
-423
-430
-431
-430
-425
-416
-405
-391
-374
-356
-337
-316
-292
-267
-242
-216
-187
-159
-130
-100
-71
-41
-13
14
42
70
96
122
147
172
196
219
243
265
286
307
327
345
361
375
389
401
413
419
423
426
426
425
418
408
396
378
360
337
311
282
250
216
180
143
106
67
30
-6
-45
-81
-117
-151
-185
-216
-246
-276
-302
-327
-350
-368
-383
-395
-406
-412
-415
-415
-410
-405
-397
-386
-374
-358
-342
-326
-306
-284
-262
-238
-214
-188
-164
-138
-111
-86
-61
-34
-9
16
40
64
86
108
131
153
173
194
213
231
250
267
283
299
313
327
338
350
356
360
363
362
358
351
342
329
315
295
277
253
228
202
174
145
113
82
49
17
-15
-47
-78
-106
-134
-159
-183
-207
-227
-244
-260
-274
-286
-295
-303
-307
-310
-311
-308
-305
-301
-292
-285
-275
-265
-253
-240
-226
-211
-194
-179
-162
-144
-122
-101
-79
-56
-32
-8
15
38
61
81
103
123
142
160
178
197
214
230
246
262
275
289
299
308
315
319
321
319
315
306
296
283
268
249
227
205
180
154
126
98
70
39
9
-22
-51
-82
-110
-139
-165
-190
-211
-230
-247
-262
-274
-285
-294
-301
-306
-309
-308
-306
-301
-297
-290
-279
-268
-256
-242
-227
-210
-193
-175
-156
-136
-115
-94
-73
-50
-28
-5
20
42
67
89
110
132
153
173
191
207
224
238
255
268
277
287
295
303
309
312
315
316
314
312
306
298
287
275
259
240
220
197
174
147
121
92
65
36
7
-22
-52
-80
-109
-135
-160
-184
-207
-228
-248
-266
-281
-294
-305
-316
-323
-328
-330
-329
-327
-323
-317
-308
-300
-289
-277
-264
-248
-231
-212
-195
-175
-155
-134
-111
-89
-67
-44
-21
4
29
53
79
102
127
148
171
190
209
226
241
254
266
276
287
296
305
311
315
317
316
316
312
305
296
285
271
256
238
216
195
173
148
122
97
72
46
19
-7
-33
-58
-85
-110
-134
-156
-176
-196
-214
-230
-244
-255
-264
-270
-276
-279
-280
-280
-275
-271
-264
-256
-247
-236
-224
-212
-198
-183
-169
-154
-136
-119
-100
-81
-63
-44
-25
-6
11
28
46
63
81
98
114
129
143
158
170
182
190
198
204
210
216
218
222
224
225
226
225
221
215
209
202
193
183
169
156
141
122
106
86
66
48
29
9
-11
-31
-50
-70
-87
-104
-121
-137
-152
-166
-178
-189
-198
-205
-211
-215
-217
-217
-215
-212
-207
-202
-196
-187
-176
-166
-155
-141
-130
-116
-103
-90
-78
-65
-53
-40
-29
-18
-6
6
17
29
41
51
62
73
85
94
105
116
125
133
141
146
150
154
157
161
163
165
165
164
163
163
160
158
153
146
139
131
122
114
102
92
79
67
54
40
27
14
1
-11
-24
-35
-48
-61
-73
-84
-95
-104
-112
-118
-125
-127
-128
-129
-129
-125
-122
-118
-113
-109
-105
-99
-94
-88
-81
-73
-67
-62
-57
-52
-46
-41
-36
-30
-24
-19
-13
-9
-5
0
6
9
15
20
21
27
30
32
39
41
44
46
48
50
52
53
55
56
57
59
60
61
60
59
58
56
53
51
50
45
42
36
32
28
23
17
11
6
-1
-6
-11
-16
-21
-27
-33
-38
-42
-47
-50
-53
-55
-56
-54
-54
-53
-50
-50
-48
-45
-42
-39
-37
-34
-33
-28
-24
-21
-16
-12
-9
-5
0
5
9
13
15
18
23
25
27
29
32
34
38
39
41
40
39
38
35
34
32
30
30
29
29
28
28
29
27
26
25
22
20
19
17
15
14
11
9
8
7
4
2
-1
-4
-8
-10
-12
-14
-17
-21
-22
-23
-25
-24
-26
-27
-28
-28
-28
-28
-27
-26
-26
-24
-24
-24
-21
-19
-17
-14
-10
-8
-5
-3
-1
2
3
4
4
4
7
10
12
14
15
17
18
19
19
18
16
15
14
12
10
7
4
4
2
-2
-3
-4
-6
-6
-9
-10
-11
-12
-13
-14
-16
-17
-17
-17
-18
-19
-20
-20
-20
-19
-18
-16
-16
-16
-15
-15
-14
-14
-12
-12
-10
-9
-8
-9
-5
-3
-2
0
0
2
5
7
10
12
13
15
17
22
22
24
26
27
30
31
33
33
34
36
34
36
34
33
33
32
30
29
25
24
21
19
17
12
8
5
1
-2
-6
-9
-12
-15
-19
-20
-23
-27
-30
-32
-32
-32
-32
-32
-34
-34
-33
-33
-32
-32
-30
-29
-28
-25
-24
-24
-22
-20
-18
-15
-13
-10
-8
-6
-6
-3
-1
1
4
6
10
12
15
15
17
20
22
24
27
29
32
32
35
35
37
38
38
38
37
36
34
34
34
33
30
29
27
27
27
26
24
20
15
12
10
8
4
2
-2
-5
-8
-11
-15
-16
-20
-23
-26
-29
-30
-32
-35
-37
-39
-41
-43
-43
-43
-43
-43
-44
-44
-42
-41
-40
-39
-38
-38
-37
-36
-35
-33
-31
-28
-27
-24
-21
-20
-17
-15
-12
-9
-8
-4
0
4
8
11
15
19
23
27
32
34
35
38
39
40
40
41
40
41
42
42
42
43
42
41
40
38
37
34
32
29
26
22
19
16
14
10
7
3
1
-1
-3
-4
-7
-9
-11
-13
-14
-15
-18
-18
-18
-18
-19
-20
-18
-18
-19
-18
-17
-17
-17
-16
-16
-15
-17
-16
-15
-16
-15
-14
-12
-10
-9
-7
-7
-6
-5
-3
0
1
5
6
8
9
11
12
13
17
16
17
18
19
19
20
20
19
18
17
16
16
16
14
12
10
10
9
9
7
5
2
-1
-2
-4
-7
-10
-11
-13
-14
-16
-17
-19
-20
-21
-21
-21
-19
-20
-19
-19
-18
-18
-18
-18
-18
-17
-17
-15
-14
-12
-11
-11
-10
-9
-9
-8
-7
-7
-7
-5
-3
-2
1
3
4
6
8
8
8
10
10
12
12
14
15
13
14
14
13
14
15
16
17
16
16
14
11
11
11
11
10
8
8
6
5
2
1
0
0
0
-3
-4
-7
-9
-8
-9
-8
-9
-11
-12
-12
-11
-11
-10
-8
-8
-7
-7
-7
-7
-6
-5
-5
-3
-2
0
2
2
2
2
0
2
2
4
4
4
5
6
6
8
8
8
10
10
11
13
13
14
15
16
16
16
16
16
16
16
17
16
16
16
15
14
12
11
9
7
6
4
1
0
-2
-4
-6
-8
-10
-11
-13
-15
-17
-18
-19
-20
-21
-21
-24
-25
-25
-26
-25
-27
-25
-23
-23
-22
-22
-22
-20
-19
-18
-16
-14
-12
-10
-10
-9
-8
-7
-5
-4
-2
-2
0
0
1
4
5
6
8
10
12
13
13
15
16
18
19
19
18
17
20
20
20
20
22
23
24
23
23
23
21
21
20
18
15
14
13
11
9
6
6
3
1
-2
-4
-6
-9
-10
-12
-12
-15
-19
-21
-24
-24
-24
-24
-25
-24
-23
-22
-21
-22
-23
-22
-21
-20
-19
-19
-18
-16
-15
-14
-13
-10
-7
-4
-3
-1
0
1
3
5
7
8
8
10
12
15
17
19
20
21
24
24
26
27
29
31
32
31
32
33
33
31
31
31
29
29
26
25
23
21
21
21
20
18
16
13
11
9
6
2
-1
-5
-9
-12
-16
-18
-20
-21
-23
-25
-27
-30
-32
-33
-35
-34
-35
-35
-35
-35
-35
-34
-32
-31
-30
-29
-29
-28
-27
-26
-25
-23
-20
-18
-16
-13
-10
-7
-6
-3
-1
0
1
2
3
6
7
10
10
12
14
17
19
21
23
23
25
25
27
27
27
26
25
24
22
21
20
17
17
17
13
11
11
10
8
7
8
5
4
3
2
0
0
0
-5
-6
-8
-10
-9
-11
-13
-14
-16
-17
-17
-17
-17
-16
-17
-16
-16
-15
-14
-15
-15
-13
-13
-12
-10
-10
-8
-7
-6
-4
-4
-4
-4
-2
1
1
2
3
3
5
7
7
9
10
13
14
15
16
16
18
18
18
19
18
18
17
16
17
18
20
19
20
19
19
18
16
15
13
11
10
9
9
7
5
3
2
1
1
-2
-2
-5
-6
-7
-8
-9
-9
-9
-9
-9
-11
-11
-13
-13
-14
-15
-15
-15
-15
-15
-15
-15
-15
-15
-14
-13
-12
-13
-12
-10
-8
-8
-7
-6
-6
-4
-5
-4
-4
-4
-2
0
1
3
3
2
3
3
1
1
0
-1
-1
-2
-2
-2
-3
-3
-3
-3
-3
-3
-5
-6
-5
-6
-5
-5
-5
-4
-5
-4
-2
-3
-3
-3
-4
-2
-3
-2
-3
-1
0
0
1
0
0
-1
-2
-3
-1
1
1
1
1
2
3
2
2
4
5
6
6
6
5
5
5
6
8
10
10
11
11
12
13
13
14
14
16
16
14
13
14
15
15
15
15
13
12
11
11
9
9
9
8
8
6
5
3
2
1
-1
-2
-3
-2
-2
-2
-2
-4
-4
-6
-7
-8
-9
-10
-11
-10
-9
-9
-8
-7
-8
-6
-6
-5
-4
-5
-3
-4
-3
-3
-4
-3
-4
-4
-5
-5
-5
-4
-3
-2
-2
-3
-2
-1
0
2
1
2
2
2
2
3
4
5
6
7
7
5
4
4
4
3
2
0
0
-1
-2
-3
-5
-6
-6
-7
-7
-9
-10
-10
-11
-11
-10
-10
-11
-11
-13
-13
-14
-15
-14
-14
-12
-13
-12
-12
-10
-9
-10
-9
-9
-9
-7
-6
-5
-5
-3
-2
-2
-2
-2
1
4
5
6
7
7
6
6
4
6
8
10
10
10
9
10
11
12
14
15
16
15
15
16
17
17
14
15
15
15
15
15
15
14
14
14
13
10
9
9
9
6
6
4
2
1
0
-2
-3
-5
-4
-6
-6
-7
-8
-10
-10
-11
-10
-10
-12
-12
-13
-12
-13
-13
-12
-13
-13
-13
-11
-11
-8
-6
-4
-5
-4
-3
-2
-1
-1
-2
-2
0
2
3
3
3
3
5
6
7
6
7
8
9
8
8
9
9
10
9
10
9
9
9
10
11
12
10
11
10
10
11
10
11
9
8
6
5
5
4
0
-1
-4
-6
-7
-6
-7
-8
-9
-9
-10
-11
-12
-13
-15
-16
-17
-17
-20
-21
-21
-19
-19
-18
-17
-17
-17
-17
-16
-16
-16
-15
-14
-15
-14
-13
-11
-9
-7
-5
-4
-2
0
0
1
1
1
2
4
7
8
10
11
13
12
14
15
16
17
19
19
20
20
20
21
21
20
20
19
17
16
17
16
17
15
14
13
13
13
12
11
11
10
8
7
4
3
2
-1
-3
-6
-6
-8
-7
-9
-11
-11
-12
-12
-12
-14
-14
-16
-18
-19
-17
-16
-15
-14
-14
-12
-12
-13
-12
-10
-6
-5
-5
-3
-3
-2
-3
-3
-3
-2
-1
-1
-1
1
-1
0
1
2
2
2
3
4
4
4
3
3
3
3
3
4
3
4
4
4
3
3
3
1
2
1
0
0
-1
0
2
2
1
1
0
0
0
-1
-1
-1
0
0
0
-1
-1
-2
-3
-3
-4
-5
-5
-3
-3
-6
-7
-6
-5
-4
-3
-3
-1
1
2
2
3
2
2
4
6
6
5
6
5
5
5
5
4
5
5
6
7
5
5
5
5
6
4
3
3
3
2
3
3
3
3
3
3
4
3
3
2
2
2
1
0
-1
-1
-1
-1
-2
-3
-3
-3
-3
-4
-3
-5
-4
-4
-3
-3
-4
-3
-5
-6
-6
-6
-6
-5
-5
-6
-7
-7
-6
-5
-3
-4
-3
-3
-3
-2
-3
-2
-2
-2
-1
-1
0
0
1
0
2
2
1
1
1
0
1
3
5
6
6
6
5
6
5
5
5
6
7
7
7
6
6
6
5
4
4
6
4
3
3
2
1
1
-2
-2
-2
-1
-1
-4
-5
-4
-3
-2
-4
-5
-6
-7
-6
-6
-6
-7
-7
-8
-9
-11
-10
-11
-11
-9
-8
-6
-6
-5
-6
-5
-3
-1
-1
2
2
1
1
0
3
4
5
7
5
6
6
6
6
8
10
12
11
11
11
11
10
10
11
13
12
11
11
8
9
7
8
8
7
7
5
4
2
2
3
3
2
1
1
-1
-3
-5
-4
-5
-5
-5
-6
-6
-6
-7
-8
-9
-9
-8
-9
-9
-11
-13
-15
-15
-14
-14
-13
-13
-13
-14
-14
-11
-10
-9
-8
-5
-4
-4
-4
-3
0
2
3
3
1
2
1
2
3
5
4
5
3
3
4
5
5
5
4
3
4
4
5
4
5
7
7
9
9
9
8
7
4
5
5
6
7
5
4
4
3
3
2
1
0
0
-1
0
0
1
2
2
1
0
0
-1
-1
-2
-2
-1
-3
-3
-3
