0
2
1
1
2
2
5
5
4
5
5
4
4
5
3
2
2
1
1
3
3
2
2
1
0
1
3
3
3
4
4
5
5
6
4
3
1
1
1
1
-1
-1
-1
-1
-3
-4
-6
-5
-6
-5
-4
-4
-4
-3
-3
-3
-3
-2
-1
-2
-2
-1
-1
0
1
2
2
2
2
2
2
2
3
4
4
4
4
3
3
3
3
5
5
6
8
6
7
8
7
4
5
4
4
3
2
2
3
2
0
0
-1
-2
-4
-3
-4
-5
-6
-6
-8
-7
-8
-8
-8
-7
-6
-6
-6
-7
-7
-8
-8
-7
-8
-7
-7
-7
-7
-5
-6
-5
-5
-5
-3
-4
-3
-3
-3
-4
-2
-3
-1
-4
-2
-2
-1
-1
0
1
1
0
0
1
1
2
3
3
4
4
6
6
7
7
9
9
9
10
9
9
9
8
8
8
7
9
8
8
7
7
7
6
6
4
4
3
2
2
1
0
2
3
3
3
3
1
0
1
0
0
-2
-2
-3
-3
-4
-4
-4
-4
-3
-3
-3
-2
-3
-2
0
0
-1
-2
-3
-2
-2
-1
-2
-2
-1
-3
-2
-1
-3
-3
-3
-4
-6
-6
-6
-4
-4
-5
-5
-5
-5
-4
-4
-3
-1
-2
0
1
1
1
1
2
2
2
4
2
3
2
1
1
1
1
1
0
1
1
0
-2
-1
-3
-4
-6
-8
-9
-9
-11
-9
-10
-10
-9
-9
-9
-9
-8
-9
-8
-8
-7
-7
-6
-5
-6
-3
-4
-2
0
0
1
2
3
5
5
6
6
6
7
8
7
7
7
8
8
9
9
10
11
11
10
12
11
11
13
12
11
11
10
9
9
8
6
6
5
6
6
8
7
8
8
9
9
9
9
9
8
6
6
5
2
3
3
1
0
0
-1
-2
-3
-3
-2
-3
-4
-5
-6
-7
-8
-8
-9
-10
-10
-11
-12
-14
-13
-13
-13
-13
-12
-11
-11
-10
-9
-8
-7
-5
-2
-2
-1
0
0
1
1
2
2
5
5
5
5
6
4
3
1
0
-1
-1
-1
-1
-1
-2
-2
-1
-1
-1
1
1
1
0
0
1
0
0
0
0
0
1
0
-1
-1
-3
-2
-1
-2
-1
-3
-2
-2
-2
-3
-2
-3
-2
0
1
1
2
2
2
4
2
1
0
-3
-3
-5
-2
-4
-4
-5
-6
-7
-8
-9
-9
-8
-10
-11
-9
-8
-7
-7
-6
-5
-2
1
2
4
6
8
9
9
9
9
9
7
7
5
6
5
5
5
5
6
6
5
5
6
6
5
5
5
6
3
3
4
4
5
7
7
8
9
8
8
7
8
6
5
5
5
5
5
3
3
2
0
-1
1
1
0
-1
-1
-1
0
0
0
-1
-3
-3
-3
-4
-4
-4
-5
-5
-6
-5
-6
-4
-5
-5
-5
-4
-4
-3
-4
-4
-3
-3
-2
-2
0
1
2
3
4
5
4
4
2
2
1
0
-1
-1
-3
-4
-5
-4
-3
-3
-3
-4
-3
-4
-4
-5
-5
-5
-4
-3
-3
-4
-4
-4
-3
-3
-2
-2
-3
-3
-3
-4
-3
-1
-2
-2
-3
-2
-1
-2
-1
-1
-1
0
-1
-1
-1
0
-1
0
2
2
2
3
4
3
3
4
4
5
5
3
3
3
1
1
1
1
1
1
1
2
0
2
1
1
2
1
0
1
-2
-3
-5
-7
-7
-8
-9
-7
-6
-7
-7
-6
-6
-6
-5
-7
-7
-7
-8
-9
-8
-7
-8
-7
-6
-5
-4
-2
-2
-2
1
2
3
5
6
8
8
10
11
12
14
15
15
15
17
18
20
20
21
20
20
20
21
22
20
20
19
19
19
16
15
14
12
12
10
7
6
4
2
1
-1
-3
-4
-6
-8
-9
-10
-11
-11
-12
-14
-14
-15
-16
-16
-15
-14
-14
-14
-13
-12
-11
-10
-10
-11
-10
-9
-9
-10
-11
-11
-10
-9
-9
-8
-6
-5
-5
-4
-4
-2
-1
2
3
3
4
7
7
7
7
7
8
9
9
8
10
8
9
7
6
4
4
3
2
1
-2
-2
-4
-5
-8
-9
-9
-10
-10
-11
-11
-12
-11
-12
-11
-11
-11
-11
-11
-12
-11
-12
-11
-10
-9
-9
-9
-9
-10
-8
-9
-7
-7
-8
-8
-8
-8
-8
-7
-7
-6
-5
-3
-2
1
0
1
2
4
5
5
5
6
8
7
9
10
10
11
11
12
12
11
11
10
9
7
7
7
7
6
7
9
9
11
12
13
16
17
17
19
19
18
19
21
20
19
21
21
20
20
20
19
18
17
16
15
14
12
11
9
9
8
6
6
5
4
4
4
4
3
2
2
3
2
1
1
1
1
0
0
0
-1
0
0
0
-1
-2
-4
-6
-8
-10
-13
-15
-18
-18
-20
-21
-23
-25
-26
-27
-27
-28
-27
-29
-28
-28
-27
-26
-25
-24
-24
-22
-22
-22
-22
-21
-21
-20
-20
-18
-16
-15
-13
-12
-10
-9
-8
-7
-5
-3
-2
0
1
2
4
6
5
5
5
6
5
5
5
5
5
5
6
5
6
4
3
3
3
2
1
0
-2
-1
-1
0
1
4
3
3
4
3
4
5
6
6
6
7
8
10
11
11
13
13
16
18
19
20
20
20
21
22
24
22
22
24
22
23
25
23
22
24
22
20
21
19
17
16
14
12
10
10
9
8
8
7
6
6
4
2
1
-2
-2
-3
-5
-7
-8
-8
-9
-10
-10
-10
-10
-11
-11
-11
-11
-10
-12
-13
-15
-15
-17
-16
-18
-19
-19
-18
-17
-17
-17
-16
-17
-17
-18
-18
-16
-17
-17
-16
-15
-13
-11
-10
-8
-8
-7
-4
-2
0
-1
0
0
0
2
2
2
3
4
5
6
5
6
7
6
6
5
5
4
4
2
0
-1
-3
-4
-4
-6
-6
-6
-7
-7
-5
-5
-5
-6
-7
-7
-6
-7
-7
-9
-7
-8
-7
-6
-5
-6
-4
-2
0
1
3
6
7
9
10
12
13
13
14
15
17
17
17
17
18
18
18
19
17
18
16
14
13
10
10
9
8
5
4
4
4
4
3
2
2
0
1
0
0
0
-2
-1
-2
-3
-3
-5
-5
-6
-7
-7
-8
-7
-7
-7
-6
-6
-6
-6
-7
-5
-5
-4
-5
-5
-4
-4
-3
-3
-3
-1
-1
-1
-1
0
0
0
1
1
1
4
5
5
6
6
8
8
8
9
10
8
9
10
11
10
8
6
6
6
4
2
0
-1
-4
-4
-7
-9
-10
-11
-13
-14
-15
-15
-16
-17
-17
-16
-18
-18
-18
-17
-16
-14
-13
-12
-10
-9
-6
-6
-5
-4
-3
-2
-2
-2
-1
-1
-1
1
2
0
1
1
2
2
3
3
3
3
5
5
5
3
4
4
5
6
6
5
6
6
7
6
7
5
6
6
5
5
4
3
3
4
4
4
3
1
0
1
1
0
0
0
0
1
2
4
4
4
4
6
7
7
7
6
6
5
6
5
6
5
6
6
6
7
4
3
1
2
3
2
2
3
2
2
0
2
1
-1
0
-1
-1
-1
-1
-2
-2
-1
-1
-2
-3
-3
-2
-1
-1
-1
-1
-2
-3
-4
-4
-4
-6
-5
-7
-8
-7
-6
-6
-8
-8
-8
-9
-8
-9
-9
-9
-10
-8
-9
-9
-9
-9
-7
-6
-4
-3
-3
-2
-3
-2
-3
-3
-3
-4
-3
-1
-1
-2
-2
-2
-2
-1
-1
0
1
2
2
3
3
3
6
5
7
7
8
8
8
9
8
9
8
7
8
7
6
6
5
3
3
4
1
1
2
3
4
6
5
6
7
7
7
6
6
5
5
5
4
2
1
0
-1
-1
-2
-4
-4
-5
-5
-6
-5
-5
-5
-5
-5
-5
-4
-3
0
0
1
2
3
5
4
4
5
5
6
6
7
6
6
6
5
5
4
2
2
1
0
1
1
0
1
-1
-2
-3
-4
-6
-5
-4
-3
-3
-4
-4
-4
-3
-4
-5
-6
-7
-6
-7
-7
-4
-5
-5
-4
-3
-1
-1
0
0
0
1
2
2
1
1
0
2
1
0
-2
-2
-2
-2
-3
-4
-5
-6
-5
-6
-7
-9
-10
-9
-10
-9
-10
-11
-11
-11
-14
-15
-14
-13
-12
-11
-9
-7
-6
-5
-3
-4
-5
-3
-3
-2
-1
0
2
2
4
4
5
6
10
11
13
13
14
15
16
15
15
14
15
12
12
12
10
7
5
4
3
3
3
2
1
1
1
-1
-2
0
0
0
2
3
6
8
10
11
11
12
12
12
13
13
16
17
17
16
16
16
14
12
9
9
8
6
6
5
6
6
7
7
7
8
6
4
5
4
3
1
0
1
-4
-6
-8
-10
-12
-14
-14
-17
-17
-19
-19
-18
-17
-17
-17
-19
-19
-21
-17
-15
-14
-12
-12
-11
-11
-11
-10
-8
-6
-4
-5
-4
-6
-7
-7
-9
-9
-9
-10
-12
-13
-15
-14
-13
-10
-9
-8
-8
-8
-9
-8
-4
-3
-3
-2
0
0
2
1
-1
1
1
2
2
1
1
0
-2
-1
0
4
7
5
8
8
7
8
7
10
10
10
10
7
7
6
5
6
6
9
10
12
13
14
17
17
17
17
17
18
17
16
14
13
13
13
13
15
16
16
14
12
8
11
13
12
14
16
14
8
5
7
7
7
7
5
3
2
-2
-11
-15
-11
-15
-16
-16
-19
-19
-20
-20
-22
-22
-20
-25
-24
-21
-23
-18
-16
-16
-14
-13
-10
-12
-10
-7
-7
-1
-1
-2
0
1
3
5
2
3
1
3
6
1
0
-1
-3
-2
-3
-3
-1
-2
4
3
3
6
4
2
1
1
2
-1
4
3
0
0
-1
-3
1
4
8
9
13
8
6
8
5
7
6
3
-3
-4
-8
-12
-13
-9
-11
-4
-7
-5
-6
-7
1
0
4
9
1
4
6
3
8
3
7
6
6
11
3
3
5
2
4
4
3
4
5
12
7
9
11
7
10
9
9
7
4
5
1
8
13
13
13
9
8
5
6
9
2
2
0
-5
-7
-18
-17
-24
-21
-19
-25
-17
-20
-25
-20
-23
-17
-15
-14
-7
-7
2
-1
-7
-7
-3
0
-3
-3
-9
-16
-13
-20
-19
-12
-2
5
1
-1
-9
-11
-1
-4
0
11
14
10
2
0
-3
6
16
18
19
29
22
22
19
15
22
19
32
38
24
23
15
1
4
6
15
12
8
14
4
12
10
6
7
14
21
9
1
-3
-8
-7
2
-7
1
-16
-9
2
-9
-12
-19
-6
12
3
5
-6
-24
-4
-18
-38
-25
-11
-5
5
6
-11
-30
-26
-32
-23
-17
-11
-5
2
9
-19
-17
-9
-11
-1
-4
-14
-2
-3
0
-1
5
8
-11
3
-9
-19
-4
-14
-1
6
2
-2
-21
-9
-9
-10
14
18
8
17
-5
-22
-6
1
13
25
25
5
16
-4
8
19
16
37
14
7
6
-20
-24
-22
-31
20
24
25
34
17
-11
-10
-9
-10
17
18
17
3
10
-10
-32
-29
26
55
48
33
-18
-32
-17
-1
5
20
9
29
14
-13
-7
-40
-18
16
-8
-12
-11
-10
1
-21
-32
-20
-20
-12
8
15
2
9
-34
-40
-24
22
19
-2
10
18
-18
-23
-15
-19
24
43
30
7
17
2
12
28
19
22
38
45
50
20
8
0
9
55
17
34
55
12
33
27
-17
10
17
49
12
-6
-1
-61
-19
13
-24
-11
-19
-5
11
-44
-8
-65
-34
-9
-49
-30
-35
-47
-5
-34
-62
-67
-97
-33
-43
-11
-62
-36
-14
-15
-49
-36
-42
-33
8
-3
14
-2
39
-44
-34
-29
-29
-20
38
39
68
65
-14
-13
-28
-6
19
15
59
25
-8
65
34
40
40
-5
53
64
15
19
46
81
58
26
-3
-22
36
30
59
83
118
96
-19
-1
-15
-94
-63
-98
-52
12
-58
-46
-36
-23
46
-4
-27
-19
-1
30
28
-26
-34
-70
-1
54
-24
-4
23
21
36
-21
-25
-22
-29
5
-67
-42
-8
-26
14
67
88
119
-19
-66
-15
40
48
19
60
85
119
56
-61
-92
-14
81
75
20
5
-24
48
73
-67
-95
-87
-5
55
-12
-60
-76
-3
49
-81
-172
-202
-130
-6
9
23
-32
-23
62
11
-32
-130
-124
56
137
129
2
-111
0
61
57
8
-68
21
89
101
38
10
45
127
125
72
-29
-65
-16
87
116
54
-18
-44
30
39
-20
-91
-60
-10
27
-4
-52
-74
-56
-35
-60
-75
24
75
87
77
-70
-152
-176
-149
-41
-9
-32
-61
-145
-164
-165
-90
69
133
156
114
7
-43
-50
-51
19
49
8
-64
-111
-98
-40
40
90
73
83
38
-3
44
63
99
113
107
110
17
-43
-34
-22
50
50
12
1
-18
45
28
32
93
88
113
65
-28
-47
-20
87
131
112
81
-22
-34
-70
-141
-92
-10
75
103
50
-5
-65
-32
-9
-23
4
-8
-51
-58
-35
-58
-98
-82
-90
-49
-3
-55
-80
-67
-48
-19
-8
28
68
97
101
-3
-59
-48
-2
81
114
76
41
18
-20
-75
-58
-1
36
52
2
-33
9
72
93
85
63
39
21
12
-5
10
17
-9
-35
-57
-67
-80
-65
-7
33
30
9
-54
-51
-8
4
-3
-30
-34
-49
-90
-135
-146
-119
-49
-30
-16
13
11
13
6
-6
16
43
83
85
58
46
0
-30
-50
-48
-16
20
29
0
-23
-16
-37
-3
76
89
103
119
67
41
32
-11
-17
-7
4
0
-34
-38
-69
-71
-15
-19
11
54
14
35
25
-9
21
2
-2
-3
-38
-17
-45
-81
-46
-73
-56
-29
-68
-55
-26
-8
27
26
43
34
11
43
45
27
63
47
37
45
-39
-101
-80
-46
6
31
48
81
82
123
122
56
95
78
38
93
49
-37
-58
-67
-84
-91
-38
27
19
60
58
-5
35
68
62
124
160
91
20
-20
-58
-116
-97
-63
-46
-9
-37
-137
-159
-142
-159
-127
-61
1
52
57
31
22
25
5
-34
-17
-8
-8
4
-11
-24
-24
-42
-39
-33
-53
-80
-68
-50
-60
6
37
46
82
74
58
6
-16
-35
-71
-9
-2
-29
-3
-3
23
45
23
12
43
136
156
161
208
195
159
98
13
-31
-37
-37
-24
1
28
18
-15
-19
-2
39
94
109
125
145
106
97
55
6
9
-22
-55
-87
-155
-143
-163
-200
-177
-202
-150
-95
-122
-95
-82
-72
-47
-91
-63
-63
-56
25
0
-1
-24
-133
-122
-111
-108
-53
-41
27
71
58
55
-18
-42
-18
-41
1
26
20
95
115
101
68
30
32
9
0
6
29
103
120
132
185
185
144
79
21
-8
-64
-79
-62
-28
45
35
25
41
-31
-57
-35
-13
96
142
188
228
170
130
22
-54
-51
-122
-131
-149
-156
-86
-112
-105
-59
-30
33
45
79
130
95
99
71
36
20
-30
-72
-119
-158
-215
-251
-232
-214
-170
-111
-84
-22
11
15
38
71
121
111
92
143
133
118
127
123
131
95
39
9
-20
-25
-34
-42
18
66
83
101
160
203
204
178
143
167
142
104
134
128
129
92
15
19
-21
-77
-88
-100
-40
-14
0
45
-8
-17
-27
-75
-21
-61
-123
-148
-253
-308
-370
-388
-335
-273
-127
-81
-94
-87
-186
-200
-234
-262
-198
-216
-175
-176
-235
-250
-361
-333
-284
-334
-252
-278
-243
-154
-176
-40
8
62
222
187
251
314
305
408
392
422
415
274
273
179
144
222
145
214
312
338
419
414
445
500
490
543
552
547
582
512
475
477
375
348
304
213
159
83
44
13
54
110
59
63
40
-39
-77
-183
-250
-336
-483
-593
-719
-773
-848
-984
-925
-868
-765
-536
-506
-444
-442
-573
-621
-811
-938
-967
-1085
-1062
-1120
-1197
-1133
-1064
-874
-667
-442
-56
419
840
1241
1484
1551
1622
1532
1367
1230
915
625
331
-11
-214
-384
-324
-105
117
419
571
692
856
927
1086
1259
1395
1553
1636
1656
1549
1338
1029
638
370
145
-49
-92
-158
-206
-202
-262
-256
-239
-257
-286
-383
-455
-589
-742
-808
-965
-1104
-1224
-1416
-1544
-1565
-1472
-1336
-1157
-1002
-953
-887
-927
-1069
-1205
-1299
-1332
-1380
-1355
-1406
-1550
-1529
-1376
-750
327
1437
2356
2733
2650
2079
1293
773
428
461
585
360
-10
-514
-862
-974
-835
-339
132
588
988
1249
1543
1748
1924
2168
2393
2576
2538
2299
1840
1128
440
-140
-521
-666
-673
-528
-429
-321
-152
-55
190
379
411
387
189
-46
-340
-678
-1009
-1388
-1644
-1811
-1953
-1923
-1750
-1507
-1151
-791
-602
-501
-566
-714
-766
-910
-1038
-1188
-1366
-1450
-1633
-1634
-1558
-1389
-661
263
1269
2258
2847
2873
2268
1549
985
607
621
596
315
-163
-832
-1359
-1565
-1370
-796
-39
684
1209
1631
1929
2050
2144
2291
2379
2378
2406
2230
1741
1085
255
-427
-885
-1129
-1065
-894
-593
-329
-118
176
302
401
448
369
320
132
-164
-494
-889
-1312
-1716
-1985
-2163
-2237
-2037
-1690
-1272
-812
-495
-379
-466
-654
-737
-779
-715
-699
-896
-1054
-1436
-1765
-1788
-1822
-1255
-386
486
1622
2459
2951
2741
1884
1313
881
757
790
482
71
-618
-1310
-1674
-1686
-1122
-217
609
1198
1673
2015
2092
2133
2165
2234
2257
2185
2226
1974
1365
582
-320
-885
-1183
-1094
-689
-382
-54
99
211
421
472
528
580
585
497
191
-243
-790
-1335
-1848
-2217
-2348
-2315
-2071
-1663
-1169
-628
-250
-59
-98
-383
-569
-734
-844
-827
-989
-1211
-1470
-1854
-2012
-2104
-1857
-1029
-137
1050
2143
2864
3171
2470
1536
1040
802
867
704
315
-353
-1276
-1845
-2106
-1831
-885
53
666
1120
1580
2014
2310
2523
2574
2492
2315
2067
1936
1639
885
67
-626
-1084
-1258
-1040
-514
-119
169
374
522
625
650
636
681
610
292
-90
-576
-1130
-1650
-2139
-2401
-2501
-2384
-1992
-1471
-763
-192
250
457
273
-127
-493
-722
-959
-1066
-1316
-1685
-2022
-2429
-2493
-2479
-1964
-993
-28
1255
2340
3296
3566
2793
1812
1206
1164
1255
1080
626
-305
-1370
-2124
-2486
-2200
-1162
34
865
1380
1756
2129
2449
2907
3052
2966
2702
2300
2065
1552
861
-54
-790
-1112
-1406
-1207
-731
-278
133
412
769
873
879
923
908
914
606
38
-663
-1454
-2147
-2619
-2848
-2850
-2688
-2274
-1640
-1017
-399
58
311
381
60
-252
-625
-985
-1263
-1679
-2074
-2530
-2765
-2882
-2925
-2565
-1713
-718
505
1872
3018
3659
3407
2383
1648
1570
1690
1491
811
-48
-1340
-2212
-2568
-2508
-1508
-184
848
1486
1760
2029
2325
2691
3257
3604
3593
3144
2528
1815
810
-103
-702
-1052
-1057
-838
-458
-27
213
495
808
1101
1333
1345
1457
1377
993
403
-647
-1625
-2430
-2978
-3084
-3107
-2822
-2350
-1795
-973
-409
31
299
225
173
-166
-405
-628
-1145
-1571
-2172
-2791
-3209
-3560
-3526
-3385
-2926
-1880
-858
668
2136
3276
3955
3372
2600
2414
2388
2341
1697
790
-410
-1867
-2571
-3062
-2811
-1490
-216
626
1042
1377
1757
2102
2838
3623
4243
4554
4173
3413
2256
804
-460
-1206
-1324
-1109
-608
42
338
406
417
494
754
1090
1536
1789
1788
1411
535
-569
-1797
-2739
-3278
-3318
-3031
-2682
-2102
-1567
-1042
-600
-283
36
129
205
159
-35
-308
-982
-1786
-2671
-3497
-3831
-4085
-3994
-3653
-3173
-2037
-860
324
1679
2900
3787
3790
3025
2712
2961
3327
3046
1808
309
-1443
-2928
-3642
-3834
-2936
-1166
122
770
896
967
1242
1846
3059
4336
5153
5446
4987
3680
2051
245
-1092
-1514
-1305
-726
-160
308
285
-287
-564
-460
-80
641
1539
2158
2251
1682
425
-909
-2050
-2746
-2995
-2885
-2564
-2242
-1716
-1320
-1171
-999
-725
-398
-83
284
440
257
-414
-1305
-2295
-3104
-3524
-3659
-3543
-3294
-2973
-2439
-1511
-363
798
1967
2901
3320
3330
2825
3061
3663
3813
3159
1535
-155
-2008
-3429
-3810
-3638
-2358
-541
380
639
316
227
692
1708
3376
4810
5688
5915
4975
3394
1615
-147
-990
-1066
-693
-255
-88
-126
-856
-1639
-1798
-1450
-383
935
2173
2841
2515
1546
290
-924
-1811
-2268
-2319
-2202
-2084
-2046
-2202
-2301
-2338
-2092
-1396
-555
270
790
870
421
-414
-1164
-1831
-2270
-2403
-2505
-2498
-2615
-2781
-2428
-1847
-1138
-267
753
2027
2978
3306
3052
2991
3731
4212
3591
2268
543
-1334
-2883
-3502
-3375
-2269
-497
354
0
-877
-1183
-662
678
2799
4763
5795
5845
5035
3575
2020
661
-128
-171
31
117
-234
-850
-1775
-2704
-2706
-1922
-565
947
2114
2577
2157
1203
108
-721
-1206
-1250
-1115
-1231
-1621
-2325
-3058
-3596
-3555
-2812
-1707
-470
309
644
534
128
-192
-486
-677
-761
-1036
-1413
-1950
-2597
-3024
-2972
-2229
-1424
-518
612
1696
2428
2578
2137
2539
3909
4905
4758
3281
1293
-760
-2226
-2749
-2539
-1402
20
250
-660
-1957
-2499
-1796
18
2597
4797
6024
5923
4777
3384
2062
1238
1016
1147
1213
703
-220
-1457
-2689
-3398
-3239
-2162
-738
571
1334
1447
1036
216
-289
-380
-146
242
72
-594
-1782
-2986
-3685
-3930
-3348
-2489
-1565
-659
-338
-161
-84
-116
42
-72
-63
-26
-484
-858
-1580
-2401
-2967
-3269
-2474
-1511
-680
328
774
1438
1924
1914
2406
3570
5010
5409
4237
2361
316
-1273
-1868
-1914
-1243
50
532
-335
-2029
-3175
-2861
-1399
1178
3819
5390
5460
4343
3218
2140
1676
2043
2445
2535
1906
592
-1160
-2665
-3318
-3271
-2631
-1411
-315
145
4
-635
-1141
-1212
-764
126
702
709
-57
-1336
-2428
-3065
-3017
-2564
-1948
-1341
-1025
-1139
-1330
-1207
-1009
-448
-81
85
232
-454
-1073
-1643
-2009
-1919
-1839
-891
-153
113
455
357
696
1266
1646
2234
3361
4652
4844
3543
1723
109
-874
-763
-266
289
1164
1063
-455
-2440
-3453
-2709
-918
1559
3601
4403
3975
2701
1592
1339
1876
2777
3560
3502
2434
628
-1129
-2321
-2884
-2350
-1498
-971
-794
-1224
-1875
-2566
-2532
-1761
-754
345
701
401
-463
-1551
-2080
-1951
-1391
-957
-728
-840
-1350
-1835
-2085
-1844
-1030
-199
84
-105
-642
-1417
-1933
-1711
-1167
-590
0
346
357
114
-37
102
545
1427
1988
1892
2336
3158
3685
3105
1672
583
-225
-188
470
717
1166
1243
185
-1509
-2852
-2565
-1198
670
2344
2826
2369
1431
670
739
1576
2784
3737
3778
2871
1470
20
-975
-1512
-1453
-962
-982
-1405
-2019
-2667
-3083
-3121
-2510
-1604
-692
-92
-172
-504
-814
-934
-648
-193
166
150
-248
-719
-1333
-1792
-1564
-1089
-574
-438
-831
-1250
-1827
-1861
-1478
-819
182
314
299
342
179
334
509
1065
1331
1458
1544
975
1507
2647
3145
2745
1544
512
-312
-29
880
1209
1713
1511
-10
-1895
-3045
-2642
-1213
539
1728
1695
983
95
-282
534
1906
3335
4163
3817
2622
1039
-8
-580
-853
-569
-578
-1177
-2100
-2999
-3614
-3904
-3384
-2467
-1630
-954
-700
-721
-726
-560
-19
603
952
829
239
-279
-720
-911
-834
-529
-341
-682
-1144
-1705
-1920
-1573
-947
-5
340
402
105
-485
-343
-109
597
1368
1984
2118
1275
357
-126
947
2971
4092
3836
2425
848
-377
-580
255
1324
2444
2172
128
-2595
-4158
-3654
-1850
384
1613
1346
144
-878
-948
136
2182
3892
4522
4008
2569
823
-337
-550
-500
-225
-279
-1198
-2499
-3669
-4273
-4356
-3519
-2326
-1542
-1048
-1017
-1109
-982
-376
472
1124
1363
934
439
95
-163
-278
-274
-155
-156
-299
-809
-1236
-1346
-1098
-568
-286
-156
-442
-833
-920
-791
-138
459
1341
1980
1556
1029
197
123
1745
3843
4639
3507
2064
651
-507
-97
869
1617
2182
1595
-708
-3500
-4412
-3395
-1519
511
1268
488
-951
-1767
-1154
543
2763
4209
4241
3281
1725
368
-171
252
853
730
-20
-1401
-2995
-3801
-3659
-3085
-2397
-1825
-1696
-1787
-1675
-1391
-1021
-211
603
893
858
451
182
266
487
764
629
443
176
-170
-336
-578
-517
-497
-583
-611
-755
-830
-1171
-1196
-827
-565
-52
163
567
930
1250
1468
641
915
2230
3232
3546
3019
2383
1184
480
701
440
752
1080
159
-1676
-3225
-3241
-2625
-1454
-216
-15
-414
-939
-1004
24
1546
2701
3111
2686
1729
566
295
724
802
859
475
-675
-1963
-2614
-2393
-2127
-1540
-1048
-1355
-1661
-1858
-1599
-1069
-513
47
147
142
-29
-136
218
562
796
813
571
442
317
368
419
134
97
-29
-234
-231
-345
-604
-1130
-1126
-821
-969
-612
-168
-20
136
289
168
-123
1248
3102
3469
2917
2094
1242
430
564
994
872
1198
1053
-478
-2406
-3138
-2460
-1486
-387
74
-466
-1161
-1500
-1012
221
1291
1884
1833
1120
416
179
552
1011
1281
1239
258
-901
-1364
-1207
-555
-124
-207
-775
-1447
-1753
-1678
-1178
-616
-221
-60
-334
-723
-765
-449
69
590
810
684
469
418
419
490
724
801
702
417
8
-389
-693
-973
-1159
-920
-677
-689
-719
-754
-712
-382
201
181
141
1330
2357
2227
1514
886
341
144
834
1147
1015
1271
935
-480
-1887
-2068
-1325
-358
492
435
-249
-868
-1294
-1092
-250
581
965
1065
846
180
-148
174
602
968
1143
807
176
-63
172
313
289
208
-102
-448
-608
-631
-645
-593
-460
-472
-683
-892
-907
-726
-398
-12
198
141
98
228
404
500
542
619
499
229
-72
-454
-679
-710
-478
-250
-431
-760
-1102
-1188
-810
-296
-34
-443
-663
37
646
662
340
199
309
387
513
380
403
1041
1214
382
-777
-1213
-695
88
752
731
101
-598
-1112
-1017
-460
184
645
766
480
-211
-589
-221
418
1024
1414
1236
692
458
664
851
867
888
715
337
175
92
-155
-409
-461
-408
-525
-697
-837
-798
-540
-252
-113
-287
-408
-212
32
192
292
423
396
140
-96
-377
-515
-375
-134
-56
-367
-812
-1135
-1195
-956
-613
-453
-792
-1051
-491
105
96
-140
-194
-124
7
273
313
464
1218
1565
781
-279
-582
-104
624
1212
1151
498
-217
-748
-816
-349
234
551
555
230
-308
-611
-279
489
1228
1701
1578
1044
789
938
1176
1306
1367
1148
697
387
149
-155
-342
-319
-325
-533
-841
-1138
-1239
-1057
-769
-606
-606
-589
-431
-194
-145
-156
-57
23
-28
-229
-426
-618
-750
-655
-493
-466
-711
-1004
-1129
-1189
-1031
-896
-1167
-1352
-779
-7
3
-364
-468
-455
-272
164
416
579
1152
1555
1006
86
-196
173
825
1444
1505
973
215
-390
-607
-415
0
312
489
434
103
-119
-40
393
1064
1588
1641
1302
1087
1117
1223
1405
1459
1229
896
621
373
73
-167
-321
-477
-560
-682
-944
-1132
-1039
-765
-591
-555
-570
-663
-753
-762
-650
-434
-292
-293
-382
-571
-816
-991
-897
-550
-294
-266
-551
-1034
-1311
-1243
-1000
-985
-1075
-812
-363
-115
-306
-640
-683
-398
82
431
690
1124
1604
1705
1208
594
387
677
1189
1472
1339
880
254
-315
-516
-280
120
458
679
661
392
195
260
551
1008
1466
1732
1738
1619
1445
1193
954
784
736
772
738
532
103
-412
-799
-878
-692
-575
-659
-817
-975
-1153
-1342
-1440
-1427
-1317
-1045
-759
-646
-662
-726
-836
-994
-1044
-980
-915
-791
-675
-696
-871
-1077
-1221
-1324
-1287
-1194
-1240
-1263
-982
-548
-360
-348
-257
-63
212
544
836
1128
1610
2048
1999
1467
877
610
762
1161
1478
1497
1193
626
65
-166
-47
236
620
986
1123
1026
885
838
902
1168
1571
1826
1830
1646
1315
905
652
634
666
673
622
379
-84
-522
-764
-912
-1002
-1069
-1192
-1322
-1405
-1499
-1654
-1721
-1616
-1429
-1231
-1108
-1116
-1174
-1194
-1180
-1153
-1105
-1096
-1174
-1240
-1193
-1105
-1102
-1229
-1399
-1487
-1446
-1323
-1184
-936
-504
-13
330
486
571
653
769
940
1145
1461
1940
2304
2199
1700
1193
917
900
1088
1307
1380
1301
1097
831
574
425
489
756
1124
1408
1504
1392
1132
922
916
1044
1139
1198
1259
1221
1047
804
508
184
-59
-154
-211
-314
-464
-709
-1038
-1332
-1524
-1616
-1613
-1549
-1530
-1606
-1681
-1683
-1622
-1545
-1502
-1459
-1389
-1315
-1275
-1308
-1408
-1543
-1669
-1718
-1651
-1495
-1313
-1184
-1115
-1039
-926
-798
-685
-512
-189
254
690
959
1019
964
930
968
1047
1198
1452
1742
1919
1875
1658
1399
1219
1170
1226
1358
1520
1615
1556
1387
1220
1099
1030
1031
1080
1099
1075
1035
1018
1009
958
849
696
576
533
518
470
358
216
75
-60
-182
-313
-479
-691
-899
-1029
-1091
-1144
-1222
-1331
-1467
-1616
-1733
-1784
-1799
-1776
-1720
-1674
-1656
-1678
-1711
-1717
-1668
-1570
-1489
-1443
-1388
-1289
-1175
-1076
-970
-838
-694
-545
-430
-376
-325
-217
-74
76
265
496
719
909
1060
1175
1273
1400
1571
1749
1917
2083
2187
2181
2099
2029
1979
1892
1762
1623
1503
1404
1343
1299
1214
1065
867
669
523
458
461
484
492
465
379
259
157
98
60
9
-62
-143
-246
-376
-518
-662
-790
-902
-1025
-1188
-1376
-1553
-1710
-1825
-1878
-1878
-1868
-1860
-1825
-1770
-1721
-1685
-1639
-1574
-1481
-1353
-1211
-1094
-1020
-970
-925
-883
-839
-791
-743
-699
-645
-571
-474
-340
-182
-20
136
308
530
787
1032
1221
1362
1483
1619
1779
1924
2013
2055
2079
2101
2100
2068
2010
1934
1854
1784
1716
1616
1470
1289
1118
984
886
818
751
674
599
524
452
392
352
326
290
241
171
78
-43
-201
-394
-590
-782
-981
-1178
-1355
-1514
-1659
-1768
-1842
-1910
-1981
-2030
-2034
-1988
-1903
-1791
-1678
-1591
-1528
-1472
-1429
-1392
-1338
-1264
-1185
-1110
-1032
-964
-913
-864
-793
-679
-525
-358
-210
-87
29
167
334
503
646
778
924
1079
1227
1360
1482
1601
1721
1844
1962
2053
2090
2078
2038
1978
1892
1789
1673
1548
1414
1275
1133
988
857
732
614
532
495
490
495
480
428
350
271
196
109
-11
-159
-313
-455
-594
-748
-922
-1088
-1226
-1330
-1401
-1461
-1511
-1560
-1599
-1624
-1634
-1628
-1610
-1567
-1511
-1457
-1411
-1374
-1333
-1267
-1179
-1078
-964
-833
-695
-573
-475
-384
-285
-177
-83
-10
39
72
106
163
237
318
408
516
634
762
892
998
1087
1181
1287
1387
1469
1525
1545
1544
1522
1471
1387
1289
1188
1079
965
860
762
676
601
527
459
406
376
357
330
275
187
89
2
-67
-122
-177
-234
-300
-376
-458
-548
-631
-700
-756
-804
-856
-909
-971
-1032
-1084
-1126
-1163
-1190
-1195
-1178
-1158
-1132
-1088
-1016
-907
-770
-618
-473
-343
-233
-143
-66
9
80
141
184
206
203
181
169
193
246
310
366
408
443
480
522
562
594
631
685
748
806
855
878
858
803
742
679
622
574
524
464
397
330
270
211
140
59
-16
-78
-116
-130
-142
-174
-215
-245
-256
-248
-226
-206
-198
-197
-207
-227
-250
-272
-285
-297
-322
-368
-432
-503
-560
-599
-617
-616
-596
-574
-555
-529
-485
-418
-326
-218
-111
-21
51
112
166
205
238
273
313
352
379
385
373
363
367
373
371
352
329
309
283
269
272
282
290
300
309
307
293
271
252
238
231
223
202
160
96
31
-27
-76
-119
-167
-226
-292
-356
-403
-424
-417
-407
-411
-417
-418
-402
-367
-328
-290
-254
-221
-203
-201
-207
-205
-195
-179
-165
-162
-178
-201
-215
-216
-211
-198
-184
-171
-157
-128
-82
-24
41
98
148
197
257
329
403
473
535
581
611
631
646
651
652
646
632
602
554
499
450
418
393
364
325
277
233
200
175
153
137
120
94
66
36
-1
-47
-109
-179
-241
-290
-329
-370
-422
-485
-549
-597
-630
-640
-640
-637
-638
-643
-648
-649
-640
-621
-589
-544
-495
-452
-423
-397
-364
-324
-285
-260
-251
-249
-244
-228
-205
-180
-164
-154
-143
-125
-91
-37
27
99
168
236
307
386
469
546
621
691
754
807
848
882
900
900
887
866
841
806
770
745
724
698
657
589
513
457
429
417
401
371
315
231
140
69
16
-18
-58
-116
-185
-259
-338
-419
-491
-542
-579
-604
-635
-680
-728
-775
-816
-853
-876
-883
-876
-854
-829
-802
-771
-737
-699
-661
-618
-572
-535
-509
-500
-497
-484
-459
-433
-414
-400
-380
-363
-337
-291
-223
-144
-62
19
92
174
274
375
475
570
662
753
832
891
934
969
991
1007
1032
1053
1066
1067
1059
1044
1020
998
969
920
884
862
837
802
741
664
565
471
411
365
327
272
199
114
14
-75
-148
-208
-260
-325
-399
-486
-587
-688
-778
-846
-896
-926
-944
-966
-982
-983
-967
-941
-915
-878
-846
-823
-795
-765
-718
-683
-685
-708
-738
-749
-738
-705
-673
-658
-650
-633
-589
-521
-431
-333
-242
-151
-54
34
115
195
294
398
483
552
613
668
703
733
783
842
895
927
945
958
960
964
967
950
938
926
903
869
816
775
746
729
736
737
699
623
526
446
385
335
303
269
208
119
14
-94
-197
-293
-383
-464
-521
-557
-590
-633
-677
-702
-696
-672
-654
-645
-636
-630
-632
-631
-637
-656
-681
-707
-743
-775
-780
-771
-772
-783
-794
-783
-742
-691
-642
-584
-516
-450
-380
-306
-255
-194
-95
3
82
149
204
243
298
382
470
540
598
631
641
671
715
753
793
800
779
771
766
787
821
851
865
830
800
795
782
783
783
768
760
747
720
641
532
434
346
269
182
80
-11
-78
-122
-166
-217
-272
-336
-383
-412
-427
-425
-420
-428
-456
-474
-504
-548
-596
-653
-693
-723
-742
-759
-796
-830
-869
-895
-886
-895
-901
-884
-869
-851
-825
-783
-746
-688
-609
-541
-449
-377
-314
-234
-149
-38
41
92
169
195
373
543
473
396
358
394
467
475
495
532
659
824
717
570
555
651
826
925
917
903
954
993
932
826
746
696
698
702
652
545
471
426
352
271
193
124
58
6
-53
-122
-54
23
8
-53
-197
-334
-450
-552
-581
-591
-496
-404
-495
-604
-736
-834
-847
-819
-785
-776
-776
-753
-722
-680
-670
-680
-657
-617
-546
-530
-494
-414
-328
-152
-91
-116
-92
-69
11
70
60
68
57
114
187
151
169
203
275
361
361
322
335
371
433
502
568
648
696
727
698
645
624
656
677
705
733
732
712
654
552
445
375
315
270
237
207
163
135
100
37
-12
-44
-59
-99
-123
-139
-156
-142
-151
-200
-239
-277
-328
-365
-404
-448
-489
-504
-527
-576
-618
-660
-683
-690
-671
-624
-590
-566
-558
-566
-528
-494
-468
-413
-372
-296
-224
-176
-129
-118
-115
-96
-103
-88
-42
-3
52
91
102
91
80
105
139
163
200
229
272
338
377
406
437
479
521
536
531
527
507
487
469
464
472
457
439
432
418
404
367
316
286
259
246
236
210
189
168
140
101
48
-2
-66
-126
-144
-141
-149
-188
-238
-286
-345
-394
-433
-468
-454
-419
-389
-380
-405
-426
-442
-431
-412
-406
-376
-348
-334
-302
-285
-283
-273
-248
-215
-200
-176
-139
-129
-107
-55
-4
59
109
135
151
163
195
221
236
269
280
294
314
311
312
307
306
315
319
354
382
385
415
424
402
363
329
332
336
326
312
285
271
260
236
194
139
89
39
12
-28
-65
-71
-72
-79
-100
-148
-205
-282
-352
-390
-415
-396
-355
-316
-311
-320
-340
-378
-438
-491
-495
-455
-393
-335
-323
-340
-350
-378
-404
-436
-444
-422
-373
-298
-235
-167
-95
-33
21
85
128
156
184
219
239
267
306
333
356
361
360
344
327
322
325
343
373
410
451
488
506
499
482
460
412
366
333
314
297
280
270
239
215
204
166
97
35
-14
-38
-49
-66
-98
-112
-134
-179
-242
-315
-363
-398
-403
-397
-425
-404
-345
-328
-294
-344
-392
-414
-424
-410
-404
-377
-359
-367
-359
-362
-398
-356
-311
-244
-203
-139
-84
-53
21
66
114
164
186
192
189
186
211
203
249
281
298
325
327
333
328
342
366
383
406
424
422
424
403
404
397
393
395
372
355
316
269
226
184
163
156
142
127
85
42
-5
-46
-74
-105
-128
-167
-217
-275
-336
-377
-410
-422
-409
-405
-400
-398
-406
-430
-454
-466
-478
-467
-441
-418
-407
-396
-392
-396
-400
-394
-397
-384
-352
-309
-253
-194
-141
-91
-36
5
25
38
52
66
103
150
204
277
344
386
404
414
418
428
462
510
561
626
681
694
678
640
570
496
441
389
348
327
326
331
323
314
291
253
215
177
149
126
112
104
89
68
34
-18
-85
-159
-232
-300
-349
-367
-372
-367
-359
-364
-384
-422
-475
-529
-573
-589
-583
-570
-549
-533
-524
-526
-525
-529
-539
-535
-517
-486
-434
-373
-308
-245
-190
-146
-119
-99
-81
-63
-26
26
93
167
230
272
282
279
276
281
310
363
423
487
540
570
574
564
546
518
497
485
483
493
503
509
515
514
501
468
427
379
332
299
280
265
250
228
190
140
80
15
-42
-87
-117
-138
-163
-190
-226
-271
-322
-374
-418
-452
-474
-486
-478
-463
-448
-442
-442
-453
-467
-490
-516
-533
-534
-521
-500
-473
-449
-427
-402
-378
-356
-324
-285
-233
-173
-103
-39
12
57
90
114
122
130
150
178
218
256
286
314
336
348
350
342
342
353
377
399
424
445
450
451
440
420
398
383
366
350
347
349
341
333
326
300
260
221
180
132
96
68
32
0
-31
-79
-136
-188
-232
-271
-295
-303
-311
-305
-294
-292
-299
-306
-311
-320
-325
-328
-334
-334
-330
-326
-326
-329
-333
-343
-349
-344
-337
-316
-286
-245
-196
-150
-106
-64
-25
15
44
69
95
129
163
192
212
215
211
202
192
189
197
211
234
256
275
288
293
287
268
251
233
215
201
193
175
159
149
138
135
133
125
114
110
108
113
118
120
114
100
76
39
-12
-64
-116
-157
-187
-209
-216
-216
-214
-210
-201
-203
-208
-206
-194
-181
-166
-148
-136
-128
-130
-138
-154
-161
-158
-155
-154
-140
-117
-94
-74
-53
-31
-14
-2
10
24
38
60
81
100
118
136
145
145
142
139
139
142
149
152
144
127
98
65
36
7
-12
-22
-29
-30
-35
-41
-43
-43
-40
-34
-28
-19
-5
12
24
30
32
33
28
16
-5
-29
-45
-57
-71
-83
-91
-93
-90
-80
-70
-55
-34
-5
24
48
71
88
103
111
110
101
93
83
76
73
75
81
90
98
99
99
93
86
81
81
85
94
100
101
93
79
60
38
18
3
-8
-12
-10
-7
-8
-18
-34
-58
-88
-122
-151
-171
-187
-194
-194
-194
-199
-206
-215
-223
-218
-205
-191
-173
-155
-143
-132
-116
-106
-101
-92
-82
-75
-66
-52
-38
-22
-6
4
9
12
14
18
29
48
69
92
115
131
145
155
164
176
186
192
196
195
194
187
178
161
138
123
114
113
116
121
123
125
123
112
97
88
76
68
61
52
47
42
31
14
-12
-43
-68
-87
-98
-103
-105
-105
-108
-112
-116
-123
-132
-143
-155
-161
-161
-158
-150
-140
-136
-131
-125
-119
-107
-84
-57
-24
10
30
43
47
40
30
19
10
1
-4
-4
-1
8
21
27
35
42
42
39
42
45
53
69
83
91
94
92
82
69
56
46
39
35
36
38
40
37
31
21
10
0
-5
-14
-23
-30
-35
-37
-35
-31
-24
-18
-11
-6
-7
-9
-8
-6
-2
-2
-8
-16
-23
-29
-35
-38
-39
-34
-28
-25
-25
-23
-22
-18
-13
-12
-9
-3
10
21
31
35
36
36
35
32
25
18
7
-2
-5
-7
-6
-1
6
12
17
21
22
21
20
13
6
-7
-25
-48
-73
-93
-106
-113
-114
-108
-99
-93
-86
-81
-74
-70
-66
-61
-58
-56
-53
-51
-50
-51
-53
-52
-48
-40
-27
-10
9
30
49
68
82
90
95
97
99
98
97
99
101
108
117
126
130
134
136
137
141
145
152
154
158
160
159
154
144
130
118
108
101
95
87
79
73
68
60
50
42
34
29
26
23
13
0
-15
-39
-67
-96
-124
-153
-176
-195
-211
-218
-220
-219
-218
-216
-212
-209
-205
-201
-200
-202
-205
-209
-216
-218
-213
-208
-196
-181
-165
-148
-127
-104
-83
-64
-47
-32
-24
-17
-14
-10
-2
8
19
30
43
60
84
112
143
175
203
228
247
263
271
272
268
261
252
242
229
217
205
191
181
174
168
162
159
162
167
173
177
176
167
156
138
115
89
64
38
12
-15
-43
-68
-90
-113
-137
-159
-179
-196
-211
-220
-232
-240
-244
-244
-247
-252
-259
-269
-278
-283
-282
-275
-264
-248
-230
-214
-200
-189
-177
-165
-154
-136
-116
-97
-77
-56
-38
-19
-4
8
20
34
55
80
112
147
178
204
221
234
238
241
239
236
235
233
231
230
231
230
228
225
222
218
217
219
220
220
220
216
207
194
181
163
146
127
109
93
76
62
48
31
12
-12
-35
-57
-81
-103
-123
-140
-157
-173
-187
-199
-209
-215
-222
-228
-233
-233
-236
-241
-246
-250
-255
-261
-266
-266
-262
-258
-251
-244
-233
-222
-209
-198
-181
-164
-147
-126
-101
-76
-47
-19
8
32
53
70
88
106
122
135
149
158
166
173
178
182
188
192
198
207
216
221
229
237
243
247
249
249
244
240
235
226
216
203
189
173
153
134
116
95
73
53
31
8
-13
-35
-55
-77
-95
-109
-120
-128
-134
-138
-141
-148
-155
-164
-176
-191
-206
-220
-230
-239
-245
-246
-245
-244
-241
-232
-221
-209
-193
-176
-157
-137
-117
-100
-83
-67
-53
-38
-24
-10
3
18
33
48
62
73
82
90
100
108
116
123
133
138
140
141
141
140
140
141
145
151
157
164
173
178
182
183
182
177
168
158
145
131
117
103
88
72
55
40
25
13
3
-3
-9
-14
-16
-19
-20
-22
-24
-24
-30
-38
-48
-58
-71
-83
-94
-106
-117
-127
-136
-143
-146
-145
-140
-135
-132
-127
-124
-119
-113
-106
-97
-87
-76
-65
-56
-47
-35
-20
-7
4
14
23
28
31
34
35
36
37
37
37
35
34
35
37
39
45
50
56
61
67
72
73
73
70
65
58
49
39
30
20
8
-3
-15
-26
-35
-45
-53
-60
-66
-69
-70
-68
-64
-62
-61
-60
-61
-60
-61
-59
-57
-50
-44
-43
-40
-41
-44
-46
-49
-50
-48
-44
-42
-38
-36
-34
-31
-26
-21
-14
-6
3
15
30
48
67
86
102
116
126
131
134
134
133
130
122
112
101
90
80
73
68
67
68
68
74
80
86
93
100
103
105
103
98
93
85
76
64
52
36
19
2
-17
-37
-55
-74
-90
-101
-110
-118
-123
-126
-132
-137
-142
-143
-143
-143
-140
-135
-132
-124
-116
-109
-101
-96
-90
-87
-84
-79
-76
-73
-69
-67
-66
-64
-58
-51
-40
-26
-12
7
30
53
80
108
132
152
169
177
182
185
182
178
170
158
146
133
123
116
109
103
99
95
89
84
78
76
74
71
65
60
51
39
29
15
5
-10
-24
-41
-58
-77
-94
-110
-124
-137
-150
-164
-177
-189
-199
-212
-222
-229
-234
-237
-234
-229
-223
-213
-202
-185
-169
-150
-132
-117
-105
-92
-84
-78
-71
-65
-61
-56
-48
-41
-28
-15
0
22
44
70
98
127
156
182
203
224
240
252
260
267
272
273
270
263
255
245
235
222
212
201
188
179
169
163
157
152
146
138
131
122
112
103
91
80
66
50
31
12
-9
-29
-50
-69
-90
-109
-128
-148
-167
-183
-198
-210
-217
-222
-222
-223
-220
-215
-208
-201
-194
-188
-180
-173
-167
-160
-154
-150
-147
-146
-145
-144
-142
-137
-133
-124
-111
-94
-78
-59
-39
-20
-2
17
36
53
71
89
105
121
134
143
149
155
158
161
161
159
157
155
151
149
147
144
142
141
140
141
143
143
143
140
137
134
129
121
112
99
86
70
53
38
21
3
-15
-32
-49
-65
-80
-93
-106
-119
-129
-137
-142
-150
-152
-156
-158
-157
-157
-155
-154
-155
-156
-158
-159
-160
-161
-161
-159
-159
-157
-154
-149
-141
-130
-116
-102
-84
-63
-42
-19
2
23
43
60
76
89
101
111
120
128
134
139
143
146
150
152
154
156
159
162
165
170
171
175
177
177
175
174
170
165
160
153
146
138
128
116
106
95
83
72
60
48
35
22
6
-9
-25
-39
-52
-65
-77
-89
-99
-107
-116
-122
-128
-134
-140
-146
-151
-157
-162
-167
-173
-178
-184
-189
-194
-197
-195
-193
-187
-179
-172
-162
-153
-141
-127
-113
-99
-83
-68
-53
-40
-25
-14
-4
6
15
22
28
35
40
47
53
62
73
84
96
107
116
122
130
140
150
156
162
167
170
172
172
172
168
168
166
163
158
153
145
138
129
120
110
97
84
72
60
47
35
24
13
0
-11
-21
-28
-35
-43
-49
-56
-62
-72
-80
-91
-102
-114
-126
-135
-146
-152
-157
-159
-160
-160
-158
-157
-152
-146
-140
-134
-125
-119
-114
-106
-100
-94
-86
-77
-68
-59
-51
-43
-34
-25
-14
-6
5
15
24
32
39
45
53
59
67
75
83
90
96
103
111
118
123
129
134
139
138
139
138
135
132
127
124
117
112
104
95
85
77
67
61
57
52
46
42
38
33
26
19
12
2
-8
-19
-31
-42
-52
-65
-76
-85
-92
-99
-105
-110
-113
-117
-119
-120
-118
-117
-117
-115
-114
-113
-110
-107
-102
-97
-94
-89
-87
-83
-81
-76
-72
-66
-59
-53
-48
-44
-36
-28
-18
-9
0
9
17
26
36
46
56
66
76
85
94
102
110
116
119
119
121
120
119
116
114
110
107
104
102
99
96
93
90
87
85
80
76
73
69
63
56
46
37
26
16
6
-5
-13
-23
-32
-40
-48
-57
-63
-72
-77
-83
-88
-93
-96
-96
-99
-100
-100
-99
-98
-97
-95
-94
-94
-94
-94
-93
-94
-92
-91
-90
-86
-84
-77
-71
-64
-56
-48
-41
-33
-25
-17
-9
0
8
16
22
30
40
48
54
59
64
67
69
72
74
77
80
81
82
84
86
88
90
91
92
92
91
92
90
88
86
82
76
70
61
54
50
44
39
33
27
21
14
8
4
1
-3
-6
-10
-13
-17
-20
-24
-28
-31
-35
-37
-42
-46
-51
-54
-60
-64
-67
-70
-75
-78
-79
-79
-78
-76
-73
-70
-66
-61
-55
-51
-45
-40
-34
-30
-25
-20
-17
-12
-11
-7
-5
-3
-1
2
4
7
10
13
17
20
23
25
27
31
31
34
36
37
38
37
36
35
32
30
27
24
21
18
14
12
10
8
5
1
0
1
-1
-1
-1
-1
-2
-3
-2
0
0
1
0
1
-1
-4
-7
-8
-13
-14
-17
-19
-21
-22
-23
-24
-22
-21
-17
-14
-10
-6
-3
1
2
3
7
9
13
16
19
20
18
18
17
16
17
18
18
18
17
18
18
20
22
24
26
27
28
31
32
32
31
30
27
25
22
21
17
15
9
6
1
-5
-8
-14
-16
-20
-22
-24
-27
-30
-30
-29
-31
-28
-26
-26
-26
-21
-20
-20
-20
-19
-19
-21
-21
-24
-26
-27
-28
-27
-28
-27
-26
-23
-20
-16
-13
-8
-4
0
5
9
10
11
17
19
22
25
24
24
23
24
22
23
21
21
20
18
19
19
22
20
20
19
18
19
18
19
18
17
16
13
9
5
3
-1
-6
-9
-14
-17
-21
-24
-28
-30
-33
-36
-40
-43
-45
-46
-48
-46
-43
-42
-39
-35
-31
-26
-25
-23
-21
-19
-19
-18
-18
-18
-19
-19
-16
-15
-10
-6
-3
2
7
12
17
23
32
40
47
52
57
61
65
65
67
68
69
70
71
69
68
68
66
65
63
61
59
61
58
58
55
53
49
45
42
36
31
27
22
14
9
2
-4
-12
-19
-26
-33
-41
-48
-52
-60
-64
-69
-74
-79
-83
-86
-88
-91
-93
-95
-93
-93
-93
-92
-92
-91
-90
-88
-85
-82
-80
-77
-74
-73
-69
-64
-59
-52
-47
-39
-32
-24
-15
-7
0
9
18
25
34
40
47
55
61
68
75
81
86
89
94
96
99
103
105
108
110
109
109
106
104
101
97
94
91
87
83
78
72
65
59
56
49
42
33
26
17
6
-2
-13
-22
-33
-42
-52
-60
-70
-76
-81
-86
-89
-91
-92
-92
-92
-94
-95
-96
-95
-95
-93
-92
-89
-87
-87
-85
-80
-75
-69
-63
-57
-49
-44
-37
-30
-23
-14
-6
1
9
16
23
29
37
42
47
54
57
60
63
67
70
74
76
78
79
79
77
75
75
73
72
72
72
72
71
71
69
68
66
62
57
52
47
42
35
28
21
13
5
-2
-9
-17
-26
-34
-40
-45
-49
-53
-59
-63
-66
-69
-71
-75
-77
-78
-79
-79
-79
-79
-78
-76
-76
-74
-72
-68
-64
-58
-51
-45
-40
-34
-29
-23
-17
-9
-3
3
9
13
19
25
29
34
40
44
49
53
55
57
59
60
61
60
60
59
59
58
58
56
54
54
54
53
51
49
47
46
44
40
38
33
28
21
17
12
7
1
-5
-13
-18
-24
-29
-35
-39
-45
-51
-55
-61
-65
-69
-71
-73
-73
-74
-75
-75
-74
-73
-70
-69
-67
-66
-65
-62
-62
-58
-54
-51
-48
-44
-40
-36
-29
-24
-16
-9
-2
6
12
20
26
33
39
47
53
59
64
69
72
74
77
78
79
80
79
80
80
80
79
79
79
76
75
74
71
69
67
65
61
58
57
52
47
43
38
33
29
21
14
8
1
-6
-13
-19
-25
-33
-40
-45
-51
-56
-59
-62
-66
-68
-70
-70
-70
-71
-71
-72
-70
-73
-73
-73
-72
-71
-68
-67
-66
-62
-58
-55
-49
-45
-40
-34
-27
-20
-15
-7
1
7
14
20
25
31
36
40
42
46
48
51
53
54
53
53
52
51
51
49
47
44
43
40
37
34
32
30
27
25
21
16
12
8
3
-1
-5
-12
-18
-22
-26
-31
-36
-39
-43
-47
-51
-51
-53
-53
-54
-54
-54
-54
-53
-53
-51
-48
-45
-44
-42
-41
-37
-34
-31
-28
-25
-22
-19
-15
-13
-8
-4
1
6
12
17
23
27
35
41
46
52
58
62
67
72
75
76
79
81
81
80
79
78
76
76
73
70
71
68
67
65
62
58
55
53
49
43
40
35
30
25
20
14
7
0
-6
-12
-20
-26
-32
-38
-43
-50
-55
-58
-61
-64
-66
-70
-74
-76
-77
-79
-79
-78
-78
-77
-76
-75
-72
-70
-67
-64
-63
-60
-59
-56
-54
-52
-49
-46
-43
-39
-36
-31
-25
-20
-13
-6
1
6
13
18
21
28
33
38
42
45
47
50
52
53
55
53
53
54
54
53
53
52
51
51
50
49
49
47
44
42
38
36
33
31
26
22
17
12
7
2
-3
-7
-13
-18
-23
-25
-29
-31
-34
-36
-39
-40
-40
-40
-39
-38
-36
-36
-33
-30
-28
-26
-24
-22
-21
-20
-20
-20
-19
-17
-15
-13
-13
-12
-10
-8
-4
1
5
9
13
15
18
22
26
31
34
36
37
39
40
41
40
40
40
40
40
40
39
39
39
39
39
39
39
37
37
37
35
34
32
29
26
23
20
16
11
6
2
-1
-7
-13
-17
-23
-26
-33
-38
-42
-45
-49
-53
-56
-59
-60
-58
-59
-61
-60
-60
-58
-56
-55
-54
-52
-53
-53
-51
-49
-48
-46
-42
-40
-37
-33
-29
-24
-19
-15
-10
-6
-2
3
7
11
15
20
23
27
31
33
36
38
40
42
44
44
45
45
45
46
46
46
44
44
41
40
40
39
39
38
39
38
38
36
32
31
29
28
25
23
20
15
10
7
4
0
-5
-8
-14
-16
-19
-23
-26
-29
-31
-32
-33
-33
-34
-35
-35
-36
-35
-34
-34
-33
-31
-32
-31
-31
-32
-31
-29
-28
-27
-25
-22
-19
-18
-16
-13
-11
-8
-5
-1
2
3
7
8
11
14
17
18
20
22
23
26
27
30
30
34
34
34
34
33
33
34
35
35
33
34
33
33
31
29
28
27
26
24
21
19
17
13
10
7
4
1
-2
-7
-10
-13
-16
-20
-22
-24
-27
-29
-32
-34
-36
-36
-36
-38
-38
-39
-39
-38
-39
-38
-38
-40
-37
-35
-34
-33
-32
-30
-27
-25
-21
-19
-17
-14
-11
-7
-3
-1
3
6
10
12
14
15
18
20
22
24
25
26
27
27
27
26
25
26
25
25
25
25
25
25
26
25
25
22
21
21
20
18
15
13
11
8
7
3
1
0
-3
-6
-8
-10
-11
-13
-13
-14
-14
-15
-16
-16
-16
-15
-16
-14
-15
-15
-16
-16
-16
-16
-16
-17
-16
-16
-16
-16
-15
-13
-12
-11
-10
-6
-6
-5
-4
-3
-1
1
3
4
4
7
8
9
10
13
14
15
17
17
15
15
14
14
14
14
13
12
12
10
10
10
10
10
11
11
10
9
9
8
7
6
5
3
0
-1
-3
-6
-5
-8
-9
-9
-9
-9
-10
-10
-9
-7
-5
-3
-3
-2
-3
-3
-3
-4
-5
-5
-5
-5
-4
-4
-3
-1
-1
-1
0
2
0
1
1
2
3
2
3
4
4
3
5
5
6
6
6
7
7
8
7
6
6
3
2
0
-1
-4
-4
-5
-8
-7
-9
-10
-10
-11
-12
-12
-12
-11
-11
-9
-9
-9
-9
-8
-10
-8
-7
-6
-6
-6
-5
-4
-4
-3
-3
-3
-1
0
-1
0
1
1
0
1
1
3
4
5
5
6
6
5
5
5
5
7
7
9
8
10
11
10
10
9
10
10
9
9
8
9
9
9
9
8
9
9
8
10
9
9
11
14
14
13
14
14
13
13
11
11
10
9
9
8
7
4
2
-1
-4
-5
-7
-8
-10
-12
-12
-16
-17
-19
-19
-21
-24
-24
-26
-28
-27
-28
-29
-29
-29
-29
-30
-28
-29
-28
-29
-27
-25
-24
-23
-23
-21
-20
-19
-19
-17
-15
-15
-13
-10
-9
-6
-5
-2
0
2
6
9
11
16
17
20
23
24
27
29
32
33
35
36
37
38
39
38
39
39
36
35
34
33
31
30
30
27
26
25
25
23
22
20
19
17
17
14
12
12
10
8
4
1
-2
-5
-8
-10
-13
-17
-19
-22
-26
-28
-30
-31
-32
-34
-35
-35
-36
-37
-38
-37
-36
-34
-32
-31
-30
-29
-28
-25
-24
-24
-22
-20
-18
-14
-11
-8
-7
-4
-2
1
4
6
10
13
14
17
20
22
24
28
30
31
31
33
33
33
33
32
32
30
29
27
26
25
24
22
21
20
20
19
17
16
15
13
12
10
9
6
4
1
-2
-5
-9
-13
-14
-18
-21
-24
-26
-29
-31
-34
-37
-38
-39
-40
-39
-39
-39
-37
-38
-38
-38
-37
-36
-35
-34
-33
-31
-31
-29
-27
-26
-24
-24
-21
-18
-16
-13
-10
-8
-4
-1
2
5
8
12
16
20
24
27
30
34
36
37
39
40
42
41
42
42
42
43
43
42
42
41
40
40
40
40
38
38
36
33
32
30
29
28
24
21
18
16
13
9
6
2
-2
-5
-8
-11
-14
-19
-22
-24
-26
-29
-32
-32
-35
-37
-36
-37
-38
-39
-39
-38
-37
-37
-37
-36
-38
-36
-35
-34
-32
-32
-29
-26
-24
-22
-20
-16
-14
-10
-7
-5
0
3
7
9
14
15
18
20
22
23
26
29
30
32
34
36
37
36
36
36
35
34
33
32
30
29
27
26
24
24
22
19
17
15
12
8
6
2
-1
-5
-8
-13
-16
-19
-22
-24
-26
-29
-30
-32
-33
-34
-36
-37
-38
-37
-38
-38
-37
-38
-37
-35
-34
-32
-33
-31
-29
-28
-25
-24
-24
-20
-17
-15
-11
-8
-6
-2
0
2
6
8
11
14
15
18
22
24
27
29
32
32
33
34
36
35
34
35
35
35
35
35
34
33
33
33
33
34
33
33
33
30
30
27
25
23
20
17
13
10
7
3
0
-4
-6
-9
-10
-11
-14
-15
-17
-18
-19
-20
-22
-22
-24
-25
-26
-26
-25
-25
-26
-26
-25
-25
-25
-25
-26
-25
-24
-24
-23
-23
-23
-21
-19
-18
-17
-15
-14
-12
-9
-8
-5
-2
0
3
6
8
9
11
13
14
13
15
14
15
16
16
17
16
16
16
17
19
17
17
17
16
15
13
13
12
11
10
9
8
6
4
3
1
0
-1
-4
-7
-10
-12
-13
-15
-16
-18
-20
-20
-20
-20
-21
-21
-20
-20
-20
-21
-20
-19
-17
-16
-14
-13
-11
-11
-9
-7
-6
-3
-2
2
3
4
6
9
9
10
12
13
15
16
17
18
18
19
19
19
19
19
20
20
18
17
16
16
16
15
15
14
14
15
13
13
11
11
12
10
9
8
6
5
3
1
0
-1
-3
-6
-7
-8
-9
-10
-11
-11
-12
-12
-13
-14
-16
-15
-15
-14
-13
-13
-13
-12
-12
-11
-10
-10
-9
-8
-8
-6
-4
-5
-2
-2
-1
1
1
2
3
4
4
4
3
4
3
3
4
6
9
10
11
12
12
12
13
13
14
13
14
13
12
12
10
11
7
5
5
3
2
0
0
0
-3
-3
-6
-8
-9
-10
-11
-13
-15
-16
-18
-18
-20
-21
-22
-22
-22
-23
-22
-24
-24
-23
-22
-20
-18
-16
-16
-15
-15
-14
-13
-11
-10
-8
-5
-3
-2
0
2
5
7
10
12
14
16
17
19
19
21
22
22
21
22
22
22
20
19
19
17
18
18
16
15
13
12
10
9
9
9
7
8
8
5
5
5
5
5
3
3
3
1
-1
-1
0
-1
-2
-4
-7
-9
-8
-10
-13
-14
-14
-16
-17
-17
-18
-18
-17
-17
-16
-17
-16
-16
-15
-14
-14
-13
-10
-9
-7
-5
-5
-4
-3
-2
0
2
4
5
7
9
11
13
14
13
14
15
16
16
16
16
17
18
19
21
22
23
24
23
25
26
26
25
26
26
26
25
24
22
22
20
19
16
15
12
9
7
5
3
0
-2
-5
-7
-9
-11
-15
-16
-17
-21
-24
-26
-28
-32
-35
-35
-38
-40
-42
-43
-44
-45
-47
-48
-48
-47
-48
-48
-47
-46
-46
-44
-42
-41
-39
-37
-33
-30
-29
-26
-23
-18
-15
-12
-8
-5
-2
1
4
8
12
15
19
22
25
28
30
32
33
35
37
39
41
42
43
45
44
46
45
44
44
44
44
44
44
43
42
41
41
39
38
37
35
32
30
27
24
22
18
14
13
9
6
4
0
-2
-4
-5
-7
-10
-12
-13
-16
-16
-18
-21
-21
-23
-22
-22
-22
-22
-23
-22
-22
-21
-20
-20
-21
-20
-19
-20
-19
-17
-17
-16
-15
-16
-15
-14
-12
-11
-11
-9
-6
-6
-7
-5
-5
-3
-4
-3
-1
1
1
3
4
5
6
5
7
6
7
7
8
7
7
8
8
10
10
10
10
9
8
6
5
3
1
0
-1
-2
-5
-7
-7
-10
-10
-12
-13
-14
-17
-19
-19
-19
-19
-20
-18
-18
-19
-19
-19
-18
-18
-17
-16
-14
-14
-13
-12
-11
-9
-9
-7
-5
-4
-3
-1
0
2
5
7
7
9
10
11
13
13
14
15
15
15
16
15
16
16
17
18
20
20
20
22
22
21
21
20
21
22
22
22
22
20
20
20
20
20
20
18
18
16
14
13
13
11
10
10
8
7
5
2
-1
-4
-7
-6
-7
-9
-10
-11
-11
-12
-12
-13
-15
-16
-17
-18
-18
-18
-17
-16
-18
-17
-16
-15
-16
-16
-16
-16
-15
-12
-13
-11
-10
-9
-9
-8
-6
-6
-5
-4
-4
-4
-3
-5
-4
-3
-3
-3
-3
-2
-1
-1
0
1
1
2
3
4
3
5
3
2
2
3
6
5
6
6
6
6
7
7
8
9
10
9
11
11
10
9
9
10
9
6
6
5
5
4
2
1
0
0
-1
-3
-3
-5
-5
-5
-6
-7
-6
-7
-6
-6
-5
-6
-5
-4
-4
-4
-4
-6
-6
-5
-3
-4
-4
-6
-4
-5
-6
-5
-5
-5
-5
-4
-4
-4
-5
-4
-4
-4
-5
-4
-5
-5
-5
-4
-4
-4
-2
-1
0
1
3
3
3
4
3
3
4
4
3
3
4
2
3
4
3
5
8
8
9
9
10
11
10
10
10
8
7
6
5
4
4
4
4
5
6
7
7
7
6
6
6
6
6
4
4
1
0
-1
-1
-3
-4
-7
-7
-7
-8
-7
-6
-6
-4
-4
-4
-2
-1
-1
0
0
0
0
0
-1
0
0
1
3
2
3
4
4
5
7
7
8
8
8
6
7
5
4
5
4
1
0
0
-1
-2
-2
-3
-3
-5
-4
-5
-6
-7
-8
-8
-9
-11
-10
-10
-12
-10
-11
-11
-8
-10
-10
-10
-10
-11
-11
-11
-11
-10
-10
-10
-10
-9
-9
-8
-9
-7
-7
-7
-6
-5
-4
-3
0
1
0
0
1
2
2
3
2
4
4
3
3
3
4
4
5
7
7
7
9
10
10
8
8
6
6
5
4
4
3
3
4
5
4
4
3
5
5
4
5
4
3
3
4
5
4
3
4
4
5
6
5
4
4
3
2
2
3
3
4
4
4
3
3
2
2
2
2
2
0
1
2
2
1
2
2
2
3
3
2
3
3
3
6
5
5
5
6
6
5
6
8
8
8
8
7
5
4
3
4
2
-1
-1
-1
-2
-3
-4
-5
-8
-8
-8
-10
-10
-11
-11
-12
-12
-13
-14
-15
-15
-14
-14
-14
-15
-18
-18
-20
-20
-20
-18
-19
-18
-17
-18
-18
-17
-15
-15
-14
-13
-13
-11
-10
-11
-9
-8
-5
-3
-2
-2
1
2
4
5
7
7
7
8
9
10
10
12
12
12
13
14
14
16
16
17
19
18
19
21
21
23
23
23
23
23
22
24
25
23
22
23
20
19
18
17
16
14
13
12
10
8
7
3
2
-1
-3
-5
-8
-10
-13
-14
-15
-16
-17
-18
-19
-20
-19
-20
-19
-20
-21
-21
-21
-21
-20
-21
-21
-20
-19
-17
-17
-15
-14
-14
-11
-9
-8
-6
-4
-2
0
0
0
2
4
4
5
6
7
8
7
9
11
13
12
14
14
16
15
14
13
14
12
12
10
9
9
8
7
5
4
3
4
4
6
5
5
5
4
5
5
5
4
4
0
0
-2
-3
-3
-5
-6
-8
-9
-10
-11
-11
-11
-12
-13
-12
-14
-14
-14
-14
-14
-14
-13
-13
-11
-11
-10
-8
-8
-6
-5
-3
-2
-1
0
0
1
2
2
2
4
5
5
8
8
6
9
8
8
9
8
8
9
9
9
8
7
7
9
9
9
8
6
7
6
7
5
4
3
2
1
1
0
-1
-1
-2
-3
-4
-3
-6
-6
-6
-7
-7
-8
-8
-8
-9
-9
-9
-9
-9
-9
-8
-8
-11
-10
-10
-9
-9
-9
-8
-8
-6
-5
-4
-3
-3
-3
-3
-2
-1
0
2
2
2
4
5
6
9
11
12
12
13
14
15
15
15
16
16
17
15
18
18
17
18
18
18
19
19
18
19
17
16
16
13
11
10
11
9
7
6
4
3
2
1
1
0
-2
-2
-3
-4
-4
-5
-6
-8
-10
-12
-12
-13
-15
-17
-19
-19
-19
-20
-19
-20
-20
-21
-21
-23
-22
-23
-23
-23
-22
-22
-21
-19
-18
-16
-15
-13
-10
-8
-6
-6
-4
-2
-3
-1
-1
-2
-1
-1
-1
0
1
0
0
2
1
4
4
4
5
6
7
7
7
8
8
8
8
9
8
9
9
7
7
7
7
6
5
4
3
3
3
3
1
0
0
-1
-2
-3
-3
-2
-4
-3
-3
-2
-1
-1
2
3
3
3
3
3
3
4
3
4
3
4
5
4
5
5
6
6
6
8
9
9
9
9
11
13
13
12
14
15
15
16
16
17
17
15
15
17
16
14
13
12
10
9
8
7
4
3
0
0
-3
-4
-4
-5
-7
-6
-7
-7
-8
-8
-8
-7
-8
-8
-9
-11
-11
-11
-9
-9
-9
-8
-10
-10
-11
-10
-11
-12
-12
-12
-12
-11
-11
-11
-10
-10
-11
-9
-9
-10
-10
-11
-11
-10
-11
-11
-9
-10
-9
-7
-8
-5
-4
-5
-5
-4
-4
-4
-4
-3
-2
-2
-1
-1
-1
-2
-1
-2
-1
-1
-3
-3
-3
-1
-1
1
