2
2
2
3
3
1
2
0
0
-1
-2
-2
-4
-5
-7
-8
-9
-10
-9
-9
-8
-8
-8
-7
-6
-5
-5
-5
-5
-5
-5
-4
-5
-6
-6
-6
-5
-6
-5
-5
-3
-2
0
2
2
3
4
5
7
7
8
8
9
10
10
11
11
12
13
15
14
15
17
18
19
19
20
20
21
21
20
19
19
17
16
15
13
12
12
11
9
8
7
7
5
5
4
3
3
3
1
-1
-2
-3
-5
-6
-7
-8
-11
-12
-14
-15
-16
-18
-18
-19
-19
-20
-20
-20
-21
-20
-19
-19
-18
-19
-19
-20
-20
-19
-19
-20
-20
-18
-19
-18
-17
-17
-15
-14
-14
-12
-10
-9
-8
-8
-6
-5
-4
-3
-2
-1
-1
0
0
2
1
3
4
5
8
9
10
11
12
13
14
17
17
18
19
19
19
20
18
19
18
18
16
15
16
15
15
14
14
14
15
13
14
14
12
12
11
11
10
8
9
7
5
3
2
-1
-2
-3
-3
-2
-3
-3
-3
-3
-3
-4
-5
-4
-4
-4
-3
-5
-5
-5
-6
-6
-6
-7
-6
-6
-5
-5
-3
-3
-3
-2
-1
0
0
-1
0
0
-1
-1
0
-1
-1
0
-1
-3
-2
-2
-2
-1
-1
0
1
1
2
2
3
4
4
4
4
3
3
2
1
1
-1
-1
-2
-2
-1
-1
-1
-2
-2
-3
-4
-3
-3
-2
-2
-2
-3
-4
-5
-5
-6
-5
-6
-4
-4
-4
-4
-4
-4
-4
-3
-4
-2
-2
-1
-1
0
0
-1
-1
-1
0
0
-2
-2
-1
0
0
1
2
3
4
5
6
7
8
8
9
10
10
11
11
10
9
9
8
6
5
4
2
1
1
1
0
1
1
0
0
-2
-1
-2
-2
-4
-4
-4
-5
-5
-5
-6
-6
-7
-7
-9
-8
-9
-7
-7
-7
-7
-6
-6
-7
-5
-6
-4
-4
-6
-7
-8
-8
-8
-9
-9
-9
-8
-8
-7
-8
-8
-7
-6
-6
-5
-5
-5
-5
-5
-5
-5
-5
-4
-4
-5
-4
-5
-6
-6
-7
-8
-7
-8
-8
-8
-6
-7
-6
-7
-6
-6
-5
-4
-5
-3
-1
0
2
2
3
5
5
5
4
6
7
6
8
8
8
8
9
10
10
10
10
10
11
11
10
9
10
9
10
9
11
10
10
10
10
10
10
10
11
13
12
13
13
12
13
12
13
10
11
9
9
8
7
7
6
7
5
4
3
4
4
2
2
2
2
1
0
0
-1
0
0
-1
1
1
2
2
4
2
4
4
4
3
2
2
2
0
1
0
-2
-2
-3
-3
-2
-3
-3
-1
-1
0
1
1
1
1
1
2
0
2
1
0
0
0
-2
-2
-2
-2
-2
-2
-3
-2
-3
-2
-4
-5
-4
-5
-5
-4
-5
-5
-5
-5
-5
-5
-4
-6
-3
-5
-2
-3
-3
-2
-2
-2
-4
-3
-2
-3
-4
-3
-4
-4
-4
-4
-4
-5
-4
-5
-4
-6
-5
-5
-4
-4
-4
-4
-3
-3
-3
-4
-3
-3
-3
-3
-3
-2
-2
-2
-2
-2
-4
-3
-4
-5
-5
-5
-6
-6
-7
-6
-7
-7
-7
-8
-9
-10
-9
-10
-9
-10
-9
-9
-9
-8
-7
-7
-7
-9
-7
-7
-6
-5
-3
-2
-1
-1
0
0
1
2
2
1
2
1
0
0
0
-1
-2
-1
-1
-2
-2
-1
0
0
1
1
2
2
3
3
3
2
3
3
2
2
1
0
1
1
0
2
2
4
4
5
7
8
9
8
7
9
9
8
7
7
7
8
9
9
8
9
10
10
11
12
14
14
14
14
15
16
14
14
13
14
14
13
12
11
10
11
11
10
10
8
8
8
7
8
7
8
8
8
8
7
5
3
3
2
0
-1
-3
-3
-4
-5
-6
-5
-5
-6
-6
-7
-4
-4
-4
-4
-4
-4
-5
-5
-5
-7
-7
-6
-6
-7
-7
-7
-7
-8
-8
-7
-6
-6
-5
-5
-3
-2
-2
-2
-3
-1
-2
0
1
-2
-1
-1
-2
-3
-3
-4
-3
-3
-3
-4
-2
-2
-2
-3
-2
-3
-2
-2
-4
-3
-5
-5
-6
-7
-8
-7
-7
-6
-6
-7
-5
-5
-4
-4
-3
-2
0
1
0
1
2
0
1
0
0
-1
-2
-2
-2
-2
-3
-3
-2
-2
0
1
2
3
3
4
3
2
2
0
1
-1
-1
-1
0
0
0
0
0
2
2
3
3
3
4
4
5
5
4
4
4
3
3
3
2
0
-1
-1
0
0
0
1
2
2
4
3
4
4
1
1
2
-1
-1
0
0
-2
-1
0
-2
-3
-4
-3
-4
-4
-5
-5
-5
-5
-5
-4
-4
-3
-5
-6
-5
-6
-8
-8
-9
-9
-10
-10
-10
-10
-10
-8
-8
-6
-7
-5
-4
-3
-2
-1
-1
-3
-3
-3
-4
-2
-4
-5
-7
-7
-8
-9
-8
-7
-6
-5
-1
0
2
4
6
7
7
6
5
5
3
1
0
-2
-2
-3
-3
-2
1
4
4
5
6
8
9
10
13
16
16
14
14
13
13
11
8
7
6
5
3
5
7
6
5
4
5
3
2
-1
1
4
6
8
12
14
10
4
0
1
-2
-6
-10
-7
-5
-8
-11
-8
1
5
5
8
15
20
16
9
9
13
13
9
5
9
14
13
11
13
18
18
17
20
25
27
26
23
24
31
31
28
29
32
31
25
19
17
18
15
13
14
21
26
26
27
31
33
29
19
16
17
16
12
5
1
-3
-9
-13
-16
-14
-15
-14
-15
-18
-21
-26
-25
-23
-25
-30
-32
-34
-40
-45
-46
-46
-50
-61
-64
-61
-56
-60
-66
-64
-61
-64
-71
-69
-57
-50
-55
-55
-44
-30
-30
-35
-24
-5
2
-13
-23
-12
-1
-11
-29
-30
-14
-9
-23
-26
-6
14
6
-10
0
24
33
18
9
25
35
14
-9
-1
32
45
32
25
47
62
46
28
46
82
82
45
25
42
55
22
-11
3
37
32
-7
-19
13
32
10
2
54
129
99
3
-24
15
23
-67
-131
-58
61
54
-46
-70
11
79
41
-15
50
136
100
-7
-92
-109
-87
-92
-107
-71
-45
-69
-95
-116
-125
-108
-74
-50
-44
-67
-117
-130
-120
-124
-110
-76
-27
22
34
16
28
56
46
24
29
59
81
50
2
11
30
10
-31
-40
-3
10
-11
-7
31
71
90
92
102
102
74
62
92
127
141
148
156
159
140
91
82
125
142
145
140
117
99
65
16
-10
1
10
-3
-12
-15
-11
-18
-44
-59
-49
-42
-47
-53
-29
6
15
19
15
15
22
10
5
20
31
26
5
-12
-20
-45
-72
-84
-81
-74
-81
-89
-86
-75
-72
-76
-63
-40
-25
-23
-26
-9
23
46
63
77
80
80
70
56
50
48
45
37
27
18
1
-18
-27
-25
-24
-33
-54
-83
-104
-108
-106
-89
-71
-62
-63
-79
-97
-108
-104
-78
-40
-11
3
0
-11
-20
-26
-16
2
13
11
-14
-54
-96
-133
-161
-183
-202
-217
-229
-241
-242
-228
-206
-185
-173
-167
-162
-162
-150
-123
-86
-39
1
36
68
106
149
193
239
284
318
343
350
346
343
335
325
323
323
326
324
315
303
290
278
268
252
231
208
185
166
150
135
122
118
117
116
112
98
89
78
66
55
48
45
40
22
-5
-37
-67
-101
-142
-178
-206
-231
-260
-300
-352
-403
-460
-515
-564
-598
-611
-613
-612
-605
-597
-582
-561
-530
-483
-430
-372
-314
-262
-201
-139
-77
-12
50
114
176
223
263
308
356
402
439
467
490
503
498
476
455
438
412
373
332
306
295
290
291
299
306
299
279
253
231
211
191
176
174
175
159
130
100
73
40
-3
-44
-78
-110
-153
-208
-258
-303
-356
-421
-485
-548
-602
-654
-696
-721
-740
-748
-741
-721
-692
-656
-606
-546
-474
-396
-316
-227
-137
-41
62
164
261
345
426
505
581
644
698
747
786
804
804
786
757
719
666
610
565
530
496
461
422
390
362
325
292
267
245
222
199
181
168
157
144
126
115
97
67
34
-5
-46
-94
-148
-203
-259
-329
-405
-482
-562
-646
-727
-800
-860
-910
-957
-992
-1014
-1024
-1020
-996
-949
-885
-811
-722
-622
-512
-403
-295
-176
-50
78
203
315
418
523
616
694
754
809
854
883
883
865
847
820
770
703
637
581
529
478
427
389
359
325
286
257
236
217
203
196
202
204
201
195
180
160
139
109
79
44
-2
-55
-111
-173
-242
-322
-401
-481
-564
-649
-731
-804
-868
-930
-980
-1020
-1043
-1047
-1044
-1019
-972
-910
-832
-743
-641
-529
-414
-294
-179
-58
68
186
296
393
490
585
665
729
786
838
875
885
876
855
830
784
718
659
610
559
506
446
389
343
296
249
214
196
179
158
140
125
115
105
85
74
71
57
40
14
-15
-43
-87
-142
-195
-247
-301
-364
-428
-498
-569
-641
-718
-783
-836
-880
-913
-935
-944
-936
-921
-898
-854
-792
-719
-634
-543
-447
-339
-237
-134
-26
86
198
305
417
524
619
697
761
823
865
881
887
891
886
860
813
764
728
684
626
568
520
478
431
382
345
320
294
261
231
209
190
169
147
130
114
94
63
33
0
-40
-84
-127
-174
-230
-292
-354
-418
-485
-561
-629
-695
-762
-826
-881
-926
-963
-997
-1017
-1016
-1002
-976
-930
-864
-785
-694
-600
-501
-390
-276
-154
-24
102
222
343
460
569
661
744
823
892
946
975
988
993
982
948
902
857
816
769
713
658
604
553
500
449
406
367
328
294
259
229
206
171
145
127
104
82
58
36
12
-19
-56
-103
-145
-200
-264
-326
-390
-463
-537
-616
-698
-773
-855
-932
-990
-1035
-1074
-1092
-1097
-1082
-1046
-1000
-940
-858
-763
-665
-556
-439
-319
-189
-64
54
175
300
415
522
619
707
783
845
885
912
929
925
903
872
838
797
749
689
632
583
526
473
431
387
345
307
272
247
224
196
177
169
159
140
122
113
101
78
43
4
-31
-81
-151
-220
-293
-370
-451
-544
-627
-705
-790
-872
-945
-1005
-1050
-1085
-1107
-1112
-1095
-1057
-1010
-949
-869
-783
-684
-577
-472
-355
-233
-109
18
141
260
375
480
578
666
741
806
861
898
918
918
901
875
837
796
745
690
638
582
526
480
439
407
376
345
322
298
272
245
220
201
185
162
139
122
99
71
37
0
-42
-94
-157
-230
-302
-375
-455
-533
-611
-691
-768
-842
-905
-961
-1011
-1052
-1070
-1073
-1071
-1041
-1004
-947
-865
-778
-684
-578
-462
-339
-212
-83
40
167
297
412
518
614
702
788
856
906
945
971
981
971
942
904
861
811
744
676
612
552
495
448
407
374
346
320
296
274
249
224
202
188
173
153
137
121
105
86
63
36
3
-40
-94
-153
-217
-291
-373
-461
-551
-641
-732
-814
-887
-957
-1010
-1048
-1072
-1079
-1071
-1045
-1005
-945
-870
-788
-690
-579
-461
-332
-200
-66
70
205
334
454
562
661
753
831
891
939
970
990
996
979
951
916
867
810
748
683
621
555
494
442
395
349
305
272
245
216
192
171
155
143
125
107
93
75
48
20
-12
-49
-95
-151
-211
-277
-354
-440
-528
-619
-711
-804
-888
-965
-1034
-1091
-1135
-1160
-1164
-1154
-1128
-1084
-1024
-943
-854
-754
-638
-516
-387
-253
-118
16
152
286
407
524
634
732
817
890
943
980
1006
1011
996
971
934
884
825
758
696
635
570
507
452
405
362
320
283
252
225
199
174
155
137
116
94
74
47
19
-15
-52
-93
-142
-196
-254
-319
-389
-467
-550
-636
-721
-805
-884
-953
-1010
-1060
-1093
-1109
-1108
-1089
-1052
-1003
-940
-861
-776
-680
-572
-462
-346
-220
-94
30
155
280
399
511
615
710
795
867
918
959
984
990
980
956
920
877
821
759
702
645
586
533
482
436
396
354
314
282
250
219
188
162
139
112
83
52
23
-9
-48
-86
-126
-172
-222
-280
-343
-405
-475
-550
-623
-696
-766
-835
-899
-951
-996
-1029
-1047
-1050
-1036
-1010
-966
-909
-839
-756
-667
-568
-460
-348
-233
-112
8
128
249
364
469
574
669
754
831
891
940
978
1000
1004
994
971
938
895
843
787
732
675
616
561
511
465
417
371
330
290
248
208
167
128
90
48
8
-32
-72
-112
-151
-187
-229
-269
-312
-358
-406
-460
-515
-570
-628
-683
-738
-787
-830
-863
-888
-905
-905
-892
-870
-829
-781
-721
-646
-565
-480
-388
-286
-188
-84
21
123
227
331
427
520
612
693
767
834
885
921
950
964
964
950
927
893
853
806
751
697
642
584
528
476
421
370
320
268
218
167
114
67
20
-30
-80
-128
-172
-216
-260
-305
-345
-384
-430
-474
-521
-571
-623
-674
-725
-775
-820
-862
-896
-921
-941
-947
-940
-922
-894
-851
-796
-730
-654
-572
-482
-386
-284
-184
-84
22
127
227
328
425
519
609
691
763
827
879
919
944
961
963
950
926
891
849
796
738
674
609
543
475
412
351
290
234
179
126
77
26
-23
-70
-117
-163
-211
-257
-300
-339
-376
-414
-448
-480
-516
-549
-586
-624
-658
-695
-729
-763
-793
-819
-838
-850
-856
-851
-833
-807
-769
-721
-661
-590
-514
-433
-346
-251
-154
-59
37
137
232
326
415
500
585
662
729
791
847
887
917
936
941
931
906
872
831
778
713
645
574
505
433
362
295
234
176
120
69
21
-25
-72
-114
-154
-195
-234
-273
-307
-337
-366
-393
-417
-438
-460
-482
-502
-522
-539
-562
-587
-606
-625
-642
-657
-669
-670
-665
-654
-633
-601
-559
-507
-448
-378
-300
-216
-129
-35
59
151
246
341
432
520
606
690
770
841
902
956
1003
1038
1060
1070
1063
1046
1012
968
915
848
774
696
614
533
453
373
298
225
156
90
28
-30
-88
-142
-195
-246
-292
-336
-380
-420
-457
-489
-517
-544
-565
-585
-603
-621
-638
-653
-672
-691
-709
-728
-745
-759
-772
-779
-778
-769
-752
-725
-691
-646
-589
-519
-445
-363
-274
-179
-84
15
112
211
308
400
493
583
667
744
816
878
932
975
1005
1022
1026
1015
987
950
900
836
766
688
605
521
437
352
270
193
117
44
-22
-86
-146
-205
-262
-313
-359
-407
-450
-486
-517
-547
-572
-592
-609
-622
-636
-648
-657
-666
-677
-688
-699
-710
-720
-730
-738
-740
-736
-727
-708
-680
-646
-597
-538
-473
-395
-311
-223
-128
-30
70
168
269
368
465
559
649
734
813
884
948
1002
1046
1076
1093
1100
1091
1065
1025
974
913
838
754
664
572
478
382
288
200
115
34
-43
-114
-181
-243
-302
-354
-401
-444
-483
-516
-544
-568
-588
-605
-615
-621
-627
-630
-630
-628
-628
-629
-631
-632
-633
-636
-639
-641
-639
-632
-618
-599
-569
-533
-490
-436
-372
-302
-230
-150
-62
25
114
205
299
391
478
564
648
727
802
868
926
979
1016
1039
1052
1050
1031
998
952
890
821
743
655
560
467
371
275
183
96
12
-66
-138
-204
-262
-318
-368
-410
-447
-481
-509
-531
-545
-556
-564
-571
-567
-558
-554
-544
-531
-517
-507
-500
-492
-488
-485
-487
-490
-490
-492
-489
-478
-466
-445
-417
-381
-336
-283
-223
-156
-82
-3
79
164
249
335
420
504
585
664
736
801
861
915
958
987
1005
1011
1002
979
942
892
831
758
676
587
494
399
302
207
117
32
-48
-123
-190
-249
-301
-350
-392
-423
-451
-475
-490
-500
-504
-506
-505
-502
-493
-481
-471
-460
-450
-441
-439
-438
-442
-451
-463
-479
-497
-514
-529
-540
-545
-544
-536
-517
-487
-447
-397
-337
-272
-195
-114
-29
62
155
249
341
430
515
596
673
741
801
854
898
927
945
949
941
917
880
830
767
693
612
524
435
342
247
155
70
-9
-81
-146
-200
-247
-285
-316
-339
-354
-365
-374
-375
-373
-370
-363
-356
-349
-340
-332
-328
-324
-325
-329
-340
-351
-369
-390
-415
-446
-476
-506
-535
-560
-580
-592
-595
-588
-569
-540
-499
-446
-386
-315
-237
-154
-67
24
114
202
295
378
459
539
605
666
721
764
795
815
821
815
797
763
719
664
599
525
448
367
285
203
121
46
-20
-81
-134
-177
-211
-240
-262
-276
-285
-290
-293
-297
-294
-293
-293
-292
-291
-290
-291
-292
-295
-300
-310
-320
-335
-352
-374
-399
-426
-452
-478
-502
-522
-538
-546
-546
-535
-512
-478
-431
-375
-310
-237
-154
-70
20
111
202
292
378
459
536
608
670
725
773
812
841
859
866
866
854
828
795
754
703
643
580
513
447
378
309
248
191
141
95
59
29
6
-11
-27
-36
-43
-53
-62
-70
-79
-87
-99
-111
-125
-139
-155
-174
-193
-215
-242
-269
-298
-331
-369
-408
-448
-486
-524
-560
-589
-610
-624
-628
-618
-597
-564
-521
-470
-410
-342
-269
-193
-116
-37
38
110
179
242
304
357
402
444
478
505
524
535
538
535
522
500
469
431
387
339
289
234
181
130
81
40
3
-26
-46
-60
-66
-68
-66
-61
-52
-45
-39
-36
-30
-31
-35
-39
-49
-60
-74
-88
-107
-127
-149
-173
-200
-227
-260
-295
-330
-367
-402
-434
-463
-484
-500
-505
-500
-484
-458
-422
-376
-322
-263
-195
-127
-58
11
80
146
210
267
315
361
401
435
463
483
497
504
505
497
484
464
436
405
368
324
280
235
188
145
102
66
38
15
-3
-13
-17
-14
-10
-2
6
13
21
25
28
27
21
13
1
-16
-35
-56
-77
-103
-131
-160
-191
-224
-258
-295
-331
-368
-407
-441
-472
-499
-518
-532
-535
-532
-514
-490
-456
-412
-362
-308
-245
-183
-121
-58
2
59
113
160
200
236
268
293
313
328
337
344
348
344
339
329
316
298
280
257
233
211
187
167
148
132
120
114
109
109
116
125
138
149
161
171
181
188
191
188
182
171
155
135
109
82
53
21
-12
-46
-81
-119
-156
-192
-229
-264
-299
-331
-359
-383
-399
-410
-415
-412
-402
-383
-360
-329
-292
-253
-209
-163
-117
-73
-29
12
50
83
113
138
162
179
194
207
217
224
229
233
236
235
233
229
222
217
209
202
192
186
181
178
175
176
178
187
195
204
214
226
236
244
248
249
243
233
216
194
167
138
104
69
32
-8
-47
-84
-124
-162
-199
-233
-266
-297
-324
-352
-375
-393
-409
-421
-426
-426
-421
-410
-393
-369
-342
-310
-275
-236
-196
-157
-119
-78
-44
-11
19
44
66
87
105
121
137
149
160
173
183
191
201
210
216
222
228
232
235
237
239
239
241
241
242
246
249
252
254
254
254
251
243
234
220
201
177
149
119
84
48
10
-31
-68
-107
-145
-181
-214
-248
-278
-307
-334
-358
-379
-400
-416
-429
-441
-450
-453
-453
-447
-436
-421
-400
-375
-348
-320
-289
-257
-226
-196
-165
-137
-112
-87
-63
-42
-20
0
21
42
66
90
114
140
165
186
209
231
249
264
279
288
295
301
306
309
312
315
316
318
319
319
320
316
311
304
291
277
256
232
207
176
144
111
75
40
5
-27
-57
-86
-113
-138
-159
-178
-196
-213
-228
-244
-256
-268
-279
-287
-293
-297
-297
-296
-289
-279
-267
-254
-236
-216
-197
-177
-157
-136
-114
-93
-72
-51
-29
-8
13
37
64
87
113
138
162
189
211
230
251
265
278
289
298
303
307
309
311
312
313
311
311
309
304
298
290
277
266
249
229
207
180
152
123
93
63
35
7
-21
-43
-67
-89
-106
-124
-142
-157
-175
-193
-209
-227
-248
-266
-283
-300
-313
-325
-337
-343
-347
-346
-341
-334
-323
-312
-299
-283
-268
-251
-234
-215
-193
-173
-151
-127
-100
-74
-47
-13
16
46
77
103
133
160
182
205
224
239
252
264
271
277
282
285
286
288
286
282
279
274
266
257
245
231
215
199
181
163
143
121
101
80
59
39
19
0
-19
-41
-60
-79
-100
-122
-143
-165
-187
-207
-229
-249
-269
-287
-304
-318
-329
-338
-344
-348
-348
-345
-339
-331
-319
-304
-286
-268
-245
-217
-189
-158
-124
-92
-54
-20
14
49
81
111
141
167
192
215
235
251
267
281
290
298
304
309
312
312
312
312
308
301
293
284
274
263
250
236
223
208
191
175
157
140
121
102
83
61
40
16
-8
-32
-58
-85
-112
-138
-164
-191
-218
-242
-266
-290
-312
-333
-350
-366
-379
-390
-397
-398
-398
-395
-384
-370
-355
-332
-309
-281
-249
-215
-182
-144
-107
-70
-32
5
38
73
104
134
161
187
211
234
256
274
291
309
322
334
343
348
353
355
352
348
341
331
322
308
295
282
268
252
236
220
204
188
171
150
129
105
78
51
23
-7
-40
-69
-101
-131
-163
-193
-220
-246
-271
-295
-313
-332
-349
-365
-377
-385
-393
-399
-401
-399
-395
-388
-376
-360
-340
-316
-288
-255
-223
-186
-149
-110
-71
-34
4
40
74
106
137
165
192
217
242
263
285
304
319
335
347
357
367
371
373
373
371
366
359
350
340
328
315
299
285
269
250
233
215
195
173
150
126
98
70
39
8
-22
-56
-90
-122
-154
-185
-214
-240
-267
-290
-312
-330
-347
-362
-376
-388
-395
-402
-405
-407
-405
-399
-388
-373
-353
-331
-304
-275
-242
-207
-171
-134
-96
-59
-24
12
45
78
110
139
164
191
216
239
260
280
297
313
329
339
350
357
361
365
363
359
352
343
332
319
303
284
263
245
224
201
181
158
135
113
87
63
35
7
-22
-52
-83
-115
-146
-178
-208
-236
-264
-290
-313
-335
-354
-367
-380
-390
-397
-401
-402
-404
-401
-396
-389
-379
-368
-352
-334
-313
-291
-264
-236
-208
-176
-144
-109
-75
-40
-3
30
64
95
125
154
179
205
229
248
267
284
297
310
320
329
334
339
343
341
340
336
327
319
309
294
281
264
244
226
204
182
161
137
114
87
61
34
7
-19
-47
-74
-99
-126
-154
-177
-203
-224
-245
-264
-279
-294
-305
-315
-320
-324
-324
-323
-321
-317
-310
-303
-293
-278
-264
-247
-227
-206
-185
-161
-133
-106
-77
-46
-15
18
50
82
112
142
170
198
222
246
265
285
303
317
331
342
352
360
365
368
370
368
366
361
351
340
327
312
293
273
250
226
201
175
146
117
88
60
31
4
-25
-52
-78
-104
-132
-156
-180
-204
-225
-248
-268
-286
-304
-318
-329
-339
-347
-351
-352
-351
-345
-337
-328
-318
-304
-292
-276
-259
-243
-224
-204
-183
-162
-139
-115
-91
-64
-36
-8
23
52
83
111
140
168
193
216
236
256
270
283
294
301
308
312
313
313
313
308
301
294
285
274
261
247
230
212
191
170
147
123
97
73
47
21
-4
-28
-53
-78
-101
-125
-146
-165
-185
-203
-220
-236
-251
-263
-276
-287
-294
-300
-304
-303
-301
-299
-291
-282
-272
-260
-245
-231
-214
-196
-178
-160
-139
-117
-97
-76
-54
-30
-6
18
42
67
93
117
141
164
184
204
220
232
244
253
260
264
268
269
269
267
264
258
253
245
234
223
211
195
179
164
144
122
102
79
56
32
7
-18
-41
-63
-87
-106
-125
-144
-160
-175
-190
-203
-213
-225
-234
-242
-250
-256
-261
-264
-265
-265
-262
-257
-250
-240
-228
-213
-196
-179
-161
-140
-120
-98
-75
-55
-32
-10
10
31
52
71
89
110
127
145
162
179
195
208
221
231
240
248
252
257
257
256
254
250
243
235
226
214
202
190
176
162
148
132
114
97
77
60
41
21
1
-19
-39
-59
-78
-96
-114
-131
-148
-163
-177
-188
-199
-207
-214
-219
-221
-222
-221
-216
-210
-203
-196
-185
-175
-165
-153
-139
-124
-109
-92
-74
-56
-37
-17
4
24
45
62
81
98
113
127
140
149
158
165
171
175
181
184
187
189
190
188
187
185
181
177
171
164
154
144
131
119
105
89
73
58
42
27
11
-2
-18
-31
-45
-58
-69
-82
-93
-105
-116
-126
-136
-148
-155
-162
-169
-174
-176
-178
-178
-176
-172
-166
-158
-151
-143
-133
-121
-113
-100
-88
-75
-61
-46
-31
-15
3
18
36
55
70
87
104
119
132
144
155
165
171
178
182
185
184
184
181
178
174
168
161
153
145
135
122
110
95
80
63
45
25
4
-16
-37
-56
-76
-97
-115
-130
-146
-158
-170
-183
-193
-205
-214
-224
-232
-240
-245
-252
-256
-258
-260
-258
-256
-251
-244
-233
-221
-207
-190
-172
-153
-133
-111
-87
-63
-37
-11
13
41
66
92
116
140
161
183
204
222
237
253
265
277
285
292
296
299
297
293
287
279
266
252
235
214
192
168
143
116
88
58
29
0
-27
-55
-82
-107
-131
-154
-176
-198
-216
-233
-249
-264
-276
-287
-294
-302
-308
-310
-309
-306
-301
-294
-284
-272
-256
-240
-222
-202
-182
-159
-138
-111
-86
-59
-30
0
31
61
92
124
155
186
216
248
275
301
326
346
365
381
394
406
413
419
423
423
422
418
412
405
395
382
366
347
325
300
274
242
206
170
131
89
50
6
-34
-74
-114
-151
-187
-222
-254
-284
-309
-334
-356
-376
-393
-407
-420
-427
-434
-437
-437
-432
-425
-413
-397
-378
-358
-334
-310
-282
-254
-224
-194
-162
-130
-100
-69
-37
-6
26
58
90
119
153
183
211
240
266
289
311
331
347
362
373
382
388
392
394
394
393
389
383
375
366
352
337
319
297
272
245
214
181
147
109
70
32
-8
-49
-89
-128
-167
-202
-236
-268
-297
-324
-349
-369
-389
-406
-419
-428
-435
-440
-441
-439
-432
-423
-412
-397
-380
-360
-338
-313
-286
-260
-230
-201
-170
-137
-107
-77
-46
-18
10
38
63
89
113
136
158
179
201
219
237
254
269
285
297
308
318
327
334
338
341
341
339
334
328
319
310
295
280
263
243
225
204
181
156
132
108
82
56
32
5
-21
-46
-72
-98
-122
-145
-168
-189
-208
-225
-240
-254
-266
-275
-280
-284
-286
-285
-284
-278
-272
-264
-252
-242
-230
-216
-201
-187
-169
-151
-133
-113
-93
-73
-51
-32
-13
5
24
39
56
69
82
96
108
120
131
141
150
159
167
175
181
187
193
196
199
198
197
195
190
183
177
169
160
149
141
129
118
107
94
82
68
53
37
23
6
-11
-26
-43
-61
-77
-94
-109
-124
-138
-152
-162
-170
-180
-186
-190
-194
-196
-197
-197
-195
-191
-188
-183
-175
-167
-158
-148
-137
-124
-110
-95
-79
-63
-47
-33
-18
-3
9
22
35
47
59
70
80
91
101
110
120
129
135
143
152
156
162
167
168
168
170
170
169
166
162
157
152
146
138
130
122
116
107
100
90
81
71
60
51
40
28
17
7
-5
-16
-26
-36
-47
-56
-65
-71
-76
-83
-86
-89
-91
-93
-93
-91
-91
-88
-85
-82
-78
-75
-69
-64
-60
-56
-50
-43
-37
-32
-27
-21
-15
-10
-5
1
6
11
15
20
24
26
28
31
35
38
41
42
43
45
47
47
47
48
48
47
46
45
44
41
39
36
32
28
25
20
14
9
2
-6
-13
-20
-28
-36
-44
-50
-57
-63
-69
-75
-79
-83
-88
-92
-95
-98
-100
-100
-101
-102
-100
-99
-98
-95
-94
-90
-85
-80
-76
-70
-63
-56
-49
-42
-33
-24
-17
-7
1
9
17
25
31
36
42
46
50
56
61
64
66
70
73
74
78
79
81
84
84
86
86
86
85
83
81
79
74
70
66
59
54
48
43
36
28
21
14
7
-1
-10
-18
-24
-33
-41
-48
-56
-62
-69
-76
-83
-89
-94
-98
-101
-104
-104
-102
-101
-99
-95
-90
-84
-78
-73
-64
-58
-50
-42
-34
-27
-20
-14
-7
0
9
15
23
32
38
47
53
60
67
72
77
82
88
92
96
98
102
104
106
107
107
109
110
110
110
110
109
107
106
104
100
97
92
87
81
73
67
60
51
41
31
22
12
0
-11
-21
-29
-40
-50
-60
-68
-76
-83
-91
-97
-104
-108
-112
-115
-118
-120
-119
-121
-119
-118
-116
-111
-106
-100
-94
-86
-78
-72
-64
-56
-48
-39
-32
-23
-15
-7
1
8
16
23
31
39
44
51
58
64
71
77
83
89
94
99
102
106
107
110
111
110
109
106
102
99
92
87
80
72
64
56
47
37
27
16
5
-8
-19
-31
-43
-54
-65
-73
-83
-92
-98
-108
-113
-119
-124
-127
-130
-133
-135
-138
-138
-139
-137
-135
-133
-129
-123
-116
-111
-104
-97
-88
-82
-73
-64
-55
-47
-37
-27
-17
-7
3
16
25
38
49
60
71
81
91
100
107
115
122
128
135
140
144
147
150
153
154
156
155
155
153
150
146
141
136
129
122
111
100
89
76
64
52
38
24
14
0
-13
-22
-32
-43
-52
-60
-70
-78
-87
-95
-101
-109
-117
-123
-129
-134
-139
-141
-145
-145
-145
-144
-142
-139
-136
-132
-127
-122
-117
-111
-105
-100
-91
-84
-75
-65
-57
-47
-37
-27
-17
-7
4
16
26
39
50
60
71
79
89
98
106
114
120
126
131
134
138
138
138
139
136
133
131
126
122
115
107
99
89
79
67
56
44
31
20
9
-2
-13
-23
-35
-42
-50
-60
-67
-73
-80
-88
-94
-100
-106
-110
-114
-118
-122
-126
-127
-128
-127
-125
-123
-117
-114
-108
-102
-95
-86
-79
-71
-63
-54
-45
-35
-24
-13
-3
9
20
30
42
55
67
80
91
102
111
121
128
136
143
148
152
155
157
161
161
160
158
156
152
150
145
138
132
123
115
107
96
85
75
62
50
36
24
10
-2
-14
-27
-38
-51
-63
-73
-83
-93
-102
-112
-120
-127
-133
-139
-143
-145
-146
-148
-148
-148
-146
-142
-138
-132
-128
-121
-114
-106
-98
-90
-82
-71
-61
-51
-41
-32
-23
-14
-6
3
13
23
32
41
51
61
70
78
86
92
99
105
109
114
116
118
119
119
117
116
114
109
104
102
96
91
86
79
70
62
53
43
34
24
12
1
-10
-22
-32
-43
-54
-62
-72
-80
-88
-93
-99
-103
-106
-110
-112
-115
-119
-119
-120
-120
-116
-115
-113
-110
-104
-99
-93
-86
-80
-72
-64
-55
-47
-39
-32
-25
-17
-9
-1
6
14
21
30
36
43
50
56
61
66
72
75
79
83
86
90
90
92
93
93
91
91
88
86
84
82
78
73
70
64
60
54
46
41
34
27
19
14
6
-1
-8
-16
-22
-29
-33
-39
-43
-47
-51
-56
-58
-60
-62
-64
-63
-65
-65
-65
-65
-64
-62
-59
-57
-53
-49
-46
-41
-36
-31
-27
-21
-15
-10
-5
0
4
10
15
20
24
28
32
38
41
46
49
53
56
59
61
63
65
66
67
66
65
64
62
61
59
57
55
53
51
47
44
39
33
29
23
17
12
8
1
-4
-9
-15
-20
-26
-33
-37
-42
-46
-50
-54
-56
-59
-61
-63
-66
-66
-67
-67
-67
-67
-65
-65
-63
-60
-57
-55
-52
-48
-43
-41
-36
-31
-27
-21
-17
-12
-7
-3
2
7
10
13
17
20
23
26
30
33
35
38
42
44
45
46
48
49
49
47
48
46
45
44
43
40
40
37
34
34
30
28
25
21
17
14
9
7
3
1
-3
-8
-11
-14
-15
-18
-20
-22
-24
-25
-28
-28
-30
-29
-28
-30
-31
-31
-31
-30
-30
-29
-27
-26
-25
-24
-23
-22
-20
-19
-16
-14
-13
-9
-7
-7
-4
-1
1
4
6
8
10
13
15
17
20
22
26
27
28
31
32
32
32
32
32
32
32
32
34
33
32
33
31
29
28
25
24
22
19
15
12
8
3
-1
-3
-7
-9
-12
-13
-16
-17
-18
-20
-21
-23
-24
-27
-28
-29
-30
-33
-34
-37
-37
-38
-39
-38
-37
-37
-36
-35
-33
-31
-30
-28
-27
-25
-23
-22
-18
-17
-14
-13
-11
-9
-6
-4
-3
0
0
2
4
5
7
9
11
12
13
14
16
19
22
25
27
29
32
33
34
35
34
34
33
32
30
28
25
23
20
18
17
14
13
11
8
7
4
0
-2
-5
-7
-10
-14
-15
-18
-20
-23
-24
-23
-24
-24
-24
-24
-23
-23
-24
-22
-22
-20
-19
-19
-18
-17
-16
-14
-13
-13
-11
-7
-5
-4
-2
-2
1
1
2
4
4
4
4
5
5
6
8
11
13
15
19
22
24
26
29
32
34
35
36
36
35
34
35
33
32
30
29
28
26
25
24
23
20
19
17
14
12
9
5
2
1
-5
-7
-10
-12
-14
-15
-17
-18
-18
-18
-19
-19
-20
-22
-21
-22
-23
-23
-24
-24
-24
-25
-25
-25
-23
-22
-20
-18
-16
-14
-12
-10
-9
-8
-7
-7
-7
-5
-5
-4
-2
0
1
3
6
8
12
15
17
20
22
22
23
23
22
21
21
20
20
18
18
18
17
16
16
13
13
11
7
5
4
1
-1
-2
-5
-8
-12
-14
-16
-18
-19
-19
-21
-23
-25
-25
-27
-28
-28
-28
-29
-30
-31
-31
-31
-31
-31
-32
-30
-30
-29
-28
-26
-24
-22
-21
-20
-17
-16
-14
-12
-10
-6
-4
-1
1
3
7
9
12
15
19
22
24
26
27
29
31
32
32
34
34
36
35
36
36
36
36
36
34
33
33
30
29
26
24
22
18
17
14
12
10
7
4
2
0
-2
-3
-5
-6
-8
-9
-10
-12
-12
-13
-14
-14
-15
-15
-15
-16
-16
-16
-16
-15
-15
-15
-14
-14
-13
-13
-12
-10
-9
-9
-9
-7
-6
-4
-2
0
2
4
5
9
11
13
15
17
20
21
23
24
23
23
22
21
20
20
18
17
14
12
10
8
7
4
2
-1
-4
-7
-9
-12
-15
-17
-18
-21
-23
-25
-25
-27
-28
-30
-29
-30
-31
-31
-31
-31
-31
-31
-29
-29
-28
-26
-25
-24
-24
-22
-20
-18
-16
-14
-11
-9
-6
-4
-2
0
4
6
10
12
15
19
22
25
28
31
35
38
41
43
45
47
48
48
49
49
48
48
48
47
46
45
44
41
39
35
32
29
26
22
19
15
12
8
4
0
-5
-10
-14
-17
-22
-24
-27
-29
-32
-34
-37
-38
-39
-41
-43
-44
-45
-47
-47
-47
-47
-46
-46
-45
-44
-44
-41
-38
-37
-34
-32
-29
-26
-22
-19
-16
-12
-10
-5
-2
1
4
7
9
11
13
17
19
22
24
25
27
29
29
30
30
31
31
30
28
27
26
24
22
19
18
15
11
7
5
1
-3
-5
-8
-11
-14
-17
-19
-22
-24
-26
-29
-31
-33
-34
-34
-34
-34
-34
-34
-34
-34
-33
-31
-27
-25
-22
-19
-17
-12
-10
-5
0
4
9
14
18
21
26
30
32
36
40
42
42
45
48
50
52
54
56
58
58
59
60
59
57
56
55
52
49
44
41
38
35
30
25
21
17
12
8
5
0
-5
-9
-12
-16
-21
-23
-29
-32
-35
-41
-45
-48
-54
-56
-58
-62
-64
-67
-67
-68
-70
-71
-72
-70
-70
-68
-66
-64
-62
-57
-53
-48
-43
-39
-34
-29
-26
-22
-17
-13
-8
-3
0
7
13
18
21
27
33
38
44
49
53
58
60
63
66
67
68
67
66
65
65
62
61
59
58
57
55
54
52
51
49
46
43
40
35
31
26
20
15
9
6
2
-3
-8
-11
-14
-17
-20
-23
-26
-29
-31
-33
-36
-37
-39
-40
-41
-41
-42
-42
-41
-39
-37
-36
-33
-30
-28
-25
-22
-18
-14
-10
-6
-1
4
8
12
16
18
22
24
27
31
32
32
33
32
34
33
33
31
30
29
26
24
23
22
19
18
15
13
10
5
2
-2
-5
-9
-14
-20
-25
-30
-34
-39
-43
-47
-50
-53
-55
-57
-59
-60
-61
-62
-62
-63
-64
-64
-65
-64
-63
-61
-59
-57
-55
-53
-49
-44
-40
-34
-29
-23
-18
-12
-6
-1
5
10
13
18
24
30
35
40
45
49
54
57
61
62
67
69
71
73
75
76
76
75
75
74
73
72
69
67
64
60
55
51
48
43
39
35
29
25
20
14
8
3
-3
-7
-12
-17
-22
-25
-28
-31
-36
-38
-41
-44
-46
-50
-53
-54
-56
-56
-58
-56
-54
-52
-50
-48
-44
-42
-39
-36
-33
-30
-27
-24
-20
-17
-15
-12
-9
-6
-3
0
2
5
9
13
16
21
23
25
27
28
30
32
32
32
32
30
30
28
26
24
22
20
19
17
14
13
10
7
2
-2
-5
-8
-12
-17
-20
-23
-26
-29
-32
-34
-36
-39
-41
-43
-42
-42
-41
-39
-38
-36
-34
-32
-31
-29
-28
-25
-22
-20
-17
-13
-9
-6
-2
2
5
10
14
16
20
25
29
33
36
40
43
45
48
51
51
53
53
54
55
55
55
55
54
54
51
50
49
46
45
43
41
38
35
31
28
24
22
20
15
11
7
4
-1
-6
-10
-14
-19
-22
-27
-30
-33
-36
-37
-40
-42
-44
-46
-47
-47
-48
-46
-46
-45
-47
-46
-43
-42
-40
-39
-36
-33
-30
-25
-23
-19
-15
-12
-7
-4
0
4
6
9
12
14
17
19
20
23
24
26
28
30
31
33
35
36
36
37
35
34
33
33
31
29
26
26
24
22
21
19
15
14
11
10
7
3
2
-1
-3
-6
-8
-11
-13
-16
-17
-19
-20
-21
-24
-25
-27
-28
-30
-30
-30
-31
-30
-28
-28
-28
-27
-25
-25
-23
-22
-20
-19
-17
-16
-15
-12
-10
-8
-7
-7
-5
-4
-2
-1
2
3
4
6
7
8
9
11
12
12
12
11
11
10
8
6
6
3
0
-1
-1
-3
-4
-6
-7
-9
-10
-12
-12
-14
-15
-17
-18
-19
-20
-20
-22
-23
-24
-24
-24
-24
-23
-23
-22
-21
-20
-18
-15
-14
-14
-12
-11
-10
-8
-6
-5
-2
-2
1
3
5
7
10
13
15
17
19
21
22
24
27
29
32
33
35
38
39
39
41
43
42
44
43
43
44
44
44
45
45
42
41
39
37
34
31
29
26
23
19
17
13
11
8
5
3
0
-3
-6
-8
-9
-11
-14
-14
-15
-17
-18
-21
-20
-22
-22
-22
-22
-23
-23
-22
-21
-21
-21
-19
-18
-18
-18
-17
-16
-13
-13
-12
-10
-11
-11
-10
-8
-7
-6
-5
-4
-3
-4
-3
-2
-1
1
2
3
5
5
7
8
9
10
9
9
9
8
6
5
5
2
0
-3
-4
-7
-8
-11
-13
-14
-16
-17
-20
-20
-21
-22
-23
-24
-24
-26
-27
-27
-27
-26
-26
-26
-24
-26
-24
-23
-21
-19
-18
-16
-12
-10
-7
-4
-2
0
4
4
8
9
10
11
12
11
11
13
13
14
16
17
16
17
17
17
17
17
16
17
15
15
15
15
14
13
11
10
9
8
7
8
7
7
6
4
3
2
1
-1
0
0
-1
-1
-2
-4
-3
-4
-3
-3
-2
-2
-1
0
1
2
4
4
4
7
7
8
7
9
10
10
11
12
12
13
12
12
13
12
14
14
14
16
17
18
18
19
18
19
19
18
16
16
14
14
14
12
11
9
7
5
4
2
2
-1
-1
-3
-5
-5
-7
-8
-11
-12
-12
-14
-16
-17
-18
-20
-21
-23
-23
-24
-25
