-7
-8
-9
-11
-11
-11
-12
-13
-13
-14
-16
-16
-16
-17
-18
-17
-18
-17
-17
-15
-12
-10
-8
-7
-4
-4
-1
1
3
6
6
9
10
11
13
15
15
16
16
15
17
17
16
15
16
16
16
14
15
16
16
17
17
16
15
14
13
12
10
7
5
3
1
-1
-2
-3
-4
-6
-7
-7
-8
-6
-6
-7
-7
-5
-5
-5
-4
-5
-7
-8
-9
-11
-10
-11
-12
-15
-15
-16
-15
-15
-15
-14
-13
-11
-11
-9
-8
-7
-7
-6
-6
-6
-5
-5
-4
-3
-1
0
0
-1
0
0
1
-1
0
-1
0
-1
-1
1
1
1
3
4
6
7
9
9
10
11
12
12
12
11
11
11
10
7
4
3
1
-1
-3
-5
-7
-7
-10
-9
-10
-9
-7
-7
-5
-6
-7
-7
-7
-9
-9
-9
-9
-10
-11
-11
-9
-8
-6
-4
-2
0
2
2
4
5
5
5
6
5
4
4
3
1
1
2
3
2
3
6
7
8
10
12
14
16
16
16
17
17
16
15
15
14
13
13
12
10
8
9
7
6
5
4
4
5
3
3
1
-1
-4
-6
-7
-10
-13
-15
-16
-17
-19
-18
-18
-18
-17
-17
-13
-11
-10
-8
-4
-3
-1
1
3
3
3
3
3
2
3
2
1
1
0
1
0
-1
-1
0
1
2
3
4
4
4
6
7
8
9
9
9
10
10
10
9
9
11
10
8
6
5
3
1
1
-1
-2
-4
-6
-6
-6
-7
-6
-6
-7
-7
-7
-7
-7
-6
-8
-9
-9
-11
-12
-12
-13
-15
-15
-14
-15
-15
-14
-14
-13
-14
-12
-10
-10
-8
-8
-6
-4
-4
-2
-3
-1
0
0
0
2
1
3
6
6
8
9
11
13
14
16
16
16
17
18
18
18
17
17
16
16
14
12
9
8
7
5
4
2
0
-1
-2
-2
-3
-3
-4
-4
-4
-4
-4
-5
-4
-6
-7
-9
-9
-10
-11
-11
-11
-11
-10
-11
-9
-10
-7
-6
-4
-2
-2
-1
1
2
4
6
5
6
7
7
8
9
10
10
10
10
10
10
9
8
10
9
8
9
8
9
10
10
9
9
9
9
9
8
7
8
8
6
5
3
3
2
0
-1
-2
-2
-2
-4
-6
-6
-5
-6
-7
-6
-5
-5
-4
-5
-5
-6
-5
-6
-5
-6
-8
-8
-9
-9
-10
-9
-9
-9
-7
-6
-6
-5
-5
-5
-5
-5
-4
-5
-5
-6
-6
-6
-6
-7
-8
-7
-8
-9
-9
-8
-9
-9
-9
-8
-8
-9
-8
-8
-9
-8
-7
-7
-6
-5
-5
-4
-1
-1
0
-1
-1
0
0
1
2
2
3
4
5
8
10
13
14
15
17
18
19
20
20
22
21
21
21
21
20
17
15
14
12
12
10
7
6
4
2
0
-1
-3
-4
-6
-7
-6
-7
-8
-9
-10
-10
-11
-11
-11
-13
-12
-13
-12
-12
-12
-13
-12
-12
-10
-8
-7
-5
-4
-3
-1
0
2
2
3
4
4
5
5
5
4
6
6
8
7
8
9
9
8
9
11
10
11
11
10
12
12
12
11
12
12
13
12
14
13
13
11
11
9
8
6
4
1
-1
-4
-5
-7
-8
-10
-10
-11
-12
-11
-12
-12
-12
-11
-11
-9
-8
-10
-9
-7
-8
-8
-9
-10
-10
-12
-14
-14
-15
-15
-14
-12
-11
-9
-6
-4
-2
0
1
1
4
4
5
5
4
4
2
2
0
0
-2
-3
-2
-1
0
1
-1
1
0
0
-1
-3
-5
-6
-7
-10
-11
-11
-14
-16
-17
-17
-16
-15
-14
-14
-12
-10
-8
-6
-5
-3
-2
0
1
1
1
3
4
4
5
6
6
6
5
6
8
9
12
12
12
14
14
16
18
20
21
22
24
25
26
27
27
26
26
25
25
23
20
17
14
12
11
9
6
3
-1
-4
-7
-10
-13
-14
-16
-17
-18
-17
-15
-13
-13
-12
-10
-8
-7
-4
-3
-2
-1
-2
-1
-3
-3
-4
-2
-1
0
3
6
8
12
16
18
21
23
24
25
27
28
27
26
25
23
21
19
17
14
13
10
8
5
2
-1
-6
-9
-13
-17
-20
-25
-26
-30
-32
-35
-37
-38
-39
-40
-41
-43
-43
-42
-42
-42
-39
-40
-39
-37
-36
-36
-32
-29
-26
-24
-19
-16
-14
-10
-8
-4
-1
-1
2
5
8
10
13
15
17
19
19
19
20
20
20
19
19
21
19
18
17
19
20
19
20
20
20
21
20
21
21
20
19
17
16
15
13
11
9
7
6
6
6
5
3
2
2
0
2
2
3
3
2
2
4
4
1
1
-1
-1
-3
-2
-3
-3
-4
-4
-3
-2
-3
-2
-2
-2
-2
-1
1
1
2
2
2
1
2
2
2
2
0
0
-1
-2
-3
-5
-4
-6
-3
-3
-3
-5
-4
-3
-4
-3
-3
-4
-3
-3
-2
-1
-1
1
0
2
4
3
4
6
7
7
8
8
10
10
9
7
7
6
6
4
4
4
4
3
1
0
0
-1
-2
-4
-5
-7
-10
-12
-15
-16
-18
-21
-21
-23
-22
-22
-20
-19
-19
-16
-15
-13
-11
-10
-9
-8
-6
-5
-4
-4
-5
-4
-4
-5
-4
-4
-2
-3
-3
-1
-1
1
2
3
5
6
8
9
9
11
10
10
11
9
9
7
5
5
5
4
4
4
5
4
4
4
5
6
8
10
11
12
12
13
13
14
13
14
12
12
12
12
11
12
10
9
9
9
9
8
7
7
6
4
3
0
-2
-6
-7
-8
-10
-12
-15
-18
-19
-21
-20
-21
-22
-23
-22
-23
-23
-22
-21
-20
-18
-17
-14
-11
-9
-6
-4
0
3
5
9
11
14
15
18
19
19
21
21
21
21
22
22
21
21
21
19
19
17
18
17
16
16
13
12
11
9
7
7
4
2
1
-1
-4
-6
-8
-11
-12
-14
-16
-18
-21
-23
-23
-23
-24
-24
-24
-24
-23
-22
-21
-21
-19
-17
-16
-13
-12
-11
-11
-8
-6
-3
-3
0
1
4
5
6
8
9
10
10
11
12
11
12
12
11
10
9
7
8
7
6
4
3
2
2
1
1
2
0
-1
-3
-4
-5
-4
-4
-4
-3
-3
-4
-3
-3
-1
-1
-2
-1
-1
-1
-2
-4
-3
-2
-1
0
1
1
3
3
4
6
8
8
8
7
8
7
5
7
7
7
6
6
6
5
5
4
4
3
2
2
1
0
-1
-2
-2
-2
-4
-3
-3
-4
-5
-4
-4
-3
-4
-4
-6
-5
-4
-5
-5
-5
-4
-5
-5
-4
-3
-3
-1
2
4
7
8
11
12
14
16
16
18
16
15
14
13
13
12
9
6
4
2
1
-2
-5
-6
-8
-11
-12
-15
-16
-16
-17
-18
-18
-17
-17
-17
-17
-15
-16
-15
-13
-13
-13
-11
-11
-10
-7
-6
-4
-1
0
0
3
4
7
9
10
13
14
16
17
16
17
17
16
16
15
15
12
10
9
8
8
8
6
6
5
6
7
8
8
8
8
5
5
3
2
1
1
-2
-4
-4
-6
-8
-9
-9
-9
-11
-11
-12
-13
-12
-12
-12
-10
-9
-11
-11
-10
-9
-7
-6
-6
-5
-6
-5
-3
-4
-4
-4
-5
-5
-6
-6
-7
-9
-10
-9
-10
-11
-12
-12
-12
-12
-12
-12
-11
-9
-8
-7
-5
-2
-1
2
4
6
8
11
14
15
18
20
21
23
25
26
27
27
26
28
26
25
24
22
21
19
17
14
14
11
10
7
6
4
3
1
-2
-4
-5
-7
-9
-11
-13
-14
-16
-16
-17
-18
-19
-21
-21
-20
-19
-19
-20
-18
-18
-16
-15
-15
-14
-12
-10
-9
-7
-4
-1
0
3
4
6
7
8
10
12
13
14
15
15
15
16
16
16
15
14
15
14
13
12
12
11
9
7
6
4
2
-1
-3
-4
-6
-7
-7
-10
-10
-11
-13
-13
-13
-14
-14
-15
-14
-13
-12
-11
-10
-8
-5
-5
-4
-4
-4
-5
-4
-3
-2
-2
-3
-1
0
1
2
3
4
4
4
5
5
5
5
7
6
5
4
4
3
2
2
3
4
4
2
2
2
1
0
-2
-2
-3
-4
-3
-5
-7
-7
-7
-7
-6
-7
-6
-6
-5
-5
-5
-3
-4
-3
-2
-2
-1
0
2
5
6
7
9
8
9
9
10
11
11
11
11
9
9
10
10
9
9
6
5
5
2
3
1
-1
-3
-4
-5
-6
-7
-7
-7
-8
-7
-9
-9
-10
-9
-8
-7
-5
-3
-3
-1
-2
-2
0
1
3
3
5
6
5
8
7
7
8
8
8
9
10
11
10
11
10
11
10
10
10
10
9
10
10
10
9
8
7
5
4
2
1
0
-1
-2
-3
-3
-4
-6
-8
-9
-12
-14
-16
-18
-21
-21
-23
-24
-25
-24
-24
-23
-22
-22
-21
-20
-19
-19
-18
-18
-15
-13
-11
-10
-8
-5
-2
0
3
6
8
10
13
13
13
13
14
12
13
12
11
10
10
11
9
9
9
9
9
8
9
11
11
9
8
8
8
8
8
9
10
11
9
9
8
11
10
9
11
10
10
9
8
8
5
5
2
1
0
-2
-3
-5
-7
-7
-8
-10
-10
-12
-12
-12
-13
-14
-14
-13
-14
-15
-15
-14
-14
-13
-13
-12
-11
-12
-12
-12
-13
-12
-10
-10
-8
-9
-10
-6
-5
-4
-3
-2
-1
1
3
6
8
11
12
14
17
18
19
22
23
26
27
27
27
24
23
21
20
18
15
14
12
9
6
4
2
1
0
-1
-3
-5
-7
-7
-10
-11
-12
-14
-15
-18
-19
-20
-21
-22
-21
-19
-18
-16
-16
-16
-13
-13
-12
-9
-7
-4
-2
0
1
1
3
6
8
10
11
12
12
13
12
13
13
12
13
12
13
14
14
13
12
10
10
8
7
5
6
5
3
2
1
-1
-1
-1
-2
-3
-3
-4
-5
-5
-5
-5
-6
-8
-8
-9
-8
-9
-7
-6
-6
-6
-6
-6
-6
-6
-5
-4
-4
-2
-3
-3
-3
-2
0
1
3
6
6
6
6
6
5
5
5
6
6
7
6
6
6
3
3
1
0
-2
-3
-4
-6
-6
-6
-8
-9
-10
-10
-10
-9
-8
-7
-7
-6
-8
-9
-8
-7
-7
-7
-6
-5
-5
-5
-5
-4
-4
-2
-1
0
0
0
1
1
3
4
4
4
3
3
1
2
2
1
3
3
3
3
4
4
5
5
5
4
5
4
4
5
4
3
2
1
1
2
2
1
1
0
0
-1
-1
0
1
1
1
1
1
3
4
4
5
3
3
4
2
3
3
6
5
5
7
6
4
2
2
5
4
4
3
2
1
-1
-2
-2
-4
-4
-4
-3
-3
-3
-3
0
1
2
3
5
5
5
5
7
7
9
9
10
10
10
12
14
14
12
14
14
12
11
11
11
10
9
7
5
5
6
5
4
2
2
2
-2
-3
-4
-5
-7
-9
-11
-14
-17
-17
-21
-22
-25
-28
-28
-28
-29
-29
-28
-28
-29
-31
-30
-31
-30
-29
-27
-25
-25
-22
-21
-20
-20
-17
-14
-10
-7
-3
-1
1
1
2
4
6
8
9
12
13
14
14
15
15
17
17
19
17
18
19
18
17
14
16
14
14
14
12
11
10
9
8
6
6
6
6
8
7
7
6
5
5
5
3
4
5
6
6
7
7
7
9
10
11
13
15
18
18
18
16
17
16
13
11
11
10
10
9
9
8
7
8
8
7
5
5
4
2
0
1
-3
-5
-5
-7
-7
-7
-7
-7
-8
-8
-10
-10
-11
-13
-13
-15
-15
-17
-17
-17
-17
-17
-15
-17
-18
-18
-18
-17
-17
-17
-16
-16
-14
-15
-14
-14
-14
-13
-14
-12
-12
-11
-11
-13
-13
-12
-11
-12
-11
-11
-9
-8
-5
-4
-3
-2
0
0
1
2
3
4
4
4
6
6
7
7
9
9
9
10
11
12
13
15
19
19
21
22
22
23
23
23
23
23
23
22
22
20
17
16
12
10
8
5
2
-1
-3
-6
-8
-9
-12
-11
-10
-11
-12
-13
-15
-15
-16
-15
-13
-10
-10
-10
-8
-9
-10
-9
-10
-10
-8
-7
-7
-5
-6
-6
-5
-4
-1
1
4
4
6
8
8
9
9
10
12
14
16
18
16
14
10
10
10
10
12
10
11
10
8
7
6
5
5
5
7
6
5
5
1
-2
-5
-7
-8
-8
-9
-7
-7
-8
-10
-11
-12
-12
-10
-8
-5
-1
2
6
6
4
3
-1
-1
0
0
1
0
0
-1
-4
-3
-5
-4
-4
-5
-5
-8
-10
-11
-11
-10
-5
-2
3
4
6
6
4
7
4
4
3
0
-2
-7
-11
-15
-19
-20
-23
-24
-22
-25
-25
-26
-28
-29
-27
-23
-16
-9
-2
6
9
10
14
12
15
16
18
20
22
23
22
19
20
20
20
23
22
25
24
22
20
16
14
14
13
13
12
12
10
6
3
0
-2
-4
-6
-8
-12
-17
-23
-26
-30
-32
-32
-34
-33
-32
-32
-32
-35
-36
-36
-36
-32
-31
-28
-27
-26
-25
-25
-19
-14
-11
-5
2
8
14
19
26
29
35
43
49
56
63
68
69
68
66
64
62
60
60
60
58
57
55
46
39
29
21
16
13
11
10
8
7
3
-2
-7
-10
-11
-12
-11
-17
-23
-30
-36
-39
-42
-38
-34
-30
-28
-27
-31
-37
-44
-49
-50
-50
-44
-39
-36
-36
-36
-35
-35
-37
-36
-35
-34
-32
-34
-35
-40
-44
-43
-43
-40
-35
-33
-32
-31
-29
-25
-19
-9
1
12
22
26
33
37
41
48
54
61
67
68
72
69
65
67
68
67
70
69
68
64
61
60
57
57
59
58
55
50
41
31
21
15
13
9
4
-1
-6
-16
-23
-28
-33
-34
-35
-36
-41
-48
-54
-63
-74
-81
-87
-91
-90
-89
-81
-74
-72
-70
-73
-76
-80
-78
-77
-76
-76
-76
-80
-84
-85
-82
-71
-59
-44
-28
-18
-12
-8
-3
4
17
35
51
63
76
87
96
106
117
127
135
140
140
138
136
135
135
135
139
140
141
144
143
143
143
139
130
118
101
86
71
60
50
41
35
24
15
2
-7
-15
-22
-27
-33
-45
-59
-75
-90
-103
-113
-117
-122
-130
-140
-156
-172
-190
-206
-219
-226
-227
-226
-227
-231
-236
-239
-242
-241
-233
-223
-214
-203
-192
-183
-173
-158
-138
-111
-76
-35
6
40
70
96
116
134
154
172
188
204
216
226
231
240
251
263
278
296
308
317
322
323
317
310
300
288
276
270
265
264
263
258
250
236
223
209
193
177
157
135
107
76
44
13
-19
-50
-80
-106
-135
-168
-207
-249
-294
-342
-387
-426
-456
-476
-492
-507
-524
-538
-556
-566
-567
-559
-548
-534
-524
-518
-511
-493
-460
-408
-342
-265
-188
-115
-50
6
58
106
156
206
246
279
305
325
348
375
407
438
470
497
523
545
564
573
568
550
527
499
470
451
441
438
437
430
413
391
372
359
352
340
321
297
260
212
168
128
95
64
32
-1
-40
-86
-135
-190
-250
-314
-379
-442
-506
-565
-616
-660
-695
-727
-762
-792
-818
-836
-836
-832
-822
-813
-803
-785
-760
-723
-662
-578
-471
-359
-255
-152
-55
43
134
218
294
355
407
455
494
532
576
623
663
686
707
723
743
771
796
801
771
723
669
610
566
550
552
554
541
515
479
439
415
407
403
394
376
340
281
209
148
101
58
21
-14
-51
-102
-167
-239
-321
-410
-501
-587
-673
-758
-836
-907
-974
-1031
-1072
-1095
-1102
-1094
-1077
-1063
-1058
-1057
-1054
-1044
-1013
-957
-883
-790
-677
-555
-426
-280
-124
35
182
306
404
473
524
576
634
696
763
817
843
845
850
871
916
978
1033
1047
1016
956
877
791
720
685
665
643
619
590
549
509
484
468
448
424
399
363
309
258
213
159
88
16
-36
-73
-98
-121
-157
-218
-310
-416
-526
-635
-723
-795
-856
-923
-993
-1056
-1110
-1137
-1137
-1114
-1086
-1067
-1064
-1074
-1086
-1081
-1048
-994
-916
-818
-708
-578
-426
-252
-72
97
250
381
474
542
605
688
787
865
905
893
861
846
866
916
977
1028
1052
1038
977
881
779
707
658
613
568
518
466
421
393
373
345
319
303
278
243
220
215
205
157
82
4
-64
-106
-115
-105
-111
-151
-223
-322
-446
-576
-681
-758
-831
-911
-996
-1089
-1181
-1248
-1267
-1247
-1218
-1192
-1170
-1154
-1145
-1133
-1104
-1053
-998
-926
-822
-678
-489
-275
-52
151
325
474
596
693
789
902
1031
1122
1143
1098
1022
977
979
1016
1066
1104
1132
1125
1066
973
870
778
690
601
524
449
382
351
342
330
299
273
265
250
243
271
313
319
275
201
106
1
-73
-92
-79
-81
-109
-161
-260
-406
-555
-680
-791
-906
-1016
-1114
-1228
-1349
-1435
-1471
-1469
-1445
-1397
-1343
-1304
-1270
-1225
-1175
-1126
-1078
-1009
-899
-730
-511
-266
-25
206
426
617
757
867
987
1125
1249
1311
1304
1224
1125
1062
1038
1035
1042
1079
1134
1141
1096
1033
952
838
700
582
480
374
312
306
313
293
268
273
274
264
301
379
433
413
353
270
134
-15
-105
-139
-159
-193
-218
-262
-372
-520
-664
-801
-949
-1097
-1219
-1338
-1471
-1591
-1670
-1711
-1728
-1709
-1646
-1565
-1487
-1395
-1295
-1217
-1169
-1127
-1053
-935
-758
-520
-264
-4
262
524
744
899
1041
1194
1335
1443
1490
1466
1375
1284
1240
1194
1144
1123
1161
1215
1233
1247
1239
1171
1051
908
772
615
477
429
439
442
410
377
358
323
317
381
472
529
529
490
377
192
24
-78
-143
-210
-262
-287
-337
-447
-589
-743
-905
-1077
-1233
-1375
-1521
-1668
-1783
-1858
-1908
-1937
-1931
-1882
-1811
-1722
-1608
-1483
-1380
-1306
-1238
-1152
-1022
-841
-615
-357
-75
230
526
769
967
1145
1313
1451
1532
1566
1547
1495
1456
1408
1335
1247
1203
1217
1229
1255
1308
1338
1291
1157
988
797
599
483
446
446
443
436
438
405
356
360
429
525
586
607
583
474
311
143
-5
-133
-232
-282
-317
-375
-467
-581
-732
-924
-1137
-1340
-1516
-1671
-1801
-1899
-1974
-2041
-2101
-2127
-2102
-2028
-1909
-1750
-1583
-1447
-1356
-1284
-1185
-1035
-826
-564
-268
36
339
624
869
1071
1243
1410
1536
1610
1630
1613
1589
1551
1485
1380
1268
1207
1187
1207
1274
1356
1400
1347
1206
996
739
528
430
417
440
467
497
495
442
397
407
480
584
686
747
727
614
440
249
56
-115
-229
-282
-317
-371
-457
-574
-742
-967
-1219
-1461
-1662
-1815
-1920
-1995
-2065
-2139
-2212
-2253
-2246
-2175
-2032
-1831
-1629
-1479
-1381
-1302
-1203
-1052
-834
-553
-234
99
428
713
930
1100
1257
1395
1498
1574
1627
1642
1617
1552
1438
1285
1160
1101
1093
1140
1247
1356
1382
1300
1136
910
660
480
401
401
447
513
563
543
476
448
482
560
658
770
854
845
734
552
335
119
-57
-169
-240
-293
-349
-434
-580
-795
-1052
-1320
-1572
-1777
-1912
-2000
-2077
-2149
-2221
-2295
-2340
-2324
-2246
-2114
-1912
-1699
-1545
-1421
-1291
-1148
-976
-753
-462
-132
244
632
928
1132
1278
1398
1493
1576
1687
1779
1810
1791
1679
1468
1250
1112
1059
1060
1179
1356
1443
1411
1281
1064
757
485
362
322
342
437
559
602
538
468
432
447
547
693
846
944
938
826
605
338
60
-161
-272
-322
-336
-353
-421
-596
-901
-1232
-1518
-1753
-1899
-1996
-2049
-2085
-2187
-2327
-2450
-2510
-2494
-2384
-2153
-1884
-1699
-1537
-1384
-1250
-1103
-890
-542
-164
224
650
982
1184
1291
1373
1460
1557
1751
1942
2004
2003
1878
1606
1275
1037
945
875
979
1240
1376
1354
1251
1086
754
379
231
202
192
276
436
546
481
357
266
188
211
349
577
784
866
843
723
506
199
-90
-253
-312
-345
-366
-378
-463
-690
-993
-1301
-1606
-1871
-2049
-2126
-2179
-2268
-2361
-2428
-2461
-2499
-2487
-2321
-2056
-1826
-1631
-1396
-1161
-966
-725
-371
54
476
917
1282
1448
1489
1527
1604
1720
1922
2191
2321
2305
2193
1851
1418
1109
976
874
895
1189
1387
1360
1254
1052
682
258
64
14
-13
138
430
658
632
448
294
155
110
184
402
713
939
1020
914
679
347
1
-247
-414
-504
-539
-547
-632
-846
-1140
-1482
-1602
-1747
-2194
-2626
-2727
-2614
-2768
-2944
-2880
-2748
-2503
-2500
-2724
-2626
-2108
-1464
-1131
-644
225
1090
1743
1981
2161
2281
2201
2068
1943
1808
1710
1961
2251
1971
1550
1444
1287
757
180
-108
-282
-195
42
178
413
769
896
554
273
203
173
442
1056
1751
2121
2192
2013
1393
555
-104
-246
-39
164
464
784
832
395
-311
-791
-1150
-1435
-1511
-1293
-952
-963
-1208
-1456
-1785
-2264
-2645
-2541
-2242
-2100
-1926
-1682
-1625
-1957
-2320
-2342
-2206
-1988
-1644
-1226
-872
-658
-343
177
997
2119
3165
4011
4386
3936
2901
1830
936
255
292
974
1337
1250
1003
345
-705
-1488
-1782
-1784
-1113
42
914
1607
2344
2505
1945
1561
1494
1280
1455
2378
3146
3085
2582
1857
458
-1371
-2512
-2629
-2334
-1892
-1016
-159
-144
-586
-905
-1219
-1474
-1296
-751
-296
57
179
-289
-921
-1367
-1843
-2307
-2328
-1982
-1960
-2174
-2205
-2287
-2643
-2929
-2820
-2556
-2309
-1955
-1451
-765
-10
818
2119
3690
4781
5280
5535
4991
3244
1328
-68
-892
-878
-313
152
589
999
463
-713
-1272
-1571
-1776
-991
541
1850
3043
4257
4454
3621
2683
1666
1037
1302
1892
2253
2391
2104
689
-1493
-3319
-4350
-4465
-3888
-2559
-665
523
714
561
294
-291
-871
-702
-175
158
276
-12
-652
-1654
-2761
-3346
-3353
-3067
-2811
-2503
-2177
-2261
-2617
-2933
-2898
-2534
-2152
-1649
-1010
-334
355
981
1977
3430
4521
4935
5218
5170
3565
1180
-284
-1491
-2657
-2272
-594
691
1637
2471
1881
347
-471
-1059
-1384
-103
2105
3602
4717
5676
5120
3243
1649
618
-63
-21
757
1567
1668
863
-600
-2199
-3504
-4197
-3887
-2575
-747
801
1584
1749
1294
304
-708
-1228
-1262
-1160
-909
-673
-819
-1512
-2566
-3354
-3705
-3729
-3377
-2713
-2017
-1760
-1908
-2193
-2536
-2673
-2493
-1939
-1333
-957
-409
343
1292
2580
3910
4645
4835
4835
3661
1186
-690
-1395
-1988
-2057
-619
1176
2081
2684
2739
1391
-251
-928
-973
-480
1243
3407
4682
5359
5536
4367
2355
1076
623
257
451
1403
1927
1367
88
-1380
-2637
-3374
-3477
-2708
-969
604
1232
1434
1143
126
-1024
-1685
-1806
-1653
-1337
-1105
-1040
-1288
-2280
-3254
-3510
-3554
-3547
-3147
-2315
-1828
-1943
-2209
-2482
-2617
-2846
-2870
-2409
-2006
-1351
-206
1072
2396
3799
4874
5138
5340
4386
1022
-1646
-2111
-2475
-2459
-44
2828
3371
3358
3049
670
-1551
-1765
-1366
-657
1566
4114
5259
6069
6314
4587
2236
1014
668
550
1173
2351
2720
1971
270
-1760
-3143
-3798
-3761
-2686
-687
902
1400
1526
1141
-15
-1230
-1920
-2023
-1758
-1198
-612
-521
-1158
-2390
-3437
-3849
-3864
-3566
-3041
-2432
-2032
-2107
-2384
-2627
-2741
-2782
-2947
-2778
-2448
-2178
-1379
156
1767
2580
3890
5859
5818
3891
2175
574
-1758
-3140
-2069
-419
1308
3418
3891
2663
1490
248
-1636
-2163
-401
994
2028
4482
6605
6343
4909
4013
2740
1059
661
1477
2653
3096
2281
1122
-119
-1866
-3578
-3697
-2592
-1707
-539
789
1425
1332
496
-563
-1208
-1527
-1756
-1454
-528
-414
-1346
-2342
-3179
-3791
-4177
-4138
-3517
-2786
-2489
-2504
-2347
-2355
-2996
-3450
-3162
-2816
-2881
-2772
-1705
-318
536
1822
3943
5398
5810
5716
4170
709
-2467
-4074
-4595
-3048
168
2559
3888
4547
3189
289
-1424
-1779
-1968
-813
1880
4376
6238
7553
7404
5558
3332
1472
596
1518
2742
3054
3024
2217
108
-2136
-3139
-3507
-3460
-2273
-630
840
1787
1797
1274
465
-787
-1788
-1693
-1103
-642
-405
-1007
-2283
-3484
-4335
-4692
-4485
-3856
-3236
-2765
-2295
-2107
-2485
-3073
-3267
-3089
-3089
-3113
-2848
-2247
-1324
-181
1305
3237
4821
5445
5753
5022
1843
-1961
-3929
-4620
-4302
-1656
1967
3959
4713
4364
1885
-879
-1771
-1829
-1520
569
3525
5498
7036
8131
7138
4455
2114
863
700
1423
2457
3127
2844
1519
-388
-1846
-2627
-3053
-2598
-1283
373
1857
2439
2144
1318
63
-1311
-2130
-1796
-1157
-994
-1029
-1574
-2762
-4037
-4673
-4679
-4416
-3760
-2926
-2107
-1603
-1747
-2302
-2885
-3369
-3784
-3837
-3511
-3027
-1965
-398
891
2211
3893
4582
4275
4584
3539
-249
-3070
-3598
-4214
-3945
-537
2782
3458
4015
3743
893
-1290
-1415
-1745
-1457
1358
4207
5431
7066
8144
6432
3684
2138
1533
1445
2187
3080
3353
2709
869
-897
-1619
-2188
-2529
-1545
277
1533
2117
2242
1621
460
-906
-1955
-2075
-1581
-1192
-1003
-1089
-1901
-3126
-3979
-4311
-4204
-3898
-3446
-2757
-2105
-1863
-2288
-2905
-3281
-3823
-4399
-4484
-4220
-3548
-2326
-569
1329
3237
4814
5118
5007
4246
957
-3111
-5016
-5159
-4311
-1233
2904
4770
4869
4144
1340
-1854
-3025
-3011
-2409
-58
3389
5845
7487
8357
7122
4403
2072
1193
1742
2962
3953
4282
3815
2194
49
-1344
-2024
-2334
-1712
-42
1667
2700
2858
2105
846
-630
-1810
-2057
-1488
-749
-332
-261
-830
-2227
-3615
-4345
-4477
-4209
-3582
-2593
-1768
-1571
-2086
-3056
-3774
-4315
-4758
-4787
-4482
-3967
-2994
-1011
993
2504
3892
4447
4674
4645
2532
-1372
-4150
-4990
-5376
-3903
178
3210
4032
4098
2648
-324
-2268
-2497
-2499
-1303
1744
4234
5759
7498
8022
5789
3030
2168
2236
2626
3640
4340
4018
2561
397
-1252
-1734
-1886
-1784
-192
2002
3013
3027
2559
1448
-205
-1613
-2056
-1488
-568
-4
193
-293
-1722
-3449
-4703
-4923
-4337
-3578
-2657
-1730
-1319
-1866
-3129
-4034
-4436
-4962
-5347
-4733
-3868
-3466
-2002
456
1891
2876
4012
4091
3894
3375
349
-3634
-4932
-4770
-4663
-1907
2199
3555
3355
2991
844
-2009
-2740
-2166
-1713
164
3277
5377
6651
7771
7144
4389
2381
2347
2843
3548
4289
4160
3310
1842
-176
-1347
-1334
-1278
-732
1125
2764
3142
2948
2089
671
-372
-1010
-1191
-379
449
293
-328
-1333
-2864
-4233
-4798
-4524
-3755
-2896
-2242
-1807
-1731
-2403
-3432
-4182
-4680
-5132
-5292
-4879
-4054
-2677
-365
1893
3553
5201
5536
3760
1788
-416
-3938
-6357
-5500
-3436
-1367
1847
3916
3103
1739
163
-2412
-3983
-3038
-1028
919
3570
6095
6860
6298
5257
3903
2292
1628
2725
4271
5092
4665
3317
1581
-551
-2185
-2483
-1573
-140
1460
3119
3701
3069
1986
634
-397
-750
-461
301
1121
1305
398
-1178
-2901
-4222
-4754
-4547
-3572
-2390
-1754
-1695
-1910
-2493
-3685
-4503
-4628
-4731
-4707
-4604
-3930
-2596
-1021
604
2084
3661
4073
3422
3332
1937
-1707
-4919
-5867
-5425
-3895
-457
2523
3406
3318
1662
-1313
-3063
-2867
-2212
-960
1894
4647
6001
6921
7000
5117
2416
1184
1963
3672
5195
5470
4445
2722
126
-2232
-2647
-1818
-776
854
2912
4062
3656
2488
1085
-329
-985
-722
317
1630
2120
1614
174
-1820
-3528
-4611
-4550
-3525
-2353
-1514
-1315
-1543
-2385
-3778
-4802
-5104
-4926
-4963
-4975
-4339
-3154
-1418
577
2543
3730
3821
3919
3547
1449
-1744
-4298
-5666
-6134
-4418
-1072
1536
3066
3113
991
-1817
-3164
-3376
-3048
-870
2257
4227
5625
7090
6975
4652
2509
1745
1826
3128
4890
5489
4624
2535
-265
-2295
-2654
-2210
-1131
910
2749
3583
3638
2788
1418
459
-56
-52
840
1893
2243
1723
384
-1494
-3320
-4293
-4227
-3391
-2282
-1583
-1286
-1382
-2282
-3677
-4689
-4996
-5015
-4849
-4469
-4070
-2982
-1333
253
2031
3605
3863
3329
3188
1623
-2103
-4790
-5731
-6112
-4517
-884
1939
2794
2689
1040
-2165
-3940
-3497
-2463
-663
2378
4972
5884
6394
6215
4053
1711
1068
1835
3402
5301
6102
4791
2582
-90
-2649
-3146
-2088
-730
1071
3215
4383
3731
2454
1141
-137
-475
225
1343
2355
2666
1912
430
-1438
-3192
-4093
-3772
-2510
-1421
-953
-995
-1593
-2753
-4246
-4850
-4737
-4815
-4428
-3985
-3841
-3228
-1967
-505
1396
3521
3636
3251
4123
2455
-2138
-5254
-6219
-6608
-4754
-809
1490
2507
3122
805
-3062
-4485
-3648
-2719
-696
2901
5053
5431
6110
6209
3879
1064
714
2062
3809
5459
5784
4787
2629
-723
-3189
-3202
-2006
-705
1324
3309
3762
3342
2431
1038
165
115
737
1943
2974
3055
2088
454
-1403
-2921
-3583
-3226
-1945
-1023
-1159
-1481
-1947
-2929
-4195
-4723
-4233
-3967
-4143
-4119
-4017
-3621
-2144
196
2295
3645
4148
4037
3433
1073
-3144
-5909
-6017
-5919
-4865
-1495
1433
2270
1776
-282
-3272
-4405
-3376
-2228
-122
3348
5452
5756
6018
5478
2931
938
1377
2467
3611
5125
5734
4633
2011
-1329
-3358
-2945
-1656
-422
1578
3375
3698
3097
2098
1038
609
915
1509
2376
2987
2573
1471
37
-1586
-2876
-3386
-2852
-1803
-1391
-1483
-1594
-1939
-2641
-3531
-3670
-3273
-3297
-3519
-3891
-4006
-3395
-1935
205
2141
3905
4702
3921
2647
132
-3556
-6131
-6839
-6203
-4046
-628
1509
1550
808
-1275
-4024
-4752
-3207
-1182
1082
3896
5537
5254
4544
3724
2311
1258
1622
3035
4680
5696
5353
3727
1198
-1494
-3058
-2679
-1132
479
1969
2980
3193
2607
1613
1129
1111
1235
1924
2710
2665
2004
976
-471
-1771
-2482
-2690
-2321
-1456
-1034
-1520
-2113
-2483
-2922
-3152
-2887
-2453
-2636
-3430
-4110
-4457
-3851
-1956
510
2984
4552
4342
3179
2060
-447
-4419
-6395
-6070
-5594
-3687
-437
913
496
7
-1908
-4599
-4315
-1905
-456
1345
3904
4488
3670
3733
3700
2468
2014
3164
4085
4513
4735
4012
2613
646
-1378
-1953
-1181
-198
741
1792
2291
2153
2118
1913
1685
1931
2196
2391
2421
1972
1346
492
-618
-1284
-1566
-1995
-1926
-1360
-1620
-2289
-2386
-2258
-2335
-2286
-1790
-1659
-2489
-3673
-4460
-4515
-3739
-1661
1317
3748
4996
4701
3367
1369
-1997
-5467
-6853
-5894
-3795
-1697
-394
-427
-980
-1860
-3621
-4416
-2947
-786
734
1871
2761
2897
2858
3176
2967
2529
3056
4148
4726
4438
3442
2136
1006
164
-540
-788
-271
424
634
534
860
1771
2228
2372
3021
3275
2790
2263
1742
1026
376
214
87
-390
-1046
-1704
-1923
-2150
-2603
-2638
-2331
-1959
-1859
-1801
-1699
-2076
-2696
-3612
-4296
-3739
-2155
-21
2092
4090
5159
4253
2382
-61
-3316
-5785
-5946
-4529
-3140
-1840
-911
-1355
-2362
-3197
-3858
-3364
-1348
546
1242
1689
2041
1874
2075
2835
3297
3523
4018
4319
3762
2845
1978
1106
609
341
69
23
149
124
-81
260
1397
2369
2818
3167
3296
2830
2019
1616
1382
961
865
812
268
-466
-1150
-1689
-2070
-2376
-2476
-2436
-2247
-1991
-1633
-1361
-1634
-1919
-2501
-3817
-4084
-2553
-611
1236
3331
4782
4245
2722
1213
-1224
-3665
-4274
-3738
-3291
-2699
-2252
-2947
-3697
-3434
-3296
-2947
-1031
864
1001
522
363
224
823
2518
3926
4346
4290
3927
3248
2421
1476
682
436
512
504
410
92
-418
-639
-531
159
1595
2809
3320
3475
3215
2443
1677
1332
1159
1051
908
490
76
-362
-998
-1474
-1819
-2245
-2614
-2657
-2326
-1989
-1872
-1572
-1054
-1375
-2664
-3234
-2486
-1378
396
3146
4838
4560
4053
2835
-533
-3462
-3839
-3498
-2969
-1730
-2071
-4246
-4911
-4435
-5026
-4166
-534
1834
1370
739
300
-806
-591
1732
3706
4491
5036
4733
3192
1558
498
121
370
543
422
452
110
-849
-1276
-957
-266
1269
2796
3132
3283
3541
2895
1953
1740
1743
1329
855
425
-196
-682
-853
-829
-1037
-1717
-2327
-2648
-2903
-2849
-2122
-1208
-762
-852
-1562
-2300
-1992
-942
56
1624
4063
5386
4577
2829
221
-2552
-3190
-2373
-2304
-2272
-1888
-3205
-5535
-6109
-5380
-4048
-1173
1559
1622
330
-158
-394
-500
804
3086
4640
5054
4537
3048
1483
638
293
296
398
350
152
-473
-1361
-1758
-1373
-567
792
2404
2916
2851
3041
2698
2126
2108
2263
1918
1150
369
-454
-880
-663
-335
-286
-896
-1851
-2648
-3146
-2916
-2323
-1765
-941
-546
-1205
-1910
-1597
-857
168
2283
4156
4551
4378
3336
721
-1653
-2040
-1415
-1109
-1033
-1841
-4222
-6230
-6217
-5526
-4531
-1728
1291
1600
218
-760
-1332
-877
1311
3558
4414
4513
4108
2897
1540
854
843
894
726
297
-581
-1569
-2011
-1843
-1378
-576
790
1863
1938
1974
2334
2551
2757
3027
3051
2292
1079
127
-753
-1048
-436
83
28
-581
-1647
-2781
-3414
-3099
-2428
-1806
-1124
-834
-1373
-1737
-1075
-451
144
1892
3868
4369
4149
3362
920
-1172
-1050
-583
-511
-182
-1156
-4118
-6542
-6935
-6261
-4448
-1264
1200
1071
-367
-1229
-1403
-643
1424
3507
4315
4153
3498
2422
1658
1531
1460
1393
955
-124
-1143
-1788
-2131
-1926
-1183
-409
220
814
859
797
1576
2455
3123
3629
3407
2433
1227
136
-666
-750
-195
143
110
-448
-1730
-2641
-2729
-2513
-1984
-1372
-1202
-1241
-1665
-2331
-1806
-140
1212
2411
3816
4182
3687
3223
1501
-672
-349
1034
880
98
-1113
-3832
-6190
-6239
-5472
-4477
-2077
142
5
-1245
-1656
-1191
6
1885
3209
3377
3132
2848
2539
2415
2643
2725
1986
687
-575
-1563
-2132
-1978
-1373
-1127
-1114
-830
-670
-652
83
1370
2311
2908
3194
2932
2304
1547
903
368
98
137
-169
-643
-1037
-1705
-2236
-2300
-1968
-1624
-1692
-1807
-2097
-2576
-2228
-953
348
1125
2149
3443
3725
3663
3513
1987
456
596
962
569
300
-639
-3508
-5735
-5542
-5122
-4534
-2387
-680
-1010
-1754
-1687
-1060
380
2344
3298
3044
2509
2180
2522
3147
3391
3242
2370
759
-668
-1419
-1816
-1793
-1375
-1467
-1961
-1791
-1311
-959
-120
1189
2071
2279
2390
2566
2476
2054
1599
1190
627
-42
-622
-1081
-1510
-1840
-1859
-1774
-1868
-2001
-2020
-2038
-2169
-2188
-1694
-577
630
1406
2167
3230
3896
3715
3020
2113
1480
1560
1633
829
-254
-1437
-3252
-4601
-4576
-4256
-3940
-2984
-2217
-2490
-2569
-1414
31
1153
2067
2466
2330
2094
2350
3234
3809
3728
3161
2042
837
-142
-717
-1039
-1404
-1601
-2050
-2559
-2243
-1526
-842
-226
458
1099
1135
1335
2047
2242
2143
2126
1711
882
-51
-708
-1125
-1496
-1582
-1555
-1718
-1907
-2138
-2284
-2110
-1970
-1752
-979
113
588
582
1573
3037
3586
3794
3383
2097
1709
2201
1672
393
-123
-888
-2713
-3678
-3570
-3815
-3694
-2833
-2581
-3028
-2804
-1516
-117
982
1827
2053
1808
1982
2746
3320
3378
3239
2623
1635
1224
904
-147
-956
-1309
-2172
-2923
-2655
-2096
-1641
-787
-190
-264
-81
433
891
1562
2147
2056
1707
1605
1232
328
-480
-932
-1116
-1187
-1333
-1590
-1899
-2138
-2221
-2145
-1744
-946
-89
128
-182
347
1906
3183
3539
3212
2544
2074
2193
2365
1814
1105
413
-1179
-2844
-3057
-2569
-2448
-2466
-2756
-3432
-3453
-2413
-1171
-62
863
1153
949
1121
1927
2924
3487
3262
2531
1723
1386
1779
1927
1079
-71
-1062
-2272
-3124
-2682
-1838
-1347
-747
-589
-1076
-1089
-374
454
1084
1518
1472
1173
1110
739
188
14
-325
-908
-1234
-1301
-1344
-1513
-1829
-2320
-2273
-1325
-267
500
662
375
799
1892
2415
2412
2669
2816
2497
2247
1691
866
746
469
-1014
-2243
-2183
-2075
-2359
-2369
-2485
-2764
-2419
-1725
-1148
-504
301
856
1091
1622
2452
2959
2900
2348
1676
1351
1571
1902
1570
852
102
-987
-2071
-2441
-2193
-1940
-1717
-1304
-1030
-858
-529
-240
-66
209
607
780
761
719
373
-83
-320
-597
-882
-1032
-1173
-1480
-1848
-2089
-2031
-1298
-302
261
505
606
917
1637
2312
2601
2445
2174
2034
2043
2094
1835
1304
499
-606
-1302
-1424
-1501
-1622
-1749
-1988
-2291
-2217
-1622
-913
-429
-251
-213
34
832
2083
2932
2847
2273
1565
902
855
1390
1601
1286
790
10
-964
-1479
-1501
-1732
-1994
-1780
-1408
-1122
-711
-311
-398
-568
-336
-141
5
257
225
-158
-503
-608
-665
-629
-630
-1084
-1576
-1740
-1546
-1041
-423
256
674
801
1175
1913
2522
2388
1854
1729
2049
2434
2177
1284
543
95
-230
-467
-686
-871
-1117
-1591
-2244
-2401
-1635
-600
-166
-553
-1041
-894
-129
921
1831
2241
2181
1900
1516
1205
1325
1453
1021
456
68
-144
-145
-222
-665
-1404
-2006
-2096
-1767
-1241
-764
-503
-555
-812
-852
-588
-143
238
27
-556
-925
-1049
-854
-426
-366
-870
-1469
-1764
-1583
-1012
-360
211
725
959
1038
1394
1793
2110
2478
2362
1826
1690
1744
1299
658
283
-102
-353
-324
-562
-979
-1144
-1333
-1543
-1362
-806
-374
-281
-226
-160
57
703
1269
1401
1545
1841
1864
1557
1434
1205
508
120
117
-64
-153
-60
-233
-783
-1232
-1384
-1481
-1251
-810
-725
-920
-1101
-974
-592
-266
-187
-555
-1039
-1305
-1356
-1085
-773
-684
-806
-1230
-1658
-1571
-880
-40
525
813
863
1031
1589
2040
2135
2105
1977
1788
1646
1482
1209
831
301
-292
-614
-533
-242
-60
-327
-994
-1471
-1309
-688
-11
354
246
-43
8
448
954
1351
1486
1304
1068
1074
1192
1082
753
288
-198
-397
-334
-184
-146
-431
-803
-1032
-1112
-988
-760
-780
-1155
-1390
-1334
-1139
-704
-399
-609
-1140
-1577
-1617
-1271
-799
-670
-1013
-1484
-1608
-1002
-179
240
465
652
1026
1765
2296
2165
1869
1878
1665
1257
1246
1274
1006
524
-326
-1034
-862
-268
-153
-398
-575
-815
-891
-456
61
351
618
610
276
370
1022
1502
1522
1355
1143
1020
1228
1375
1012
494
22
-433
-629
-535
-333
-308
-536
-780
-897
-825
-560
-269
-335
-859
-1276
-1325
-1210
-946
-680
-745
-1141
-1520
-1685
-1623
-1270
-939
-1143
-1473
-1258
-701
-170
264
475
695
1331
2064
2273
2169
2112
1862
1547
1329
911
558
461
-10
-859
-1175
-850
-669
-698
-668
-773
-853
-634
-326
23
589
1023
935
821
1051
1292
1455
1517
1353
1116
1083
1162
962
532
132
-194
-430
-619
-673
-619
-809
-1039
-941
-772
-637
-413
-285
-462
-638
-626
-793
-1061
-1086
-1046
-1074
-1076
-1195
-1525
-1822
-1775
-1545
-1439
-1224
-695
-195
43
311
855
1407
1996
2634
2605
2121
2110
2239
1923
1447
909
82
-609
-760
-931
-1235
-1111
-926
-1132
-1212
-885
-531
-298
-22
217
394
809
1385
1682
1720
1752
1767
1645
1505
1540
1515
1110
542
58
-339
-560
-617
-714
-986
-1258
-1343
-1305
-1149
-822
-592
-581
-577
-473
-403
-499
-689
-847
-1015
-1106
-1087
-1166
-1308
-1443
-1649
-1794
-1595
-1082
-533
-121
163
431
875
1460
1972
2394
2662
2582
2308
2138
1990
1718
1233
446
-417
-925
-1107
-1227
-1320
-1446
-1669
-1682
-1236
-648
-231
8
34
-58
193
914
1582
1887
1948
1828
1672
1720
1889
1821
1307
563
-113
-561
-723
-727
-838
-1207
-1668
-1866
-1777
-1563
-1225
-922
-939
-1041
-831
-502
-391
-469
-627
-878
-1027
-885
-745
-844
-993
-1181
-1516
-1598
-1042
-183
371
631
833
1020
1445
2167
2620
2620
2581
2507
2140
1749
1657
1373
653
6
-462
-912
-1020
-880
-1134
-1607
-1688
-1519
-1311
-738
-30
211
208
406
705
1060
1479
1738
1823
1870
1897
1844
1674
1357
964
554
-47
-727
-1151
-1435
-1693
-1750
-1759
-1936
-2045
-1923
-1787
-1670
-1385
-1097
-981
-901
-871
-918
-883
-720
-551
-521
-653
-810
-886
-850
-616
-195
148
277
533
999
1473
1991
2439
2531
2394
2296
2212
2092
1996
1695
972
261
-98
-341
-498
-416
-391
-727
-1202
-1484
-1479
-1127
-559
-222
-268
-277
97
667
1108
1351
1454
1463
1492
1700
1909
1770
1412
1070
625
104
-264
-619
-1239
-1909
-2286
-2446
-2452
-2248
-2114
-2245
-2349
-2174
-1845
-1560
-1334
-1153
-1019
-809
-549
-466
-499
-489
-482
-490
-296
174
603
713
583
521
859
1596
2290
2490
2216
1915
1888
2046
2230
2271
1846
970
218
-89
-105
158
495
280
-432
-878
-863
-657
-284
0
-259
-751
-812
-431
129
736
1066
985
843
911
1207
1582
1698
1385
857
391
162
187
123
-435
-1296
-2048
-2606
-2808
-2615
-2444
-2515
-2616
-2650
-2652
-2528
-2239
-1869
-1494
-1153
-907
-749
-596
-401
-211
-109
27
506
1137
1350
1240
1316
1762
2379
2668
2344
1928
2025
2296
2095
1679
1522
1312
815
277
-81
-2
458
543
-61
-542
-287
227
420
321
81
-196
-344
-286
-37
256
330
144
21
236
772
1370
1598
1342
966
662
384
274
347
217
-321
-947
-1449
-1902
-2226
-2403
-2662
-3007
-3216
-3213
-3076
-2903
-2770
-2711
-2621
-2304
-1751
-1195
-797
-555
-397
-153
373
1107
1630
1782
1880
2159
2576
2878
2755
2415
2305
2311
2056
1606
1263
1010
661
237
-144
-222
179
544
267
-281
-323
175
722
1021
1066
907
710
629
650
753
834
634
206
-59
29
364
708
772
564
389
333
279
233
127
-216
-660
-954
-1227
-1554
-1768
-1974
-2374
-2853
-3199
-3342
-3282
-3163
-3198
-3280
-3166
-2834
-2410
-1973
-1527
-1042
-668
-406
101
970
1690
1976
2159
2505
2932
3202
3050
2658
2660
2881
2473
1598
1147
1002
582
34
-317
-345
65
465
262
-35
302
761
768
804
1160
1463
1580
1515
1174
904
967
912
552
334
348
274
102
-39
-117
-50
121
176
77
-101
-393
-680
-828
-975
-1220
-1497
-1814
-2130
-2351
-2533
-2762
-3042
-3375
-3640
-3628
-3391
-3165
-3012
-2799
-2432
-1955
-1441
-822
21
883
1392
1671
2126
2838
3541
3796
3481
3120
3078
2946
2416
1897
1625
1187
370
-498
-973
-751
-139
60
-223
-217
240
588
729
1016
1427
1691
1711
1563
1492
1680
1790
1511
1126
916
782
616
384
62
-235
-408
-547
-652
-592
-521
-639
-813
-931
-1114
-1390
-1621
-1747
-1827
-1940
-2169
-2506
-2835
-3081
-3239
-3296
-3274
-3263
-3301
-3306
-3151
-2753
-2056
-1112
-156
527
943
1390
2130
3072
3763
3895
3715
3589
3417
2980
2494
2235
1954
1278
286
-578
-853
-538
-265
-481
-753
-518
44
501
879
1332
1744
1935
1835
1639
1755
2172
2352
2059
1604
1266
1109
1025
783
342
-97
-516
-998
-1370
-1458
-1413
-1359
-1294
-1363
-1596
-1739
-1685
-1593
-1610
-1768
-2042
-2354
-2585
-2683
-2695
-2680
-2717
-2854
-3025
-3114
-3065
-2834
-2350
-1609
-798
-193
242
807
1654
2571
3143
3282
3348
3504
3440
3031
2632
2450
2207
1611
739
54
-10
271
185
-304
-550
-327
14
281
613
1114
1672
1975
1855
1676
1861
2194
2241
2009
1710
1449
1285
1151
902
616
382
27
-555
-1139
-1511
-1703
-1772
-1776
-1829
-1944
-2007
-1952
-1812
-1648
-1552
-1599
-1834
-2155
-2353
-2363
-2296
-2267
-2316
-2449
-2608
-2700
-2640
-2341
-1821
-1315
-996
-699
-149
691
1550
2101
2391
2707
3002
2966
2659
2467
2465
2324
1817
1093
607
632
806
643
281
156
251
289
269
424
868
1378
1566
1418
1372
1639
1934
1995
1849
1634
1451
1287
1078
866
764
695
438
-48
-557
-926
-1176
-1396
-1634
-1881
-2093
-2198
-2153
-1993
-1796
-1637
-1605
-1728
-1883
-1944
-1934
-1959
-2061
-2225
-2401
-2503
-2481
-2309
-2028
-1756
-1595
-1499
-1273
-782
-144
365
678
1027
1499
1845
1943
1968
2053
2125
2034
1708
1332
1248
1461
1584
1440
1281
1299
1403
1439
1402
1390
1450
1489
1387
1235
1262
1486
1688
1716
1625
1525
1452
1358
1190
976
794
629
391
104
-134
-346
-592
-888
-1240
-1604
-1871
-1994
-2025
-2012
-1965
-1912
-1869
-1802
-1698
-1609
-1577
-1631
-1791
-2006
-2187
-2286
-2291
-2220
-2124
-2052
-2008
-1926
-1723
-1409
-1099
-878
-683
-367
63
485
829
1112
1398
1694
1909
1988
2030
2146
2284
2316
2270
2256
2274
2285
2259
2173
2059
1951
1789
1521
1241
1079
1021
1005
1010
1038
1060
1085
1108
1095
1035
947
818
611
364
154
-12
-181
-395
-671
-991
-1308
-1564
-1746
-1889
-2018
-2132
-2221
-2255
-2207
-2107
-2011
-1981
-2040
-2153
-2262
-2335
-2375
-2402
-2418
-2393
-2293
-2116
-1890
-1638
-1380
-1136
-897
-644
-366
-63
245
546
861
1204
1546
1862
2144
2386
2572
2687
2745
2766
2757
2715
2626
2510
2380
2224
2015
1740
1438
1187
1008
878
792
768
799
871
972
1081
1180
1238
1214
1079
868
631
384
127
-132
-393
-651
-896
-1150
-1410
-1650
-1865
-2059
-2234
-2370
-2448
-2465
-2447
-2438
-2435
-2408
-2345
-2280
-2238
-2222
-2184
-2093
-1955
-1781
-1588
-1378
-1145
-890
-640
-404
-179
19
185
347
546
785
1058
1356
1656
1943
2202
2414
2579
2679
2701
2653
2559
2438
2295
2118
1900
1653
1411
1193
995
833
728
666
633
629
663
749
881
1009
1084
1091
1014
854
629
375
113
-153
-418
-680
-937
-1180
-1415
-1654
-1888
-2098
-2289
-2466
-2614
-2711
-2758
-2760
-2715
-2633
-2525
-2382
-2207
-2014
-1811
-1612
-1445
-1300
-1130
-912
-676
-472
-310
-181
-58
84
249
405
546
692
872
1106
1399
1709
1986
2210
2380
2497
2567
2575
2498
2344
2135
1895
1651
1429
1230
1052
922
845
802
769
750
748
781
843
918
993
1053
1069
1004
868
686
467
218
-53
-338
-631
-913
-1187
-1460
-1721
-1960
-2181
-2381
-2554
-2688
-2789
-2862
-2882
-2824
-2692
-2496
-2250
-1968
-1670
-1373
-1103
-860
-633
-419
-241
-111
-7
78
150
218
294
383
492
615
748
908
1102
1309
1514
1717
1907
2069
2202
2291
2306
2245
2115
1924
1689
1454
1237
1047
895
786
711
659
622
605
613
637
659
674
682
688
681
652
590
490
353
180
-27
-270
-541
-837
-1139
-1439
-1720
-1971
-2194
-2392
-2567
-2718
-2835
-2892
-2872
-2778
-2618
-2389
-2105
-1794
-1467
-1137
-805
-483
-195
29
185
292
357
393
417
442
471
514
570
639
728
848
977
1103
1232
1366
1498
1619
1717
1776
1787
1751
1671
1549
1400
1236
1070
917
785
674
587
532
509
514
527
535
537
536
530
516
495
468
427
375
305
204
61
-124
-347
-605
-889
-1180
-1458
-1721
-1968
-2193
-2385
-2529
-2618
-2648
-2615
-2518
-2348
-2117
-1842
-1536
-1204
-843
-469
-119
175
419
611
736
797
815
811
802
796
796
800
827
880
938
994
1062
1133
1201
1264
1321
1356
1362
1345
1305
1248
1182
1109
1027
928
821
711
600
503
431
393
370
349
325
285
237
186
141
90
36
-13
-57
-106
-171
-268
-401
-569
-764
-983
-1210
-1449
-1699
-1948
-2174
-2348
-2461
-2514
-2506
-2431
-2281
-2064
-1804
-1517
-1211
-875
-515
-161
170
473
740
950
1097
1183
1227
1248
1253
1246
1236
1226
1211
1184
1157
1143
1139
1140
1132
1108
1065
1009
942
881
835
811
800
797
786
761
727
682
627
560
489
418
343
258
167
75
-16
-106
-198
-283
-355
-411
-470
-551
-644
-739
-833
-934
-1051
-1183
-1337
-1514
-1698
-1877
-2026
-2129
-2188
-2202
-2163
-2056
-1881
-1654
-1391
-1103
-795
-483
-178
115
405
681
920
1120
1281
1413
1517
1592
1630
1638
1621
1582
1518
1443
1365
1286
1212
1129
1030
918
806
695
593
515
466
446
453
472
487
492
498
499
491
464
414
335
233
116
-8
-133
-254
-366
-463
-543
-614
-689
-784
-888
-980
-1065
-1146
-1224
-1303
-1394
-1495
-1602
-1707
-1795
-1849
-1867
-1852
-1799
-1699
-1558
-1376
-1157
-901
-612
-312
-17
264
531
773
983
1168
1339
1503
1653
1770
1841
1875
1871
1832
1757
1658
1541
1415
1284
1139
978
812
647
484
348
249
189
168
170
185
203
227
268
315
355
379
374
334
261
160
41
-89
-229
-375
-515
-642
-757
-870
-992
-1113
-1226
-1321
-1401
-1480
-1564
-1643
-1717
-1778
-1818
-1833
-1818
-1772
-1694
-1581
-1441
-1273
-1081
-875
-642
-386
-116
160
441
701
922
1113
1284
1445
1593
1729
1845
1929
1977
1991
1970
1912
1820
1703
1564
1403
1230
1042
842
639
461
315
208
143
107
90
87
98
134
181
230
275
308
314
286
223
127
11
-115
-246
-393
-556
-728
-902
-1077
-1240
-1383
-1503
-1598
-1681
-1762
-1837
-1899
-1943
-1962
-1960
-1926
-1854
-1748
-1605
-1436
-1246
-1041
-825
-599
-366
-135
102
347
580
795
997
1191
1367
1527
1672
1796
1893
1966
2010
2016
1991
1943
1869
1772
1653
1502
1320
1114
899
693
519
382
275
198
141
95
56
44
57
84
119
148
165
159
125
66
-21
-131
-251
-377
-514
-663
-834
-1026
-1222
-1407
-1569
-1701
-1806
-1893
-1963
-2018
-2049
-2057
-2030
-1967
-1867
-1737
-1577
-1399
-1207
-997
-775
-533
-280
-31
207
435
643
824
982
1131
1279
1424
1563
1693
1800
1883
1935
1952
1946
1919
1878
1825
1760
1672
1550
1397
1222
1036
860
703
569
452
349
256
169
94
38
8
-7
-17
-23
-36
-67
-116
-180
-260
-349
-445
-555
-683
-829
-991
-1170
-1351
-1517
-1672
-1811
-1931
-2037
-2122
-2181
-2210
-2205
-2164
-2072
-1931
-1752
-1549
-1338
-1120
-894
-648
-389
-130
126
377
609
810
980
1130
1267
1393
1508
1611
1704
1786
1848
1879
1887
1877
1849
1811
1763
1701
1611
1499
1369
1225
1087
966
854
749
643
538
427
321
230
157
102
55
13
-36
-99
-173
-260
-349
-436
-521
-609
-713
-834
-973
-1125
-1278
-1428
-1570
-1701
-1815
-1920
-2019
-2102
-2163
-2197
-2194
-2143
-2040
-1897
-1720
-1519
-1302
-1072
-825
-559
-291
-25
241
503
742
939
1107
1259
1401
1528
1637
1723
1786
1826
1839
1835
1817
1795
1768
1738
1699
1640
1556
1447
1327
1208
1110
1030
959
883
798
695
579
466
361
268
177
90
-3
-103
-215
-339
-461
-574
-677
-767
-860
-964
-1083
-1211
-1342
-1467
-1581
-1684
-1778
-1863
-1948
-2032
-2110
-2169
-2197
-2181
-2118
-2012
-1873
-1710
-1519
-1306
-1068
-810
-535
-255
28
312
575
800
991
1164
1318
1467
1602
1718
1809
1867
1890
1879
1847
1808
1773
1740
1701
1650
1575
1480
1373
1268
1180
1113
1060
1010
949
870
776
672
572
483
401
311
202
68
-85
-254
-430
-590
-731
-853
-962
-1071
-1189
-1310
-1429
-1537
-1622
-1682
-1720
-1753
-1793
-1846
-1907
-1958
-1988
-1991
-1949
-1862
-1746
-1613
-1466
-1302
-1115
-899
-656
-401
-137
130
383
609
805
977
1134
1292
1449
1590
1702
1785
1829
1835
1817
1786
1754
1719
1679
1627
1545
1439
1322
1210
1118
1054
1015
981
941
887
816
738
663
596
538
481
412
313
173
0
-195
-391
-571
-738
-893
-1044
-1197
-1344
-1481
-1600
-1696
-1765
-1808
-1831
-1847
-1867
-1899
-1933
-1954
-1948
-1903
-1821
-1716
-1599
-1473
-1339
-1186
-1006
-796
-565
-319
-67
171
388
583
762
929
1100
1270
1430
1568
1671
1735
1762
1764
1753
1738
1722
1697
1654
1582
1478
1358
1241
1143
1072
1027
990
945
888
824
757
700
658
623
588
545
479
381
246
81
-103
-292
-480
-668
-861
-1060
-1258
-1446
-1603
-1720
-1799
-1841
-1860
-1867
-1868
-1875
-1881
-1885
-1867
-1817
-1734
-1626
-1507
-1385
-1264
-1140
-997
-832
-646
-434
-213
9
217
409
583
748
918
1091
1257
1405
1519
1591
1627
1638
1630
1619
1611
1597
1566
1511
1430
1325
1214
1118
1044
994
960
924
877
824
774
735
713
703
700
688
651
579
467
317
144
-41
-232
-429
-638
-859
-1091
-1318
-1524
-1695
-1820
-1898
-1934
-1945
-1939
-1928
-1917
-1901
-1865
-1807
-1722
-1614
-1492
-1369
-1246
-1119
-986
-836
-669
-484
-289
-99
79
240
384
518
655
802
958
1111
1245
1341
1407
1445
1464
1486
1507
1525
1533
1521
1480
1410
1325
1241
1163
1099
1049
1003
944
878
815
761
725
710
712
713
699
658
578
459
305
133
-52
-241
-435
-642
-860
-1082
-1294
-1487
-1649
-1770
-1852
-1908
-1946
-1966
-1982
-1982
-1953
-1887
-1789
-1664
-1524
-1383
-1245
-1107
-962
-805
-633
-444
-250
-59
116
268
400
517
629
745
867
988
1100
1186
1243
1277
1298
1315
1343
1375
1403
1415
1402
1359
1296
1226
1160
1101
1052
1007
951
881
807
733
669
629
614
615
613
597
550
458
336
191
34
-129
-296
-474
-667
-869
-1066
-1247
-1401
-1523
-1614
-1682
-1734
-1777
-1822
-1866
-1899
-1903
-1866
-1786
-1668
-1534
-1394
-1253
-1108
-950
-778
-590
-393
-191
8
191
347
473
578
672
768
871
974
1064
1131
1173
1196
1207
1222
1246
1281
1316
1338
1333
1293
1230
1157
1086
1033
994
961
919
859
784
704
638
592
570
565
561
540
485
392
269
135
-4
-139
-275
-415
-564
-722
-888
-1046
-1189
-1312
-1411
-1493
-1563
-1635
-1710
-1780
-1838
-1872
-1868
-1816
-1717
-1588
-1434
-1269
-1100
-928
-744
-547
-339
-127
73
251
400
524
626
717
807
896
981
1054
1106
1136
1145
1140
1134
1138
1153
1174
1192
1191
1160
1105
1036
966
902
857
819
778
728
669
606
550
511
496
494
496
483
440
367
265
148
26
-91
-202
-313
-427
-547
-665
-785
-902
-1002
-1089
-1174
-1261
-1357
-1461
-1566
-1659
-1727
-1753
-1734
-1674
-1578
-1454
-1307
-1146
-969
-780
-580
-376
-175
13
174
309
420
514
599
680
759
832
898
946
972
981
979
971
972
979
988
994
989
967
928
878
830
791
767
749
731
704
664
617
573
548
539
541
539
520
472
397
300
185
64
-51
-159
-258
-356
-454
-555
-655
-748
-831
-906
-982
-1065
-1160
-1271
-1389
-1507
-1603
-1662
-1674
-1640
-1570
-1471
-1352
-1218
-1069
-901
-714
-515
-310
-119
51
195
313
412
498
582
667
748
821
877
913
927
925
921
921
931
947
958
955
938
908
876
848
828
822
828
838
842
835
817
795
773
761
752
736
699
635
543
422
285
142
6
-116
-222
-317
-403
-488
-571
-651
-728
-797
-865
-933
-1012
-1107
-1222
-1344
-1460
-1555
-1616
-1633
-1604
-1541
-1449
-1341
-1217
-1083
-933
-766
-586
-406
-236
-83
46
156
248
338
425
511
593
662
718
755
778
792
803
814
831
850
859
862
852
833
811
795
791
797
814
836
854
870
879
881
872
850
817
769
707
623
517
387
247
106
-23
-135
-227
-305
-372
-430
-485
-543
-604
-672
-749
-828
-913
-1003
-1100
-1199
-1294
-1375
-1431
-1454
-1440
-1393
-1319
-1223
-1110
-989
-859
-729
-599
-469
-339
-215
-101
7
102
187
267
348
429
507
578
640
692
731
760
782
796
804
806
809
812
813
818
824
834
846
864
889
919
946
967
975
964
933
881
806
715
614
507
399
289
183
76
-30
-127
-210
-279
-340
-396
-456
-526
-607
-698
-797
-898
-994
-1076
-1152
-1218
-1275
-1319
-1346
-1353
-1336
-1294
-1225
-1132
-1031
-928
-826
-725
-622
-518
-410
-297
-184
-72
31
128
218
301
381
457
526
589
641
680
707
725
733
737
744
755
772
794
816
838
859
878
898
913
928
936
936
923
893
842
776
695
606
516
428
347
268
190
109
29
-51
-125
-193
-260
-325
-396
-474
-558
-649
-738
-824
-899
-964
-1017
-1058
-1092
-1117
-1131
-1128
-1111
-1076
-1032
-978
-921
-858
-790
-717
-637
-551
-458
-362
-270
-183
-101
-25
50
123
193
255
312
360
401
440
471
495
520
548
580
614
652
696
740
789
838
879
913
935
948
953
950
932
899
850
793
733
673
613
548
482
413
343
272
199
125
48
-26
-100
-176
-258
-346
-431
-511
-583
-650
-707
-761
-807
-847
-879
-905
-926
-941
-947
-947
-941
-929
-912
-887
-854
-808
-752
-688
-612
-537
-460
-385
-315
-249
-189
-128
-72
-19
36
86
133
179
223
270
322
382
449
513
575
635
693
748
794
833
860
878
891
892
882
859
828
790
749
707
664
614
566
517
463
407
346
283
218
155
92
27
-40
-108
-175
-237
-298
-352
-401
-444
-480
-517
-555
-593
-631
-664
-694
-720
-743
-766
-785
-799
-801
-787
-763
-726
-680
-628
-572
-520
-469
-421
-375
-329
-282
-232
-184
-140
-91
-35
27
93
165
234
301
369
434
491
543
585
622
652
681
705
720
729
731
724
711
699
683
657
625
588
543
494
446
399
354
310
269
226
183
142
96
45
-1
-44
-84
-120
-154
-190
-226
-260
-293
-327
-357
-390
-426
-463
-503
-544
-584
-618
-649
-673
-687
-695
-696
-692
-678
-659
-636
-609
-581
-550
-517
-481
-444
-404
-354
-297
-234
-161
-88
-12
64
144
217
280
340
393
442
487
527
561
591
614
633
649
664
674
679
678
670
653
629
597
562
527
491
456
420
385
350
317
284
251
222
191
161
129
99
63
23
-21
-62
-103
-145
-188
-237
-285
-336
-382
-424
-468
-509
-552
-592
-628
-658
-683
-704
-718
-723
-720
-711
-692
-669
-639
-605
-563
-511
-455
-396
-336
-273
-207
-135
-63
7
71
132
194
252
303
350
391
431
464
497
525
547
562
570
576
580
583
579
574
561
544
525
504
479
456
433
409
386
364
343
319
294
267
236
203
171
139
105
65
23
-23
-72
-121
-173
-226
-278
-327
-376
-424
-471
-516
-560
-601
-636
-662
-680
-691
-695
-691
-681
-661
-632
-598
-555
-506
-454
-401
-344
-286
-231
-179
-125
-69
-14
41
93
145
191
233
274
311
345
374
400
424
441
452
459
464
466
465
464
459
452
446
439
432
422
409
392
374
357
341
321
299
275
249
221
193
163
134
104
75
43
8
-32
-77
-124
-171
-216
-259
-303
-345
-386
-422
-449
-472
-488
-501
-511
-515
-512
-501
-485
-468
-447
-424
-398
-368
-337
-304
-268
-227
-186
-146
-105
-64
-27
4
33
63
92
118
141
164
189
212
228
245
258
273
286
301
311
318
322
321
322
322
325
324
322
318
313
305
294
282
270
259
248
235
219
201
183
161
135
106
71
35
-1
-33
-67
-105
-142
-182
-220
-252
-280
-303
-320
-334
-341
-346
-348
-350
-349
-344
-336
-323
-306
-288
-271
-255
-238
-219
-199
-177
-151
-125
-100
-75
-53
-33
-16
1
20
38
57
76
96
111
127
142
155
168
180
193
201
210
216
220
223
224
225
227
227
225
221
218
214
210
201
190
178
171
164
153
134
110
86
62
40
20
-3
-27
-50
-72
-92
-109
-127
-143
-158
-167
-172
-177
-181
-188
-194
-196
-192
-187
-182
-174
-164
-155
-148
-140
-134
-126
-119
-112
-105
-99
-95
-90
-83
-78
-66
-55
-43
-31
-19
-8
2
9
18
25
36
46
54
59
64
69
78
87
96
106
117
129
138
146
152
156
159
163
165
165
164
162
157
148
136
121
102
85
71
55
36
19
4
-6
-18
-27
-33
-39
-43
-46
-51
-54
-60
-63
-68
-70
-70
-74
-75
-77
-76
-79
-82
-86
-90
-92
-90
-89
-90
-90
-89
-90
-90
-87
-84
-78
-71
-65
-60
-53
-47
-41
-31
-22
-16
-11
-6
-1
5
15
25
36
46
55
64
72
79
88
94
99
101
101
100
100
97
92
85
78
70
61
50
42
36
28
23
17
12
10
7
6
2
0
0
0
1
2
5
6
5
1
-1
-4
-8
-15
-26
-34
-43
-52
-60
-66
-72
-77
-76
-75
-74
-76
-77
-79
-79
-76
-75
-73
-70
-69
-68
-69
-66
-60
-54
-46
-40
-34
-28
-20
-11
0
11
23
34
45
54
65
72
78
81
81
83
84
86
85
81
77
73
72
70
68
66
65
66
68
70
69
64
63
61
61
61
57
55
49
42
34
29
24
16
8
-2
-14
-27
-41
-52
-62
-71
-77
-83
-86
-89
-94
-99
-103
-103
-103
-102
-104
-109
-118
-123
-121
-121
-120
-116
-110
-103
-93
-84
-74
-63
-54
-41
-25
-9
8
24
38
50
60
71
82
91
97
101
104
107
110
112
112
113
113
110
109
110
111
112
112
114
114
112
108
100
95
90
84
77
71
64
55
46
34
20
9
-1
-12
-24
-36
-48
-58
-65
-73
-83
-90
-97
-102
-104
-109
-114
-125
-136
-142
-148
-155
-159
-163
-162
-157
-150
-140
-130
-119
-108
-93
-80
-67
-53
-40
-28
-14
-1
15
30
44
57
65
70
75
83
90
96
102
107
110
111
113
113
115
120
125
129
134
137
138
135
131
123
115
109
100
92
82
69
54
39
27
15
4
-5
-14
-25
-37
-49
-63
-71
-79
-87
-95
-102
-111
-121
-133
-144
-153
-160
-162
-166
-167
-169
-169
-168
-162
-157
-149
-139
-126
-112
-98
-83
-71
-58
-42
-24
-1
21
41
56
69
78
86
94
101
110
116
124
132
139
145
151
156
166
175
185
191
193
192
188
183
176
168
160
150
138
123
108
93
77
63
49
35
22
8
-10
-24
-40
-54
-64
-74
-82
-92
-104
-116
-131
-144
-158
-168
-178
-183
-188
-196
-201
-204
-205
-204
-201
-197
-186
-172
-160
-145
-131
-118
-102
-84
-63
-43
-25
-8
8
28
45
60
74
83
92
99
108
114
120
125
133
145
155
165
173
180
186
188
188
186
181
175
164
151
136
119
106
92
77
62
48
34
18
2
-15
-28
-40
-52
-61
-72
-82
-93
-106
-118
-129
-139
-150
-160
-171
-180
-190
-198
-206
-209
-211
-211
-210
-206
-199
-189
-175
-160
-143
-124
-103
-82
-60
-41
-20
-3
16
38
58
78
94
109
118
129
140
152
162
170
179
187
195
203
209
217
223
230
232
235
232
225
214
201
189
174
160
142
123
103
83
63
44
25
7
-11
-29
-45
-62
-77
-89
-106
-119
-133
-147
-160
-174
-183
-195
-207
-216
-225
-232
-238
-242
-243
-242
-238
-232
-223
-212
-197
-178
-157
-135
-114
-94
-74
-55
-37
-19
0
18
36
53
70
85
98
112
125
139
152
166
175
187
198
211
225
235
243
249
251
254
253
250
246
238
228
215
198
180
155
132
110
89
67
44
20
-5
-28
-47
-69
-90
-111
-131
-150
-167
-182
-201
-218
-231
-243
-253
-259
-266
-273
-279
-282
-280
-278
-274
-266
-255
-243
-226
-207
-186
-172
-154
-135
-117
-98
-80
-60
-42
-23
-5
17
40
61
83
104
128
148
167
184
202
219
237
255
270
284
293
301
307
312
314
313
310
304
296
283
267
246
224
202
178
155
130
104
79
52
26
1
-24
-49
-72
-97
-121
-146
-168
-191
-211
-230
-244
-258
-272
-285
-296
-306
-311
-314
-313
-309
-304
-294
-285
-274
-258
-241
-219
-197
-173
-152
-130
-107
-86
-63
-41
-21
1
24
47
71
94
118
142
165
187
209
228
245
260
273
285
295
303
308
311
312
312
308
302
292
278
262
244
224
201
179
155
133
109
86
61
38
16
-8
-32
-57
-80
-103
-127
-148
-168
-186
-205
-219
-236
-252
-265
-280
-289
-295
-298
-300
-302
-299
-298
-297
-292
-282
-268
-254
-238
-224
-204
-183
-161
-137
-115
-92
-69
-46
-22
4
28
54
79
106
133
154
175
196
215
233
250
266
279
292
302
310
316
322
322
321
315
307
297
284
267
247
224
201
178
154
131
106
80
54
30
8
-17
-41
-67
-92
-114
-135
-158
-180
-200
-217
-233
-248
-261
-271
-280
-289
-295
-301
-303
-304
-301
-294
-285
-278
-266
-252
-238
-218
-197
-175
-152
-128
-104
-82
-60
-36
-13
11
34
60
84
104
123
141
162
182
200
218
234
249
263
278
288
294
298
300
298
296
292
283
271
260
245
229
210
191
170
150
131
110
88
66
45
25
4
-16
-35
-55
-76
-98
-115
-132
-149
-165
-180
-194
-207
-219
-233
-243
-253
-261
-269
-273
-274
-275
-275
-271
-263
-255
-245
-232
-218
-199
-179
-158
-137
-115
-93
-71
-45
-23
1
23
49
71
91
111
131
150
169
187
204
219
233
246
255
263
272
276
278
279
280
276
267
258
245
233
219
203
185
167
147
127
105
83
60
36
15
-3
-23
-49
-73
-98
-119
-139
-161
-180
-202
-223
-243
-258
-272
-288
-300
-310
-316
-318
-320
-320
-314
-308
-297
-286
-270
-252
-232
-209
-189
-166
-144
-118
-94
-67
-41
-15
11
38
65
92
118
146
173
200
224
246
265
281
295
312
324
334
337
338
339
337
333
324
313
298
285
268
251
230
209
187
164
143
119
96
74
51
27
2
-22
-45
-71
-95
-117
-139
-163
-187
-213
-233
-254
-276
-294
-310
-322
-334
-338
-341
-340
-336
-329
-320
-307
-288
-268
-245
-224
-199
-175
-152
-126
-102
-76
-49
-26
0
26
52
76
98
122
144
164
182
199
215
229
242
256
266
274
276
277
278
275
267
259
247
233
218
204
189
173
157
140
125
109
91
77
60
43
25
8
-9
-25
-44
-60
-78
-95
-113
-131
-148
-165
-180
-194
-205
-214
-221
-226
-229
-231
-228
-221
-213
-203
-194
-180
-168
-155
-140
-125
-112
-100
-86
-74
-62
-55
-44
-34
-21
-9
5
18
33
45
54
66
75
86
95
106
114
119
124
130
132
133
132
131
129
122
117
110
104
99
91
87
82
78
70
63
55
48
42
35
27
19
11
5
-1
-8
-16
-23
-28
-32
-36
-40
-43
-43
-44
-46
-48
-49
-48
-46
-44
-41
-39
-36
-34
-31
-28
-25
-22
-22
-23
-21
-21
-20
-20
-18
-16
-14
-11
-7
-3
1
7
12
17
21
24
27
29
30
31
30
28
27
26
24
20
17
12
8
3
-3
-7
-11
-11
-12
-11
-9
-7
-7
-6
-5
0
6
7
4
2
2
1
1
-1
-3
-6
-5
-3
0
2
4
8
12
16
18
21
18
18
17
14
13
14
14
10
6
1
-3
-7
-11
-14
-18
-19
-21
-21
-21
-21
-21
-20
-20
-17
-15
-15
-14
-15
-16
-14
-16
-17
-20
-22
-25
-28
-29
-32
-36
-37
-40
-40
-40
-41
-39
-35
-32
-31
-28
-25
-20
-16
-11
-9
-6
-3
0
1
2
1
0
1
2
4
5
9
11
18
27
34
40
47
53
56
59
60
64
65
65
64
60
57
54
48
44
39
32
26
20
14
10
4
2
0
0
1
1
2
1
3
2
2
-1
-5
-8
-10
-15
-19
-22
-26
-31
-35
-37
-40
-42
-42
-42
-43
-42
-41
-41
-39
-36
-32
-29
-27
-24
-21
-20
-17
-13
-9
-5
-1
2
6
12
19
29
36
45
52
59
64
68
68
66
64
60
55
53
49
45
41
36
33
30
26
21
15
9
5
4
2
-2
-5
-8
-10
-9
-9
-11
-11
-13
-17
-21
-24
-26
-30
-38
-43
-48
-53
-56
-60
-64
-68
-72
-73
-72
-74
-76
-79
-79
-76
-75
-73
-71
-68
-64
-58
-52
-46
-38
-30
-24
-14
-5
6
17
27
37
45
55
64
74
81
86
89
91
93
94
89
85
83
82
81
80
78
75
74
72
71
69
66
63
59
55
51
45
40
31
21
12
2
-9
-21
-32
-45
-58
-69
-81
-92
-100
-104
-110
-114
-115
-116
-116
-114
-111
-110
-108
-106
-102
-97
-93
-89
-82
-77
-69
-61
-51
-43
-33
-23
-10
2
16
31
42
54
64
77
87
100
111
119
130
136
141
146
147
147
145
142
140
134
130
124
118
111
104
94
87
78
69
59
49
41
31
23
16
6
-3
-15
-22
-33
-44
-55
-66
-77
-88
-96
-106
-116
-124
-131
-133
-137
-140
-143
-144
-144
-144
-144
-142
-142
-139
-138
-137
-130
-122
-115
-106
-97
-86
-74
-59
-46
-33
-18
-4
11
27
44
56
69
82
93
102
110
118
126
132
137
136
136
136
134
132
129
129
127
125
123
121
120
118
116
110
105
102
98
91
83
76
66
58
47
34
21
8
-8
-21
-37
-53
-70
-86
-98
-112
-124
-135
-143
-151
-159
-164
-168
-171
-173
-173
-173
-170
-165
-157
-147
-138
-127
-115
-105
-92
-82
-71
-60
-50
-39
-28
-17
-6
3
15
24
38
50
61
72
83
94
103
112
120
129
132
135
139
142
148
149
152
151
151
149
148
145
140
134
127
119
108
99
88
77
63
47
33
18
4
-10
-25
-40
-55
-66
-78
-91
-101
-110
-120
-126
-130
-135
-136
-138
-136
-136
-131
-127
-122
-116
-113
-104
-97
-88
-79
-72
-62
-55
-47
-39
-34
-29
-22
-14
-5
5
13
22
30
41
51
60
70
80
88
97
103
111
116
119
119
120
121
122
120
117
114
111
106
102
98
91
84
75
67
58
49
37
28
15
7
-3
-12
-21
-32
-43
-56
-67
-76
-87
-99
-110
-119
-127
-134
-140
-147
-152
-154
-155
-153
-152
-151
-148
-143
-138
-131
-123
-115
-106
-97
-90
-81
-70
-60
-49
-38
-26
-13
0
12
25
37
51
63
74
85
95
103
114
123
132
137
143
148
150
154
155
158
157
159
155
152
148
141
135
127
118
108
97
87
75
65
52
40
27
15
1
-13
-26
-42
-56
-68
-81
-90
-98
-107
-115
-124
-129
-133
-136
-139
-140
-139
-136
-134
-132
-128
-125
-117
-112
-105
-97
-88
-80
-72
-61
-52
-40
-31
-23
-12
1
12
25
37
48
59
70
82
93
101
109
115
123
130
133
136
136
137
137
135
133
130
126
121
116
111
106
98
89
82
73
64
56
44
32
20
9
-4
-16
-31
-44
-58
-70
-82
-94
-104
-114
-120
-128
-135
-142
-149
-153
-154
-154
-154
-152
-151
-149
-145
-139
-136
-131
-125
-117
-111
-103
-93
-84
-72
-61
-48
-36
-19
-3
11
27
42
58
72
85
95
106
115
124
131
135
137
139
141
142
142
141
139
135
130
125
123
117
109
102
93
89
82
76
68
59
51
42
32
22
12
1
-12
-25
-37
-50
-58
-70
-80
-89
-98
-105
-113
-119
-126
-129
-132
-133
-135
-134
-134
-132
-128
-124
-118
-112
-104
-99
-90
-80
-70
-60
-48
-36
-24
-13
1
12
25
37
47
56
65
75
84
94
101
105
109
111
114
115
116
116
117
117
117
116
118
117
115
109
103
96
90
83
77
68
60
53
41
33
22
11
-1
-13
-23
-32
-43
-55
-65
-75
-84
-91
-97
-104
-110
-114
-117
-118
-118
-117
-116
-113
-109
-107
-101
-98
-95
-90
-81
-74
-66
-55
-46
-38
-28
-18
-9
0
10
21
30
39
46
52
59
65
69
73
78
83
84
85
86
83
83
82
83
83
83
82
79
76
72
69
67
66
61
58
51
45
37
31
24
14
5
-4
-15
-25
-35
-44
-53
-62
-70
-76
-82
-89
-95
-101
-104
-108
-110
-112
-112
-112
-111
-106
-103
-99
-95
-91
-84
-76
-68
-57
-48
-39
-29
-17
-7
2
12
21
29
34
41
48
55
61
66
70
73
76
77
76
75
73
71
70
68
64
63
60
59
59
60
59
58
55
55
56
55
53
50
48
44
39
34
29
22
14
6
0
-7
-14
-21
-27
-33
-36
-40
-42
-45
-48
-51
-55
-54
-54
-54
-53
-49
-46
-43
-39
-35
-33
-30
-22
-18
-13
-7
-5
-2
4
9
12
15
20
23
26
28
28
28
28
29
29
29
29
27
27
27
24
21
17
16
16
16
15
12
9
6
5
5
2
1
-1
-4
-7
-10
-15
-21
-27
-32
-37
-42
-44
-47
-50
-49
-50
-51
-50
-49
-46
-44
-40
-37
-34
-29
-27
-24
-21
-18
-14
-12
-10
-6
-3
0
2
6
9
12
13
15
18
21
22
24
28
28
31
32
31
31
34
34
33
32
32
29
26
24
21
19
15
13
11
6
2
-1
-4
-7
-8
-11
-12
-15
-15
-13
-12
-11
-10
-8
-4
-2
-1
2
3
6
8
9
10
11
10
11
10
8
7
5
4
3
2
1
1
0
1
1
0
0
0
1
3
4
4
5
4
5
6
9
10
9
11
11
12
12
14
14
14
15
15
15
15
13
10
8
4
2
1
-1
-4
-10
-12
-14
-17
-19
-21
-24
-25
-28
-29
-29
-29
-28
-31
-32
-33
-32
-29
-30
-31
-30
-30
-27
-24
-22
-21
-19
-17
-16
-15
-14
-15
-11
-7
-5
1
6
9
11
15
19
24
27
31
34
36
37
38
40
41
42
39
39
36
37
35
34
32
30
28
27
25
22
22
18
14
9
5
1
-2
-4
-8
-11
-17
-19
-23
-26
-31
-34
-34
-36
-36
-37
-36
-37
-36
-37
-35
-33
-32
-31
-29
-28
-25
-24
-23
-22
-19
-16
-13
-11
-8
-6
-4
0
5
8
16
22
26
29
34
36
39
40
42
43
42
41
39
37
35
32
28
25
20
18
13
8
5
2
-1
-2
-3
-3
-4
-6
-8
-10
-12
-14
-15
-14
-16
-19
-19
-20
-22
-23
-24
-26
-26
-28
-29
-28
-30
-29
-29
-26
-26
-27
-27
-26
-25
-22
-19
-15
-14
-12
-10
-6
-3
1
4
8
12
15
19
26
30
34
37
41
44
48
50
49
50
49
49
48
46
45
42
39
36
33
30
28
25
23
19
16
12
10
8
7
6
4
1
-3
-7
-10
-13
-15
-19
-23
-25
-29
-32
-38
-40
-43
-46
-47
-50
-53
-54
-53
-53
-53
-50
-51
-50
-47
-44
-40
-38
-33
-28
-26
-23
-17
-13
-7
-4
1
5
7
10
14
17
21
25
29
32
34
38
39
41
41
45
45
45
45
46
45
43
40
38
36
33
30
26
22
18
12
7
3
-2
-6
-11
-15
-17
-20
-26
-30
-34
-37
-40
-43
-46
-50
-50
-50
-51
-51
-52
-48
-46
-43
-40
-37
-32
-29
-28
-23
-19
-12
-8
-5
0
5
7
11
15
21
23
28
31
35
39
44
48
51
54
56
59
62
63
65
65
66
67
68
67
67
65
62
60
58
51
46
40
33
32
25
18
11
4
-2
-8
-13
-18
-26
-33
-38
-42
-47
-52
-56
-59
-62
-65
-69
-72
-75
-76
-75
-74
-72
-71
-71
-68
-66
-66
-62
-57
-53
-46
-42
-38
-31
-24
-18
-10
-5
1
7
15
19
22
27
33
38
44
48
51
55
58
60
64
64
64
66
66
64
62
60
57
54
51
46
42
38
33
28
22
17
11
8
3
-2
-8
-13
-17
-22
-28
-33
-39
-44
-50
-51
-55
-60
-61
-63
-64
-65
-66
-65
-64
-63
-63
-62
-62
-58
-54
-50
-46
-39
-33
-27
-21
-14
-7
-1
5
10
16
23
28
34
38
44
49
54
57
61
65
68
71
75
76
76
77
78
76
74
73
69
65
61
57
53
48
42
34
29
22
16
11
4
-2
-9
-17
-21
-27
-32
-37
-43
-47
-52
-54
-56
-61
-64
-67
-69
-69
-69
-70
-68
-68
-65
-64
-62
-60
-58
-54
-51
-45
-42
-37
-33
-27
-22
-17
-10
-2
4
9
14
19
26
31
35
40
44
49
53
57
60
64
66
67
69
68
69
68
67
66
66
63
61
56
53
50
45
41
35
31
27
21
15
8
3
-3
-9
-17
-22
-28
-34
-39
-44
-47
-52
-55
-58
-61
-63
-65
-67
-69
-70
-71
-69
-69
-68
-67
-65
-64
-64
-61
-57
-52
-47
-41
-37
-31
-25
-19
-12
-5
-1
4
10
16
23
28
32
36
41
46
51
54
57
60
62
66
67
70
69
70
70
69
69
66
63
60
57
53
49
45
39
35
29
24
16
10
3
-4
-9
-15
-21
-28
-32
-37
-39
-42
-44
-48
-50
-52
-54
-55
-56
-57
-58
-58
-57
-56
-55
-56
-56
-55
-53
-50
-46
-44
-41
-39
-33
-25
-20
-15
-10
-4
2
8
12
17
22
28
35
41
47
51
55
61
66
70
71
72
72
72
73
74
69
69
68
65
63
59
54
49
43
38
34
28
23
15
8
3
-3
-7
-12
-18
-25
-29
-33
-36
-41
-45
-50
-53
-56
-58
-62
-65
-68
-70
-71
-72
-74
-75
-73
-71
-71
-70
-66
-64
-59
-56
-53
-49
-42
-36
-29
-22
-14
-6
1
8
13
21
26
32
37
42
46
48
53
55
57
59
60
60
60
61
62
63
61
62
60
58
57
56
53
49
44
41
38
37
34
29
24
17
13
7
3
-2
-6
-12
-17
-20
-26
-30
-34
-37
-42
-44
-48
-51
-55
-56
-59
-60
-60
-61
-61
-62
-60
-58
-54
-51
-49
-44
-40
-35
-29
-23
-18
-12
-7
-1
5
11
14
18
23
26
29
32
33
34
34
35
38
41
42
42
42
43
43
44
45
45
46
45
43
41
40
40
39
36
33
30
25
20
16
11
10
8
3
0
-4
-10
-15
-20
-23
-27
-32
-35
-38
-41
-42
-44
-47
-48
-49
-48
-50
-50
-50
-48
-48
-46
-45
-42
-41
-39
-37
-34
-30
-26
-22
-17
-12
-9
-5
1
4
9
12
16
20
23
27
29
33
36
39
42
43
46
48
51
52
52
53
53
52
51
49
45
44
39
37
32
29
25
21
18
14
11
8
4
-1
-5
-9
-11
-13
-17
-21
-24
-27
-29
-32
-34
-36
-38
-38
-39
-40
-38
-39
-41
-41
-41
-39
-40
-36
-32
-30
-28
-26
-22
-17
-11
-8
-6
-3
0
1
4
7
9
11
13
15
16
18
18
18
19
20
20
20
20
20
20
19
19
16
14
12
11
10
8
7
7
5
4
5
5
2
0
-1
-1
-3
-3
-4
-6
-8
-9
-11
-13
-15
-16
-18
-20
-20
-22
-21
-22
-21
-21
-21
-20
-19
-17
-14
-12
-10
-8
-6
-3
1
3
6
8
12
13
14
16
18
18
19
19
20
19
19
19
19
21
21
20
22
21
21
22
23
23
23
22
22
20
21
19
17
18
16
16
14
12
11
8
6
4
0
-2
-4
-8
-9
-12
-13
-14
-17
-18
-19
-19
-17
-16
-15
-15
-15
-15
-15
-14
-14
-14
-14
-14
-14
-15
-16
-15
-14
-12
-13
-11
-9
-8
-7
-7
-6
-6
-5
-4
-3
-3
-1
0
2
4
4
5
6
7
8
6
8
7
6
6
7
7
7
6
4
3
2
0
0
-4
-7
-9
-10
-12
-13
-15
-15
-16
-16
-15
-14
-12
-12
-10
-10
-7
-5
-6
-5
-3
-3
-3
-1
0
0
1
3
4
7
7
9
9
10
11
14
16
17
18
20
22
22
23
23
23
23
23
22
21
19
18
16
15
14
11
9
8
5
3
2
2
-1
-2
-5
-7
-10
-10
-11
-15
-15
-15
-15
-15
-15
-15
-15
-16
-17
-16
-16
-17
-14
-14
-13
-11
-10
-9
-8
-10
-10
-11
-11
-9
-9
-6
-5
-5
-4
-5
-2
0
2
3
2
2
4
4
6
7
8
9
9
10
11
11
11
10
11
9
9
11
12
12
12
12
13
13
14
13
13
11
11
12
13
15
14
14
13
13
13
11
10
7
6
5
4
-2
-3
-6
-8
-10
-13
-15
-16
-16
-16
-17
-20
-19
-21
-21
-21
-21
-21
-21
-18
-16
-15
-14
-13
-14
-13
-11
-10
-10
-9
-9
-8
-7
-7
-4
-3
-2
-3
0
1
2
3
4
5
6
8
10
13
15
15
16
19
22
23
23
24
23
22
20
17
15
12
10
7
4
2
-2
-5
-8
-12
-12
-13
-14
-12
-13
-13
-12
-12
-9
-9
-8
-9
-7
-6
-6
-6
-6
-7
-7
-7
-9
-10
-11
-11
-11
-10
-9
-8
-7
-6
-4
-3
-2
-2
-1
-2
-2
-2
0
1
3
4
6
6
7
8
9
10
11
11
12
13
15
16
16
17
18
21
22
22
23
23
21
22
22
21
20
19
17
14
14
12
11
10
9
9
8
5
2
0
0
-2
-4
-5
-7
-9
-11
-13
-14
-15
-16
-16
-18
-19
-19
-20
-21
-21
-19
-18
-17
-17
-17
-15
-14
-14
-13
-12
-11
-11
-9
-9
-8
-6
-5
-4
-4
-2
-2
0
2
3
3
4
5
6
6
7
6
6
5
6
7
6
4
3
1
-1
-3
-6
-7
-8
-7
-8
-8
-9
-9
-7
-8
-7
-6
-6
-7
-6
-5
-4
-3
-5
-6
-6
-5
-5
-6
-7
-7
-6
-5
-2
-1
0
2
5
8
9
11
13
14
17
18
20
22
22
22
21
21
19
18
16
17
16
16
16
15
13
12
10
8
7
6
5
4
3
2
3
3
0
0
-2
-2
-3
-5
-6
-8
-8
-9
-10
-11
-13
-13
-13
-14
-13
-13
-13
-13
-12
-12
-12
-12
-10
-10
-9
-9
-8
-8
-7
-7
-4
-3
-3
0
1
3
3
4
5
5
5
4
5
4
5
6
7
7
6
7
8
7
8
7
6
6
7
8
8
8
8
7
7
7
5
5
4
3
-1
-2
-3
-4
-5
-6
-6
-6
-7
-7
-9
-11
-12
-13
-13
-14
-15
-14
-13
-11
-10
-9
-6
-5
-4
-3
-3
-1
0
1
2
3
4
4
5
5
5
4
4
5
5
6
5
6
5
5
5
7
7
8
8
8
9
8
10
10
10
12
13
12
11
10
10
8
6
6
2
-1
-3
-5
-5
-6
-9
-11
-13
-14
-17
-18
-20
-20
-21
-21
-21
-22
-22
-21
-20
-20
-20
-18
-17
-16
-17
-15
-15
-12
-10
-7
-7
-6
-6
-5
-3
-3
0
1
4
7
9
13
14
15
16
18
18
19
20
21
22
25
24
24
25
25
25
26
25
25
24
25
25
25
24
22
21
18
17
15
11
10
7
4
3
0
0
-1
-2
-4
-5
-6
-5
-6
-6
-8
-8
-10
-11
-13
-16
-18
-19
-19
-20
-22
-22
-22
-20
-21
-20
-19
-18
-17
-15
-12
-11
-9
-7
-4
-2
1
2
6
10
12
14
15
16
15
17
16
17
18
17
19
19
19
17
17
17
16
15
12
10
8
4
3
3
2
-1
-5
-8
-11
-15
-18
-23
-26
-30
-33
-36
-38
-42
-43
-43
-43
-44
-46
-46
-46
-46
-46
-46
-46
-44
-43
-40
-38
-36
-32
-27
-23
-18
-13
-10
-5
0
2
7
10
13
16
19
21
23
25
28
32
34
35
37
37
38
39
40
41
44
45
45
47
48
48
50
50
49
49
50
49
47
48
47
45
44
42
40
38
36
32
28
24
21
17
16
12
10
9
6
4
2
-1
-3
-7
-11
-14
-17
-22
-27
-31
-34
-37
-41
-43
-44
-47
-50
-52
-54
-56
-57
-57
-57
-56
-53
-52
-51
-48
-45
-42
-41
-38
-34
-29
-23
-17
-12
-6
-1
4
9
15
18
22
25
28
34
37
40
40
42
45
46
46
45
42
41
37
34
31
29
27
26
23
20
17
16
13
10
6
3
0
-2
-5
-8
-9
-13
-16
-20
-21
-23
-28
-32
-37
-39
-40
-43
-42
-43
-43
-42
-42
-41
-39
-38
-38
-37
-34
-33
-30
-29
-27
-22
-19
-16
-13
-11
-9
-5
-3
1
2
4
6
7
9
11
13
17
21
23
27
29
31
34
36
38
39
40
41
42
43
45
45
44
43
43
43
42
41
39
37
36
36
34
32
31
28
26
22
17
13
8
4
0
-5
-10
-15
-21
-25
-29
-32
-36
-39
-42
-41
-42
-43
-44
-44
-46
-44
-44
-41
-39
-38
-36
-34
-31
-30
-26
-23
-20
-18
-15
-13
-11
-6
-4
-2
-1
3
4
7
9
11
13
15
19
21
24
25
24
25
24
24
23
23
22
23
24
23
22
21
19
18
18
18
18
18
17
17
16
16
14
13
10
7
7
6
5
4
4
2
1
1
-1
-4
-5
-6
-6
-7
-8
-9
-10
-11
-13
-14
-17
-20
-21
-22
-22
-21
-21
-20
-20
-19
-20
-19
-20
-20
-20
-17
-16
-15
-14
-13
-12
-11
-9
-12
-9
-8
-7
-7
-6
-6
-4
-2
-1
0
1
1
2
5
7
7
11
13
15
16
17
17
17
17
17
18
18
17
15
14
14
13
13
12
10
9
9
10
9
10
8
8
6
4
4
2
0
-2
-3
-3
-1
-2
0
-1
-2
-1
-4
-6
-8
-9
-10
-11
-12
-13
-12
-12
-13
-14
-13
-14
-13
-11
-12
-11
-10
-9
-8
-8
-8
-7
-6
-6
-4
-3
-2
-1
0
3
6
6
6
4
4
6
6
7
8
9
11
12
13
12
14
15
16
16
17
16
17
17
16
15
14
12
12
9
7
5
5
4
2
0
-1
-2
-3
-3
-3
-2
-3
-4
-5
-4
-6
-6
-8
-9
-9
-9
-10
-10
-9
-9
-9
-9
-7
-6
-6
-5
-5
-6
-6
-5
-5
-5
-4
-4
-5
-4
-4
-4
-5
-4
-3
-2
-2
-1
1
2
1
1
2
3
3
1
2
4
5
5
5
4
5
4
2
2
1
3
3
2
2
3
3
3
1
1
1
0
1
1
0
-1
-1
-4
-4
-5
-8
-8
-11
-11
-13
-14
-14
-13
-13
-13
-13
-13
-12
-13
-12
-11
-11
-8
-8
-5
-4
-2
-1
0
1
2
2
2
2
3
4
7
7
8
9
10
10
11
11
12
13
14
14
13
12
14
15
15
16
15
15
16
15
13
14
11
8
7
6
4
4
3
3
2
0
0
0
-1
0
1
0
-1
0
-1
-2
-1
-1
-1
0
-2
-4
-5
-7
-7
-6
-7
-7
-8
-7
-8
-8
-7
-8
-6
-5
-3
-1
-1
1
3
2
3
3
3
3
2
2
1
0
0
-1
-1
-1
0
0
-1
2
2
3
3
4
4
4
3
3
2
1
0
-2
-3
-4
-3
-5
-5
-6
-7
-7
-9
-10
-12
-12
-12
-11
-10
-10
-9
-10
-10
-9
-9
-10
-10
-11
-12
-11
-11
-9
-10
-9
-10
-10
-10
-9
-8
-6
-5
-4
-3
-2
0
2
2
2
3
4
4
6
7
7
6
6
8
8
8
9
10
11
12
13
12
12
13
13
13
12
10
10
9
8
10
9
8
7
7
9
9
8
6
4
3
2
1
1
0
0
0
-1
-1
-1
-2
-1
0
-1
0
-1
-1
-2
-3
-3
-2
-2
-1
-1
2
1
2
2
3
3
3
4
4
3
3
2
3
4
5
4
4
4
3
3
2
1
-1
-3
-5
-5
-6
-6
-7
-8
-8
-8
-8
-8
-8
-7
-5
-6
-6
-5
-4
-6
-6
-6
-6
-6
-6
-5
-4
-3
-3
-2
-1
-1
-1
-1
0
0
2
2
4
6
7
8
8
10
10
11
13
12
12
12
11
10
9
9
9
8
7
6
6
4
3
3
1
1
0
-3
-4
-6
-9
-9
-9
-10
-11
-13
-14
-15
-17
-18
-20
-18
-20
-19
-18
-20
-19
-18
-18
-17
-18
-16
-17
-17
-15
-13
-12
-10
-8
-7
-6
-5
-3
-2
-1
-1
0
2
4
6
5
6
8
9
12
13
14
14
17
18
21
22
21
20
21
21
21
21
21
21
20
19
16
16
14
12
10
10
9
9
7
4
2
2
2
-1
-1
-2
-4
-4
-5
-5
-6
-6
-6
-7
-8
-10
-11
-12
-11
-12
-11
-10
-11
-10
-10
-7
-8
-7
-6
-4
-3
-1
1
3
5
7
9
10
12
11
11
12
12
14
13
13
14
12
11
10
11
11
10
11
10
10
11
11
10
9
8
6
5
3
1
1
0
0
-1
-2
-5
-7
-9
-10
-12
-13
-14
-16
-16
-18
-18
-21
-21
-22
-23
-23
-24
-25
-25
-24
-24
-22
-22
-23
-22
-22
-21
-19
-17
-13
-12
-8
-7
-4
-2
-2
0
2
3
4
5
5
7
8
9
10
11
12
12
13
11
13
15
15
17
17
16
17
18
17
16
15
15
14
14
13
11
8
5
3
2
-1
-3
-5
-6
-8
-7
-8
-9
-9
-9
-8
-6
-5
-5
-5
-4
-4
-3
-1
0
1
2
4
3
3
4
5
6
7
9
10
12
12
12
13
14
15
15
17
18
19
20
20
19
17
15
14
12
11
9
7
5
5
0
-2
-2
-4
-6
-8
-10
-10
-12
-14
-15
-17
-17
-18
-19
-20
-20
-21
-21
-22
-23
-24
-23
-24
-21
-22
-22
-22
-21
-19
-16
-14
-11
-7
-5
-3
-1
1
3
5
8
9
11
12
13
12
13
15
17
17
18
19
18
19
16
17
16
16
16
16
16
16
15
14
13
11
10
9
6
4
3
1
-2
-3
-7
-7
-8
-9
-10
-11
-12
-15
-15
-15
-17
-17
-17
-17
-15
-15
-15
-16
-17
-16
-15
-14
-14
-13
-13
-11
-10
-9
-7
-5
-4
-2
-1
1
2
4
5
5
7
9
11
12
13
13
15
17
18
19
19
19
19
19
19
20
20
20
21
19
19
18
16
14
13
13
11
10
8
5
3
2
-1
-4
-6
-9
-10
-10
-12
-14
-17
-19
-20
-21
-21
-22
-24
-24
-24
-23
-23
-22
-22
-21
-21
-22
-23
-21
-20
-18
-16
-14
-13
-10
-10
-6
-5
-2
1
4
6
9
10
13
15
17
19
22
23
24
23
24
24
25
25
24
23
21
22
20
19
18
15
15
13
13
13
9
8
6
5
5
5
5
3
2
1
0
0
0
-3
-3
-4
-5
-5
-6
-7
-9
-11
-11
-13
-12
-13
-14
-14
-13
-13
-13
-13
-14
-14
-12
-13
-11
-11
-9
-8
-8
-6
-5
-5
-5
-7
-5
-5
-4
-4
-3
-4
-2
-2
-2
-3
-3
-3
-3
-2
-3
-2
-2
-1
-3
-3
-3
-4
-4
-4
-4
-3
-4
-3
-3
-3
-1
0
1
2
2
3
3
3
5
5
6
6
6
6
6
6
6
7
8
7
10
9
8
7
8
7
9
8
9
9
9
10
9
9
8
8
8
6
6
6
6
4
4
2
1
-1
-1
-1
-3
-4
-3
-3
-3
-3
-3
-4
-5
-6
-6
-7
-7
-6
-5
-4
-3
-3
-4
-4
-2
-2
-2
-1
-1
1
0
0
2
1
2
2
4
4
5
4
4
3
4
6
5
7
4
4
4
3
4
4
3
4
5
6
7
7
5
5
5
3
3
2
1
0
1
1
1
0
-1
-2
-1
-2
-3
-3
-4
-4
-6
-8
-8
-9
-9
-10
-12
-11
-12
-12
-12
-13
-13
-13
-15
-15
-16
-15
-15
-15
-14
-13
-12
-12
-13
-11
-9
-8
-6
-3
-3
-2
-2
-1
1
2
3
4
5
5
6
7
8
10
11
12
13
13
15
14
14
14
15
15
15
14
15
13
11
10
8
7
5
5
5
3
1
-1
-2
-2
-4
-6
-8
-9
-8
-9
-10
-10
-10
-11
-9
-9
-10
-8
-9
-8
-8
-7
-7
-6
-7
-6
-4
-3
-3
-2
-2
-1
-1
1
2
4
6
8
9
10
13
12
15
14
16
17
17
18
19
18
19
