-7
-8
-6
-7
-7
-7
-8
-8
-10
-10
-9
-9
-8
-9
-7
-7
-7
-6
-6
-6
-4
-4
-4
-3
-2
-3
-2
-2
-1
1
1
1
0
2
3
3
5
4
4
3
1
4
2
3
3
4
6
5
5
4
5
5
5
6
7
6
7
7
6
5
7
6
7
7
7
7
7
7
6
6
5
5
3
3
3
2
1
0
0
-1
-1
-2
-2
-2
0
-1
-3
-5
-6
-8
-7
-5
-5
-6
-5
-4
-5
-6
-6
-5
-4
-5
-5
-4
-4
-4
-4
-3
-3
-4
-6
-6
-5
-5
-3
-2
-1
1
0
0
0
0
1
1
1
0
2
2
4
5
5
5
4
4
3
2
2
1
2
1
3
2
0
-1
-1
-1
0
0
-1
-2
-2
-3
-4
-2
-4
-5
-5
-5
-4
-4
-4
-4
-4
-4
-4
-4
-5
-3
-5
-3
-1
0
-2
-3
-3
-4
-3
0
0
0
1
1
3
2
3
3
4
2
3
3
6
6
6
7
6
6
5
5
5
5
4
7
7
6
6
6
5
4
4
4
4
4
4
4
3
5
5
6
5
4
4
3
2
2
4
3
4
2
3
2
2
1
0
1
-2
-1
-2
-5
-5
-4
-4
-5
-4
-4
-5
-7
-6
-5
-6
-5
-6
-7
-7
-8
-8
-8
-6
-7
-6
-6
-6
-6
-5
-6
-7
-9
-8
-10
-9
-8
-9
-6
-7
-7
-7
-5
-5
-7
-4
-4
-2
-1
-1
2
0
1
0
2
3
3
7
6
9
8
8
9
8
11
9
10
9
8
8
8
9
9
10
8
8
9
8
10
7
8
8
7
7
4
3
2
1
0
0
-1
-1
-2
-3
-3
-3
-2
-2
-2
-3
-4
-6
-7
-6
-7
-6
-5
-6
-4
-5
-3
-3
-4
-4
-4
-3
-5
-5
-4
-5
-4
-4
-3
-5
-3
-3
-6
-5
-7
-5
-7
-6
-6
-7
-5
-6
-5
-3
-4
0
-2
-1
-2
-1
2
1
3
2
3
1
2
5
4
7
7
9
10
11
15
13
18
17
18
20
18
21
20
21
20
21
21
20
22
20
19
17
16
17
14
15
12
10
10
6
7
5
5
4
1
-1
-4
-6
-9
-13
-16
-21
-23
-28
-31
-34
-38
-40
-44
-47
-51
-53
-53
-55
-54
-56
-52
-52
-52
-49
-48
-44
-44
-39
-35
-33
-28
-26
-21
-18
-13
-10
-7
-3
-1
3
6
11
16
20
27
32
38
43
47
53
57
61
63
66
67
65
67
66
67
66
64
63
60
59
58
57
55
56
55
53
54
54
55
55
55
54
51
48
46
42
36
31
23
16
9
0
-8
-18
-30
-41
-53
-63
-73
-85
-95
-104
-112
-120
-127
-132
-135
-135
-135
-133
-129
-126
-125
-120
-118
-113
-110
-106
-104
-102
-96
-92
-84
-75
-66
-54
-42
-27
-16
0
13
26
42
55
71
86
101
114
126
138
148
156
165
169
173
173
173
171
169
167
164
160
158
155
151
148
147
143
142
138
134
128
122
118
110
104
95
84
71
55
37
15
-6
-30
-54
-78
-103
-128
-150
-172
-191
-210
-225
-238
-247
-256
-262
-266
-268
-268
-267
-264
-259
-255
-248
-242
-237
-229
-223
-218
-210
-202
-194
-184
-173
-159
-145
-126
-105
-82
-54
-26
3
36
68
101
135
167
200
228
255
276
296
311
323
332
335
335
331
325
318
307
297
284
271
257
241
228
215
205
198
191
186
181
177
170
166
159
152
142
128
111
86
60
30
-4
-40
-76
-112
-148
-184
-219
-252
-282
-311
-335
-357
-375
-388
-400
-408
-408
-406
-399
-388
-374
-360
-345
-332
-320
-306
-294
-281
-271
-257
-245
-231
-213
-193
-169
-143
-114
-84
-50
-13
25
67
109
154
200
244
287
326
359
388
411
426
438
444
443
440
432
420
406
389
370
350
329
311
290
271
256
245
236
231
229
229
229
228
227
221
212
197
175
148
116
78
35
-11
-58
-107
-155
-202
-248
-290
-331
-368
-402
-432
-454
-473
-483
-489
-487
-481
-471
-456
-440
-421
-404
-388
-374
-363
-353
-344
-334
-327
-319
-312
-305
-295
-284
-269
-250
-226
-195
-159
-119
-72
-21
35
91
148
206
260
312
358
397
427
448
464
471
474
470
461
446
430
408
385
360
335
313
293
275
262
255
252
253
258
269
280
296
306
314
318
315
306
289
265
235
198
155
109
59
4
-53
-110
-166
-219
-269
-313
-352
-385
-410
-427
-435
-435
-431
-421
-407
-394
-378
-365
-354
-340
-330
-322
-314
-310
-310
-313
-321
-332
-343
-355
-368
-377
-382
-379
-368
-346
-312
-270
-220
-160
-96
-28
43
116
185
250
310
364
409
448
478
498
510
511
505
490
465
435
397
355
314
273
239
212
194
187
188
199
218
243
270
299
327
354
377
393
405
409
404
391
366
330
283
224
158
82
2
-80
-163
-240
-313
-374
-425
-464
-489
-503
-507
-503
-489
-473
-452
-430
-407
-383
-361
-341
-326
-316
-313
-318
-333
-354
-382
-414
-452
-486
-517
-541
-554
-555
-541
-514
-474
-420
-352
-276
-189
-95
4
104
205
301
393
472
537
586
615
625
618
594
558
512
464
414
363
320
280
250
228
218
218
230
251
280
320
366
420
478
535
595
646
689
716
724
714
682
629
558
469
367
255
136
16
-102
-217
-321
-414
-491
-553
-600
-627
-639
-636
-617
-586
-548
-507
-466
-429
-401
-385
-382
-390
-411
-439
-475
-516
-559
-604
-648
-689
-726
-758
-783
-796
-798
-779
-738
-675
-586
-473
-338
-187
-27
138
296
439
557
640
689
710
700
666
618
562
500
439
380
327
286
251
226
206
203
211
231
267
318
390
477
577
690
807
918
1014
1088
1132
1139
1108
1039
936
805
653
487
315
142
-25
-182
-323
-444
-541
-615
-665
-687
-686
-661
-621
-569
-512
-457
-411
-376
-357
-358
-377
-414
-461
-515
-575
-637
-703
-767
-834
-901
-966
-1023
-1063
-1090
-1087
-1056
-985
-874
-731
-553
-351
-135
85
289
470
618
714
760
764
732
675
592
502
415
335
262
198
148
117
93
76
72
83
116
161
228
327
450
592
743
902
1055
1185
1280
1335
1345
1300
1203
1061
893
702
497
291
94
-87
-249
-387
-493
-563
-601
-612
-595
-550
-482
-406
-325
-249
-180
-133
-111
-111
-135
-180
-249
-333
-424
-517
-615
-724
-829
-932
-1030
-1128
-1215
-1271
-1292
-1269
-1197
-1073
-900
-683
-437
-174
94
347
577
749
851
886
857
782
670
537
398
258
129
13
-81
-148
-184
-199
-201
-182
-141
-82
2
115
259
429
621
827
1033
1225
1384
1496
1538
1517
1430
1275
1070
831
581
328
85
-138
-333
-495
-621
-700
-734
-722
-670
-588
-477
-345
-206
-70
48
143
203
224
217
174
92
-24
-168
-320
-478
-639
-785
-931
-1075
-1222
-1356
-1452
-1494
-1478
-1395
-1245
-1041
-793
-521
-220
102
403
669
883
1012
1039
973
850
701
523
337
156
-23
-183
-320
-425
-482
-487
-463
-431
-377
-287
-165
-22
157
376
621
866
1106
1328
1507
1617
1645
1594
1469
1277
1022
737
447
164
-102
-333
-511
-632
-709
-743
-719
-654
-556
-433
-282
-107
59
213
345
441
496
513
490
434
343
206
38
-152
-344
-528
-708
-877
-1037
-1193
-1328
-1411
-1444
-1408
-1294
-1119
-894
-652
-367
-41
278
573
823
1008
1087
1046
920
758
567
344
119
-97
-283
-449
-597
-687
-711
-679
-628
-570
-480
-361
-238
-102
77
297
539
775
1014
1240
1414
1513
1525
1458
1313
1078
779
463
144
-173
-467
-710
-876
-975
-1019
-987
-887
-750
-584
-405
-199
16
205
363
487
574
615
613
582
538
460
328
166
-13
-194
-396
-606
-801
-976
-1129
-1252
-1297
-1278
-1173
-1001
-785
-511
-200
147
485
795
1067
1279
1370
1328
1202
1016
803
550
286
37
-207
-441
-656
-807
-865
-844
-791
-716
-603
-468
-324
-171
26
262
517
771
1012
1238
1406
1494
1493
1412
1251
991
650
277
-99
-470
-808
-1082
-1269
-1376
-1421
-1375
-1243
-1057
-823
-578
-325
-74
140
314
440
526
571
565
521
469
388
259
101
-80
-259
-463
-678
-875
-1048
-1190
-1284
-1294
-1214
-1025
-784
-486
-134
250
654
1011
1331
1586
1733
1726
1594
1394
1161
901
594
305
18
-263
-536
-778
-912
-944
-894
-800
-655
-468
-280
-104
79
301
537
773
990
1188
1351
1437
1441
1367
1223
996
677
295
-103
-498
-878
-1204
-1443
-1588
-1653
-1638
-1529
-1339
-1098
-818
-512
-211
62
272
418
505
532
508
454
376
277
152
-22
-197
-363
-524
-683
-839
-980
-1099
-1190
-1218
-1142
-972
-711
-401
-55
330
731
1128
1474
1747
1931
1982
1875
1660
1391
1106
798
465
139
-184
-494
-774
-989
-1080
-1048
-934
-771
-564
-326
-84
142
367
608
838
1036
1191
1303
1361
1341
1246
1084
861
577
230
-147
-514
-859
-1174
-1428
-1597
-1683
-1692
-1625
-1466
-1232
-954
-650
-338
-38
210
389
492
529
505
426
312
176
21
-156
-348
-525
-667
-794
-903
-986
-1051
-1084
-1081
-1002
-832
-591
-290
54
419
807
1185
1526
1807
1988
2048
1956
1730
1459
1165
851
539
231
-74
-378
-669
-892
-1013
-1023
-923
-762
-556
-316
-72
166
403
643
881
1091
1250
1363
1400
1353
1227
1019
756
438
78
-294
-649
-963
-1220
-1414
-1532
-1581
-1570
-1502
-1366
-1171
-936
-673
-402
-133
108
301
443
510
513
461
351
201
22
-186
-422
-644
-832
-973
-1076
-1142
-1150
-1133
-1073
-958
-768
-510
-208
133
492
871
1230
1545
1783
1930
1970
1862
1645
1385
1122
850
557
270
-13
-298
-579
-808
-934
-936
-837
-672
-448
-199
43
250
442
650
861
1059
1223
1345
1391
1336
1183
948
652
303
-70
-434
-764
-1046
-1271
-1425
-1506
-1515
-1469
-1368
-1211
-1011
-784
-546
-303
-70
126
278
379
427
415
358
260
132
-27
-222
-433
-654
-847
-1008
-1134
-1194
-1197
-1154
-1050
-886
-664
-389
-94
240
591
923
1254
1536
1739
1846
1820
1676
1456
1204
971
734
483
238
-38
-322
-580
-774
-852
-811
-672
-459
-216
30
254
429
584
736
879
1021
1127
1189
1178
1074
896
652
357
24
-325
-663
-961
-1207
-1381
-1473
-1495
-1439
-1329
-1172
-969
-739
-493
-239
-6
195
344
423
440
396
302
185
46
-102
-265
-445
-631
-799
-935
-1029
-1070
-1062
-992
-877
-729
-537
-309
-48
244
552
862
1155
1404
1585
1680
1671
1559
1349
1094
852
637
432
230
24
-197
-425
-619
-728
-719
-587
-371
-113
155
396
578
708
801
874
937
982
1007
984
892
728
500
225
-85
-413
-724
-991
-1207
-1353
-1431
-1438
-1379
-1280
-1143
-971
-765
-543
-310
-74
135
303
413
459
428
332
193
31
-139
-310
-477
-644
-800
-928
-1015
-1055
-1030
-955
-833
-659
-455
-211
49
327
609
868
1100
1306
1466
1546
1558
1493
1333
1078
797
565
365
180
1
-177
-353
-522
-644
-679
-588
-375
-108
161
420
639
787
869
929
996
1059
1096
1098
1033
867
606
283
-53
-389
-710
-980
-1174
-1297
-1367
-1399
-1378
-1304
-1196
-1051
-860
-619
-370
-133
84
260
375
411
383
294
160
1
-170
-327
-478
-633
-816
-996
-1133
-1229
-1260
-1207
-1067
-860
-613
-331
-38
264
549
834
1115
1363
1576
1710
1751
1708
1552
1291
975
680
438
225
21
-161
-337
-517
-659
-730
-684
-510
-244
63
371
641
840
970
1060
1132
1191
1242
1271
1241
1111
863
532
161
-220
-588
-909
-1158
-1338
-1461
-1531
-1548
-1519
-1442
-1311
-1107
-842
-539
-234
45
276
415
469
448
362
230
60
-115
-289
-467
-655
-851
-1055
-1232
-1361
-1426
-1389
-1275
-1082
-831
-540
-215
104
421
747
1061
1347
1602
1789
1887
1875
1759
1547
1223
871
552
282
47
-167
-365
-551
-705
-799
-800
-668
-387
-25
337
680
960
1145
1240
1292
1343
1382
1405
1392
1306
1104
779
375
-57
-460
-810
-1089
-1282
-1401
-1472
-1521
-1530
-1490
-1399
-1241
-1003
-687
-334
1
290
499
598
600
525
395
222
22
-195
-417
-640
-871
-1113
-1344
-1533
-1653
-1690
-1624
-1452
-1209
-925
-599
-243
105
435
760
1081
1379
1623
1796
1866
1841
1717
1466
1119
771
464
166
-123
-368
-593
-811
-981
-1050
-979
-751
-388
36
453
831
1122
1299
1409
1509
1597
1658
1692
1666
1514
1201
778
317
-144
-557
-878
-1093
-1231
-1334
-1419
-1484
-1511
-1481
-1380
-1179
-870
-484
-100
243
523
707
779
768
709
605
451
258
37
-217
-508
-826
-1152
-1453
-1682
-1825
-1875
-1807
-1623
-1367
-1070
-723
-341
35
405
779
1134
1447
1709
1893
1961
1913
1758
1458
1073
712
390
70
-244
-528
-801
-1060
-1241
-1291
-1190
-914
-506
-69
349
731
1040
1258
1422
1595
1762
1871
1895
1807
1575
1190
707
204
-251
-631
-922
-1129
-1284
-1410
-1526
-1629
-1668
-1605
-1429
-1157
-794
-368
32
347
575
724
800
815
788
731
630
468
237
-64
-414
-788
-1159
-1484
-1713
-1831
-1857
-1806
-1665
-1442
-1169
-846
-476
-76
340
750
1125
1449
1710
1882
1923
1834
1639
1341
998
673
378
83
-214
-515
-824
-1093
-1260
-1280
-1137
-824
-404
19
399
714
957
1147
1329
1534
1747
1921
1990
1889
1610
1195
706
215
-207
-528
-765
-955
-1130
-1306
-1481
-1634
-1706
-1645
-1437
-1116
-731
-330
24
294
478
596
677
738
774
762
693
553
325
9
-356
-726
-1067
-1348
-1545
-1654
-1693
-1670
-1585
-1437
-1202
-879
-505
-116
280
678
1031
1315
1545
1710
1782
1744
1580
1323
1040
765
471
149
-159
-455
-762
-1020
-1149
-1128
-964
-677
-328
12
301
532
714
895
1118
1369
1602
1777
1827
1689
1381
987
572
188
-115
-326
-498
-686
-913
-1172
-1426
-1614
-1680
-1595
-1367
-1049
-711
-413
-175
5
149
289
441
592
704
743
690
533
285
-20
-348
-654
-920
-1128
-1281
-1401
-1475
-1489
-1434
-1298
-1076
-771
-426
-66
295
642
954
1223
1442
1579
1631
1584
1427
1205
976
756
494
198
-101
-414
-722
-947
-1025
-961
-770
-489
-194
59
257
423
586
792
1056
1332
1562
1689
1653
1437
1096
734
406
144
-44
-184
-341
-564
-845
-1140
-1387
-1526
-1513
-1353
-1101
-832
-603
-429
-304
-194
-59
126
337
522
633
640
540
348
106
-146
-374
-568
-746
-921
-1090
-1245
-1362
-1402
-1325
-1137
-876
-575
-258
44
312
576
841
1083
1282
1423
1479
1414
1264
1091
919
722
492
244
-29
-320
-569
-725
-761
-681
-510
-316
-146
2
129
258
432
687
978
1234
1415
1480
1389
1174
920
689
495
344
216
60
-170
-466
-788
-1083
-1287
-1354
-1285
-1128
-946
-784
-670
-593
-507
-376
-183
48
271
431
495
463
352
196
29
-119
-248
-382
-537
-724
-931
-1124
-1254
-1281
-1196
-1008
-767
-523
-306
-108
97
322
568
824
1054
1211
1246
1161
1027
900
779
634
474
283
44
-215
-417
-511
-507
-425
-296
-168
-71
-6
55
149
321
560
808
1014
1142
1152
1040
877
734
625
543
482
408
259
11
-289
-587
-836
-993
-1028
-963
-855
-743
-669
-637
-612
-551
-427
-245
-36
151
255
262
199
95
-23
-118
-174
-217
-284
-391
-549
-730
-885
-965
-952
-849
-677
-502
-367
-270
-169
-34
137
351
586
783
892
893
828
746
681
634
581
503
380
204
8
-144
-202
-176
-97
4
92
131
124
121
164
277
436
605
735
783
737
624
501
420
394
409
434
425
337
160
-66
-281
-442
-526
-529
-482
-436
-418
-431
-463
-483
-468
-402
-307
-209
-136
-112
-129
-181
-250
-316
-358
-366
-354
-344
-360
-413
-491
-561
-590
-557
-461
-337
-231
-179
-180
-197
-191
-128
-5
152
301
384
376
300
224
199
233
307
377
391
325
203
89
46
92
197
317
396
406
351
272
222
232
297
373
421
417
354
253
150
87
83
134
214
288
317
281
190
77
-22
-73
-73
-35
5
18
-13
-89
-183
-260
-302
-301
-270
-233
-225
-253
-310
-386
-451
-486
-480
-446
-402
-361
-341
-332
-325
-307
-272
-218
-154
-105
-80
-86
-115
-153
-171
-152
-105
-37
15
27
-9
-62
-85
-48
44
160
257
296
266
203
166
202
318
473
600
649
611
501
374
291
278
311
336
310
216
73
-75
-173
-185
-108
20
143
218
236
212
176
158
180
239
305
350
360
326
257
165
70
-15
-81
-129
-169
-219
-289
-380
-493
-602
-678
-705
-688
-646
-593
-545
-505
-466
-418
-353
-282
-220
-178
-151
-145
-156
-175
-204
-233
-251
-263
-274
-277
-280
-286
-294
-278
-223
-132
-19
96
194
265
319
376
454
558
675
775
836
841
790
705
611
529
466
404
332
238
133
36
-28
-36
6
80
149
198
224
243
271
315
378
435
474
476
443
385
313
237
158
80
-3
-90
-184
-287
-394
-507
-608
-686
-735
-758
-764
-762
-753
-735
-700
-648
-583
-516
-466
-435
-414
-405
-400
-395
-384
-370
-353
-340
-335
-338
-344
-349
-340
-302
-231
-139
-31
73
160
225
278
341
422
524
643
759
851
898
896
851
777
690
604
526
458
395
333
271
216
172
144
135
147
179
227
285
347
402
443
464
464
444
414
382
346
308
260
195
107
-2
-122
-248
-370
-481
-574
-645
-705
-757
-807
-851
-879
-879
-843
-778
-696
-623
-574
-548
-530
-509
-481
-439
-391
-346
-317
-303
-297
-295
-295
-295
-288
-270
-239
-189
-124
-43
36
98
149
198
258
344
456
587
712
801
840
828
772
698
624
570
534
503
468
419
359
294
237
201
199
235
296
369
436
486
507
506
495
481
471
463
457
442
406
343
255
141
15
-111
-228
-337
-433
-520
-604
-689
-772
-846
-902
-928
-916
-868
-802
-737
-689
-660
-643
-625
-593
-543
-479
-414
-365
-339
-333
-338
-345
-344
-327
-302
-272
-240
-200
-150
-94
-37
19
73
131
199
289
396
504
595
657
681
672
638
598
567
547
535
516
489
449
397
348
317
312
339
392
452
507
542
554
551
539
523
511
501
494
479
448
399
327
234
126
18
-88
-183
-270
-357
-450
-545
-640
-726
-794
-833
-841
-827
-797
-764
-736
-710
-690
-667
-639
-595
-541
-483
-436
-402
-382
-373
-364
-350
-326
-297
-268
-239
-215
-193
-165
-131
-83
-29
33
101
174
252
329
406
474
525
559
574
574
563
548
531
514
498
481
462
440
422
413
420
443
477
516
549
571
582
579
569
553
532
508
478
446
407
357
291
209
113
7
-99
-201
-296
-390
-480
-568
-647
-712
-758
-784
-790
-783
-768
-745
-718
-691
-664
-634
-596
-555
-514
-478
-450
-432
-422
-408
-387
-356
-322
-288
-260
-242
-229
-218
-192
-148
-87
-13
58
129
192
250
311
375
437
490
530
551
550
531
504
476
451
436
423
410
400
391
390
398
422
457
499
536
561
575
576
563
548
527
503
475
441
399
342
269
183
85
-18
-120
-220
-319
-413
-503
-579
-642
-690
-725
-748
-760
-758
-740
-707
-668
-628
-589
-553
-521
-491
-465
-443
-422
-399
-374
-342
-306
-267
-233
-202
-179
-167
-155
-135
-101
-48
19
86
145
193
234
278
331
399
470
533
572
581
556
510
458
410
374
347
329
313
303
295
295
309
339
386
442
494
531
546
543
526
501
477
451
424
391
349
293
221
135
39
-65
-171
-279
-383
-482
-573
-653
-721
-779
-824
-854
-861
-844
-807
-755
-700
-648
-602
-565
-536
-511
-486
-455
-421
-381
-341
-304
-266
-233
-197
-160
-127
-93
-62
-25
17
69
125
178
227
270
318
373
444
525
602
665
695
692
656
603
547
491
447
407
380
353
333
319
318
335
369
419
471
515
541
549
539
516
486
450
412
370
323
267
201
122
34
-66
-174
-287
-399
-508
-609
-701
-781
-851
-905
-944
-962
-957
-930
-885
-830
-769
-711
-660
-625
-598
-577
-551
-516
-475
-431
-388
-348
-311
-270
-224
-174
-119
-63
-8
42
88
133
180
236
297
363
434
514
594
675
747
807
844
853
836
799
749
693
637
591
549
511
479
455
445
449
464
487
511
529
536
531
512
479
435
383
327
270
207
144
76
0
-86
-183
-284
-388
-495
-600
-698
-792
-877
-948
-1001
-1033
-1048
-1047
-1027
-994
-946
-889
-831
-778
-736
-701
-669
-636
-599
-559
-516
-470
-425
-374
-324
-269
-208
-141
-71
-1
61
114
163
211
272
350
439
538
636
724
799
861
912
952
979
986
976
945
900
844
783
724
668
624
591
568
553
540
530
519
507
491
471
447
413
371
319
261
199
134
69
-1
-74
-156
-242
-334
-429
-525
-624
-721
-813
-895
-961
-1009
-1043
-1065
-1077
-1076
-1062
-1033
-995
-951
-905
-855
-803
-756
-708
-666
-623
-575
-524
-466
-409
-347
-288
-227
-162
-101
-35
29
91
153
218
290
373
467
565
661
749
826
892
948
997
1035
1060
1071
1063
1036
988
928
864
804
754
709
670
631
594
557
520
486
456
428
400
372
337
297
248
195
139
79
15
-53
-123
-196
-276
-357
-447
-541
-637
-726
-804
-872
-930
-980
-1020
-1052
-1071
-1080
-1083
-1075
-1055
-1023
-978
-924
-870
-817
-767
-717
-664
-605
-540
-473
-406
-343
-287
-235
-184
-136
-84
-24
41
115
194
278
363
449
539
631
724
815
898
968
1022
1061
1088
1101
1099
1083
1054
1014
966
912
851
787
722
656
592
535
481
432
388
347
311
282
258
236
211
183
148
109
64
10
-52
-122
-201
-287
-374
-458
-536
-612
-682
-749
-814
-872
-920
-957
-987
-1008
-1018
-1014
-999
-974
-938
-897
-846
-790
-728
-667
-605
-548
-495
-446
-402
-359
-322
-291
-258
-226
-184
-132
-68
5
82
163
245
330
420
514
607
700
784
856
911
949
974
989
997
998
988
964
923
867
798
723
646
572
503
438
378
323
276
235
201
177
160
149
143
138
129
113
85
44
-8
-65
-122
-182
-242
-308
-380
-455
-531
-601
-668
-728
-786
-837
-875
-899
-909
-906
-889
-864
-829
-784
-729
-666
-597
-530
-470
-420
-379
-347
-318
-290
-264
-240
-216
-189
-154
-112
-62
-3
62
139
219
302
385
464
543
619
692
762
820
871
906
926
936
934
919
893
856
803
740
670
594
516
440
369
307
256
217
186
159
139
125
119
119
119
115
101
76
46
11
-28
-73
-126
-184
-251
-319
-386
-452
-519
-586
-652
-715
-769
-813
-843
-858
-858
-844
-820
-787
-748
-702
-648
-593
-536
-483
-440
-404
-379
-360
-344
-327
-304
-278
-247
-214
-178
-135
-86
-28
41
110
182
256
329
401
472
541
606
668
724
770
804
829
835
829
813
786
753
711
660
599
535
473
416
370
329
293
264
242
224
213
204
197
188
177
165
151
131
102
63
18
-31
-82
-137
-193
-255
-319
-383
-447
-506
-560
-607
-643
-668
-682
-687
-683
-670
-652
-626
-594
-558
-520
-486
-454
-428
-407
-389
-373
-352
-332
-309
-284
-258
-228
-193
-151
-108
-60
-8
47
108
169
231
292
353
411
465
518
565
603
631
647
652
646
631
606
571
528
483
437
389
344
296
252
212
180
157
139
126
115
105
97
92
90
86
80
69
52
30
6
-22
-55
-92
-134
-176
-223
-269
-313
-354
-389
-417
-436
-449
-456
-457
-455
-448
-433
-409
-381
-353
-325
-302
-284
-271
-256
-241
-224
-205
-187
-167
-147
-125
-102
-78
-53
-24
8
44
81
116
150
184
217
252
288
323
355
378
397
407
410
406
394
377
355
332
305
274
243
211
184
161
147
132
119
106
90
79
73
71
65
61
51
36
26
15
5
-10
-28
-51
-73
-96
-117
-137
-159
-185
-207
-228
-243
-255
-262
-265
-266
-263
-257
-249
-238
-226
-215
-206
-199
-192
-185
-180
-175
-170
-167
-159
-151
-137
-121
-103
-85
-68
-50
-33
-16
-2
13
31
51
73
93
114
131
147
163
177
189
196
200
198
193
187
177
164
151
141
135
136
138
140
141
138
138
139
142
146
148
149
142
133
120
105
90
73
53
34
19
7
-3
-12
-22
-33
-44
-52
-57
-61
-62
-65
-66
-66
-68
-69
-72
-73
-75
-78
-80
-83
-87
-95
-104
-113
-121
-127
-131
-129
-128
-122
-113
-104
-94
-82
-72
-62
-50
-38
-22
-9
3
11
17
20
20
22
21
17
14
8
0
-7
-15
-25
-34
-41
-44
-42
-35
-25
-15
-6
1
12
24
39
51
61
66
68
66
61
55
42
26
8
-8
-18
-24
-26
-29
-32
-32
-33
-25
-13
3
20
37
54
70
85
98
110
118
124
128
128
128
120
109
96
78
62
47
35
26
20
15
10
6
4
3
2
4
9
14
16
15
14
9
1
-7
-15
-25
-37
-52
-69
-89
-106
-124
-141
-156
-167
-173
-174
-170
-163
-158
-150
-141
-127
-109
-88
-67
-49
-32
-18
-6
6
13
17
21
21
19
17
14
11
7
2
2
4
8
19
32
44
59
70
81
94
107
120
131
141
151
156
160
159
158
152
143
133
123
110
99
87
75
61
49
37
28
20
14
9
7
4
-1
-5
-8
-13
-17
-23
-32
-41
-53
-67
-79
-93
-107
-124
-137
-151
-164
-173
-180
-183
-182
-178
-168
-157
-144
-135
-121
-110
-100
-89
-79
-67
-60
-49
-42
-33
-25
-21
-14
-7
0
8
16
26
31
37
41
47
55
66
81
94
109
123
135
149
163
174
181
186
190
191
192
191
187
180
172
162
151
141
132
123
113
103
93
85
75
66
55
44
33
20
6
-10
-25
-40
-57
-71
-87
-101
-116
-130
-142
-155
-167
-180
-194
-206
-216
-221
-224
-221
-221
-221
-220
-217
-210
-200
-189
-178
-171
-163
-156
-148
-137
-125
-113
-100
-87
-69
-52
-33
-17
1
19
34
51
66
82
98
112
127
138
149
161
172
181
191
200
209
215
221
228
233
234
235
233
230
226
219
215
210
202
196
188
177
166
154
141
125
105
82
60
36
15
-4
-23
-44
-62
-82
-99
-114
-128
-142
-160
-177
-195
-211
-226
-240
-253
-265
-279
-289
-295
-298
-296
-293
-291
-286
-279
-267
-256
-241
-228
-211
-194
-174
-149
-123
-93
-61
-31
-2
27
55
81
107
131
153
170
185
195
204
211
221
229
237
247
255
265
274
282
287
290
288
286
282
277
272
268
262
255
248
237
222
206
188
168
147
124
101
76
49
19
-11
-40
-69
-91
-110
-127
-145
-166
-190
-212
-231
-251
-271
-291
-314
-337
-360
-378
-394
-405
-413
-419
-421
-421
-415
-407
-392
-374
-353
-331
-306
-281
-253
-224
-196
-164
-127
-88
-47
-7
34
70
104
136
165
194
220
242
263
281
295
307
321
331
343
354
362
368
372
375
374
373
371
368
362
354
346
338
329
318
307
295
280
263
246
227
207
183
156
130
105
80
58
33
9
-18
-50
-80
-107
-134
-160
-187
-216
-245
-275
-304
-330
-355
-379
-402
-421
-435
-446
-455
-461
-463
-463
-456
-445
-427
-407
-383
-356
-327
-296
-265
-231
-195
-159
-120
-83
-47
-15
12
39
67
95
122
147
171
194
216
234
251
267
279
287
292
297
297
297
296
291
284
276
268
259
254
248
244
241
235
225
214
200
182
166
150
132
116
100
86
71
56
40
22
6
-12
-28
-46
-64
-82
-97
-114
-132
-147
-167
-184
-199
-211
-220
-229
-238
-246
-249
-252
-255
-252
-248
-243
-233
-221
-206
-190
-174
-157
-140
-121
-103
-83
-63
-43
-24
-4
17
37
55
74
89
106
121
133
145
156
161
165
168
172
173
173
172
169
165
159
153
146
139
130
122
114
106
97
87
78
68
56
49
41
35
29
20
10
2
-3
-10
-15
-21
-29
-36
-46
-53
-60
-69
-75
-81
-88
-93
-99
-106
-112
-119
-122
-127
-131
-134
-138
-141
-142
-142
-138
-132
-126
-120
-113
-107
-99
-91
-83
-76
-71
-65
-58
-49
-39
-29
-15
-2
12
27
44
60
74
87
99
108
117
126
134
139
142
146
149
150
151
150
149
147
143
140
131
124
114
104
98
92
87
81
76
68
63
57
51
47
41
36
30
24
16
6
-5
-15
-26
-35
-41
-49
-53
-58
-64
-68
-74
-80
-88
-93
-96
-99
-101
-104
-107
-111
-114
-117
-120
-122
-123
-124
-125
-125
-127
-130
-131
-131
-131
-128
-121
-116
-108
-99
-90
-79
-67
-54
-42
-31
-19
-8
7
22
36
51
65
76
87
97
107
115
123
127
131
132
132
129
128
125
122
122
122
121
120
118
117
114
113
113
112
111
107
105
99
89
80
74
66
59
53
45
37
28
19
9
0
-7
-12
-15
-19
-23
-26
-30
-36
-41
-48
-55
-63
-73
-84
-97
-110
-124
-141
-154
-169
-181
-189
-195
-198
-201
-202
-200
-199
-193
-184
-175
-164
-153
-139
-124
-107
-88
-68
-47
-30
-12
3
18
30
42
50
59
66
71
79
85
92
100
107
115
122
131
139
148
157
164
171
175
178
178
179
176
174
170
167
163
159
156
148
142
135
128
122
116
111
104
95
88
81
76
70
63
55
45
34
21
6
-7
-26
-46
-68
-92
-115
-138
-160
-180
-200
-217
-234
-248
-260
-269
-274
-276
-277
-276
-274
-269
-263
-255
-248
-237
-221
-208
-191
-175
-160
-145
-130
-109
-90
-68
-47
-28
-9
7
26
42
62
82
100
119
136
153
168
186
200
213
225
232
238
240
243
241
240
238
232
228
223
220
217
215
214
210
205
197
192
185
178
170
161
149
135
121
103
86
70
51
29
7
-15
-38
-61
-84
-110
-135
-164
-192
-217
-239
-261
-279
-295
-308
-316
-319
-320
-317
-312
-303
-296
-286
-275
-265
-254
-243
-230
-218
-206
-192
-176
-156
-134
-111
-90
-66
-44
-19
7
31
57
80
104
127
150
171
189
210
225
240
254
264
270
273
273
268
264
257
249
244
236
231
223
217
212
209
208
209
210
210
206
199
192
183
172
161
145
131
112
94
74
53
29
3
-24
-56
-86
-119
-150
-183
-213
-242
-268
-290
-307
-318
-324
-327
-327
-327
-327
-325
-322
-320
-321
-320
-321
-321
-322
-321
-316
-307
-294
-278
-257
-232
-203
-173
-140
-107
-74
-39
-4
32
66
99
131
161
191
219
241
263
281
294
304
311
317
321
321
319
314
308
302
299
299
299
301
303
303
303
300
297
292
285
276
260
242
221
197
169
137
102
66
31
-3
-34
-65
-95
-126
-155
-182
-207
-227
-245
-259
-271
-279
-287
-294
-301
-310
-318
-325
-331
-336
-341
-351
-361
-369
-378
-381
-381
-374
-360
-342
-318
-292
-261
-227
-190
-150
-110
-70
-31
8
46
83
118
150
181
207
230
250
265
276
284
290
293
295
295
294
293
293
293
296
301
309
317
325
332
339
342
342
336
327
315
296
274
245
217
186
154
120
87
57
27
0
-26
-47
-64
-80
-93
-107
-122
-137
-153
-169
-184
-197
-210
-225
-241
-261
-280
-301
-322
-342
-363
-381
-397
-410
-421
-426
-426
-422
-411
-393
-369
-339
-307
-273
-239
-203
-168
-133
-96
-61
-27
6
37
65
89
110
130
146
162
176
185
193
199
205
214
224
234
246
258
272
284
297
310
322
329
332
330
324
314
301
283
260
235
208
182
155
127
102
81
64
51
45
38
35
29
24
19
13
7
-1
-10
-19
-33
-44
-60
-77
-95
-115
-135
-158
-181
-205
-225
-246
-267
-283
-295
-303
-305
-300
-291
-277
-260
-239
-217
-193
-169
-146
-123
-106
-87
-72
-58
-45
-35
-26
-19
-14
-7
-3
2
9
17
26
38
50
66
80
93
107
120
134
145
155
164
169
172
173
171
166
160
152
143
132
121
111
101
93
87
82
78
77
76
79
83
88
92
94
94
92
88
84
77
68
54
40
25
8
-10
-30
-49
-69
-89
-106
-124
-137
-149
-159
-164
-166
-163
-158
-151
-141
-130
-117
-102
-88
-75
-65
-58
-51
-45
-41
-37
-33
-29
-25
-23
-22
-22
-20
-16
-9
-3
3
9
18
24
30
36
40
42
43
42
39
34
28
22
16
8
1
-7
-17
-24
-30
-32
-35
-36
-36
-36
-35
-34
-31
-26
-17
-8
4
15
26
34
41
47
51
52
54
57
56
52
49
42
35
27
19
12
5
-1
-3
-2
1
1
2
4
8
12
16
22
27
32
34
35
35
32
28
25
22
21
21
20
20
20
21
20
21
22
23
25
28
31
33
34
34
31
28
24
21
16
10
3
-5
-11
-19
-28
-35
-41
-45
-48
-50
-49
-49
-50
-50
-49
-50
-47
-43
-38
-35
-28
-24
-20
-15
-9
-4
0
4
5
5
5
4
3
3
2
-1
-3
-5
-6
-6
-6
-6
-4
-4
-5
-5
-8
-11
-11
-12
-11
-11
-10
-13
-15
-17
-19
-20
-19
-16
-13
-9
-6
-1
4
9
13
17
21
24
27
27
28
27
24
21
20
19
17
15
10
7
3
-1
-4
-9
-14
-17
-19
-22
-23
-25
-25
-25
-23
-21
-18
-15
-12
-10
-9
-7
-7
-4
0
2
4
5
4
6
8
9
14
17
21
26
30
34
36
37
38
38
36
34
31
28
23
18
10
5
-1
-7
-12
-15
-18
-23
-24
-26
-27
-27
-25
-24
-23
-18
-13
-7
-1
5
10
13
16
19
21
22
22
20
20
18
17
16
14
13
12
12
11
11
11
11
10
7
5
1
2
1
-1
-3
-5
-7
-10
-12
-15
-18
-20
-22
-25
-27
-28
-29
-32
-33
-34
-32
-31
-27
-22
-16
-11
-6
-2
4
7
10
13
15
13
12
9
7
5
1
-1
-6
-7
-9
-9
-9
-9
-10
-8
-8
-5
-1
4
7
14
19
23
26
31
32
33
35
35
35
33
33
29
27
24
22
18
16
12
9
7
5
4
2
-1
-3
-7
-9
-12
-14
-20
-23
-27
-31
-36
-38
-42
-46
-49
-51
-51
-53
-53
-53
-52
-51
-47
-45
-41
-37
-33
-26
-20
-13
-9
-3
4
9
11
13
15
16
17
17
17
16
14
12
12
11
12
12
12
15
17
22
24
27
29
32
35
38
41
44
48
51
54
53
52
52
50
51
51
50
48
45
41
38
34
32
29
28
25
25
21
18
13
10
4
-1
-7
-12
-18
-25
-33
-39
-45
-52
-58
-62
-66
-69
-70
-71
-71
-70
-68
-67
-67
-64
-62
-57
-53
-48
-42
-38
-33
-30
-26
-22
-18
-14
-10
-6
-3
1
2
4
5
5
8
11
16
19
22
23
24
25
25
27
29
31
34
36
37
35
36
36
38
40
43
45
45
47
47
46
47
46
46
45
45
44
44
44
42
40
36
32
29
25
21
15
9
3
-3
-9
-16
-22
-29
-34
-40
-43
-46
-48
-51
-53
-54
-56
-53
-55
-54
-53
-53
-52
-51
-51
-48
-47
-44
-41
-39
-37
-34
-32
-29
-26
-23
-22
-20
-19
-17
-16
-14
-12
-11
-9
-7
-7
-6
-4
-3
-3
-2
-1
1
3
7
10
13
16
20
24
27
30
34
37
40
44
47
51
54
55
57
57
57
58
57
57
56
53
49
46
41
36
32
27
23
19
16
11
7
4
0
-5
-8
-11
-13
-15
-15
-16
-17
-19
-21
-21
-21
-20
-20
-19
-18
-19
-18
-17
-16
-16
-15
-13
-11
-10
-8
-7
-7
-7
-5
-6
-6
-4
-3
-4
-5
-6
-8
-8
-9
-10
-9
-10
-10
-11
-11
-10
-11
-10
-10
-9
-5
-2
1
3
5
4
4
5
3
5
4
3
2
0
-1
-2
-3
-4
-4
-5
-7
-9
-11
-12
-14
-15
-16
-18
-19
-20
-20
-21
-21
-21
-22
-20
-22
-22
-21
-22
-22
-21
-20
-16
-15
-13
-9
-6
-2
-1
1
4
7
10
13
16
19
21
22
24
24
25
26
25
25
24
24
24
21
21
22
21
20
20
19
20
20
18
20
22
23
25
26
27
27
27
27
28
26
25
22
21
19
16
13
10
6
5
2
-1
-4
-7
-10
-13
-15
-16
-19
-21
-24
-27
-29
-30
-33
-34
-34
-36
-37
-37
-36
-36
-36
-34
-32
-29
-25
-20
-17
-13
-10
-7
-4
-1
2
5
7
8
9
