-12
-13
-12
-13
-12
-13
-12
-13
-13
-13
-14
-14
-16
-17
-16
-16
-16
-16
-15
-15
-15
-15
-15
-15
-15
-14
-13
-15
-14
-13
-12
-12
-10
-11
-10
-10
-9
-10
-9
-9
-8
-8
-7
-6
-7
-7
-7
-7
-5
-6
-6
-5
-5
-5
-4
-3
-2
-2
-2
0
-1
0
1
1
3
4
4
5
4
5
7
8
8
9
9
11
10
11
11
11
12
13
13
13
13
13
13
13
12
11
11
10
11
10
11
10
10
9
8
8
8
8
6
6
5
3
2
2
2
0
0
-2
-2
-4
-5
-5
-5
-5
-7
-8
-8
-9
-9
-10
-8
-9
-9
-8
-10
-9
-8
-7
-7
-5
-6
-5
-3
-3
-2
0
0
1
1
3
3
3
4
4
5
6
8
7
9
8
10
11
11
13
13
14
15
14
15
14
15
15
16
17
17
16
16
16
15
15
15
15
15
15
13
12
12
10
10
10
10
9
7
6
7
5
5
4
4
3
2
2
2
0
0
-1
-2
-2
-3
-3
-2
-2
-2
-3
-2
-3
-4
-4
-5
-6
-5
-6
-7
-6
-6
-6
-6
-7
-7
-7
-6
-6
-7
-6
-5
-6
-4
-5
-5
-7
-7
-8
-9
-7
-8
-9
-9
-10
-10
-10
-12
-13
-13
-14
-14
-14
-14
-16
-16
-17
-18
-17
-19
-19
-19
-18
-18
-19
-19
-19
-19
-17
-18
-16
-16
-15
-14
-13
-11
-10
-9
-8
-7
-7
-3
-1
-1
-1
1
2
2
3
5
6
7
8
9
10
10
12
13
14
15
16
18
18
19
19
20
21
21
21
21
21
21
22
22
21
20
21
21
19
18
17
16
16
15
13
13
11
10
8
7
5
4
3
1
1
0
-1
-4
-6
-7
-9
-11
-11
-11
-14
-14
-15
-16
-18
-18
-20
-19
-21
-21
-22
-22
-23
-22
-22
-21
-21
-21
-20
-19
-18
-18
-17
-17
-17
-15
-16
-15
-13
-12
-11
-10
-10
-9
-8
-7
-8
-7
-6
-5
-4
-2
-2
-2
1
1
2
2
3
4
5
7
8
8
9
9
9
9
10
12
12
11
12
13
14
15
15
16
17
17
16
17
18
17
18
20
19
20
21
21
19
20
21
22
21
21
21
20
20
19
20
19
19
18
19
18
17
15
14
15
14
13
13
12
10
9
9
9
7
7
7
7
7
5
4
2
2
0
0
-1
-3
-4
-4
-4
-4
-5
-5
-6
-7
-8
-8
-8
-8
-10
-11
-10
-13
-13
-13
-13
-14
-15
-16
-16
-16
-15
-15
-15
-15
-16
-16
-16
-16
-15
-14
-14
-13
-14
-14
-14
-14
-13
-13
-12
-11
-11
-11
-11
-10
-10
-9
-8
-8
-9
-8
-7
-7
-6
-6
-5
-5
-4
-5
-5
-4
-3
-3
-3
-4
-3
-2
-2
-2
-3
-2
-2
-2
-1
-2
-3
-2
-1
-2
-2
-2
-2
-1
-1
0
1
0
1
1
1
1
2
2
3
3
4
4
5
7
6
5
5
4
3
5
4
4
5
4
4
4
3
3
2
3
2
2
2
2
2
3
3
1
2
1
2
1
2
2
2
3
3
2
2
0
1
-1
-2
-3
-4
-4
-4
-4
-5
-5
-5
-5
-5
-5
-4
-3
-2
-2
-2
0
0
1
1
1
3
2
3
3
4
5
6
6
7
6
6
7
8
9
8
8
8
9
9
8
8
9
8
8
9
8
7
8
8
8
9
9
9
11
10
9
10
9
8
8
7
8
8
6
4
5
4
4
3
2
2
1
0
0
-1
-2
-3
-4
-3
-4
-6
-3
-5
-5
-8
-9
-7
-7
-6
-6
-6
-6
-8
-9
-9
-7
-6
-8
-7
-8
-9
-10
-11
-11
-10
-10
-10
-8
-8
-8
-7
-6
-7
-8
-8
-8
-8
-8
-9
-10
-10
-8
-7
-5
-2
0
1
0
0
2
2
3
4
7
6
4
2
2
3
2
1
3
3
4
5
4
7
7
5
5
6
6
6
4
6
7
8
8
10
15
14
13
13
12
17
16
10
10
11
9
5
5
8
14
13
12
14
16
15
13
14
15
17
16
17
18
19
15
11
9
7
8
12
14
14
13
9
4
4
1
-1
0
-2
-5
-7
-14
-12
-9
-13
-17
-22
-26
-28
-26
-27
-22
-22
-30
-37
-41
-43
-41
-37
-34
-33
-38
-47
-49
-47
-44
-40
-40
-42
-43
-48
-52
-50
-44
-41
-40
-41
-40
-40
-38
-38
-36
-32
-34
-35
-29
-28
-24
-17
-14
-10
-10
-12
-13
-7
-5
-3
5
9
11
11
7
13
22
26
37
47
52
54
49
45
48
52
57
64
73
75
73
69
66
68
69
63
69
83
84
84
77
73
71
60
49
50
60
62
52
44
34
28
21
10
16
32
36
30
18
12
12
7
-2
-2
8
12
1
-18
-29
-30
-26
-30
-23
-4
3
-12
-44
-63
-57
-38
-30
-22
-5
-11
-40
-76
-90
-46
10
48
91
80
11
-72
-123
-98
-17
62
52
22
26
-33
-129
-198
-161
-20
74
50
-34
-58
-17
-61
-148
-144
-53
55
35
-73
-109
-84
-63
-113
-145
-59
23
31
-36
-95
-83
-79
-86
-96
-68
9
3
-42
-54
-52
-6
8
-5
27
56
58
40
23
34
63
76
56
54
76
80
92
99
96
116
105
86
99
108
121
126
113
119
133
129
118
88
82
94
76
51
43
59
77
62
39
25
28
15
-24
-34
-7
13
11
-3
-11
-12
-38
-76
-85
-56
-27
-38
-53
-45
-36
-51
-80
-93
-71
-45
-53
-65
-55
-45
-47
-58
-61
-48
-40
-49
-55
-42
-37
-45
-39
-31
-23
-30
-49
-39
-32
-39
-46
-57
-42
-26
-34
-33
-32
-30
-35
-50
-51
-47
-38
-33
-31
-16
-18
-33
-40
-39
-27
-36
-44
-30
-18
-5
-7
-15
-10
-12
-14
-15
-7
15
21
24
34
47
58
51
49
66
79
81
74
84
102
102
100
93
97
106
97
87
79
78
80
78
72
69
71
72
72
70
60
52
51
46
43
32
26
29
26
20
17
10
7
1
-7
-13
-17
-20
-25
-30
-33
-43
-55
-60
-59
-61
-66
-68
-65
-61
-62
-73
-73
-65
-67
-70
-72
-67
-48
-48
-51
-44
-33
-20
-17
-16
-1
11
14
1
-9
-5
2
10
9
15
27
23
18
-2
-21
-22
-25
-25
-26
-32
-34
-44
-52
-64
-74
-73
-75
-70
-66
-67
-68
-75
-72
-69
-63
-56
-57
-43
-33
-35
-26
-20
-2
19
21
26
29
36
40
42
52
57
65
71
69
71
67
62
67
72
81
81
78
82
89
91
89
90
99
108
118
126
128
132
142
157
165
164
162
169
174
166
150
140
134
126
108
77
55
44
19
-16
-53
-84
-112
-150
-193
-233
-266
-299
-327
-344
-352
-358
-364
-371
-367
-357
-351
-339
-321
-296
-263
-235
-199
-155
-108
-66
-28
15
61
102
138
166
194
222
240
255
271
292
311
324
332
335
338
336
330
321
314
312
313
309
305
304
312
320
314
304
299
298
283
256
221
190
159
118
72
34
-8
-59
-115
-175
-233
-303
-379
-446
-506
-568
-635
-696
-740
-771
-803
-832
-847
-841
-824
-803
-769
-718
-659
-594
-522
-438
-356
-270
-180
-82
21
110
190
276
362
435
491
544
609
661
695
710
723
734
723
694
663
646
633
602
572
553
540
521
492
475
468
454
432
404
380
355
318
277
242
212
172
121
75
26
-33
-103
-177
-251
-330
-414
-501
-585
-665
-746
-826
-892
-951
-1006
-1050
-1077
-1083
-1076
-1055
-1012
-952
-884
-808
-720
-620
-509
-402
-291
-171
-51
60
160
267
379
485
580
662
743
811
859
890
904
907
892
858
824
789
749
697
650
612
573
534
499
479
460
435
406
380
354
322
281
246
215
180
138
93
55
7
-55
-117
-176
-237
-310
-391
-463
-530
-602
-683
-765
-831
-895
-955
-1003
-1033
-1040
-1042
-1038
-1010
-960
-900
-836
-758
-660
-546
-434
-331
-220
-101
19
129
229
336
444
541
628
709
782
838
879
910
927
929
910
872
836
792
739
682
632
589
543
494
452
413
377
333
289
255
218
173
119
67
24
-20
-67
-111
-154
-199
-250
-300
-347
-398
-452
-507
-555
-603
-659
-719
-775
-823
-866
-907
-935
-951
-956
-951
-935
-904
-858
-798
-725
-638
-547
-453
-355
-253
-146
-44
58
161
266
377
481
578
668
752
835
904
955
992
1015
1030
1029
1009
981
946
906
860
810
763
718
671
626
578
536
488
434
382
328
271
213
152
92
31
-31
-91
-147
-205
-258
-310
-360
-411
-464
-517
-566
-613
-663
-718
-768
-817
-863
-900
-934
-960
-973
-975
-965
-941
-909
-864
-809
-744
-669
-593
-509
-425
-338
-245
-151
-53
41
132
232
331
421
504
582
662
723
771
809
836
860
861
849
835
813
787
750
713
681
647
610
571
530
490
445
403
360
311
258
201
150
99
38
-25
-81
-132
-181
-233
-284
-328
-373
-420
-471
-518
-564
-618
-674
-723
-767
-807
-849
-884
-904
-912
-911
-905
-891
-862
-818
-770
-717
-656
-583
-504
-426
-344
-257
-164
-65
26
121
220
316
411
501
590
675
744
806
856
900
930
942
949
952
944
927
901
879
859
831
801
771
741
706
663
622
577
526
470
407
350
288
219
150
87
27
-33
-96
-153
-210
-271
-331
-391
-453
-517
-581
-642
-704
-764
-823
-879
-926
-963
-996
-1016
-1023
-1018
-1002
-983
-953
-909
-858
-797
-733
-666
-589
-507
-418
-330
-248
-154
-55
45
139
231
334
429
513
586
649
709
759
789
810
824
836
838
828
822
809
794
777
757
738
712
677
640
594
545
491
433
375
313
252
190
130
69
6
-58
-115
-173
-232
-291
-352
-411
-473
-533
-594
-655
-712
-765
-813
-855
-892
-919
-935
-934
-924
-908
-879
-837
-785
-727
-661
-589
-514
-434
-352
-265
-173
-84
7
108
205
301
391
485
575
655
724
782
833
873
894
909
918
915
903
881
861
839
804
769
731
695
656
606
556
504
452
391
324
264
200
130
63
0
-61
-121
-185
-241
-293
-344
-395
-447
-496
-545
-597
-650
-701
-747
-793
-836
-870
-897
-917
-929
-930
-921
-898
-863
-822
-772
-717
-655
-585
-519
-448
-370
-289
-204
-122
-36
59
152
244
330
418
508
580
649
709
760
802
823
837
846
847
838
815
797
777
750
721
691
661
626
582
544
499
451
401
343
289
229
161
97
34
-20
-77
-133
-183
-233
-280
-330
-382
-427
-477
-532
-583
-637
-689
-743
-799
-843
-880
-908
-926
-934
-930
-913
-885
-848
-802
-748
-688
-619
-547
-472
-392
-306
-215
-125
-29
71
171
273
372
475
574
661
740
810
871
918
948
971
983
985
971
946
920
887
846
804
761
717
668
614
563
508
450
384
319
259
196
128
57
-8
-68
-128
-187
-239
-290
-340
-390
-439
-487
-541
-596
-650
-704
-761
-817
-871
-916
-958
-991
-1011
-1019
-1013
-997
-968
-927
-875
-815
-749
-672
-589
-504
-412
-314
-212
-108
-2
113
227
338
449
560
670
765
850
926
987
1037
1066
1080
1087
1078
1054
1020
979
936
885
830
775
721
663
600
536
474
408
339
271
202
132
61
-10
-75
-136
-199
-256
-308
-358
-407
-459
-510
-560
-610
-670
-729
-786
-844
-903
-959
-1007
-1049
-1080
-1100
-1110
-1105
-1089
-1056
-1009
-951
-882
-808
-720
-626
-530
-422
-308
-187
-67
55
186
314
442
565
684
803
906
996
1076
1141
1192
1220
1231
1232
1216
1186
1140
1088
1033
969
901
833
765
698
625
554
485
416
347
274
206
136
69
3
-59
-117
-174
-228
-274
-319
-368
-418
-467
-514
-564
-623
-681
-741
-801
-863
-926
-979
-1029
-1071
-1099
-1119
-1121
-1112
-1087
-1048
-996
-929
-855
-769
-675
-578
-472
-361
-246
-126
-7
117
243
367
487
602
717
819
907
985
1047
1095
1121
1127
1122
1102
1068
1019
964
909
845
776
708
643
582
519
455
396
338
283
224
166
110
53
-7
-64
-118
-170
-222
-271
-315
-362
-409
-460
-510
-559
-618
-681
-743
-808
-871
-935
-994
-1042
-1087
-1118
-1136
-1139
-1124
-1096
-1051
-991
-920
-833
-741
-636
-525
-413
-291
-166
-39
87
216
350
478
602
719
831
936
1024
1098
1158
1204
1233
1240
1231
1212
1179
1128
1066
1005
936
861
787
717
653
587
522
463
403
346
286
227
168
106
44
-19
-79
-138
-199
-256
-310
-367
-421
-477
-533
-591
-654
-717
-779
-841
-905
-969
-1028
-1077
-1119
-1151
-1173
-1174
-1160
-1133
-1088
-1027
-953
-865
-770
-667
-555
-440
-317
-195
-67
57
177
302
424
541
652
755
856
945
1016
1074
1118
1144
1153
1144
1122
1087
1036
974
905
834
761
686
615
547
483
421
362
306
251
197
140
86
31
-24
-79
-136
-188
-241
-293
-339
-382
-427
-470
-513
-554
-596
-642
-690
-734
-781
-827
-871
-910
-942
-966
-979
-981
-968
-940
-897
-840
-770
-687
-595
-495
-388
-275
-164
-49
70
191
309
425
541
653
761
861
954
1041
1113
1170
1210
1239
1248
1233
1203
1161
1107
1039
958
874
785
694
600
510
425
342
263
188
113
46
-23
-90
-152
-219
-282
-343
-401
-454
-508
-560
-605
-646
-684
-721
-757
-789
-821
-853
-888
-920
-951
-984
-1014
-1038
-1053
-1058
-1056
-1040
-1012
-969
-913
-843
-761
-668
-568
-462
-345
-225
-107
15
138
258
377
491
604
714
816
909
996
1073
1137
1185
1221
1242
1244
1228
1195
1152
1094
1018
936
852
765
676
581
493
413
336
263
188
122
58
-7
-66
-126
-187
-246
-309
-370
-425
-480
-530
-573
-614
-653
-689
-720
-750
-779
-810
-841
-868
-891
-913
-932
-948
-958
-959
-947
-923
-887
-840
-781
-706
-621
-529
-427
-318
-204
-88
30
150
271
390
499
609
718
819
913
997
1075
1144
1198
1241
1270
1284
1279
1254
1216
1166
1101
1020
933
843
750
654
557
467
382
298
219
145
74
5
-67
-135
-199
-265
-333
-403
-467
-529
-592
-651
-703
-749
-792
-831
-863
-887
-911
-931
-949
-966
-979
-993
-998
-997
-987
-971
-942
-898
-846
-782
-704
-615
-520
-414
-303
-185
-62
56
173
292
407
515
617
718
813
899
979
1050
1118
1173
1211
1241
1258
1260
1244
1211
1166
1110
1038
952
866
774
679
578
479
387
300
215
132
52
-22
-100
-177
-250
-328
-404
-481
-558
-630
-702
-768
-825
-878
-924
-962
-990
-1010
-1025
-1036
-1043
-1047
-1045
-1042
-1035
-1024
-1006
-982
-948
-901
-844
-774
-697
-605
-502
-394
-279
-161
-41
80
198
315
429
536
636
733
826
912
988
1060
1124
1183
1234
1268
1293
1304
1295
1267
1224
1169
1102
1020
932
835
736
635
531
433
335
239
149
61
-22
-101
-180
-257
-330
-403
-479
-553
-622
-687
-746
-799
-844
-881
-913
-938
-957
-969
-977
-980
-983
-979
-973
-962
-949
-933
-911
-885
-850
-804
-750
-686
-611
-525
-429
-327
-219
-107
2
115
221
327
434
532
625
715
798
878
950
1015
1076
1129
1171
1201
1222
1230
1218
1191
1145
1088
1018
931
840
743
643
547
451
360
273
187
108
31
-40
-110
-179
-245
-308
-374
-435
-496
-553
-604
-649
-690
-720
-746
-766
-778
-788
-793
-796
-795
-795
-792
-790
-790
-785
-777
-766
-747
-724
-695
-652
-604
-542
-471
-391
-303
-209
-110
-11
90
191
287
382
474
559
642
729
806
880
951
1013
1068
1116
1145
1162
1169
1153
1122
1075
1012
936
849
754
655
558
461
365
281
202
128
61
-4
-69
-130
-190
-254
-317
-379
-442
-505
-564
-618
-665
-706
-742
-771
-794
-811
-820
-826
-831
-834
-839
-842
-845
-851
-853
-854
-851
-842
-825
-800
-761
-715
-662
-597
-524
-442
-356
-265
-173
-75
26
126
227
329
427
528
628
723
817
904
986
1062
1126
1178
1212
1235
1237
1222
1192
1150
1091
1022
942
856
768
677
584
494
413
334
259
187
119
51
-19
-88
-155
-226
-294
-360
-423
-481
-536
-583
-625
-663
-693
-719
-740
-755
-770
-782
-797
-809
-819
-832
-842
-852
-858
-857
-853
-840
-818
-789
-754
-710
-657
-598
-532
-463
-388
-307
-219
-129
-31
72
173
280
390
497
602
702
794
884
962
1023
1071
1105
1123
1123
1107
1076
1035
984
922
852
782
708
630
551
473
399
324
253
185
123
61
2
-52
-102
-151
-200
-248
-290
-326
-361
-395
-421
-444
-465
-481
-497
-513
-527
-543
-561
-577
-595
-616
-638
-658
-682
-701
-716
-727
-733
-732
-720
-696
-663
-620
-569
-507
-434
-353
-268
-175
-75
29
132
240
353
464
573
674
768
858
932
992
1035
1063
1075
1061
1031
986
925
854
771
683
596
507
417
334
258
191
127
68
15
-36
-83
-129
-171
-206
-242
-273
-302
-327
-346
-362
-374
-382
-391
-392
-391
-389
-392
-402
-416
-432
-451
-475
-503
-534
-565
-593
-619
-635
-646
-654
-654
-643
-621
-586
-544
-493
-431
-360
-281
-193
-99
2
106
211
323
440
552
654
746
834
911
972
1013
1035
1043
1030
994
949
888
812
724
626
531
438
343
250
162
83
11
-50
-104
-153
-195
-233
-267
-289
-306
-324
-337
-347
-356
-358
-357
-353
-346
-339
-327
-314
-302
-295
-294
-295
-303
-315
-335
-364
-399
-439
-483
-525
-565
-601
-631
-655
-664
-655
-632
-595
-549
-494
-425
-345
-252
-149
-42
63
167
275
384
492
588
671
746
815
869
908
930
934
923
893
848
790
718
634
538
440
344
250
157
68
-9
-72
-125
-168
-200
-223
-237
-243
-242
-234
-224
-215
-206
-198
-185
-166
-149
-134
-117
-103
-89
-73
-60
-49
-44
-49
-61
-82
-113
-153
-203
-260
-323
-384
-442
-496
-546
-588
-608
-613
-600
-572
-529
-469
-396
-315
-220
-122
-23
72
164
257
351
437
508
569
626
672
708
732
742
743
728
700
662
612
548
474
394
315
236
158
81
11
-46
-89
-120
-138
-146
-152
-147
-134
-118
-95
-79
-66
-53
-43
-33
-23
-19
-18
-19
-22
-24
-27
-35
-51
-70
-100
-136
-178
-228
-283
-345
-413
-479
-540
-597
-644
-679
-699
-702
-688
-659
-613
-554
-482
-400
-307
-208
-109
-14
81
171
255
332
403
462
515
561
599
628
648
655
653
643
621
593
553
506
452
396
340
283
227
172
123
85
59
44
34
32
36
43
53
67
81
88
90
88
86
78
67
51
31
10
-15
-43
-72
-105
-143
-187
-236
-289
-346
-408
-472
-536
-598
-657
-710
-752
-782
-801
-804
-792
-764
-720
-663
-596
-521
-434
-344
-253
-163
-76
7
86
160
231
295
354
406
449
489
522
547
565
574
577
572
558
537
507
472
433
393
354
314
279
246
221
207
199
197
200
204
212
220
232
240
246
244
237
226
209
189
163
133
99
62
22
-20
-59
-105
-154
-207
-262
-318
-377
-434
-493
-550
-602
-649
-685
-710
-724
-724
-710
-680
-639
-586
-523
-454
-377
-298
-218
-141
-68
2
65
125
181
231
277
316
352
387
418
442
457
467
473
472
466
452
429
400
370
338
307
276
248
223
204
191
186
189
195
202
213
222
233
241
247
244
236
224
201
177
147
111
73
29
-18
-66
-116
-169
-221
-275
-327
-383
-436
-487
-539
-583
-623
-657
-679
-697
-704
-702
-688
-662
-625
-580
-531
-474
-411
-345
-278
-209
-144
-82
-19
39
92
138
178
216
252
283
311
337
358
374
388
399
405
410
410
404
396
388
376
367
358
347
339
334
330
334
338
345
353
362
369
370
372
367
359
344
320
292
257
215
168
119
64
8
-51
-108
-162
-217
-269
-317
-363
-407
-445
-480
-511
-537
-559
-577
-589
-592
-591
-581
-564
-542
-514
-479
-440
-396
-347
-298
-249
-198
-151
-104
-59
-18
17
52
84
116
145
172
198
225
250
272
296
317
337
355
368
378
385
389
390
389
388
389
388
385
382
381
380
381
382
380
374
365
352
333
309
277
239
198
149
97
44
-10
-62
-115
-166
-214
-260
-301
-339
-377
-409
-438
-466
-495
-520
-541
-561
-579
-591
-601
-606
-605
-600
-588
-571
-550
-525
-493
-459
-425
-385
-346
-310
-269
-230
-191
-152
-112
-70
-29
17
61
108
156
204
252
296
340
380
419
452
480
503
521
533
545
555
560
566
570
574
575
578
575
571
564
554
538
518
492
462
424
381
335
285
235
185
133
82
33
-14
-59
-101
-145
-190
-233
-276
-321
-363
-407
-454
-497
-542
-584
-619
-651
-679
-698
-713
-720
-720
-716
-703
-685
-664
-635
-604
-567
-526
-483
-433
-380
-322
-258
-194
-125
-54
18
91
162
233
300
365
426
481
533
578
618
652
680
703
722
734
744
751
753
753
748
736
724
708
687
663
634
601
563
524
479
430
381
327
273
221
166
111
57
-1
-58
-116
-178
-238
-301
-365
-429
-495
-559
-623
-685
-742
-799
-848
-892
-931
-962
-984
-999
-1003
-1001
-990
-969
-942
-904
-858
-803
-740
-672
-591
-509
-421
-328
-233
-138
-42
53
146
237
323
402
478
546
608
664
712
752
787
815
834
849
857
859
855
845
829
808
783
753
723
689
650
608
567
524
480
435
387
338
288
233
177
119
59
-6
-72
-141
-210
-278
-350
-422
-489
-557
-624
-689
-749
-806
-860
-908
-949
-982
-1009
-1029
-1042
-1043
-1035
-1018
-988
-947
-893
-832
-758
-673
-582
-486
-385
-280
-171
-63
43
149
251
348
442
528
609
683
751
811
863
910
949
983
1008
1024
1031
1033
1025
1012
993
968
939
906
871
834
793
755
715
674
631
588
545
499
450
396
338
275
207
135
59
-23
-105
-188
-273
-358
-440
-523
-602
-679
-756
-828
-894
-959
-1017
-1071
-1119
-1158
-1190
-1214
-1227
-1229
-1219
-1195
-1159
-1112
-1052
-981
-901
-815
-719
-619
-517
-415
-310
-207
-105
-6
92
186
275
360
441
517
586
649
706
755
799
834
860
880
895
901
897
889
877
860
839
817
793
770
742
713
685
652
619
581
541
497
450
398
341
279
214
146
75
4
-72
-146
-221
-295
-367
-437
-506
-572
-633
-691
-745
-795
-841
-879
-912
-938
-953
-960
-959
-948
-927
-898
-859
-812
-755
-691
-620
-546
-467
-386
-301
-215
-131
-48
34
114
191
265
335
402
464
521
573
619
658
690
717
739
750
760
764
760
753
743
728
710
690
666
639
612
581
548
513
477
436
394
349
302
251
198
142
84
25
-35
-96
-158
-220
-283
-343
-403
-459
-515
-565
-613
-656
-696
-730
-759
-782
-799
-812
-818
-818
-811
-797
-777
-749
-717
-679
-635
-585
-533
-474
-411
-348
-280
-209
-139
-67
5
76
146
214
278
340
398
451
503
549
591
626
660
686
709
727
739
748
754
754
752
746
736
721
702
679
651
622
587
551
509
467
419
372
323
270
219
165
110
55
-3
-61
-120
-179
-238
-296
-353
-409
-463
-515
-562
-605
-644
-680
-711
-732
-751
-766
-775
-778
-777
-771
-759
-743
-720
-694
-664
-627
-585
-537
-486
-430
-370
-306
-239
-169
-101
-32
38
105
171
234
294
351
404
453
500
543
580
613
643
666
687
704
715
720
721
716
706
691
669
645
615
582
544
502
460
417
371
324
275
225
172
119
64
7
-46
-103
-159
-215
-269
-323
-374
-425
-471
-515
-555
-590
-621
-646
-668
-683
-693
-699
-699
-696
-687
-674
-658
-636
-611
-582
-548
-510
-468
-422
-371
-318
-261
-203
-143
-81
-17
44
105
165
222
279
333
381
426
468
507
540
568
594
615
632
643
648
649
645
636
622
605
582
556
526
492
455
415
374
330
285
237
187
139
90
40
-8
-57
-105
-150
-196
-239
-281
-320
-357
-391
-423
-453
-477
-502
-521
-538
-550
-560
-564
-565
-564
-557
-548
-534
-515
-494
-469
-442
-412
-378
-342
-305
-264
-224
-180
-136
-89
-40
9
59
109
158
208
254
302
345
385
421
454
484
507
526
541
554
560
561
560
553
541
527
509
488
464
436
407
376
343
304
265
226
184
141
99
57
15
-25
-67
-105
-143
-179
-213
-246
-274
-301
-326
-349
-370
-388
-404
-418
-429
-438
-444
-447
-448
-446
-440
-432
-420
-404
-385
-365
-340
-314
-286
-256
-223
-189
-154
-117
-80
-43
-4
36
76
115
156
195
234
272
307
341
373
401
425
445
462
473
480
484
484
481
474
463
449
431
410
388
363
335
303
272
236
201
163
125
86
49
10
-28
-65
-103
-139
-173
-207
-238
-269
-296
-322
-347
-369
-389
-408
-424
-439
-452
-459
-467
-469
-468
-465
-459
-448
-435
-419
-400
-378
-355
-326
-296
-264
-228
-193
-156
-117
-78
-38
4
44
85
126
164
203
239
275
309
340
369
393
416
433
447
459
467
470
470
467
459
446
430
412
388
364
334
302
267
231
194
152
112
70
26
-17
-60
-103
-142
-181
-218
-254
-288
-319
-348
-374
-399
-422
-442
-459
-473
-484
-490
-494
-495
-490
-481
-471
-454
-436
-414
-389
-361
-328
-296
-260
-221
-183
-143
-101
-58
-15
32
77
121
167
210
252
292
330
365
397
428
454
476
497
512
524
533
538
539
537
529
520
508
492
472
450
423
391
357
319
279
239
195
151
106
60
15
-28
-71
-113
-152
-190
-225
-258
-289
-317
-343
-367
-386
-403
-416
-426
-434
-439
-440
-438
-432
-423
-409
-392
-371
-348
-322
-293
-263
-229
-193
-156
-118
-81
-40
2
43
83
122
160
196
230
263
294
322
347
370
390
405
418
426
430
431
428
421
412
400
384
366
345
322
294
263
229
192
154
113
70
27
-15
-57
-99
-141
-181
-219
-256
-290
-323
-352
-381
-405
-428
-447
-465
-480
-490
-497
-501
-501
-498
-491
-480
-466
-448
-426
-403
-378
-351
-322
-291
-257
-224
-189
-153
-115
-76
-35
6
47
90
132
172
213
254
290
325
359
388
415
439
461
478
494
506
515
522
526
527
525
518
509
497
482
462
438
411
380
344
306
265
224
179
134
89
43
-2
-46
-89
-130
-170
-207
-242
-274
-304
-334
-360
-385
-406
-425
-442
-455
-465
-472
-473
-471
-468
-459
-447
-432
-414
-394
-372
-348
-324
-299
-271
-241
-210
-178
-146
-112
-77
-44
-7
28
65
101
138
171
203
233
262
288
312
334
352
368
382
394
404
411
416
418
418
415
408
398
385
367
345
318
288
255
216
177
136
92
48
1
-44
-90
-133
-174
-216
-252
-287
-321
-352
-379
-404
-426
-447
-461
-471
-479
-482
-481
-476
-465
-453
-435
-415
-392
-364
-335
-305
-273
-240
-205
-171
-137
-101
-66
-32
4
38
71
104
136
166
195
226
254
278
304
328
351
373
393
413
432
449
464
480
492
502
512
516
519
520
515
507
496
480
462
439
412
382
349
316
278
239
199
156
112
69
24
-21
-69
-114
-160
-204
-247
-289
-328
-364
-397
-426
-452
-472
-489
-503
-511
-516
-517
-513
-507
-498
-486
-473
-456
-437
-416
-394
-371
-344
-319
-291
-264
-235
-206
-178
-149
-121
-94
-67
-41
-15
11
37
64
90
116
144
171
198
226
251
276
299
321
341
359
375
388
397
405
409
413
412
406
399
390
378
363
346
327
303
278
252
222
190
155
119
82
44
4
-35
-74
-113
-149
-183
-214
-244
-270
-293
-313
-329
-343
-353
-360
-365
-364
-365
-362
-354
-345
-334
-320
-305
-286
-266
-245
-223
-201
-179
-157
-135
-112
-91
-71
-49
-30
-10
11
29
48
68
87
107
126
145
163
179
196
211
224
235
243
254
261
264
269
270
270
270
266
262
256
248
240
229
215
201
184
167
146
125
100
76
50
22
-7
-33
-59
-84
-110
-135
-157
-177
-196
-212
-225
-235
-245
-253
-257
-259
-260
-257
-253
-246
-238
-227
-216
-203
-185
-171
-154
-138
-121
-104
-87
-71
-54
-39
-23
-7
6
19
32
45
58
71
84
96
109
120
131
141
152
164
172
180
188
196
199
204
210
214
218
219
219
219
217
212
207
198
188
175
163
147
131
113
93
74
53
30
9
-13
-35
-57
-76
-96
-116
-133
-150
-164
-177
-187
-195
-203
-207
-210
-211
-208
-205
-199
-192
-181
-172
-161
-149
-137
-124
-111
-96
-82
-68
-55
-44
-31
-20
-8
2
13
23
32
42
50
57
65
72
80
86
92
99
105
110
115
118
124
127
130
132
134
134
135
133
129
126
121
114
107
97
88
76
64
52
38
25
9
-8
-23
-41
-57
-74
-90
-105
-121
-134
-146
-157
-167
-176
-182
-187
-191
-192
-191
-189
-185
-178
-170
-161
-149
-138
-123
-111
-97
-82
-68
-52
-37
-22
-7
6
20
31
42
53
62
71
79
84
90
93
96
99
103
106
109
112
116
118
119
121
124
126
128
131
133
134
133
134
133
132
128
125
120
114
109
100
91
82
71
60
48
35
22
8
-8
-24
-39
-55
-69
-83
-94
-106
-117
-127
-136
-142
-149
-153
-156
-157
-157
-157
-154
-152
-145
-139
-132
-122
-112
-103
-92
-80
-69
-57
-47
-38
-27
-17
-6
2
11
20
28
35
43
52
58
64
71
79
85
91
97
102
107
112
116
121
126
131
135
140
145
148
150
153
153
153
152
148
143
138
130
120
110
99
86
71
57
43
28
11
-5
-21
-37
-53
-69
-81
-96
-110
-123
-134
-145
-156
-166
-174
-179
-185
-188
-191
-192
-192
-192
-192
-189
-187
-181
-176
-169
-163
-157
-148
-140
-130
-118
-108
-96
-83
-71
-59
-48
-35
-20
-8
4
17
29
42
55
67
81
94
106
118
130
140
150
162
171
177
184
189
193
195
196
197
195
192
187
180
172
163
153
142
131
118
104
90
75
60
43
27
11
-6
-21
-37
-52
-65
-79
-92
-102
-113
-125
-135
-145
-153
-159
-165
-171
-174
-178
-179
-179
-176
-174
-169
-162
-155
-146
-138
-126
-115
-105
-93
-80
-68
-54
-40
-26
-11
6
21
35
50
64
79
92
107
121
135
144
154
164
173
182
188
195
199
202
205
205
203
199
195
190
182
172
162
149
136
122
108
93
77
58
41
23
6
-12
-30
-46
-64
-79
-96
-110
-123
-137
-149
-160
-169
-178
-186
-193
-199
-205
-207
-208
-208
-206
-203
-200
-196
-190
-183
-174
-165
-153
-142
-130
-117
-104
-90
-77
-63
-49
-33
-20
-5
8
21
36
51
64
77
91
104
116
129
141
151
161
169
174
179
183
185
186
185
185
181
176
170
163
155
146
136
125
114
102
88
75
61
46
32
16
0
-14
-28
-42
-54
-66
-79
-89
-99
-107
-115
-124
-131
-136
-142
-145
-147
-148
-149
-149
-146
-145
-142
-137
-130
-124
-117
-108
-98
-87
-76
-65
-54
-43
-31
-19
-9
2
12
23
33
42
52
62
71
80
89
99
107
114
121
126
131
135
137
137
138
138
135
133
129
124
119
114
106
100
91
83
72
63
52
41
29
16
4
-8
-19
-31
-43
-54
-65
-74
-84
-93
-101
-108
-115
-122
-127
-131
-136
-139
-140
-141
-139
-138
-134
-130
-126
-122
-117
-110
-103
-94
-84
-74
-65
-54
-44
-34
-23
-12
-1
9
19
29
38
48
58
66
73
80
87
94
100
106
111
115
119
120
124
125
127
126
126
124
122
118
114
108
103
96
89
82
74
64
54
43
34
22
11
-1
-13
-25
-35
-45
-56
-66
-75
-83
-91
-97
-103
-108
-112
-113
-116
-117
-117
-116
-114
-112
-108
-105
-101
-96
-89
-82
-76
-69
-61
-52
-44
-34
-25
-16
-8
2
9
17
25
33
41
47
54
60
65
69
73
77
81
85
89
92
91
95
95
95
95
93
92
88
85
83
79
76
70
65
59
51
44
37
29
22
12
4
-4
-13
-22
-31
-40
-48
-55
-63
-71
-77
-83
-88
-91
-94
-97
-99
-101
-102
-101
-100
-98
-95
-91
-88
-84
-76
-72
-65
-59
-52
-46
-38
-29
-21
-14
-5
2
8
16
23
30
36
42
48
53
59
63
67
71
75
78
80
81
82
82
84
83
83
82
80
79
78
75
72
68
64
60
56
50
45
41
35
29
22
17
10
3
-4
-11
-18
-26
-32
-38
-45
-51
-57
-63
-67
-70
-73
-76
-78
-80
-82
-83
-82
-82
-81
-80
-79
-76
-76
-73
-69
-66
-61
-57
-52
-46
-41
-35
-27
-23
-18
-12
-8
-4
0
5
8
14
18
22
25
30
35
38
42
45
47
50
52
55
58
59
60
62
63
63
62
60
59
58
58
57
54
52
51
48
45
42
37
32
27
22
18
12
8
3
-1
-5
-9
-14
-18
-21
-23
-25
-28
-30
-33
-34
-34
-35
-36
-37
-36
-37
-37
-35
-33
-32
-30
-28
-25
-23
-22
-21
-20
-18
-16
-14
-12
-8
-6
-5
-2
1
2
3
4
5
6
7
9
8
11
12
13
14
15
16
16
17
18
19
19
20
20
19
19
20
18
16
16
15
13
12
10
8
6
4
2
-1
-3
-5
-7
-10
-13
-15
-18
-20
-22
-24
-25
-26
-27
-27
-28
-29
-29
-29
-28
-27
-26
-24
-23
-19
-17
-16
-14
-13
-11
-9
-6
-4
-3
1
3
5
7
8
10
11
11
14
14
15
17
17
19
20
19
21
21
22
22
23
24
24
24
26
27
29
29
28
29
29
29
28
27
28
26
24
22
21
18
17
14
13
9
7
4
0
-1
-5
-7
-9
-13
-15
-20
-23
-25
-28
-29
-30
-32
-33
-33
-34
-34
-34
-31
-31
-29
-27
-27
-25
-24
-21
-20
-18
-17
-17
-16
-13
-12
-10
-8
-6
-4
-2
-3
-1
0
2
2
3
4
5
4
5
6
7
7
7
8
8
11
12
14
15
16
17
17
17
16
15
16
16
15
14
14
12
12
12
10
10
8
6
5
3
2
-1
-3
-5
-9
-11
-13
-15
-16
-18
-17
-18
-18
-18
-18
-17
-16
-15
-14
-14
-13
-14
-13
-12
-12
-11
-11
-10
-9
-8
-6
-4
-1
1
3
5
7
9
9
11
11
14
15
17
19
20
22
24
25
26
27
28
28
29
31
32
32
33
34
33
32
31
31
29
27
25
24
24
22
22
19
17
14
10
6
4
-2
-6
-10
-15
-20
-25
-29
-33
-38
-42
-44
-47
-51
-53
-55
-56
-58
-59
-60
-60
-61
-61
-61
-60
-59
-57
-54
-52
-47
-43
-38
-33
-27
-20
-15
-9
-2
3
9
15
21
26
32
36
42
46
51
56
61
66
70
75
79
83
86
88
91
93
95
95
96
95
93
91
89
86
83
78
73
68
62
54
45
37
28
18
8
0
-12
-21
-32
-42
-54
-65
-74
-84
-92
-102
-109
-116
-122
-125
-130
-132
-134
-136
-137
-138
-138
-136
-133
-129
-125
-120
-114
-108
-102
-95
-88
-79
-71
-61
-52
-41
-31
-21
-9
2
11
21
31
41
50
59
68
80
88
96
107
115
122
129
135
139
144
146
150
151
153
152
150
146
141
136
130
122
113
104
92
82
70
58
45
31
18
4
-8
-20
-32
-44
-54
-63
-75
-82
-90
-98
-105
-109
-113
-117
-119
-120
-120
-120
-121
-120
-119
-118
-115
-111
-106
-101
-96
-92
-85
-78
-70
-61
-52
-42
-32
-22
-12
0
11
24
34
45
55
67
76
86
94
102
110
117
123
129
133
136
138
138
138
138
132
128
121
113
105
95
85
74
62
51
41
27
15
2
-12
-25
-38
-51
-63
-74
-83
-94
-102
-112
-119
-125
-133
-138
-142
-144
-147
-148
-149
-149
-147
-145
-140
-136
-130
-124
-116
-107
-99
-90
-78
-67
-54
-41
-29
-15
0
14
27
41
56
68
83
95
106
117
126
137
145
152
158
164
168
171
172
171
170
167
162
156
150
144
134
123
114
103
91
78
65
53
40
25
11
-4
-19
-32
-45
-58
-71
-84
-94
-105
-115
-124
-133
-141
-147
-154
-159
-162
-167
-169
-170
-169
-166
-163
-159
-152
-145
-140
-130
-121
-109
-97
-85
-72
-58
-44
-29
-15
0
16
30
44
58
71
84
97
110
120
130
140
148
155
161
163
166
167
169
168
166
165
161
157
151
145
139
130
122
114
104
93
82
69
58
43
30
17
3
-10
-23
-36
-48
-60
-72
-83
-93
-104
-113
-123
-130
-137
-144
-149
-153
-156
-157
-158
-159
-159
-157
-154
-151
-144
-138
-129
-122
-112
-102
-91
-80
-69
-57
-43
-30
-19
-7
5
18
30
41
54
64
75
84
92
100
107
113
117
121
124
125
126
125
123
122
118
114
111
105
98
92
85
77
68
60
51
41
31
20
10
-1
-11
-22
-32
-42
-50
-60
-67
-77
-86
-93
-101
-106
-111
-115
-117
-121
-122
-123
-123
-123
-120
-117
-114
-109
-101
-93
-85
-76
-66
-54
-43
-32
-20
-7
3
16
28
41
53
64
77
88
99
107
116
125
131
137
142
146
149
151
151
151
149
145
140
135
130
124
117
110
102
93
85
75
66
55
44
34
22
10
-2
-13
-24
-35
-45
-56
-65
-75
-84
-91
-99
-105
-112
-119
-123
-127
-130
-134
-136
-137
-136
-137
-135
-133
-127
-124
-118
-112
-106
-98
-90
-80
-70
-58
-49
-38
-27
-16
-5
5
16
25
35
44
54
61
70
75
82
86
91
96
99
102
103
104
104
104
103
100
98
93
91
85
82
76
69
63
56
50
42
35
27
19
11
1
-7
-16
-25
-34
-42
-51
-60
-66
-73
-77
-83
-87
-91
-93
-93
-94
-96
-96
-95
-93
-92
-89
-85
-81
-76
-70
-65
-59
-52
-44
-37
-29
-21
-15
-5
2
10
17
24
31
38
44
51
56
62
67
71
76
80
86
87
90
92
92
93
94
92
92
89
86
83
79
75
71
66
61
53
48
41
34
27
19
12
5
-1
-9
-16
-23
-31
-40
-47
-54
-59
-64
-69
-74
-79
-81
-83
-87
-87
-87
-87
-88
-88
-86
-86
-84
-81
-78
-74
-69
-65
-57
-53
-47
-40
-34
-27
-21
-14
-8
0
6
11
17
23
28
33
38
41
47
52
55
58
61
65
67
68
69
70
70
69
68
65
63
59
55
52
49
44
39
34
29
23
18
14
8
3
-1
-7
-12
-18
-21
-27
-32
-36
-40
-44
-45
-48
-51
-53
-54
-57
-57
-58
-58
-58
-55
-53
-51
-48
-46
-43
-40
-36
-32
-27
-22
-17
-12
-6
-2
4
9
14
18
24
28
33
38
43
47
50
54
57
60
63
63
64
65
65
64
64
62
60
58
55
52
50
46
43
40
36
32
29
24
20
14
10
5
0
-5
-11
-15
-18
-23
-28
-32
-36
-39
-43
-47
-49
-52
-54
-56
-58
-57
-56
-55
-53
-53
-51
-49
-48
-46
-43
-41
-37
-34
-32
-27
-22
-18
-13
-9
-4
-1
2
6
11
14
17
20
23
26
27
30
32
33
35
36
37
37
37
37
36
35
35
34
34
31
29
26
25
21
19
16
12
9
6
3
1
-2
-5
-8
-11
-15
-18
-21
-24
-26
-29
-32
-34
-36
-37
-38
-40
-41
-40
-39
-39
-38
-38
-37
-36
-36
-35
-33
-32
-29
-26
-24
-21
-18
-16
-12
-10
-7
-5
-1
1
4
7
9
13
15
16
18
20
23
25
27
28
28
32
32
34
35
36
37
38
37
37
38
36
34
33
33
32
29
27
23
21
19
16
14
12
10
8
5
3
0
-2
-4
-6
-8
-9
-10
-11
-11
-14
-14
-13
-15
-15
-16
-16
-16
-16
-16
-14
-13
-11
-10
-8
-8
-6
-5
-5
-4
-2
-3
-1
-1
-1
1
1
3
4
5
6
7
7
9
10
11
11
12
10
10
11
10
11
11
10
9
6
5
4
3
1
-1
-2
-4
-5
-7
-9
-12
-13
-15
-18
-20
-21
-23
-24
-24
-27
-26
-27
-28
-28
-28
-29
-28
-27
-26
-24
-24
-23
-21
-21
-19
-17
-14
-12
-9
-9
-6
-3
0
3
7
10
11
14
16
19
20
22
24
26
28
29
29
32
31
32
33
35
35
36
37
38
38
37
36
37
35
32
31
29
27
24
22
19
18
14
11
8
6
2
-1
-3
-5
-9
-12
-14
-17
-19
-21
-22
-23
-25
-27
-26
-29
-29
-30
-30
-32
-33
-33
-34
-34
-34
-32
-32
-32
-31
-30
-29
-28
-26
-24
-23
-21
-18
-16
-15
-13
-10
-8
-5
-4
-2
0
2
4
5
8
9
12
14
15
16
17
17
19
19
19
19
18
19
19
17
17
17
17
16
16
15
15
14
14
12
12
10
11
9
8
8
8
8
7
6
5
3
3
4
3
3
2
2
0
-1
-1
-1
-1
-2
-3
-4
-3
-3
-3
-3
-3
-3
-4
-2
-2
-1
-2
-1
0
-1
-1
-1
-2
-1
-1
-1
-1
0
0
0
1
0
0
0
0
-1
-1
-2
-1
-2
-3
-3
-4
-3
-4
-5
-6
-7
-7
-9
-9
-9
-8
-8
-8
-8
-8
-9
-9
-9
-9
-8
-6
-6
-6
-6
-4
-3
-3
-2
-1
-1
0
0
1
1
1
1
1
2
3
4
4
4
7
6
8
10
8
8
9
9
9
8
9
8
8
10
10
10
9
10
9
8
7
7
8
8
7
6
6
5
3
4
4
3
2
1
0
-1
-2
-2
-3
-3
-3
-3
-4
-4
-5
-5
-5
-5
-4
-4
-4
-2
-3
-2
-1
0
2
1
2
2
3
2
1
2
3
4
3
4
3
5
4
2
3
1
1
0
0
0
-1
-2
-3
-2
-2
-2
-3
-2
-3
-3
-4
-4
-5
-5
-5
-5
-6
-6
-8
-8
-9
-10
-10
-10
-11
-9
-9
-8
-10
-9
-8
-8
-7
-6
-6
-4
-4
-4
-3
-3
-3
-3
-1
-1
0
2
3
3
4
4
5
6
6
8
7
7
6
6
7
6
6
8
7
7
7
6
7
5
5
4
3
4
4
2
2
1
1
0
0
0
0
-2
-2
-3
-3
-3
-6
-6
-6
-7
-7
-7
-8
-9
-10
-10
-11
-11
-12
-12
-13
-11
-10
-9
-8
-8
-6
-5
-4
-3
-3
-1
1
1
2
3
4
6
6
7
8
8
9
10
11
10
13
12
13
13
14
14
14
15
15
14
13
12
13
11
12
10
10
10
9
9
9
8
8
7
7
6
5
3
0
0
-1
-1
-1
-1
-2
-2
-3
-4
-5
-6
-6
-6
-7
-8
-9
-10
-10
-10
-10
-11
-11
-11
-12
-13
-11
-11
-11
-10
-10
-10
-10
-9
-8
-5
-6
-5
-5
-5
-4
-4
-4
-4
-4
-4
-3
-2
-4
-4
-2
-1
0
-1
-1
-1
0
-1
0
0
-1
-1
1
1
0
1
-1
-1
0
-1
0
0
0
2
0
1
2
2
2
2
1
2
2
2
2
1
1
1
0
0
0
-1
0
0
0
-1
2
1
2
2
3
5
6
7
8
9
10
10
12
11
13
14
15
15
16
17
16
16
15
16
15
15
14
12
13
12
12
12
10
9
8
6
5
4
3
0
-2
-2
-4
-5
-5
-7
-8
-10
-11
-11
-11
-11
-11
-12
-12
-13
-12
-12
-12
-12
-11
-11
-12
-12
-12
-13
-12
-12
-11
-12
-11
-12
-12
-11
-9
-7
-6
-6
-4
-4
-3
-4
-2
-2
-1
0
1
0
2
3
2
4
3
4
5
4
4
5
4
5
5
5
4
4
3
4
3
2
2
1
1
1
0
0
0
1
0
-1
-1
-2
-3
-3
-3
-5
-6
-7
-7
-8
-6
-7
-8
-8
-7
-7
-7
-8
-8
-8
-8
-8
-8
-7
-7
-6
-4
-5
-4
-3
-2
-1
0
1
2
3
5
5
5
6
9
9
9
11
11
12
13
14
15
15
17
16
17
17
18
18
17
17
17
17
17
15
15
15
15
15
14
12
12
11
11
9
8
6
6
3
2
1
-1
-1
-3
-5
-6
-7
-8
-10
-11
-12
-12
-13
-13
-14
-16
-16
-16
-18
-19
-20
-20
-20
-19
-20
-18
-18
-17
-17
-17
-17
-16
-16
-15
-13
-12
-11
-9
-8
-6
-6
-5
-2
-2
-1
1
2
2
3
4
5
5
