SAMPLES:	9402
BITSPERSAMPLE:	16
CHANNELS:	1
SAMPLERATE:	16000
NORMALIZED:	FALSE
0
1
0
0
-1
0
-1
0
-1
1
1
0
0
0
0
0
0
0
0
0
0
0
-1
0
0
0
-1
0
0
1
0
1
0
-1
-1
-1
0
0
1
1
0
0
0
-1
0
0
1
0
-1
0
0
0
0
0
0
-1
0
-1
0
0
0
1
0
0
0
-1
0
0
0
0
0
0
0
-1
0
0
0
0
0
0
1
1
1
0
0
0
1
0
0
-1
1
0
0
0
0
-1
0
0
0
0
0
0
0
0
0
1
-1
0
0
0
0
0
1
-1
-1
0
0
0
0
0
0
0
1
0
0
0
1
-1
0
0
-1
-1
0
0
0
0
0
1
0
-1
0
0
0
-1
0
0
0
0
-1
-1
-1
0
0
0
0
0
0
0
0
-1
0
0
-1
0
1
0
0
0
0
0
0
0
0
0
0
0
0
0
1
0
0
0
-1
0
1
0
0
-1
0
0
-1
0
1
1
0
0
-1
-1
0
0
-1
1
0
0
1
0
0
0
0
0
-1
0
0
0
0
0
0
0
-1
0
1
1
0
0
0
-1
1
0
0
1
0
0
0
0
-1
1
0
0
0
-1
0
0
-1
-1
0
0
1
0
0
0
0
0
-1
0
0
0
-1
0
1
0
0
-1
0
0
0
0
0
0
-1
0
0
0
0
1
0
0
0
0
-1
0
0
0
1
0
0
0
0
1
0
-1
0
0
-2
0
0
0
0
0
0
0
-1
-1
0
0
1
0
1
0
0
-1
-1
0
-1
-1
-1
0
-1
0
0
0
0
1
0
-1
0
0
-1
-1
0
0
-1
0
0
0
0
0
-1
0
-1
0
0
0
0
0
0
0
0
0
0
1
0
0
-1
1
1
0
-1
0
0
0
0
1
0
0
1
0
0
0
0
0
1
0
0
-1
-1
-1
0
1
1
1
1
0
0
0
0
-1
0
0
0
1
1
1
-1
-1
-1
-1
0
0
0
1
1
1
0
0
-2
-1
0
0
1
2
1
0
0
-1
-1
-1
0
0
1
1
1
0
1
0
-1
-1
-1
0
0
0
1
1
1
0
0
-2
-1
0
-1
-1
0
0
0
0
0
1
0
0
0
0
-1
0
0
1
1
0
1
0
1
-1
0
0
1
0
1
1
0
0
-1
0
0
-1
-1
0
0
1
1
0
-1
-1
0
-1
1
1
1
1
1
0
-1
-1
-2
-1
-2
0
1
2
1
2
1
0
-1
-2
-1
-1
1
1
2
0
1
0
-1
-1
0
0
0
0
0
1
0
0
0
0
0
-1
0
0
0
0
1
0
0
0
0
0
0
-2
0
0
1
2
1
1
-1
-2
-2
-2
-2
-1
2
1
4
1
2
0
-2
-3
-2
0
0
2
1
2
1
-1
0
-1
0
0
2
1
0
0
-1
-1
-3
-1
-1
0
2
2
1
1
0
-2
-1
-2
-1
0
2
2
1
2
0
1
-2
-1
-1
-2
0
-1
1
0
2
0
0
-1
-1
0
-2
-1
-2
0
0
3
1
0
1
-1
0
-2
-2
0
0
1
2
3
1
0
-2
-1
-1
0
1
1
2
-2
-2
-3
-2
-1
0
2
1
2
1
1
-1
-2
0
-1
0
-1
2
1
2
1
0
1
-3
1
0
2
-1
-2
-3
-3
-1
0
3
3
4
-1
-2
-3
-4
0
1
4
3
2
0
0
0
-1
-2
-3
-1
-1
0
2
2
1
-2
-1
-2
-1
1
2
2
1
2
-1
0
1
2
1
-2
-2
-4
-3
-2
0
2
2
0
-3
-2
-2
0
4
4
2
0
-1
-3
1
2
4
2
2
-1
-3
-3
-1
2
2
-1
-4
-4
-3
-2
2
4
2
-1
-4
-2
-2
-1
1
2
3
2
2
0
0
-2
-1
0
1
1
1
3
-2
-1
0
0
-4
1
1
-2
-1
-5
-4
2
2
0
5
1
-2
-1
0
1
0
2
-2
-2
-2
-3
-1
2
3
-1
2
-1
-1
-1
1
0
-2
0
1
3
-2
0
3
4
-2
1
1
-3
-5
-1
0
-1
2
2
0
-2
-1
-2
-4
-5
-5
-2
4
8
3
-1
-5
-7
-1
0
4
5
6
8
5
2
-5
-5
-7
-4
5
10
7
4
1
-7
-8
-4
-3
3
3
4
2
-2
-3
-1
-1
-9
-4
-1
2
8
6
2
-5
-5
-5
0
1
2
4
3
5
4
3
-2
-2
-6
-2
1
-2
0
0
6
3
3
-4
-2
-1
-4
4
4
4
-2
3
4
1
4
0
-3
-3
-1
-6
-2
2
-2
-4
-4
-3
-3
-5
-7
-7
-2
0
1
3
8
1
5
7
5
4
7
7
6
3
3
8
7
11
-1
2
-7
-12
-8
-7
-4
1
-4
-16
-8
-12
-9
-2
-8
-8
-6
-9
-17
-4
4
6
8
7
9
16
19
2
-7
-2
4
5
7
10
12
11
15
2
-15
-18
-15
-9
7
17
17
11
-2
-14
-23
-18
-5
14
16
16
6
-9
-20
-16
-2
5
15
17
4
-1
-3
-6
-7
9
5
-11
-13
-6
4
16
25
10
8
0
-19
-39
-28
3
39
59
20
-23
-56
-44
-28
6
16
17
20
6
-24
-69
-51
-33
23
39
32
6
-23
-15
-14
30
36
54
47
37
26
-2
10
-6
31
38
47
49
32
8
-42
-47
-59
-32
-32
-24
-29
-37
-46
-78
-64
-68
-34
-32
-32
-29
-27
14
63
102
61
45
30
31
38
78
114
97
98
31
-20
-62
-35
4
19
29
-24
-43
-115
-134
-126
-101
-35
0
46
23
-1
-48
-75
-44
16
74
98
127
102
58
18
-5
-18
-1
28
21
22
15
-18
-53
-75
-71
-57
-48
-16
-9
39
32
11
-45
-78
-63
-37
43
53
91
68
56
-13
-59
-39
-1
77
50
44
-30
-52
-74
-79
-8
20
54
-1
-14
-46
-55
-37
-11
56
67
84
51
17
10
6
16
22
30
16
14
24
14
-13
-49
-39
-17
16
27
22
24
-6
-30
-50
-1
45
110
115
57
-6
-66
-53
-43
8
41
39
4
-41
-69
-91
-67
-22
42
55
28
-10
-75
-82
-48
7
57
77
67
28
-6
-32
-27
-23
-9
14
13
-3
-31
-50
-71
-81
-77
-63
-46
-33
-30
-54
-77
-79
-69
-47
-27
-12
-4
0
-9
-28
-22
20
65
105
114
88
47
22
30
48
78
98
107
79
54
24
-3
-5
-4
10
14
19
-1
-24
-32
-39
-27
-10
4
8
26
30
17
13
0
4
16
47
64
69
65
32
24
6
4
8
4
-4
-17
-22
-18
-11
-14
-22
-31
-34
-36
-33
-35
-26
-23
-22
-36
-44
-45
-52
-46
-59
-61
-58
-68
-70
-66
-43
-40
-45
-37
-56
-54
-32
-15
-9
7
33
34
35
36
28
32
32
33
38
62
83
77
68
56
34
22
26
27
53
79
99
67
20
-44
-57
-20
-9
-4
-42
-26
-63
-81
-123
-120
-72
-32
-2
-23
28
20
55
34
61
98
137
188
175
193
132
114
80
85
99
100
78
25
7
-54
-83
-115
-118
-135
-132
-114
-122
-128
-153
-140
-151
-107
-71
-40
-32
-37
-9
-18
22
29
86
143
133
110
64
66
26
40
44
74
82
27
-28
-137
-154
-174
-110
-68
-56
-78
-154
-177
-233
-179
-125
-33
28
15
7
-35
-18
-21
16
82
126
172
140
130
108
100
112
84
56
2
19
18
-6
-24
-45
-49
-103
-125
-138
-116
-76
-53
-29
-65
-57
-46
-9
40
98
152
129
116
97
117
90
103
129
120
136
65
68
26
6
-16
-103
-108
-156
-100
-110
-104
-99
-134
-153
-207
-146
-115
48
202
269
196
51
42
101
259
378
487
488
374
204
1
-66
27
171
211
93
-95
-294
-452
-449
-351
-215
-159
-195
-259
-372
-391
-344
-230
-58
62
160
152
75
53
62
131
159
190
179
100
36
-53
-81
-119
-114
-135
-201
-238
-269
-233
-261
-276
-249
-158
-55
-9
61
85
116
105
116
163
244
376
397
378
336
301
234
146
144
174
203
148
22
-99
-151
-154
-149
-139
-131
-133
-175
-229
-233
-136
-37
3
-6
20
56
92
84
78
166
251
340
302
252
191
211
231
233
175
174
416
439
250
-225
-244
-56
75
2
-221
-178
-332
-342
-670
-696
-521
-203
-16
-341
-413
-622
-439
-392
-93
219
168
152
-123
0
-23
135
232
243
400
282
252
-13
-26
114
169
213
88
112
-46
-168
-152
-77
59
-1
21
-52
-84
-83
-141
-131
-140
107
284
347
294
245
258
179
214
279
465
591
624
483
220
30
-45
-18
-16
8
-13
-168
-409
-627
-700
-672
-549
-377
-333
-435
-563
-631
-600
-441
-175
59
99
41
2
22
66
148
247
286
339
316
186
36
-50
37
91
92
38
-47
-108
-183
-218
-277
-249
-189
-125
-57
-9
75
114
117
140
234
388
520
556
585
549
548
578
557
602
588
652
531
473
259
428
838
838
513
-226
-139
-249
-50
-111
-40
154
-173
-242
-1116
-1057
-1002
-265
16
-233
-202
-872
-713
-961
-266
53
64
229
-251
-111
-569
-278
-211
-87
333
102
128
-538
-408
-320
-223
37
-150
31
-444
-344
-435
-381
-182
-195
107
-182
-74
-205
-166
-162
-89
229
84
140
-80
18
-86
57
372
469
656
532
723
485
419
461
561
802
777
844
464
162
-52
-106
-79
-117
-58
-219
-404
-695
-814
-793
-761
-638
-611
-621
-696
-713
-676
-607
-371
-182
-80
-130
-147
-91
-95
-15
41
106
128
102
58
-35
-15
21
-21
-22
-66
-22
-86
-169
-175
-192
-40
35
168
203
212
287
299
388
467
707
864
871
879
853
952
940
886
930
1002
1168
1087
988
796
636
667
487
551
249
727
1094
871
177
-737
-422
-598
-66
-219
36
-79
-554
-754
-1781
-1348
-1285
-102
-159
-372
-599
-1412
-1064
-1324
-175
-172
-116
-224
-809
-629
-1021
-339
-363
-157
83
-174
-196
-804
-458
-275
-61
218
67
75
-393
-187
-27
3
105
101
261
34
51
133
31
14
61
238
213
298
908
1146
1000
567
521
700
759
1147
1249
1390
1140
761
124
-557
-315
121
503
159
-374
-984
-1677
-1681
-1402
-957
-889
-1013
-1214
-1664
-1757
-1654
-1269
-804
-404
-152
-421
-729
-837
-568
-90
271
528
435
110
-163
-206
32
258
437
486
289
80
-93
-113
-44
81
277
269
167
2
-25
83
231
508
596
615
646
758
935
1034
1189
1342
1505
1570
1619
1690
1745
1723
1677
1655
1651
1718
1591
1462
1060
787
490
391
403
283
233
-199
-501
-903
-902
-885
-816
-586
-606
-612
-1022
-1063
-971
-688
-324
-236
-169
-460
-513
-525
-479
-296
-203
-99
-367
-579
-712
-802
-815
-786
-600
-655
-792
-951
-1055
-1039
-954
-702
-590
-505
-471
-531
-572
-644
-397
-157
-23
-55
-125
-94
-110
9
79
142
104
106
162
116
115
578
1230
1520
1037
426
247
428
759
937
1225
1233
975
186
-715
-1089
-817
-47
244
50
-780
-1700
-2252
-2207
-1438
-759
-422
-774
-1396
-1804
-1948
-1554
-933
-146
348
198
-230
-659
-601
-150
512
1100
1243
1002
480
101
133
405
733
844
756
496
130
-151
-275
-240
-177
-104
-66
-142
-289
-338
-294
-115
81
244
464
702
1025
1209
1316
1409
1581
1833
2011
2251
2403
2532
2487
2268
2060
1968
2002
1814
1421
950
609
309
17
-300
-585
-745
-939
-1168
-1491
-1560
-1437
-1283
-1153
-1118
-1089
-1111
-902
-538
-228
-56
8
125
131
190
306
418
489
473
382
105
-55
-95
-159
-309
-350
-340
-578
-948
-1208
-1222
-1134
-1128
-1148
-1233
-1272
-1285
-1298
-1237
-1099
-804
-673
-565
-560
-603
-619
-613
-340
-154
688
1766
2216
1485
476
408
641
1145
1722
2518
2556
1702
444
-885
-1504
-1042
351
1029
506
-857
-2384
-3383
-3338
-2085
-792
-403
-987
-1992
-2893
-3205
-2626
-1357
-158
485
281
-563
-1259
-1221
-321
862
1781
2049
1561
777
234
363
1001
1652
1999
1736
1030
206
-288
-285
-39
243
231
-122
-745
-1264
-1387
-1205
-819
-481
-353
-396
-387
-162
121
378
778
1301
1725
1978
2170
2347
2460
2586
2803
3072
3204
3311
3340
2846
2141
1532
1413
1258
1079
767
378
-183
-879
-1347
-1636
-1497
-1309
-1132
-1317
-1640
-1803
-1771
-1392
-898
-366
-131
-213
-273
-246
-101
118
450
679
667
520
246
-46
-204
-103
89
36
-136
-307
-649
-1125
-1377
-1303
-1157
-1069
-1057
-1185
-1406
-1499
-1472
-1468
-1321
-949
-705
-746
-752
-635
-712
-908
-767
-254
310
1192
2178
2345
1366
435
393
807
1435
2431
3246
2825
1384
-193
-1295
-1532
-507
1027
1501
417
-1537
-3262
-4012
-3320
-1626
-323
-337
-1464
-2941
-3890
-3807
-2662
-1013
188
414
-387
-1468
-2007
-1456
20
1536
2351
2135
1292
431
148
831
1944
2696
2678
1993
1082
296
43
278
631
758
478
-139
-911
-1304
-1213
-956
-687
-505
-400
-499
-596
-410
2
414
794
1199
1585
1804
1953
2060
2325
2648
3128
3547
3458
2997
2574
2459
2263
2078
1884
1689
1099
305
-334
-803
-1010
-928
-671
-1003
-1554
-1931
-2055
-1867
-1356
-581
-415
-708
-793
-580
-433
-110
594
945
774
608
488
261
253
716
985
573
242
232
-81
-563
-467
-174
-494
-1033
-1162
-1129
-1291
-1385
-1397
-1556
-1651
-1408
-1551
-2017
-1908
-1284
-1144
-1558
-1574
-1357
-1590
-1773
-1291
-618
396
1785
2427
875
-829
-752
316
981
1822
3137
3138
1405
-779
-2160
-2450
-984
1354
2185
664
-1842
-3901
-4884
-4105
-1626
438
294
-1691
-3855
-4971
-4727
-3155
-1055
420
525
-773
-2471
-3192
-2131
228
2224
2871
2163
961
118
41
1115
2718
3729
3359
2122
1027
406
508
1011
1540
1504
901
-4
-1041
-1331
-757
76
209
-243
-629
-782
-592
-77
649
955
926
1006
1290
1546
1975
2374
2708
2719
2768
3070
3112
4182
4502
3681
2021
1918
2716
2711
2588
1956
1761
801
170
-632
-973
-251
599
655
-701
-1260
-1587
-1599
-875
219
769
-95
-860
-1131
-1009
-614
222
652
288
212
66
-603
-856
-319
286
237
43
-66
-689
-1417
-1221
-649
-911
-1190
-928
-1031
-1546
-1766
-1813
-2152
-2006
-1257
-1080
-1916
-2292
-1892
-1760
-1878
-1540
-1199
-1456
-1424
-843
-227
703
2134
2181
437
-766
47
1081
1499
2329
3406
2817
727
-1266
-2307
-1756
364
2062
1216
-1072
-2991
-4127
-4461
-3197
-1022
-152
-1457
-3400
-4730
-5078
-4213
-2612
-908
33
-377
-1802
-2910
-2484
-757
1191
2254
2270
1660
728
262
627
1925
3250
3542
2662
1382
460
251
738
1291
1534
1148
88
-1181
-1702
-1240
-472
-171
-348
-671
-912
-1051
-789
-190
513
1133
1286
1257
1273
1827
2258
2779
3203
3544
3690
3668
4955
5351
4671
3117
2654
2823
3028
3508
3105
2750
1649
624
-927
-1425
-326
1015
988
-225
-907
-2082
-2665
-1659
-39
923
426
-524
-1399
-1856
-1082
459
1247
1307
1388
660
-731
-804
386
1358
1508
1043
626
-426
-1408
-1282
-757
-564
-273
-504
-1832
-3001
-3056
-2524
-2406
-2203
-2022
-2251
-3340
-3814
-3327
-2738
-2064
-1620
-1551
-2188
-2585
-2125
-1368
-555
771
2696
3360
1578
-656
-903
568
2192
3301
3907
3595
2093
-197
-2397
-2799
-845
1656
1819
-152
-2646
-4839
-6072
-5198
-2619
-790
-1038
-3084
-5411
-6799
-6076
-3689
-1540
-101
341
-730
-2763
-3421
-1634
1049
3040
3828
3311
1922
700
913
2185
3574
4463
4189
2867
1420
723
639
860
1272
1454
834
-471
-1566
-1687
-1333
-1000
-765
-729
-956
-1194
-973
-388
211
776
1153
1339
1594
2145
2695
3079
3703
4171
4310
4037
3998
4085
4241
4324
4067
3473
2626
2332
2001
1452
1202
1196
638
-194
-459
-531
-748
-858
-663
-632
-1177
-1322
-1155
-1150
-862
-295
-4
-322
-312
92
359
513
842
1256
1011
735
875
780
704
882
775
32
-458
-295
-425
-978
-1277
-1390
-1986
-2766
-2640
-2239
-2319
-2609
-3061
-3640
-3831
-3267
-2867
-2954
-2891
-2351
-2509
-3018
-2808
-1883
-1212
-1095
-723
111
2149
3374
2421
-27
-388
1421
2700
2951
3619
4399
3138
241
-2183
-2613
-989
1374
1821
-6
-2782
-4895
-6321
-6105
-3878
-1305
-1038
-3465
-6113
-7185
-6297
-4212
-1818
188
752
-685
-2836
-3324
-1183
2025
4290
4667
3730
2533
1585
1461
2637
4457
5583
4897
2914
1008
154
387
829
1181
1187
466
-1287
-2887
-2983
-1983
-1252
-1181
-1420
-1462
-1315
-1155
-843
-140
1070
1965
2117
2122
2774
3618
3947
4271
5184
6004
6422
5875
4830
4208
4440
4991
4921
4528
3820
2715
1189
80
-14
142
460
817
187
-1368
-2732
-3021
-2259
-1072
-49
87
-987
-2077
-2090
-1365
-266
904
1436
1014
348
-244
-494
-53
902
1679
1429
513
-379
-1075
-1395
-1048
-613
-802
-1435
-2189
-2923
-3484
-3453
-3084
-2891
-3110
-3433
-3780
-4060
-3927
-3672
-3435
-3260
-2800
-2667
-2867
-2653
-2121
-1645
-1385
-729
76
1622
3799
4393
2275
-230
441
2710
3731
4094
4971
4842
2503
-722
-2728
-2445
169
2519
1949
-1086
-4145
-6211
-7185
-5656
-2320
-231
-1570
-4766
-7385
-7808
-5592
-2506
6
1262
693
-1651
-3777
-2729
866
4051
5260
4713
3142
1360
868
2050
3812
5240
5316
3720
1375
-349
-485
98
936
1398
725
-969
-2894
-3629
-3042
-1941
-1117
-1076
-1444
-1898
-1930
-1351
-543
780
2029
2485
2258
2087
2724
3602
4607
5612
6429
6724
6167
5282
4574
4714
5453
5657
4950
3938
3053
1921
664
193
540
733
478
-80
-1067
-2416
-2925
-2015
-914
-421
-388
-731
-1646
-2207
-1422
-136
618
1105
1307
785
-89
-341
132
812
1607
2042
1335
-225
-1157
-1191
-1234
-1028
-488
-781
-2088
-3402
-3963
-4240
-4311
-3553
-2902
-3185
-4100
-4796
-5302
-5209
-4250
-3308
-2911
-2966
-2945
-3104
-3324
-2863
-1618
-411
464
887
1842
3391
3981
2457
593
1420
3598
4697
4246
4008
3817
2243
-425
-2256
-2063
-133
1377
302
-2504
-4871
-6310
-6722
-5497
-3037
-1341
-2642
-5426
-7181
-6682
-4480
-2115
-235
897
740
-883
-2328
-1099
2121
4816
5543
4765
3932
2975
2528
3001
4204
5464
5380
3743
1555
139
230
461
652
669
148
-1230
-3082
-3658
-2890
-1788
-1281
-1450
-1734
-1838
-1500
-917
-195
1160
2415
2708
2370
2462
3537
4530
5494
6492
6984
6520
5792
5589
5680
5958
5988
5305
3942
2877
2220
1540
927
980
842
-321
-1560
-1897
-1855
-2015
-1664
-1058
-1262
-1810
-1838
-1619
-1506
-1166
-325
133
227
440
550
65
-187
418
877
881
1078
984
16
-1240
-1739
-1408
-1125
-903
-1185
-2206
-3558
-4301
-4450
-4321
-3702
-2980
-3124
-4046
-5024
-5476
-5169
-4168
-2948
-2435
-2624
-2991
-3286
-3408
-2739
-1025
394
958
606
1087
2985
3975
2692
794
1490
3291
3753
3345
3670
3980
2579
-82
-2290
-2844
-1128
890
519
-1781
-4026
-5801
-6989
-6212
-3508
-1275
-1800
-4225
-6499
-6978
-5137
-2474
-369
1185
1692
158
-2074
-1628
1383
4318
5541
5337
4553
3247
2362
2563
3735
5308
5620
4013
1767
314
159
302
547
501
31
-1027
-2704
-3627
-3253
-2257
-1591
-1633
-1827
-1761
-1403
-837
-97
1145
2323
3066
3210
3410
4238
5260
6347
7242
7653
7387
6759
6466
6372
6302
6066
5281
4075
2967
2547
1794
752
248
18
-819
-2078
-2332
-1888
-2062
-2579
-2443
-2337
-2466
-1862
-1118
-1028
-1227
-1171
-718
-262
479
1362
1334
634
344
220
29
632
1426
950
-486
-1556
-1854
-2114
-2280
-1893
-1928
-2869
-4038
-4843
-5337
-5065
-4140
-3725
-4191
-4996
-5390
-5486
-5212
-4200
-3184
-2778
-2998
-3172
-3239
-2904
-1526
-6
729
742
1815
3717
4054
2034
624
1784
3282
3493
3659
4321
4187
2105
-980
-3173
-3150
-623
1340
467
-1965
-4185
-6321
-7314
-5673
-2431
-698
-1796
-4035
-6061
-6377
-4346
-1632
629
2110
2347
459
-1750
-903
2146
4760
5614
5647
5058
3405
2350
2531
3814
5318
5377
3829
1609
482
420
132
41
170
39
-1188
-2781
-3323
-3060
-2233
-1817
-1850
-1701
-1389
-865
-644
-95
1296
2449
3163
3406
3874
4432
4979
5754
6390
7052
7063
6822
6243
5461
5068
5008
4627
3893
3186
2561
1424
195
-338
-384
-570
-978
-861
-1125
-2016
-2251
-1940
-1712
-1118
-615
-319
-522
-711
-443
-491
-154
986
1715
1156
412
245
-143
-210
275
571
367
-492
-1125
-2085
-3052
-2864
-2465
-2606
-3277
-3916
-4564
-5280
-5393
-5122
-4619
-4360
-4357
-4570
-5339
-5536
-4751
-3873
-3569
-3567
-2890
-2451
-2367
-1871
-859
1646
3979
3930
1193
-839
561
2552
3036
3622
4890
4787
1621
-1948
-3358
-2320
401
1958
858
-1766
-4289
-6169
-6556
-4583
-1144
166
-1812
-4722
-6278
-5536
-3352
-1225
748
1966
1500
-536
-1428
300
2820
4576
4967
4927
4571
3761
3305
3290
4045
4793
4333
3228
2239
1750
902
-115
-262
-291
-476
-1167
-1969
-2470
-2696
-2412
-2344
-2134
-1434
-849
-649
-837
-199
1088
1985
2687
3279
4085
4494
4681
5179
5933
6751
6851
6245
5698
5503
5503
5111
4586
4058
3400
2450
1096
309
392
370
-229
-965
-1149
-1318
-1929
-1913
-1285
-920
-1058
-1114
-869
-521
110
518
452
376
533
682
641
1065
1746
1547
667
-40
-191
-178
-237
-378
-800
-1709
-2840
-3640
-3879
-3679
-3239
-3324
-4052
-5095
-5705
-5620
-5151
-4385
-3844
-4068
-4684
-5157
-4938
-4319
-3519
-2788
-2470
-2072
-1875
-483
1643
2328
832
-826
-143
1403
1757
2265
3296
3405
1418
-1227
-2716
-2395
-122
1608
926
-1342
-3607
-5392
-5876
-4077
-1059
81
-1398
-3711
-5365
-5502
-3649
-958
824
1344
730
-819
-1716
-280
2417
4264
4472
4064
3398
2628
2787
3638
4394
4509
3916
3004
2016
1512
1288
884
456
33
-155
-429
-866
-1232
-1690
-1763
-1540
-1135
-686
-227
143
-44
37
763
1670
2609
3161
3685
4048
3957
4146
4636
5188
5445
5430
5202
4842
4707
4650
4288
3547
2770
2410
1848
1140
1072
859
97
-693
-934
-1137
-1370
-1058
-494
-479
-1003
-1132
-892
-725
86
807
843
693
674
739
648
928
1577
1744
1438
878
370
-146
-258
-176
-581
-961
-1467
-2146
-3000
-3809
-4049
-4041
-3992
-3940
-4180
-4616
-5129
-5470
-5569
-5314
-4505
-3903
-3962
-4503
-4780
-4330
-3682
-2882
-2234
-327
2251
2706
86
-2475
-1644
658
1874
2901
4069
3859
1300
-1992
-3951
-3430
-281
2495
2017
-636
-3431
-6188
-7447
-5413
-1150
1025
-600
-3479
-5774
-6454
-4693
-1805
844
2177
1934
-215
-2339
-1245
1851
4453
5458
5486
4840
3217
2459
2926
4164
5461
5265
4085
2643
1901
1422
591
381
296
99
-401
-1138
-1626
-2240
-2446
-2326
-2059
-1309
-546
-21
-138
-61
690
1314
1867
2512
3525
4366
4239
4098
4317
4839
5248
5183
5353
5522
5195
4231
3484
3236
3268
3195
2279
1123
716
326
-328
-832
-529
-98
-681
-1330
-1233
-924
-936
-496
202
294
345
716
824
906
1158
1736
1747
1430
1860
2004
1509
1081
940
399
-236
-84
104
-443
-1516
-2489
-2860
-3319
-3467
-3307
-3771
-4345
-4688
-5081
-5424
-5256
-4494
-4218
-4658
-4988
-4824
-4713
-4746
-4326
-3376
-2837
-2586
-2707
-2260
312
2901
2238
-1037
-1917
-171
770
930
2603
4557
3600
51
-3154
-4779
-3283
264
2089
858
-1646
-4140
-6757
-7096
-3954
-179
402
-1750
-3877
-5443
-5438
-3347
-827
1270
2361
1854
-88
-988
744
3043
4332
4813
5387
5079
3765
3126
3506
4264
4438
3955
3475
2920
2329
1077
-455
-1113
-814
-357
-782
-1475
-2052
-2670
-3118
-3140
-2205
-820
301
478
-69
19
804
1542
2443
3702
4825
4866
4384
4458
4847
5238
5632
5850
5607
5076
4834
4154
3029
2421
2420
2260
1330
690
433
-392
-1298
-1366
-924
-760
-834
-703
-988
-1300
-807
-94
402
749
1202
1371
860
939
1661
2113
2256
2578
2719
1957
1292
1214
1032
721
376
277
-382
-1696
-2359
-2731
-3189
-3632
-3826
-3945
-4536
-5061
-5513
-5852
-5726
-5300
-4955
-5110
-5272
-4980
-4997
-5180
-4761
-3701
-2837
-2608
-2191
-2035
-1073
1555
3434
2173
-328
-430
820
873
1370
3743
5121
3100
-507
-3396
-4680
-3209
93
1675
164
-2591
-5604
-7958
-7560
-3951
-710
-928
-2887
-4637
-5887
-5606
-3454
-316
2061
2939
2129
397
361
2268
4242
5192
5708
6465
6118
4938
4156
4321
4905
4637
4134
3715
3201
2198
505
-709
-1170
-1129
-1129
-1711
-2245
-2694
-3013
-3343
-3386
-2514
-1301
-383
114
501
979
1296
1851
2871
4028
4950
5232
5320
5491
5474
5250
5083
5464
5719
5214
4331
3649
2913
1936
1372
1057
436
-150
-448
-929
-1581
-1604
-1201
-1531
-1945
-1360
-787
-907
-522
588
934
554
630
1093
1416
1876
2424
2647
2250
1971
1813
1262
1087
1361
1177
220
-446
-698
-1557
-2654
-3028
-2868
-3264
-3832
-3900
-4056
-4624
-5113
-5118
-5056
-4927
-4350
-4086
-4443
-4744
-4445
-4018
-3907
-3295
-2626
-2489
-2671
-2387
-1818
-956
1699
4137
3281
-190
-1665
-330
844
1575
3479
4970
3378
-443
-3645
-5237
-4012
-461
1590
333
-2580
-5491
-8139
-8493
-5393
-1411
-703
-2630
-4446
-5886
-6150
-4336
-1224
1656
3116
2837
1253
438
1586
3619
5248
6018
6737
6735
5600
4404
4219
5007
5018
4373
4058
3421
2155
661
-120
-534
-1009
-1346
-2029
-2572
-2567
-2366
-2551
-2974
-2650
-2054
-1463
-545
870
2106
2315
2209
2430
3148
4332
5347
6165
6884
6972
6100
5026
4846
5485
6068
5889
4921
3527
1900
594
17
-21
172
164
-609
-2193
-3359
-3164
-2541
-2147
-1420
-704
-808
-1365
-1165
-370
333
1008
1735
2030
1821
1693
1779
1767
2169
2669
2270
1410
1053
996
212
-758
-854
-876
-1697
-2871
-3537
-3751
-4152
-4522
-4729
-4891
-5091
-5281
-5441
-5650
-5455
-4839
-4601
-4853
-4838
-4209
-3602
-3487
-3250
-2904
-2609
-2183
-1341
-822
-32
2485
4633
3238
-93
-754
884
1690
2285
3993
4692
2578
-708
-3135
-4496
-3727
-740
1008
-321
-2930
-5642
-7933
-8183
-5199
-1717
-1345
-2882
-4138
-5317
-5849
-4297
-785
2109
3241
2924
1631
946
1910
3960
5573
6419
7152
6773
5364
4391
4789
5464
4886
4081
3627
3056
2255
1221
328
-603
-1415
-1930
-2352
-2288
-1777
-1564
-2237
-3008
-2849
-2183
-1010
631
2096
2800
2313
1727
2062
3295
4950
6216
6835
6984
6277
4999
4069
4754
6156
6609
5826
4233
2442
708
188
863
1298
1053
126
-1441
-2976
-3241
-2097
-1144
-739
-495
-893
-1944
-2541
-1458
174
1044
1535
1596
1057
396
412
1163
1784
1987
1692
1014
316
-28
-226
-864
-1266
-1198
-1485
-2242
-3251
-3768
-4134
-4613
-4705
-4513
-4322
-4507
-4855
-5221
-5580
-5405
-4793
-4229
-4033
-3908
-3800
-4096
-4226
-3493
-2514
-2022
-1901
-1465
-1291
-1028
1153
4123
4481
1399
-872
-338
737
1640
3575
5502
4513
804
-2835
-5123
-4854
-1617
1791
1800
-1394
-5169
-8007
-8681
-6257
-2238
-221
-1062
-3066
-5268
-6331
-5008
-1554
1952
3944
4106
2568
917
1072
2943
5129
6838
7857
7401
6054
4970
4360
4303
4491
4790
4680
3920
2671
1087
-211
-1090
-1610
-1813
-1548
-1118
-1488
-2398
-3002
-2993
-2806
-2208
-685
1086
2208
2213
1537
1386
2135
3490
4929
6352
7243
6918
5761
4670
4770
5778
6706
6913
6150
4779
2835
1175
793
1401
1888
1279
-48
-1584
-2893
-3376
-2693
-1401
-809
-1177
-1769
-2357
-2582
-1969
-522
712
934
621
258
-270
-270
729
1728
1577
810
453
89
-560
-848
-691
-719
-1212
-1770
-2615
-3632
-3989
-3972
-4204
-4518
-4460
-4408
-5074
-5662
-5602
-5302
-5106
-4995
-4594
-4345
-4388
-4547
-4665
-4427
-3813
-2998
-2371
-2145
-1914
-2042
-1731
743
4068
4892
2048
-667
-729
398
1811
3851
5878
5310
1678
-2531
-5081
-4453
-1088
2466
3091
81
-4408
-7860
-8174
-5557
-1848
576
211
-2150
-5085
-6210
-4581
-1449
2193
4584
4493
2028
-198
222
2465
5084
6931
7679
6947
5173
3779
3344
4062
5037
5242
4577
3274
2055
922
-83
-641
-761
-602
-636
-1105
-1678
-1967
-2171
-2403
-2268
-1565
-311
993
1753
1800
1456
1535
2209
3171
4403
5715
6358
5943
5085
4715
5101
5843
6573
6725
5836
4509
3266
2323
1866
1955
2025
1375
377
-661
-1599
-2104
-1744
-926
-963
-1622
-1952
-2012
-2193
-1884
-652
151
-114
-700
-861
-689
-304
448
931
685
42
-547
-960
-912
-454
-202
-721
-1813
-2807
-3484
-3710
-3529
-3316
-3505
-4276
-5132
-5782
-6064
-5753
-5258
-5066
-5314
-5703
-5831
-5671
-5239
-4912
-4851
-4673
-4077
-3518
-3290
-2848
-2213
-1980
-1718
-976
925
3665
5206
3678
307
-932
695
2770
4117
5456
6023
3687
-439
-3311
-3595
-1725
1128
3264
2428
-1417
-5657
-7289
-5796
-2649
420
1576
157
-2774
-4864
-4680
-2686
838
4339
5556
3623
750
-119
1141
3404
5707
7115
6832
4906
3199
2486
2820
3552
4047
4175
3380
1980
452
-529
-739
-707
-584
-663
-857
-1163
-1655
-1954
-2039
-1779
-1196
-371
739
1646
2073
2088
2046
2176
2550
3660
5162
6083
6142
5924
5806
5512
5247
5751
6379
6209
5362
4332
3162
2073
1830
1925
1592
1076
498
-285
-1282
-1677
-1515
-1700
-1773
-1386
-1081
-1455
-1985
-1868
-1663
-1516
-1259
-878
-461
-442
-703
-1024
-1131
-1056
-942
-656
-509
-907
-1700
-2358
-2541
-2787
-3077
-3076
-3193
-3642
-4355
-4923
-5363
-5690
-5578
-5360
-5335
-5389
-5403
-5565
-5999
-6220
-6023
-5524
-4715
-3818
-3196
-3211
-3503
-3590
-3225
-2205
-802
289
530
260
186
1427
3674
5010
3880
1784
1101
1704
2609
3718
5213
5503
3146
-482
-2929
-2853
-646
2493
4169
2428
-1978
-5716
-5915
-3205
205
2212
2093
-137
-3236
-4566
-3281
-403
2472
4243
4182
1897
-500
-661
1424
3828
5123
5467
4691
3113
1775
1741
2750
3358
3447
3187
2641
1839
884
347
130
10
-100
-68
194
302
-10
-574
-874
-797
-471
361
1517
2290
2231
1741
1460
1613
2448
4031
5551
5968
5444
4763
4206
3948
4364
5309
5896
5523
4385
3033
1960
1613
2104
2603
2468
1687
437
-948
-1795
-1647
-1116
-840
-895
-1294
-2037
-2974
-3439
-3124
-2300
-1535
-1396
-1656
-2103
-2588
-2875
-2633
-1803
-1100
-883
-1296
-2135
-2953
-3398
-2980
-2269
-2003
-2325
-3140
-4102
-4975
-5225
-4927
-4623
-4591
-4972
-5574
-6331
-6859
-6786
-6421
-5865
-5404
-5060
-4996
-5195
-4957
-4077
-2949
-2195
-1797
-1315
-911
-558
-193
318
1114
1854
2401
2466
2835
4019
4892
4358
2737
1890
2216
3043
3904
4640
4860
3552
1261
-699
-899
514
2127
3102
2811
1218
-1498
-3396
-2665
-74
2225
2204
632
-1296
-2540
-2334
-932
1165
2522
2717
1727
90
-890
-428
1516
3329
4007
3535
2298
1212
829
1614
2707
3221
3091
2424
1654
856
473
872
1600
1795
1193
551
325
296
458
940
1365
1210
922
1080
1619
2256
2877
3129
2815
2468
2528
3062
3769
4441
4502
3868
3172
2870
2967
3243
3626
3566
2775
1723
1038
868
969
1214
1347
944
-56
-958
-1302
-1303
-1248
-1226
-1242
-1466
-1986
-2659
-3242
-3446
-3251
-2936
-2728
-2734
-3031
-3776
-4606
-4919
-4625
-4064
-3721
-3621
-3825
-4508
-5173
-5237
-4601
-4049
-3943
-4018
-4281
-4783
-5276
-5071
-4331
-3870
-3837
-3931
-4071
-4244
-4298
-3621
-2732
-2184
-2131
-2290
-2135
-2039
-1611
-1119
-438
4
115
300
526
816
877
1255
1735
2154
2261
2295
2405
2528
2505
2534
2849
3021
3156
3314
3602
3453
2828
2456
2579
2930
3122
3544
3941
3586
2643
1806
1558
1617
1852
2448
2992
2819
1550
78
-587
-287
510
1302
1620
939
-506
-1549
-1524
-727
232
859
867
172
-767
-1373
-1254
-363
690
1282
1169
554
-54
-243
357
1412
2092
2155
1930
1567
1211
1410
2275
3009
3005
2550
2214
2138
2338
2730
2844
2487
2043
1821
1840
2050
2314
2312
1908
1287
786
730
1165
1784
2032
1733
1205
732
587
786
1169
1339
1121
684
149
-178
-206
-133
-246
-698
-1243
-1556
-1765
-2074
-2557
-3029
-3439
-3892
-4254
-4470
-4582
-4884
-5355
-5843
-6254
-6449
-6311
-5988
-5745
-5723
-5843
-5887
-5756
-5376
-4923
-4386
-3912
-3556
-3271
-3016
-2633
-2225
-1839
-1473
-1115
-762
-456
-240
-184
-185
-92
81
298
527
742
796
619
338
166
262
720
1331
1632
1415
1000
794
909
1360
1892
2285
2456
2427
2277
2163
2273
2539
2933
3399
3631
3448
3056
2916
2976
3060
3323
3577
3510
3045
2553
2176
1828
1742
1939
2005
1604
1020
591
224
-120
-196
29
294
314
93
-220
-583
-743
-652
-413
-14
491
810
457
-191
-268
270
810
1077
1503
1948
1865
1351
1010
1330
1947
2380
2528
2413
2052
1333
783
963
1612
1973
1610
985
496
71
-271
-329
51
315
112
-264
-535
-613
-615
-363
89
356
312
101
-103
-259
-244
-115
62
197
261
108
-446
-1034
-1345
-1369
-1356
-1559
-1902
-2293
-2811
-3481
-4021
-4161
-4144
-4222
-4410
-4557
-4582
-4631
-4658
-4673
-4642
-4369
-3911
-3414
-3125
-2980
-2886
-2718
-2291
-1690
-1141
-815
-568
-360
-308
-382
-348
-120
225
509
600
471
260
165
263
380
417
487
565
448
295
287
354
349
306
352
291
166
198
409
613
649
685
645
615
802
1076
1275
1368
1584
1780
1687
1614
1868
2282
2449
2273
1970
1802
1927
2203
2342
2232
2007
1707
1287
1048
1156
1438
1519
1298
952
544
286
339
561
742
710
541
355
246
328
511
719
929
1152
1293
1186
995
1003
1279
1612
1811
1962
2011
1833
1459
1261
1505
1925
2128
1979
1618
1145
789
775
1053
1305
1298
1019
568
157
19
173
415
620
607
251
-246
-524
-506
-378
-276
-340
-560
-754
-886
-1109
-1418
-1559
-1592
-1778
-2087
-2241
-2213
-2333
-2714
-3142
-3421
-3522
-3473
-3338
-3204
-3261
-3596
-4010
-4127
-3940
-3661
-3403
-3153
-3008
-3211
-3503
-3518
-3176
-2613
-2052
-1751
-1791
-1857
-1720
-1443
-1130
-824
-614
-549
-467
-129
307
525
658
925
1242
1419
1585
1991
2502
2808
2833
2793
2783
2827
2983
3204
3304
3243
3168
3093
2881
2620
2560
2576
2457
2169
1847
1611
1378
1117
914
786
660
462
226
-3
-194
-284
-190
-18
-56
-270
-368
-312
-342
-461
-395
-175
-104
-235
-432
-494
-395
-313
-335
-402
-322
-195
-142
-146
-198
-246
-232
-118
51
226
359
340
191
141
277
535
795
953
925
697
489
491
810
1297
1538
1375
1077
938
924
974
1202
1560
1779
1685
1448
1308
1392
1632
1802
1796
1749
1649
1301
874
745
836
686
325
59
-131
-514
-971
-1215
-1371
-1555
-1744
-1944
-2256
-2638
-2854
-2928
-2932
-2843
-2788
-2913
-3129
-3157
-3060
-2922
-2611
-2218
-2015
-2120
-2257
-2248
-2033
-1573
-1010
-720
-837
-1187
-1449
-1386
-966
-427
-250
-478
-876
-1164
-1219
-948
-393
39
-20
-469
-822
-818
-482
25
608
1060
1118
830
628
858
1356
1882
2280
2426
2216
1853
1781
2097
2526
2802
2832
2634
2292
1983
1870
1989
2103
1997
1677
1240
774
364
277
412
344
37
-264
-511
-792
-903
-650
-426
-565
-852
-937
-813
-670
-542
-438
-410
-436
-479
-407
-219
29
258
324
193
-86
-217
15
413
575
384
139
46
80
162
264
383
364
133
-144
-299
-310
-274
-214
-171
-210
-341
-512
-583
-428
-175
-106
-211
-203
-59
20
85
278
546
676
645
641
697
739
758
691
567
397
324
360
341
230
-60
-412
-728
-973
-1125
-1203
-1242
-1346
-1598
-1832
-1842
-1708
-1692
-1848
-1905
-1858
-1778
-1667
-1517
-1366
-1433
-1529
-1459
-1150
-720
-486
-458
-536
-628
-660
-493
-17
439
492
181
-149
-172
21
323
631
793
724
455
294
337
495
733
1015
1217
1211
1146
1171
1178
1198
1344
1582
1723
1695
1632
1591
1568
1543
1582
1757
1945
1965
1813
1674
1593
1460
1324
1311
1332
1227
1021
814
623
444
307
248
151
-79
-349
-551
-674
-733
-817
-948
-1018
-1021
-1043
-1124
-1178
-1215
-1266
-1210
-1028
-847
-792
-855
-944
-1032
-994
-766
-477
-364
-474
-642
-792
-813
-590
-190
90
46
-146
-319
-406
-367
-148
151
207
47
-122
-197
-131
-16
77
82
89
110
64
-48
-110
6
80
54
53
111
97
-83
-306
-442
-394
-293
-226
-245
-423
-701
-994
-1061
-920
-763
-648
-713
-924
-1183
-1290
-1112
-787
-490
-383
-479
-693
-841
-695
-282
168
440
369
26
-340
-424
-138
274
460
340
109
-100
-270
-306
-65
244
300
61
-116
-6
196
352
433
501
494
494
702
997
1231
1296
1218
1139
1174
1428
1760
2008
2095
1985
1792
1651
1780
2156
2500
2623
2513
2305
2180
2232
2360
2403
2293
2067
1779
1562
1498
1504
1436
1179
811
424
139
1
14
55
-179
-582
-956
-1112
-1105
-1097
-1073
-1147
-1275
-1426
-1535
-1462
-1294
-1219
-1270
-1340
-1305
-1214
-1168
-1180
-1142
-1011
-945
-1042
-1193
-1130
-918
-868
-986
-1093
-1096
-1079
-1059
-1058
-1078
-1054
-1029
-1032
-1075
-1091
-1028
-978
-910
-788
-739
-815
-858
-805
-704
-570
-450
-449
-613
-793
-845
-766
-657
-601
-648
-817
-1036
-1167
-1165
-1086
-1033
-1029
-1083
-1259
-1430
-1468
-1335
-1180
-1144
-1132
-1146
-1135
-1027
-771
-502
-361
-282
-218
-147
-30
271
689
952
987
905
846
888
1047
1279
1463
1513
1388
1190
1112
1191
1353
1497
1580
1565
1429
1325
1295
1327
1409
1547
1717
1750
1632
1509
1439
1447
1551
1709
1839
1852
1717
1495
1324
1305
1424
1596
1756
1800
1616
1317
1197
1381
1661
1812
1853
1801
1565
1316
1242
1399
1617
1636
1446
1108
744
496
415
445
444
240
-106
-452
-697
-858
-998
-1109
-1150
-1161
-1307
-1475
-1581
-1623
-1677
-1802
-1848
-1805
-1727
-1681
-1689
-1694
-1703
-1739
-1747
-1613
-1413
-1305
-1304
-1312
-1327
-1367
-1364
-1272
-1149
-1028
-990
-1081
-1218
-1317
-1256
-1113
-986
-945
-972
-1023
-1131
-1251
-1235
-1004
-736
-694
-896
-1162
-1317
-1345
-1275
-1106
-920
-871
-1070
-1360
-1547
-1549
-1390
-1156
-1008
-1084
-1296
-1473
-1472
-1285
-992
-753
-727
-858
-951
-895
-699
-467
-279
-192
-176
-195
-157
18
278
411
340
276
342
477
565
686
802
799
704
668
747
917
1158
1410
1524
1430
1368
1476
1678
1846
2067
2362
2548
2462
2301
2320
2452
2578
2694
2859
2906
2756
2560
2469
2434
2360
2286
2266
2315
2308
2141
1892
1745
1751
1752
1770
1810
1800
1676
1517
1461
1504
1626
1766
1822
1685
1400
1175
1099
1215
1374
1315
1018
626
318
126
69
144
118
-144
-585
-1071
-1373
-1427
-1310
-1263
-1452
-1785
-2085
-2313
-2463
-2405
-2237
-2214
-2393
-2630
-2744
-2676
-2481
-2273
-2201
-2184
-2213
-2259
-2245
-2054
-1721
-1522
-1514
-1595
-1613
-1538
-1390
-1203
-1088
-1094
-1168
-1244
-1300
-1308
-1308
-1327
-1352
-1414
-1494
-1611
-1710
-1754
-1775
-1826
-1878
-1906
-1949
-1992
-2015
-1963
-1842
-1722
-1606
-1529
-1473
-1355
-1135
-854
-618
-441
-278
-112
66
208
338
487
631
769
870
931
948
896
893
963
1017
1039
1026
1024
971
887
841
856
945
1053
1156
1201
1223
1300
1412
1527
1659
1831
1968
2043
2120
2227
2329
2373
2412
2558
2750
2844
2853
2821
2758
2678
2567
2511
2498
2476
2393
2228
2080
1947
1802
1603
1476
1446
1400
1295
1185
1093
957
809
771
853
931
922
851
760
664
629
678
780
885
906
790
563
398
407
510
548
451
259
33
-176
-322
-374
-336
-315
-466
-754
-1064
-1244
-1286
-1281
-1259
-1302
-1502
-1795
-2020
-2072
-1985
-1885
-1845
-1882
-1976
-2097
-2160
-2105
-1969
-1857
-1840
-1853
-1815
-1751
-1752
-1791
-1818
-1836
-1858
-1857
-1788
-1759
-1843
-2039
-2217
-2278
-2229
-2155
-2134
-2192
-2366
-2636
-2843
-2833
-2634
-2390
-2262
-2307
-2459
-2588
-2531
-2235
-1829
-1547
-1498
-1510
-1462
-1311
-1059
-749
-407
-141
12
64
85
180
395
688
960
1131
1176
1152
1115
1129
1206
1356
1504
1577
1579
1519
1437
1406
1498
1679
1833
1837
1768
1775
1868
1982
2128
2296
2374
2279
2180
2244
2416
2582
2684
2753
2738
2631
2558
2579
2640
2669
2661
2615
2504
2373
2301
2266
2202
2146
2064
1948
1815
1701
1645
1585
1508
1372
1197
1106
1039
918
769
704
699
620
491
391
310
188
55
-11
-34
-36
-101
-319
-544
-624
-588
-535
-505
-531
-692
-940
-1129
-1204
-1161
-1080
-1055
-1178
-1393
-1580
-1650
-1614
-1566
-1542
-1611
-1764
-1949
-2059
-2027
-1927
-1850
-1858
-1919
-1967
-2013
-2030
-1995
-1937
-1871
-1832
-1831
-1839
-1835
-1826
-1800
-1807
-1806
-1781
-1728
-1702
-1780
-1895
-2003
-2029
-1983
-1877
-1790
-1767
-1801
-1909
-2002
-2022
-1917
-1725
-1556
-1480
-1457
-1435
-1381
-1265
-1092
-884
-774
-700
-578
-442
-371
-349
-288
-184
-20
193
399
483
488
468
488
598
793
1007
1144
1219
1169
1101
1092
1258
1531
1715
1778
1754
1729
1729
1824
1990
2177
2233
2171
2106
2105
2183
2256
2306
2308
2246
2147
2086
2142
2221
2218
2148
2101
2060
2008
1975
1973
1992
1940
1833
1776
1777
1807
1798
1704
1651
1605
1554
1500
1467
1472
1429
1329
1213
1176
1146
1126
1101
1018
892
772
687
612
483
361
281
181
37
-98
-155
-231
-182
-207
-402
-692
-816
-847
-854
-855
-883
-812
-967
-1172
-1380
-1432
-1353
-1267
-1332
-1481
-1584
-1657
-1720
-1828
-1773
-1729
-1739
-1873
-2119
-2217
-2130
-2026
-2056
-2084
-2064
-2028
-2106
-2205
-2326
-2425
-2416
-2331
-2164
-2186
-1786
-1454
-1593
-2335
-2698
-2484
-2305
-2311
-2452
-1852
-1440
-1264
-1695
-1902
-1872
-1517
-953
-709
-416
-377
-356
-692
-670
-352
101
369
366
317
208
7
-165
94
507
833
953
812
667
923
967
871
862
1120
1285
1184
1214
1534
1814
1841
1847
1579
1426
1445
1651
2113
2333
2373
2298
1979
1788
1896
2056
2340
2554
2514
2308
1922
1719
1682
1737
1946
2165
2151
1923
1544
1019
858
981
1289
1368
1273
1311
1069
869
607
576
677
789
921
923
897
768
734
562
525
538
502
633
819
906
761
465
219
159
240
382
437
461
225
-222
-513
-582
-503
-454
-385
-383
-578
-946
-1175
-1110
-1014
-834
-653
-686
-915
-1176
-1248
-1151
-933
-731
-597
-704
-950
-1135
-1210
-1190
-1183
-1181
-1309
-1478
-1650
-1650
-1564
-1548
-1649
-1824
-1983
-2153
-2188
-2096
-1952
-1919
-1994
-2159
-2318
-2406
-2371
-2173
-2034
-1905
-1838
-1813
-1889
-1919
-1790
-1553
-1298
-1171
-1090
-1106
-1170
-1157
-1007
-837
-671
-561
-516
-523
-586
-601
-541
-385
-189
-22
64
168
301
364
450
538
746
941
1090
1223
1357
1496
1608
1746
1883
1994
2050
2031
1966
1965
2039
2144
2169
2158
2068
1923
1832
1835
1883
1910
1827
1621
1441
1290
1296
1334
1337
1299
1219
1053
915
944
992
1042
998
951
926
859
876
976
1068
1015
892
798
742
699
718
748
684
613
498
345
284
262
187
62
-42
-95
-133
-251
-302
-301
-379
-382
-402
-392
-348
-333
-391
-471
-543
-544
-521
-471
-372
-375
-441
-540
-508
-409
-371
-372
-435
-537
-587
-638
-629
-567
-549
-612
-750
-853
-892
-884
-871
-838
-887
-915
-947
-1050
-1108
-1184
-1311
-1345
-1275
-1167
-1194
-1394
-1533
-1561
-1602
-1639
-1536
-1430
-1374
-1412
-1533
-1608
-1569
-1493
-1317
-1181
-1116
-1113
-1191
-1148
-1060
-1015
-975
-833
-760
-689
-602
-553
-454
-402
-365
-298
-221
-175
-63
69
120
127
162
339
562
716
799
906
1018
1098
1122
1258
1432
1508
1477
1458
1563
1712
1776
1723
1641
1615
1633
1636
1619
1648
1675
1607
1467
1335
1320
1312
1274
1207
1109
1009
929
865
800
771
768
766
707
557
533
604
651
627
564
509
513
526
590
637
572
489
360
265
228
213
274
312
231
118
-60
-184
-181
-96
-41
-26
-88
-188
-294
-386
-342
-269
-211
-184
-210
-248
-237
-243
-192
-111
-97
-65
-122
-195
-275
-295
-286
-199
-158
-190
-300
-494
-548
-520
-438
-439
-450
-538
-613
-686
-803
-813
-803
-760
-766
-814
-806
-775
-832
-898
-926
-924
-893
-861
-788
-794
-895
-998
-974
-910
-819
-717
-711
-767
-885
-954
-866
-731
-662
-614
-647
-704
-755
-734
-595
-509
-460
-444
-429
-414
-374
-307
-242
-197
-152
-133
-75
35
125
229
264
318
421
505
576
647
688
750
807
833
873
942
1029
1101
1047
1024
1101
1073
1060
1052
1054
1032
947
883
950
956
898
867
774
691
567
465
485
535
517
423
241
185
204
147
197
206
178
167
128
123
135
115
131
175
143
98
53
-2
15
96
52
30
28
48
47
-17
-43
-30
-54
-94
-139
-155
-15
52
-35
-107
-134
-162
-146
-161
-68
16
-61
-146
-179
-188
-191
-159
-145
-126
-80
-156
-197
-233
-254
-198
-219
-310
-357
-353
-369
-365
-381
-378
-379
-460
-491
-499
-499
-443
-434
-463
-515
-539
-495
-446
-452
-516
-533
-569
-645
-684
-692
-617
-505
-462
-478
-516
-493
-479
-444
-378
-299
-267
-296
-411
-487
-466
-355
-235
-182
-101
-112
-215
-332
-341
-191
-38
29
56
36
-5
2
18
88
196
254
273
276
292
329
391
504
608
653
625
598
614
638
652
648
655
583
534
513
542
631
639
582
486
420
361
323
302
326
378
292
179
113
73
60
78
99
97
17
-43
-37
-36
-36
-67
-28
-21
-60
-100
-49
12
16
18
-46
-83
-114
-140
-68
5
52
72
22
-41
-102
-162
-140
-10
125
175
104
51
51
30
-3
29
46
69
107
103
158
210
180
136
84
6
24
-12
3
59
51
8
-36
-46
-108
-124
-117
-74
-78
-111
-109
-125
-109
-141
-173
-160
-152
-200
-246
-250
-220
-186
-173
-169
-143
-158
-219
-236
-204
-201
-209
-196
-182
-129
-117
-149
-158
-164
-157
-149
-147
-104
-81
-106
-140
-139
-74
-16
-14
-24
-14
6
-18
-17
-5
67
127
85
65
89
131
134
116
136
165
213
218
191
227
241
244
247
295
338
360
278
196
162
173
205
213
293
298
192
59
15
57
122
134
102
101
75
-17
-84
-80
-49
-49
-81
-67
-101
-178
-168
-99
-34
-36
-90
-139
-151
-138
-114
-70
-42
-43
-66
-91
-105
-122
-73
-38
-17
-29
-45
-46
-72
-72
-68
-3
15
8
28
37
19
-9
-13
-15
23
24
35
51
47
42
35
73
119
129
101
106
115
81
55
35
58
78
84
72
66
40
-20
-22
-27
-5
-1
-11
-3
-40
-97
-107
-104
-36
8
19
39
-18
-61
-63
-14
24
26
-11
-24
-16
-5
8
34
44
6
-48
-58
-10
54
51
-18
-76
-110
-78
-53
-21
20
12
-55
-128
-125
-79
-35
-34
-27
-52
-77
-86
-95
-76
-78
-82
-40
24
60
51
15
14
31
57
71
93
122
125
103
72
54
79
108
151
188
143
103
82
67
72
49
10
5
-15
-38
-37
-52
-73
-95
-137
-158
-139
-133
-110
-126
-144
-143
-134
-100
-72
-54
-83
-106
-105
-64
-33
-40
-24
-10
-32
-85
-104
-87
-57
-45
-3
-25
-76
-93
-66
5
0
-17
-25
-4
-20
-86
-89
-28
4
-21
-25
-11
10
-6
-28
-22
14
26
7
14
44
68
68
28
36
60
88
88
52
60
67
73
76
66
82
82
40
27
14
45
61
72
73
45
29
4
-6
20
44
43
36
57
69
66
68
58
81
73
67
89
119
140
129
123
106
81
73
90
95
105
82
72
53
29
2
-24
-15
-9
-14
-29
-13
-22
-32
-31
-46
-44
-43
-59
-54
-59
-20
9
15
24
4
-4
-2
-5
-22
-20
-35
-38
-8
13
12
-23
-29
-32
-60
-79
-55
-43
-54
-66
-73
-55
-72
-87
-113
-117
-102
-98
-124
-138
-111
-99
-77
-64
-63
-56
-65
-80
-51
-33
-55
-62
-58
-54
-48
0
30
25
-8
-39
-48
-68
-37
10
51
38
19
6
-28
-37
16
60
43
35
25
25
5
-11
13
37
27
15
1
-9
-9
3
-9
-4
8
6
-14
-26
10
7
7
9
34
40
26
39
54
50
27
22
32
57
83
56
41
19
3
14
36
70
58
35
17
28
18
13
55
61
48
47
50
42
33
30
47
79
101
92
66
40
30
50
41
23
20
45
53
52
50
28
14
13
14
5
12
16
-6
-20
-20
-34
-32
-42
-48
-24
-30
-47
-56
-50
-49
-52
-55
-38
-20
-15
4
-18
-34
-55
-59
-38
-8
23
21
19
-7
-46
-58
-42
-24
0
17
18
-3
-36
-49
-61
-50
-9
-5
-36
-39
-48
-50
-17
-15
-36
-36
-41
-56
-50
-6
27
5
-4
-15
-20
-20
2
23
25
11
14
18
6
20
34
47
38
25
15
36
20
-24
-7
19
11
-26
-42
-30
-25
-37
-33
-59
-75
-56
-49
-30
-29
-37
-20
-34
-39
-22
-4
24
35
27
26
23
42
51
44
54
48
48
42
53
42
22
16
27
43
28
23
36
55
41
9
1
32
30
18
21
22
22
11
22
32
36
33
16
-21
-3
24
25
10
21
47
42
20
-1
0
12
33
17
21
36
19
9
8
23
34
14
5
22
6
-20
-31
11
27
-14
-30
-47
-43
-23
-24
-32
-22
-31
-40
-35
-33
-44
-50
-44
-21
-3
-16
-22
-38
-25
-18
-29
-4
14
11
-19
-26
-10
-7
4
-24
-34
-11
-13
-23
-21
-9
-8
-27
-69
-76
-36
-17
-22
-20
-16
-32
-29
-3
26
15
-4
-6
7
5
6
36
32
31
13
0
3
7
9
25
11
6
15
-4
0
-8
-4
-8
-18
-5
10
11
-23
-37
-36
-34
-36
14
55
18
-17
-28
-10
-10
5
29
30
10
-8
-1
14
34
31
31
16
-6
-5
10
34
52
44
18
21
16
30
54
51
49
20
-4
6
13
27
39
36
19
3
-5
-18
-11
0
-2
-1
-7
0
-3
-13
-18
-10
-5
-1
5
10
11
15
9
1
2
-5
-16
-1
12
9
9
18
13
-21
-24
-13
-6
-5
3
25
-2
-29
-27
-12
-1
-6
-3
-16
-18
-39
-41
-24
-27
-27
-25
-29
-20
-33
-45
-41
-32
-11
-31
-23
-9
-24
-29
-7
3
-2
-11
-7
1
5
3
6
9
11
10
-5
1
26
29
6
7
0
-1
23
38
30
25
27
14
-20
-9
25
25
28
15
9
-1
-22
-25
3
14
3
5
1
-7
-18
-26
-21
4
-3
7
4
-13
-16
-17
2
7
8
2
0
-1
12
14
-9
-11
9
12
11
-5
-6
2
-9
14
18
17
25
20
2
-11
-4
37
40
22
26
12
11
-1
-2
14
32
23
20
14
7
1
-19
7
17
2
-13
-21
-2
10
-1
-3
-13
-29
-32
-23
-28
-17
-2
-5
-11
-12
0
-4
-14
-10
5
0
12
24
20
14
7
10
13
15
17
15
-10
-21
-4
13
0
6
0
-20
-25
-26
-13
-3
0
10
5
-9
-28
-36
-16
-15
6
8
3
-17
-36
-17
-10
7
5
-2
-9
-5
-7
-1
-8
-13
16
11
-25
-32
-8
1
-4
1
11
-7
-21
-15
1
4
-3
-1
-13
-2
0
-1
-5
1
5
5
7
2
8
7
17
30
16
6
6
5
7
-2
9
12
6
8
-15
-5
11
33
28
-1
-17
-18
-13
-3
11
33
29
-13
-9
-17
-12
9
0
9
8
13
7
5
7
10
1
2
13
-9
16
35
17
21
18
9
-1
-1
5
15
17
8
10
14
8
6
-1
12
1
-26
-24
-10
-5
-15
-28
-25
-16
-15
-11
-27
-20
-14
-20
-21
-11
-1
4
10
7
11
1
1
8
12
12
11
15
10
7
0
-12
-14
-15
-4
4
-11
-8
0
-9
-16
-25
-27
-7
-8
-5
-5
2
-14
-26
-14
2
5
-4
1
-10
-22
-10
8
21
13
6
21
7
2
13
23
36
30
11
8
14
21
0
15
16
4
-1
-6
-6
13
7
-13
-16
-18
-17
-30
-10
-20
-29
-29
-23
-15
-13
-12
-24
-35
-28
0
2
4
5
-5
1
-15
13
33
26
17
3
3
2
-9
2
25
22
23
18
5
3
-8
10
15
11
12
9
5
6
9
7
9
1
13
28
16
24
35
15
4
2
12
24
10
14
14
-3
-10
-24
-5
-2
-2
-1
-14
-19
-33
-18
7
5
-4
1
-1
-2
-12
-15
-6
-5
-2
10
16
2
-12
-25
-3
13
1
-1
-9
-6
10
-13
-20
-6
-5
-8
-12
-12
-8
-11
-3
-7
-9
-2
2
-5
-10
-12
-12
-1
-7
3
4
-10
-1
5
-2
-2
4
1
-11
-8
0
11
7
-2
3
-3
-1
-4
-7
-3
-3
-7
-2
-2
1
-9
1
7
8
6
11
18
-1
9
14
15
15
7
1
7
18
10
6
-2
-2
10
-6
-21
-24
-14
-11
0
8
3
-7
-24
-9
3
-6
6
22
15
-3
-4
1
18
-1
6
21
3
2
8
15
13
16
-2
-3
-7
-10
12
6
10
18
18
9
-1
-5
-12
-2
9
-1
-1
6
-1
-15
-14
6
10
11
13
2
-9
-18
-11
18
20
-4
-12
-21
-4
7
4
10
3
8
-4
-9
-1
1
13
7
-2
-5
-10
-1
11
12
2
-18
-18
-10
-16
-1
-1
-9
-16
-17
-18
