SAMPLES:	7961
BITSPERSAMPLE:	16
CHANNELS:	1
SAMPLERATE:	16000
NORMALIZED:	FALSE
3
2
4
0
0
1
0
3
0
-3
-2
0
0
-3
-4
-6
-2
0
0
-5
-5
-4
1
2
-3
-3
2
5
-1
-3
1
3
2
2
4
4
2
4
3
2
3
4
1
4
6
2
3
3
1
0
-3
1
3
4
5
5
2
0
-5
-6
0
2
1
-7
-5
-2
-4
-2
-4
2
-4
-7
-7
-4
1
-3
-1
0
1
0
-5
-1
1
3
2
1
1
-2
6
-1
5
5
-3
0
-4
2
4
4
-2
6
4
0
-5
-1
5
-2
-4
-5
-1
-8
-5
-3
0
5
0
-1
-2
-3
-3
1
2
3
1
-2
-2
0
6
4
3
6
2
-4
-2
1
1
0
-3
2
1
1
-3
-1
8
-5
-14
-10
-2
3
5
3
-2
-1
-5
-1
1
1
5
3
-3
-5
7
7
6
4
4
6
-2
0
-3
-6
-3
-8
-3
3
0
-3
-10
-7
6
7
-2
-1
7
12
13
13
4
-5
-9
-2
1
1
-14
-20
-12
-9
-7
-6
-16
-24
-15
-6
-3
-9
-14
-14
-2
6
10
16
8
15
15
23
19
16
13
12
37
24
25
21
13
24
12
21
6
1
-13
-12
5
1
-7
-18
-5
-8
-14
-21
-26
-28
-21
-4
-5
-6
-11
-2
5
6
1
-16
-12
2
-1
-1
2
4
-15
-12
-6
-8
-5
-15
-12
-19
-19
-17
-15
-21
-18
-10
1
7
-3
-2
2
14
12
10
12
19
28
45
41
33
32
37
32
23
25
23
10
-16
-12
6
14
15
0
-2
0
-3
-7
-11
4
-1
0
1
14
9
-11
6
9
12
6
18
20
8
6
-9
-3
-2
9
-7
-47
-35
-33
-32
-25
-28
-32
-48
-45
-48
-42
-46
-43
-35
-26
-9
-27
-26
-28
-7
5
13
10
-1
7
3
14
3
-3
1
24
32
28
23
26
41
46
52
28
24
25
36
24
21
29
27
20
0
21
23
22
16
7
-5
-26
-22
-15
4
-1
-19
-39
-44
-25
-17
-19
-49
-50
-49
-29
-8
-7
-13
-40
-18
-4
8
-9
-36
-24
-13
8
24
19
18
20
34
40
30
29
55
65
57
29
21
25
22
28
41
49
27
15
8
-1
-11
-1
8
-16
-21
-37
-70
-76
-72
-44
-47
-33
-22
-39
-48
-54
-16
1
24
12
-29
-23
-14
8
-24
-40
-53
-50
-24
-62
-73
-57
-19
-17
-44
-39
-46
-33
-30
-6
7
-21
-46
-58
-25
-7
8
14
11
-10
-35
-74
-106
-75
-9
45
37
18
16
36
50
47
74
99
128
111
66
62
59
88
81
68
98
88
87
41
-3
-17
-12
37
43
44
3
-15
-25
-12
21
45
79
41
20
-2
12
28
44
67
58
58
24
-49
-102
-52
75
138
95
24
-34
-46
-66
-63
-5
32
2
-81
-132
-128
-118
-86
-76
-108
-80
-53
-132
-252
-238
-141
-86
-121
-129
-125
-153
-122
-110
-74
-84
-80
-58
-45
12
59
75
46
53
74
102
80
85
127
157
156
61
7
23
116
187
155
118
113
131
116
133
215
256
170
30
-29
32
126
161
141
141
96
-14
-134
-115
40
124
106
-30
-127
-139
-94
-41
-48
0
73
82
-27
-178
-198
-104
-51
-73
-100
-41
-7
-74
-180
-243
-175
-74
18
-7
-5
83
126
8
-204
-228
-55
127
118
30
12
62
66
36
-135
-389
-333
-100
-18
225
1264
2436
2069
459
-477
-29
745
1075
1476
1903
1871
998
-605
-2030
-2138
-788
460
530
-206
-1311
-2645
-3489
-2981
-1620
-605
-352
-756
-1562
-2192
-2180
-1728
-959
396
1701
1633
412
-472
-415
100
817
1807
2339
1879
774
-236
-667
-436
269
759
677
238
-366
-1044
-1669
-1655
-1033
-295
109
-19
1
120
447
424
69
40
592
1691
2192
2272
2000
1805
1498
972
806
1050
1868
2396
2280
1294
59
-545
-426
253
654
669
77
-890
-1486
-1575
-1135
-737
-324
-20
-166
-522
-1003
-1137
-838
-175
604
743
441
-94
-516
-553
-294
347
547
305
-150
-596
-715
-853
-708
-535
-402
-442
-866
-1112
-1096
-768
-605
-692
-645
-511
-455
-473
-512
-301
-144
-120
-430
-466
1063
2822
3343
1585
104
-73
310
875
1398
2485
2834
2255
105
-2419
-3370
-2151
-131
756
624
-596
-2730
-4606
-4805
-3239
-1455
-179
-14
-1231
-2662
-3425
-3128
-2212
-274
1950
2485
1292
-377
-1073
-797
347
2179
3271
3201
2042
457
-740
-911
212
1288
1609
1257
328
-860
-1930
-2048
-1290
-430
248
372
188
-431
-1025
-1093
-667
303
1288
2008
2054
1780
1515
1400
1374
1680
2382
3085
3375
2959
2278
1448
1083
1208
1527
1753
1409
926
108
-724
-1125
-1134
-715
-643
-638
-824
-1255
-1540
-1781
-1418
-910
-373
-11
-236
-463
-623
-396
-127
66
463
607
445
17
-184
-87
18
194
218
78
-247
-506
-670
-753
-650
-387
-256
-505
-682
-815
-800
-955
-856
-579
-276
-94
-274
-408
-765
-559
-535
-220
-31
165
770
1156
1480
731
669
1175
1771
1533
959
1231
1310
1267
686
199
-362
-595
-621
-1171
-1529
-1573
-1517
-2107
-2731
-2748
-2821
-2860
-2785
-2573
-2475
-2430
-2115
-2225
-2197
-1467
-606
-187
-104
371
550
327
608
1232
1782
1938
2175
2238
1691
1459
1479
1458
1312
1319
1430
907
346
26
-182
-364
-544
-514
-547
-586
-463
-421
-373
-186
-145
-44
154
928
1556
1719
1817
1872
2278
2305
2314
2433
2823
3254
3088
2512
1788
1451
1422
1438
1350
973
464
-102
-689
-1020
-1069
-934
-997
-1190
-1359
-1464
-1515
-1588
-1398
-1002
-561
-328
-409
-599
-621
-265
47
242
300
299
206
-64
-61
45
188
59
-46
-141
-393
-494
-558
-561
-718
-712
-685
-860
-1042
-1060
-903
-824
-858
-954
-1027
-945
-896
-1107
-1144
-902
-476
-567
-871
-955
-673
-291
38
383
760
1612
1972
1411
232
127
941
1662
1868
1710
1512
703
-233
-1272
-1719
-1141
-192
-30
-1101
-2294
-3104
-3667
-3651
-2867
-1934
-1684
-2043
-2748
-3449
-3354
-2316
-1138
-288
370
650
52
-640
-272
840
1967
2773
3187
2766
1925
1416
1238
1417
1973
2609
2437
1360
281
-453
-790
-705
-280
-90
-292
-664
-1070
-1241
-1237
-853
-263
454
974
1162
1038
983
1413
1959
2588
2970
3334
3551
3450
3085
2664
2834
3056
2993
2667
2278
1806
1052
432
18
-158
-196
-245
-560
-1254
-1694
-1841
-1975
-1973
-1597
-1245
-1274
-1300
-1214
-1160
-1205
-848
-277
47
163
169
156
-44
153
570
695
524
394
352
58
-108
-26
-48
-411
-663
-770
-933
-1248
-1275
-1129
-1186
-1412
-1667
-1774
-1911
-1685
-1538
-1441
-1502
-1676
-1841
-1785
-1305
-941
-532
-557
-451
-498
-96
493
1280
2396
2532
1808
325
427
1280
1958
2244
2411
2147
888
-504
-1772
-1971
-1119
262
69
-1531
-3119
-4082
-4549
-4359
-2981
-1984
-2237
-3096
-3923
-4431
-4023
-2487
-945
-241
165
347
-95
-454
297
1822
2968
3531
3735
3184
2428
2315
2713
3075
3270
3280
2620
1544
880
729
619
392
291
67
-546
-979
-964
-790
-594
-413
-133
66
336
724
1081
1515
2008
2498
2648
2700
2985
3482
3770
3623
3354
3200
3171
3047
2726
2414
2112
1689
1251
713
261
-109
-460
-773
-1027
-1165
-1348
-1603
-1842
-1822
-1640
-1680
-1748
-1649
-1325
-1067
-881
-634
-575
-545
-389
-3
189
274
520
596
357
99
76
3
-177
-195
-196
-445
-819
-1244
-1669
-1894
-1733
-1512
-1721
-2097
-2176
-2151
-2392
-2676
-2584
-2291
-2172
-2184
-2315
-2383
-2179
-1793
-1704
-1595
-1191
-671
-544
-555
139
1129
2160
2376
1693
610
600
1696
2416
2376
2402
2472
1607
51
-1287
-1495
-814
322
358
-1011
-2757
-3904
-4299
-4062
-2998
-2057
-2203
-3093
-3895
-4293
-3872
-2546
-980
-12
539
690
188
-98
800
2502
3822
4373
4508
4003
3186
2983
3345
3868
4264
4274
3546
2164
1166
702
550
621
578
198
-791
-1549
-1813
-1767
-1387
-915
-481
-433
-533
-438
-42
682
1514
2148
2521
2591
2781
3016
3270
3513
3703
4085
4031
3689
3188
2664
2292
1861
1579
1056
476
5
-454
-938
-1467
-1702
-1814
-1950
-1972
-1989
-2102
-2200
-2104
-1831
-1548
-1111
-622
-331
-356
-343
-105
174
396
727
1042
967
717
479
351
270
77
107
-67
-365
-742
-1014
-1368
-1729
-1841
-1877
-1972
-2461
-2689
-2825
-2825
-2897
-2977
-3209
-3391
-3324
-3219
-3031
-2772
-2449
-2209
-2220
-2078
-1611
-1131
-656
47
920
1779
2510
2408
1317
563
1168
2387
2945
2997
3140
2682
1177
-642
-1795
-1596
-163
982
275
-1763
-3634
-4745
-4948
-4075
-2622
-1818
-2231
-3354
-4479
-4925
-3956
-2006
-302
885
1340
787
-353
-338
1343
3392
4873
5306
4740
3611
2855
2921
3473
4264
4872
4537
3045
1284
400
309
564
847
650
-130
-1137
-1765
-1791
-1492
-954
-524
-503
-551
-350
128
511
1109
1941
2467
2658
2790
3264
3881
4203
4422
4432
4397
4170
3879
3592
3150
2863
2376
1740
933
408
299
-41
-581
-1063
-1437
-1761
-1814
-1648
-1774
-1889
-1725
-1621
-1674
-1582
-1102
-688
-543
-499
-353
-231
-175
76
375
446
379
227
-121
-315
-331
-364
-527
-729
-1082
-1602
-1946
-2125
-2148
-2305
-2564
-2764
-2989
-3107
-3184
-3083
-2957
-3023
-3193
-3357
-3102
-2859
-2704
-2466
-2226
-2108
-2107
-1665
-1174
-825
-436
37
781
1949
3415
3523
2005
856
1518
2785
3076
3330
3775
3569
2105
-138
-1829
-1903
-119
1443
757
-1355
-3311
-4710
-5459
-4650
-2724
-1645
-2044
-3472
-5098
-5828
-4786
-2540
-604
678
1118
175
-1269
-1201
869
3296
4826
5224
4598
3325
2519
2748
3575
4618
5283
4801
3014
1127
274
320
807
1175
943
-70
-1442
-2285
-2327
-1751
-888
-446
-583
-711
-455
-283
-193
582
1853
2758
2858
2776
3020
3550
3994
4239
4285
4374
4677
4606
3997
3437
3236
3043
2658
2239
1914
1555
936
279
-136
-324
-235
-159
-490
-983
-1165
-1162
-1269
-1203
-861
-526
-573
-866
-1010
-896
-524
-221
-125
-210
-291
-310
-534
-700
-578
-434
-488
-713
-1157
-1758
-2145
-2073
-1870
-1929
-2258
-2607
-3043
-3508
-3440
-3040
-2863
-2939
-3159
-3518
-3865
-3903
-3527
-3104
-2758
-2464
-2462
-2724
-2821
-2297
-1526
-820
-436
-314
60
1217
2909
3328
2023
714
985
2076
2515
2861
3357
3213
1699
-717
-2663
-2920
-973
1012
727
-1499
-3913
-5592
-6154
-5009
-2686
-1180
-1711
-3508
-5236
-5929
-4720
-2118
91
1129
1141
245
-1017
-974
1064
3581
5080
5319
4591
3325
2393
2577
3630
4784
5394
4794
3013
1150
515
968
1624
1855
1406
257
-1064
-1758
-1554
-758
-13
291
-78
-519
-483
-89
601
1586
2531
2861
2713
2703
3190
4074
4669
4977
5033
4893
4913
4750
4373
4146
4022
3696
3284
2678
2000
1524
1012
599
196
-148
-460
-776
-1060
-1373
-1540
-1737
-1765
-1704
-1803
-1792
-1830
-1844
-1742
-1626
-1449
-1359
-1210
-1163
-1142
-983
-932
-833
-835
-921
-1065
-1282
-1422
-1479
-1395
-1433
-1717
-2132
-2536
-2822
-3008
-3038
-2884
-2816
-2940
-3248
-3648
-3968
-3991
-3531
-3080
-2727
-2478
-2502
-2643
-2728
-2219
-1355
-623
-208
-200
-80
568
2033
3315
2919
1430
763
1342
1826
2000
2411
2857
2362
289
-2105
-3426
-2618
-418
574
-610
-2806
-4739
-5992
-5759
-3871
-1975
-1422
-2347
-3929
-5308
-5317
-3247
-856
802
1609
1323
14
-943
214
2547
4386
5240
5043
3961
2652
2381
3049
3948
4941
4938
3592
1772
768
881
1294
1772
1849
1026
-124
-884
-973
-602
111
659
516
115
170
891
1588
2069
2557
2874
3079
3467
4117
4935
5492
5618
5330
5071
5008
5150
5429
5305
4771
4038
3123
2340
1999
2003
1922
1151
127
-618
-1124
-1360
-1303
-1209
-1559
-1931
-2154
-2569
-2754
-2472
-1941
-1678
-1741
-1640
-1667
-1751
-1681
-1312
-936
-711
-408
-502
-1064
-1440
-1385
-1288
-1410
-1346
-1287
-1643
-2259
-2862
-2988
-2979
-3023
-2996
-3252
-3566
-3659
-3764
-3974
-4167
-3901
-3634
-3533
-3377
-3167
-2859
-2747
-2458
-2008
-1827
-1590
-1294
-923
-554
-29
1170
2406
2622
1494
75
254
1445
2161
2397
2611
2650
1437
-900
-2602
-2463
-752
947
793
-1027
-3030
-4481
-4955
-3955
-2010
-564
-855
-2483
-4205
-4747
-3604
-1486
434
1321
1331
447
-735
-573
1274
3497
4568
4427
3794
2752
2170
2454
3349
4427
4769
4103
2495
964
579
1054
1689
1812
1350
255
-899
-1266
-957
-229
395
557
370
143
519
1266
1851
2368
2852
3167
3359
3864
4629
5218
5277
5133
5100
4934
4850
5068
5145
4746
4129
3382
2573
2096
2046
2092
1536
579
-134
-792
-1140
-1055
-915
-1111
-1443
-1660
-2066
-2413
-2447
-2055
-1571
-1359
-1303
-1500
-1737
-1727
-1494
-1109
-736
-464
-511
-996
-1472
-1601
-1441
-1352
-1439
-1561
-1729
-2066
-2693
-3228
-3428
-3427
-3416
-3524
-3694
-3965
-4363
-4691
-4683
-4535
-4234
-3915
-3816
-3798
-3756
-3391
-2937
-2516
-1999
-1539
-1331
-1338
-1055
-502
373
1884
3229
2879
1236
231
709
1744
2498
3192
3469
2731
896
-1204
-2427
-1788
231
1525
640
-1489
-3594
-5167
-5094
-3242
-1174
-593
-1712
-3452
-4825
-4814
-3059
-722
912
1369
907
-401
-1090
216
2392
4039
4629
4409
3619
2622
2453
3174
4268
5032
4829
3605
1931
1093
1219
1669
2016
1829
991
-269
-1145
-1177
-675
126
587
459
241
343
884
1477
2099
2739
3194
3465
3716
4353
5089
5433
5447
5280
5383
5459
5336
5203
4960
4642
3953
3173
2529
2073
1881
1495
709
-226
-836
-1147
-1466
-1550
-1506
-1777
-2246
-2463
-2506
-2489
-2404
-2165
-1926
-1780
-1607
-1631
-1659
-1552
-1246
-1030
-1067
-924
-877
-1024
-1258
-1518
-1596
-1838
-1978
-2063
-2229
-2467
-3045
-3536
-3818
-3839
-3838
-4018
-4116
-4282
-4377
-4433
-4495
-4410
-4260
-3917
-3555
-3446
-3147
-2776
-2412
-2084
-1738
-1282
-1026
-659
-215
229
1343
3032
3849
2766
1210
1221
2141
2842
3364
3978
4051
2823
601
-1432
-1897
-419
1451
1525
-220
-2359
-4197
-5132
-4306
-2324
-937
-1303
-2783
-4478
-5294
-4368
-2300
-302
830
1023
182
-978
-709
1167
3196
4316
4600
4226
3214
2517
2767
3699
4715
4993
4187
2811
1713
1413
1509
1698
1787
1358
269
-785
-1146
-879
-291
124
70
-187
-211
182
965
1998
2919
3167
2783
2761
3536
4670
5690
6048
5881
5561
5127
4681
4530
5081
5549
5086
3766
2343
1341
868
1108
1281
815
-214
-1478
-2319
-2496
-2106
-1685
-1845
-2153
-2442
-2860
-3169
-2940
-2099
-1505
-1372
-1435
-1537
-1463
-1451
-1277
-993
-641
-289
-510
-994
-1405
-1492
-1561
-2000
-2244
-2195
-2233
-2700
-3425
-3910
-4129
-4164
-4159
-4188
-4224
-4278
-4380
-4708
-4890
-4575
-4056
-3664
-3296
-3001
-2705
-2417
-2042
-1550
-1099
-548
-59
243
644
1320
2624
4087
4342
3125
1703
1794
2786
3410
3847
4387
4206
2410
-137
-1840
-1827
-267
1277
1057
-868
-3108
-4814
-5471
-4409
-2242
-863
-1535
-3337
-4806
-5202
-3936
-1695
230
1162
1018
62
-815
-183
1841
3793
4708
4670
4120
3090
2437
2811
3794
4634
4586
3660
2179
999
664
835
1125
1031
385
-589
-1455
-1616
-1242
-745
-410
-413
-521
-480
118
1297
2318
2829
2816
2755
3031
3834
5152
6010
6144
5830
5317
4762
4182
4403
5091
5164
4340
2994
1702
693
667
1003
823
212
-796
-1693
-2510
-2674
-2003
-1607
-1753
-1928
-2123
-2751
-3156
-2496
-1527
-981
-933
-1025
-1197
-1516
-1349
-1072
-875
-549
-404
-786
-1601
-1999
-1869
-1956
-2236
-2300
-2344
-2836
-3525
-3995
-4163
-4130
-4116
-4193
-4426
-4495
-4299
-4240
-4490
-4499
-4056
-3603
-3233
-2969
-2480
-1965
-1608
-1227
-1015
-702
-253
346
868
1184
1716
2803
4312
4765
3565
2167
2104
2896
3377
3849
4412
4335
2827
317
-1664
-2007
-582
1078
1190
-357
-2631
-4677
-5690
-4645
-2404
-962
-1283
-2787
-4227
-4983
-4162
-2108
66
1436
1524
622
-454
-218
1489
3304
4472
4876
4641
3643
2548
2437
3262
4288
4443
3591
2287
1058
534
415
325
199
-113
-618
-1396
-1755
-1588
-1301
-1049
-922
-691
-482
-42
792
1506
2187
2898
3557
3806
3856
4492
5266
5682
5869
5991
5776
5036
4551
4307
3903
3464
3156
2745
1810
1023
491
-287
-978
-1165
-1146
-1520
-2080
-2252
-2502
-2852
-2695
-2311
-2365
-2580
-2249
-1810
-1822
-1734
-1394
-1061
-1037
-1085
-986
-1079
-1005
-747
-811
-1256
-1628
-1717
-1992
-2426
-2487
-2395
-2635
-3258
-3686
-3904
-4114
-4026
-3912
-4004
-4132
-4029
-3839
-4002
-4124
-3683
-3094
-2731
-2462
-2086
-1673
-1286
-725
-260
-79
51
455
979
1445
2198
3681
5195
5117
3498
2182
2373
3320
3883
4348
4897
4585
2785
217
-1659
-1765
-151
1535
1440
-243
-2467
-4563
-5534
-4482
-2090
-569
-962
-2493
-4223
-5183
-4354
-2109
199
1520
1692
758
-523
-445
1177
3036
4226
4712
4437
3146
1920
1779
2549
3465
3636
3021
1763
542
-79
-402
-498
-484
-599
-1098
-1790
-2057
-1994
-1723
-1437
-1233
-983
-667
52
865
1491
2157
2717
3204
3631
4108
4711
5218
5609
5704
5665
5453
5003
4726
4471
4075
3546
2887
2300
1654
1034
467
-83
-700
-1220
-1420
-1716
-1965
-2203
-2535
-2669
-2648
-2529
-2563
-2698
-2519
-2032
-1767
-1844
-1715
-1370
-1227
-1286
-1208
-927
-786
-851
-1000
-1215
-1521
-1727
-1844
-2054
-2215
-2240
-2451
-3055
-3513
-3680
-3903
-4010
-3766
-3557
-3601
-3848
-3872
-3801
-3729
-3402
-2911
-2417
-2090
-1763
-1508
-1216
-586
-54
130
271
716
1300
1678
2001
2638
3821
5177
5553
4225
2467
2217
3073
3579
3996
4824
4880
3016
159
-1889
-2261
-924
1171
1931
488
-2069
-4582
-5917
-5100
-2543
-368
-346
-1830
-3697
-5137
-4993
-3009
-241
1598
1971
974
-760
-1423
-358
1735
3565
4470
4326
2753
1059
628
1545
2901
3344
2974
1983
720
-245
-825
-714
-284
-20
-303
-1007
-1386
-1452
-1283
-1029
-678
-22
476
866
1355
1854
2226
2541
3107
3745
4239
4901
5733
5969
5239
4322
4039
4169
4496
4793
4433
3429
2201
1100
189
-286
179
729
217
-1102
-2223
-2935
-3336
-2736
-1756
-1540
-2315
-3238
-3567
-3613
-3073
-1940
-1125
-1208
-1723
-2127
-2609
-2568
-1681
-691
-538
-1089
-1472
-1865
-2584
-2829
-2218
-1584
-1598
-2055
-2735
-3534
-4031
-3855
-3313
-3083
-3012
-2841
-3146
-3706
-3667
-2881
-2205
-1940
-1515
-1153
-1094
-946
-325
338
684
1041
1452
1459
1410
1770
2392
2618
2866
3708
4927
5704
5114
3264
1747
1801
2836
3646
4202
4533
3486
697
-2106
-3012
-1879
308
1913
1529
-1000
-4078
-5944
-5528
-3144
-284
954
-321
-2918
-4971
-5342
-3707
-787
1919
2857
1710
-492
-2033
-1523
674
2986
4246
4200
2993
1172
69
478
1744
2752
2872
2258
993
-358
-1174
-1291
-890
-372
-199
-566
-1071
-1335
-1482
-1436
-932
-22
722
1160
1534
1878
2106
2383
2991
3675
4483
5244
5475
4931
4289
4216
4345
4464
4526
4524
4015
2733
1486
646
247
287
549
376
-666
-1808
-2750
-2989
-2755
-2262
-1932
-2543
-3285
-3559
-3519
-3320
-2797
-1992
-1675
-1974
-2453
-2583
-2297
-1916
-1280
-955
-949
-1121
-1548
-1897
-2125
-1866
-1493
-1459
-1672
-2073
-2641
-3244
-3354
-3011
-2848
-2921
-3017
-3002
-3170
-3313
-2924
-2494
-2089
-1733
-1429
-1335
-1339
-844
-40
553
814
1037
1196
1264
1571
1995
2329
2665
2940
3078
3113
3765
5066
5439
3954
2020
1637
2464
3070
3270
3596
3472
1902
-473
-2136
-2206
-888
816
1437
162
-2341
-4680
-5284
-3838
-1495
145
-73
-1773
-3779
-4774
-3996
-1858
721
2348
2141
411
-1362
-1486
-59
2010
3685
4171
3450
1804
438
227
1182
2497
2989
2510
1361
65
-1000
-1512
-1075
-204
291
10
-823
-1566
-1780
-1386
-727
95
752
929
935
1166
1768
2328
2823
3453
3915
3890
3710
3892
4159
4290
4296
4140
3711
3092
2657
2187
1661
1294
1034
498
-345
-929
-1353
-1740
-2019
-2218
-2479
-3077
-3526
-3593
-3466
-3223
-2994
-2770
-2740
-2854
-2965
-2912
-2461
-1823
-1341
-1302
-1552
-1579
-1417
-1303
-1422
-1490
-1116
-892
-1229
-1750
-1970
-1980
-2115
-2330
-2436
-2427
-2443
-2509
-2620
-2777
-2683
-2417
-2262
-2075
-1724
-1396
-1299
-1210
-842
-400
-69
243
674
988
1163
1401
1680
1931
2192
2491
2664
2627
2669
3019
3860
4971
5058
3640
1905
1403
2082
2923
3575
4017
3517
1545
-919
-2259
-1846
-180
1482
1815
162
-2710
-4888
-4756
-2669
-420
399
-509
-2431
-4231
-4701
-3301
-804
1317
1953
915
-910
-2005
-1318
690
2663
3660
3431
2236
803
207
844
2073
2948
2848
1971
701
-367
-708
-312
366
647
299
-293
-691
-876
-877
-430
245
673
690
706
1082
1574
1858
2174
2736
3028
2757
2507
2831
3413
3608
3380
3088
2615
1961
1540
1565
1629
1337
770
61
-607
-1136
-1412
-1417
-1405
-1635
-2212
-2918
-3293
-3295
-3196
-2960
-2666
-2580
-2875
-3290
-3425
-3210
-2650
-1991
-1472
-1493
-1938
-2305
-2488
-2227
-1611
-910
-662
-1070
-1674
-2119
-2151
-1747
-1300
-1044
-1062
-1376
-1869
-2230
-2112
-1642
-1222
-1087
-1102
-1176
-1303
-1235
-1028
-742
-370
-5
199
223
310
585
900
1138
1454
1794
2030
2100
2116
2143
2207
2552
3124
3881
4523
4360
3146
1733
1517
2414
3363
3811
3677
2889
1248
-524
-1355
-867
452
1486
1436
72
-1970
-3499
-3651
-2211
-371
289
-678
-2372
-3390
-3370
-2528
-1172
96
639
145
-885
-1560
-1393
-326
972
1901
2001
1410
771
398
470
855
1353
1642
1528
1149
674
253
-83
-96
321
793
956
770
491
209
75
253
597
959
1338
1661
1718
1463
1240
1296
1588
1920
2142
2183
2162
2051
1764
1410
1254
1298
1287
1161
938
578
102
-177
-335
-610
-913
-987
-995
-1286
-1830
-2230
-2276
-2257
-2314
-2408
-2422
-2468
-2757
-3137
-3166
-2772
-2410
-2386
-2575
-2791
-2943
-2908
-2660
-2290
-2135
-2144
-2098
-2091
-2167
-2204
-1864
-1382
-1154
-1104
-1109
-1175
-1349
-1377
-1067
-576
-151
62
-44
-418
-629
-393
10
390
754
984
898
639
611
866
1228
1642
2095
2258
2030
1720
1774
2035
2319
2616
2790
2696
2488
2545
2905
3293
3225
2732
2061
1693
1699
1998
2303
2366
2001
1140
188
-424
-366
96
670
938
497
-728
-2073
-2676
-2281
-1278
-486
-422
-1247
-2433
-3192
-3132
-2443
-1441
-584
-426
-990
-1764
-2077
-1764
-891
120
828
824
264
-304
-472
-84
672
1497
1887
1692
1210
789
692
936
1459
1944
2090
1840
1333
956
954
1224
1423
1407
1296
1162
1025
932
841
789
771
707
648
581
505
478
427
311
178
68
62
80
81
113
80
-7
-193
-363
-480
-579
-670
-810
-924
-1057
-1263
-1554
-1839
-2005
-2135
-2304
-2539
-2711
-2842
-2916
-3074
-3278
-3402
-3330
-3212
-3188
-3064
-2885
-2576
-2413
-2260
-2129
-1773
-1325
-978
-708
-498
-183
6
192
426
919
1227
1378
1467
1501
1529
1558
1699
1849
1961
1960
1874
1678
1701
1743
1753
1764
1844
1808
1434
1160
1151
1343
1432
1509
1462
1326
1107
807
635
683
1067
1368
1303
873
546
493
659
875
1006
1062
877
563
343
455
795
1031
932
603
151
-231
-222
105
408
284
-263
-879
-1317
-1465
-1307
-1028
-967
-1202
-1637
-2048
-2164
-1931
-1521
-1324
-1389
-1455
-1447
-1281
-937
-432
-65
51
146
283
529
772
1015
1211
1293
1356
1367
1299
1237
1302
1353
1229
928
621
489
498
528
470
321
145
22
-99
-224
-229
-32
204
253
84
-127
-147
45
339
588
733
673
450
226
131
180
335
459
402
127
-195
-411
-581
-805
-967
-1002
-1133
-1450
-1822
-2033
-2109
-2200
-2284
-2329
-2409
-2488
-2487
-2327
-2104
-1970
-1945
-1906
-1690
-1348
-956
-620
-447
-406
-438
-280
154
669
1061
1113
998
778
658
828
1175
1547
1667
1571
1261
958
934
1181
1556
1722
1612
1298
925
752
802
1042
1284
1274
992
642
356
211
280
505
661
487
68
-315
-384
-167
110
247
211
89
-127
-303
-216
155
516
508
267
74
33
164
361
505
410
82
-118
-150
-127
-163
-193
-212
-357
-548
-697
-621
-485
-464
-553
-674
-650
-574
-481
-431
-422
-366
-284
-178
-85
-52
-110
-86
97
261
268
242
261
287
233
252
366
364
203
50
29
19
20
40
35
-79
-214
-284
-343
-464
-482
-400
-339
-326
-413
-447
-366
-241
-265
-402
-459
-349
-191
-105
-42
-64
-172
-238
-233
-220
-139
-43
-127
-348
-462
-461
-509
-638
-591
-421
-360
-449
-568
-579
-501
-383
-275
-97
81
164
126
95
120
235
405
545
591
598
708
851
900
836
791
746
734
769
900
1039
1069
1022
954
879
784
847
1071
1293
1300
1137
910
729
723
869
1038
979
770
445
76
-215
-281
-140
-51
-171
-572
-1123
-1565
-1649
-1452
-1228
-1152
-1278
-1605
-1917
-1933
-1610
-1178
-879
-751
-845
-1050
-1148
-912
-429
-47
80
-32
-231
-353
-322
-128
141
383
447
262
-3
-129
-36
138
278
372
341
183
5
-4
145
235
233
194
225
265
212
101
55
133
236
259
300
376
353
194
56
109
260
415
527
561
477
336
227
251
408
603
685
578
408
207
54
64
320
534
467
152
-186
-361
-334
-102
190
303
55
-374
-660
-651
-456
-208
4
35
-114
-397
-626
-660
-468
-83
230
323
179
-54
-233
-250
-79
187
440
551
412
115
-89
-54
146
321
445
452
271
-2
-119
11
212
297
237
105
-20
14
245
474
587
625
700
765
830
1036
1340
1588
1675
1661
1548
1424
1407
1567
1735
1646
1374
1068
798
549
388
322
173
-163
-590
-977
-1243
-1393
-1434
-1466
-1585
-1815
-2090
-2262
-2308
-2191
-2008
-1937
-1982
-2051
-2066
-1975
-1761
-1521
-1396
-1438
-1440
-1280
-1089
-987
-915
-804
-708
-614
-559
-562
-532
-442
-369
-371
-344
-211
-75
-48
-99
-119
-51
41
104
101
152
214
224
233
248
287
276
317
392
423
370
354
415
482
549
651
750
780
832
833
855
900
1001
1084
1104
1148
1106
963
842
880
980
943
777
648
544
496
451
436
419
341
191
-12
-76
-17
94
102
55
-35
-188
-291
-250
-84
64
182
256
218
107
106
257
419
521
570
574
536
515
584
680
651
533
455
484
544
468
308
153
35
-41
-95
-22
103
146
51
-48
-28
39
193
406
598
635
581
562
648
786
886
933
865
737
631
551
486
410
311
94
-212
-447
-591
-694
-837
-1039
-1313
-1542
-1661
-1761
-1859
-1901
-1876
-1903
-2067
-2227
-2231
-2080
-1885
-1735
-1624
-1602
-1668
-1710
-1613
-1354
-1059
-847
-790
-834
-864
-800
-651
-471
-290
-223
-284
-392
-431
-380
-291
-181
-80
-43
-106
-230
-313
-282
-164
-74
-31
-25
-50
-103
-154
-166
-134
-69
19
43
-29
-118
-113
-19
157
365
509
511
380
284
404
683
927
1076
1132
1060
874
772
871
1136
1365
1384
1221
1003
894
942
1073
1139
1105
1004
882
794
790
894
959
921
829
770
708
681
740
823
793
673
623
662
736
810
858
826
720
662
711
845
979
981
853
711
651
663
710
800
888
784
521
345
347
444
546
617
614
525
392
325
357
470
585
645
626
580
488
410
407
422
434
366
254
64
-142
-295
-414
-562
-732
-874
-1065
-1308
-1469
-1547
-1677
-1857
-1996
-2034
-2067
-2143
-2195
-2198
-2182
-2230
-2282
-2234
-2084
-1890
-1767
-1705
-1698
-1681
-1610
-1454
-1202
-985
-908
-944
-986
-960
-860
-682
-499
-424
-491
-624
-680
-614
-435
-237
-156
-232
-374
-478
-502
-428
-234
-15
41
-80
-297
-418
-341
-155
9
60
45
-7
-94
-140
-26
265
506
542
467
400
425
517
674
870
997
1013
967
931
933
963
1036
1173
1279
1316
1258
1204
1188
1164
1159
1219
1338
1386
1356
1287
1234
1196
1214
1357
1485
1511
1449
1352
1269
1272
1370
1477
1519
1486
1402
1274
1162
1163
1232
1230
1140
1004
870
752
713
716
670
570
470
361
240
179
192
227
205
143
75
41
77
173
268
306
293
283
340
472
589
640
629
615
601
545
474
430
410
328
166
-16
-187
-367
-558
-710
-841
-990
-1135
-1304
-1503
-1717
-1896
-1986
-2027
-2074
-2145
-2249
-2389
-2512
-2556
-2487
-2378
-2330
-2341
-2351
-2336
-2296
-2188
-1989
-1809
-1768
-1794
-1754
-1612
-1444
-1308
-1189
-1129
-1118
-1097
-1040
-903
-755
-689
-727
-783
-750
-689
-639
-623
-595
-581
-605
-600
-540
-467
-477
-527
-547
-511
-425
-309
-184
-112
-109
-122
-96
30
197
338
453
551
583
556
615
757
880
935
945
933
903
920
990
1093
1181
1182
1101
1076
1166
1288
1367
1405
1431
1471
1497
1541
1655
1778
1881
1920
1894
1843
1886
2022
2190
2307
2320
2193
1991
1881
1912
2024
2068
2010
1843
1600
1376
1226
1171
1163
1143
1054
882
656
453
377
376
379
336
223
89
-18
-88
-89
-70
-84
-124
-123
-93
-74
-61
-59
-8
92
174
204
163
65
-5
-21
-13
3
-64
-245
-477
-650
-767
-821
-852
-959
-1204
-1495
-1704
-1793
-1825
-1864
-1910
-2037
-2226
-2435
-2536
-2515
-2469
-2433
-2449
-2496
-2591
-2642
-2602
-2484
-2304
-2165
-2076
-2086
-2122
-2054
-1896
-1718
-1561
-1434
-1357
-1307
-1271
-1212
-1128
-1052
-986
-903
-809
-740
-720
-773
-798
-753
-667
-541
-396
-327
-388
-456
-411
-267
-125
6
100
140
122
151
302
511
667
738
749
750
809
953
1149
1326
1436
1400
1310
1247
1258
1368
1508
1604
1599
1467
1317
1277
1353
1460
1530
1537
1484
1369
1292
1324
1479
1653
1693
1616
1498
1431
1493
1632
1762
1835
1811
1680
1562
1595
1725
1810
1770
1650
1519
1426
1376
1402
1442
1381
1198
1005
919
929
977
975
886
746
605
509
469
499
546
522
367
186
118
137
147
141
176
227
213
122
79
145
221
240
221
199
198
163
86
5
-22
-41
-105
-229
-370
-506
-656
-783
-927
-1049
-1173
-1341
-1532
-1703
-1879
-2091
-2270
-2347
-2344
-2396
-2528
-2657
-2741
-2808
-2856
-2857
-2792
-2723
-2635
-2557
-2544
-2533
-2474
-2352
-2242
-2101
-1909
-1712
-1639
-1650
-1653
-1623
-1509
-1309
-1048
-886
-865
-976
-1097
-1116
-973
-709
-469
-354
-419
-574
-674
-592
-357
-72
145
239
196
101
87
203
442
675
837
856
836
850
912
1051
1217
1382
1422
1410
1435
1495
1576
1661
1769
1834
1859
1867
1882
1900
1887
1900
1943
2001
2051
2058
1999
1897
1818
1794
1813
1865
1887
1822
1719
1624
1621
1656
1643
1558
1469
1447
1404
1331
1267
1261
1239
1160
1022
927
891
846
790
775
773
733
641
551
532
524
495
453
402
332
286
243
202
137
74
61
76
32
-92
-193
-216
-175
-193
-247
-283
-342
-440
-494
-462
-398
-373
-449
-600
-718
-753
-706
-666
-704
-814
-983
-1163
-1289
-1326
-1301
-1332
-1476
-1683
-1874
-1966
-1967
-1943
-1989
-2129
-2282
-2383
-2419
-2403
-2347
-2257
-2206
-2231
-2262
-2242
-2171
-2066
-1926
-1764
-1623
-1535
-1518
-1525
-1469
-1345
-1205
-1065
-940
-871
-882
-934
-944
-868
-711
-556
-450
-419
-463
-541
-560
-438
-245
-118
-98
-164
-226
-239
-180
-14
154
242
211
144
128
233
410
611
741
759
757
785
913
1109
1288
1402
1482
1528
1581
1661
1797
1958
2029
2044
2043
2046
2033
2037
2056
2085
2072
2001
1923
1837
1791
1765
1741
1670
1563
1461
1400
1370
1302
1206
1130
1076
1019
976
934
905
875
840
839
876
884
823
766
746
769
834
907
928
851
725
613
569
582
655
682
567
389
219
116
69
73
72
20
-76
-243
-401
-514
-546
-522
-536
-612
-709
-807
-912
-950
-924
-896
-929
-1026
-1139
-1243
-1323
-1395
-1401
-1355
-1364
-1483
-1668
-1784
-1821
-1804
-1782
-1806
-1850
-1908
-1974
-2022
-2031
-1970
-1885
-1834
-1790
-1753
-1726
-1675
-1611
-1522
-1448
-1363
-1272
-1174
-1106
-1065
-1007
-938
-835
-731
-637
-575
-531
-505
-476
-412
-315
-242
-218
-235
-229
-173
-80
18
65
29
-38
-49
5
103
216
324
334
268
193
178
253
362
481
573
618
617
598
628
728
895
1054
1159
1209
1202
1205
1268
1394
1514
1608
1669
1666
1607
1545
1546
1590
1655
1693
1703
1657
1564
1464
1399
1389
1373
1337
1270
1172
1075
999
938
880
843
809
763
720
675
670
660
631
613
625
675
717
747
757
745
734
727
734
772
813
789
719
656
594
559
547
554
530
412
263
152
102
98
91
45
-73
-249
-403
-466
-434
-386
-398
-472
-606
-753
-836
-840
-796
-778
-808
-891
-1030
-1151
-1204
-1186
-1161
-1179
-1256
-1354
-1444
-1525
-1542
-1533
-1536
-1571
-1651
-1734
-1762
-1728
-1662
-1600
-1586
-1602
-1608
-1597
-1537
-1453
-1378
-1312
-1266
-1222
-1168
-1105
-1028
-977
-948
-899
-827
-771
-719
-669
-638
-612
-560
-476
-386
-300
-225
-176
-142
-98
-54
-5
58
142
224
285
306
293
300
352
426
502
584
640
660
684
737
826
920
985
1012
1030
1067
1121
1208
1304
1371
1395
1386
1365
1353
1374
1410
1438
1419
1374
1282
1181
1112
1052
988
948
895
805
694
589
537
479
417
371
347
305
261
217
177
147
137
177
229
267
303
305
269
256
295
377
448
528
570
539
465
424
420
437
483
508
471
363
256
188
162
150
163
151
94
-17
-118
-179
-188
-169
-174
-201
-251
-313
-382
-425
-434
-415
-407
-438
-522
-592
-624
-631
-646
-643
-607
-616
-720
-850
-916
-933
-931
-907
-886
-880
-931
-1042
-1163
-1238
-1220
-1133
-1076
-1042
-1024
-1085
-1159
-1161
-1090
-1081
-1094
-1094
-1072
-1097
-929
-569
-377
-574
-890
-1128
-1314
-1389
-1283
-909
-571
-468
-646
-920
-1114
-1008
-709
-366
-124
-1
-20
-95
-50
107
266
385
465
455
393
299
302
386
542
646
694
825
901
892
699
630
632
646
592
631
866
1061
1172
1064
1017
911
847
784
895
1078
1263
1315
1139
922
728
662
674
779
875
922
768
486
304
275
322
404
498
461
295
95
75
84
56
88
176
230
212
214
283
328
255
175
180
260
398
536
630
680
607
411
281
319
461
635
715
729
587
294
28
-14
85
232
404
498
388
66
-231
-378
-382
-291
-120
19
-7
-203
-444
-651
-737
-707
-617
-482
-384
-406
-549
-733
-856
-872
-787
-629
-466
-375
-426
-579
-741
-830
-792
-648
-462
-349
-347
-446
-570
-661
-680
-616
-498
-380
-312
-338
-442
-590
-708
-743
-678
-527
-385
-323
-362
-464
-561
-610
-579
-435
-247
-103
-58
-93
-194
-302
-348
-289
-149
-18
62
50
-54
-184
-228
-158
-30
93
197
248
245
212
198
190
191
236
289
333
386
428
438
420
406
452
541
617
687
707
662
582
523
539
585
651
706
673
554
405
279
212
206
265
326
319
218
111
53
31
53
109
169
205
206
202
201
208
233
263
304
358
427
486
502
494
480
483
510
532
556
561
573
596
590
542
478
418
390
367
357
367
355
319
246
147
44
-5
-5
14
18
-10
-72
-152
-224
-240
-223
-186
-164
-166
-191
-246
-303
-330
-345
-327
-277
-228
-206
-242
-302
-381
-442
-479
-444
-360
-285
-264
-320
-428
-509
-507
-446
-351
-293
-313
-376
-454
-496
-445
-340
-259
-206
-209
-231
-269
-317
-327
-309
-281
-256
-250
-263
-274
-291
-308
-338
-379
-390
-389
-380
-354
-342
-360
-403
-448
-502
-501
-459
-379
-313
-304
-327
-355
-360
-331
-232
-116
-30
-21
-26
-25
-20
12
100
191
240
227
177
139
113
128
212
287
301
281
240
199
138
103
92
122
111
65
31
-6
-75
-138
-143
-82
3
59
93
67
48
37
84
159
227
287
306
312
324
366
378
362
353
358
384
377
380
414
420
383
366
388
417
410
402
422
431
423
408
365
315
295
306
343
399
406
342
223
156
126
128
172
238
238
145
53
10
33
65
90
84
29
-50
-88
-89
-47
11
32
11
-37
-93
-128
-116
-56
7
19
-22
-74
-123
-189
-205
-172
-119
-82
-71
-81
-78
-71
-85
-105
-96
-56
-58
-79
-94
-117
-145
-189
-201
-216
-228
-241
-281
-329
-380
-425
-465
-502
-506
-507
-546
-619
-655
-639
-637
-667
-683
-615
-558
-525
-527
-519
-505
-478
-447
-404
-316
-258
-209
-194
-186
-152
-77
-5
24
29
18
13
6
15
53
103
120
81
29
-6
-42
-60
-59
-23
-4
-72
-154
-181
-139
-71
-45
-54
-51
-67
-84
-88
-29
80
191
245
224
184
162
194
299
434
475
431
370
350
370
418
492
587
612
512
371
300
328
393
442
460
446
396
315
230
189
246
312
320
273
204
165
172
198
241
292
303
322
323
317
308
324
336
347
371
382
399
353
300
269
274
289
296
265
210
187
199
236
243
234
202
160
106
99
156
240
274
239
166
78
68
81
140
226
292
257
165
86
19
14
28
92
128
109
33
-77
-177
-247
-257
-251
-250
-269
-326
-443
-559
-607
-609
-615
-620
-650
-671
-694
-726
-697
-664
-629
-621
-594
-566
-536
-474
-398
-373
-372
-374
-352
-310
-251
-190
-161
-164
-227
-281
-286
-240
-173
-122
-122
-183
-259
-312
-364
-370
-350
-315
-328
-404
-508
-568
-540
-495
-437
-388
-398
-479
-535
-497
-370
-257
-183
-126
-119
-143
-160
-93
37
145
195
208
206
214
253
318
403
432
382
320
311
349
384
398
415
391
318
260
259
293
324
336
324
314
286
249
254
298
368
426
439
441
432
456
475
505
547
589
619
598
603
621
642
647
666
695
723
730
710
665
621
584
568
573
545
516
487
451
437
441
455
455
446
423
382
340
312
308
299
293
279
254
208
165
142
118
69
8
-36
-81
-147
-215
-251
-295
-355
-436
-491
-501
-524
-592
-669
-704
-705
-748
-838
-888
-883
-880
-888
-894
-895
-903
-914
-902
-840
-779
-745
-744
-745
-718
-713
-700
-644
-581
-548
-553
-579
-547
-494
-474
-476
-474
-415
-373
-388
-411
-397
-371
-395
-414
-434
-414
-415
-435
-444
-449
-461
-453
-402
-356
-324
-307
-296
-292
-257
-187
-95
-34
-19
-18
-4
41
103
156
252
288
288
307
319
367
413
445
438
428
421
404
398
398
365
351
328
307
308
292
292
260
252
241
261
312
373
400
407
412
401
408
402
429
523
596
611
598
598
640
668
702
729
747
733
733
760
780
794
771
769
783
788
785
758
761
762
752
744
718
666
602
559
547
577
583
570
527
452
389
350
371
375
389
364
296
192
77
61
40
36
-16
-80
-144
-258
-317
-405
-409
-458
-505
-542
-610
-639
-722
-744
-784
-828
-865
-903
-928
-965
-976
-982
-950
-954
-960
-963
-948
-894
-858
-820
-819
-815
-826
-806
-759
-716
-673
-657
-666
-710
-713
-701
-674
-635
-585
-555
-565
-606
-648
-642
-596
-532
-501
-479
-456
-451
-454
-430
-370
-303
-227
-164
-114
-95
-78
-70
-40
27
119
199
238
258
270
313
331
360
393
433
491
492
471
453
470
461
444
449
477
484
438
395
371
363
348
340
336
335
319
328
339
364
390
387
410
442
499
558
624
654
658
655
666
694
735
788
823
843
829
799
763
771
804
847
871
848
819
772
746
735
754
770
774
733
695
660
627
654
681
700
652
582
532
504
468
431
412
355
296
205
111
80
52
-1
-72
-139
-209
-283
-338
-382
-394
-420
-480
-569
-638
-683
-692
-704
-720
-755
-814
-860
-897
-888
-869
-867
-886
-915
-939
-939
-909
-873
-853
-864
-894
-912
-904
-865
-851
-834
-834
-821
-813
-812
-801
-802
-768
-768
-762
-749
-719
-678
-636
-618
-586
-560
-551
-519
-505
-495
-485
-424
-373
-380
-369
-334
-310
-271
-237
-183
-138
-129
-124
-126
-123
-97
-50
-1
54
82
83
81
119
167
212
227
224
237
263
307
344
369
382
371
338
337
372
425
480
482
491
514
519
521
564
620
637
637
662
686
743
786
814
841
826
834
866
925
956
975
950
908
901
946
1007
1045
1042
1002
984
952
964
985
991
975
906
835
785
774
759
750
728
653
569
494
391
326
281
209
144
88
10
-88
-178
-267
-313
-328
-361
-448
-550
-638
-690
-687
-707
-718
-736
-769
-827
-871
-855
-807
-769
-782
-791
-790
-791
-794
-798
-758
-751
-742
-722
-739
-752
-763
-774
-768
-789
-814
-817
-850
-860
-865
-858
-833
-820
-814
-819
-804
-790
-780
-736
-687
-666
-651
-634
-611
-564
-511
-447
-395
-351
-344
-314
-268
-215
-173
-158
-129
-110
-82
-91
-85
-41
2
33
48
64
84
108
141
175
212
215
204
228
284
333
348
333
331
342
344
331
373
422
441
422
411
425
405
394
374
403
455
438
427
425
434
466
457
452
483
521
544
543
554
588
600
581
549
573
646
713
710
699
711
709
709
731
768
800
820
819
822
807
783
765
765
789
791
788
755
699
644
588
526
465
420
399
343
265
183
114
55
-6
-19
-27
-78
-154
-226
-243
-291
-367
-431
-481
-492
-548
-559
-524
-569
-614
-650
-627
-564
-603
-619
-606
-582
-573
-608
-614
-611
-606
-589
-585
-585
-563
-604
-617
-612
-603
-590
-578
-555
-553
-561
-560
-560
-593
-592
-581
-549
-485
-461
-461
-524
-561
-519
-457
-399
-376
-355
-338
-334
-328
-302
-254
-214
-221
-220
-185
-183
-210
-230
-204
-142
-94
-82
-90
-89
-86
-101
-70
-20
14
21
14
41
37
63
100
142
175
146
143
164
210
218
238
257
277
259
242
292
321
346
348
343
346
351
380
405
441
473
482
493
523
537
558
576
596
643
633
658
693
729
765
757
797
810
813
821
818
858
855
838
872
891
864
827
804
805
783
760
716
625
571
519
495
461
370
302
235
168
127
71
-10
-65
-111
-157
-211
-295
-355
-383
-415
-445
-439
-467
-500
-552
-610
-624
-634
-647
-649
-639
-652
-665
-666
-643
-639
-628
-600
-581
-572
-594
-603
-593
-558
-523
-510
-474
-480
-512
-497
-468
-420
-398
-389
-382
-429
-434
-427
-392
-336
-313
-279
-261
-287
-328
-311
-281
-235
-191
-194
-184
-183
-198
-193
-188
-161
-158
-164
-172
-181
-198
-210
-183
-177
-180
-174
-172
-190
-189
-159
-137
-119
-114
-121
-116
-117
-105
-79
-54
-53
-84
-70
-63
-32
0
32
39
12
18
15
51
89
121
134
129
115
109
145
178
178
189
207
234
268
298
351
384
386
402
436
503
547
567
583
599
610
615
650
670
702
713
696
718
724
704
696
710
721
706
687
667
638
581
518
495
503
481
449
431
378
300
217
159
144
150
151
130
82
14
-28
-21
-36
-44
-48
-65
-89
-149
-191
-233
-241
-245
-278
-316
-351
-379
-415
-432
-444
-439
-427
-444
-483
-517
-519
-526
-530
-527
-536
-532
-549
-523
-494
-486
-458
-451
-432
-446
-419
-402
-373
-358
-358
-338
-360
-347
-346
-327
-308
-306
-286
-249
-248
-269
-251
-230
-196
-189
-193
-206
-216
-208
-179
-158
-154
-148
-145
-125
-124
-112
-101
-83
-59
-60
-48
-48
-71
-68
-33
10
23
-8
-38
-47
-32
-17
-6
23
32
24
-15
-23
7
6
16
28
23
38
56
83
85
90
126
126
150
196
239
231
234
268
303
329
341
355
361
380
399
451
481
479
500
519
528
546
581
612
612
600
580
552
541
521
513
513
523
517
493
448
410
388
386
380
344
302
247
218
197
191
173
142
85
46
16
15
55
73
59
35
-19
-72
-84
-99
-80
-68
-108
-139
-173
-172
-149
-155
-161
-170
-165
-190
-225
-231
-236
-216
-233
-250
-250
-262
-282
-275
-244
-230
-247
-265
-265
-246
-219
-209
-204
-208
-195
-182
-173
-152
-132
-132
-142
-154
-164
-146
-151
-157
-163
-170
-186
-216
-252
-252
-220
-232
-267
-300
-304
-316
-326
-319
-313
-302
-316
-324
-342
-369
-362
-327
-282
-256
-247
-241
-227
-220
-209
-204
-193
-170
-155
-145
-137
-135
-137
-141
-160
-147
-124
-83
-64
-68
-77
-87
-64
-54
-16
11
41
58
70
91
112
160
190
222
259
270
283
310
343
378
393
424
440
450
467
478
471
474
474
474
483
490
496
473
453
445
460
486
482
444
401
371
358
337
333
319
291
254
219
217
204
201
174
124
85
73
87
76
66
50
7
-19
-58
-63
-65
-89
-104
-113
-114
-146
-159
-146
-149
-160
-197
-216
-203
-220
-213
-204
-205
-197
-224
-222
-199
-173
-168
-174
-169
-172
-159
-155
-125
-101
-102
-95
-102
-88
-67
-60
-52
-56
-54
-56
-59
-58
-65
-66
-68
-71
-105
-147
-183
-195
-177
-178
-198
-201
-203
-205
-219
-228
-226
-240
-249
-245
-220
-213
-223
-223
-233
-236
-231
-206
-191
-209
-218
-210
-213
-215
-196
-170
-170
-207
-237
-240
-223
-221
-213
-206
-210
-231
-261
-259
-230
-213
-188
-168
-161
-154
-137
-109
-77
-59
-54
-34
-15
-5
10
52
102
145
157
163
181
192
220
256
295
326
323
329
331
345
363
380
397
401
378
350
338
336
345
344
344
329
308
280
256
249
253
251
241
224
199
188
186
184
181
174
159
146
134
132
135
124
116
121
127
122
101
