-30
-26
-22
-19
-17
-13
-9
-5
-3
-2
2
5
6
10
13
17
21
23
25
29
30
32
33
33
34
34
36
36
38
40
41
42
41
40
39
39
39
38
35
36
34
34
35
34
34
33
31
29
27
27
24
21
19
17
17
17
16
14
12
12
12
10
8
5
1
0
-3
-5
-8
-8
-9
-12
-13
-14
-15
-16
-17
-18
-18
-16
-14
-14
-13
-13
-11
-12
-10
-9
-7
-4
-4
-2
-1
0
0
0
0
0
-1
-1
-2
-3
-4
-6
-7
-10
-10
-11
-12
-12
-13
-15
-17
-18
-16
-15
-16
-17
-17
-16
-15
-13
-12
-10
-9
-9
-10
-9
-9
-9
-9
-11
-12
-14
-14
-16
-16
-16
-16
-15
-15
-12
-10
-7
-7
-6
-5
-6
-2
0
1
2
5
6
7
9
9
9
10
12
11
11
11
10
12
13
12
12
14
13
14
13
15
16
18
20
21
20
19
20
21
20
19
21
21
22
20
19
17
15
12
9
8
7
6
5
4
1
2
0
-2
-4
-5
-4
-6
-7
-7
-7
-7
-8
-9
-9
-10
-11
-10
-11
-10
-9
-11
-12
-11
-12
-13
-13
-11
-10
-10
-8
-7
-7
-8
-9
-10
-11
-11
-11
-9
-8
-7
-6
-3
-4
-4
-3
-3
-2
0
1
1
1
-1
0
-1
-1
-1
-2
-2
-2
-2
0
1
0
2
4
6
8
10
12
15
17
17
19
19
19
19
21
20
20
21
22
21
21
20
18
15
14
10
7
4
3
2
1
-2
-3
-4
-6
-8
-9
-11
-13
-13
-14
-16
-19
-19
-22
-22
-22
-22
-23
-22
-21
-21
-22
-23
-24
-26
-27
-29
-30
-29
-28
-27
-27
-27
-24
-23
-22
-19
-18
-16
-14
-12
-11
-10
-11
-10
-9
-9
-8
-6
-7
-4
-3
-1
2
4
7
9
12
15
18
21
22
22
26
27
28
31
31
33
34
34
34
35
35
36
37
38
38
39
40
42
42
43
43
40
39
37
33
31
29
26
25
24
22
19
18
17
16
15
15
14
12
11
11
7
5
3
1
-2
-3
-5
-6
-9
-10
-12
-14
-16
-18
-21
-23
-24
-26
-27
-31
-33
-36
-39
-42
-44
-45
-49
-50
-51
-49
-47
-47
-46
-46
-45
-43
-42
-40
-39
-38
-37
-36
-34
-31
-31
-29
-26
-26
-24
-24
-22
-19
-18
-14
-13
-9
-5
-3
0
3
6
7
8
8
8
8
6
7
7
8
7
9
11
12
14
16
17
20
20
19
19
20
21
22
23
25
27
30
30
29
30
30
32
33
33
33
33
32
30
28
26
25
25
23
23
22
21
22
21
18
16
16
15
14
14
14
13
14
16
15
14
13
12
11
11
10
9
10
9
7
5
5
3
3
1
2
0
-1
-1
-2
-2
-2
-3
-3
-5
-5
-5
-6
-7
-7
-9
-9
-11
-12
-14
-15
-16
-17
-19
-21
-23
-25
-26
-26
-26
-26
-26
-27
-27
-26
-27
-25
-25
-26
-24
-23
-22
-21
-21
-18
-14
-12
-8
-6
-6
-4
-5
-3
-4
-4
-4
-2
-3
-3
-2
-1
1
1
2
2
1
1
0
-2
-2
-2
-3
-5
-6
-7
-8
-9
-10
-9
-9
-7
-8
-6
-5
-4
-4
-5
-6
-6
-8
-9
-9
-11
-12
-12
-14
-14
-14
-13
-14
-15
-13
-12
-11
-10
-8
-6
-4
0
3
4
8
11
14
18
21
24
26
29
32
34
36
38
40
41
43
44
46
48
48
49
49
48
47
46
44
42
39
37
34
33
27
26
25
23
20
18
15
11
10
8
5
2
1
-1
-5
-6
-10
-15
-17
-19
-23
-27
-32
-35
-37
-41
-44
-48
-50
-51
-52
-51
-50
-49
-49
-49
-48
-48
-45
-45
-45
-44
-41
-39
-33
-27
-23
-19
-15
-12
-9
-6
-2
0
4
8
12
15
18
23
24
27
29
33
34
36
40
43
45
47
47
47
48
48
49
48
48
49
48
45
43
41
37
33
28
25
21
16
12
8
2
-3
-6
-10
-14
-18
-20
-21
-26
-27
-28
-29
-31
-33
-36
-37
-41
-42
-42
-45
-47
-47
-47
-46
-45
-45
-43
-42
-40
-39
-35
-33
-30
-27
-23
-20
-16
-12
-11
-8
-8
-7
-6
-5
-4
-3
-1
2
5
8
11
13
14
18
20
22
25
25
25
24
25
25
24
23
23
23
23
22
22
23
22
22
20
18
17
16
17
15
14
14
12
11
10
9
9
8
8
8
7
5
5
6
6
4
5
6
6
6
5
4
3
2
2
1
0
-1
-4
-6
-7
-8
-10
-11
-11
-11
-9
-9
-8
-8
-7
-6
-5
-4
-3
-2
0
0
1
2
2
1
-2
-4
-5
-5
-7
-7
-8
-7
-6
-5
-3
-1
1
4
6
8
8
9
9
7
5
2
0
0
-2
-3
-5
-7
-6
-7
-9
-7
-7
-6
-7
-6
-6
-7
-9
-10
-12
-13
-14
-13
-12
-11
-11
-11
-9
-9
-9
-7
-7
-6
-2
0
2
3
5
5
5
5
4
4
4
5
4
6
7
8
8
7
7
7
7
5
5
4
2
2
1
2
2
2
3
3
5
6
6
6
7
7
7
7
6
6
5
4
3
2
-1
-1
-4
-6
-5
-5
-6
-5
-4
-3
-3
-1
0
-1
-2
-3
-5
-7
-7
-9
-10
-11
-11
-11
-10
-9
-7
-6
-6
-3
-3
-3
-4
-5
-3
-2
-2
-2
-2
-3
-1
0
1
1
2
4
7
9
11
13
15
17
19
19
19
18
20
19
17
16
14
14
12
10
9
7
2
1
-1
0
-1
-1
-2
-4
-4
-5
-6
-7
-7
-7
-6
-8
-7
-7
-9
-9
-9
-9
-8
-7
-7
-6
-5
-3
0
1
3
5
7
9
11
13
15
15
16
18
18
19
20
21
20
20
19
18
19
19
18
15
14
12
11
11
9
7
6
5
4
3
0
0
1
-1
-3
-5
-7
-9
-10
-11
-12
-14
-16
-16
-17
-20
-21
-22
-24
-25
-27
-29
-32
-32
-33
-35
-37
-38
-40
-41
-41
-42
-41
-39
-40
-40
-41
-40
-40
-39
-36
-35
-33
-30
-28
-27
-24
-22
-21
-18
-15
-11
-7
-4
-2
0
4
7
9
10
12
15
16
18
18
19
21
22
23
24
26
26
28
29
28
30
31
30
31
30
30
29
29
28
26
28
29
28
29
31
32
33
33
34
33
33
33
33
34
33
33
34
36
37
37
36
36
35
34
34
33
34
35
34
32
30
27
24
21
18
16
14
13
10
9
5
4
2
0
-2
-5
-5
-6
-8
-9
-10
-11
-13
-15
-18
-19
-22
-23
-23
-24
-26
-26
-27
-28
-29
-32
-33
-34
-35
-36
-38
-39
-40
-41
-42
-44
-46
-48
-49
-49
-49
-49
-50
-51
-51
-52
-52
-51
-52
-52
-51
-51
-50
-50
-48
-47
-46
-43
-39
-35
-31
-27
-25
-21
-16
-13
-9
-6
-2
1
4
8
11
15
18
20
23
26
28
32
34
36
37
39
41
42
45
47
48
48
46
45
44
41
41
40
40
39
39
38
37
35
34
32
32
30
27
24
21
20
18
15
13
12
10
9
6
6
2
0
-1
-3
-3
-4
-5
-7
-6
-7
-7
-9
-10
-10
-10
-11
-11
-9
-8
-6
-3
0
3
5
10
14
18
22
29
34
37
40
43
46
46
48
48
50
49
49
49
49
51
49
48
47
44
41
37
33
28
23
18
13
8
4
0
-5
-12
-16
-20
-24
-28
-32
-38
-42
-48
-52
-57
-63
-69
-75
-80
-85
-89
-93
-97
-102
-105
-108
-109
-110
-113
-112
-111
-112
-111
-109
-106
-103
-99
-95
-88
-82
-77
-71
-63
-55
-48
-40
-33
-24
-16
-7
1
8
15
23
28
32
39
43
49
53
58
64
70
75
81
86
89
91
95
98
100
102
102
101
100
98
93
89
85
80
76
69
63
57
50
43
34
29
23
18
13
9
6
1
-2
-5
-9
-12
-13
-14
-15
-13
-12
-12
-11
-10
-8
-8
-9
-9
-9
-10
-11
-11
-10
-9
-9
-9
-12
-11
-12
-9
-9
-8
-8
-5
0
5
9
11
14
19
22
26
29
33
37
38
40
43
43
41
41
39
37
35
33
30
28
26
23
21
18
16
14
11
10
7
3
1
-3
-4
-10
-15
-19
-23
-27
-31
-36
-40
-45
-49
-52
-57
-61
-65
-69
-73
-77
-80
-80
-81
-84
-84
-84
-85
-85
-86
-85
-83
-81
-80
-78
-75
-71
-69
-67
-65
-59
-56
-51
-46
-41
-36
-32
-27
-23
-20
-16
-13
-9
-6
0
3
6
10
14
18
24
30
37
42
48
54
58
62
63
65
67
69
72
73
74
74
73
73
72
71
70
70
68
65
64
61
59
61
56
52
48
45
44
40
37
35
31
27
26
25
24
22
20
19
19
18
18
17
16
16
15
16
16
13
13
13
13
12
13
12
12
11
9
10
9
9
8
8
7
8
8
7
5
4
4
3
3
3
0
-1
-5
-9
-14
-16
-21
-25
-27
-34
-38
-43
-47
-51
-55
-58
-61
-65
-68
-71
-73
-75
-75
-79
-79
-82
-85
-86
-89
-89
-90
-92
-91
-91
-90
-87
-84
-82
-78
-71
-67
-60
-53
-47
-40
-34
-28
-23
-19
-15
-9
-2
5
9
17
23
29
33
38
43
48
52
57
63
68
71
73
74
77
78
80
82
83
83
82
82
84
83
83
83
81
82
80
79
76
73
70
67
64
61
58
53
50
46
43
40
37
33
30
24
20
14
8
2
-5
-10
-17
-21
-24
-28
-31
-33
-36
-36
-37
-39
-37
-38
-38
-41
-43
-43
-44
-45
-45
-45
-44
-44
-43
-42
-42
-42
-40
-37
-34
-33
-31
-27
-24
-22
-21
-17
-16
-14
-11
-10
-10
-8
-9
-9
-10
-10
-10
-9
-8
-8
-6
-5
-2
0
5
7
9
11
12
15
16
18
19
18
17
13
11
6
3
0
-3
-6
-8
-12
-14
-17
-19
-20
-22
-22
-23
-24
-26
-28
-28
-27
-27
-26
-21
-19
-18
-15
-11
-7
-3
1
5
9
13
21
25
28
31
35
36
38
39
40
39
37
34
30
26
22
19
16
14
12
11
10
8
7
7
7
7
7
6
6
6
5
5
6
4
4
2
1
-1
-2
-3
-5
-6
-6
-5
-5
-4
-2
-1
-1
0
1
4
4
6
8
9
10
11
10
10
8
5
1
-3
-7
-12
-14
-17
-21
-25
-28
-30
-33
-35
-38
-41
-43
-46
-47
-47
-49
-49
-46
-44
-41
-36
-31
-27
-23
-18
-12
-6
1
8
16
25
32
39
46
55
62
67
71
75
78
80
80
80
77
75
72
68
64
58
52
48
44
39
33
28
24
18
13
6
1
-3
-7
-10
-14
-20
-25
-31
-37
-42
-48
-51
-56
-60
-65
-67
-68
-68
-69
-70
-70
-68
-65
-62
-58
-52
-46
-41
-34
-29
-24
-21
-17
-12
-9
-6
-2
3
6
7
9
10
9
7
7
5
3
2
2
3
1
3
6
5
4
4
7
7
6
9
9
9
10
8
5
8
10
13
14
17
25
25
27
30
31
29
27
26
25
24
24
23
22
19
16
15
13
11
9
7
5
3
2
0
-2
-2
-2
-2
-1
-1
0
1
2
3
5
6
5
4
4
2
1
0
1
1
2
3
4
6
7
9
10
12
13
13
14
14
14
13
14
15
13
14
14
14
15
13
11
9
6
2
-2
-5
-10
-12
-15
-17
-19
-22
-23
-25
-28
-27
-26
-27
-27
-29
-29
-29
-31
-31
-30
-31
-32
-31
-31
-29
-28
-27
-25
-23
-22
-20
-18
-16
-16
-16
-13
-13
-12
-12
-12
-11
-9
-6
-3
0
3
6
8
10
10
11
13
14
17
20
22
25
27
29
29
32
32
32
30
31
31
29
27
24
21
19
16
14
12
10
9
9
7
7
5
5
3
2
1
0
-1
-2
0
-1
0
1
0
0
-2
-3
-5
-6
-6
-6
-6
-6
-6
-5
-4
-4
-2
0
0
-1
-2
-2
-3
-2
-2
-3
-5
-6
-6
-8
-5
-5
-5
-4
-3
-3
-2
-1
1
2
4
7
6
8
10
8
8
8
8
8
12
14
12
13
15
15
16
18
18
19
23
24
22
24
24
19
17
13
8
6
3
0
-5
-9
-12
-14
-18
-23
-26
-28
-31
-36
-36
-34
-36
-38
-38
-39
-42
-44
-45
-45
-46
-43
-41
-42
-42
-39
-38
-37
-35
-33
-31
-29
-29
-28
-25
-21
-18
-16
-16
-16
-12
-5
-6
-1
9
13
19
25
26
27
30
37
38
41
49
53
54
58
60
63
63
63
62
56
55
59
57
57
58
58
55
52
50
43
36
37
33
28
31
25
29
29
22
19
11
9
1
-8
-9
-15
-10
-9
-19
-12
-18
-27
-29
-36
-37
-43
-40
-40
-47
-40
-38
-44
-44
-44
-46
-44
-40
-43
-44
-42
-47
-44
-43
-40
-39
-42
-36
-39
-45
-38
-45
-40
-36
-42
-31
-31
-29
-24
-25
-15
-20
-24
-16
-25
-17
-9
-17
-6
8
11
12
16
24
15
14
29
16
13
32
31
28
46
54
44
51
63
45
34
50
34
24
46
41
26
46
53
29
33
50
31
22
33
28
16
27
35
15
25
40
21
18
22
18
10
4
18
13
9
20
11
13
8
1
9
-7
-12
-10
-19
-21
-20
-8
-13
-22
-2
-10
-30
-20
-15
-33
-40
-20
-31
-47
-23
-26
-41
-35
-22
-31
-46
-27
-31
-49
-30
-34
-37
-27
-32
-18
-22
-26
-20
-27
-11
-23
-21
4
-18
-10
4
-2
2
-5
5
2
-16
-1
-1
-2
1
2
21
16
13
23
22
5
3
15
3
-14
2
17
0
2
35
32
8
28
43
26
17
48
49
8
36
68
20
7
46
39
4
14
42
0
-11
27
6
-19
-14
2
-8
-44
-28
-10
-48
-64
-16
-12
-69
-36
17
-47
-71
11
-17
-86
-14
17
-67
-46
27
-34
-61
28
8
-36
32
32
-18
19
50
8
8
70
27
2
79
29
-6
71
56
18
60
90
31
20
95
53
-2
85
67
-1
55
74
13
26
78
27
14
73
27
9
53
14
-5
25
9
-41
3
8
-73
-10
9
-78
-43
13
-49
-65
10
-9
-87
-17
15
-90
-50
4
-74
-84
-21
-54
-106
-49
-42
-103
-73
-67
-89
-82
-88
-82
-93
-80
-78
-73
-74
-75
-55
-73
-74
-23
-72
-62
-10
-54
-34
1
-13
-30
32
46
-25
59
101
-14
74
105
18
56
106
54
29
105
64
0
74
59
0
76
73
34
85
101
42
87
112
50
76
115
67
69
101
87
41
62
94
21
70
67
46
41
24
59
8
-13
42
-12
-12
5
-37
-3
-38
-52
-4
-50
-70
23
-13
-38
0
19
-50
-47
34
-65
-68
22
-68
-74
-8
-79
-76
-66
-74
-66
-83
-85
-65
-76
-82
-80
-47
-72
-71
-1
-62
-49
-8
-45
-60
-27
-16
-26
-24
19
17
1
8
4
37
-9
30
63
24
26
63
18
-15
33
60
7
20
111
-5
16
75
26
28
79
71
61
55
98
92
36
87
65
50
56
52
46
27
32
41
-13
-10
36
-11
-9
10
-9
-28
-18
-28
-42
-52
-46
-49
-89
-52
-55
-80
-83
-49
-103
-75
-63
-112
-64
-72
-108
-76
-46
-97
-70
-48
-101
-50
-8
-85
-53
-4
-26
-91
-15
38
-84
41
64
-30
3
84
-5
-42
93
42
17
85
76
29
48
85
94
26
143
84
15
172
13
0
155
23
70
105
59
86
0
79
28
-24
72
29
3
56
59
14
8
31
35
12
8
55
-8
-2
73
-27
-74
10
20
-31
-14
26
33
-47
8
-6
-51
-12
7
11
-49
-21
16
-43
-52
-56
17
-37
-73
-7
7
-33
-68
51
-30
-80
58
16
-66
9
43
-15
-116
17
21
-107
34
47
-66
-40
2
-28
-121
-31
52
-101
-8
-16
-116
9
-86
-28
-18
-108
-9
-28
-71
-55
-50
11
-38
-75
30
-49
-56
-6
-24
-28
12
-55
-36
-4
-39
8
-26
-27
-2
-1
30
-20
-12
57
4
39
50
25
48
37
48
75
3
27
63
67
11
4
138
9
1
140
52
-12
151
129
39
51
115
74
36
130
63
-18
208
69
-20
37
85
98
-28
196
59
-50
148
32
-82
11
80
-15
-116
110
-16
-209
25
-13
-146
-29
18
-54
-103
-41
-17
-137
-110
-17
-54
-85
30
-15
-146
-75
-2
-89
-93
16
79
-86
-21
51
-139
-52
97
-74
-61
91
-58
-7
-67
-31
-69
-48
121
-159
-40
164
-178
-37
103
-163
-133
51
119
-188
24
240
-267
-91
153
-132
-181
136
106
-204
38
121
-263
-8
168
-41
-1
165
74
-146
112
91
-155
161
154
5
123
66
7
-12
101
71
-49
182
122
-78
131
2
-43
22
45
132
-15
-8
88
-79
-12
-17
-47
42
-41
121
-38
-127
71
3
0
-26
-13
152
-70
34
39
-89
-21
50
97
-147
59
167
-97
-24
62
-62
5
74
68
-63
32
46
-138
24
7
-79
6
16
-118
-26
-7
-162
-54
4
-28
-42
-15
-55
-37
26
-118
-95
106
-21
-74
84
-37
-140
39
-26
-154
155
53
-101
5
-41
-18
-75
60
100
-44
106
57
-103
-30
8
-6
73
38
16
55
-11
-25
-13
-33
47
84
19
27
-38
108
9
-153
68
17
-7
96
71
38
-62
99
27
-139
180
128
-56
79
154
-61
-180
133
120
-71
114
127
-48
-26
75
-132
-83
107
124
75
-147
-42
134
-129
-111
-22
0
-57
32
188
-370
-140
220
-209
-124
-25
80
-61
-89
155
-238
-136
81
-88
-53
-35
129
27
-138
78
-117
-222
0
42
19
-52
18
-7
-238
24
-72
-186
278
135
-62
19
-121
-48
29
183
56
-145
239
45
-125
75
65
51
-1
109
29
-146
198
43
-79
203
-41
-47
74
27
22
98
160
-82
-22
189
-150
-55
223
36
10
25
-7
20
-25
50
-3
-13
74
88
18
-197
69
326
-82
-140
153
-21
-129
125
135
-150
88
205
-140
-186
62
55
-85
172
234
-90
-179
47
-4
-274
7
262
46
65
21
-199
-273
-113
130
18
54
22
-105
-27
-328
-199
123
-122
15
157
-129
-235
-51
1
-260
-5
179
-138
-71
-7
-104
-109
-39
-82
-125
73
22
-7
77
-170
-111
14
-78
68
60
26
23
-18
-10
-50
27
18
46
96
-40
99
28
-90
164
81
-18
51
79
57
-30
117
71
-61
106
37
-1
80
57
44
-4
34
1
28
72
77
125
-8
31
74
-40
123
76
-35
176
93
-88
-64
54
57
31
156
12
-118
63
-5
-101
85
105
0
71
31
-162
-92
16
14
81
160
29
-145
-57
-62
-126
20
47
13
48
-61
-191
-203
-75
-18
4
110
-2
-170
-86
-117
-161
-26
23
79
110
-48
-147
-49
-50
-17
100
100
14
40
56
-160
-155
70
-17
41
223
-76
-161
-10
-118
-121
36
128
58
66
46
-173
-91
38
-2
109
147
51
-13
-30
-57
-74
49
86
108
73
-56
-46
-64
-39
110
60
-17
51
5
-81
-109
-30
1
-19
72
33
-83
-25
-3
-8
-11
-68
-26
-22
-38
27
-10
-74
-54
-28
-116
-132
34
11
-32
60
-59
-183
-32
-3
-128
-24
47
-30
6
32
-44
13
94
9
30
101
103
126
114
109
66
58
113
97
116
119
132
150
38
81
100
-6
68
92
14
39
78
50
10
44
0
-57
70
64
18
81
47
-24
-69
-27
-29
-38
71
44
-11
-2
-116
-144
-115
-113
-37
13
27
-35
-53
-69
-235
-210
-107
-81
35
79
-18
-112
-119
-179
-253
-83
53
12
73
39
-130
-137
-66
-76
-87
59
197
91
37
74
-42
-120
-59
39
49
111
219
64
-87
-65
-116
-120
60
180
118
68
53
-94
-159
-16
12
41
136
116
50
-50
-72
-7
-13
21
61
45
47
34
-7
-97
-48
27
-49
0
100
2
-33
54
-38
-100
46
68
-71
2
88
-36
-79
25
6
-61
27
74
-1
-15
58
52
0
44
105
18
-17
86
71
5
86
128
7
-12
44
-12
-60
55
137
42
42
90
-2
-55
9
84
98
95
142
72
-29
-21
31
52
43
129
115
-35
-68
-92
-129
-118
-47
16
-113
-160
-163
-326
-344
-222
-152
-128
-73
-92
-253
-282
-240
-249
-135
-18
-14
-11
-63
-174
-202
-123
-80
-86
-19
-26
-130
-105
-80
-157
-136
5
52
9
99
164
68
90
225
199
228
424
468
307
274
367
311
367
558
548
440
399
299
140
112
237
297
255
246
170
23
-36
-9
39
73
140
187
109
60
55
16
38
85
123
111
82
47
-88
-183
-196
-204
-186
-201
-261
-364
-490
-561
-625
-675
-639
-532
-480
-534
-581
-633
-681
-677
-635
-583
-561
-461
-430
-529
-542
-591
-642
-594
-440
-360
-368
-157
-10
-29
161
322
275
392
704
802
740
957
1003
787
805
718
531
648
864
759
560
551
292
-6
64
130
271
561
679
532
463
520
448
572
875
1030
1116
1095
901
624
428
353
259
198
128
-28
-276
-585
-780
-916
-1010
-962
-925
-919
-908
-884
-881
-923
-842
-734
-664
-534
-457
-450
-472
-474
-472
-506
-476
-504
-623
-728
-771
-790
-867
-763
-685
-802
-881
-1056
-1202
-950
-265
294
481
750
692
275
294
577
856
1442
2090
1919
1251
893
396
-5
451
1063
1141
1111
949
227
-424
-478
-382
-44
676
1112
1022
762
437
130
197
655
1158
1560
1681
1433
952
379
36
20
137
221
255
12
-609
-1136
-1418
-1568
-1400
-1037
-871
-880
-931
-1109
-1295
-1189
-897
-617
-381
-269
-352
-499
-590
-632
-551
-407
-326
-398
-658
-899
-1050
-1153
-1130
-986
-853
-905
-1066
-1163
-1125
-721
-107
380
807
1088
1060
785
732
1088
1530
1910
1941
1583
1097
687
477
447
648
810
721
459
33
-273
-348
-224
164
570
766
778
786
785
697
855
1201
1404
1570
1647
1449
1023
650
434
233
201
211
10
-324
-731
-1048
-1290
-1332
-1132
-1007
-944
-915
-943
-1030
-1074
-867
-682
-572
-401
-360
-427
-518
-539
-597
-667
-540
-584
-741
-771
-943
-1174
-1224
-1156
-1158
-1082
-898
-1173
-1255
-772
-618
-444
102
533
640
863
966
603
884
1531
1356
1118
1230
925
478
590
677
419
613
729
167
-60
93
-84
-63
479
769
668
804
882
700
847
1144
1265
1395
1511
1387
1088
860
630
427
371
304
140
-149
-487
-775
-1018
-1095
-963
-824
-827
-829
-822
-898
-883
-694
-474
-263
-107
-149
-257
-324
-370
-393
-359
-315
-367
-505
-722
-956
-1092
-1091
-975
-922
-1046
-1116
-1204
-1471
-1446
-922
-442
-126
229
307
171
334
513
666
1420
2058
1605
916
696
267
-14
563
1004
943
961
515
-519
-861
-397
-146
218
949
1045
498
192
81
-22
363
1111
1532
1633
1569
1121
587
432
494
615
857
967
603
24
-455
-877
-1036
-849
-590
-452
-505
-765
-1069
-1153
-1031
-741
-257
106
114
-26
-136
-273
-346
-193
-43
-35
-96
-276
-531
-828
-1040
-1025
-929
-910
-1019
-1153
-1287
-1393
-1245
-1205
-1233
-858
-456
-202
156
524
613
867
1317
1230
1168
1518
1308
807
814
755
430
539
710
294
68
38
-503
-693
-175
22
-59
203
295
-52
28
410
521
818
1280
1389
1320
1385
1344
1139
1116
1121
928
751
574
254
-115
-363
-526
-757
-894
-935
-1040
-1091
-1032
-877
-746
-612
-410
-288
-128
30
108
218
248
199
85
-118
-301
-368
-338
-402
-510
-651
-915
-1085
-1202
-1383
-1457
-1354
-1240
-1332
-1219
-877
-838
-676
-280
-26
140
579
1069
892
938
1506
1271
673
706
681
274
482
924
517
292
451
-221
-852
-475
-141
-256
34
354
-9
-182
141
230
430
944
1200
1224
1392
1496
1294
1234
1225
972
805
767
582
302
88
-241
-633
-794
-901
-1032
-960
-823
-759
-669
-486
-396
-361
-177
-29
47
216
372
376
236
58
-109
-331
-423
-386
-352
-460
-667
-870
-1156
-1289
-1351
-1430
-1335
-1196
-1171
-1150
-948
-731
-281
336
373
237
561
796
559
638
1130
1267
1251
1044
278
-202
19
144
136
545
726
60
-574
-782
-899
-633
-43
386
548
551
295
8
266
677
991
1506
1850
1720
1358
1081
780
568
714
741
605
526
167
-418
-836
-984
-1027
-855
-511
-469
-581
-582
-634
-641
-476
-123
181
287
323
260
149
-54
-183
-125
-93
-112
-197
-347
-603
-871
-1004
-1085
-1043
-991
-1106
-1249
-1298
-1260
-1213
-978
-555
-299
22
481
459
229
556
986
772
862
1469
1146
532
638
305
-334
162
659
93
121
362
-719
-1265
-462
-297
-499
269
594
-79
-85
263
196
598
1288
1345
1296
1499
1335
966
919
894
750
686
507
264
44
-293
-573
-687
-750
-717
-517
-474
-538
-443
-379
-303
-101
117
182
144
159
139
141
176
88
-21
-111
-176
-237
-350
-427
-575
-720
-788
-857
-933
-1020
-1067
-1099
-1146
-1159
-1052
-731
-440
-251
268
347
-173
-3
608
467
306
1123
1096
218
447
462
-391
-10
807
139
-63
759
-63
-1157
-299
92
-522
53
690
60
21
542
174
220
1017
917
722
1314
1358
905
1002
1048
618
589
647
317
268
268
-100
-304
-287
-556
-703
-432
-349
-398
-260
-210
-302
-302
-237
-230
-193
-85
24
82
13
-108
-244
-355
-365
-342
-350
-352
-394
-530
-660
-760
-932
-1087
-963
-900
-1023
-999
-981
-1023
-872
-502
-322
-235
-10
186
391
459
424
697
1022
844
525
557
507
380
550
588
570
705
313
-324
-176
128
-91
44
537
374
39
192
258
370
766
1001
1105
1317
1306
1025
1019
1075
931
918
851
678
567
283
-72
-244
-433
-680
-644
-557
-768
-800
-719
-918
-923
-689
-692
-710
-522
-461
-482
-312
-295
-460
-344
-238
-376
-366
-264
-426
-596
-511
-580
-752
-748
-852
-1152
-1332
-1363
-1367
-1205
-892
-620
-467
-440
-557
-453
131
577
661
991
1384
1213
812
755
861
999
1273
1297
1150
1199
910
187
-34
205
124
63
361
391
120
4
-53
32
367
613
789
1188
1472
1303
1194
1262
1118
1026
1135
1121
982
843
542
62
-320
-595
-809
-806
-766
-895
-1055
-1119
-1132
-1210
-1159
-958
-818
-664
-460
-347
-390
-382
-283
-236
-142
-44
-150
-293
-378
-571
-720
-680
-757
-1031
-1133
-1280
-1643
-1694
-1464
-1327
-1001
-466
-375
-702
-628
-101
373
794
1120
1332
1509
1399
953
662
822
1165
1252
1123
1093
897
226
-314
-243
-133
-132
128
328
187
-2
-198
-335
-7
500
685
965
1391
1299
1011
1076
1065
908
1037
1135
952
830
610
77
-296
-444
-758
-884
-679
-762
-1056
-1108
-1150
-1265
-1147
-863
-678
-467
-210
-170
-168
-49
30
80
235
349
251
196
155
-103
-310
-398
-569
-715
-845
-1044
-1280
-1414
-1505
-1566
-1320
-964
-614
-289
-241
-229
129
573
688
894
1513
1821
1577
1267
1030
887
913
893
746
836
868
211
-493
-583
-619
-754
-543
-190
-120
-187
-296
-448
-255
157
428
802
1297
1442
1270
1201
1107
884
836
883
849
826
603
98
-348
-658
-961
-1041
-847
-799
-897
-928
-996
-1072
-978
-761
-500
-174
48
82
140
208
185
235
350
330
224
196
133
-53
-216
-397
-646
-816
-932
-1113
-1282
-1353
-1385
-1428
-1304
-957
-631
-430
-224
-32
68
294
574
714
1140
1682
1533
1043
972
866
508
578
802
707
716
513
-322
-805
-652
-790
-898
-358
-30
-243
-285
-297
-473
-273
157
432
877
1351
1330
1148
1098
882
693
817
950
982
946
588
71
-286
-628
-859
-756
-619
-661
-674
-712
-898
-940
-759
-554
-281
39
209
324
485
518
472
587
706
588
429
380
286
101
-65
-268
-557
-820
-1055
-1346
-1470
-1342
-1318
-1353
-1163
-948
-954
-858
-560
-332
74
654
824
889
1293
1344
901
779
897
769
791
913
632
419
377
-218
-902
-869
-757
-970
-830
-465
-483
-584
-586
-670
-569
-177
169
538
1083
1347
1217
1139
1165
1076
1047
1204
1314
1263
1051
659
220
-136
-446
-615
-583
-568
-681
-746
-751
-852
-876
-713
-507
-293
-29
233
464
655
701
667
729
778
684
629
622
453
171
-99
-422
-755
-1022
-1302
-1556
-1668
-1797
-1994
-1966
-1756
-1587
-1342
-1027
-846
-601
-83
310
446
838
1396
1513
1326
1224
1088
949
964
844
626
669
527
-174
-728
-842
-1067
-1332
-1192
-925
-843
-751
-697
-719
-538
-234
3
427
1070
1451
1564
1771
1903
1776
1680
1682
1634
1589
1485
1169
815
505
39
-402
-584
-725
-873
-814
-690
-727
-718
-584
-481
-336
-50
243
510
786
926
937
958
901
690
529
440
261
29
-222
-574
-980
-1332
-1637
-1895
-2075
-2211
-2297
-2266
-2131
-1908
-1579
-1258
-1062
-876
-576
-226
99
517
996
1297
1348
1198
916
672
570
491
434
520
537
229
-234
-632
-989
-1225
-1212
-1034
-785
-497
-329
-340
-301
-157
-26
230
724
1271
1734
2077
2215
2161
2023
1845
1711
1732
1812
1763
1602
1312
803
232
-181
-423
-517
-469
-396
-372
-340
-345
-401
-347
-160
13
207
486
683
720
703
634
461
273
99
-127
-362
-559
-778
-1031
-1252
-1492
-1789
-2012
-2117
-2191
-2178
-2007
-1759
-1528
-1295
-1103
-981
-809
-570
-389
-211
70
340
528
651
619
453
340
272
143
116
257
334
277
158
-48
-292
-430
-493
-512
-364
-119
28
101
185
212
204
327
587
879
1211
1547
1754
1844
1851
1749
1612
1561
1540
1468
1392
1272
1009
684
388
108
-129
-243
-270
-270
-236
-206
-222
-235
-226
-228
-202
-125
-46
-8
-33
-121
-267
-456
-667
-849
-960
-1020
-1051
-1072
-1136
-1237
-1309
-1364
-1403
-1354
-1236
-1115
-994
-862
-789
-762
-697
-638
-617
-543
-439
-384
-276
-106
8
98
225
300
337
448
551
598
715
871
926
902
845
713
575
501
411
309
305
338
301
259
281
309
356
468
598
751
975
1211
1368
1473
1507
1412
1293
1258
1243
1180
1094
956
744
494
238
8
-134
-185
-221
-251
-268
-329
-435
-535
-637
-721
-758
-767
-770
-816
-926
-1075
-1224
-1336
-1390
-1354
-1248
-1131
-1035
-993
-1005
-1010
-978
-929
-847
-738
-675
-677
-718
-788
-867
-905
-907
-916
-905
-841
-774
-725
-622
-450
-230
26
284
511
730
944
1090
1166
1233
1310
1384
1410
1339
1187
1000
809
624
452
319
272
280
285
294
350
438
551
725
926
1115
1278
1401
1473
1523
1530
1479
1433
1401
1316
1157
988
815
606
399
217
49
-91
-220
-379
-539
-672
-824
-992
-1119
-1207
-1278
-1320
-1337
-1366
-1408
-1426
-1388
-1296
-1175
-1066
-961
-850
-761
-711
-679
-640
-599
-582
-591
-646
-728
-814
-906
-1003
-1064
-1070
-1058
-1035
-969
-877
-783
-651
-468
-250
27
353
663
921
1141
1294
1348
1339
1302
1244
1189
1149
1062
915
747
570
397
258
165
128
171
280
429
619
815
961
1062
1174
1297
1395
1468
1511
1521
1489
1399
1262
1109
952
789
619
433
240
67
-89
-252
-426
-591
-742
-857
-952
-1072
-1193
-1281
-1330
-1357
-1355
-1321
-1264
-1207
-1162
-1112
-1034
-942
-848
-768
-731
-721
-690
-662
-678
-722
-775
-847
-906
-953
-1016
-1053
-1031
-980
-917
-835
-739
-617
-459
-291
-133
45
247
462
675
848
966
1066
1133
1125
1065
991
884
777
720
676
616
574
541
502
485
494
511
568
681
812
946
1101
1245
1329
1359
1361
1347
1337
1319
1273
1214
1153
1064
941
808
651
467
290
128
-34
-191
-344
-495
-644
-793
-940
-1067
-1142
-1181
-1213
-1238
-1233
-1184
-1109
-1029
-972
-933
-891
-851
-823
-800
-776
-749
-715
-706
-739
-806
-884
-954
-1004
-1040
-1053
-1021
-963
-909
-859
-792
-693
-560
-407
-243
-76
84
220
324
404
477
558
641
715
765
788
784
761
714
657
643
690
763
833
904
950
968
973
961
942
957
1009
1068
1134
1197
1218
1183
1125
1065
1003
965
947
919
868
799
702
563
404
236
56
-127
-277
-406
-543
-673
-790
-909
-1024
-1107
-1157
-1183
-1188
-1175
-1147
-1103
-1046
-996
-953
-915
-906
-919
-915
-893
-881
-887
-904
-925
-944
-968
-999
-1015
-998
-961
-911
-839
-748
-651
-537
-405
-266
-127
-9
77
156
229
286
331
374
420
488
574
639
688
734
760
762
772
806
883
1012
1140
1214
1240
1236
1203
1160
1132
1117
1126
1147
1169
1192
1214
1205
1157
1098
1038
973
929
911
886
818
702
537
339
134
-50
-207
-329
-419
-510
-610
-712
-803
-887
-957
-998
-1022
-1031
-1016
-995
-983
-980
-982
-1004
-1053
-1114
-1169
-1213
-1230
-1238
-1257
-1282
-1314
-1343
-1363
-1361
-1320
-1248
-1152
-1034
-901
-768
-636
-498
-359
-227
-106
5
97
174
238
272
297
349
425
508
592
658
695
728
765
797
857
964
1091
1205
1282
1305
1295
1274
1241
1200
1182
1211
1258
1301
1332
1342
1318
1268
1197
1123
1075
1052
1031
984
884
718
508
294
93
-86
-229
-338
-434
-522
-608
-694
-769
-840
-920
-983
-987
-953
-913
-882
-878
-914
-972
-1037
-1104
-1152
-1180
-1224
-1288
-1351
-1408
-1457
-1477
-1458
-1414
-1354
-1286
-1214
-1130
-1029
-925
-813
-646
-426
-212
-37
103
198
246
271
284
299
365
492
623
721
769
744
666
611
605
652
793
1035
1250
1339
1324
1251
1164
1115
1124
1170
1286
1441
1531
1540
1498
1391
1241
1142
1114
1123
1148
1150
1058
872
624
339
95
-57
-160
-250
-306
-366
-465
-567
-653
-733
-792
-810
-791
-739
-693
-708
-764
-821
-889
-961
-1011
-1051
-1121
-1213
-1312
-1408
-1489
-1552
-1587
-1568
-1502
-1440
-1405
-1372
-1332
-1300
-1244
-1119
-899
-613
-333
-130
-30
12
59
138
232
325
444
594
702
700
598
465
364
317
320
409
617
843
933
870
756
675
690
825
1022
1222
1398
1502
1520
1512
1494
1458
1449
1498
1559
1572
1516
1366
1100
779
495
292
189
163
96
-85
-320
-546
-735
-828
-786
-676
-552
-421
-348
-357
-395
-457
-543
-578
-524
-445
-414
-472
-648
-913
-1166
-1335
-1416
-1408
-1349
-1322
-1358
-1420
-1504
-1598
-1621
-1544
-1415
-1197
-833
-453
-189
-60
-34
4
181
415
589
773
960
996
838
567
326
246
263
261
311
453
556
525
347
110
38
197
424
708
1055
1265
1298
1271
1176
1110
1245
1446
1587
1743
1793
1599
1325
1010
589
292
223
188
154
103
-135
-482
-747
-977
-1091
-939
-706
-533
-372
-323
-424
-499
-524
-520
-392
-189
-57
-27
-160
-499
-847
-1045
-1146
-1161
-1093
-1059
-1142
-1320
-1572
-1778
-1828
-1757
-1616
-1371
-1027
-642
-324
-172
-127
-33
214
565
864
1064
1230
1271
1021
599
292
185
202
238
226
245
327
239
-72
-286
-288
-211
1
388
764
1020
1127
1060
1008
1143
1335
1509
1757
1920
1814
1564
1278
908
551
340
233
191
145
-26
-302
-576
-841
-1023
-978
-750
-498
-302
-195
-173
-189
-204
-144
11
149
238
339
376
251
15
-243
-481
-653
-747
-810
-870
-964
-1174
-1464
-1687
-1794
-1821
-1734
-1536
-1330
-1123
-825
-509
-306
-129
139
409
599
759
901
1049
1157
1027
678
423
310
143
11
81
221
253
125
-186
-503
-587
-486
-300
35
418
619
631
593
596
713
965
1274
1544
1710
1727
1571
1261
908
608
377
259
255
218
62
-179
-506
-851
-1018
-995
-878
-643
-353
-210
-223
-262
-283
-242
-89
124
355
554
597
454
217
-34
-246
-364
-390
-385
-436
-610
-829
-1037
-1297
-1538
-1597
-1523
-1395
-1189
-940
-711
-492
-348
-304
-172
151
529
831
979
947
876
803
615
379
267
282
308
243
125
79
45
-156
-438
-568
-510
-332
-104
76
198
265
216
198
432
775
1013
1226
1396
1380
1257
1100
879
700
595
418
251
199
41
-277
-513
-665
-811
-806
-690
-600
-473
-332
-313
-281
-152
-62
35
220
345
396
476
457
285
139
38
-67
-89
-119
-285
-466
-644
-884
-1026
-1040
-1113
-1201
-1202
-1201
-1132
-861
-519
-247
-48
35
107
346
591
660
704
816
851
738
518
303
221
205
117
38
95
179
109
-135
-403
-501
-404
-225
-45
118
223
228
180
223
423
690
918
1074
1121
1067
975
835
646
472
303
133
55
-12
-194
-378
-505
-648
-705
-619
-539
-446
-287
-214
-207
-116
-37
-25
28
80
95
165
218
163
100
38
-55
-134
-215
-302
-341
-426
-574
-671
-803
-975
-1029
-1120
-1274
-1102
-669
-323
-18
119
-94
-182
55
190
392
869
1076
952
813
349
-227
-191
92
141
330
518
317
87
-141
-587
-666
-203
119
294
553
507
237
145
65
93
528
955
1108
1215
1087
687
498
450
281
296
436
331
166
7
-362
-617
-543
-502
-447
-195
-93
-203
-210
-229
-337
-247
-56
-9
54
143
67
-21
0
-39
-98
-58
-49
-128
-209
-327
-478
-551
-597
-717
-837
-921
-1020
-1093
-1065
-873
-506
-195
-127
-156
-137
-74
101
361
544
715
901
820
463
170
23
-18
130
277
264
321
348
3
-393
-450
-328
-80
300
502
471
409
242
93
286
596
770
985
1114
941
722
562
335
225
232
122
74
128
-51
-308
-374
-481
-595
-440
-262
-214
-100
-68
-213
-219
-130
-153
-92
53
35
19
107
52
-58
-28
-25
-98
-120
-162
-259
-323
-401
-505
-586
-718
-887
-962
-960
-898
-714
-489
-311
-215
-303
-419
-269
61
381
640
729
669
643
552
294
136
204
297
332
313
242
216
132
-181
-454
-399
-150
117
320
360
268
124
27
162
488
740
906
1014
917
715
606
494
395
381
270
113
130
66
-206
-343
-391
-540
-524
-337
-284
-243
-146
-220
-294
-201
-172
-172
-49
-3
1
133
183
83
36
-29
-148
-143
-105
-142
-152
-247
-483
-622
-729
-937
-1031
-1022
-1093
-1014
-768
-626
-491
-364
-454
-431
-34
326
521
709
716
631
724
670
375
359
509
403
290
311
262
228
146
-198
-423
-214
28
127
270
283
71
-14
150
405
735
1026
1083
993
910
792
684
682
663
514
367
290
154
-51
-213
-356
-500
-522
-431
-389
-377
-362
-431
-480
-395
-328
-316
-225
-142
-151
-92
24
45
50
76
3
-59
-8
10
-58
-149
-315
-515
-647
-780
-950
-1076
-1157
-1159
-1013
-814
-697
-633
-590
-506
-253
116
392
554
647
645
635
644
567
485
522
509
360
268
291
270
135
-79
-289
-294
-88
92
172
218
151
23
83
333
604
833
953
921
847
793
727
705
705
599
434
324
206
45
-92
-218
-310
-323
-330
-367
-394
-436
-479
-445
-382
-321
-244
-224
-256
-212
-100
10
131
182
99
29
38
39
58
69
-65
-250
-385
-546
-698
-796
-938
-1091
-1153
-1147
-996
-675
-471
-467
-440
-365
-246
39
333
504
749
946
808
576
465
336
279
360
337
305
404
267
-149
-418
-487
-431
-127
177
203
153
95
-57
-19
295
552
747
971
981
800
682
570
428
410
413
348
346
315
85
-159
-263
-327
-317
-194
-125
-155
-188
-267
-360
-310
-193
-154
-139
-107
-88
-4
131
198
222
254
264
248
197
97
33
-2
-134
-299
-393
-526
-730
-924
-1122
-1183
-921
-601
-515
-527
-569
-612
-394
-3
198
342
596
668
562
519
410
288
413
482
276
204
298
170
-86
-276
-502
-568
-293
-60
-43
-18
-71
-257
-237
17
218
416
662
716
597
544
503
413
386
363
264
239
263
119
-113
-219
-262
-291
-223
-147
-168
-188
-187
-241
-251
-151
-82
-85
-58
-36
-42
33
150
193
237
309
307
275
277
221
106
22
-75
-193
-242
-326
-570
-845
-1007
-992
-768
-482
-371
-404
-393
-312
-176
31
220
368
538
652
593
452
328
239
215
228
208
208
272
240
26
-220
-359
-327
-121
82
119
44
-56
-145
-132
-5
137
283
452
529
484
427
362
261
202
194
205
259
279
124
-126
-283
-329
-307
-199
-73
-29
-39
-64
-113
-143
-111
-59
-34
-16
11
18
29
81
130
148
194
249
231
188
171
97
-30
-92
-162
-320
-472
-645
-899
-1011
-857
-667
-557
-484
-509
-520
-312
-42
89
233
433
530
583
603
458
297
279
247
155
150
172
128
34
-155
-395
-472
-341
-172
-58
-47
-138
-227
-224
-137
7
193
394
565
629
611
595
567
502
450
431
412
389
298
82
-155
-299
-345
-288
-171
-117
-124
-123
-131
-130
-62
14
69
148
204
198
202
225
223
246
298
303
282
259
179
71
-28
-154
-285
-381
-490
-674
-890
-1069
-1158
-1090
-937
-841
-774
-687
-585
-407
-167
19
179
365
510
585
630
600
484
385
294
178
131
136
58
-75
-213
-394
-539
-530
-427
-326
-215
-128
-99
-61
24
131
307
563
776
898
986
1009
936
849
793
729
686
658
534
310
84
-126
-293
-320
-258
-236
-247
-243
-250
-244
-172
-85
-4
119
244
305
339
383
404
426
462
448
369
272
157
17
-135
-291
-441
-570
-715
-906
-1117
-1303
-1400
-1370
-1261
-1120
-965
-814
-689
-555
-371
-174
44
281
463
582
686
712
636
516
373
236
148
85
-11
-120
-240
-386
-519
-591
-613
-566
-433
-289
-170
-57
33
130
287
481
671
863
1023
1099
1101
1060
984
915
880
833
742
608
413
175
-33
-179
-263
-299
-309
-309
-303
-298
-294
-266
-187
-62
85
226
330
392
433
465
487
483
448
390
303
191
62
-81
-249
-423
-599
-785
-968
-1133
-1280
-1390
-1441
-1443
-1394
-1281
-1137
-990
-821
-626
-438
-257
-70
111
267
390
475
526
542
516
443
325
194
102
54
39
35
10
-41
-93
-131
-138
-97
-1
123
246
366
462
523
585
662
749
846
945
1012
1049
1059
1037
982
907
813
716
642
579
491
381
271
169
86
36
-5
-41
-55
-53
-44
-28
-22
-33
-45
-52
-69
-93
-109
-139
-189
-252
-332
-433
-539
-646
-749
-840
-926
-1020
-1115
-1204
-1285
-1339
-1341
-1302
-1235
-1141
-1035
-935
-841
-750
-647
-521
-385
-258
-158
-90
-36
14
60
94
125
164
203
242
297
356
416
478
533
579
610
635
666
712
763
809
841
854
851
842
843
843
851
865
882
895
897
876
843
810
779
746
709
672
630
574
511
449
385
315
243
175
117
61
3
-56
-121
-193
-265
-346
-438
-537
-633
-721
-807
-897
-987
-1077
-1158
-1224
-1268
-1290
-1301
-1302
-1289
-1268
-1244
-1204
-1140
-1059
-958
-856
-770
-700
-633
-557
-471
-379
-296
-224
-166
-119
-80
-32
29
93
163
233
294
353
423
493
568
652
736
822
900
955
981
995
1006
1018
1027
1028
1018
994
960
920
888
868
856
847
840
828
811
796
779
753
715
669
623
580
537
486
424
348
266
190
117
45
-31
-115
-212
-322
-429
-545
-665
-777
-887
-990
-1076
-1156
-1230
-1287
-1327
-1351
-1355
-1335
-1298
-1256
-1210
-1165
-1120
-1061
-987
-905
-832
-771
-708
-640
-570
-500
-428
-350
-279
-225
-180
-133
-82
-24
46
120
192
263
335
403
469
546
639
741
833
900
934
942
945
950
964
979
977
954
923
888
863
854
850
849
847
847
846
848
847
840
819
786
744
703
668
627
572
504
427
342
259
180
94
0
-102
-206
-315
-431
-554
-676
-791
-903
-1007
-1096
-1169
-1234
-1285
-1318
-1337
-1338
-1324
-1293
-1257
-1223
-1184
-1133
-1071
-1012
-960
-908
-849
-795
-735
-672
-613
-551
-485
-422
-367
-312
-255
-192
-119
-30
63
155
242
317
382
455
549
648
753
842
902
929
941
946
947
957
974
990
997
993
974
945
927
924
929
943
961
971
974
968
950
922
897
869
830
786
734
666
590
516
434
345
252
154
56
-40
-139
-248
-365
-482
-601
-716
-819
-915
-1002
-1077
-1140
-1194
-1234
-1260
-1275
-1279
-1269
-1249
-1223
-1191
-1167
-1148
-1125
-1092
-1049
-996
-937
-879
-822
-762
-704
-645
-579
-510
-440
-363
-282
-198
-109
-21
63
142
225
314
405
497
580
653
719
780
832
872
899
913
920
930
945
962
978
988
989
993
1003
1023
1045
1066
1080
1080
1069
1052
1029
1000
962
921
863
790
714
635
554
470
378
282
184
83
-23
-137
-255
-374
-490
-599
-703
-806
-903
-990
-1065
-1123
-1166
-1197
-1221
-1240
-1257
-1265
-1259
-1244
-1226
-1209
-1191
-1174
-1153
-1125
-1090
-1048
-996
-938
-877
-817
-760
-701
-638
-568
-489
-399
-302
-208
-120
-29
69
180
290
397
492
575
647
715
782
841
889
918
935
944
954
969
988
1011
1033
1056
1076
1097
1119
1146
1173
1195
1210
1214
1206
1188
1157
1114
1059
995
921
842
757
660
555
450
343
234
121
-1
-125
-249
-371
-486
-598
-705
-806
-896
-971
-1031
-1078
-1110
-1133
-1151
-1162
-1167
-1165
-1158
-1150
-1139
-1133
-1128
-1120
-1117
-1112
-1101
-1084
-1060
-1033
-999
-959
-916
-868
-810
-737
-647
-548
-441
-331
-222
-105
18
145
267
384
487
574
647
709
761
805
837
857
867
865
852
844
844
858
882
915
951
979
1007
1035
1067
1100
1135
1163
1178
1180
1165
1137
1095
1043
978
901
815
723
626
525
417
294
164
29
-105
-227
-342
-446
-545
-637
-727
-812
-884
-943
-991
-1021
-1035
-1039
-1036
-1030
-1025
-1022
-1022
-1019
-1019
-1018
-1018
-1018
-1021
-1025
-1034
-1043
-1045
-1035
-1017
-987
-944
-888
-819
-741
-654
-559
-457
-346
-229
-109
14
133
245
351
443
519
581
633
679
724
763
797
812
818
821
825
839
869
907
945
979
1006
1027
1047
1070
1094
1114
1131
1139
1130
1111
1082
1040
988
928
860
789
711
626
532
429
318
202
86
-31
-146
-255
-357
-450
-532
-606
-673
-736
-788
-832
-861
-879
-891
-899
-906
-914
-923
-928
-937
-946
-954
-963
-974
-987
-998
-1008
-1009
-1003
-987
-959
-922
-879
-831
-772
-703
-620
-524
-417
-308
-203
-106
-13
77
162
245
320
385
438
481
518
550
581
611
641
669
696
723
752
783
818
856
895
929
957
976
985
990
990
988
984
969
944
911
865
811
747
675
596
511
422
330
234
137
39
-61
-157
-247
-328
-399
-460
-516
-564
-605
-640
-664
-684
-696
-703
-704
-700
-695
-691
-690
-691
-695
-704
-716
-733
-752
-770
-783
-788
-787
-781
-764
-737
-698
-647
-587
-520
-443
-363
-285
-205
-129
-57
13
81
143
196
241
279
311
336
360
385
411
438
465
491
514
535
552
567
589
618
649
683
713
737
757
774
784
789
789
780
763
739
708
668
614
553
482
406
329
256
186
118
52
-11
-75
-138
-199
-252
-303
-347
-385
-417
-441
-461
-478
-492
-498
-503
-505
-507
-510
-517
-529
-542
-563
-587
-614
-641
-662
-681
-695
-704
-703
-692
-671
-637
-592
-536
-474
-408
-349
-289
-230
-173
-118
-66
-13
38
83
125
161
192
221
247
275
302
330
359
389
412
433
455
474
497
518
541
564
587
609
630
648
661
672
678
677
669
655
635
609
580
545
504
456
404
349
291
237
186
137
89
42
-6
-52
-96
-139
-178
-213
-241
-263
-279
-287
-295
-303
-312
-326
-345
-364
-387
-412
-441
-473
-510
-549
-585
-620
-654
-679
-692
-698
-690
-673
-648
-620
-585
-548
-503
-454
-402
-354
-305
-262
-225
-190
-157
-123
-89
-52
-17
17
50
80
111
139
167
194
222
253
287
317
344
367
386
405
424
443
466
491
515
538
556
567
569
562
554
541
524
506
486
457
423
388
351
316
282
246
214
185
154
125
99
72
46
22
4
-12
-21
-30
-40
-55
-74
-97
-123
-152
-186
-219
-253
-289
-328
-367
-403
-434
-459
-478
-487
-490
-488
-479
-472
-465
-450
-432
-412
-388
-362
-338
-315
-292
-269
-249
-228
-206
-181
-155
-125
-94
-63
-35
-10
15
41
68
96
123
147
169
191
214
237
258
281
306
329
352
373
389
403
415
420
423
421
415
405
391
374
356
337
318
300
279
258
238
215
192
169
145
122
101
82
66
50
33
16
-6
-28
-56
-84
-113
-146
-179
-213
-249
-283
-316
-347
-373
-399
-419
-435
-447
-452
-456
-453
-446
-436
-429
-419
-410
-403
-393
-379
-360
-339
-317
-294
-274
-250
-224
-198
-170
-139
-107
-74
-40
-11
21
48
75
101
124
149
174
199
228
257
287
315
344
371
394
414
433
451
464
475
482
486
481
476
469
460
446
432
415
394
371
347
324
303
281
262
243
227
205
182
157
132
104
78
52
22
-8
-40
-76
-115
-158
-204
-248
-287
-324
-354
-380
-400
-420
-439
-459
-478
-492
-498
-500
-496
-489
-482
-477
-473
-469
-461
-446
-425
-400
-371
-343
-320
-296
-274
-250
-222
-191
-156
-119
-88
-61
-32
-8
15
41
70
103
140
179
220
255
286
314
340
365
392
417
443
467
481
489
491
488
480
474
466
459
451
440
428
413
395
375
358
343
328
314
298
281
256
230
199
163
124
82
41
0
-44
-89
-135
-183
-232
-276
-318
-356
-391
-424
-455
-482
-503
-518
-530
-540
-546
-550
-554
-557
-557
-550
-538
-522
-505
-489
-472
-452
-431
-406
-376
-344
-306
-267
-232
-202
-173
-147
-121
-89
-55
-14
28
71
113
152
187
220
254
289
330
373
416
457
492
515
536
547
558
574
590
606
619
625
622
614
597
580
559
538
521
501
482
459
432
400
366
329
293
260
229
197
164
126
82
32
-21
-75
-125
-174
-218
-261
-305
-347
-392
-439
-483
-523
-558
-586
-610
-629
-642
-651
-654
-653
-648
-638
-623
-604
-581
-558
-530
-501
-470
-442
-416
-391
-366
-335
-308
-278
-247
-216
-184
-155
-124
-94
-65
-31
8
47
87
130
175
218
259
299
337
373
406
436
464
490
515
537
556
569
577
584
587
586
586
582
575
562
547
527
502
471
437
404
371
341
310
276
239
201
158
115
75
35
-1
-34
-65
-100
-136
-173
-210
-245
-274
-298
-322
-343
-368
-393
-420
-448
-474
-493
-506
-512
-514
-511
-506
-499
-490
-480
-469
-452
-431
-404
-376
-349
-323
-301
-278
-256
-234
-211
-186
-162
-135
-108
-82
-59
-39
-20
-2
19
43
71
102
132
162
192
217
241
264
288
315
343
371
402
433
460
483
498
509
515
519
522
521
516
504
485
460
430
395
361
329
298
270
243
214
181
146
112
82
54
30
8
-14
-36
-56
-79
-104
-132
-163
-191
-220
-246
-269
-292
-316
-341
-367
-395
-420
-442
-457
-465
-470
-471
-470
-468
-464
-459
-454
-446
-433
-414
-389
-364
-336
-313
-288
-264
-242
-219
-192
-166
-140
-112
-88
-67
-45
-25
-4
17
40
62
86
113
140
166
193
222
253
290
329
366
401
430
458
482
501
517
530
538
541
540
531
518
502
482
462
437
412
386
357
326
293
259
223
187
153
120
88
58
30
3
-28
-57
-88
-114
-141
-166
-190
-218
-247
-276
-306
-333
-357
-381
-396
-409
-419
-427
-433
-440
-447
-454
-461
-464
-464
-461
-455
-445
-435
-421
-407
-388
-366
-339
-307
-272
-238
-207
-176
-145
-116
-87
-56
-26
2
31
56
83
108
134
161
192
225
259
293
325
355
382
404
422
436
449
457
461
461
458
450
443
435
428
419
411
403
393
380
362
340
314
288
260
232
201
171
138
105
74
42
13
-18
-45
-70
-94
-119
-142
-165
-189
-212
-236
-260
-281
-302
-321
-341
-359
-374
-385
-395
-401
-408
-413
-416
-418
-417
-414
-408
-400
-390
-378
-364
-347
-328
-307
-282
-255
-227
-196
-165
-136
-109
-87
-66
-48
-29
-9
12
37
65
95
126
155
184
211
238
264
290
313
330
343
350
352
353
351
346
344
341
338
335
329
322
313
302
290
279
268
255
240
224
207
189
169
151
132
115
96
81
65
49
33
16
-3
-23
-44
-66
-87
-108
-126
-142
-155
-166
-178
-190
-201
-211
-219
-223
-225
-226
-225
-225
-224
-226
-227
-229
-230
-229
-226
-220
-212
-201
-189
-179
-168
-159
-149
-139
-125
-111
-94
-76
-59
-45
-32
-21
-7
7
23
41
57
73
87
96
104
108
113
119
125
131
135
137
138
137
136
137
138
142
145
144
142
139
133
126
121
115
111
107
104
99
94
87
77
69
61
51
42
31
22
12
1
-10
-20
-30
-35
-42
-48
-51
-59
-64
-73
-81
-88
-95
-100
-104
-107
-111
-117
-120
-124
-126
-128
-130
-128
-124
-118
-111
-105
-97
-91
-85
-78
-69
-59
-50
-39
-31
-24
-19
-14
-8
-3
2
7
14
18
20
21
24
26
28
34
41
47
55
62
70
77
83
89
94
98
101
102
103
103
102
101
98
97
96
97
94
92
89
86
84
83
83
80
76
72
68
60
52
44
33
24
15
8
1
-6
-10
-17
-23
-29
-36
-42
-48
-55
-61
-65
-70
-74
-76
-79
-80
-81
-79
-76
-74
-72
-73
-73
-73
-74
-73
-72
-71
-70
-72
-73
-73
-74
-72
-72
-69
-63
-58
-53
-48
-45
-39
-34
-30
-24
-19
-16
-13
-11
-10
-9
-10
-10
-8
-7
-4
1
9
15
21
25
31
37
41
46
50
53
61
67
72
77
82
83
85
88
91
93
95
95
92
90
87
82
78
74
69
64
60
54
52
48
44
40
35
30
24
17
10
5
0
-5
-8
-15
-22
-26
-33
-36
-38
-39
-40
-44
-47
-50
-55
-60
-64
-69
-74
-80
-85
-88
-91
-94
-95
-95
-93
-90
-84
-78
-73
-70
-69
-68
-66
-68
-66
-64
-62
-58
-54
-48
-42
-36
-31
-22
-16
-7
1
12
21
30
39
44
50
57
62
68
73
77
80
84
85
86
89
91
93
94
96
97
99
99
100
100
99
96
94
89
86
81
79
75
70
64
60
55
50
44
38
30
25
20
16
10
4
-2
-11
-16
-24
-33
-39
-46
-52
-57
-62
-68
-74
-79
-85
-91
-94
-97
-97
-99
-100
-102
-104
-107
-111
-111
-113
-114
-114
-116
-115
-114
-111
-105
-100
-91
-82
-74
-64
-56
-49
-40
-32
-26
-19
-11
-5
1
8
15
22
26
32
37
44
52
59
68
76
83
91
96
103
108
113
118
119
121
119
117
113
109
105
102
97
95
89
81
77
70
64
59
54
50
46
38
31
24
16
11
4
-1
-4
-9
-11
-14
-19
-24
-29
-31
-33
-34
-37
-38
-44
-50
-56
-65
-72
-78
-85
-91
-94
-96
-97
-96
-96
-94
-90
-86
-79
-73
-65
-60
-54
-48
-44
-40
-36
-31
-24
-17
-10
-4
2
6
12
16
19
23
27
29
34
36
39
43
46
48
51
55
57
58
60
61
61
61
61
60
58
56
53
49
46
43
41
38
34
32
28
26
23
20
16
13
12
9
4
2
-1
-5
-7
-9
-10
-10
-10
-10
-12
-13
-15
-18
-22
-26
-30
-35
-40
-43
-45
-49
-51
-52
-52
-51
-51
-48
-47
-44
-43
-40
-36
-34
-33
-32
-31
-28
-25
-25
-21
-20
-16
-15
-13
-11
-10
-9
-7
-5
-1
2
5
9
12
16
19
21
24
27
30
31
34
36
37
37
36
35
32
29
26
24
21
21
20
19
20
18
17
17
17
18
18
17
18
17
17
17
16
18
20
21
23
23
22
23
21
18
16
12
7
2
-3
-10
-17
-23
-27
-29
-31
-31
-31
-30
-30
-28
-27
-25
-23
-22
-21
-19
-20
-19
-18
-18
-18
-19
-17
-18
-18
-18
-17
-16
-14
-13
-11
-8
-5
-3
1
5
8
12
14
14
16
18
19
22
26
27
27
26
26
26
24
25
25
23
21
19
17
13
10
9
7
4
3
2
1
-2
-5
-6
-6
-4
-3
-2
0
0
1
0
-2
-3
-4
-6
-7
-8
-12
-15
-17
-20
-22
-24
-26
-28
-28
-27
-25
-23
-20
-19
-16
-15
-14
-13
-11
-10
-11
-12
-15
-16
-17
-16
-15
-13
-13
-12
-11
-8
-7
-5
-2
-1
1
3
3
4
5
7
7
8
9
10
13
13
14
14
15
15
17
20
21
23
26
27
28
28
29
29
30
31
32
32
31
29
28
26
26
25
26
26
26
26
23
21
18
15
13
11
9
8
5
2
-2
-5
-9
-11
-14
-17
-20
-21
-22
-24
-27
-30
-32
-34
-34
-33
-32
-31
-32
-32
-34
-34
-35
-36
-36
-36
-35
-34
-32
-30
-29
-25
-23
-20
-18
-14
-13
-10
-5
-2
1
4
6
7
10
10
12
12
14
15
17
17
17
17
19
19
19
22
23
24
25
26
27
28
27
26
27
27
29
29
31
32
31
30
27
25
23
20
18
15
11
8
4
1
-3
-7
-9
-11
-13
-15
-15
-16
-19
-21
-22
-24
-24
-23
-22
-22
-22
-22
-23
-24
-24
-22
-22
-23
-23
-24
-26
-25
-24
-22
-20
-19
-18
-15
-13
-10
-9
-7
-6
-5
-5
-4
-3
-1
2
5
7
8
10
12
14
15
17
17
16
15
13
10
9
7
8
7
5
4
5
4
3
5
5
6
7
8
11
12
12
12
13
14
14
15
16
16
16
16
18
19
18
17
15
14
12
10
9
7
6
5
3
2
0
-3
-4
-8
-10
-12
-13
-13
-14
-13
-13
-13
-11
-11
-11
-10
-10
-8
-7
-8
-7
-7
-7
-7
-6
-6
-6
-8
-8
-9
-8
-9
-10
-11
-11
-10
-10
-7
-7
-6
-6
-5
-5
-3
-2
-1
-1
0
3
3
4
4
6
7
6
7
8
7
8
8
9
10
10
10
9
9
9
8
11
9
8
10
11
12
13
12
11
9
10
7
7
5
3
0
-3
-8
-12
-15
-19
-21
-21
-23
-24
-23
-24
-23
-22
-20
-17
-15
-12
-10
-9
-8
-6
-4
-2
0
1
2
4
5
7
7
7
7
7
6
6
5
3
3
1
0
-1
0
3
4
7
9
10
12
12
13
15
15
15
15
15
13
12
12
8
7
5
4
2
3
3
3
4
5
5
6
5
7
10
10
11
15
17
17
17
15
12
10
8
6
2
-2
-5
-11
-15
-17
-20
-22
-23
-25
-26
-27
-25
-24
-23
-19
-18
-16
-12
-9
-6
-3
-2
0
1
1
3
3
2
1
2
-1
-3
-4
-7
-10
-11
-12
-12
-12
-12
-11
-9
-8
-6
-3
-1
2
3
3
6
6
7
6
6
6
5
5
4
2
3
1
1
0
0
0
2
3
5
8
9
12
12
14
15
17
18
18
18
18
16
13
10
6
3
-1
-4
-8
-11
-14
-17
-21
-22
-23
-24
-22
-21
-19
-17
-13
-11
-7
-5
-3
-1
-1
1
2
2
3
4
5
6
5
4
4
4
5
5
4
5
7
8
9
13
13
16
20
22
26
28
29
30
31
30
31
31
30
29
27
24
22
19
14
11
9
6
4
3
1
3
2
1
1
2
3
1
0
-1
-2
-4
-6
-9
-12
-16
-20
-23
-27
-31
-34
-36
-38
-41
-43
-45
-47
-48
-50
-48
-46
-44
-42
-40
-38
-37
-35
-31
-29
-27
-25
-22
-23
-21
-19
-19
-17
-16
-14
-11
-7
-6
-3
-1
2
6
9
13
18
23
28
32
36
40
45
47
50
51
52
51
50
49
46
45
44
43
40
37
35
34
33
31
30
31
31
31
29
29
30
30
30
28
27
26
25
23
20
18
13
10
6
0
-5
-9
-14
-18
-24
-28
-33
-38
-42
-48
-51
-54
-56
-58
-58
-58
-58
-58
-58
-56
-54
-52
-48
-45
-42
-40
-38
-37
-33
-31
-29
-26
-24
-21
-18
-16
-13
-11
-7
-4
1
6
11
15
20
23
27
30
32
35
38
40
42
44
44
43
44
43
43
43
42
42
42
40
39
37
37
35
33
31
31
30
30
28
26
26
25
25
22
19
15
13
9
4
1
-3
-7
-11
-15
-20
-27
-31
-36
-42
-47
-52
-55
-58
-62
-64
-65
-66
-68
-68
-66
-64
-62
-58
-55
-50
-46
-43
-40
-36
-34
-30
-26
-23
-19
-16
-12
-8
-5
0
5
10
15
20
25
29
34
40
45
49
53
57
59
61
63
64
65
65
66
65
64
63
62
62
60
58
57
55
55
53
51
49
45
43
39
38
35
32
29
25
22
17
11
6
0
-6
-13
-20
-24
-31
-37
-43
-50
-56
-61
-66
-69
-73
-76
-79
-80
-81
-81
-81
-81
-81
-81
-81
-79
-78
-75
-75
-71
-69
-66
-63
-59
-55
-49
-44
-38
-31
-26
-18
-10
-2
6
14
18
26
33
39
46
51
57
60
65
70
74
77
81
83
84
85
86
86
84
82
81
78
77
75
72
69
67
63
58
53
49
44
39
33
27
21
16
10
6
1
-5
-11
-17
-21
-26
-29
-33
-38
-43
-49
-52
-56
-59
-63
-65
-69
-72
-76
-78
-82
-83
-85
-85
-86
-85
-85
-84
-84
-82
-79
-75
-70
-64
-60
-55
-50
-44
-38
-32
-26
-18
-13
-5
1
4
9
15
20
26
32
35
40
45
50
54
61
66
71
78
83
86
89
92
93
93
93
92
92
90
88
84
81
76
72
68
62
56
51
47
42
39
34
29
25
20
17
14
10
6
2
-3
-6
-8
-13
-14
-17
-22
-25
-28
-32
-34
-38
-42
-45
-49
-55
-60
-63
-66
-69
-73
-74
-75
-76
-76
-78
-75
-74
-72
-68
-65
-63
-59
-54
-50
-46
-43
-38
-34
-30
-28
-24
-21
-16
-13
-10
-6
-5
-3
0
1
4
6
7
11
14
16
20
21
25
28
31
33
34
35
37
39
41
42
41
40
38
37
34
32
32
30
29
28
26
25
25
23
22
22
23
24
23
23
23
22
22
23
23
22
22
18
16
14
10
6
3
-2
-5
-9
-12
-15
-18
-21
-22
-25
-27
-29
-30
-31
-30
-31
-28
-26
-26
-23
-21
-19
-17
-16
-13
-11
-9
-6
-7
-5
-2
1
1
4
4
6
7
8
10
12
13
14
14
15
14
15
17
20
21
23
24
24
25
25
25
22
22
21
19
20
17
16
16
16
15
12
9
7
6
4
2
1
2
0
-2
-3
-5
-6
-8
-9
-12
-15
-17
-20
-23
-25
-29
-32
-33
-36
-36
-38
-40
-42
-45
-46
-48
-48
-48
-48
-46
-44
-43
-40
-38
-37
-36
-36
-34
-31
-30
-27
-25
-23
-19
-16
-11
-8
-3
2
5
10
14
18
23
27
30
33
35
38
41
43
45
46
47
48
48
49
50
50
50
49
49
50
49
50
50
49
47
47
45
45
45
44
43
42
40
38
36
33
29
25
20
16
9
5
0
-5
-11
-15
-20
-22
-27
-30
-33
-35
-38
-39
-41
-41
-41
-42
-43
-43
-44
-47
-49
-51
-51
-53
-55
-56
-57
-57
-58
-59
-58
-55
-55
-52
-50
-48
-43
-40
-35
-32
-29
-23
-19
-14
-9
-6
-3
2
4
9
11
14
16
18
22
25
29
32
35
38
40
43
46
48
52
55
56
57
61
62
63
63
63
63
62
62
61
58
57
55
53
50
47
43
39
36
32
28
24
20
16
12
9
5
0
-3
-7
-10
-14
-18
-23
-29
-34
-37
-41
-46
-50
-54
-56
-59
-59
-64
-64
-65
-67
-67
-67
-67
-64
-64
-61
-58
-55
-52
-49
-45
-43
-41
-36
-34
-31
-28
-26
-22
-18
-15
-12
-9
-4
-2
0
4
8
11
15
19
23
26
30
33
36
40
42
46
47
48
49
50
51
52
53
51
52
51
50
47
46
45
42
40
39
38
35
33
30
27
26
21
17
16
14
11
8
6
2
-1
-5
-8
-11
-14
-16
-18
-19
-21
-22
-25
-27
-29
-32
-32
-33
-33
-32
-32
-31
-30
-30
-29
-28
-27
-26
-26
-25
-25
-22
-23
-21
-21
-20
-18
-16
-15
-13
-12
-10
-8
-6
-6
-4
-3
0
2
4
6
7
10
12
13
16
18
19
20
20
22
20
22
23
23
23
22
22
23
23
23
22
21
22
22
21
21
20
17
16
14
13
12
10
8
7
5
2
1
-2
-5
-7
-10
-13
-15
-17
-17
-19
-20
-21
-21
-21
-23
-24
-23
-24
-26
-26
-26
-26
-26
-26
-25
-26
-24
-23
-22
-22
-21
-21
-19
-21
-20
-18
-18
-17
-16
-15
-13
-12
-12
-9
-6
-4
0
2
6
8
10
13
17
19
20
21
23
26
27
29
29
30
31
31
32
32
34
35
33
34
35
33
33
32
30
30
30
29
28
27
24
22
20
18
15
12
9
7
5
2
0
-2
-6
-8
-10
-11
-12
-14
-16
-17
-19
-21
-22
-22
-23
-23
-25
-25
-26
-28
-28
-27
-29
-29
-29
-29
-29
-30
-30
-29
-28
-27
-26
-24
-23
-22
-19
-17
-14
-11
-10
-8
-8
-6
-4
-2
0
2
4
6
8
8
10
12
15
16
18
21
23
25
27
29
31
31
31
31
31
31
30
30
29
30
28
27
25
23
21
18
16
15
12
10
8
5
2
-1
-2
-5
-7
-10
-11
-13
-15
-15
-17
-18
-19
-20
-22
-24
-26
-28
-30
-31
-30
-31
-30
-30
-32
-32
-35
-33
-34
-33
-32
-30
-30
-28
-27
-25
-23
-22
-20
-18
-15
-13
-12
-10
-6
-3
-2
2
7
11
14
16
21
25
28
31
35
38
41
43
44
46
47
47
47
47
45
46
45
43
43
41
38
35
34
32
30
26
24
21
18
15
13
12
9
8
5
3
1
-1
-4
-7
-9
-13
-14
-16
-18
-20
-23
-26
-29
-32
-34
-37
-37
-40
-40
-41
-41
-41
-40
-38
-38
-37
-36
-35
-32
-30
-29
-27
-25
-22
-21
-19
-17
-15
-14
-12
-11
-8
-6
-3
0
3
7
10
14
17
18
20
22
23
25
26
28
28
28
29
29
27
28
28
27
26
23
23
22
21
20
18
17
16
16
14
12
10
10
9
7
5
4
3
3
0
-2
-4
-6
-8
-11
-13
-15
-17
-19
-20
-21
-22
-24
-23
-23
-25
-25
-26
-24
-23
-24
-22
-21
-19
-18
-17
-16
-14
-13
-11
-10
-8
-8
-5
-5
-6
-4
-3
-2
0
0
2
4
7
9
10
10
11
13
13
15
15
17
20
20
21
21
22
22
22
22
23
25
25
27
26
26
24
24
23
24
22
20
19
18
17
15
15
13
11
9
7
5
2
0
-2
-5
-8
-11
-13
-16
-18
-19
-21
-22
-23
-23
-24
-25
-25
-26
-28
-27
-26
-26
-26
-25
-24
-22
-20
-18
-16
-14
-13
-13
-10
-9
-6
-4
-2
1
3
5
6
7
8
9
10
9
10
10
9
8
8
7
9
8
8
8
7
6
4
5
5
3
4
4
3
3
4
3
3
3
2
3
2
1
0
0
0
-2
-2
-4
-4
-5
-5
-6
-7
-8
-9
-10
-10
-10
-12
-11
-11
-11
-10
-9
-9
-7
-6
-5
-3
-2
-2
1
2
3
6
8
9
8
10
9
10
9
9
10
10
10
8
9
8
9
10
