-15
-14
-14
-11
-8
-7
-6
-5
-4
-1
1
2
2
2
2
3
5
6
6
5
4
4
7
7
8
9
10
9
9
9
9
7
6
7
9
10
11
10
9
9
7
5
4
6
5
1
1
2
1
1
1
2
2
1
-2
-4
-4
-5
-7
-7
-9
-9
-9
-12
-12
-15
-14
-15
-14
-12
-14
-13
-12
-11
-10
-11
-11
-12
-11
-9
-8
-5
-7
-7
-6
-7
-6
-5
-6
-7
-7
-6
-7
-4
1
1
4
8
10
12
15
14
14
15
15
14
14
15
15
16
17
20
20
22
23
22
23
22
21
21
20
18
15
13
10
7
7
5
2
1
0
-1
-4
-6
-10
-14
-16
-18
-17
-19
-21
-23
-24
-24
-23
-21
-20
-19
-16
-16
-13
-12
-11
-13
-13
-13
-12
-11
-9
-9
-9
-7
-6
-1
2
3
5
7
10
10
10
9
8
11
13
16
20
18
17
17
16
15
15
16
15
15
15
14
13
10
9
8
7
6
6
4
3
4
3
4
5
6
5
3
2
-1
-3
-6
-7
-7
-8
-9
-9
-9
-12
-15
-15
-14
-14
-14
-13
-11
-12
-13
-14
-14
-13
-10
-7
-6
-4
-4
-5
-4
-4
-6
-8
-10
-11
-13
-16
-17
-18
-17
-16
-12
-8
-8
-6
-5
-3
-2
0
1
2
3
6
6
7
8
9
10
9
11
12
12
12
12
15
16
15
13
11
10
8
7
7
7
9
10
12
12
9
8
7
6
6
5
4
6
8
10
12
14
14
11
9
9
8
9
6
3
3
3
1
-1
-2
-3
-4
-5
-5
-3
-4
-7
-7
-8
-9
-12
-14
-15
-16
-15
-16
-14
-12
-12
-13
-12
-10
-8
-8
-8
-8
-8
-8
-8
-8
-7
-6
-5
-3
-1
-1
0
0
2
5
7
10
9
10
10
8
8
7
7
4
4
7
6
9
8
9
8
4
4
4
2
3
2
3
3
4
3
4
6
5
3
1
-2
-1
-4
-6
-8
-8
-9
-10
-8
-8
-10
-9
-8
-8
-6
-6
-7
-8
-7
-8
-8
-6
-7
-7
-9
-8
-7
-8
-9
-9
-6
-4
-4
-3
-4
-5
-5
-3
0
3
4
7
8
10
14
13
16
15
16
17
17
18
20
22
20
17
16
14
13
11
8
7
6
6
6
7
9
8
6
3
0
-1
-3
-4
-5
-5
-5
-6
-6
-7
-9
-11
-12
-13
-14
-17
-15
-14
-12
-11
-10
-10
-11
-12
-11
-10
-8
-7
-8
-9
-7
-7
-8
-8
-8
-5
-5
-4
-3
0
1
0
-2
-2
-3
-3
-1
1
3
5
5
9
12
15
18
19
20
22
23
22
22
18
13
9
8
7
5
2
0
-4
-8
-8
-8
-9
-7
-5
-3
-1
-1
-1
-5
-7
-8
-9
-9
-10
-11
-8
-5
-3
-4
-3
-5
-10
-12
-13
-12
-12
-10
-7
-4
-1
1
1
1
1
0
0
1
2
3
4
7
6
6
7
8
10
9
9
11
13
15
14
14
13
11
11
8
6
6
2
3
3
3
3
2
2
1
3
5
4
4
4
3
3
3
4
4
3
2
-1
-2
-2
-2
-1
-1
0
0
-1
0
-3
-7
-9
-13
-14
-15
-15
-15
-15
-17
-17
-19
-20
-19
-18
-18
-15
-10
-8
-5
-3
-1
0
1
3
3
4
5
4
5
5
3
-1
-2
-3
-4
-2
-2
-1
1
3
3
5
5
5
5
7
7
4
3
1
-1
-2
-4
-4
-3
-2
-2
0
2
3
3
3
3
4
5
4
5
6
5
4
2
1
1
-1
0
0
2
1
2
6
10
12
12
12
12
11
10
10
11
9
8
8
7
7
6
4
4
5
5
3
4
7
10
9
7
4
3
-1
-4
-8
-9
-10
-9
-8
-9
-9
-11
-13
-12
-12
-10
-10
-9
-8
-9
-6
-7
-9
-9
-10
-13
-14
-14
-16
-18
-18
-18
-17
-15
-14
-12
-12
-12
-11
-9
-7
-6
-6
-3
-1
1
1
2
1
1
2
3
8
10
13
16
19
22
23
22
24
25
24
25
26
28
27
25
25
25
22
20
18
19
18
18
18
19
18
15
14
15
13
10
9
9
9
6
5
2
1
-3
-9
-13
-17
-21
-25
-28
-30
-32
-36
-36
-35
-33
-35
-36
-38
-38
-41
-44
-44
-45
-44
-44
-43
-40
-39
-36
-36
-30
-26
-19
-12
-5
1
5
9
14
17
19
20
21
24
28
33
38
41
43
45
47
46
46
45
44
46
48
47
45
40
37
33
32
31
30
29
27
28
26
25
24
22
19
16
12
6
3
-1
-5
-6
-8
-11
-15
-17
-21
-24
-29
-35
-41
-47
-52
-56
-61
-66
-69
-71
-73
-74
-76
-76
-76
-77
-75
-73
-71
-71
-70
-68
-64
-58
-51
-48
-41
-36
-27
-18
-10
-1
7
15
24
30
39
46
52
57
62
67
72
77
84
87
90
92
94
99
103
106
108
111
114
114
112
110
107
106
103
99
96
91
86
81
77
75
70
63
54
45
35
24
11
0
-9
-21
-32
-42
-52
-60
-74
-85
-93
-99
-106
-114
-121
-126
-133
-141
-147
-153
-159
-163
-165
-166
-166
-166
-166
-166
-167
-167
-166
-160
-155
-149
-142
-134
-123
-113
-101
-89
-75
-61
-45
-28
-9
9
25
41
58
76
93
112
128
143
158
173
187
201
213
223
232
238
245
248
251
251
250
250
249
246
241
236
229
221
212
205
193
178
162
148
132
115
96
76
55
33
14
-8
-31
-57
-82
-108
-133
-156
-177
-198
-219
-238
-260
-278
-295
-311
-326
-339
-350
-360
-365
-368
-372
-373
-373
-370
-366
-359
-348
-336
-322
-306
-287
-267
-246
-223
-197
-169
-140
-107
-74
-38
-2
36
74
111
146
179
213
247
277
307
333
358
381
403
423
439
455
468
481
489
495
496
494
489
481
472
459
443
425
403
383
361
338
316
291
265
237
209
176
140
105
66
28
-14
-56
-98
-142
-183
-222
-263
-300
-334
-367
-397
-426
-452
-479
-502
-524
-543
-561
-576
-587
-591
-594
-594
-590
-584
-572
-557
-538
-516
-490
-463
-434
-401
-369
-334
-298
-262
-222
-180
-135
-89
-41
8
57
107
154
199
245
290
332
373
412
449
483
513
540
562
582
596
610
618
625
628
629
625
617
603
585
565
541
517
490
463
436
406
376
344
312
275
238
198
157
114
70
26
-20
-64
-111
-158
-203
-248
-293
-336
-377
-415
-453
-489
-522
-554
-581
-607
-631
-652
-669
-683
-693
-698
-697
-691
-680
-664
-645
-622
-597
-567
-532
-495
-459
-421
-381
-337
-291
-242
-194
-142
-92
-39
17
73
131
189
245
301
350
399
445
488
527
567
601
632
659
681
700
715
727
736
741
741
734
725
710
695
678
658
634
608
579
545
508
468
427
385
344
302
259
211
161
109
58
4
-50
-104
-159
-213
-266
-314
-360
-408
-453
-500
-546
-590
-630
-668
-702
-734
-762
-787
-808
-824
-837
-840
-838
-830
-820
-808
-789
-770
-746
-722
-694
-659
-626
-587
-542
-496
-443
-387
-329
-265
-198
-135
-69
-3
64
132
201
263
325
384
439
495
548
597
645
691
732
771
798
821
840
858
865
872
872
869
861
846
831
811
788
761
736
701
666
631
594
556
517
472
425
376
326
271
215
162
103
48
-5
-58
-110
-163
-212
-264
-311
-361
-413
-466
-521
-571
-621
-672
-719
-767
-806
-840
-869
-892
-901
-903
-905
-900
-893
-878
-862
-844
-825
-799
-771
-740
-701
-662
-614
-565
-509
-446
-386
-326
-262
-199
-136
-76
-15
46
111
170
227
287
344
402
457
514
566
612
652
692
724
754
786
809
832
845
853
852
861
848
841
837
828
811
784
763
729
704
660
625
583
543
497
449
401
349
306
253
207
155
105
56
10
-39
-93
-148
-204
-266
-333
-397
-464
-520
-587
-642
-702
-754
-801
-838
-859
-891
-895
-913
-908
-914
-914
-913
-902
-885
-881
-847
-831
-790
-762
-718
-670
-620
-562
-511
-448
-395
-332
-273
-215
-161
-112
-62
-12
40
97
149
216
274
333
390
450
506
554
607
649
695
735
776
801
832
855
873
892
900
906
905
908
902
890
875
859
838
816
784
758
718
689
646
610
569
522
474
424
378
300
253
190
125
54
-15
-109
-175
-260
-356
-434
-516
-595
-681
-725
-816
-846
-910
-942
-972
-1033
-1031
-1068
-1060
-1092
-1083
-1084
-1080
-1036
-1059
-985
-968
-912
-863
-838
-736
-711
-619
-602
-507
-449
-412
-328
-302
-213
-184
-107
-48
13
98
148
228
291
359
415
473
544
580
652
689
744
794
823
881
902
947
966
1004
1026
1030
1060
1049
1051
1044
1021
1001
973
939
912
876
830
793
739
704
648
607
528
510
429
350
301
195
157
36
-52
-143
-221
-346
-408
-511
-589
-599
-757
-808
-802
-870
-970
-950
-1031
-1045
-1006
-1129
-1118
-1071
-1110
-1132
-1071
-1101
-1044
-976
-1028
-939
-859
-839
-789
-708
-679
-610
-568
-525
-452
-397
-344
-297
-213
-187
-96
-54
33
106
141
229
266
375
408
448
517
573
638
656
726
763
816
879
880
942
974
997
996
1015
1026
1034
1046
1005
1013
999
978
940
908
881
837
797
728
684
623
550
492
412
353
254
193
89
19
-35
-156
-208
-314
-340
-434
-504
-575
-663
-669
-780
-802
-852
-870
-925
-953
-960
-1007
-944
-999
-988
-936
-950
-929
-869
-827
-843
-767
-737
-722
-622
-656
-610
-539
-501
-466
-409
-380
-347
-181
-224
-169
-48
-66
45
71
100
161
211
280
276
357
353
436
485
482
607
610
689
717
739
783
797
816
842
871
869
897
890
860
873
860
822
813
776
742
713
661
613
587
527
459
400
323
286
205
123
66
15
-26
-103
-132
-225
-255
-279
-349
-396
-493
-442
-567
-558
-607
-697
-621
-773
-693
-778
-756
-702
-843
-735
-796
-715
-750
-794
-670
-750
-663
-714
-642
-630
-625
-509
-649
-444
-504
-489
-333
-476
-289
-263
-241
-236
-154
-75
-79
17
-5
93
152
158
290
264
385
446
366
546
555
594
645
745
690
775
872
739
852
871
873
900
879
914
918
891
848
871
857
751
744
696
664
640
513
462
488
391
295
197
198
187
62
-12
-91
-46
-168
-211
-324
-329
-229
-499
-466
-467
-545
-570
-628
-657
-707
-633
-786
-764
-764
-821
-816
-852
-819
-962
-797
-853
-964
-841
-753
-843
-884
-742
-694
-709
-762
-642
-448
-515
-659
-349
-377
-286
-290
-325
-108
-59
52
-131
88
247
253
220
233
507
505
504
487
558
794
696
692
766
851
907
837
867
825
1057
995
859
911
985
1002
824
849
883
949
808
654
706
757
681
462
467
522
472
309
203
265
228
112
-17
5
-3
-185
-205
-229
-220
-364
-397
-426
-551
-495
-700
-599
-662
-785
-838
-837
-720
-1028
-890
-876
-1015
-886
-970
-1007
-934
-854
-918
-911
-798
-815
-812
-804
-651
-600
-606
-616
-507
-400
-388
-279
-388
-252
-65
-29
-176
-19
190
163
211
161
316
473
498
344
539
703
666
707
609
799
932
865
815
883
1014
927
896
936
968
956
863
885
899
892
810
741
766
750
699
566
533
561
485
416
280
271
281
131
71
0
-38
-62
-206
-273
-238
-310
-463
-480
-487
-567
-588
-716
-727
-719
-832
-848
-824
-887
-961
-964
-919
-916
-879
-1007
-1053
-812
-843
-959
-893
-842
-766
-624
-748
-747
-538
-541
-542
-313
-496
-407
-74
-268
-138
16
-25
51
162
165
228
392
331
359
589
551
592
627
635
821
804
801
823
891
895
886
1008
983
925
932
946
1003
991
893
872
907
919
824
738
718
677
677
624
512
421
364
320
278
239
84
13
-17
-105
-121
-225
-277
-345
-403
-480
-507
-565
-642
-618
-758
-757
-790
-824
-906
-929
-919
-900
-933
-1087
-998
-971
-961
-974
-1009
-986
-956
-886
-847
-782
-740
-747
-667
-614
-505
-428
-524
-544
-185
-120
-303
-296
-218
72
186
16
-66
259
365
329
339
405
612
645
541
625
803
777
822
834
910
987
956
943
973
1035
1088
1074
1009
965
969
1035
1023
959
871
810
814
818
746
671
628
542
492
484
388
263
193
147
150
14
-122
-166
-201
-236
-405
-454
-528
-652
-642
-687
-744
-859
-911
-922
-953
-1006
-1143
-983
-994
-1200
-1112
-1109
-1095
-1048
-1116
-1160
-1057
-953
-1059
-1012
-881
-889
-781
-756
-711
-655
-665
-447
-325
-342
-321
-220
-39
46
72
140
279
396
392
430
579
775
813
694
776
963
1034
991
983
1110
1244
1235
1105
1132
1254
1250
1222
1165
1185
1197
1082
1040
1059
1094
987
832
754
783
797
631
493
471
442
315
147
104
82
-30
-123
-251
-337
-369
-461
-610
-690
-716
-807
-928
-982
-955
-1078
-1163
-1219
-1230
-1217
-1342
-1388
-1297
-1283
-1328
-1284
-1383
-1334
-1184
-1211
-1148
-1002
-1062
-1016
-875
-760
-700
-676
-575
-451
-289
-241
-131
-28
1
189
362
408
461
520
655
742
849
867
927
1095
1077
1064
1049
1134
1234
1202
1206
1185
1193
1195
1152
1178
1188
1193
1123
1010
977
986
960
848
783
772
687
598
528
470
416
328
241
140
66
-18
-133
-166
-224
-325
-441
-567
-574
-656
-816
-899
-901
-931
-1065
-1188
-1197
-1162
-1180
-1264
-1379
-1334
-1251
-1289
-1292
-1196
-1195
-1207
-1129
-1064
-959
-860
-854
-751
-575
-454
-430
-451
-297
-45
124
78
83
192
320
517
584
556
652
696
534
667
952
967
821
817
922
910
830
750
811
989
1091
954
762
728
782
820
804
901
950
758
589
663
789
709
583
503
508
548
460
303
187
175
138
-13
-122
-199
-259
-352
-441
-438
-534
-740
-820
-752
-722
-785
-903
-1025
-1042
-953
-925
-997
-1039
-1000
-975
-955
-950
-923
-860
-721
-684
-693
-624
-517
-435
-434
-270
-94
-12
-60
-132
73
288
367
348
310
435
492
454
479
566
628
608
545
529
544
519
483
508
573
561
491
424
466
563
597
546
462
424
456
486
484
465
431
368
294
285
293
274
201
90
47
54
-16
-119
-175
-206
-223
-269
-386
-467
-495
-527
-527
-563
-641
-731
-739
-691
-640
-667
-730
-730
-738
-687
-681
-574
-489
-477
-456
-399
-233
-158
-186
-130
104
316
298
139
206
466
662
663
538
520
585
612
588
578
610
593
507
452
439
415
342
299
329
339
276
169
120
175
252
259
149
36
36
99
154
143
60
-19
-39
-56
-63
-69
-130
-190
-237
-255
-302
-346
-383
-407
-403
-452
-520
-583
-606
-558
-498
-523
-595
-655
-586
-506
-466
-473
-482
-378
-346
-348
-337
-219
-70
-14
-31
34
205
304
260
253
484
705
680
460
445
721
907
838
639
632
784
776
667
597
663
686
507
382
379
410
325
206
217
245
188
17
-101
-4
103
46
-100
-192
-183
-159
-167
-198
-239
-302
-387
-404
-385
-380
-433
-541
-580
-543
-555
-636
-703
-699
-656
-669
-739
-794
-763
-702
-681
-678
-721
-727
-653
-605
-578
-565
-487
-404
-400
-396
-342
-196
-58
-23
9
180
379
421
321
422
769
994
893
709
828
1149
1291
1155
1020
1083
1195
1109
949
958
1066
998
767
657
683
645
466
333
389
432
286
64
-14
88
130
14
-111
-148
-137
-147
-164
-135
-154
-275
-367
-373
-295
-305
-434
-544
-551
-517
-574
-670
-735
-757
-777
-815
-880
-893
-906
-909
-925
-975
-998
-1004
-930
-895
-861
-847
-791
-704
-664
-630
-516
-269
-137
-139
-63
154
366
348
321
588
943
1010
748
694
1008
1311
1255
1000
1015
1201
1180
954
863
1003
1026
786
570
579
651
525
333
318
404
337
106
5
131
232
132
-20
-25
30
-27
-94
-94
-59
-103
-237
-288
-230
-201
-314
-451
-481
-465
-524
-643
-687
-658
-693
-784
-857
-878
-886
-915
-897
-886
-916
-981
-945
-859
-789
-792
-761
-612
-543
-565
-563
-357
-132
-111
-150
16
323
380
215
346
761
1005
756
480
737
1196
1298
967
827
1068
1192
984
766
909
1111
917
594
569
779
753
437
302
453
532
297
27
91
283
232
2
-97
-3
-8
-144
-192
-103
-108
-290
-409
-325
-212
-292
-482
-537
-457
-447
-553
-637
-599
-586
-639
-694
-674
-652
-730
-730
-710
-681
-763
-819
-731
-671
-622
-666
-560
-485
-520
-536
-420
-150
-111
-193
-89
237
366
180
162
597
935
765
466
609
1088
1221
954
781
1008
1170
949
729
870
1088
893
526
490
690
648
334
178
304
369
155
-86
-49
94
47
-144
-212
-140
-183
-283
-298
-210
-229
-423
-494
-402
-276
-351
-537
-571
-515
-492
-582
-630
-589
-635
-710
-733
-672
-668
-762
-774
-725
-661
-751
-796
-708
-596
-551
-612
-517
-408
-361
-398
-328
-56
71
69
74
310
518
423
377
637
1023
995
726
699
1037
1301
1146
895
946
1142
1049
824
840
1032
954
604
444
592
665
441
193
206
323
238
0
-73
52
61
-100
-194
-155
-157
-268
-306
-217
-205
-385
-532
-475
-355
-388
-550
-642
-619
-617
-703
-717
-664
-698
-814
-874
-779
-696
-795
-869
-814
-657
-656
-769
-691
-591
-462
-538
-474
-293
-263
-242
-257
40
252
198
147
314
652
564
401
632
1019
1074
716
665
1001
1274
1136
836
920
1129
1036
739
735
991
937
564
383
548
636
424
210
217
286
189
13
-13
86
48
-135
-213
-132
-115
-268
-346
-241
-192
-341
-490
-457
-391
-444
-573
-628
-585
-618
-716
-777
-710
-687
-813
-916
-909
-816
-842
-910
-882
-829
-791
-883
-835
-713
-654
-629
-625
-426
-368
-328
-338
-174
110
129
135
224
534
555
359
533
939
1112
808
621
925
1266
1278
966
898
1139
1137
894
793
1031
1097
768
530
641
795
627
369
360
455
395
183
81
170
180
23
-91
-68
-50
-182
-269
-184
-142
-270
-447
-435
-358
-386
-506
-593
-561
-580
-664
-721
-709
-676
-762
-821
-832
-827
-839
-909
-875
-859
-844
-902
-892
-765
-733
-684
-662
-525
-477
-454
-371
-245
21
78
91
172
409
549
386
491
836
1077
926
687
845
1132
1241
1048
899
1022
1045
887
757
880
1000
778
500
467
591
547
355
266
297
266
129
48
93
122
6
-108
-106
-76
-152
-257
-202
-139
-226
-370
-402
-326
-329
-425
-501
-485
-471
-556
-644
-637
-580
-634
-746
-817
-791
-767
-797
-797
-811
-765
-834
-839
-743
-673
-573
-626
-493
-413
-346
-306
-276
-3
132
196
191
370
561
471
474
721
1011
955
691
704
977
1183
1048
836
860
927
830
666
718
843
714
437
341
439
424
254
136
177
181
45
-81
-77
6
-40
-135
-174
-166
-225
-313
-260
-182
-225
-378
-444
-394
-352
-400
-476
-466
-446
-485
-561
-568
-494
-503
-549
-601
-587
-528
-559
-506
-502
-447
-469
-544
-443
-389
-230
-244
-218
-136
-132
-55
-55
140
287
320
331
370
549
505
455
589
820
880
610
520
671
870
851
655
627
645
569
403
402
547
512
282
106
165
217
124
-11
-15
17
-67
-177
-205
-135
-154
-254
-296
-278
-292
-388
-385
-303
-275
-381
-496
-472
-426
-420
-473
-467
-429
-476
-558
-573
-451
-390
-442
-501
-508
-417
-411
-373
-332
-289
-242
-340
-272
-214
-88
-39
-60
80
62
128
111
237
423
433
475
488
636
625
512
641
895
1004
748
552
689
901
920
735
668
685
577
379
349
504
504
252
28
50
108
6
-151
-171
-127
-211
-355
-402
-329
-324
-411
-449
-429
-432
-530
-547
-447
-384
-464
-573
-546
-476
-469
-526
-531
-460
-467
-534
-553
-468
-387
-439
-487
-483
-416
-403
-429
-370
-339
-292
-354
-331
-221
-145
-81
-99
33
97
117
130
232
446
505
524
570
736
799
692
726
981
1188
1039
800
842
1060
1109
944
840
872
802
566
439
553
622
417
119
45
109
56
-134
-230
-182
-223
-368
-454
-383
-343
-452
-536
-487
-407
-475
-574
-527
-425
-435
-559
-582
-494
-453
-522
-568
-517
-498
-595
-678
-612
-500
-537
-661
-685
-606
-563
-605
-587
-506
-453
-502
-514
-387
-256
-204
-212
-75
66
88
28
103
355
490
498
506
689
794
701
652
866
1128
1037
779
738
983
1094
933
786
826
856
638
455
539
688
583
273
165
276
301
130
3
85
125
-14
-171
-106
37
-13
-187
-227
-115
-111
-242
-306
-200
-152
-288
-440
-415
-338
-416
-555
-562
-473
-521
-702
-792
-688
-614
-695
-792
-781
-709
-750
-785
-732
-610
-596
-691
-644
-494
-343
-357
-334
-178
-75
-87
-135
37
255
328
282
332
501
509
402
447
728
839
616
389
490
756
760
579
512
608
568
333
278
453
576
387
146
183
309
290
113
107
255
290
146
33
151
258
205
119
153
234
163
40
42
159
174
32
-58
-38
-26
-127
-208
-176
-163
-287
-450
-463
-399
-400
-496
-557
-535
-537
-591
-606
-526
-462
-500
-580
-549
-422
-345
-356
-307
-196
-153
-215
-233
-127
41
104
42
71
160
197
141
168
310
396
311
163
206
367
407
322
263
308
308
208
140
182
258
221
147
122
143
121
74
84
133
159
123
102
88
80
109
159
204
175
117
94
101
120
137
159
151
77
-13
-38
13
54
-3
-85
-148
-153
-159
-167
-211
-218
-217
-227
-231
-254
-194
-206
-209
-254
-214
-167
-169
-135
-127
-75
-66
-82
-135
-126
-89
-33
8
-37
-94
-98
-26
-6
-58
-94
-38
36
-16
-90
-60
30
40
-25
-42
30
55
-34
-110
-70
33
66
-15
-99
-80
-34
-27
-41
-3
51
54
-29
-63
30
122
172
149
151
179
182
193
207
275
263
214
197
236
277
232
170
146
160
120
116
93
119
80
111
111
151
128
69
138
83
144
150
171
153
153
79
105
143
82
41
-27
2
-51
-82
-204
-189
-180
-231
-289
-358
-337
-361
-391
-427
-406
-373
-379
-418
-408
-356
-313
-331
-340
-294
-244
-248
-269
-236
-189
-144
-163
-124
-70
-76
-82
-92
-32
9
35
67
118
151
151
164
213
265
281
236
263
318
368
347
314
363
360
349
283
350
328
351
307
292
378
347
355
296
337
348
411
279
278
343
289
306
158
214
204
140
52
-66
-59
-148
-205
-317
-370
-388
-507
-561
-628
-611
-620
-648
-672
-696
-669
-664
-596
-522
-490
-441
-368
-334
-319
-280
-233
-125
-50
-50
-6
29
76
81
85
85
100
103
101
126
125
154
141
173
201
202
212
223
248
281
293
326
365
425
470
480
481
481
528
489
621
485
616
533
567
498
426
539
333
527
167
417
147
248
105
20
88
-91
39
-344
-154
-454
-297
-463
-549
-542
-671
-631
-763
-719
-787
-726
-811
-879
-823
-773
-736
-694
-691
-592
-538
-506
-505
-422
-331
-258
-177
-160
-55
1
60
72
116
173
166
233
236
287
281
268
273
276
341
321
361
397
407
390
361
415
462
505
562
526
646
534
638
570
685
728
586
743
510
785
470
633
432
490
531
203
393
-28
348
-48
83
-114
-140
-67
-498
-240
-595
-339
-599
-620
-630
-745
-572
-873
-689
-848
-778
-833
-877
-776
-865
-713
-821
-641
-624
-627
-566
-548
-408
-395
-280
-259
-126
4
-6
68
75
180
245
306
380
419
458
423
459
458
511
537
537
550
509
483
456
475
469
484
486
454
455
424
486
506
554
513
509
495
486
525
461
535
410
460
317
299
239
147
176
-9
123
-185
-91
-313
-349
-460
-528
-532
-775
-553
-949
-706
-856
-809
-955
-944
-890
-1020
-762
-1016
-758
-860
-783
-801
-755
-657
-579
-456
-431
-359
-358
-288
-181
-82
-49
65
58
189
201
313
338
404
445
481
562
563
632
649
725
716
728
737
750
772
761
806
841
816
772
735
721
725
722
690
672
647
621
588
558
509
480
425
376
287
216
202
127
65
-42
-58
-203
-236
-338
-475
-491
-620
-588
-713
-764
-825
-888
-913
-1033
-989
-999
-966
-1011
-1040
-1006
-986
-917
-955
-867
-811
-755
-712
-674
-592
-606
-441
-357
-226
-187
-152
-91
-83
57
94
235
320
351
428
482
549
581
638
679
733
788
801
830
860
869
899
919
925
912
952
957
920
905
873
876
807
760
726
709
677
608
579
520
427
351
218
157
36
-82
-159
-260
-291
-434
-478
-607
-638
-758
-825
-858
-946
-930
-1051
-1063
-1139
-1078
-1098
-1147
-1111
-1159
-1045
-1122
-1120
-1033
-968
-851
-888
-753
-764
-658
-606
-533
-321
-310
-187
-181
-42
11
92
200
231
359
310
402
493
597
673
692
790
821
935
926
972
1028
1076
1132
1113
1156
1185
1233
1208
1181
1157
1160
1111
1015
938
910
869
781
674
587
531
420
311
213
135
17
-91
-205
-285
-352
-455
-544
-641
-725
-791
-855
-892
-958
-999
-1030
-1063
-1081
-1110
-1095
-1089
-1077
-1066
-1077
-1076
-1064
-1011
-930
-878
-837
-795
-717
-699
-652
-612
-546
-456
-396
-294
-219
-101
-47
27
83
145
245
314
406
501
602
702
761
821
919
997
1074
1063
1088
1118
1154
1149
1136
1168
1151
1130
1051
1013
922
833
749
654
621
529
475
396
334
258
150
98
-12
-47
-144
-203
-261
-307
-345
-446
-506
-595
-636
-733
-805
-872
-892
-913
-991
-1020
-1049
-1046
-1088
-1131
-1157
-1139
-1112
-1091
-1032
-965
-900
-825
-751
-662
-565
-499
-431
-342
-226
-101
31
136
260
355
436
498
559
639
671
751
799
899
963
997
1047
1061
1094
1045
1033
1027
1024
991
941
938
919
894
801
713
623
544
454
374
322
250
202
130
91
46
-8
-73
-152
-218
-285
-319
-354
-379
-421
-459
-495
-559
-623
-717
-785
-845
-899
-940
-968
-962
-962
-969
-995
-1015
-1006
-993
-962
-916
-855
-772
-684
-583
-468
-350
-258
-168
-83
7
79
152
244
346
462
540
629
688
744
766
777
802
821
872
909
955
980
1004
1008
991
963
923
884
829
780
735
710
672
604
521
430
338
219
109
2
-81
-164
-237
-287
-335
-375
-434
-473
-521
-575
-623
-661
-684
-695
-702
-684
-683
-697
-728
-762
-784
-849
-888
-928
-911
-889
-876
-847
-824
-780
-759
-726
-696
-661
-599
-527
-423
-300
-176
-62
25
120
205
283
340
395
473
562
669
762
859
912
957
984
1000
1028
1040
1076
1107
1123
1118
1128
1153
1146
1087
1013
933
867
777
678
608
519
437
334
235
131
7
-137
-269
-364
-445
-512
-570
-606
-638
-655
-683
-705
-731
-771
-802
-829
-823
-816
-812
-806
-800
-791
-810
-841
-869
-888
-889
-901
-897
-879
-845
-800
-756
-699
-652
-593
-536
-457
-354
-255
-137
-32
88
198
309
406
483
552
605
679
748
828
900
973
1024
1070
1106
1128
1144
1142
1142
1135
1133
1129
1137
1130
1104
1046
981
913
831
728
617
516
424
326
217
104
-14
-132
-269
-382
-484
-570
-657
-737
-788
-818
-836
-861
-883
-902
-917
-929
-934
-931
-915
-900
-877
-859
-848
-840
-839
-834
-836
-834
-833
-810
-781
-738
-690
-640
-589
-542
-479
-420
-347
-278
-198
-108
-12
84
172
254
329
395
462
523
582
650
713
787
849
914
966
1022
1058
1072
1087
1098
1117
1140
1149
1136
1136
1109
1082
1019
952
874
772
674
550
453
334
212
84
-49
-169
-297
-422
-540
-633
-713
-782
-843
-870
-883
-892
-891
-885
-860
-838
-810
-774
-724
-672
-628
-592
-556
-527
-498
-480
-469
-457
-439
-423
-405
-383
-367
-347
-332
-303
-273
-234
-197
-171
-127
-70
1
68
128
189
242
299
346
395
439
474
520
563
616
669
712
743
765
780
792
804
812
807
805
792
775
767
743
705
643
577
503
423
333
230
133
31
-80
-182
-287
-388
-496
-594
-670
-732
-778
-824
-847
-853
-847
-830
-801
-758
-711
-664
-606
-541
-471
-408
-350
-297
-252
-208
-176
-156
-141
-128
-112
-104
-94
-87
-83
-74
-70
-66
-63
-56
-50
-38
-15
7
33
62
91
123
158
191
231
261
285
316
357
400
440
480
514
551
598
635
663
677
683
692
707
715
700
686
654
612
559
492
418
330
234
128
21
-80
-189
-300
-417
-526
-617
-700
-762
-812
-848
-863
-864
-847
-815
-763
-707
-642
-567
-486
-400
-311
-224
-146
-74
-12
46
96
132
150
161
161
151
137
123
103
78
49
21
2
-15
-35
-54
-67
-73
-66
-51
-29
5
40
78
118
157
197
233
270
303
343
385
421
464
492
516
532
541
552
548
539
513
487
451
403
361
306
250
175
95
14
-64
-143
-235
-317
-399
-473
-549
-615
-672
-717
-754
-784
-791
-783
-761
-724
-673
-612
-545
-469
-393
-308
-221
-139
-56
17
94
157
214
255
285
306
310
311
302
292
272
247
225
208
196
178
154
136
118
107
99
101
106
117
130
144
170
195
224
240
256
270
293
314
328
341
345
351
355
358
361
350
329
301
276
251
217
177
126
79
24
-35
-90
-150
-215
-288
-356
-423
-484
-544
-606
-663
-715
-755
-790
-816
-830
-825
-805
-769
-719
-654
-580
-500
-411
-315
-215
-116
-17
80
177
272
353
423
484
536
571
585
588
580
564
544
512
482
441
394
343
296
253
210
172
134
106
88
74
69
67
61
58
55
62
81
93
99
103
115
128
137
145
146
146
142
134
123
108
84
53
22
-16
-51
-89
-129
-175
-222
-269
-314
-354
-400
-442
-487
-525
-556
-581
-601
-618
-623
-617
-595
-556
-505
-445
-380
-306
-223
-132
-35
63
157
246
335
416
492
557
610
650
677
688
685
676
650
616
574
525
476
418
355
291
228
168
108
54
6
-41
-80
-119
-148
-171
-182
-192
-197
-199
-200
-197
-190
-184
-177
-167
-165
-158
-155
-152
-154
-154
-154
-161
-165
-170
-175
-181
-189
-201
-215
-226
-233
-241
-250
-263
-277
-290
-299
-305
-309
-313
-318
-319
-311
-294
-266
-234
-197
-151
-99
-40
26
99
172
246
320
399
475
548
609
660
701
729
748
754
746
725
693
652
599
541
479
407
330
252
176
99
24
-47
-117
-177
-232
-275
-308
-340
-367
-387
-400
-408
-410
-410
-406
-401
-389
-380
-365
-349
-335
-317
-301
-280
-260
-242
-222
-207
-194
-183
-170
-157
-149
-140
-138
-134
-124
-115
-109
-104
-98
-93
-91
-89
-83
-72
-61
-46
-26
1
34
70
108
151
201
251
303
360
419
473
522
565
605
637
660
674
675
663
641
610
573
527
472
407
336
263
188
110
35
-41
-115
-185
-252
-311
-366
-418
-464
-499
-526
-542
-559
-571
-578
-581
-576
-565
-545
-528
-510
-490
-465
-440
-416
-386
-356
-323
-289
-254
-222
-190
-162
-135
-109
-81
-58
-34
-11
12
34
54
74
92
115
129
145
162
179
200
224
253
280
310
337
366
395
424
452
477
506
530
555
574
590
599
601
599
589
573
546
514
476
430
380
326
268
208
143
78
10
-53
-115
-171
-226
-280
-330
-378
-419
-459
-489
-517
-539
-556
-568
-570
-572
-568
-563
-551
-535
-515
-493
-469
-444
-418
-389
-358
-322
-288
-251
-218
-190
-159
-131
-98
-64
-33
-5
21
50
75
100
121
138
157
174
189
204
219
231
245
261
279
299
318
334
350
368
387
402
418
432
443
451
455
456
454
445
434
418
399
376
349
315
277
236
191
144
95
47
-6
-59
-114
-164
-212
-258
-298
-337
-375
-411
-443
-467
-484
-497
-506
-510
-508
-503
-494
-482
-466
-447
-423
-400
-373
-344
-313
-282
-251
-218
-188
-154
-123
-93
-67
-43
-18
7
34
53
73
87
101
116
131
148
160
174
184
198
214
229
246
260
275
290
304
319
334
345
350
357
365
372
375
374
370
362
354
344
333
316
295
269
241
209
175
142
104
67
28
-11
-52
-91
-128
-164
-197
-230
-260
-290
-316
-339
-358
-371
-382
-390
-397
-398
-395
-391
-380
-369
-349
-328
-308
-286
-259
-231
-203
-175
-147
-118
-90
-65
-38
-11
12
31
47
64
78
94
108
123
137
145
151
157
164
175
182
188
196
204
208
212
216
222
225
224
223
225
226
226
221
218
214
206
199
192
186
175
162
150
139
125
109
91
71
50
24
-1
-29
-53
-81
-109
-138
-165
-194
-225
-249
-269
-284
-299
-311
-322
-332
-337
-337
-331
-316
-299
-282
-267
-246
-222
-195
-167
-136
-108
-83
-57
-29
-2
19
40
56
72
86
95
104
109
117
121
125
129
130
131
130
132
138
140
140
138
140
141
141
142
141
138
133
130
131
131
129
123
118
112
107
100
93
84
75
66
56
47
37
25
11
-1
-12
-24
-37
-50
-61
-72
-86
-97
-108
-121
-132
-141
-147
-151
-156
-163
-166
-164
-159
-153
-146
-138
-129
-119
-105
-87
-72
-54
-36
-17
4
22
40
55
72
87
102
115
124
129
134
137
139
141
137
129
122
115
112
106
98
88
78
68
55
45
37
28
18
9
3
-8
-15
-26
-33
-38
-44
-48
-51
-56
-57
-58
-57
-56
-56
-57
-58
-57
-59
-61
-65
-73
-79
-90
-99
-107
-119
-128
-138
-144
-149
-154
-158
-159
-155
-150
-146
-137
-129
-121
-109
-94
-76
-57
-35
-11
15
44
72
100
124
146
167
187
206
222
233
238
241
242
241
237
231
220
205
191
175
162
149
130
109
89
69
48
31
16
0
-13
-26
-38
-47
-53
-58
-61
-62
-61
-61
-63
-66
-68
-68
-70
-72
-71
-74
-77
-81
-85
-87
-90
-94
-101
-109
-118
-128
-134
-141
-145
-146
-149
-150
-151
-148
-141
-132
-119
-107
-94
-78
-63
-48
-34
-19
2
23
43
62
79
96
114
133
153
173
187
198
206
209
212
213
212
208
201
190
178
164
149
133
119
103
88
72
57
41
27
10
-4
-19
-32
-44
-57
-63
-71
-77
-83
-85
-87
-89
-89
-93
-95
-100
-104
-107
-110
-113
-117
-120
-124
-123
-123
-120
-117
-118
-116
-112
-108
-107
-105
-104
-101
-99
-100
-97
-93
-88
-80
-69
-56
-46
-36
-26
-14
0
15
30
42
55
65
79
96
113
130
143
155
167
177
187
191
193
193
189
185
183
173
160
143
127
114
95
80
63
48
35
21
8
-5
-20
-36
-51
-62
-70
-78
-88
-96
-100
-100
-101
-100
-95
-91
-86
-84
-79
-76
-75
-73
-70
-68
-66
-67
-67
-67
-67
-64
-62
-62
-62
-62
-60
-59
-59
-62
-62
-60
-59
-57
-53
-48
-43
-37
-28
-15
-1
13
27
42
58
76
90
104
115
124
133
140
147
149
151
151
150
150
146
137
128
116
103
90
77
63
50
35
19
5
-9
-20
-29
-34
-40
-47
-53
-59
-65
-70
-72
-72
-71
-72
-75
-77
-76
-72
-68
-64
-61
-58
-55
-53
-47
-43
-38
-33
-29
-27
-22
-18
-12
-8
-7
-6
-6
-6
-6
-8
-11
-14
-16
-18
-20
-20
-19
-20
-22
-19
-17
-12
-6
0
9
16
21
26
33
37
43
47
48
52
52
52
48
43
39
33
28
22
17
8
1
-5
-12
-20
-30
-38
-45
-49
-53
-57
-61
-64
-67
-68
-67
-65
-62
-58
-54
-51
-47
-43
-40
-34
-29
-21
-15
-7
2
12
22
33
41
50
59
70
83
95
107
115
119
123
129
133
132
127
123
117
112
104
96
89
81
72
63
53
45
34
25
16
11
8
4
3
-5
-8
-12
-14
-16
-18
-23
-27
-33
-38
-44
-52
-62
-73
-82
-92
-103
-111
-121
-127
-133
-138
-140
-142
-144
-148
-148
-148
-145
-141
-135
-128
-123
-115
-106
-98
-89
-77
-63
-51
-36
-24
-12
-2
9
24
39
50
60
70
81
95
107
120
130
140
149
156
163
168
170
170
169
165
160
156
148
140
131
125
117
106
95
83
72
60
48
37
26
14
5
-2
-9
-16
-27
-38
-49
-59
-69
-77
-88
-99
-111
-123
-136
-145
-154
-159
-162
-164
-164
-161
-158
-153
-151
-145
-138
-130
-123
-113
-106
-99
-89
-79
-67
-54
-45
-37
-27
-16
-5
6
17
26
33
41
52
62
72
81
91
102
116
128
142
154
167
179
191
202
208
211
211
211
208
206
202
195
187
174
157
142
127
113
98
81
63
43
24
7
-7
-22
-34
-44
-58
-70
-80
-89
-95
-105
-114
-124
-134
-145
-156
-166
-176
-184
-190
-195
-200
-203
-203
-201
-197
-193
-187
-183
-177
-171
-162
-152
-139
-131
-119
-105
-93
-79
-67
-53
-39
-25
-12
4
18
29
39
48
58
69
79
90
102
111
119
129
143
155
165
174
183
190
196
199
202
203
199
194
187
179
172
162
152
140
129
116
102
87
72
60
47
34
21
8
-5
-21
-32
-42
-52
-63
-72
-82
-93
-102
-112
-121
-130
-142
-149
-154
-160
-165
-166
-166
-166
-163
-165
-161
-156
-150
-139
-126
-115
-104
-94
-86
-76
-64
-54
-43
-32
-21
-12
-4
5
12
19
25
31
36
41
49
56
63
70
75
84
95
108
117
126
134
139
146
155
161
166
167
164
160
154
149
142
134
124
111
96
79
65
54
42
32
19
6
-8
-19
-28
-36
-44
-53
-60
-69
-74
-80
-88
-96
-105
-115
-122
-126
-130
-134
-139
-143
-145
-147
-145
-142
-137
-134
-130
-125
-118
-110
-101
-91
-79
-68
-57
-46
-37
-27
-18
-6
5
16
22
28
35
42
48
55
62
67
73
79
84
90
97
104
109
112
113
113
113
114
117
118
118
115
109
104
101
98
95
90
81
69
57
47
37
30
22
12
4
-6
-14
-20
-25
-29
-36
-45
-54
-62
-69
-77
-84
-90
-96
-101
-107
-109
-109
-107
-107
-104
-102
-100
-95
-92
-86
-80
-76
-73
-66
-58
-49
-40
-32
-27
-19
-10
-1
8
15
20
24
28
33
37
43
48
53
57
61
66
71
78
86
93
96
97
95
98
99
98
96
92
84
74
67
57
52
47
40
36
25
18
12
7
3
-2
-5
-13
-17
-25
-28
-28
-30
-29
-34
-35
-39
-42
-45
-47
-47
-53
-56
-64
-69
-74
-78
-79
-79
-76
-77
-76
-75
-75
-68
-63
-58
-52
-49
-46
-41
-35
-31
-25
-17
-7
1
9
18
25
34
39
43
48
52
56
57
62
66
68
70
72
73
72
71
70
67
65
61
59
53
48
39
29
20
15
9
1
-7
-14
-21
-26
-29
-31
-33
-35
-36
-37
-37
-36
-36
-36
-34
-30
-28
-26
-23
-22
-21
-22
-22
-23
-22
-25
-27
-30
-32
-32
-33
-33
-33
-33
-33
-32
-29
-23
-19
-16
-15
-11
-8
-2
1
5
11
17
21
22
24
26
29
34
40
45
47
50
53
56
59
61
63
63
63
63
63
62
59
57
54
51
44
38
32
26
20
14
7
-1
-9
-17
-23
-26
-29
-32
-36
-39
-43
-42
-42
-41
-37
-38
-37
-36
-33
-31
-29
-28
-29
-28
-29
-30
-32
-32
-31
-32
-31
-33
-33
-33
-34
-32
-30
-28
-28
-28
-28
-26
-23
-21
-18
-16
-13
-12
-10
-9
-4
1
4
6
9
11
13
15
16
18
20
19
21
23
27
32
38
43
44
46
44
46
45
42
38
31
26
20
17
12
10
8
6
2
-3
-4
-7
-8
-11
-10
-10
-11
-9
-7
-3
3
9
12
13
15
16
17
20
20
18
14
12
9
8
4
2
-3
-6
-11
-13
-13
-12
-11
-10
-8
-5
-6
-6
-7
-8
-10
-14
-15
-16
-15
-14
-12
-12
-11
-10
-8
-8
-8
-7
-6
-3
-2
-1
-2
0
1
4
8
10
11
12
12
12
12
13
13
12
11
10
8
4
1
-4
-7
-8
-10
-11
-11
-10
-8
-8
-7
-5
-1
3
4
6
7
7
8
10
12
14
16
18
15
14
11
7
2
-2
-6
-11
-18
-23
-28
-33
-34
-35
-36
-33
-32
-31
-31
-31
-33
-33
-33
-32
-30
-31
-33
-34
-34
-35
-34
-32
-27
-23
-16
-11
-5
1
7
13
17
22
25
28
32
34
39
43
47
50
53
52
50
48
45
42
39
36
32
30
29
27
25
25
24
26
25
23
20
18
19
20
21
22
22
21
20
19
17
14
12
8
6
2
0
-4
-7
-11
-15
-18
-22
-27
-33
-37
-43
-45
-49
-50
-50
-48
-47
-47
-47
-46
-46
-45
-47
-49
-49
-49
-47
-42
-37
-33
-27
-25
-20
-14
-9
-3
5
11
16
23
29
35
39
43
48
53
55
55
54
55
55
56
57
55
53
48
45
42
41
41
40
38
34
31
28
27
26
24
23
20
19
15
12
6
1
-5
-9
-11
-13
-17
-21
-25
-27
-30
-33
-39
-42
-45
-50
-52
-54
-56
-58
-58
-60
-59
-59
-61
-62
-63
-62
-62
-62
-61
-59
-56
-54
-52
-47
-44
-41
-39
-32
-24
-18
-12
-5
2
8
14
18
24
30
35
40
42
44
46
46
47
51
53
53
53
52
51
51
51
50
49
48
45
42
42
43
43
43
41
42
41
39
36
34
30
28
25
21
18
14
10
5
3
-2
-8
-14
-17
-21
-25
-28
-30
-33
-37
-42
-45
-46
-45
-47
-49
-51
-52
-53
-52
-50
-48
-46
-44
-42
-40
-37
-32
-28
-24
-18
-13
-8
-1
5
9
17
22
27
32
38
43
50
55
58
61
64
66
66
65
65
65
62
58
54
51
48
43
40
38
35
28
25
22
19
13
8
4
1
-2
-6
-9
-9
-12
-16
-21
-22
-24
-25
-28
-29
-30
-34
-40
-45
-47
-48
-52
-55
-57
-61
-63
-65
-67
-66
-68
-68
-70
-67
-66
-64
-63
-62
-60
-59
-54
-51
-44
-38
-34
-28
-24
-18
-13
-6
1
7
12
18
27
34
40
48
56
61
64
65
64
65
66
65
64
64
62
59
54
52
48
43
37
32
28
25
21
18
18
15
15
13
12
10
9
8
7
4
1
-1
-5
-6
-9
-14
-20
-25
-28
-30
-32
-35
-36
-39
-40
-43
-44
-43
-43
-44
-44
-44
-43
-39
-37
-35
-32
-30
-29
-24
-22
-17
-15
-11
-6
1
6
10
14
20
28
35
42
48
55
63
70
79
84
88
88
89
90
92
93
93
91
90
86
82
78
73
68
62
55
48
41
33
27
20
13
5
-2
-12
-18
-23
-30
-34
-38
-44
-49
-55
-60
-65
-70
-75
-79
-83
-86
-88
-92
-94
-98
-98
-100
-99
-97
-94
-93
-92
-90
-85
-80
-74
-71
-66
-61
-58
-55
-51
-49
-48
-45
-41
-35
-28
-23
-17
-12
-6
2
10
19
28
36
44
49
56
61
68
73
78
83
89
94
97
96
96
95
93
90
84
80
76
71
64
58
54
49
42
36
29
24
18
11
6
3
-3
-10
-17
-24
-31
-37
-41
-47
-53
-57
-59
-61
-64
-67
-71
-73
-70
-69
-67
-62
-60
-57
-56
-52
-46
-41
-38
-32
-25
-18
-12
-7
-1
2
8
12
20
28
32
37
42
50
59
64
68
73
78
84
89
95
99
103
105
106
109
110
108
106
101
96
91
83
73
63
53
45
36
28
20
10
0
-11
-20
-30
-37
-45
-51
-57
-62
-66
-69
-71
-76
-82
-85
-88
-91
-94
-96
-95
-95
-95
-95
-94
-93
-92
-90
-87
-83
-79
-75
-71
-68
-66
-61
-58
-52
-48
-45
-43
-38
-33
-27
-23
-20
-13
-9
-6
-1
5
12
21
28
33
39
44
48
52
58
64
71
76
81
82
83
83
85
88
89
87
82
78
73
67
61
54
47
40
34
27
20
11
1
-8
-17
-25
-31
-38
-43
-50
-54
-58
-61
-63
-67
-70
-74
-73
-74
-73
-72
-70
-66
-63
-58
-54
-47
-39
-28
-19
-9
0
6
10
12
18
24
27
31
34
37
39
39
37
36
35
33
33
35
34
35
35
37
37
38
40
44
47
51
56
60
64
65
65
66
70
74
77
79
80
80
79
79
78
74
71
67
63
59
55
48
38
29
17
3
-7
-17
-24
-33
-40
-47
-53
-58
-65
-69
-72
-75
-78
-83
-85
-87
-90
-93
-96
-95
-97
-99
-99
-96
-95
-92
-90
-86
-83
-82
-80
-76
-69
-63
-59
-52
-45
-42
-39
-36
-30
-22
-14
-8
-2
4
9
14
21
28
31
34
38
44
50
52
54
56
57
58
60
61
66
69
70
70
69
68
65
64
64
62
60
58
54
49
43
35
28
22
18
13
9
4
-3
-12
-22
-29
-35
-40
-44
-47
-48
-50
-51
-53
-53
-54
-55
-53
-50
-48
-45
-41
-36
-29
-25
-21
-20
-15
-9
-5
0
7
10
13
15
16
18
19
21
24
27
30
28
27
27
27
26
26
26
26
28
30
31
34
36
36
36
39
43
47
49
48
47
45
42
40
38
35
31
27
27
26
22
16
10
3
-3
-8
-12
-15
-19
-26
-33
-40
-42
-48
-52
-52
-51
-51
-52
-52
-50
-51
-53
-52
-52
-52
-52
-50
-48
-45
-42
-41
-37
-36
-33
-30
-25
-20
-14
-10
-5
0
0
0
3
6
7
9
9
9
11
12
14
19
21
22
23
23
26
28
30
28
28
28
27
28
29
31
32
31
31
29
27
27
25
24
24
23
24
24
23
19
15
14
11
9
5
3
-1
-5
-8
-12
-16
-20
-24
-26
-28
-30
-31
-32
-34
-34
-34
-33
-33
-33
-33
-32
-31
-29
-26
-22
-19
-18
-15
-12
-9
-5
1
6
11
13
14
15
16
17
17
17
19
20
22
22
22
23
23
23
24
25
25
25
26
28
30
31
28
26
26
27
29
29
27
26
23
23
23
24
24
22
21
19
18
17
14
9
4
-1
-4
-8
-12
-16
-20
-26
-30
-32
-36
-41
-46
-50
-53
-53
-55
-54
-56
-57
-57
-56
-56
-56
-56
-55
-53
-52
-50
-49
-46
-43
-39
-33
-26
-19
-16
-12
-8
-3
2
7
13
17
20
22
25
28
31
33
36
41
44
46
46
49
51
52
54
56
55
53
51
50
49
48
50
53
54
52
48
44
42
40
37
33
31
27
23
20
17
12
7
1
-4
-7
-12
-17
-21
-24
-29
-32
-37
-45
-50
-52
-56
-58
-57
-57
-57
-58
-57
-55
-53
-52
-52
-51
-49
-44
-40
-37
-34
-31
-27
-24
-19
-16
-13
-9
-6
-1
0
4
4
5
6
7
9
10
10
11
11
13
13
14
14
15
17
21
25
28
30
32
35
36
38
42
44
45
47
48
50
49
50
49
48
47
43
42
39
37
32
28
23
18
15
12
9
8
4
1
-4
-10
-14
-20
-25
-28
-32
-35
-39
-42
-46
-50
-52
-54
-55
-56
-56
-57
-55
-52
-49
-47
-47
-46
-43
-40
-36
-33
-30
-27
-26
-25
-23
-21
-19
-16
-15
-13
-11
-8
-7
-7
-5
-2
0
2
6
11
14
18
20
23
27
31
36
40
47
53
58
62
65
65
66
68
69
69
68
64
60
58
56
52
48
44
38
33
29
25
19
14
8
3
-4
-10
-16
-20
-24
-27
-32
-37
-43
-45
-48
-51
-52
-53
-53
-54
-54
-54
-54
-53
-52
-52
-50
-46
-43
-38
-31
-24
-21
-16
-12
-9
-4
0
2
4
7
8
9
10
9
8
8
7
6
5
5
6
6
6
9
13
15
19
20
23
31
34
36
37
38
39
39
40
43
43
42
40
40
38
36
32
29
25
20
15
11
8
4
0
-4
-7
-11
-15
-20
-22
-26
-29
-31
-33
-33
-37
-38
-38
-38
-39
-38
