5
4
4
4
3
1
1
1
-1
-2
-3
-5
-6
-8
-7
-7
-7
-6
-6
-5
-5
-6
-6
-5
-6
-6
-5
-5
-4
-4
-2
-1
0
-1
2
1
1
1
2
3
4
3
4
2
3
3
2
2
3
3
1
2
1
0
0
0
0
-1
-1
-2
-2
-3
-3
-3
-4
-4
-5
-6
-8
-8
-9
-8
-9
-9
-9
-8
-7
-7
-6
-6
-6
-6
-6
-7
-6
-5
-5
-6
-5
-4
-3
-4
-5
-4
-3
-2
-3
-1
-1
-1
2
2
1
1
1
1
2
2
2
3
2
1
2
3
5
4
4
3
4
4
5
6
6
5
5
5
5
5
5
6
5
6
6
6
6
5
6
3
4
5
4
4
4
4
5
3
4
5
5
6
7
6
6
8
7
7
6
5
6
5
5
5
4
2
2
2
3
3
4
5
4
4
3
4
1
2
2
1
0
0
-1
-2
-3
-2
-2
-4
-6
-5
-5
-6
-6
-6
-5
-6
-6
-6
-5
-5
-4
-3
-2
0
-1
0
0
1
0
-1
0
0
0
0
0
-1
1
1
0
1
0
0
0
2
1
0
0
-1
-2
-2
-2
-2
-2
-2
-3
-2
-3
-2
-3
-3
-4
-3
-3
-4
-5
-5
-7
-8
-7
-8
-9
-9
-9
-10
-10
-10
-11
-11
-11
-12
-12
-11
-10
-10
-10
-11
-11
-10
-9
-7
-7
-5
-5
-3
-1
1
3
5
5
7
8
9
10
11
12
11
10
10
10
8
8
10
11
12
13
14
15
15
16
16
16
15
14
13
13
13
11
10
10
8
6
6
4
4
2
0
-1
-2
-1
-1
-2
-3
-3
-5
-5
-6
-6
-5
-6
-7
-7
-7
-7
-7
-6
-5
-4
-4
-4
-4
-3
-5
-5
-6
-5
-5
-4
-4
-4
-4
-2
-3
-2
0
0
0
2
1
2
2
2
2
3
2
2
2
2
1
1
1
1
2
2
1
2
2
1
2
3
2
1
1
2
3
1
1
2
1
1
0
-1
-1
-1
-2
-1
-2
-1
-2
-2
-1
-2
-2
-1
0
0
0
-1
0
0
0
-1
0
0
-1
-2
-2
-1
-2
-2
-2
-2
-3
-4
-4
-6
-7
-7
-9
-8
-8
-9
-9
-6
-6
-6
-5
-5
-4
-3
-4
-4
-4
-4
-4
-4
-3
-1
-2
-1
0
1
3
4
5
5
5
7
7
9
10
10
11
12
12
12
11
12
12
11
11
11
10
10
8
8
7
6
6
7
5
5
4
5
4
3
2
1
1
-1
0
-1
0
-1
-1
-1
-4
-3
-3
-4
-5
-5
-4
-4
-4
-4
-4
-4
-5
-5
-4
-4
-5
-3
-4
-4
-3
-4
-3
-2
-2
-2
-4
-3
-3
-5
-5
-6
-6
-6
-6
-6
-7
-6
-6
-6
-8
-7
-9
-11
-10
-10
-10
-9
-10
-9
-8
-9
-8
-5
-5
-3
-2
-2
-3
-2
-2
-2
-2
-1
0
1
2
3
3
4
4
3
5
5
6
7
8
8
8
8
8
8
8
8
8
8
8
9
8
8
8
7
7
9
8
8
8
7
6
8
7
5
5
6
5
6
6
7
6
6
6
6
6
6
5
5
4
2
2
1
0
-1
-2
-3
-4
-4
-5
-6
-8
-8
-9
-10
-10
-11
-11
-11
-11
-11
-11
-11
-10
-8
-9
-6
-5
-4
-3
-3
-2
-2
-2
-1
0
1
2
2
1
2
1
3
1
3
2
3
1
1
0
0
1
0
2
3
3
4
4
6
6
6
7
7
7
7
8
8
6
6
7
6
5
5
3
2
1
0
-1
-3
-5
-7
-7
-7
-6
-6
-7
-7
-7
-6
-7
-7
-5
-6
-6
-6
-7
-6
-6
-6
-6
-7
-6
-6
-7
-6
-6
-6
-6
-7
-6
-6
-6
-6
-4
-4
-4
-5
-4
-5
-4
-3
-3
-4
-5
-4
-4
-2
-2
-2
-2
0
-2
0
0
2
3
4
6
7
8
9
9
9
10
10
10
10
11
12
10
10
11
12
11
11
13
14
14
14
13
13
12
12
10
11
10
10
11
10
9
9
8
5
4
0
1
1
0
-2
-2
-4
-4
-6
-6
-7
-8
-8
-10
-10
-10
-9
-10
-10
-11
-10
-10
-10
-8
-7
-8
-7
-9
-7
-7
-7
-7
-5
-5
-5
-5
-5
-4
-4
-4
-3
-3
-1
-1
0
0
0
-1
-1
0
1
1
1
2
2
1
2
2
2
2
2
2
2
1
0
0
0
-1
-1
-2
-1
-1
-3
-3
-3
-4
-4
-3
-3
-3
-2
-2
-1
1
2
3
4
3
3
4
5
4
3
2
2
1
1
1
0
0
1
0
0
1
0
-1
-2
-2
-2
-1
-2
0
1
1
1
4
6
5
7
7
8
9
8
9
8
9
10
10
11
10
11
11
10
11
10
10
9
8
8
7
6
5
3
2
2
1
-2
-4
-6
-6
-8
-10
-12
-13
-14
-15
-16
-17
-16
-16
-15
-15
-15
-17
-17
-17
-17
-17
-16
-14
-14
-13
-13
-12
-10
-9
-7
-6
-5
-4
-3
-1
1
2
2
3
4
5
6
6
7
7
8
8
9
9
8
9
8
7
6
6
7
7
6
7
8
7
7
6
6
6
7
6
7
7
6
6
6
6
7
7
8
7
5
6
6
5
4
4
3
3
3
1
2
2
1
2
2
1
1
-1
-1
-4
-3
-3
-3
-4
-5
-5
-5
-4
-6
-5
-6
-5
-6
-7
-5
-5
-5
-3
-2
-1
0
0
1
1
0
1
1
0
1
1
2
3
2
1
1
0
-1
-1
-1
-1
-2
0
0
-2
-1
0
-1
-1
-1
-1
-2
-1
-2
-4
-4
-5
-5
-6
-6
-6
-7
-6
-4
-4
-4
-3
-3
-3
-1
-1
0
0
0
0
0
1
0
1
1
1
1
3
3
3
3
4
3
4
3
3
4
3
3
2
2
2
1
1
2
0
0
0
1
1
1
1
1
0
-1
-2
-2
-2
-1
0
-1
-2
-2
-1
-1
-1
-1
-1
0
-1
0
-1
-1
-1
-2
-2
-2
-2
-3
-3
-2
-1
-1
-1
0
1
1
2
3
2
3
3
2
2
4
4
3
2
2
2
3
3
2
3
3
3
3
2
2
3
3
2
2
3
5
6
5
4
5
3
3
4
3
3
2
1
1
-1
0
-1
-1
-1
-3
-4
-4
-3
-4
-4
-5
-5
-3
-4
-4
-5
-4
-4
-5
-4
-4
-3
-2
-3
-3
-3
-3
-3
-2
-2
-1
0
0
0
-1
0
0
0
1
0
0
0
0
0
0
0
0
0
0
0
-1
-1
1
0
0
-1
-2
0
-2
-2
-2
-2
-2
-1
0
-1
-1
0
0
0
1
0
2
1
2
2
2
3
2
3
2
2
3
4
3
5
4
5
6
3
2
3
3
3
3
3
3
3
3
2
2
2
2
4
3
2
3
2
2
2
1
1
0
-1
-2
0
-3
-4
-5
-5
-6
-8
-8
-7
-7
-6
-7
-7
-7
-6
-6
-8
-6
-3
-1
-2
-4
-3
-1
0
-2
-2
-1
1
3
3
3
5
7
8
7
9
9
9
10
10
9
9
9
7
6
3
2
3
2
2
0
-2
-3
-2
-2
-4
-4
-3
-3
-5
-7
-6
-4
-6
-6
-6
-8
-5
-5
-8
-8
-7
-3
-5
-8
0
1
1
2
-1
1
1
-1
-4
-4
-3
0
-5
-10
-3
-6
-11
-8
-8
-3
-5
-4
-1
-5
2
-1
-2
0
-2
1
-3
-1
3
0
6
2
3
14
7
8
13
16
17
11
15
18
8
9
8
4
10
9
2
0
7
14
6
4
14
16
11
12
14
15
18
14
10
9
8
8
0
-5
4
-3
-16
-11
-8
-12
-19
-17
-10
-20
-21
-19
-21
-18
-19
-18
-23
-17
-6
-23
-14
-4
-7
-4
-8
-6
-2
-3
8
-2
1
14
1
1
0
1
8
4
-4
6
9
-1
-7
6
7
-2
-2
6
10
2
12
6
6
29
13
-6
11
17
16
-5
-5
10
-7
-6
-7
-29
-3
1
-21
-13
-7
3
-16
-16
2
-16
1
4
-27
-2
-5
-4
-6
-17
9
-3
-1
14
-12
10
17
6
15
-12
9
16
-11
10
-5
4
19
-9
3
-16
9
23
-26
15
15
8
21
-7
11
0
12
21
-20
12
17
0
-4
-6
8
-4
7
2
-15
-2
2
13
-28
-10
28
-11
5
-15
-11
27
-3
-1
-4
-1
32
-5
3
20
8
22
10
5
23
4
1
17
11
8
-2
11
1
-5
10
-25
-20
7
-18
-18
-29
-11
-3
-28
5
-28
-23
13
-23
-5
-11
-5
20
-23
8
-3
-13
14
-5
6
-16
9
11
-19
11
-6
-14
6
-1
0
-31
11
12
-12
5
-12
-4
13
23
-17
-27
48
24
-34
14
9
26
1
-16
3
-13
20
7
-52
2
14
-14
-24
-31
-9
-1
10
-26
-12
10
9
-30
4
16
-3
5
34
5
4
38
-1
-2
52
-2
-19
40
9
8
-12
16
24
-39
27
10
-38
31
-13
-12
10
11
4
-64
24
21
-31
20
-6
-10
3
20
-22
-72
43
20
-48
4
-24
-38
-12
-13
-58
-18
17
1
-5
-9
-1
-12
7
1
-10
73
-30
-19
110
-19
4
56
-7
49
50
38
-45
39
115
-80
11
51
-40
16
26
21
-28
16
67
-56
1
13
5
31
-17
36
3
-25
15
-5
-25
-23
42
-8
-74
42
-31
-77
-10
-17
-29
-24
47
-57
-38
59
-57
-29
4
-2
27
-52
64
-67
-27
108
-70
20
14
-10
38
-49
13
-13
-59
115
-29
-111
52
16
-37
-25
-46
32
-6
-35
55
-83
-13
87
-44
-33
-6
61
27
-90
57
42
-53
37
24
7
38
27
-48
-37
79
4
-30
25
18
25
2
-2
-39
-9
16
42
5
-57
46
44
-18
-59
16
82
-74
12
70
-95
19
44
-54
-23
7
136
-99
-122
174
-18
-88
-20
3
64
-97
36
24
-120
110
8
-101
-3
22
49
-42
-18
87
-10
-34
65
36
-25
24
79
-12
4
47
13
-33
5
89
-31
-29
94
-40
-11
-20
-23
44
-60
20
30
11
17
-64
-24
37
12
52
-31
-54
67
58
-110
-23
48
11
8
-33
-59
-60
64
-8
-136
57
47
-114
37
-42
-57
25
-21
14
-5
37
-13
-46
71
-1
-48
35
-45
7
118
-70
-73
100
-18
-40
56
-20
-60
11
85
-89
-69
99
-64
-58
80
-62
-77
90
15
-60
30
46
-16
-18
96
-28
-67
145
-7
-109
65
43
-25
-44
88
-31
-78
140
-6
-85
64
8
-5
-16
-48
54
35
-42
-17
9
22
-8
-33
59
-52
-1
97
-58
-79
55
25
-28
-9
-17
25
-18
-7
87
-49
-71
95
21
-35
-18
22
10
-93
-12
42
-124
57
92
-88
2
4
22
-27
-30
41
51
25
-56
-14
65
-42
-53
55
57
-108
50
97
-200
5
152
-84
-77
38
100
-26
-24
107
-74
17
56
-31
98
-41
47
98
-103
27
-44
25
93
-121
79
-5
-70
75
-155
22
52
-71
161
-125
-80
185
-72
-64
14
57
-18
-53
120
-44
-30
85
-61
-51
55
50
-69
-24
116
-53
-48
36
-94
48
89
-27
-33
3
62
-49
-7
53
-49
157
14
-187
167
35
-79
22
64
44
-116
107
-32
-169
232
-99
-166
117
-99
34
-19
-98
-20
35
50
-205
-18
167
-154
5
145
-168
-38
100
-64
-69
42
20
-6
45
-100
-15
51
-78
28
8
16
52
-12
46
-84
25
76
-95
59
-56
50
148
-205
-24
92
-73
58
36
-23
-16
80
49
-218
6
200
21
-65
42
69
-66
-4
-4
-85
19
152
37
-187
-30
139
-88
-115
77
16
-2
100
62
-47
-79
115
29
-82
104
-41
68
137
-69
-4
-75
25
69
-102
76
55
-69
139
-106
-171
91
42
1
-112
84
89
-239
141
37
-314
206
116
-158
27
47
81
-164
-87
207
-243
-62
218
-92
9
-84
36
-27
-171
246
-53
-112
165
-44
-79
-60
16
103
-27
55
10
-61
71
-64
-75
125
62
-29
31
42
-46
-57
14
108
4
-1
60
-113
65
34
-68
42
35
218
5
-201
93
0
8
102
-93
-4
130
34
-150
-101
79
117
68
-42
-35
22
57
-76
-186
74
66
15
85
-206
-45
121
-153
-36
-108
36
189
-84
34
-61
-178
106
28
-117
9
109
131
-147
-161
48
-141
-96
156
-64
-115
155
-96
-220
86
-27
-80
155
54
-133
24
159
-191
-134
244
-117
-56
348
-83
-176
142
28
-110
1
144
-11
-39
99
-52
-79
35
72
22
36
163
-42
16
56
-81
130
101
14
26
52
111
-141
-26
156
-60
80
22
-107
64
-32
1
3
-25
105
-38
34
0
-94
46
-87
-55
99
-34
-61
70
36
-92
-12
14
1
30
-20
12
35
-74
-92
-7
20
-42
37
56
-103
-25
33
-69
-75
19
73
-12
-21
-28
-82
-23
-43
-20
12
36
-9
-107
58
4
-126
112
1
-157
62
18
-74
-43
-36
-16
-31
37
-34
-100
9
58
64
-44
-42
102
11
-46
65
49
-7
53
66
-21
58
87
-60
17
122
63
-7
57
68
-46
37
51
-60
51
114
35
-14
26
36
-54
-39
-8
54
91
8
26
4
-55
10
-51
-47
44
8
53
20
-133
-63
20
-46
-102
-66
73
38
-52
-80
-76
-61
-92
-28
97
63
-28
6
-42
-89
9
-58
-10
152
73
63
-25
-106
-16
-16
40
56
22
55
-1
-17
-90
-137
28
25
-1
112
72
27
-73
-92
35
-4
30
92
16
59
44
-6
-38
-85
146
39
-97
195
-10
-158
82
-64
-114
99
33
-102
7
163
-56
-244
41
28
-90
150
-5
-81
109
-78
-91
26
-44
27
92
11
-57
-39
14
-83
-79
112
36
-82
48
21
-119
-21
82
-47
-141
64
104
-137
-19
106
-92
1
107
-103
-44
137
3
-27
109
-9
-87
91
69
-99
12
80
-60
51
78
-108
-8
105
-41
-106
39
59
10
40
-30
-61
49
-9
-68
11
9
61
126
-12
-68
42
28
-2
30
32
6
67
77
-110
-92
42
-8
25
66
9
10
-7
-35
-32
16
65
14
10
47
15
-26
-25
-44
21
144
28
-66
36
-9
-87
-38
-5
-13
6
39
-33
-87
-50
-58
-48
22
23
-32
-29
-37
-63
-58
-32
-10
15
37
-10
-30
-1
-23
-32
9
53
47
28
4
-56
-68
-51
-52
-12
39
25
5
-8
-29
-53
-80
-36
53
95
86
35
15
-7
-82
-35
69
75
115
140
62
-5
8
10
-38
0
71
90
103
28
-92
-57
0
-61
-63
53
89
49
2
-80
-79
-28
-11
-7
29
91
47
-12
-25
-94
-78
34
41
-6
1
21
-10
-85
-76
-56
-77
-5
56
6
-61
-35
-2
-30
-21
0
-11
4
44
-1
-22
41
45
2
10
4
-25
30
59
26
-19
-2
-11
-61
-33
-62
-65
16
30
-44
-92
-31
-17
-39
-4
30
43
75
70
-17
-56
-2
52
37
69
109
64
6
-4
-17
-28
39
59
32
58
51
-16
-47
-2
27
28
98
116
32
29
42
-9
-10
42
53
32
40
41
3
-23
-14
-24
-31
-5
-18
-42
1
-20
-81
-52
-10
-49
-100
-61
-54
-82
-48
-51
-88
-70
-52
-92
-128
-99
-22
-6
-38
-16
-29
-78
-52
-28
-29
22
103
62
-47
-43
-37
-57
2
57
40
24
44
-22
-96
-60
-21
31
129
168
118
95
87
26
49
161
214
211
218
184
49
-1
51
49
79
144
129
47
-30
-91
-149
-109
-5
39
71
55
-21
-65
-94
-73
-18
60
113
75
47
-4
-69
-61
-47
-16
7
-26
-56
-111
-153
-160
-162
-131
-134
-121
-78
-115
-157
-171
-144
-54
-28
-27
-11
-25
-29
-45
-42
-41
-25
29
28
-9
-52
-93
-114
-109
-104
-103
-104
-95
-84
-107
-78
-46
-50
-3
43
85
141
190
200
168
215
254
205
234
271
243
259
254
192
155
159
121
38
71
129
84
67
76
50
36
33
37
57
78
110
111
108
113
80
78
97
96
108
102
75
54
25
-20
-66
-105
-151
-188
-193
-214
-258
-267
-300
-390
-455
-500
-531
-479
-367
-274
-235
-244
-310
-394
-412
-351
-251
-125
-48
-28
-51
-225
-371
-371
-305
-136
56
197
235
188
101
-50
-58
113
300
495
611
576
427
256
159
140
284
530
652
679
590
357
165
102
155
271
429
553
496
341
222
99
91
255
421
534
581
523
322
109
34
13
47
137
129
-1
-157
-342
-510
-586
-568
-498
-436
-401
-456
-602
-716
-745
-710
-619
-459
-339
-345
-417
-521
-636
-680
-600
-529
-512
-459
-473
-634
-746
-744
-794
-755
-444
-156
-13
171
308
248
249
456
545
634
986
1184
1070
963
842
545
354
473
546
542
666
611
293
51
-66
-172
-120
164
421
529
623
605
460
463
605
766
956
1150
1182
991
736
486
250
98
29
-33
-119
-274
-541
-828
-1022
-1100
-1085
-990
-871
-816
-818
-810
-799
-764
-648
-482
-353
-279
-235
-244
-301
-330
-305
-350
-456
-524
-582
-677
-777
-821
-876
-912
-935
-1010
-992
-798
-499
-233
16
250
370
473
588
618
731
1024
1262
1353
1285
1037
723
561
538
442
485
663
573
321
95
-156
-346
-276
-16
173
388
599
563
470
511
614
787
1062
1331
1393
1290
1088
774
503
325
250
212
98
-82
-362
-668
-937
-1077
-1061
-1000
-883
-795
-806
-836
-827
-751
-655
-515
-336
-213
-143
-169
-233
-252
-294
-299
-304
-379
-473
-540
-567
-748
-911
-921
-1003
-1025
-988
-992
-925
-652
-276
-203
-79
353
578
634
687
744
849
1033
1333
1274
1052
1041
770
396
296
464
601
565
608
366
-88
-202
-197
-133
131
509
687
599
580
485
400
654
927
1064
1139
1131
941
606
393
176
19
43
-20
-169
-378
-631
-874
-1034
-1012
-999
-936
-799
-759
-746
-751
-733
-682
-570
-373
-276
-237
-266
-377
-450
-482
-395
-347
-396
-459
-643
-801
-901
-943
-855
-796
-716
-742
-860
-784
-624
-266
50
176
326
371
473
474
521
873
1158
1332
1197
871
678
527
512
525
639
892
847
590
278
-19
-120
-61
184
406
537
690
612
443
399
431
577
813
1087
1105
921
776
522
240
111
119
111
79
8
-273
-598
-719
-783
-831
-750
-625
-601
-631
-613
-604
-538
-388
-265
-188
-173
-176
-216
-254
-288
-353
-338
-340
-403
-520
-723
-843
-888
-897
-917
-963
-937
-969
-1012
-942
-802
-523
-227
33
281
368
432
547
663
709
725
942
1068
984
922
694
372
250
271
203
201
473
496
192
35
-158
-415
-307
55
270
461
731
697
455
461
530
565
855
1207
1229
1039
854
543
209
121
157
154
141
69
-223
-581
-734
-752
-724
-573
-379
-339
-414
-447
-472
-495
-344
-85
50
89
100
-42
-285
-363
-322
-339
-316
-273
-425
-707
-871
-988
-1144
-1123
-980
-943
-950
-901
-921
-968
-812
-498
-192
111
411
585
625
633
555
514
716
1076
1279
1128
860
610
250
-60
-52
175
358
412
249
-195
-560
-564
-452
-236
255
665
690
594
534
436
527
930
1293
1448
1511
1333
915
605
439
312
307
366
219
-119
-455
-772
-969
-937
-781
-609
-462
-413
-485
-570
-593
-484
-228
32
181
212
78
-153
-276
-346
-406
-305
-155
-209
-450
-718
-995
-1184
-1131
-1065
-1061
-926
-866
-989
-1073
-1015
-816
-434
41
294
368
522
596
582
657
762
827
984
1202
1103
726
458
260
2
-30
179
275
277
240
-50
-452
-518
-294
-116
163
578
705
574
511
535
592
817
1199
1382
1322
1238
1029
666
431
371
301
198
159
9
-338
-568
-668
-801
-781
-570
-436
-431
-406
-379
-426
-373
-191
-52
39
90
91
-7
-128
-192
-279
-328
-297
-336
-473
-617
-767
-998
-1111
-980
-945
-1015
-1003
-1078
-1183
-1096
-924
-759
-435
-39
57
93
266
287
309
472
592
743
1026
1106
783
425
226
29
-22
153
355
481
402
65
-309
-499
-456
-233
100
447
657
657
508
391
467
697
1024
1395
1613
1551
1292
967
696
502
475
583
562
405
158
-233
-621
-744
-666
-608
-465
-257
-297
-467
-478
-525
-561
-300
15
141
225
234
0
-256
-253
-203
-202
-89
-112
-338
-543
-742
-885
-935
-879
-853
-915
-995
-1191
-1280
-1257
-1206
-894
-542
-340
-204
-133
-114
-99
98
318
472
886
1205
1134
899
578
332
271
397
537
611
699
504
50
-359
-602
-548
-328
-52
161
239
215
50
-19
179
545
1004
1382
1543
1507
1311
1127
1039
1055
1094
1038
930
645
217
-170
-478
-623
-633
-629
-675
-711
-740
-861
-919
-778
-589
-382
-117
8
-49
-45
-3
-25
34
110
48
-69
-185
-364
-582
-680
-725
-865
-987
-1153
-1395
-1509
-1535
-1523
-1467
-1360
-1149
-857
-570
-436
-245
98
284
487
752
841
1002
1361
1526
1269
1050
948
604
424
578
598
578
581
198
-400
-633
-589
-574
-318
135
290
232
216
192
239
595
1132
1519
1760
1824
1608
1351
1259
1202
1110
1076
998
666
184
-254
-627
-868
-917
-883
-884
-928
-997
-1073
-1069
-913
-651
-391
-133
70
108
69
110
185
185
211
183
-66
-307
-463
-713
-929
-1000
-1070
-1225
-1403
-1586
-1824
-1904
-1740
-1542
-1383
-1187
-814
-427
-284
-115
131
326
655
1008
1090
1212
1715
1854
1355
1083
955
601
509
622
492
439
512
55
-624
-765
-738
-753
-368
73
168
278
381
264
331
762
1197
1593
1992
2063
1837
1605
1380
1180
1084
1022
878
626
202
-324
-755
-1029
-1163
-1166
-1099
-1027
-974
-995
-1041
-911
-643
-389
-93
175
256
235
239
175
25
0
4
-174
-373
-506
-760
-1086
-1236
-1364
-1552
-1516
-1464
-1603
-1614
-1445
-1411
-1443
-1189
-776
-401
8
297
391
542
729
772
796
1036
1499
1837
1719
1269
852
540
287
230
326
481
650
486
-157
-733
-877
-807
-577
-96
326
465
463
366
218
325
753
1243
1679
1966
1916
1587
1259
1012
820
765
813
741
435
-17
-527
-970
-1182
-1161
-1037
-854
-709
-736
-819
-798
-670
-460
-136
248
442
415
357
245
58
-26
-22
-94
-212
-340
-625
-1036
-1262
-1339
-1433
-1325
-1193
-1325
-1464
-1425
-1395
-1364
-1065
-632
-220
207
370
207
212
464
637
764
966
1253
1548
1513
964
401
281
209
132
384
570
493
303
-181
-864
-1073
-763
-509
-122
453
516
179
62
21
44
573
1340
1753
1890
1838
1413
994
907
876
874
1038
1065
686
104
-444
-895
-1080
-956
-728
-535
-446
-519
-687
-769
-635
-327
72
502
779
735
487
220
-11
-77
40
103
-18
-268
-670
-1186
-1541
-1641
-1606
-1408
-1249
-1363
-1562
-1691
-1771
-1667
-1326
-895
-401
69
236
138
135
204
316
610
870
1087
1431
1498
1041
537
292
111
86
252
302
317
314
-86
-729
-1012
-968
-836
-482
-42
176
266
315
232
279
670
1184
1676
2111
2309
2175
1897
1636
1440
1326
1265
1189
986
599
92
-401
-775
-946
-891
-753
-639
-537
-482
-479
-395
-194
44
337
653
801
711
526
356
165
-13
-143
-276
-461
-709
-1050
-1471
-1805
-1935
-1922
-1841
-1707
-1652
-1751
-1862
-1804
-1633
-1438
-1079
-607
-241
-37
10
-74
-78
169
447
553
757
1135
1271
1041
726
437
140
3
105
254
403
481
180
-442
-926
-1108
-1123
-823
-165
357
496
473
398
321
522
1080
1746
2374
2828
2852
2498
2119
1799
1515
1395
1456
1448
1157
658
29
-615
-1024
-1095
-941
-650
-313
-145
-194
-255
-262
-250
-47
340
613
721
701
397
-102
-456
-667
-886
-972
-1013
-1239
-1518
-1772
-2058
-2188
-2052
-1906
-1846
-1744
-1635
-1585
-1500
-1393
-1233
-829
-417
-262
-184
-101
-49
109
276
274
467
965
1102
831
722
642
389
313
357
283
441
687
366
-150
-290
-493
-764
-544
-120
126
444
718
649
662
983
1279
1671
2310
2720
2742
2688
2509
2122
1787
1597
1420
1245
991
555
75
-352
-740
-991
-1004
-858
-701
-574
-490
-430
-368
-313
-239
-124
-6
50
37
-60
-253
-499
-730
-947
-1165
-1314
-1400
-1507
-1606
-1669
-1745
-1806
-1831
-1906
-1948
-1771
-1538
-1456
-1371
-1145
-919
-719
-558
-517
-409
-100
161
225
363
697
1011
1177
1192
1095
1014
941
803
732
824
938
883
615
218
-185
-498
-666
-577
-242
111
368
542
611
668
876
1265
1756
2322
2773
2911
2850
2690
2364
1970
1708
1525
1291
1000
627
135
-365
-783
-1111
-1245
-1171
-1049
-939
-791
-667
-669
-702
-641
-514
-372
-288
-285
-341
-462
-644
-856
-1037
-1173
-1295
-1407
-1517
-1603
-1625
-1669
-1758
-1796
-1819
-1859
-1823
-1697
-1588
-1515
-1357
-1183
-1049
-820
-585
-409
-138
206
366
429
767
1233
1516
1702
1796
1703
1543
1369
1110
987
1137
1147
803
405
14
-437
-711
-706
-555
-256
133
382
535
799
1080
1337
1736
2201
2580
2865
3026
2982
2768
2433
1990
1553
1173
788
427
116
-247
-672
-1064
-1363
-1519
-1543
-1473
-1304
-1075
-929
-878
-822
-783
-758
-687
-594
-521
-473
-492
-610
-770
-924
-1104
-1259
-1318
-1360
-1407
-1420
-1467
-1582
-1732
-1886
-1974
-1921
-1779
-1634
-1483
-1294
-1079
-852
-631
-394
-94
241
526
808
1181
1592
1905
2023
1964
1860
1742
1536
1342
1329
1370
1201
821
356
-115
-480
-687
-777
-672
-328
-5
140
302
549
777
1094
1559
2016
2393
2685
2784
2698
2558
2319
1942
1592
1282
879
485
173
-215
-687
-1075
-1363
-1589
-1681
-1666
-1612
-1486
-1355
-1317
-1274
-1127
-974
-877
-762
-649
-574
-486
-421
-440
-490
-566
-681
-789
-861
-930
-1013
-1097
-1208
-1336
-1461
-1601
-1673
-1661
-1655
-1605
-1441
-1225
-1007
-755
-502
-261
58
365
555
844
1281
1623
1837
2003
2005
1835
1662
1472
1256
1179
1134
880
530
216
-161
-520
-683
-699
-624
-403
-159
27
296
620
861
1112
1455
1766
2013
2246
2396
2413
2342
2130
1791
1457
1144
808
508
253
-43
-364
-666
-984
-1271
-1432
-1499
-1496
-1404
-1300
-1244
-1182
-1113
-1094
-1063
-957
-824
-681
-511
-392
-359
-375
-456
-578
-634
-621
-639
-692
-772
-941
-1176
-1386
-1529
-1591
-1597
-1613
-1633
-1557
-1399
-1233
-1026
-735
-421
-109
182
420
684
1040
1365
1556
1689
1762
1709
1583
1405
1179
1022
942
770
503
283
69
-175
-315
-328
-290
-154
76
296
536
842
1112
1319
1540
1742
1865
1982
2111
2150
2090
1961
1732
1415
1094
790
500
258
45
-186
-430
-646
-857
-1077
-1252
-1333
-1345
-1327
-1287
-1244
-1224
-1222
-1205
-1139
-1023
-884
-760
-677
-622
-579
-555
-553
-547
-550
-600
-684
-776
-900
-1047
-1141
-1178
-1216
-1259
-1294
-1354
-1408
-1347
-1180
-981
-741
-472
-245
-59
129
277
405
626
907
1111
1230
1312
1312
1231
1125
991
827
747
752
703
608
556
496
374
276
243
257
379
610
827
1004
1183
1291
1289
1292
1354
1417
1497
1582
1569
1440
1277
1075
832
632
477
300
123
-31
-218
-429
-611
-770
-910
-986
-1025
-1070
-1110
-1140
-1142
-1089
-997
-915
-853
-801
-771
-768
-768
-745
-688
-633
-642
-723
-839
-961
-1058
-1116
-1157
-1179
-1154
-1120
-1115
-1124
-1127
-1098
-994
-838
-693
-536
-339
-156
-25
84
166
213
289
415
540
664
786
843
815
750
670
590
580
660
771
868
934
929
857
803
807
851
942
1095
1240
1327
1368
1360
1300
1251
1244
1240
1229
1225
1180
1059
920
793
657
536
452
368
259
142
7
-158
-308
-430
-539
-624
-690
-768
-850
-905
-944
-986
-1026
-1042
-1053
-1064
-1061
-1054
-1067
-1106
-1153
-1194
-1217
-1209
-1181
-1143
-1112
-1117
-1165
-1191
-1164
-1104
-1015
-900
-779
-696
-661
-644
-592
-479
-330
-189
-80
-1
61
110
130
171
285
443
592
694
747
788
840
876
890
955
1092
1218
1284
1314
1326
1323
1313
1287
1251
1240
1248
1223
1178
1150
1103
1019
939
886
842
797
755
709
660
597
510
429
377
319
222
103
-10
-127
-254
-377
-467
-537
-612
-701
-798
-927
-1081
-1217
-1296
-1316
-1290
-1247
-1231
-1246
-1287
-1362
-1439
-1437
-1347
-1233
-1123
-1028
-989
-994
-991
-963
-910
-811
-693
-595
-495
-417
-419
-459
-446
-402
-375
-335
-267
-185
-90
-16
10
68
194
332
468
643
822
949
1051
1136
1188
1257
1371
1486
1583
1659
1673
1619
1540
1438
1302
1200
1155
1098
1020
966
926
844
743
665
616
605
617
618
616
627
614
543
464
407
329
224
137
52
-69
-208
-338
-465
-599
-753
-928
-1078
-1194
-1306
-1400
-1434
-1423
-1430
-1479
-1537
-1555
-1523
-1489
-1462
-1379
-1236
-1109
-1031
-980
-935
-886
-835
-803
-772
-722
-650
-596
-586
-610
-633
-629
-589
-517
-434
-347
-232
-108
-35
4
114
315
536
740
928
1091
1228
1329
1375
1418
1525
1645
1708
1731
1738
1681
1540
1365
1197
1074
1026
1025
1016
992
953
866
753
671
638
650
703
784
835
817
739
627
506
391
290
217
152
59
-79
-257
-442
-614
-787
-966
-1119
-1220
-1287
-1340
-1391
-1445
-1500
-1547
-1588
-1608
-1585
-1534
-1469
-1393
-1326
-1286
-1248
-1195
-1148
-1101
-1035
-958
-886
-815
-761
-724
-671
-625
-588
-502
-346
-189
-97
-39
30
107
163
212
328
548
793
963
1041
1096
1151
1166
1150
1192
1344
1527
1634
1646
1582
1452
1268
1084
973
967
1033
1090
1090
1050
964
820
678
621
633
674
752
852
890
827
702
539
360
212
112
40
10
-8
-106
-299
-510
-715
-920
-1053
-1087
-1093
-1093
-1074
-1100
-1208
-1333
-1413
-1444
-1427
-1367
-1291
-1214
-1144
-1140
-1214
-1278
-1280
-1259
-1231
-1164
-1047
-929
-868
-863
-873
-829
-712
-538
-305
-42
160
258
289
260
206
267
472
727
959
1072
1017
883
744
590
529
714
999
1156
1202
1184
1070
905
774
705
785
1033
1254
1334
1370
1356
1193
960
835
844
919
1056
1182
1181
1020
745
416
133
0
1
56
137
157
-16
-318
-546
-668
-738
-714
-600
-519
-542
-664
-851
-1026
-1129
-1175
-1183
-1153
-1128
-1142
-1199
-1290
-1394
-1485
-1555
-1571
-1524
-1467
-1378
-1231
-1143
-1181
-1166
-989
-745
-435
-36
312
486
500
385
241
273
530
812
1005
1086
927
530
160
-22
-36
159
516
758
758
648
467
275
258
439
734
1144
1528
1677
1644
1555
1383
1171
1087
1179
1356
1492
1484
1284
911
430
-9
-238
-238
-82
97
164
79
-164
-492
-708
-695
-527
-276
-24
85
-4
-226
-517
-774
-863
-855
-838
-775
-744
-861
-1063
-1294
-1546
-1742
-1795
-1741
-1636
-1475
-1318
-1316
-1469
-1533
-1338
-953
-421
207
656
811
802
560
226
302
759
1131
1355
1412
990
287
-235
-600
-706
-295
224
356
312
194
-217
-584
-502
-150
384
1096
1610
1766
1805
1693
1350
1144
1281
1475
1625
1782
1697
1254
639
-17
-547
-689
-506
-313
-163
-61
-227
-597
-820
-826
-667
-283
154
409
488
359
47
-188
-241
-221
-136
10
37
-157
-473
-857
-1222
-1446
-1573
-1605
-1518
-1461
-1483
-1579
-1759
-1809
-1523
-987
-392
167
649
1021
1195
955
498
515
978
1251
1269
1212
923
366
-306
-913
-1027
-570
-231
-278
-256
-226
-548
-869
-757
-331
237
769
1086
1347
1599
1532
1294
1325
1488
1508
1526
1549
1343
872
246
-339
-643
-766
-878
-812
-604
-629
-828
-867
-779
-660
-420
-107
207
484
542
366
248
246
184
162
274
312
172
-52
-339
-666
-935
-1104
-1177
-1199
-1276
-1384
-1405
-1455
-1567
-1416
-923
-351
218
680
913
1153
1351
1086
806
1174
1573
1368
990
595
-41
-492
-624
-793
-637
-124
-190
-710
-753
-625
-733
-457
235
717
1016
1202
1089
1029
1212
1257
1280
1581
1732
1431
1007
606
104
-417
-753
-818
-742
-767
-930
-1074
-1211
-1350
-1312
-1034
-625
-177
122
183
169
86
-93
-96
154
373
470
497
294
-98
-389
-560
-690
-703
-692
-796
-973
-1253
-1537
-1596
-1530
-1415
-1041
-447
158
678
954
1049
1343
1567
1301
1217
1706
1949
1634
1136
436
-277
-569
-796
-1009
-554
0
-286
-752
-767
-790
-754
-223
472
1052
1506
1500
1194
1202
1321
1218
1319
1650
1592
1145
713
272
-255
-747
-1140
-1280
-1166
-1152
-1313
-1369
-1360
-1467
-1474
-1164
-716
-307
36
200
143
-45
-219
-154
142
370
431
418
251
-102
-417
-558
-579
-526
-562
-758
-957
-1167
-1435
-1535
-1402
-1248
-941
-347
248
770
1210
1377
1598
1975
1810
1342
1512
1904
1797
1527
1083
244
-288
-520
-1067
-1070
-267
-109
-569
-547
-541
-852
-543
174
633
1187
1558
1261
1150
1460
1346
1122
1375
1447
1047
728
457
-22
-520
-983
-1327
-1324
-1212
-1265
-1257
-1165
-1255
-1403
-1300
-965
-570
-232
-24
33
-71
-316
-489
-395
-184
-45
9
-30
-174
-411
-670
-830
-856
-837
-876
-1000
-1161
-1291
-1388
-1374
-1018
-394
165
635
1062
1346
1641
1924
1735
1454
1810
2135
1788
1439
1115
328
-269
-402
-706
-689
-48
-6
-575
-632
-583
-805
-397
481
1009
1445
1755
1463
1198
1401
1491
1538
1858
1882
1427
911
274
-425
-840
-1068
-1161
-1034
-1094
-1497
-1739
-1769
-1820
-1574
-1019
-642
-379
-136
-222
-441
-483
-549
-558
-255
21
-49
-209
-406
-814
-1103
-1017
-916
-882
-742
-842
-1287
-1623
-1762
-1783
-1383
-600
81
616
1076
1041
892
1478
2060
1869
1867
2326
2275
1737
1189
444
-142
-114
-178
-429
17
486
-63
-667
-597
-530
-386
279
960
1412
1741
1564
1100
1072
1263
1353
1634
1911
1697
1114
388
-377
-923
-1189
-1245
-1013
-803
-1041
-1411
-1580
-1734
-1682
-1118
-470
-139
-23
-96
-297
-437
-539
-575
-408
-201
-183
-313
-460
-636
-884
-1021
-935
-850
-882
-932
-1006
-1168
-1365
-1466
-1330
-921
-367
209
822
1213
1237
1521
2069
1963
1533
1728
2060
1941
1597
947
173
-104
-340
-899
-721
170
285
-236
-380
-430
-489
-67
540
1066
1620
1729
1341
1227
1365
1285
1272
1477
1455
1064
480
-178
-778
-1296
-1697
-1741
-1493
-1420
-1567
-1637
-1642
-1597
-1307
-787
-265
68
156
126
75
-77
-304
-365
-245
-228
-403
-596
-768
-1006
-1207
-1245
-1176
-1032
-914
-1020
-1226
-1347
-1423
-1230
-553
210
674
1052
1304
1143
1222
1911
2163
1867
1957
2047
1618
1158
614
-133
-324
-155
-502
-621
37
187
-333
-410
-231
-115
409
1062
1500
1986
2131
1691
1500
1690
1651
1634
1847
1748
1265
654
-144
-893
-1356
-1731
-1897
-1677
-1592
-1888
-2088
-2097
-2042
-1621
-873
-265
95
251
202
141
114
7
-36
53
47
-172
-508
-872
-1228
-1473
-1508
-1426
-1362
-1348
-1423
-1637
-1899
-1909
-1473
-754
36
721
1157
1347
1268
1220
1752
2408
2373
2052
1955
1658
932
164
-396
-627
-556
-641
-846
-559
-217
-520
-770
-391
155
667
1280
1890
2313
2355
2085
1993
2224
2404
2401
2288
2036
1587
823
-67
-645
-1044
-1524
-1766
-1744
-1892
-2160
-2299
-2389
-2242
-1684
-1090
-573
-58
61
-101
-46
-28
-118
71
273
145
-114
-467
-948
-1336
-1549
-1633
-1534
-1314
-1277
-1510
-1807
-2062
-2171
-1855
-1025
-5
769
1241
1405
1156
1144
1823
2256
2163
2332
2378
1772
1079
379
-388
-509
-318
-713
-873
-261
-174
-728
-789
-545
-242
541
1312
1773
2332
2521
2137
2111
2480
2628
2757
2880
2521
1836
1107
292
-361
-782
-1262
-1626
-1714
-1930
-2325
-2485
-2424
-2288
-1917
-1308
-706
-316
-212
-196
-112
-73
-44
72
115
-8
-251
-609
-1018
-1362
-1614
-1773
-1748
-1651
-1760
-1937
-1997
-2193
-2352
-1926
-1056
-149
703
1333
1470
1399
1721
2169
2151
2143
2412
2311
1818
1167
228
-478
-526
-702
-1183
-976
-355
-460
-835
-755
-607
-272
549
1294
1907
2548
2586
2222
2342
2616
2636
2835
2993
2569
1870
1171
400
-262
-779
-1255
-1452
-1446
-1732
-2204
-2383
-2300
-2097
-1658
-1006
-407
-114
-101
-95
-12
65
187
327
382
288
-79
-592
-984
-1319
-1586
-1683
-1763
-1888
-2021
-2250
-2513
-2645
-2515
-1931
-985
-63
704
1231
1288
1330
1887
2244
2110
2345
2628
2172
1487
727
-246
-637
-631
-1154
-1409
-815
-693
-1233
-1312
-1123
-977
-309
585
1263
2010
2418
2202
2230
2577
2628
2793
3212
3099
2476
1809
958
114
-415
-966
-1399
-1370
-1512
-2033
-2258
-2256
-2332
-2001
-1220
-586
-151
170
183
118
247
396
574
819
839
533
116
-276
-656
-1004
-1168
-1220
-1467
-1778
-1953
-2263
-2669
-2719
-2351
-1722
-898
-84
483
758
927
1351
1873
1967
1978
2316
2336
1788
1158
418
-183
-217
-448
-1014
-861
-484
-914
-1317
-1194
-1171
-910
-177
421
1024
1674
1725
1597
1973
2311
2456
2864
3102
2760
2237
1640
880
263
-228
-723
-961
-1081
-1512
-1990
-2188
-2293
-2252
-1825
-1189
-683
-407
-279
-225
-178
-62
156
468
761
797
545
200
-148
-435
-562
-610
-776
-1079
-1428
-1790
-2180
-2540
-2561
-2035
-1282
-681
-143
271
347
622
1334
1636
1606
2024
2295
1841
1282
683
-58
-245
-127
-513
-702
-284
-406
-1074
-1238
-1138
-1044
-496
168
596
1115
1416
1281
1379
1803
2091
2394
2779
2798
2399
1870
1311
767
262
-250
-618
-786
-1023
-1424
-1791
-2005
-2025
-1832
-1481
-1037
-651
-452
-360
-305
-258
-118
127
389
553
506
306
70
-150
-242
-211
-204
-288
-583
-1041
-1401
-1711
-1975
-1815
-1291
-826
-356
44
-20
-106
527
1200
1212
1404
1922
1855
1397
930
206
-224
-12
-79
-461
-276
-21
-523
-1051
-1050
-1080
-940
-280
215
460
826
850
621
863
1247
1451
1930
2366
2182
1782
1382
807
392
186
-138
-346
-423
-830
-1299
-1475
-1680
-1759
-1380
-1016
-832
-546
-428
-531
-454
-331
-229
66
291
265
223
149
-37
-133
-105
-46
25
-40
-340
-629
-832
-1127
-1221
-856
-417
-79
261
347
124
227
785
1054
1022
1303
1603
1383
890
299
-291
-416
-229
-322
-401
-88
-60
-599
-936
-916
-853
-492
83
435
712
835
569
438
663
839
1125
1606
1733
1508
1176
636
169
12
-191
-382
-301
-436
-916
-1173
-1312
-1516
-1316
-863
-664
-462
-278
-441
-550
-422
-347
-165
118
135
-20
-145
-321
-468
-415
-219
-74
-66
-189
-452
-679
-787
-886
-718
-195
177
325
476
428
268
550
1085
1142
1024
1295
1360
879
406
-50
-455
-342
-231
-544
-477
-73
-227
-645
-692
-630
-486
-1
439
685
948
939
645
617
809
938
1224
1539
1444
1089
749
305
-159
-416
-532
-563
-562
-740
-1104
-1356
-1390
-1343
-1185
-795
-409
-270
-224
-210
-321
-347
-144
69
148
175
109
-128
-359
-417
-367
-257
-54
46
-125
-338
-464
-670
-749
-324
210
493
767
844
509
411
903
1261
1212
1327
1511
1265
793
315
-252
-475
-235
-276
-517
-326
-131
-390
-584
-529
-521
-300
205
509
692
954
874
533
507
619
638
866
1071
822
454
210
-201
-634
-797
-914
-1005
-901
-985
-1397
-1600
-1561
-1573
-1387
-948
-692
-587
-431
-466
-609
-494
-256
-105
38
105
12
-136
-283
-381
-290
-24
205
246
150
-4
-184
-343
-339
-45
403
796
1041
979
664
560
850
1232
1490
1650
1654
1446
1038
505
98
-8
35
25
-34
-92
-127
-216
-413
-562
-493
-196
194
508
698
765
672
477
372
453
656
868
958
794
458
104
-273
-612
-810
-921
-974
-962
-1074
-1380
-1633
-1718
-1711
-1559
-1207
-860
-679
-607
-619
-661
-578
-351
-126
11
37
-57
-170
-217
-260
-286
-135
78
135
139
112
-62
-213
-202
-90
215
687
930
888
808
691
736
1211
1614
1572
1550
1563
1200
756
515
265
158
262
121
-177
-165
-107
-317
-452
-415
-366
-121
264
443
511
567
423
264
395
609
733
837
762
466
225
-5
-354
-586
-700
-885
-993
-1021
-1276
-1633
-1754
-1751
-1689
-1397
-1058
-924
-852
-781
-777
-667
-450
-273
-93
37
-12
-84
-75
-86
-47
116
247
288
289
189
39
-36
-75
-30
223
523
641
641
564
444
580
1018
1315
1348
1377
1352
1119
814
580
415
380
416
271
78
100
97
-92
-189
-160
-125
42
269
354
392
439
370
288
355
456
518
589
560
403
273
104
-202
-453
-614
-796
-898
-916
-1075
-1370
-1567
-1621
-1596
-1447
-1227
-1084
-1001
-911
-855
-818
-719
-569
-429
-311
-205
-133
-85
-24
42
122
237
354
446
454
351
233
137
67
124
282
383
387
332
267
302
492
692
777
838
897
869
774
662
544
463
414
359
360
443
510
489
412
322
261
272
328
378
404
419
397
318
243
209
173
133
130
155
168
128
10
-177
-382
-561
-681
-724
-754
-840
-939
-974
-973
-945
-878
-806
-743
-674
-611
-547
-496
-478
-476
-483
-485
-426
-314
-196
-85
17
88
175
302
395
428
449
442
372
333
328
285
234
207
154
103
136
197
201
188
188
165
142
152
144
101
53
16
10
72
182
272
349
418
446
454
462
444
403
381
379
373
336
255
157
45
-61
-108
-83
-49
-35
-57
-137
-247
-355
-441
-507
-551
-554
-489
-389
-307
-269
-264
-269
-261
-218
-127
-16
66
73
3
-95
-188
-247
-228
-152
-67
27
134
215
250
241
214
200
198
180
141
98
35
-52
-129
-167
-184
-189
-174
-148
-124
-104
-85
-76
-80
-99
-125
-129
-96
-41
8
60
137
228
313
391
442
434
382
326
290
269
245
213
154
74
-7
-74
-101
-81
-40
-4
36
57
47
16
-59
-170
-242
-236
-192
-135
-86
-89
-130
-164
-181
-175
-122
-60
-44
-47
-56
-109
-170
-190
-179
-140
-46
70
165
222
234
218
204
194
157
101
50
-26
-134
-216
-270
-310
-310
-296
-283
-246
-172
-99
-36
24
64
72
90
139
173
202
238
268
307
358
402
421
415
368
297
231
178
123
62
-2
-73
-153
-231
-279
-297
-294
-264
-208
-141
-89
-66
-83
-127
-158
-160
-130
-83
-47
-46
-67
-89
-118
-133
-115
-97
-94
-92
-98
-128
-164
-181
-186
-167
-97
7
110
203
265
307
349
378
372
359
335
273
194
119
46
-4
-15
-16
-21
-12
11
41
80
115
131
135
147
150
144
132
118
113
124
144
155
166
171
160
126
84
47
-7
-70
-131
-190
-261
-339
-410
-468
-507
-523
-506
-470
-437
-420
-414
-410
-400
-373
-329
-271
-215
-172
-136
-107
-74
-36
9
59
95
119
128
116
97
84
72
70
84
114
160
202
235
280
333
368
381
384
373
347
309
270
236
218
218
221
224
224
217
227
253
265
262
250
226
188
140
95
53
20
6
-2
-6
1
6
9
15
21
3
-29
-66
-116
-169
-211
-254
-309
-367
-426
-480
-501
-497
-488
-470
-443
-422
-399
-370
-349
-326
-293
-268
-250
-224
-185
-145
-103
-65
-40
-24
-13
-7
1
25
51
78
113
149
171
185
198
225
265
298
322
336
325
284
232
176
125
96
90
101
120
143
164
183
200
216
238
266
284
279
261
236
196
157
129
108
100
97
95
102
114
132
148
155
139
99
49
-1
-53
-99
-138
-185
-235
-285
-330
-362
-385
-393
-383
-355
-322
-289
-256
-231
-223
-225
-221
-205
-181
-152
-125
-110
-113
-123
-135
-137
-129
-110
-73
-23
25
56
72
84
96
109
120
129
134
125
96
52
-1
-55
-97
-121
-133
-127
-106
-73
-35
7
43
77
123
177
224
259
283
294
287
277
276
275
270
267
268
271
283
296
308
329
343
331
302
260
205
151
107
73
29
-19
-69
-121
-164
-187
-187
-176
-155
-135
-125
-127
-140
-159
-177
-187
-200
-214
-222
-237
-259
-270
-272
-279
-275
-255
-218
-177
-146
-122
-107
-92
-80
-80
-85
-91
-106
-131
-160
-195
-228
-252
-276
-301
-327
-335
-328
-308
-279
-235
-186
-132
-76
-32
10
53
91
120
145
165
179
184
185
189
198
222
259
301
345
393
439
474
495
490
465
439
414
389
360
334
304
269
235
209
199
203
212
220
226
216
194
174
145
106
63
24
-16
-45
-60
-65
-60
-54
-37
-22
-1
15
21
27
32
21
-8
-49
-105
-174
-248
-317
-381
-440
-485
-523
-563
-601
-637
-663
-676
-677
-662
-622
-564
-499
-437
-378
-322
-273
-224
-176
-134
-101
-82
-76
-73
-72
-67
-55
-32
4
50
109
177
242
299
348
381
397
404
410
419
438
464
486
508
524
539
555
567
573
570
558
540
513
474
432
377
312
252
207
180
173
182
202
220
235
237
230
221
212
199
173
127
57
-34
-135
-238
-336
-421
-496
-568
-637
-697
-753
-798
-839
-875
-903
-915
-909
-887
-848
-795
-731
-657
-578
-502
-435
-380
-340
-310
-288
-273
-258
-246
-228
-208
-182
-144
-93
-31
38
114
194
274
349
414
470
516
562
607
657
711
761
806
838
853
854
847
831
812
791
761
723
676
623
564
508
468
444
438
446
460
475
482
477
459
430
391
335
260
175
77
-31
-143
-253
-361
-469
-571
-665
-746
-814
-877
-938
-992
-1043
-1081
-1102
-1106
-1095
-1070
-1035
-987
-933
-871
-809
-748
-690
-639
-596
-558
-523
-498
-478
-453
-418
-369
-313
-249
-185
-113
-39
40
128
225
326
425
521
600
666
724
780
835
886
931
960
975
976
964
946
921
890
857
825
798
774
755
745
742
741
746
748
744
731
708
672
614
533
434
325
205
84
-35
-154
-271
-386
-492
-589
-677
-758
-826
-884
-934
-975
-1008
-1028
-1039
-1040
-1030
-1016
-1000
-987
-970
-949
-920
-884
-844
-805
-773
-751
-734
-712
-682
-643
-604
-556
-502
-445
-374
-298
-213
-115
0
127
259
394
523
641
749
840
906
950
981
995
1003
1011
1011
997
973
941
903
872
848
836
834
846
865
885
905
917
915
901
877
833
773
702
616
521
409
284
150
17
-110
-224
-327
-427
-521
-615
-703
-785
-864
-928
-976
-1009
-1030
-1040
-1038
-1037
-1034
-1028
-1023
-1017
-1004
-990
-976
-957
-940
-918
-887
-849
-811
-773
-729
-686
-640
-588
-525
-456
-372
-269
-157
-35
93
222
351
483
608
722
819
898
954
991
1010
1009
997
980
959
940
923
911
900
898
899
907
918
932
944
949
948
932
901
855
794
720
638
548
446
336
220
101
-18
-133
-244
-351
-450
-542
-630
-710
-784
-850
-908
-950
-986
-1013
-1033
-1043
-1044
-1038
-1026
-1009
-991
-973
-952
-937
-925
-911
-900
-889
-873
-852
-825
-787
-737
-679
-604
-517
-421
-314
-197
-78
39
158
278
392
495
594
677
748
813
866
911
944
960
967
966
955
941
933
935
944
959
980
1003
1014
1016
1009
988
957
917
869
817
763
701
633
553
466
377
288
199
110
20
-77
-178
-284
-388
-487
-572
-648
-710
-762
-810
-852
-889
-922
-950
-966
-970
-967
-957
-945
-931
-919
-911
-905
-901
-898
-896
-890
-884
-871
-853
-820
-769
-701
-615
-518
-417
-311
-206
-102
-1
97
191
282
369
452
526
591
651
700
750
799
845
886
922
949
967
978
983
990
993
995
996
991
976
943
900
851
797
740
683
623
556
490
418
343
268
193
111
31
-48
-131
-210
-284
-360
-437
-511
-583
-647
-701
-750
-793
-827
-859
-888
-912
-933
-949
-960
-960
-956
-950
-942
-930
-919
-902
-880
-851
-813
-769
-716
-655
-588
-516
-439
-352
-258
-166
-74
12
91
161
228
293
354
412
476
544
616
688
759
830
899
963
1020
1066
1102
1121
1129
1120
1097
1058
1011
957
898
841
783
728
667
603
535
464
393
321
256
196
140
82
21
-39
-100
-158
-218
-278
-342
-405
-465
-528
-588
-650
-709
-766
-818
-868
-911
-947
-978
-999
-1012
-1015
-1009
-995
-968
-928
-880
-823
-758
-689
-619
-549
-484
-423
-363
-307
-255
-200
-145
-97
-46
12
76
140
204
266
330
393
457
522
588
656
728
797
863
920
968
1004
1027
1042
1044
1035
1013
981
936
880
814
738
661
585
510
438
370
307
242
183
130
76
24
-23
-65
-105
-143
-186
-233
-287
-345
-402
-463
-526
-586
-643
-696
-744
-789
-832
-866
-899
-922
-938
-944
-938
-921
-894
-855
-811
-760
-699
-631
-561
-488
-415
-348
-289
-234
-184
-140
-102
-63
-23
16
61
113
172
239
311
391
472
548
618
685
744
794
836
868
890
908
915
912
897
873
841
800
757
706
653
599
544
486
426
363
299
241
187
141
98
59
19
-22
-65
-110
-157
-206
-256
-305
-355
-407
-456
-508
-563
-615
-663
-703
-734
-755
-763
-765
-759
-748
-727
-698
-666
-628
-587
-543
-500
-454
-407
-361
-323
-288
-255
-220
-185
-149
-113
-77
-43
-8
32
79
127
182
242
306
373
438
500
560
614
664
706
736
757
763
759
744
717
683
644
602
557
511
464
417
371
324
282
241
206
175
151
129
104
74
42
9
-26
-61
-100
-141
-185
-234
-287
-340
-401
-460
-516
-565
-608
-642
-668
-688
-696
-693
-683
-663
-632
-594
-550
-499
-449
-402
-357
-313
-272
-236
-205
-177
-152
-128
-107
-90
-74
-58
-38
-12
22
60
99
144
196
253
314
372
429
481
533
577
616
644
659
665
662
648
629
603
570
529
481
428
376
324
274
230
188
153
116
86
60
37
19
4
-8
-19
-33
-44
-60
-79
-102
-132
-169
-214
-261
-308
-354
-398
-441
-484
-523
-555
-583
-598
-596
-580
-552
-514
-469
-425
-377
-328
-280
-234
-189
-148
-113
-81
-55
-35
-22
-12
-9
-5
3
12
26
41
59
78
104
134
170
210
253
299
345
390
432
469
495
511
522
523
514
496
469
436
395
349
297
245
195
148
104
65
29
-3
-29
-50
-68
-80
-87
-94
-100
-106
-111
-119
-128
-140
-159
-182
-207
-236
-264
-292
-322
-350
-377
-403
-422
-433
-433
-425
-411
-392
-369
-340
-305
-264
-220
-177
-131
-89
-51
-16
15
42
68
89
108
124
139
157
173
186
200
216
233
248
261
277
295
313
330
347
361
371
377
380
382
376
364
347
326
298
264
229
191
151
110
69
34
0
-31
-62
-91
-117
-141
-161
-175
-191
-207
-217
-230
-238
-245
-251
-258
-264
-274
-281
-285
-289
-292
-295
-294
-292
-287
-278
-265
-250
-235
-218
-199
-182
-163
-143
-121
-97
-74
-49
-25
0
23
44
66
89
109
131
153
171
186
201
218
233
244
251
259
269
278
284
287
287
285
279
273
266
254
243
232
219
201
184
161
138
112
85
59
36
16
-6
-26
-49
-73
-97
-122
-144
-167
-189
-211
-230
-251
-269
-284
-293
-298
-299
-294
-286
-276
-264
-250
-235
-220
-203
-188
-172
-158
-147
-135
-121
-106
-89
-71
-53
-35
-17
1
19
36
55
76
96
116
135
155
176
199
220
239
256
271
281
288
295
296
292
286
280
270
256
241
227
211
193
176
158
142
126
112
96
81
63
45
29
12
-7
-24
-41
-57
-77
-95
-116
-140
-165
-192
-217
-243
-269
-298
-321
-337
-351
-355
-355
-354
-345
-330
-314
-293
-274
-254
-228
-210
-192
-176
-164
-150
-135
-121
-104
-82
-64
-38
-16
0
20
41
60
80
101
120
143
167
190
213
234
256
273
293
308
320
330
335
337
329
324
314
302
289
278
265
252
239
225
214
199
184
169
153
140
128
115
99
82
64
44
26
7
-12
-34
-57
-82
-109
-139
-173
-203
-235
-263
-288
-311
-329
-341
-350
-355
-357
-351
-340
-330
-317
-303
-291
-278
-265
-252
-236
-219
-203
-186
-168
-152
-134
-114
-92
-70
-47
-23
-2
17
36
58
79
103
126
148
168
184
200
215
230
238
246
253
256
257
253
249
243
235
230
224
220
215
211
203
194
183
172
164
156
147
138
127
120
108
98
85
70
53
35
18
-3
-27
-49
-71
-95
-114
-135
-153
-167
-178
-184
-190
-193
-197
-198
-198
-199
-199
-200
-201
-203
-204
-206
-206
-205
-205
-201
-198
-194
-187
-178
-168
-157
-143
-131
-117
-101
-84
-64
-44
-24
-5
16
35
55
72
90
106
119
126
131
137
141
143
145
147
148
147
147
147
150
154
161
170
176
181
183
188
192
195
199
201
200
195
186
174
160
143
124
105
84
62
41
21
1
-18
-33
-46
-56
-62
-64
-66
-71
-74
-79
-86
-92
-99
-106
-113
-120
-129
-139
-151
-161
-170
-178
-183
-189
-194
-195
-197
-199
-199
-194
-186
-174
-160
-146
-131
-111
-93
-74
-52
-35
-20
-7
3
9
16
19
20
18
17
16
14
17
19
25
35
48
63
75
91
109
127
146
163
179
192
204
209
212
211
205
195
182
168
151
134
116
100
83
70
60
53
49
47
47
47
48
47
44
41
37
33
29
24
15
2
-11
-26
-44
-62
-78
-95
-113
-131
-150
-168
-183
-198
-205
-207
-207
-202
-193
-180
-166
-147
-128
-111
-92
-78
-68
-64
-63
-66
-71
-76
-79
-83
-85
-88
-90
-90
-85
-76
-63
-51
-35
-16
6
29
52
75
99
120
136
151
161
167
170
169
163
155
145
131
120
110
100
95
94
96
102
108
113
118
122
125
128
134
138
140
140
135
127
116
104
88
72
55
37
15
-9
-31
-55
-76
-96
-113
-124
-135
-143
-146
-147
-145
-143
-137
-133
-127
-121
-115
-110
-107
-110
-114
-118
-125
-133
-143
-152
-161
-169
-173
-173
-168
-160
-150
-134
-111
-85
-59
-33
-6
18
41
60
76
87
95
100
100
95
90
84
82
83
84
91
97
103
112
120
128
137
149
162
173
185
196
205
209
210
205
199
193
186
176
162
144
122
96
71
46
22
-1
-22
-38
-51
-64
-75
-83
-90
-93
-98
-102
-104
-107
-110
-115
-122
-134
-146
-158
-173
-188
-203
-217
-230
-242
-252
-260
-263
-260
-253
-238
-218
-197
-173
-150
-127
-101
-79
-58
-40
-24
-11
-1
6
11
14
18
25
31
37
46
56
66
79
93
107
122
141
162
183
206
231
253
270
285
295
303
308
308
304
298
284
267
246
220
193
170
148
128
110
93
80
68
56
45
34
24
16
9
1
-9
-20
-35
-54
-72
-94
-116
-139
-163
-186
-207
-226
-247
-265
-279
-293
-299
-299
-293
-279
-267
-254
-240
-225
-209
-193
-177
-160
-145
-131
-122
-118
-118
-120
-121
-120
-116
-111
-103
-93
-79
-63
-45
-23
4
33
64
97
130
161
192
217
239
257
268
278
286
290
287
282
271
259
245
233
221
208
197
186
177
170
163
157
152
147
142
140
134
128
119
106
90
69
44
17
-12
-43
-76
-107
-137
-169
-197
-223
-245
-263
-273
-277
-276
-272
-265
-253
-241
-228
-215
-202
-191
-181
-174
-172
-168
-165
-166
-164
-164
-163
-158
-151
-141
-130
-119
-106
-89
-71
-51
-27
0
30
65
97
129
157
183
208
226
241
253
258
259
252
241
224
205
187
170
157
143
134
130
128
127
131
136
142
148
155
158
158
156
147
137
122
104
81
58
36
11
-13
-37
-62
-84
-106
-123
-138
-146
-152
-155
-154
-152
-143
-133
-121
-108
-96
-88
-81
-79
-80
-82
-89
-95
-105
-114
-125
-135
-146
-157
-164
-167
-166
-163
-154
-143
-128
-108
-84
-60
-35
-8
19
42
62
77
88
92
93
91
85
78
71
62
52
40
30
24
22
23
27
34
43
57
70
87
102
118
133
145
155
161
161
160
155
145
128
112
92
73
53
31
12
-2
-13
-20
-27
-29
-29
-28
-25
-22
-19
-15
-11
-9
-9
-10
-15
-21
-31
-45
-59
-72
-86
-102
-118
-132
-144
-151
-153
-152
-147
-139
-126
-109
-91
-70
-51
-33
-16
-3
5
11
13
15
14
9
2
-6
-13
-22
-28
-34
-38
-39
-38
-35
-28
-16
-2
16
36
55
73
87
101
109
116
121
121
120
113
104
94
82
68
54
40
30
23
20
18
17
19
23
29
35
40
47
54
62
65
65
61
53
41
27
9
-8
-25
-43
-59
-76
-92
-105
-113
-117
-116
-110
-99
-83
-64
-43
-23
-2
17
34
48
60
68
71
71
67
58
47
32
13
-4
-19
-34
-45
-54
-60
-61
-62
-57
-48
-35
-19
-1
15
32
42
51
59
61
58
52
41
29
14
-5
-25
-44
-63
-78
-90
-100
-107
-110
-108
-103
-94
-82
-65
-48
-30
-15
1
15
26
32
34
32
28
21
11
1
-11
-21
-30
-37
-45
-49
-49
-44
-36
-24
-8
9
29
49
68
86
102
116
126
133
137
137
129
120
106
87
68
48
28
9
-9
-23
-36
-47
-52
-54
-51
-45
-35
-25
-15
-4
5
10
13
17
14
10
4
-5
-17
-29
-44
-59
-71
-82
-92
-97
-99
-97
-89
-77
-64
-48
-29
-10
8
28
45
60
72
80
83
82
78
71
61
50
37
24
12
0
-9
-14
-19
-19
-15
-9
1
12
24
36
49
59
67
74
79
79
78
74
65
53
39
25
11
-6
-20
-32
-42
-51
-60
-67
-68
-67
-63
-56
-48
-39
-29
-19
-12
-7
-4
-1
0
-3
-8
-14
-23
-35
-47
-58
-69
-78
-82
-84
-85
-83
-78
-69
-60
-47
-33
-18
-2
14
26
38
49
54
59
62
59
57
50
43
35
26
19
11
5
2
-1
-1
1
3
9
16
21
28
35
41
49
55
59
59
59
55
51
42
33
23
12
-1
-14
-25
-35
-44
-50
-52
-53
-51
-46
-40
-33
-26
-19
-13
-8
-4
1
4
5
4
0
-4
-10
-16
-22
-29
-33
-38
-41
-44
-44
-43
-39
-32
-25
-17
-10
-2
6
14
20
26
32
36
39
40
39
35
30
25
16
9
2
-3
-7
-9
-11
-10
-9
-6
-1
3
8
13
18
24
29
33
34
35
35
34
30
26
20
12
5
-3
-10
-17
-22
-24
-27
-27
-23
-18
-12
-5
3
12
20
27
35
39
43
46
48
46
41
37
33
26
18
11
4
-3
-9
-14
-17
-19
-19
-18
-16
-14
-12
-9
-4
0
3
5
5
6
5
1
-1
-6
-10
-14
-17
-21
-25
-29
-31
-33
-33
-32
-32
-31
-31
-28
-26
-22
-19
-16
-13
-12
-14
-15
-16
-19
-18
-20
-21
-22
-24
-25
-26
-28
-27
-23
-19
-15
-10
-7
0
6
11
17
21
25
26
29
30
30
30
30
27
25
24
19
18
14
14
13
14
14
14
14
13
14
13
14
14
13
13
14
15
13
13
9
6
3
1
-2
-5
-8
-11
-13
-13
-15
-15
-15
-14
-13
-11
-11
-10
-9
-8
-7
-6
-7
-7
-6
-9
-11
-13
-13
-12
-13
-12
-12
-13
-14
-13
-10
-7
-2
2
5
8
11
15
17
21
23
24
26
26
26
25
25
24
22
20
21
20
16
15
14
12
11
8
9
10
9
11
12
11
9
7
6
3
1
-1
-4
-10
-14
-15
-17
-18
-18
-19
-20
-22
-22
-21
-21
-19
-15
-13
-11
-9
-12
-12
-11
-10
-10
-11
-13
-13
-15
-17
-18
-20
-22
-23
-25
-26
-28
-29
-30
-28
-25
-23
-20
-15
-11
-6
0
3
7
10
13
15
17
17
16
17
15
14
14
13
12
11
12
14
15
17
18
19
20
22
25
25
25
24
22
22
21
20
19
18
15
12
9
8
7
8
6
4
3
2
1
1
2
5
6
6
8
7
6
6
7
7
6
4
3
0
-3
-6
-11
-14
-17
-18
-21
-23
-24
-25
-26
-27
-25
-25
-23
-22
-19
-18
-15
-13
-11
-10
-10
-10
-9
-9
-8
-8
-8
-7
-6
-5
-5
-2
1
5
8
12
16
19
22
26
27
29
28
29
30
29
31
30
28
26
22
18
15
12
11
9
8
5
3
0
-2
-2
-2
-3
-2
-1
-2
-1
-1
-1
-2
-3
-4
-6
-8
-11
-14
-16
-19
-23
-24
-27
-30
-33
-36
-36
-36
-35
-34
-33
-30
-30
-28
-26
-25
-23
-21
-19
-17
-15
-15
-13
-13
-11
-10
-9
-7
-6
-5
-2
2
5
9
13
15
18
22
25
28
31
32
35
37
35
37
36
37
35
34
33
32
30
28
27
25
23
20
18
15
15
13
12
10
8
10
7
7
7
4
3
1
-1
-4
-5
-7
-9
-11
-13
-15
-18
-19
-20
-22
-22
-23
-24
-24
-25
-24
-22
-22
-22
-21
-20
-19
-17
-16
-15
-14
-14
-12
-10
-9
-9
-9
-9
-9
-7
-6
-6
-3
0
2
5
7
9
13
15
16
18
19
20
22
22
23
24
25
25
25
24
23
22
19
18
16
13
11
9
7
6
6
4
3
2
2
2
2
0
0
-1
-1
-2
-2
-5
-7
-11
-13
-15
-14
-17
-17
-18
-20
-20
-20
-18
-17
-16
-16
-14
-12
-13
-13
-13
-12
-12
-12
-10
-11
-11
-11
-12
-12
-14
-13
-12
-13
-12
-12
-10
-10
-10
-8
-7
-6
-3
-2
2
5
8
11
13
14
19
22
23
24
25
25
24
24
24
23
22
20
19
18
17
17
17
14
13
13
12
11
11
9
7
6
5
6
5
4
3
2
2
2
1
2
0
-1
-3
-5
-5
-8
-10
-13
-13
-15
-17
-17
-18
-18
-17
-17
-16
-18
-17
-17
-18
-17
-18
-17
-18
-18
-19
-19
-20
-19
-18
-17
-18
-17
-15
-13
-11
-8
-5
-2
2
6
9
13
14
18
20
20
20
21
22
22
21
21
20
20
21
21
23
23
23
21
21
20
20
18
17
16
13
13
11
9
8
6
6
5
4
3
1
-1
-3
-4
-7
-8
-11
-13
-15
-15
-16
-17
-17
-17
-16
-16
-15
-14
-14
-14
-17
-17
-18
-19
-20
-21
-21
-22
-23
-22
-21
-21
-21
-18
-16
-14
-12
-8
-5
-3
1
6
7
10
12
14
16
17
18
20
21
22
22
22
23
24
24
24
24
23
23
23
21
22
20
20
21
19
18
17
15
13
12
11
10
9
7
3
2
-1
-2
-3
-7
-11
-14
-16
-18
-19
-20
-21
-22
-22
-21
-23
-23
-25
-26
-27
-29
-31
-32
-33
-35
-35
-35
-35
-33
-32
-30
-27
-24
-22
-17
-16
-13
-10
-8
-4
-1
2
5
8
10
13
15
18
19
20
20
20
22
23
24
24
25
26
26
26
26
28
28
27
26
25
23
22
22
23
21
20
20
18
17
16
14
11
11
9
6
3
0
-4
-5
-6
-7
-8
-10
-10
-12
-12
-10
-10
-9
-10
-12
-11
-12
-13
-14
-14
-15
-15
-15
-14
-14
-13
-13
-12
-10
-9
-7
-5
-4
-3
-1
0
2
2
3
4
3
4
5
5
5
6
6
7
9
10
10
11
11
9
9
7
8
6
6
6
4
3
3
2
2
1
1
0
-1
-4
-2
-3
-3
-5
-4
-6
-7
-8
-9
-10
-11
-11
-12
-11
-12
-12
-12
-12
-12
-11
-11
-12
-12
-11
-11
-12
-12
-12
-12
-10
-10
-9
-9
-7
-7
-6
-4
-2
1
1
3
5
5
6
6
7
8
9
11
12
13
13
14
16
17
17
19
18
16
16
14
13
12
12
11
10
7
7
4
4
3
2
2
0
1
0
0
0
0
0
0
1
-1
-1
-1
-3
-4
-4
-5
-4
-5
-4
-3
-4
-5
-5
-5
-7
-6
-8
-8
-9
-10
-10
-11
-10
-11
-10
-8
-7
-7
-6
-4
-3
-3
-2
-1
0
1
1
1
1
1
1
0
0
0
0
-1
1
1
2
2
3
3
3
4
6
7
8
8
8
8
8
9
9
9
9
8
8
8
8
5
5
4
5
3
3
3
4
3
4
3
5
5
5
6
6
6
5
4
4
3
1
1
-1
-2
-3
-5
-6
-9
-9
-12
-13
-15
-16
-15
-15
-14
-14
-13
-12
-11
-12
-11
-9
-10
-8
-8
-7
-7
-7
-7
-7
-6
-6
-5
-6
-4
-3
-4
-2
-1
1
3
5
5
6
9
9
12
12
13
14
14
16
15
14
15
15
15
13
12
10
8
8
6
6
4
4
5
6
6
5
5
5
5
5
5
4
1
0
-1
-1
-3
-5
-7
-10
-11
-13
-12
-16
-17
-16
-15
-14
-13
-14
-13
-13
-11
-10
-9
-9
-8
-8
-8
-9
-8
-9
-8
-9
-10
-10
-9
-8
-7
-5
-3
-4
-3
-2
0
1
5
7
9
11
12
13
14
16
17
19
20
19
19
19
18
18
18
18
19
17
19
17
16
17
16
16
15
16
17
18
18
17
16
13
11
10
9
6
3
2
-1
-4
-7
-9
-11
-14
-16
-18
-19
-21
-22
-22
-23
-22
-23
-23
-23
-24
-24
-25
-26
-26
-27
-27
-27
-28
-27
-28
-27
-28
-25
-26
-26
-24
-21
-20
-18
-16
-14
-11
-9
-6
-2
0
3
5
9
12
12
14
15
15
17
19
21
23
24
24
24
27
26
28
29
30
30
30
32
34
34
36
35
33
32
31
29
27
25
22
19
16
13
11
7
3
0
-3
-5
-7
-10
-10
-12
-14
-16
-18
-20
-20
-22
-23
-25
-27
-27
-29
-31
-31
-30
-30
-30
-30
-30
-29
-30
-27
-26
-25
-23
-22
-20
-17
-15
-12
-11
-8
-5
-4
-2
2
6
9
11
11
14
16
17
19
20
22
23
23
24
28
28
27
28
29
31
30
30
30
30
31
30
29
25
24
21
19
19
18
16
14
10
8
6
6
3
2
0
-3
-5
-8
-10
-12
-13
-14
-15
-17
-19
-21
-24
-25
-26
-27
-28
-29
-30
-29
-29
-29
-28
-27
-26
-26
-25
-26
-24
-23
-23
-21
-19
-20
-19
-18
-18
-18
-16
-14
-12
-9
-7
-6
-3
-2
0
2
4
8
11
12
15
17
21
23
24
25
26
28
28
30
29
28
28
27
26
27
26
26
26
26
26
25
23
21
18
16
15
13
12
9
8
7
3
1
-1
-4
-5
-8
-10
-12
-13
-15
-17
-20
-21
-22
-23
-25
-27
-28
-29
-30
-31
-30
-30
-30
-30
-29
-29
-28
-28
-26
-24
-23
-22
-20
-18
-16
-13
-13
-8
-7
-4
-1
0
3
6
9
11
14
17
19
20
23
25
26
27
28
29
29
31
34
36
37
38
39
40
40
39
37
35
35
34
32
31
29
27
24
22
18
17
15
13
12
9
6
4
2
0
-2
-5
-7
-9
-11
-14
-16
-17
-20
-22
-26
-29
-31
-33
-34
-35
-35
-37
-36
-37
-37
-36
-36
-36
-36
-35
-34
-33
-29
-29
-26
-23
-20
-18
-15
-10
-7
-5
-2
1
3
4
5
6
7
8
8
9
9
11
10
11
10
11
10
10
9
9
9
8
9
10
8
9
9
6
5
4
4
3
3
1
2
1
-1
0
-1
-1
-2
-3
-4
-5
-6
-6
-6
-7
-7
-8
-7
-7
-7
-8
-9
-9
-8
-7
-5
-3
-2
-1
2
4
4
6
7
9
11
12
15
16
17
20
23
25
27
27
28
28
27
28
27
26
24
23
22
22
20
21
22
23
22
24
24
23
21
19
16
15
12
10
7
4
1
-3
-7
-10
-11
-14
-15
-16
-19
-20
-21
-24
-26
-26
-28
-29
-29
-29
-29
-29
-27
-26
-25
-24
-23
-22
-20
-20
-19
-19
-17
-16
-16
-14
-12
-11
-11
-9
-9
-6
-4
-3
-2
-1
0
2
3
6
8
10
13
13
15
16
15
17
17
17
17
16
15
14
11
11
10
8
7
5
4
3
1
0
-2
-2
-4
-6
-8
-8
-10
-11
-12
-14
-14
-15
-17
-17
-17
-18
-20
-20
-21
-20
-20
-17
-15
-15
-14
-13
-11
-9
-7
-6
-6
-4
-2
0
1
2
4
3
5
5
6
8
10
11
14
16
17
19
21
23
23
25
27
29
30
30
32
30
31
32
32
32
32
31
31
31
32
33
30
29
27
24
22
19
17
16
13
10
7
6
3
0
-4
-6
-9
-14
-15
-18
-19
-21
-24
-26
-29
-31
-33
-33
-35
-34
-34
-37
-36
-37
-37
-36
-35
-34
-34
-33
-34
-34
-33
-31
-30
-29
-29
-29
-26
-25
-21
-20
-17
-16
-13
-10
-8
-6
-3
2
4
7
10
13
16
19
22
25
29
32
34
36
36
37
38
38
38
37
38
38
39
37
36
35
34
31
31
29
27
26
24
22
18
15
13
10
7
5
2
-2
-4
-6
-11
-14
-16
-19
-23
-24
-25
-27
-30
-32
-33
-34
-34
-35
-36
-36
-35
-34
-35
-34
-34
-33
-31
-31
-28
-27
-25
-23
-20
-17
-15
-13
-11
-7
-5
-1
3
5
9
12
15
19
24
27
30
31
34
36
36
39
40
40
38
40
39
40
39
40
40
39
39
38
36
35
32
28
25
22
18
14
10
6
3
1
-3
-6
-9
-13
-17
-20
-22
-27
-30
-33
-36
-38
-39
-42
-43
-43
-44
-46
-46
-45
-44
-45
-45
-45
-43
-42
-40
-38
-37
-35
-32
-29
-26
-23
-20
-18
-14
-11
-7
-4
-1
4
8
10
14
18
21
24
28
30
33
35
37
39
41
42
43
44
45
46
47
45
45
46
44
43
41
38
36
34
31
27
25
22
20
17
15
12
9
6
3
1
-2
-4
-8
-11
-14
-16
-18
-22
-24
-26
-28
-30
-32
-32
-34
-36
-37
-38
-38
-38
-38
-37
-37
-36
-36
-35
-33
-31
-29
-25
-23
-19
-17
-13
-12
-10
-9
-8
-6
-5
-3
-2
0
0
2
4
6
7
9
11
12
14
16
17
18
19
21
22
24
26
26
27
27
28
28
28
26
25
23
21
19
17
15
14
12
11
8
8
7
4
2
1
0
-1
0
-2
-3
-2
-4
-3
-5
-6
-8
-8
-9
-10
-10
-12
-13
-13
-14
-15
-16
-15
-15
-14
-13
-13
-13
-12
-12
-12
-9
-9
-7
-7
-7
-7
-6
-4
-3
-1
-1
1
3
3
6
5
6
8
8
8
9
9
10
10
12
13
12
14
15
15
14
16
15
15
15
16
15
16
13
12
11
11
10
9
7
6
4
3
1
-2
-4
-7
-9
-12
-14
-14
-16
-18
-20
-21
-21
-21
-22
-21
-19
-19
-19
-18
-18
-19
-19
-19
-18
-17
-15
-14
-14
-12
-11
-9
-8
-5
-4
-3
-2
-2
-1
0
-1
0
3
4
5
7
7
9
9
12
12
14
16
17
18
19
20
20
21
20
19
19
19
18
18
18
18
18
19
18
17
16
15
14
12
11
9
7
5
4
1
0
-2
-2
-4
-6
-7
-7
-9
-10
-12
-13
-14
-15
-15
-14
-15
-16
-14
-13
-13
-13
-12
-12
-12
-12
-10
-10
-9
-10
-12
-11
-12
-12
-11
-10
-9
-9
-9
-10
-9
-8
-6
-7
-5
-3
-1
1
2
2
2
3
3
4
4
5
5
8
6
8
7
7
7
7
7
5
4
4
4
4
4
3
2
2
3
3
1
1
1
0
-1
0
0
1
1
0
-1
-1
-2
-2
-2
-2
-4
-4
-3
-3
-1
0
1
2
3
3
5
6
6
7
9
9
9
10
11
10
10
10
10
10
10
11
11
12
10
11
11
10
10
9
10
11
9
11
10
10
11
10
10
10
7
7
5
4
3
2
0
1
-1
-4
-5
-6
-7
-8
-9
-11
-12
-13
-15
-15
-18
-18
-19
-20
-20
-21
-21
-20
-21
-22
-22
-22
-21
-22
-22
-21
-21
-21
-20
-18
-16
-16
-14
-12
-10
-7
-5
-5
-2
1
2
5
5
7
8
9
10
10
11
11
11
13
13
14
13
14
13
13
15
15
15
15
16
15
16
14
13
12
12
12
12
12
11
11
10
9
9
9
8
7
6
6
4
3
2
1
-1
-3
-3
-4
-4
-7
-7
-6
-6
-7
-9
-10
-14
-13
-13
-14
-14
-14
-14
-15
-15
-16
-16
-14
-14
