3
2
3
4
5
5
5
5
6
6
6
8
9
10
11
9
9
11
11
12
12
13
14
15
12
12
11
9
9
10
11
8
8
6
6
7
7
8
8
8
8
8
7
4
3
2
0
1
0
0
-2
-4
-4
-4
-5
-5
-6
-7
-6
-7
-8
-10
-10
-10
-11
-12
-13
-14
-16
-18
-18
-18
-19
-20
-22
-22
-22
-23
-24
-26
-27
-26
-24
-22
-21
-17
-15
-12
-10
-7
-4
-3
0
3
4
5
5
6
8
9
12
12
14
14
15
16
17
17
18
19
19
19
18
20
18
17
17
17
17
17
15
14
14
12
11
10
10
10
9
8
9
8
8
6
6
7
6
5
5
4
2
1
0
-1
-1
-2
-4
-4
-2
-2
-2
-3
-4
-5
-5
-3
-2
-2
-2
-1
0
-2
-2
-4
-4
0
-2
-2
-3
-3
-3
-5
-4
-5
-7
-9
-10
-10
-11
-11
-10
-10
-11
-12
-11
-11
-10
-9
-8
-5
-3
-1
2
3
2
3
4
4
4
3
1
-2
-1
-1
-2
-5
-6
-8
-9
-8
-10
-12
-12
-12
-13
-13
-13
-12
-13
-13
-11
-10
-11
-10
-9
-9
-7
-5
-3
-1
1
3
3
5
4
5
6
8
10
12
14
13
14
13
11
11
10
12
13
14
14
15
16
15
15
14
14
13
13
12
13
12
10
9
8
7
7
7
7
6
6
7
6
4
5
5
5
5
4
3
2
0
0
-1
-2
-2
-3
-4
-5
-5
-6
-6
-6
-5
-7
-8
-7
-8
-8
-8
-9
-10
-10
-12
-14
-15
-13
-12
-13
-13
-14
-14
-14
-14
-13
-13
-12
-11
-11
-10
-11
-10
-9
-8
-6
-3
-2
0
1
1
2
1
3
2
2
2
2
3
4
5
5
4
5
5
6
7
8
8
7
10
10
10
12
13
14
14
15
14
13
14
15
13
14
13
12
12
12
10
9
7
6
4
3
2
1
0
-1
-1
0
-1
-2
-3
-2
-1
-1
-1
-2
-4
-4
-4
-5
-5
-5
-6
-7
-8
-8
-8
-8
-6
-6
-6
-7
-8
-8
-9
-9
-9
-9
-9
-9
-10
-9
-8
-8
-7
-6
-3
-2
0
1
2
4
4
4
4
4
3
3
1
0
0
-1
-1
-2
-3
-4
-5
-7
-9
-9
-11
-12
-11
-13
-13
-12
-11
-11
-9
-7
-6
-6
-6
-7
-6
-6
-5
-2
1
2
4
5
6
6
7
9
9
10
12
13
13
13
11
11
11
11
11
10
10
9
10
11
12
12
13
14
14
15
15
15
15
15
16
18
18
16
16
18
17
17
19
20
21
19
19
17
16
15
14
13
11
10
8
5
4
3
3
1
-1
-3
-4
-5
-7
-8
-11
-12
-15
-17
-19
-20
-23
-26
-27
-30
-31
-32
-34
-34
-36
-37
-37
-38
-40
-41
-41
-40
-40
-39
-38
-38
-37
-36
-34
-34
-34
-33
-30
-29
-27
-25
-23
-21
-20
-18
-16
-13
-12
-9
-7
-3
-1
2
6
10
13
15
18
22
26
30
33
35
36
37
38
39
40
41
40
42
42
43
45
45
47
46
47
44
44
44
42
40
38
36
33
34
34
32
34
34
33
33
32
32
32
30
30
30
28
24
22
18
16
11
6
0
-5
-9
-11
-16
-20
-24
-29
-35
-41
-44
-48
-51
-54
-56
-59
-58
-59
-61
-60
-57
-56
-54
-51
-49
-45
-42
-39
-34
-30
-26
-23
-19
-13
-10
-5
-1
2
4
7
9
11
14
18
21
23
25
25
26
27
27
27
26
25
26
25
22
19
17
13
11
9
7
5
4
3
0
-3
-4
-5
-8
-10
-10
-11
-11
-9
-11
-10
-11
-11
-12
-13
-14
-16
-17
-19
-22
-23
-24
-26
-30
-35
-37
-40
-41
-44
-45
-46
-47
-45
-45
-44
-41
-39
-37
-34
-31
-28
-27
-23
-20
-15
-11
-6
-2
3
9
15
23
30
35
42
47
53
58
62
68
73
79
86
90
95
104
110
116
120
125
128
130
132
132
132
130
127
126
121
116
108
100
96
87
82
73
66
59
48
39
33
24
16
6
-3
-14
-24
-37
-49
-59
-72
-84
-98
-109
-120
-132
-143
-152
-163
-175
-185
-195
-202
-209
-215
-219
-220
-218
-220
-222
-220
-212
-205
-200
-196
-187
-179
-172
-163
-154
-143
-132
-125
-119
-108
-94
-81
-68
-53
-39
-23
-8
8
27
42
61
80
98
119
133
151
166
179
197
213
233
246
258
269
281
290
294
300
305
310
312
308
303
304
298
290
284
276
270
257
241
230
217
206
188
170
153
131
111
89
68
51
24
-3
-30
-53
-78
-107
-132
-157
-179
-204
-228
-251
-270
-284
-302
-316
-327
-337
-348
-357
-368
-371
-374
-380
-373
-371
-368
-365
-362
-346
-334
-320
-305
-288
-269
-250
-232
-214
-193
-172
-152
-129
-105
-89
-65
-45
-19
8
26
54
83
107
130
151
179
211
236
258
275
299
324
338
350
359
380
390
395
400
404
408
406
403
399
393
383
366
351
337
323
303
284
264
246
221
196
175
154
134
106
79
60
32
8
-18
-50
-71
-102
-131
-154
-181
-207
-236
-258
-282
-299
-320
-340
-352
-370
-381
-391
-399
-402
-396
-404
-392
-389
-381
-364
-352
-334
-318
-304
-284
-262
-243
-225
-209
-182
-161
-141
-133
-109
-81
-59
-39
-27
0
26
43
58
77
105
129
139
162
185
207
228
242
266
290
304
320
340
356
368
370
382
392
396
392
384
384
373
362
344
333
321
298
272
243
223
200
166
142
121
96
64
32
14
1
-35
-60
-71
-90
-102
-129
-160
-168
-177
-212
-230
-250
-262
-286
-311
-336
-328
-354
-383
-389
-403
-387
-405
-423
-406
-388
-379
-379
-381
-347
-300
-307
-303
-256
-222
-187
-189
-170
-115
-83
-91
-86
-28
-22
9
-8
8
61
61
52
65
114
127
126
140
184
227
224
230
283
323
351
343
379
417
440
441
449
479
486
485
465
488
496
465
440
424
424
397
359
321
306
290
243
203
175
154
121
79
52
26
16
-24
-68
-69
-95
-113
-167
-172
-209
-214
-263
-310
-315
-330
-356
-427
-416
-465
-438
-502
-518
-531
-513
-518
-554
-557
-523
-505
-537
-491
-513
-432
-450
-406
-418
-307
-324
-295
-230
-252
-142
-171
-114
-119
-16
-53
-21
29
30
90
73
116
134
177
184
203
245
264
293
334
332
384
390
423
436
475
495
488
532
519
549
544
565
549
549
547
528
518
484
475
439
420
388
355
323
262
249
215
173
141
106
76
41
14
-35
-39
-68
-118
-150
-171
-188
-215
-270
-300
-282
-325
-382
-406
-415
-436
-452
-523
-488
-506
-536
-555
-564
-532
-544
-529
-588
-498
-513
-475
-470
-459
-382
-361
-360
-332
-248
-254
-192
-169
-155
-87
-47
-75
-14
29
72
67
121
106
188
197
195
233
258
305
285
321
326
376
377
368
400
415
424
433
423
467
454
461
448
463
453
438
429
404
432
375
362
350
324
304
268
258
223
192
153
135
115
72
47
8
-13
-47
-71
-130
-112
-151
-208
-207
-235
-229
-298
-295
-322
-318
-366
-398
-362
-394
-430
-413
-460
-453
-409
-506
-442
-469
-455
-453
-452
-415
-435
-358
-423
-346
-268
-355
-226
-269
-194
-151
-133
-111
-126
53
-21
57
-3
121
195
87
199
151
332
207
252
282
345
373
256
373
345
439
370
288
436
444
394
353
401
445
392
371
327
439
370
327
297
326
361
273
242
186
270
215
165
122
106
128
76
32
-4
-20
-17
-73
-104
-146
-133
-137
-217
-200
-280
-203
-219
-346
-327
-269
-293
-399
-377
-396
-289
-413
-534
-276
-527
-341
-421
-533
-358
-424
-360
-542
-264
-419
-329
-372
-352
-208
-318
-246
-260
-68
-237
-122
-30
-56
-32
31
48
97
236
26
103
380
281
226
232
296
442
412
283
310
570
507
347
401
518
576
462
399
481
623
509
333
452
558
498
371
350
419
443
342
231
293
354
252
143
140
175
95
42
-14
-12
21
-126
-164
-157
-149
-200
-283
-270
-300
-311
-307
-401
-391
-347
-440
-506
-357
-506
-527
-421
-581
-531
-403
-567
-698
-356
-532
-608
-518
-538
-486
-420
-505
-661
-311
-266
-608
-312
-268
-385
-204
-247
-287
-49
-45
-298
161
17
-67
168
157
186
207
266
231
463
352
261
578
470
510
502
525
631
615
667
582
737
671
651
722
680
713
657
662
663
621
607
573
549
490
529
490
370
348
282
355
251
153
147
95
76
-30
-59
-69
-79
-204
-262
-233
-277
-321
-411
-400
-339
-506
-581
-525
-511
-514
-658
-687
-572
-567
-751
-763
-637
-577
-702
-888
-696
-532
-755
-816
-612
-509
-675
-674
-663
-428
-338
-685
-457
-280
-212
-463
-418
-152
-49
-5
-384
-25
252
100
48
11
393
427
343
273
360
718
525
542
586
744
834
667
755
789
995
880
775
948
920
962
837
832
911
915
855
698
763
687
650
602
524
533
421
362
300
264
197
116
87
23
-72
-151
-183
-207
-306
-401
-381
-427
-540
-637
-612
-570
-565
-770
-865
-774
-724
-670
-938
-984
-883
-787
-837
-914
-1078
-932
-639
-955
-964
-899
-767
-624
-730
-844
-580
-420
-629
-592
-356
-286
-259
-355
-342
-26
107
-24
-41
110
207
415
344
321
435
584
614
651
667
672
882
867
801
919
1025
1025
909
968
1153
1171
1051
902
1045
1177
1120
912
865
969
964
820
694
719
686
606
477
397
361
303
165
115
78
3
-101
-262
-282
-267
-372
-520
-579
-615
-613
-721
-824
-843
-859
-930
-889
-989
-1088
-1021
-1033
-993
-1210
-1180
-1082
-1082
-1045
-1147
-1128
-1082
-976
-1014
-946
-851
-907
-828
-786
-684
-609
-565
-477
-401
-348
-285
-157
-76
-51
157
151
313
344
335
470
619
838
708
763
758
960
1150
1077
1073
1112
1190
1276
1247
1239
1319
1344
1286
1260
1299
1260
1227
1109
1156
1222
1112
923
836
895
865
813
624
476
506
416
288
199
112
-10
-100
-188
-285
-339
-517
-561
-556
-705
-846
-947
-995
-968
-1057
-1172
-1151
-1283
-1406
-1340
-1347
-1336
-1361
-1446
-1473
-1431
-1363
-1359
-1264
-1310
-1229
-1205
-1294
-1142
-1012
-878
-826
-818
-814
-681
-464
-479
-300
-164
-148
-6
51
173
318
451
516
643
701
753
896
934
1050
1162
1199
1224
1194
1290
1438
1476
1402
1329
1395
1490
1488
1319
1303
1403
1389
1349
1187
1166
1194
1107
1028
1005
946
801
704
587
574
556
387
224
102
48
-12
-147
-299
-405
-437
-508
-621
-776
-893
-884
-927
-1041
-1136
-1233
-1299
-1325
-1265
-1395
-1472
-1458
-1543
-1515
-1489
-1516
-1506
-1464
-1529
-1443
-1321
-1333
-1339
-1220
-1070
-953
-921
-951
-790
-559
-448
-398
-239
-48
12
53
171
390
634
644
586
750
936
955
992
1096
1238
1285
1165
1107
1261
1393
1323
1271
1293
1351
1314
1210
1206
1303
1333
1196
1077
1074
1087
1028
961
944
917
793
617
547
602
580
404
228
173
164
55
-46
-139
-222
-295
-458
-503
-538
-682
-770
-788
-901
-945
-996
-1153
-1181
-1184
-1246
-1276
-1309
-1468
-1462
-1335
-1330
-1426
-1453
-1437
-1360
-1276
-1268
-1217
-1098
-1004
-1000
-877
-729
-531
-441
-432
-318
-74
108
81
182
352
534
583
562
724
906
955
877
906
1041
1073
1060
1072
1200
1233
1095
973
1052
1251
1212
1053
946
991
1044
981
933
935
949
827
670
676
717
672
536
421
401
350
250
145
99
63
-7
-132
-273
-308
-343
-397
-449
-547
-611
-692
-790
-831
-823
-862
-960
-1055
-1118
-1089
-1097
-1153
-1151
-1101
-1137
-1200
-1232
-1188
-1036
-983
-1003
-968
-849
-761
-720
-673
-549
-282
-143
-178
-189
-70
152
305
349
431
521
534
527
595
737
822
792
740
802
847
825
771
816
925
902
805
737
766
829
833
802
755
730
665
580
627
676
653
522
388
374
385
360
243
176
144
92
36
-76
-120
-117
-143
-198
-253
-317
-398
-424
-462
-441
-450
-538
-644
-714
-688
-635
-648
-729
-789
-773
-743
-757
-733
-709
-607
-617
-605
-537
-491
-452
-433
-279
-90
-20
-151
-175
8
188
259
233
228
278
265
245
298
392
401
332
281
298
336
300
267
313
375
351
255
206
262
341
365
341
279
225
206
212
273
299
214
124
69
74
97
96
30
-65
-111
-130
-132
-177
-245
-269
-241
-232
-285
-337
-375
-338
-293
-277
-289
-361
-387
-416
-314
-221
-195
-244
-329
-305
-244
-154
-111
-107
-108
-48
17
36
37
84
250
412
410
291
223
340
520
613
611
565
482
412
461
562
588
509
391
334
347
315
269
258
264
233
149
95
65
49
51
64
52
-21
-120
-162
-126
-76
-98
-192
-290
-339
-323
-287
-290
-353
-432
-480
-478
-467
-500
-514
-516
-534
-555
-592
-603
-560
-509
-536
-529
-523
-504
-462
-472
-423
-359
-260
-237
-259
-252
-184
-13
85
92
115
212
321
324
345
504
720
780
635
564
703
900
941
873
837
873
816
701
689
755
773
654
495
427
401
350
301
265
249
148
24
-37
-23
-2
-36
-85
-153
-200
-230
-245
-234
-256
-307
-354
-397
-422
-438
-453
-479
-532
-582
-607
-635
-673
-718
-718
-712
-730
-774
-813
-795
-746
-735
-738
-728
-690
-674
-666
-616
-508
-387
-376
-359
-324
-193
-55
41
137
242
343
382
399
496
753
961
982
837
794
959
1133
1199
1162
1127
1107
1025
953
961
1023
1012
863
713
639
605
541
478
460
420
315
163
77
70
83
56
-17
-112
-211
-260
-267
-238
-265
-369
-459
-511
-506
-503
-542
-602
-679
-724
-754
-764
-785
-837
-881
-908
-922
-935
-957
-974
-953
-920
-895
-892
-910
-888
-802
-681
-607
-592
-565
-496
-400
-278
-167
-66
40
146
234
280
345
505
759
895
853
760
815
1016
1170
1192
1151
1142
1098
1019
1001
1062
1111
1038
852
731
728
720
641
562
521
464
355
242
190
183
163
114
47
-52
-132
-173
-157
-134
-186
-289
-380
-406
-403
-402
-420
-471
-545
-617
-645
-614
-597
-638
-706
-761
-786
-786
-793
-784
-790
-822
-844
-854
-819
-803
-754
-681
-637
-606
-630
-591
-474
-314
-199
-150
-65
44
119
139
250
524
747
727
578
600
845
1044
1058
992
1008
1033
963
894
938
1041
1006
818
686
688
684
593
491
477
448
325
177
108
130
119
64
4
-59
-139
-230
-235
-184
-210
-316
-425
-438
-427
-472
-518
-530
-527
-593
-680
-693
-655
-629
-666
-701
-698
-703
-734
-725
-668
-640
-647
-681
-672
-625
-563
-502
-439
-397
-395
-392
-316
-149
-9
35
69
181
277
283
303
516
774
835
676
597
789
992
1014
949
964
1005
923
797
818
944
938
742
589
590
602
517
405
403
421
312
154
85
106
85
7
-43
-65
-126
-243
-298
-250
-236
-327
-436
-473
-460
-487
-559
-588
-567
-595
-661
-713
-693
-680
-724
-756
-758
-720
-724
-742
-715
-682
-663
-668
-669
-644
-570
-483
-403
-335
-327
-337
-278
-119
63
136
189
262
337
347
369
630
916
959
749
631
839
1086
1116
1017
999
1024
905
759
797
951
930
663
432
453
522
431
288
238
255
138
-28
-94
-56
-58
-166
-241
-256
-307
-402
-450
-395
-374
-482
-608
-619
-561
-577
-656
-707
-695
-705
-765
-802
-762
-717
-740
-773
-749
-708
-697
-710
-666
-569
-528
-519
-519
-479
-376
-294
-164
-92
-75
-74
-24
179
355
432
458
545
613
624
620
858
1146
1168
964
810
1025
1263
1287
1190
1158
1165
1015
851
926
1101
1085
800
539
540
596
532
431
353
276
105
-55
-42
0
-66
-259
-371
-369
-409
-502
-606
-615
-639
-756
-852
-870
-855
-926
-1024
-1049
-1000
-1000
-1085
-1151
-1120
-1047
-1049
-1073
-1070
-1005
-977
-972
-927
-854
-775
-735
-702
-678
-591
-480
-347
-224
-179
-156
-122
25
224
362
471
550
577
572
597
881
1205
1267
1072
892
1068
1327
1411
1364
1309
1298
1173
1043
1119
1275
1266
1007
782
759
816
753
655
593
513
388
235
249
249
205
80
-41
-75
-163
-208
-258
-265
-347
-489
-546
-539
-538
-641
-773
-814
-813
-823
-902
-981
-1015
-1047
-1050
-1074
-1051
-1081
-1117
-1165
-1114
-1031
-977
-955
-995
-963
-885
-729
-595
-500
-483
-468
-400
-222
-38
111
220
313
365
376
418
681
1008
1080
933
757
893
1091
1207
1225
1203
1161
990
866
947
1125
1145
925
697
645
682
670
650
600
504
367
258
282
274
244
138
79
58
-31
-88
-149
-142
-203
-312
-355
-376
-386
-477
-569
-593
-589
-614
-696
-767
-798
-800
-818
-833
-839
-876
-919
-959
-898
-853
-840
-821
-849
-820
-811
-730
-554
-464
-426
-519
-491
-320
-138
10
75
192
209
175
179
490
828
881
691
536
716
896
991
1037
1075
1044
830
716
844
1027
1052
845
692
640
601
564
590
611
524
355
237
259
245
218
160
128
56
-90
-131
-119
-94
-174
-278
-303
-335
-379
-431
-466
-464
-493
-524
-546
-602
-637
-656
-621
-586
-608
-657
-720
-743
-692
-673
-622
-621
-634
-682
-677
-570
-419
-346
-424
-425
-407
-202
-113
-22
89
171
217
102
182
466
713
700
517
470
634
718
753
822
893
797
538
426
580
742
682
485
359
310
248
234
300
323
207
37
-15
59
54
25
11
8
-30
-142
-162
-122
-112
-162
-231
-209
-216
-266
-320
-352
-312
-335
-368
-422
-471
-462
-464
-429
-441
-447
-484
-510
-508
-455
-394
-364
-349
-384
-360
-363
-231
-79
-4
-55
-118
-20
139
234
297
427
508
449
320
473
788
913
777
591
655
756
725
712
792
827
610
343
338
505
538
362
203
161
64
-52
-41
74
52
-123
-268
-240
-206
-270
-282
-250
-241
-348
-457
-449
-391
-406
-474
-505
-484
-519
-587
-641
-633
-579
-595
-617
-654
-670
-668
-664
-629
-583
-550
-552
-583
-565
-504
-428
-338
-312
-267
-245
-174
-64
69
113
115
176
294
443
476
615
732
775
672
663
915
1104
1085
911
886
996
1009
978
1001
1074
953
678
550
624
741
623
463
371
293
155
59
143
205
74
-146
-234
-175
-152
-196
-198
-203
-253
-371
-415
-365
-326
-379
-449
-482
-490
-507
-556
-573
-587
-574
-616
-666
-708
-737
-744
-747
-741
-707
-731
-782
-795
-792
-704
-688
-632
-618
-560
-520
-451
-306
-209
-164
-162
-31
114
247
320
468
569
556
517
670
934
1017
906
797
873
916
916
928
1007
964
719
518
519
636
612
457
362
292
157
27
42
164
143
-20
-143
-138
-99
-115
-115
-72
-70
-135
-193
-183
-136
-137
-168
-170
-181
-191
-238
-288
-327
-346
-340
-369
-408
-451
-498
-541
-593
-582
-556
-564
-622
-675
-670
-619
-602
-563
-508
-447
-387
-358
-257
-218
-156
-109
39
217
328
420
434
461
444
579
815
939
876
690
675
734
794
849
874
856
638
403
323
429
509
406
259
153
64
-59
-93
1
61
-18
-183
-256
-216
-181
-147
-125
-85
-108
-186
-215
-192
-148
-141
-147
-139
-159
-186
-251
-291
-268
-252
-246
-332
-391
-442
-470
-477
-493
-457
-492
-536
-586
-583
-543
-540
-523
-469
-412
-359
-314
-236
-161
-134
-86
0
151
277
360
414
419
395
438
635
826
827
669
560
594
627
671
697
705
584
337
213
229
322
270
145
62
-21
-124
-202
-158
-74
-88
-170
-228
-230
-209
-203
-147
-88
-63
-75
-92
-69
-66
-72
-50
-24
8
-14
-50
-87
-114
-97
-96
-115
-171
-230
-260
-290
-314
-340
-335
-351
-390
-406
-408
-374
-407
-396
-343
-260
-160
-138
-93
-89
-29
39
151
298
413
486
444
409
401
551
739
799
731
562
498
465
497
564
570
507
283
96
5
23
53
-10
-87
-202
-306
-395
-410
-365
-329
-326
-350
-370
-406
-416
-371
-268
-173
-151
-158
-178
-185
-168
-133
-62
-24
-13
-39
-93
-114
-120
-89
-81
-99
-143
-200
-230
-264
-267
-253
-234
-237
-256
-270
-270
-266
-253
-204
-140
-53
0
58
84
131
195
280
411
502
601
620
616
596
626
767
877
898
779
647
590
560
582
583
562
444
237
59
-31
-28
-54
-108
-205
-313
-422
-508
-506
-497
-467
-484
-492
-509
-548
-537
-501
-404
-343
-305
-292
-305
-310
-297
-239
-179
-144
-144
-163
-185
-196
-194
-176
-178
-190
-215
-248
-274
-301
-294
-275
-250
-224
-227
-214
-218
-195
-142
-67
47
120
203
225
250
296
369
506
595
701
733
746
716
681
738
824
940
896
780
620
529
532
527
551
483
377
185
-9
-96
-130
-97
-136
-209
-321
-443
-516
-565
-542
-512
-461
-457
-500
-552
-570
-524
-454
-363
-298
-266
-296
-345
-331
-264
-172
-115
-93
-97
-130
-160
-182
-170
-157
-156
-167
-193
-223
-258
-275
-274
-229
-202
-182
-187
-197
-172
-153
-71
2
120
202
234
251
257
341
420
523
578
634
660
633
609
589
648
696
706
641
540
473
422
401
368
357
330
256
135
20
-36
-57
-62
-98
-126
-163
-226
-315
-384
-382
-350
-316
-327
-360
-390
-428
-419
-370
-294
-247
-243
-269
-278
-261
-222
-179
-147
-121
-142
-155
-187
-209
-219
-222
-216
-223
-259
-314
-347
-353
-356
-321
-290
-287
-279
-266
-255
-229
-147
-58
43
70
113
161
223
268
296
387
444
500
488
463
477
497
493
477
486
498
469
417
346
324
324
302
290
261
237
172
106
44
19
40
35
24
-22
-63
-123
-177
-178
-159
-110
-105
-137
-165
-183
-181
-159
-118
-70
-21
8
-2
-20
-7
-7
29
61
67
76
27
-12
-77
-69
-102
-105
-89
-161
-168
-224
-240
-268
-246
-219
-215
-187
-205
-172
-148
-99
-78
-35
-8
19
65
43
52
34
80
83
111
92
41
35
-33
-30
-45
2
-11
-57
-99
-155
-124
-139
-130
-117
-96
-109
-163
-182
-211
-186
-162
-150
-135
-155
-167
-186
-180
-151
-105
-44
-24
-10
0
27
69
123
199
260
312
319
326
337
364
378
392
425
425
420
370
333
304
310
274
257
269
188
168
137
140
141
121
123
146
162
140
80
70
55
98
133
116
139
46
-1
-101
-101
-110
-106
-124
-217
-200
-269
-271
-354
-379
-364
-345
-313
-369
-365
-417
-429
-451
-419
-338
-321
-327
-388
-402
-425
-422
-393
-350
-274
-243
-237
-269
-286
-272
-225
-134
-62
11
45
63
73
100
173
246
336
353
385
381
391
388
405
449
473
539
506
487
411
394
423
456
457
446
447
413
393
373
375
394
399
329
325
293
299
232
165
153
136
172
51
-26
-135
-196
-223
-257
-270
-322
-345
-445
-492
-502
-509
-504
-533
-548
-542
-513
-511
-540
-539
-515
-469
-425
-410
-424
-434
-432
-417
-379
-320
-296
-264
-239
-232
-206
-206
-173
-129
-62
-8
51
105
98
113
139
216
274
299
318
339
415
404
434
421
432
466
475
539
495
543
466
441
445
468
551
494
542
439
486
456
396
379
309
366
307
328
211
188
93
1
14
-35
-48
-165
-238
-325
-316
-351
-397
-400
-468
-499
-523
-520
-526
-539
-555
-566
-520
-489
-484
-472
-470
-429
-391
-373
-369
-373
-343
-315
-255
-209
-156
-134
-145
-129
-95
-25
4
42
77
132
190
205
213
221
268
310
355
380
370
369
382
382
425
434
438
446
425
436
409
439
358
376
340
325
383
319
290
179
205
115
134
68
-54
-60
-135
-120
-184
-175
-293
-331
-398
-476
-450
-486
-474
-519
-484
-487
-466
-457
-498
-452
-397
-321
-282
-261
-225
-202
-153
-109
-24
53
55
54
59
99
116
134
150
184
241
243
240
230
218
201
222
261
287
330
334
332
340
335
348
352
359
373
391
398
367
362
340
338
341
320
323
281
227
172
137
109
40
5
-50
-73
-117
-199
-265
-360
-411
-487
-493
-527
-550
-598
-638
-651
-709
-696
-738
-731
-726
-682
-649
-638
-588
-580
-512
-478
-412
-330
-272
-220
-182
-109
-41
34
81
138
217
256
280
290
308
330
354
391
431
472
477
485
491
501
525
541
560
575
607
641
662
674
675
689
689
677
662
644
638
627
616
588
551
499
423
349
281
206
132
56
-20
-100
-177
-264
-365
-447
-539
-605
-671
-738
-802
-863
-908
-954
-952
-958
-962
-971
-979
-971
-955
-919
-874
-791
-720
-641
-566
-514
-457
-395
-316
-234
-146
-65
-5
61
108
184
263
325
372
384
394
390
411
443
499
554
585
605
610
612
604
616
637
670
703
734
761
782
789
789
783
768
746
727
705
669
629
593
563
514
449
363
251
129
8
-89
-175
-253
-346
-434
-525
-626
-709
-798
-872
-951
-1009
-1063
-1097
-1112
-1125
-1101
-1081
-1051
-1034
-1016
-1000
-972
-926
-859
-747
-635
-527
-449
-374
-301
-224
-149
-85
-10
59
133
198
275
352
415
454
461
479
495
505
522
550
600
647
692
725
761
783
781
794
813
847
868
906
943
970
990
982
986
968
931
869
804
750
694
648
587
526
433
314
185
53
-80
-214
-342
-462
-556
-642
-720
-806
-894
-986
-1076
-1151
-1212
-1250
-1284
-1301
-1281
-1251
-1201
-1152
-1115
-1080
-1055
-1007
-952
-868
-780
-682
-562
-462
-358
-271
-184
-115
-65
-13
45
132
208
299
388
472
523
540
550
546
561
572
603
652
707
756
796
838
870
901
918
928
940
960
981
1006
1035
1054
1060
1033
979
901
817
729
648
573
492
398
294
183
66
-59
-197
-344
-491
-619
-729
-812
-881
-950
-1003
-1058
-1094
-1143
-1189
-1237
-1275
-1285
-1282
-1236
-1182
-1111
-1054
-996
-943
-894
-837
-784
-708
-626
-515
-410
-302
-203
-107
1
79
147
206
277
351
420
503
587
665
708
728
740
741
740
729
746
778
817
850
882
926
955
980
988
994
989
974
966
972
989
988
972
933
876
796
697
588
476
366
252
145
49
-53
-177
-312
-450
-577
-694
-809
-910
-1001
-1073
-1136
-1174
-1196
-1216
-1241
-1282
-1304
-1317
-1319
-1304
-1270
-1211
-1142
-1062
-990
-923
-865
-812
-747
-675
-586
-490
-378
-265
-150
-29
89
201
286
358
428
505
581
656
740
814
876
915
936
946
943
930
923
932
947
955
969
996
1022
1037
1030
1017
1000
976
951
934
926
902
865
819
756
683
574
448
320
205
93
-32
-153
-276
-390
-510
-628
-744
-860
-983
-1097
-1182
-1239
-1273
-1294
-1309
-1317
-1316
-1314
-1311
-1307
-1297
-1268
-1225
-1163
-1084
-995
-903
-823
-737
-649
-557
-470
-380
-285
-178
-59
57
174
287
395
478
546
609
671
729
778
834
896
947
978
992
995
992
975
947
926
923
924
928
936
951
961
959
945
927
908
876
839
803
773
737
685
621
541
448
335
215
95
-33
-165
-301
-425
-541
-653
-771
-893
-1005
-1108
-1196
-1274
-1336
-1378
-1406
-1414
-1409
-1390
-1365
-1338
-1307
-1274
-1229
-1170
-1100
-1015
-924
-819
-715
-609
-509
-409
-304
-209
-108
-9
103
214
320
426
527
633
712
782
839
896
945
983
1024
1065
1103
1116
1113
1102
1083
1060
1031
1010
994
978
957
933
915
896
872
839
798
756
712
666
614
559
494
426
353
268
168
51
-71
-201
-324
-446
-566
-685
-800
-909
-1012
-1106
-1190
-1269
-1336
-1392
-1430
-1449
-1459
-1453
-1437
-1403
-1357
-1309
-1252
-1194
-1124
-1048
-962
-860
-755
-638
-532
-423
-316
-207
-100
0
110
214
330
426
521
609
697
778
842
899
941
982
1007
1030
1054
1077
1088
1083
1074
1058
1037
1003
968
935
906
881
855
835
815
791
764
732
697
655
610
555
499
441
374
295
208
117
23
-80
-187
-299
-414
-529
-636
-729
-816
-898
-979
-1050
-1113
-1161
-1200
-1231
-1244
-1248
-1240
-1218
-1183
-1138
-1091
-1039
-978
-914
-845
-784
-716
-638
-553
-461
-368
-275
-189
-105
-26
56
143
230
318
405
483
559
632
696
748
794
832
866
889
902
908
911
909
898
883
858
831
791
749
709
676
646
613
586
564
541
515
483
455
424
389
346
303
256
200
137
70
1
-76
-164
-257
-351
-447
-542
-629
-710
-784
-853
-917
-973
-1023
-1063
-1092
-1108
-1108
-1097
-1073
-1042
-999
-943
-882
-817
-749
-674
-604
-528
-444
-357
-267
-180
-91
-7
75
154
225
297
362
430
490
553
608
657
702
744
777
792
801
801
799
788
773
760
746
728
700
670
635
597
554
513
477
443
412
382
358
339
317
294
271
248
224
195
168
133
97
52
2
-48
-110
-176
-248
-322
-395
-464
-525
-588
-647
-705
-759
-803
-839
-869
-893
-910
-918
-912
-891
-861
-821
-775
-726
-675
-620
-558
-499
-434
-369
-298
-223
-150
-76
-6
65
128
190
251
310
366
417
469
518
567
610
646
679
702
715
718
712
701
686
666
642
617
583
545
498
447
396
341
290
243
201
160
122
92
67
46
27
12
-4
-21
-36
-50
-63
-76
-96
-123
-151
-182
-218
-255
-295
-333
-368
-406
-440
-470
-496
-521
-547
-568
-584
-591
-592
-583
-564
-540
-511
-477
-434
-390
-348
-305
-261
-216
-170
-122
-70
-17
35
85
137
186
234
282
323
363
402
441
474
511
540
566
586
601
612
610
602
582
558
530
496
457
414
367
314
260
206
151
104
55
9
-32
-64
-91
-113
-131
-143
-146
-149
-147
-142
-137
-131
-127
-123
-125
-132
-148
-172
-196
-220
-243
-267
-291
-320
-348
-373
-396
-416
-436
-454
-468
-478
-481
-476
-461
-442
-415
-383
-348
-315
-279
-240
-198
-154
-111
-67
-28
13
53
95
135
174
211
244
278
313
346
372
395
417
436
456
471
483
490
490
485
477
461
438
407
372
340
302
261
219
177
134
97
66
40
15
-10
-32
-46
-57
-63
-67
-67
-63
-55
-48
-45
-42
-45
-52
-62
-73
-89
-108
-131
-157
-181
-207
-235
-263
-287
-310
-334
-356
-376
-390
-397
-399
-399
-395
-385
-373
-354
-328
-298
-268
-239
-210
-178
-143
-111
-77
-49
-18
12
44
78
110
141
172
200
229
256
282
304
324
341
355
368
376
380
378
373
365
349
330
306
278
251
223
195
169
142
116
91
68
51
36
22
10
3
4
7
13
18
23
30
32
35
39
38
32
21
8
-10
-31
-54
-78
-103
-131
-159
-189
-217
-244
-268
-291
-311
-329
-342
-348
-350
-347
-344
-339
-329
-315
-294
-271
-247
-226
-202
-180
-153
-125
-95
-66
-37
-8
23
56
87
117
141
162
181
199
215
228
239
248
255
261
260
255
246
236
224
209
187
164
142
122
105
92
80
65
50
39
34
32
28
25
25
30
39
49
61
68
73
78
84
90
89
84
79
72
61
45
25
5
-19
-41
-64
-86
-110
-136
-159
-177
-189
-200
-212
-223
-231
-235
-235
-233
-229
-221
-210
-196
-180
-163
-148
-131
-115
-95
-74
-54
-37
-21
-3
15
35
52
67
78
88
97
105
114
121
124
126
124
119
113
107
100
89
82
69
59
54
48
44
43
42
39
36
32
34
40
47
53
58
68
75
86
97
109
119
125
129
132
132
129
123
116
107
98
84
68
48
29
9
-7
-26
-45
-65
-84
-98
-111
-123
-135
-143
-151
-158
-160
-158
-155
-152
-149
-145
-137
-131
-124
-117
-109
-103
-94
-86
-79
-73
-67
-62
-57
-50
-48
-44
-41
-38
-35
-30
-26
-26
-21
-17
-14
-10
-10
-9
-6
-4
-1
5
11
15
20
27
32
36
39
44
50
62
71
77
85
94
103
114
124
137
149
156
163
173
179
181
184
185
186
183
174
162
149
133
118
101
82
64
45
25
6
-13
-32
-51
-67
-85
-101
-115
-128
-138
-143
-145
-145
-143
-145
-144
-142
-138
-132
-129
-127
-125
-120
-118
-119
-115
-116
-116
-113
-110
-105
-101
-99
-99
-96
-93
-88
-82
-74
-63
-52
-41
-28
-15
-2
10
21
34
46
57
66
70
78
84
93
101
107
113
120
128
138
148
157
167
175
185
194
202
208
211
213
214
213
209
200
187
169
151
133
113
91
68
42
15
-11
-35
-56
-74
-95
-113
-130
-144
-156
-163
-167
-170
-172
-175
-177
-177
-179
-179
-178
-176
-178
-181
-182
-187
-189
-190
-192
-191
-188
-186
-182
-177
-169
-164
-152
-136
-123
-105
-89
-71
-50
-32
-15
2
18
35
49
64
77
90
100
108
116
125
134
140
149
158
171
185
198
210
222
235
249
266
280
293
301
305
304
301
293
284
271
253
230
202
174
144
114
84
53
21
-11
-43
-71
-97
-121
-142
-161
-178
-189
-198
-203
-209
-213
-215
-216
-218
-219
-221
-225
-226
-226
-227
-229
-230
-235
-239
-238
-234
-227
-219
-212
-203
-193
-178
-161
-145
-128
-109
-90
-72
-53
-35
-20
-5
12
25
39
52
63
72
83
96
110
123
134
146
162
180
197
216
234
251
267
281
295
309
320
327
331
326
319
305
290
272
251
228
201
172
144
113
88
61
34
9
-15
-37
-56
-73
-88
-101
-111
-119
-124
-129
-136
-142
-147
-153
-159
-167
-178
-190
-204
-217
-228
-236
-243
-252
-258
-261
-261
-255
-247
-236
-225
-212
-196
-178
-158
-138
-118
-98
-77
-54
-34
-18
-3
10
23
34
45
55
63
70
74
83
92
101
110
119
128
140
152
165
177
191
201
213
223
229
234
234
230
221
208
192
173
152
127
102
78
54
31
10
-9
-26
-41
-54
-67
-75
-81
-87
-90
-93
-92
-93
-94
-94
-96
-97
-100
-102
-103
-109
-115
-124
-133
-141
-147
-152
-156
-159
-162
-160
-153
-143
-133
-121
-106
-89
-71
-53
-34
-16
2
19
35
50
64
74
84
94
104
111
118
125
128
134
138
145
150
153
155
158
160
164
169
174
175
177
178
176
172
163
153
141
127
109
87
67
47
28
10
-10
-28
-42
-56
-66
-75
-83
-90
-95
-99
-102
-104
-108
-113
-114
-116
-117
-117
-118
-122
-127
-135
-142
-146
-152
-160
-167
-174
-178
-182
-185
-185
-180
-172
-162
-149
-135
-121
-103
-81
-58
-36
-16
3
20
40
58
74
88
97
106
112
120
128
135
139
142
144
143
142
140
137
133
127
124
117
113
110
106
101
99
96
89
84
78
69
59
50
39
28
18
7
0
-5
-10
-15
-17
-20
-21
-24
-26
-28
-30
-32
-37
-43
-50
-58
-64
-71
-76
-82
-87
-95
-102
-109
-115
-121
-125
-126
-125
-124
-121
-117
-112
-104
-90
-77
-61
-44
-28
-10
10
30
49
66
82
93
102
112
119
126
129
130
131
131
129
128
125
123
116
113
108
103
97
89
82
72
62
55
47
41
34
29
22
16
12
5
0
-7
-16
-24
-32
-39
-44
-50
-55
-58
-63
-65
-68
-70
-71
-73
-77
-82
-87
-94
-100
-106
-113
-120
-126
-133
-140
-146
-150
-152
-153
-153
-152
-147
-139
-132
-125
-115
-105
-93
-81
-68
-50
-32
-13
7
26
46
65
82
99
113
124
134
140
144
148
150
150
149
149
146
145
144
143
142
140
137
132
125
118
108
99
92
83
77
71
67
63
59
54
51
47
41
36
31
27
22
17
10
4
-3
-11
-18
-24
-30
-35
-39
-46
-52
-60
-67
-77
-87
-94
-104
-115
-124
-133
-139
-145
-148
-149
-150
-149
-146
-142
-135
-128
-118
-108
-98
-87
-77
-69
-57
-46
-33
-20
-8
1
11
20
29
37
44
49
55
56
57
57
60
60
60
64
64
65
68
71
75
79
79
80
80
78
76
75
74
72
70
68
65
63
61
61
61
60
57
55
53
51
48
42
37
31
25
19
11
3
-3
-10
-15
-22
-31
-41
-49
-58
-66
-74
-81
-90
-98
-105
-110
-111
-111
-108
-108
-104
-99
-92
-84
-75
-68
-62
-56
-53
-47
-42
-38
-31
-24
-18
-11
-3
2
9
17
22
28
33
36
40
43
48
53
56
59
63
67
70
76
78
81
85
87
90
90
90
87
85
84
82
79
77
73
71
70
68
66
62
59
56
52
47
42
34
25
16
7
-3
-14
-24
-35
-47
-56
-66
-75
-84
-92
-99
-105
-111
-117
-121
-127
-130
-132
-133
-131
-128
-126
-124
-120
-116
-112
-107
-104
-100
-100
-99
-99
-95
-92
-85
-80
-74
-64
-54
-43
-30
-16
-2
13
27
43
57
72
86
99
114
124
134
143
153
159
167
172
176
181
181
179
175
172
168
163
157
151
144
136
132
126
122
114
106
98
90
83
74
66
54
41
28
15
3
-10
-25
-40
-54
-67
-78
-86
-96
-104
-115
-125
-134
-142
-149
-157
-164
-168
-172
-175
-177
-179
-179
-179
-177
-177
-174
-172
-171
-169
-167
-163
-159
-154
-145
-137
-126
-115
-100
-84
-68
-51
-31
-12
8
26
43
61
77
94
104
117
128
137
145
152
158
164
167
168
167
164
161
159
157
154
147
143
137
132
129
126
124
121
117
112
106
104
98
92
86
79
71
62
53
41
29
18
9
-1
-9
-19
-30
-40
-51
-61
-70
-80
-91
-103
-112
-121
-129
-133
-142
-146
-148
-150
-151
-151
-152
-153
-150
-147
-145
-140
-136
-129
-119
-108
-95
-80
-66
-53
-37
-21
-4
13
28
44
58
70
81
92
101
109
116
120
122
125
124
123
122
118
115
110
105
98
92
87
79
72
64
60
54
49
43
36
31
27
23
21
17
11
5
-1
-8
-15
-22
-29
-36
-43
-49
-56
-62
-68
-76
-82
-89
-96
-101
-108
-116
-123
-127
-133
-136
-140
-142
-142
-139
-135
-129
-122
-116
-109
-99
-91
-79
-68
-58
-44
-30
-17
-1
15
28
41
55
68
83
96
107
118
126
134
141
145
150
152
154
154
155
154
151
149
146
141
135
129
123
118
112
105
99
90
85
78
70
63
55
46
39
32
27
22
14
6
-2
-10
-17
-26
-36
-44
-53
-63
-70
-78
-85
-91
-99
-105
-109
-117
-124
-130
-133
-135
-139
-141
-142
-143
-143
-143
-140
-138
-133
-127
-119
-110
-100
-90
-80
-71
-61
-51
-40
-30
-18
-9
-1
8
16
26
35
45
54
61
65
67
72
73
74
76
78
78
77
73
72
70
67
64
62
59
57
55
49
49
46
41
39
37
33
31
30
27
27
27
25
24
21
19
18
19
16
14
11
8
8
8
5
3
-1
-3
-6
-10
-11
-13
-14
-15
-15
-17
-19
-20
-20
-21
-20
-19
-18
-18
-17
-14
-12
-10
-5
-3
1
4
8
11
14
17
18
20
20
20
21
20
20
22
21
19
17
15
13
12
10
5
0
-5
-11
-16
-21
-27
-32
-38
-44
-49
-53
-58
-62
-65
-68
-70
-71
-72
-70
-67
-64
-60
-57
-50
-46
-39
-32
-24
-18
-10
-4
2
9
14
20
25
30
35
38
41
44
46
47
49
51
52
51
50
49
49
49
49
46
45
46
43
42
39
36
35
33
32
29
28
25
23
22
22
22
23
22
22
22
20
19
19
18
18
17
14
10
9
3
-2
-7
-13
-20
-27
-36
-47
-54
-65
-73
-81
-86
-92
-98
-103
-107
-107
-106
-107
-104
-101
-95
-90
-83
-74
-61
-49
-35
-23
-11
1
11
23
34
43
51
57
63
71
76
82
87
92
98
101
102
102
102
101
100
98
93
87
79
70
62
56
49
39
30
21
14
5
-3
-9
-16
-21
-27
-31
-36
-40
-44
-46
-45
-44
-43
-45
-44
-43
-42
-42
-44
-44
-44
-44
-46
-49
-52
-57
-62
-68
-74
-79
-85
-88
-91
-93
-93
-94
-93
-90
-85
-78
-69
-60
-49
-40
-31
-19
-7
6
18
29
41
52
63
74
84
93
99
108
114
119
124
130
134
141
144
147
148
148
147
146
144
142
139
132
125
118
108
101
90
77
64
52
40
26
15
4
-8
-17
-26
-35
-42
-49
-52
-55
-55
-59
-62
-66
-71
-73
-76
-78
-82
-87
-93
-99
-105
-110
-115
-120
-126
-131
-137
-141
-146
-150
-152
-152
-153
-156
-155
-152
-149
-141
-134
-125
-114
-102
-91
-77
-64
-50
-37
-25
-11
3
16
29
40
52
64
76
84
93
102
109
116
123
129
133
135
137
136
135
133
129
125
122
114
107
98
89
82
72
63
54
47
39
31
26
21
19
17
16
14
13
14
14
18
21
26
30
31
31
31
31
29
28
25
21
15
9
3
-4
-10
-19
-27
-37
-43
-49
-56
-63
-69
-74
-76
-79
-80
-78
-77
-78
-76
-75
-72
-68
-65
-60
-55
-48
-41
-33
-27
-19
-11
-3
6
13
24
32
43
52
59
67
71
74
75
76
74
72
68
60
54
45
33
22
12
-1
-15
-26
-38
-49
-57
-64
-71
-77
-81
-84
-82
-80
-73
-69
-62
-54
-45
-34
-23
-14
-5
3
10
15
20
24
28
29
29
28
26
22
18
15
10
5
1
-5
-11
-16
-20
-23
-24
-27
-29
-30
-30
-31
-30
-29
-26
-24
-21
-18
-14
-9
-4
4
10
18
26
32
40
50
57
65
71
74
77
80
82
83
81
79
75
70
61
52
43
33
23
13
4
-7
-17
-27
-33
-40
-45
-50
-55
-58
-59
-56
-53
-47
-41
-33
-27
-18
-11
-3
6
15
23
29
36
40
46
48
49
50
48
47
43
39
32
26
18
9
-1
-9
-18
-26
-35
-43
-52
-60
-67
-73
-78
-79
-82
-84
-85
-84
-81
-75
-70
-63
-56
-47
-38
-28
-18
-8
3
13
22
28
36
41
48
53
56
58
60
62
62
60
57
53
48
43
37
31
26
21
17
14
11
10
9
8
9
11
13
16
20
22
27
30
33
37
41
43
46
48
49
47
45
44
40
36
32
26
19
10
2
-8
-17
-26
-37
-45
-52
-59
-67
-72
-80
-85
-89
-94
-96
-99
-102
-102
-102
-100
-97
-94
-89
-83
-76
-68
-60
-51
-42
-33
-24
-14
-4
6
16
25
33
39
44
48
52
56
57
57
55
53
50
48
44
41
37
35
30
28
24
22
19
17
16
16
16
17
20
21
25
28
31
34
37
40
41
45
47
49
50
48
45
43
41
37
32
28
21
13
4
-6
-14
-21
-29
-36
-43
-49
-53
-58
-61
-63
-65
-64
-64
-61
-58
-55
-50
-45
-38
-32
-24
-17
-10
-1
5
14
20
25
30
36
41
46
49
52
53
56
56
55
53
50
46
44
41
37
33
30
23
16
12
6
2
-3
-8
-11
-14
-17
-21
-24
-26
-26
-25
-25
-22
-23
-23
-21
-20
-20
-19
-19
-19
-19
-18
-18
-19
-19
-19
-23
-26
-30
-33
-37
-40
-43
-48
-49
-53
-56
-59
-60
-62
-64
-65
-63
-62
-61
-59
-57
-52
-48
-40
-31
-24
-15
-7
2
10
20
30
39
49
60
70
79
86
94
99
103
107
108
109
108
105
102
96
92
85
78
68
62
52
41
33
23
15
6
-3
-10
-14
-19
-23
-24
-27
-28
-28
-27
-28
-25
-24
-22
-20
-17
-16
-16
-14
-14
-13
-13
-14
-15
-19
-21
-25
-28
-31
-34
-38
-42
-44
-46
-50
-51
-52
-53
-54
-54
-55
-53
-49
-45
-42
-37
-33
-28
-22
-15
-6
2
9
15
23
32
38
45
52
57
62
68
72
76
78
79
80
79
78
76
72
68
62
56
48
39
30
22
14
6
-2
-11
-18
-27
-35
-41
-46
-50
-52
-55
-58
-59
-60
-62
-61
-59
-59
-56
-56
-52
-49
-45
-41
-37
-35
-33
-30
-28
-26
-25
-24
-22
-20
-20
-20
-20
-21
-21
-23
-23
-23
-23
-22
-21
-20
-18
-16
-12
-8
-4
1
7
13
20
29
36
44
52
59
65
73
79
88
93
95
98
101
101
100
99
98
95
90
85
78
71
62
54
44
35
25
17
6
-4
-14
-22
-31
-38
-45
-49
-54
-58
-61
-62
-62
-62
-63
-62
-60
-59
-56
-54
-54
-52
-51
-50
-49
-48
-47
-46
-43
-43
-42
-41
-40
-39
-41
-39
-37
-36
-35
-31
-27
-22
-22
-20
-17
-14
-10
-9
-4
1
6
12
17
24
29
33
38
43
49
54
58
62
66
70
73
75
76
78
76
76
75
72
69
66
61
55
48
39
31
25
18
11
4
-5
-15
-24
-32
-39
-44
-51
-56
-58
-61
-63
-63
-61
-61
-59
-56
-51
-45
-42
-37
-32
-27
-23
-19
-16
-13
-9
-8
-7
-5
-6
-7
-10
-12
-15
-15
-16
-17
-17
-19
-18
-18
-20
-21
-19
-16
-12
-9
-5
0
3
8
13
19
24
30
35
40
45
48
50
53
54
55
57
59
58
57
55
54
51
49
46
41
37
33
28
22
17
10
4
-2
-9
-15
-20
-27
-30
-35
-38
-41
-43
-44
-46
-45
-47
-45
-44
-42
-39
-36
-33
-29
-26
-23
-18
-14
-11
-8
-6
-4
-2
-1
1
2
2
0
0
-1
-1
-2
-2
-2
-2
-3
-5
-6
-7
-7
-7
-7
-8
-7
-6
-4
-2
0
3
6
10
10
12
15
17
20
23
26
29
33
33
35
36
35
34
32
31
29
26
22
19
16
13
9
6
1
-5
-10
-15
-20
-23
-26
-28
-30
-31
-33
-32
-30
-30
-26
-23
-22
-20
-16
-12
-10
-6
-2
1
3
6
9
12
15
17
17
17
18
17
16
15
15
13
12
11
9
7
5
3
2
1
-2
-3
-3
-4
-3
-1
0
0
1
2
4
6
8
9
9
10
11
12
14
13
15
15
14
13
10
9
7
6
4
4
0
-3
-7
-11
-15
-19
-22
-25
-28
-30
-33
-36
-39
-42
-43
-45
-45
-45
-44
-44
-42
-41
-38
-34
-33
-29
-24
-19
-14
-10
-6
-2
3
7
11
16
20
21
23
25
25
27
28
29
29
30
30
29
30
31
31
30
30
31
30
29
29
28
29
29
29
29
29
30
31
31
30
30
31
30
30
29
26
26
24
23
22
18
15
12
9
5
1
-2
-9
-12
-16
-22
-27
-31
-37
-41
-44
-49
-51
-52
-54
-56
-56
-55
-53
-52
-50
-47
-48
-46
-44
-41
-36
-32
-30
-26
-23
-19
-13
-9
-5
-1
3
5
8
11
13
15
17
18
19
20
22
22
24
25
26
27
27
28
27
28
27
27
27
25
26
26
28
28
29
30
29
29
30
28
28
27
25
25
23
22
22
20
19
15
11
7
4
0
-4
-9
-13
-19
-23
-25
-30
-33
-35
-38
-40
-42
-44
-45
-45
-45
-45
-42
-39
-36
-31
-29
-25
-22
-18
-14
-10
-5
-2
0
3
6
9
11
13
15
18
20
22
23
23
22
24
25
26
25
23
22
21
21
21
20
20
19
16
15
14
14
13
13
13
13
14
14
12
11
10
9
10
8
8
8
7
5
3
1
-2
-4
-6
-10
-13
-17
-19
-23
-27
-29
-33
-36
-38
-40
-42
-45
-46
-47
-47
-47
-48
-47
-47
-46
-44
-43
-41
-37
-34
-29
-25
-21
-19
-14
-10
-6
-1
4
8
13
16
20
26
30
34
37
40
42
42
45
45
45
46
47
48
47
47
47
47
46
45
45
45
44
43
43
43
41
39
38
37
36
33
32
29
26
23
20
16
12
7
3
-1
-5
-8
-11
-14
-17
-20
-23
-28
-32
-36
-38
-41
-44
-45
-48
-48
-50
-51
-51
-52
-53
-53
-52
-52
-49
-47
-47
-44
-42
-38
-36
-33
-30
-27
-23
-19
-14
-10
-6
0
4
9
13
17
20
22
24
27
30
32
33
34
33
32
32
31
31
29
29
28
27
25
22
21
21
19
19
18
17
18
16
14
13
12
11
9
7
7
5
3
0
-2
-4
-7
-9
-10
-14
-16
-20
