-1
0
-1
-3
0
-2
-2
0
0
0
1
1
0
0
2
-1
1
-1
-1
0
0
-1
-1
0
-1
0
1
-1
0
1
0
1
0
0
0
0
-1
0
1
-1
1
2
1
2
2
1
1
1
0
-1
0
-1
0
0
0
1
1
1
0
0
-2
-1
0
-1
0
0
-1
1
0
0
1
0
-1
0
1
0
0
2
0
1
2
2
1
2
2
0
1
1
0
1
-1
0
2
1
0
2
1
0
1
-1
-1
0
0
-1
-1
-1
0
-1
0
-1
-1
-1
0
-1
0
-1
-1
0
1
1
0
-1
-1
-1
1
1
-1
1
-2
-1
2
1
0
1
1
-2
1
1
-2
-1
-1
-3
0
2
-1
0
2
-1
1
2
-1
-1
-1
-2
-1
0
1
0
0
1
2
1
0
-1
0
-2
0
0
0
-1
-1
-1
0
1
0
1
-2
-1
0
-1
-2
0
-1
-2
1
1
-1
0
0
-1
0
0
-1
0
1
-1
0
1
0
2
1
-1
0
1
-1
0
1
0
-1
0
1
0
0
0
-1
0
1
0
1
1
0
0
0
0
-1
0
0
-2
0
1
1
1
0
2
0
0
2
0
-1
-1
-1
0
0
1
0
0
0
1
1
0
-1
-2
-2
-2
1
1
0
0
0
1
1
1
-1
-1
-1
0
1
2
0
0
1
1
1
1
0
-1
-1
0
1
0
0
0
0
-1
0
2
0
-1
1
0
-1
1
1
-2
-1
0
0
0
1
1
1
0
0
1
0
-2
-1
0
1
2
2
0
-2
0
0
-1
-1
-1
-1
-1
0
2
1
0
0
-2
0
0
1
1
0
-1
0
1
-1
-2
1
-1
-1
2
1
-2
1
1
-1
0
1
0
0
0
1
0
1
1
-2
-1
-2
-1
1
0
2
2
0
-2
0
0
-2
0
1
0
1
1
1
0
0
0
0
-1
-1
1
1
1
2
2
0
-1
0
-1
-1
-1
0
0
0
3
1
0
-1
1
-2
0
-3
-1
-1
0
2
2
1
-1
0
-2
-1
0
0
-1
-1
0
0
1
2
2
2
0
-1
1
-3
1
1
-1
1
2
-1
2
3
1
3
-2
0
-2
-2
-1
0
0
-1
0
0
-3
0
0
-3
0
-2
-1
0
-2
-1
-1
-1
0
0
-1
0
0
0
1
1
2
1
1
1
0
0
3
-1
0
0
0
0
0
0
1
0
-1
-2
-2
-1
-2
0
-1
-4
2
-2
0
1
1
-1
1
-1
2
-2
1
1
-1
2
0
3
0
3
3
1
0
1
0
-1
0
0
1
-1
0
1
-1
1
-1
0
-3
-1
1
-1
2
-1
0
0
1
1
1
1
-2
0
-2
0
0
2
1
2
0
0
0
0
0
1
0
-3
-1
-2
-3
4
-1
2
-1
-2
4
-1
0
3
-5
-2
1
-1
5
2
5
1
-1
-1
0
0
-1
-1
0
-2
0
2
-2
1
0
0
0
0
1
0
-1
-1
-4
0
-1
1
-1
1
0
2
-1
-1
4
-4
-3
-1
-2
0
2
-1
-3
0
-2
1
1
-2
-2
-1
-3
3
1
-6
1
-4
1
5
2
-1
-1
-1
-3
4
0
-3
4
0
1
4
-3
3
-2
-2
-1
-3
1
-1
5
0
3
-1
-2
-5
2
-11
3
5
1
4
0
9
-6
-2
-2
0
-8
-1
-1
0
0
1
1
4
5
0
6
-3
-3
6
-10
-7
14
-7
3
16
-6
1
-2
-4
5
-1
0
-10
-6
-2
1
9
5
6
-3
-6
-3
8
2
-8
-1
1
-2
5
3
1
1
9
6
1
9
-12
-5
-2
-9
13
1
3
-1
-4
0
4
0
-7
-2
-14
6
-2
-3
13
-3
-3
5
-6
6
10
2
1
-2
-16
-15
4
1
7
18
0
6
2
-15
-10
-9
-16
2
12
3
7
-5
5
-3
-8
-2
-8
-8
-2
7
19
2
-1
12
-16
-7
0
-11
-4
9
6
12
3
0
-11
0
4
-5
0
-13
0
-3
5
14
-9
1
-13
-8
12
-8
2
-1
2
-3
1
3
2
0
-8
5
3
-5
0
9
5
-8
-1
-5
1
10
2
7
3
-5
-5
-2
-1
-5
15
-4
-7
7
-4
10
13
2
-9
-1
4
-29
2
13
-4
10
0
2
0
-7
5
-8
1
0
-1
8
4
-10
-3
0
6
1
7
2
-14
10
5
-12
-5
11
3
8
-1
-11
-6
-8
-1
22
-11
-14
30
0
-8
14
-5
-20
-4
6
-12
12
8
7
9
10
-10
-25
7
2
-17
26
-7
2
23
-29
3
-5
7
10
-20
26
6
-20
12
-22
5
11
-21
24
9
-9
-8
-19
3
-9
12
22
0
-4
-19
1
-9
-2
3
-9
12
11
1
15
-22
-19
26
-12
-9
-3
27
8
-7
-19
-5
-6
28
-17
-7
44
-31
-14
33
-21
-2
20
5
-8
-11
8
-23
15
2
11
-10
20
-26
7
-4
-15
23
-33
24
8
13
-49
48
3
-75
63
-8
-18
11
12
-3
16
1
-47
37
-6
-55
72
-22
-35
68
-10
-61
77
-49
-16
42
-27
-35
47
53
-79
73
-87
60
-58
9
95
-114
67
-18
-44
67
-19
21
4
-45
-31
34
39
-55
13
24
-38
-4
43
-5
26
-41
-8
22
-38
-27
85
-17
-29
76
-83
70
-23
-19
15
-73
80
-5
-44
58
-21
-16
25
-8
10
-32
32
-9
-68
98
-23
-75
138
-84
-47
100
-87
53
-42
-34
104
-68
23
10
6
-29
-32
89
-73
62
-24
-75
137
-111
16
66
-101
97
-17
10
-7
-8
4
-25
-9
32
16
8
-55
26
17
-56
53
24
-62
2
-26
67
13
-102
76
-36
14
-38
43
49
-107
35
91
-62
-32
18
34
-41
-26
140
-107
-97
179
-131
120
-45
-47
73
-93
79
-82
45
19
-96
91
-28
36
-17
-39
48
-59
84
-79
11
68
-90
17
104
-119
37
77
-131
61
29
-14
-69
137
-77
-63
142
-145
52
50
-78
6
58
-9
-44
84
-82
66
-63
-97
231
-195
60
49
-54
20
35
-25
-35
29
-2
-13
41
-43
49
-19
-120
243
-163
10
90
-141
141
-92
-24
153
-242
258
-148
-59
195
-173
124
-153
82
54
-141
139
-55
-40
131
-212
158
133
-348
237
65
-309
295
-28
-167
113
-12
53
-149
119
132
-324
212
35
-124
58
3
41
-157
120
65
-210
155
25
-185
95
79
45
-174
0
241
-288
202
-103
52
-37
-5
66
-55
18
54
-66
-107
254
-160
-84
145
-48
3
-57
159
-151
-51
224
-264
300
-284
61
190
-317
278
-25
-57
-46
-36
237
-304
205
3
-162
147
-93
139
-157
21
163
-250
169
-21
52
-35
-197
327
-248
41
138
-125
-12
79
-82
157
-152
34
70
-167
113
-25
61
-20
-102
166
-88
-161
353
-260
-36
116
-57
168
-301
257
-83
-164
300
-231
147
-17
-105
194
-173
47
29
-95
128
-18
-11
-56
80
-59
-35
96
64
-279
225
-63
-109
298
-380
221
80
-260
237
-104
83
-102
-126
432
-400
36
292
-301
48
188
-181
5
-35
239
-292
177
62
-236
205
-57
-143
209
-93
-65
86
-25
-6
42
92
-238
175
58
-124
-132
280
-241
73
115
-146
155
-149
2
173
-213
152
-101
32
146
-288
230
-28
-122
131
-205
342
-277
33
215
-463
445
-205
-69
349
-370
183
20
-198
149
-38
113
-211
287
-93
-69
-111
326
-324
-12
355
-389
259
-156
209
-134
-236
404
-320
19
388
-467
231
-49
50
-81
-11
14
142
-271
221
-62
-22
79
-229
390
-429
340
59
-478
621
-457
110
185
-435
576
-566
427
-86
-234
390
-568
512
-313
171
75
-336
459
-409
95
362
-622
584
-394
228
10
-245
296
-345
335
-160
140
-100
-37
150
-316
191
103
-32
-316
517
-303
-85
352
-429
329
-293
217
-10
-188
443
-551
382
-38
-277
353
-370
503
-620
360
182
-451
472
-402
224
-80
-10
119
-147
126
-136
131
-89
3
102
-212
253
-154
-59
218
-122
-151
185
109
-311
224
-56
-46
-116
444
-432
20
412
-617
522
-228
105
19
-358
579
-491
94
244
-240
196
-267
470
-688
489
16
-422
527
-232
-23
2
-3
-37
89
-161
217
51
-312
142
387
-769
662
-298
-103
238
-231
313
-384
192
190
-451
401
-17
-227
135
-118
179
-265
370
-385
224
134
-335
236
-25
-163
244
-133
-16
54
17
-75
-11
200
-297
276
-84
-115
296
-428
267
5
-308
642
-688
344
54
-335
396
-343
390
-269
-135
535
-694
481
-148
18
3
-37
285
-361
124
107
-286
267
28
-321
196
169
-337
145
210
-353
198
-102
120
-58
24
-16
-107
236
-197
-78
418
-463
199
68
-171
-42
181
-166
120
-19
35
23
-154
305
-290
133
163
-516
662
-396
3
259
-339
208
-65
-101
219
-65
-163
266
-375
484
-447
200
177
-314
334
-320
48
228
-343
301
127
-308
414
-557
320
-19
-461
650
-431
244
-113
-214
580
-735
400
-61
-61
129
-307
711
-870
489
124
-594
744
-338
130
-64
54
-52
-309
449
-418
323
18
-263
372
-316
51
63
-251
230
-221
390
-521
335
93
-609
810
-738
448
26
-313
412
-467
714
-737
138
622
-923
863
-419
-217
624
-771
460
99
-413
553
-463
347
-397
99
203
-178
165
-35
-32
21
-169
240
-295
163
119
-62
-11
61
-180
139
132
-401
643
-357
-51
130
-94
-214
299
-70
-154
434
-489
383
-134
-378
449
-215
98
191
-51
-208
136
87
-347
411
-232
-88
254
27
-293
325
-4
-224
279
-221
242
-317
-63
404
-428
291
-127
294
-372
-4
440
-646
442
-51
-336
625
-753
632
-281
-255
436
-537
849
-554
-66
385
-621
526
-245
-105
78
43
143
-367
444
-312
-227
187
59
89
-228
622
-613
258
138
-547
501
-119
-66
50
21
111
-446
475
-386
263
-120
55
266
-292
383
-568
273
-63
-161
69
43
266
-355
328
-3
-265
246
-157
1
141
-66
-133
72
77
-342
395
-521
535
-328
100
32
-177
101
-73
169
-95
219
-269
51
28
-224
341
-198
102
303
-245
199
-171
450
-941
476
46
-323
526
-500
681
-476
171
86
-142
183
-516
725
-428
-218
550
-719
214
70
29
124
-318
670
-679
305
-213
393
-609
493
-174
141
-205
335
-254
-44
320
-421
337
-231
126
-142
7
205
-138
123
288
-645
804
-717
324
107
-213
423
-621
734
-559
47
344
-750
636
-185
-168
376
-166
-307
283
-284
-22
105
-89
-165
601
-455
443
-447
692
-380
-100
751
-1011
757
-506
29
318
-633
329
8
-173
427
-458
705
-652
114
105
-486
142
262
-262
-4
343
-357
243
83
-237
531
-727
139
181
-319
282
-414
780
-772
305
496
-816
545
-69
78
311
-853
715
-843
109
600
-605
804
-467
-59
562
-1125
1128
-890
165
686
-443
634
-813
389
-318
-451
873
-867
416
528
-806
704
-408
4
20
-157
292
305
-46
181
-300
223
-199
-236
225
-124
149
-300
687
-130
-512
309
-312
207
120
-158
462
-651
135
90
-453
385
80
-186
456
-473
612
-698
133
412
-648
845
-515
178
101
-586
528
-459
273
178
-259
302
0
-106
-60
98
-311
164
-384
637
43
-192
540
-907
355
-229
42
55
-143
470
-85
-286
240
-350
5
230
-331
609
-538
-130
543
-780
861
-733
519
466
-500
446
-883
19
20
-201
676
240
198
-72
-320
111
-368
-550
885
-110
139
341
-155
-240
-317
-54
-40
366
127
80
-89
-287
-250
-294
262
434
344
-71
-4
-102
-657
-233
-203
617
70
389
6
-301
-518
105
-323
-41
725
-40
-37
26
-121
-400
-72
674
-2
52
284
-266
156
-535
18
155
-322
568
281
-692
352
0
-234
109
-5
115
-529
150
259
-711
160
355
-360
473
-27
10
18
115
216
-188
109
181
-300
-208
568
-389
273
-87
394
-78
-553
446
-335
-74
165
-137
636
-888
463
137
-352
-90
-97
-55
-427
842
-330
96
81
390
351
-812
715
-605
-91
177
-416
556
-404
-310
671
-189
362
201
-317
474
-711
670
-620
80
236
-223
236
547
-366
260
-539
212
-368
140
14
-518
681
-460
-204
-39
-55
115
-366
770
74
-925
980
-724
29
201
394
-281
30
232
-107
-585
761
-257
-678
951
-318
339
-289
-350
172
-594
299
215
-645
883
-453
160
172
-13
48
-303
309
118
-260
230
-8
-227
321
444
-68
-70
374
-161
-214
58
-293
-2
344
62
-449
472
-567
-5
-141
-269
204
-148
105
-282
222
-500
364
-181
-60
273
-65
-142
381
-425
109
23
540
-593
484
512
-801
200
191
72
-651
923
-92
-693
820
-582
-374
375
-577
472
-298
148
-39
-513
459
-628
445
-88
-405
368
-227
85
217
-329
598
-511
-199
345
-311
292
-129
225
61
24
75
187
-276
287
266
234
-66
425
-121
-142
454
-112
-19
191
-42
389
84
-69
286
-190
353
-498
760
-291
-373
452
-347
78
112
-451
230
-223
-344
204
-46
-226
58
-133
-50
31
-144
-104
-27
313
-170
110
-66
76
-225
78
74
275
-223
169
92
-457
332
-12
-426
530
-266
100
106
-259
239
-343
131
11
-5
11
199
-299
245
-203
-286
289
50
135
-152
-120
-209
-141
61
-184
-238
169
-346
-132
145
-456
-341
-227
-127
282
-313
367
117
-326
365
-345
416
53
261
368
200
127
69
61
-243
329
95
77
212
-51
-36
-185
-141
-44
-231
21
103
57
93
-109
-32
46
-371
103
-254
159
-93
-73
221
-13
-110
30
157
-94
433
-76
143
-264
172
-295
-64
374
-420
197
-214
56
152
50
182
39
177
-184
-114
-98
-366
-111
-16
125
105
104
132
-3
-290
202
291
-233
474
135
-71
225
104
-42
-116
195
73
116
199
140
15
7
-145
256
-46
45
140
127
-229
59
89
-389
271
-41
183
162
-61
4
-236
-169
-44
-197
-119
44
-81
-194
-13
-113
-5
-481
56
0
-246
146
-336
-114
-132
58
98
67
323
-10
-231
122
-262
42
-19
-73
542
-156
-40
408
-197
-379
173
-143
178
262
-242
61
-152
35
-7
-161
66
-338
192
-239
-337
61
-592
-286
55
-179
147
-161
48
-70
-309
88
-227
2
145
-287
88
-145
-363
253
-294
-19
150
-215
-93
92
-65
-365
-117
-36
-174
119
-6
-78
60
-68
118
-42
217
135
81
274
120
208
218
270
347
406
431
445
260
469
346
42
640
171
355
192
-160
168
-239
-199
-51
-386
-434
-351
-572
-540
-394
-634
-448
-671
-486
-204
-586
-154
-164
-114
-162
20
176
-71
136
367
240
394
524
434
476
534
365
384
532
449
368
222
389
199
61
344
-8
-15
192
8
153
-37
-50
-15
-91
260
268
222
525
539
99
373
363
420
756
796
784
700
638
266
579
571
479
567
487
471
327
47
52
-179
-195
-92
-187
130
485
985
983
629
-221
-402
-202
-104
373
150
491
163
-387
-530
-1121
-1281
-1518
-1284
-1013
-873
-1343
-2192
-2870
-2874
-2672
-2235
-1803
-1547
-1907
-2520
-2226
-2186
-1745
-1199
-746
-264
-82
-237
-404
-177
-74
7
590
995
1425
1153
560
557
276
283
535
751
989
740
43
37
155
-214
-120
297
291
467
222
131
175
80
248
593
1309
1761
1575
1371
1483
1347
1506
1701
2364
2408
2144
2168
1872
1707
1617
1562
1406
1754
1278
926
742
264
89
-125
-220
-147
-346
-784
-646
-1020
-1075
-1193
-1290
-1026
-991
-1149
-1128
-929
-1108
-1036
-820
-637
-454
-525
-315
-399
-309
-234
-273
-9
-12
13
-326
123
96
-177
-273
-333
-147
-256
-336
-139
375
1109
2313
1647
319
-356
-187
241
468
1207
1446
1039
320
80
-418
-1349
-1669
-1441
-695
-107
-402
-1467
-3018
-3286
-3277
-2703
-1571
-905
-1422
-2693
-2861
-2447
-2141
-1272
-436
171
385
87
160
-87
71
368
779
1692
2371
2215
1232
441
377
206
457
1113
1575
1059
-81
-569
-902
-760
-772
-622
-156
20
-202
-604
-485
-588
-406
-205
574
1664
1361
1400
1121
1068
1595
1563
2254
2715
2666
2285
1994
2090
2075
1708
1552
1745
1638
1243
694
266
137
-235
-534
-442
-521
-809
-1431
-1396
-1429
-1346
-1578
-1766
-1173
-1262
-1255
-1037
-685
-390
-406
-449
-186
148
268
238
500
794
828
483
517
772
500
454
502
754
648
377
195
32
-55
-277
-465
-156
80
1132
2819
2550
678
-974
-524
342
257
1505
2214
1630
891
179
-240
-1231
-1596
-1423
-766
190
121
-1241
-3387
-4122
-3762
-3454
-2212
-1065
-1354
-3233
-4086
-3331
-2823
-1897
-909
-41
143
-188
-454
-814
-645
-216
396
1174
2229
2303
812
-288
-473
-333
145
717
1524
1049
-437
-1145
-1575
-1153
-982
-712
-372
-219
-162
-785
-906
-709
-760
-586
415
1520
1754
1178
973
900
1178
1517
2374
3085
2874
2537
2220
2252
2210
1951
1681
1838
2062
1579
1154
778
290
19
-194
-57
180
-176
-772
-1077
-890
-857
-970
-953
-766
-753
-581
-395
0
142
-96
-116
-38
623
576
548
495
506
574
300
521
579
374
186
217
473
380
172
-291
-238
-184
-275
-199
-5
504
1816
2936
1868
381
-629
-144
302
606
1820
1913
1277
400
-218
-759
-1752
-2097
-1608
-1049
-440
-1097
-2645
-4406
-4886
-4304
-3718
-2271
-1795
-2777
-4230
-4463
-3640
-2772
-1581
-525
-9
-226
-553
-538
-627
-221
481
1005
1871
2460
1971
669
-15
-62
305
1010
1703
1893
852
-571
-954
-1095
-524
-85
-13
140
-65
-69
-454
-233
-267
-218
15
769
1501
1366
1276
1054
1170
1350
1717
2208
2684
2800
2280
2042
2120
2009
1819
1644
1601
1405
1142
897
496
144
-221
-439
-492
-299
-349
-689
-1088
-1203
-1202
-1181
-1181
-876
-723
-626
-318
-107
101
87
111
261
615
966
944
783
781
756
646
873
1058
1036
563
342
476
352
535
386
192
-126
-406
-470
-503
-635
-541
31
1433
2763
2192
339
-739
-392
414
1059
2232
2753
1760
674
-162
-629
-1116
-1120
-739
-437
-223
-795
-2310
-3745
-3946
-3610
-3249
-2158
-1681
-2527
-4103
-4535
-3749
-3082
-1818
-634
-272
-753
-1476
-1639
-1288
-273
563
932
1184
1205
670
-152
-408
192
613
772
976
963
331
-688
-1063
-809
-319
40
134
38
-191
-523
-899
-843
-446
-369
-233
109
567
694
415
405
603
985
1530
2034
2453
2457
2012
1708
2057
2810
3121
2828
2176
1684
1443
1132
1427
1425
1048
529
-133
-26
-168
-564
-923
-1023
-918
-1020
-994
-851
-803
-1087
-1006
-693
-367
-201
-391
-177
181
514
487
415
467
275
533
741
941
1088
998
662
482
425
604
533
321
402
194
20
-248
-539
-609
-677
-417
211
1457
2426
1422
-101
-1049
-347
601
1062
1903
1893
1189
101
-376
-221
-715
-767
-691
-582
-400
-925
-2079
-3383
-3375
-3198
-2875
-2044
-1863
-2591
-4130
-4511
-3552
-2658
-1460
-891
-842
-1378
-1953
-1728
-1136
97
567
491
404
269
415
64
122
685
720
863
1149
1016
572
-207
-512
-89
360
781
640
122
-353
-831
-1062
-470
34
56
-33
-248
-14
56
426
894
1213
1582
1360
1591
1845
1948
2183
2366
2884
3028
2978
2920
2637
2230
2013
1979
1928
1962
1848
1237
569
188
103
52
-5
-112
-444
-823
-1026
-933
-918
-971
-1170
-1195
-932
-858
-904
-1137
-1140
-969
-756
-461
-212
216
-11
-88
247
448
898
794
522
221
251
431
574
836
814
560
-105
-425
-531
-506
-703
-902
-338
901
1941
1492
104
-943
-934
-631
60
1209
1793
1299
416
-40
-213
-512
-677
-377
137
301
-169
-940
-1998
-2506
-2509
-2227
-1370
-1132
-1736
-2877
-3496
-3007
-2381
-1350
-685
-523
-1088
-1843
-1637
-1213
-204
305
21
-165
-366
-202
-210
140
714
660
442
455
495
446
81
11
-132
-1
93
-254
-400
-712
-740
-955
-591
-248
-553
-688
-891
-374
84
473
777
773
900
899
1225
1602
2094
2439
2499
2637
3044
3188
3042
2847
2830
2914
2848
2935
2744
2400
1659
1262
1135
974
892
309
-243
-763
-1049
-1172
-1105
-1103
-1463
-1792
-2062
-1825
-1735
-1516
-1408
-1249
-1089
-1133
-690
-536
-156
169
311
625
578
694
652
629
638
472
539
648
711
530
202
-136
-385
-727
-748
-683
-716
-1014
-1453
-1358
-605
725
1303
274
-1239
-1751
-1454
-984
171
1402
1450
677
-151
-362
-642
-635
7
385
656
486
-278
-1180
-1869
-1630
-1663
-1378
-921
-1290
-2094
-2873
-2664
-2390
-1947
-1221
-850
-1077
-1542
-1730
-1550
-932
-276
-79
-44
56
-12
-96
-81
646
930
887
831
562
516
234
304
626
673
680
203
-212
-320
-363
-390
-359
48
-111
-274
-287
-98
252
452
815
997
1273
1413
1488
1575
1801
2370
2761
3082
3290
3167
3034
2866
3112
3171
3068
2866
2354
2110
1622
1317
918
624
441
15
-139
-514
-858
-1275
-1702
-1812
-1902
-1910
-1937
-1850
-2029
-2059
-1970
-1721
-1265
-1341
-1057
-754
-395
1
128
236
115
221
241
570
1047
1229
1084
586
319
364
528
494
424
82
-438
-828
-1079
-928
-1003
-1100
-961
-284
517
37
-867
-1506
-1355
-1392
-928
466
1305
1231
360
-146
-411
-492
120
680
1041
802
190
-579
-986
-818
-1159
-1291
-1087
-1070
-1560
-2237
-2197
-2135
-2093
-1765
-1267
-951
-1104
-1250
-1139
-934
-534
-159
-148
-146
-76
-130
-101
569
1145
991
596
444
321
308
584
940
1008
714
150
-257
-368
-224
114
250
394
154
-254
-522
-355
184
579
965
1123
948
844
851
1180
1626
1887
2102
2079
2082
2155
2349
2370
2296
2210
1912
1714
1493
1326
1186
805
597
435
314
88
-363
-685
-976
-1176
-1219
-1032
-986
-1163
-1555
-1835
-1576
-1440
-1278
-1323
-1074
-853
-945
-851
-606
-183
24
65
274
446
484
453
525
763
893
841
791
858
991
854
420
340
288
84
-114
-170
-386
-761
-1158
-1159
-747
90
1244
1091
-30
-1086
-1016
-925
-519
861
1693
1505
712
284
-44
-529
-192
161
452
599
350
-605
-1582
-1601
-1680
-1850
-1590
-1092
-1585
-2653
-2943
-2845
-2684
-2226
-1649
-1581
-1982
-2343
-2647
-2441
-1594
-846
-791
-848
-623
-584
-681
-78
701
957
787
660
847
942
1062
1335
1510
1540
1106
516
487
846
1137
1163
1143
947
485
185
364
886
1158
1213
1134
959
952
966
1194
1633
1825
1780
1552
1818
2152
2137
1960
1666
1495
1085
1115
1331
1540
1319
754
379
145
324
311
278
180
-155
-699
-1201
-1115
-895
-811
-1002
-1169
-1410
-1605
-1682
-1538
-1162
-1101
-1124
-1117
-979
-750
-778
-702
-419
-150
18
136
289
424
322
394
486
671
768
581
486
369
369
256
324
319
238
-21
-390
-529
-472
-383
208
1183
1383
596
-419
-468
-410
-290
493
1415
1532
880
429
-13
-540
-515
-216
223
457
400
-297
-1152
-1349
-1535
-1763
-1631
-1268
-1468
-2208
-2408
-2338
-2588
-2506
-2005
-1723
-1864
-2127
-2049
-1826
-1384
-826
-531
-388
-210
-143
-103
306
754
890
636
756
1048
1090
1179
1288
1002
375
168
352
709
905
930
657
271
102
-6
187
567
856
860
779
814
844
770
779
1075
1499
1697
1442
1213
1102
979
980
1227
1521
1425
977
554
423
559
713
721
563
407
188
50
-40
-74
-177
-414
-375
-291
-260
-444
-630
-941
-1142
-955
-727
-658
-879
-1012
-1072
-1006
-772
-559
-416
-377
-581
-553
-191
264
565
655
885
1110
1241
1204
1135
1271
1344
1368
1499
1581
1692
1407
1028
884
870
873
708
543
138
-407
-998
-1278
-1242
-1257
-1208
-1156
-1121
-1470
-1589
-1603
-1650
-1488
-1056
-612
-391
-185
-34
-448
-660
-620
-345
-207
-109
220
6
-316
-584
-697
-738
-711
-781
-1109
-1196
-907
-1045
-1248
-1250
-1097
-1285
-1384
-946
-652
-467
-567
-543
-654
-669
-414
-122
280
378
169
-4
-74
180
326
443
604
587
470
348
360
354
483
570
675
702
706
593
390
329
456
535
587
762
908
800
471
270
326
443
628
801
817
786
495
462
589
981
1254
1144
1048
887
743
800
1117
1476
1311
775
342
107
77
122
297
366
152
-364
-652
-681
-586
-540
-644
-592
-601
-545
-497
-467
-272
-234
-170
172
662
873
794
715
801
787
854
1131
1373
1357
944
660
591
634
553
300
48
-255
-607
-854
-893
-869
-996
-1333
-1599
-1706
-1741
-1658
-1575
-1371
-1250
-1419
-1578
-1482
-1214
-883
-600
-453
-349
-287
-206
-223
3
374
526
527
517
801
953
1083
1138
1069
1003
819
702
741
672
465
159
-17
-52
-138
-347
-545
-813
-1115
-1385
-1387
-1192
-1061
-1150
-1303
-1329
-1517
-1553
-1470
-1183
-871
-814
-876
-991
-1069
-1113
-1046
-798
-420
-199
-337
-578
-683
-679
-636
-405
-120
15
-236
-476
-494
-353
-157
18
114
138
152
208
437
660
899
951
930
987
1183
1290
1268
1361
1394
1390
1452
1527
1590
1501
1457
1365
1272
1315
1345
1376
1318
1354
1319
1338
1322
1302
1279
1319
1430
1465
1463
1324
1160
1130
1191
1287
1314
1171
998
715
595
765
957
899
589
207
-156
-248
-138
90
74
-150
-615
-1010
-1171
-1217
-1171
-1268
-1313
-1415
-1586
-1698
-1574
-1482
-1473
-1490
-1508
-1448
-1321
-1265
-1295
-1176
-1141
-1153
-1054
-765
-567
-638
-641
-564
-480
-325
-169
113
354
339
241
133
216
315
253
301
337
144
-11
-62
-79
-242
-442
-414
-494
-592
-571
-593
-735
-934
-1059
-1088
-974
-794
-743
-808
-891
-998
-1211
-1204
-914
-624
-574
-577
-648
-755
-887
-854
-543
-386
-270
-384
-469
-427
-423
-268
-81
36
53
-67
-81
14
191
360
547
669
615
404
302
399
556
771
871
908
846
686
614
642
747
987
1019
1048
1073
977
901
856
963
1151
1343
1543
1657
1595
1472
1401
1511
1758
2014
2315
2360
2308
2236
2170
2299
2377
2452
2421
2240
2088
1909
1790
1707
1575
1264
860
490
266
104
-53
-260
-549
-804
-981
-1153
-1302
-1413
-1508
-1632
-1664
-1572
-1572
-1616
-1696
-1651
-1577
-1426
-1285
-1179
-1189
-1267
-1254
-1208
-1016
-886
-773
-726
-760
-788
-827
-819
-847
-702
-485
-530
-675
-841
-942
-1019
-975
-809
-804
-945
-1131
-1255
-1182
-1008
-861
-894
-1053
-1238
-1378
-1296
-1080
-898
-893
-1097
-1313
-1382
-1348
-1151
-883
-794
-874
-886
-880
-849
-806
-658
-418
-286
-218
-187
-130
-200
-242
-205
-16
212
294
422
486
501
408
294
451
646
636
703
841
973
852
660
656
628
616
575
629
741
639
515
399
339
337
272
348
407
450
381
297
380
603
776
903
1188
1410
1488
1486
1606
1846
2090
2225
2398
2455
2470
2541
2604
2732
2733
2593
2357
2171
2037
1925
1754
1694
1573
1298
905
671
595
482
269
15
-142
-322
-355
-283
-218
-278
-465
-723
-785
-679
-559
-528
-674
-841
-974
-1066
-1098
-1016
-986
-1093
-1187
-1213
-1208
-1250
-1369
-1557
-1708
-1674
-1505
-1374
-1291
-1371
-1586
-1764
-1705
-1445
-1258
-1033
-951
-1053
-1053
-933
-857
-803
-710
-679
-723
-736
-591
-572
-616
-588
-631
-756
-936
-934
-908
-856
-798
-793
-831
-988
-1056
-1127
-1111
-944
-809
-765
-690
-688
-784
-846
-804
-690
-556
-382
-204
-165
-119
-97
-128
-72
11
141
114
85
65
86
96
91
109
5
-34
-56
-97
8
19
-82
-227
-333
-241
-134
24
150
120
131
182
326
580
833
1103
1256
1397
1595
1719
1859
2046
2204
2420
2599
2714
2717
2558
2521
2631
2817
2938
2870
2617
2355
2137
2002
2067
2157
2137
1888
1667
1533
1408
1304
1216
1202
1183
1071
963
917
833
666
556
525
539
529
415
294
96
-123
-249
-337
-359
-441
-619
-771
-952
-1114
-1229
-1375
-1567
-1799
-1841
-1805
-1806
-1817
-1890
-2022
-2242
-2303
-2198
-2098
-1971
-1888
-1896
-1950
-1949
-1847
-1733
-1609
-1480
-1493
-1555
-1487
-1369
-1348
-1289
-1224
-1218
-1239
-1225
-1101
-1011
-959
-902
-868
-826
-844
-806
-715
-626
-558
-511
-441
-423
-387
-324
-222
-141
-109
-71
-40
-30
-2
39
63
139
171
126
81
9
-32
-73
-119
-95
-126
-244
-288
-329
-309
-293
-246
-227
-304
-333
-334
-277
-131
-18
47
48
27
66
200
502
794
930
972
1058
1260
1443
1624
1802
1884
1859
1869
1999
2234
2313
2266
2167
2106
2223
2274
2302
2292
2097
1804
1638
1750
1959
2029
1900
1724
1477
1219
1138
1227
1415
1475
1314
1036
827
660
604
677
816
874
714
524
370
299
261
195
224
206
83
-107
-270
-353
-581
-799
-942
-998
-990
-1054
-1148
-1223
-1459
-1728
-1850
-1766
-1605
-1565
-1594
-1651
-1745
-1862
-1829
-1631
-1396
-1346
-1465
-1616
-1656
-1604
-1526
-1396
-1337
-1337
-1427
-1518
-1456
-1339
-1267
-1218
-1187
-1111
-1025
-936
-817
-716
-564
-437
-366
-281
-197
-214
-258
-189
-8
128
158
181
131
123
147
213
305
294
266
201
141
141
133
110
38
-68
-138
-208
-257
-277
-339
-487
-666
-760
-699
-600
-566
-594
-611
-629
-580
-464
-398
-302
-275
-217
-24
166
371
505
613
754
849
953
1106
1244
1356
1439
1469
1544
1576
1577
1583
1576
1615
1544
1525
1552
1545
1505
1473
1443
1350
1183
1006
989
977
1011
1072
1071
978
816
746
758
915
1027
985
919
826
779
693
730
795
670
477
338
328
370
314
232
121
-112
-291
-404
-362
-286
-311
-489
-703
-878
-1013
-998
-902
-793
-844
-954
-1117
-1224
-1231
-1150
-990
-919
-880
-939
-945
-964
-995
-966
-921
-905
-939
-949
-951
-969
-988
-988
-1007
-1026
-1032
-1016
-990
-988
-1002
-1032
-1032
-1013
-933
-776
-725
-726
-735
-646
-508
-408
-249
-84
-67
-102
-99
-72
-45
-2
58
74
44
-3
2
49
96
122
89
-1
-111
-237
-293
-264
-210
-190
-182
-159
-107
-46
18
123
165
181
208
281
371
476
561
555
630
668
747
830
888
906
798
740
787
891
950
948
908
800
691
638
657
720
688
640
545
509
521
465
440
429
482
521
555
599
550
487
453
462
559
624
589
478
363
289
283
343
392
286
130
44
-42
-33
22
-4
-132
-216
-221
-238
-239
-191
-157
-153
-162
-121
-87
-15
63
129
162
161
197
178
146
223
321
372
347
220
63
-133
-151
-96
-1
39
-42
-205
-405
-590
-674
-660
-641
-610
-697
-828
-908
-1000
-974
-977
-938
-918
-949
-911
-876
-746
-660
-602
-562
-552
-510
-460
-387
-258
-179
-148
-125
-112
-61
-9
20
48
51
40
45
47
50
40
24
37
58
23
37
28
10
-7
21
114
197
276
364
401
460
502
526
504
550
608
623
628
616
645
602
520
447
418
462
460
446
400
298
173
54
34
136
138
74
-2
-28
-37
-80
-106
-138
-239
-334
-410
-399
-336
-320
-327
-387
-341
-312
-269
-219
-85
-16
-42
-62
-4
108
72
52
-8
-63
-84
-5
139
212
193
91
-43
-111
-114
-1
106
146
146
89
72
82
170
277
398
355
307
261
210
182
178
256
265
235
144
40
22
-22
-107
-132
-195
-226
-292
-330
-338
-440
-539
-637
-562
-498
-508
-532
-567
-630
-655
-558
-413
-293
-315
-348
-407
-326
-226
-165
-45
34
59
20
-37
-21
-8
-52
-20
94
218
206
155
108
100
122
152
232
260
252
160
116
128
191
306
346
495
583
530
518
515
569
615
660
743
728
675
642
563
665
742
730
625
485
338
182
102
148
115
105
13
-61
-141
-221
-412
-514
-654
-749
-881
-926
-921
-1012
-1067
-1106
-1098
-1026
-1051
-1041
-1037
-969
-902
-762
-589
-488
-470
-444
-410
-325
-203
-112
-45
-45
-12
23
153
249
267
264
241
233
216
215
289
376
419
465
502
437
411
407
517
588
601
625
500
452
413
437
509
484
422
328
187
65
13
12
-39
-124
-204
-289
-372
-389
-433
-476
-510
-593
-633
-678
-653
-676
-625
-551
-479
-399
-384
-354
-316
-352
-338
-247
-182
-102
-123
-47
27
41
129
133
214
208
242
294
390
448
471
493
533
484
476
493
395
381
429
416
514
569
677
744
792
911
925
939
905
967
1092
1223
1287
1235
1162
1019
889
910
925
855
753
661
526
513
413
264
201
-13
-126
-202
-298
-428
-516
-657
-770
-883
-972
-1145
-1197
-1205
-1254
-1149
-1154
-1070
-1077
-1128
-1102
-1099
-1023
-843
-750
-675
-696
-649
-691
-696
-592
-473
-399
-419
-463
-407
-295
-221
-111
-209
-191
-298
-228
-142
-11
92
112
220
219
295
272
323
356
442
518
551
606
626
480
353
283
165
182
181
164
209
157
67
-63
-141
-251
-387
-247
-236
-208
-164
-274
-290
-417
-405
-356
-253
-158
-131
-207
-164
-201
-161
-157
-253
-223
-296
-264
-104
-84
-58
24
-60
11
-53
-82
-27
-52
-25
56
52
339
376
443
564
336
489
341
452
691
721
965
974
1068
1174
1034
1130
921
967
1014
1071
1211
1105
1266
1079
1228
1021
869
815
573
498
280
311
402
364
525
380
226
99
-285
-278
-591
-571
-502
-710
-657
-691
-691
-759
-763
-770
-868
-889
-982
-910
-920
-733
-498
-500
-301
-428
-390
-404
-527
-438
-424
-332
-279
-67
-115
-208
-77
-181
-12
-133
-143
-197
-149
-244
-351
12
83
107
219
100
54
-8
-176
123
-133
77
174
-157
148
-256
-294
-71
-429
-212
-418
-455
-211
-723
-327
-381
-288
-207
-524
-240
-769
-524
-180
-372
-184
-42
-26
-151
-15
-140
-192
-309
-300
-43
-178
50
-249
-410
-335
-476
-210
-409
-150
-524
-425
-446
-271
-159
-558
85
-219
13
207
-49
447
-58
468
379
152
798
307
783
893
370
1222
504
902
964
655
973
716
1044
684
645
1068
218
597
674
476
794
376
549
212
-219
357
152
267
410
335
8
-163
145
-232
-261
30
-287
-207
-148
-193
-166
-131
-430
-109
-281
-179
-46
-224
285
-282
161
259
23
428
-482
418
-162
-264
774
102
784
393
712
443
-217
985
-50
382
639
188
523
166
590
144
244
164
-78
53
-271
23
-139
172
86
-124
-64
-702
-368
-668
-400
-463
-472
-295
-578
-813
-797
-742
-919
-948
-280
-1133
-593
-749
-617
-958
-917
-642
-878
-623
-512
-704
-864
-588
-740
-606
-616
-1015
-815
-855
-936
-662
-891
-645
-1172
-206
-968
-1147
-96
-1218
-711
-239
-610
188
-539
433
3
-639
617
-628
542
606
447
1277
171
861
899
181
1197
667
1072
1222
806
1211
986
311
1058
786
829
1258
345
996
249
53
829
-214
626
428
44
925
-507
454
-156
-274
264
-55
421
-52
456
115
-648
550
-521
-95
453
90
337
590
601
240
475
638
294
492
721
327
994
952
1075
668
1091
400
648
490
1003
599
886
840
849
756
813
635
182
661
-45
961
356
418
533
252
89
507
-111
372
-78
22
520
-39
-199
257
-651
-108
-174
-353
-371
-1174
-22
-1145
-526
-310
-1381
-218
-1192
-1122
-651
-1502
-1114
-765
-1044
-623
-1054
-1376
-822
-1507
-989
-810
-809
-790
-1091
-293
-1310
-1222
-699
-1444
-788
-1205
-212
-828
-901
-498
-1124
-944
-1122
-483
-706
-258
-96
-700
-99
-586
-655
-63
-449
-4
-80
708
111
260
623
128
145
243
360
730
513
596
948
-23
876
-95
678
12
-22
700
-636
816
130
-211
372
-584
-91
-104
-406
124
-171
-62
95
-46
-111
-128
-9
337
-447
767
298
194
1418
-414
1356
343
546
951
672
1128
851
1347
1218
760
1229
893
920
1114
928
1206
1446
548
1314
1315
588
1659
466
1314
875
711
1698
102
947
668
439
1510
320
1083
689
334
745
147
550
487
405
634
305
-101
114
-232
-45
-201
-275
138
-563
-263
-682
-787
-394
-1112
-212
-1391
-337
-1079
-690
-642
-1250
-814
-1023
-740
-894
-871
-675
-1443
-215
-1542
-638
-1110
-1204
-491
-1498
-58
-1581
-704
-855
-1861
-284
-1915
-533
-667
-1423
-99
-1409
-375
-861
-1155
-182
-1327
-479
-482
-863
-126
-748
-295
-399
-634
-45
-398
-470
19
-301
-228
291
-388
295
-542
164
-150
-328
520
-380
0
-117
-171
-264
-262
-50
-486
183
130
-483
410
-424
-119
-69
-134
488
-342
808
244
181
646
67
754
26
1144
970
457
1417
692
1086
1032
897
1161
1292
1244
1036
1863
483
1479
1092
965
1666
1071
1358
1128
796
1132
564
1224
735
903
989
990
783
777
475
530
733
258
1319
397
829
393
333
464
-52
595
474
-111
573
-153
97
-274
-267
159
-544
81
-394
-306
-201
-591
-971
-180
-836
-302
-557
-55
-929
-762
-411
-1162
-627
-479
-543
-406
-385
-990
-428
-1022
-995
-719
-628
-755
-295
-750
-486
-1025
-813
-647
-1384
-307
-667
-1008
-146
-1013
-538
-801
-907
-536
-1572
-73
-839
-1058
63
-1437
152
-1117
-389
-382
-1310
-238
-1118
-584
-321
-520
-439
-322
-266
-410
-868
-258
-694
-686
-96
38
-335
3
-447
-169
-307
-490
207
-272
-17
516
-93
455
-34
401
89
140
856
-139
1075
376
884
697
959
811
732
998
903
747
1432
902
1428
758
1325
1000
754
1543
852
1141
1160
1039
477
1199
435
923
489
781
669
580
705
366
409
593
-150
815
536
355
590
288
1040
-510
654
446
-111
800
-163
796
-146
126
655
-651
680
-120
-369
423
-795
155
-80
-298
208
-458
200
-338
-494
102
-599
-296
139
-541
118
-368
-312
-171
-684
321
-642
66
-393
-298
-275
-735
86
-537
-466
-323
-407
-330
-753
92
-1009
-332
-395
-896
-47
-1154
-140
-705
-808
-325
-776
-629
-264
-883
-441
-632
-495
-693
-261
-600
-338
-651
-628
-596
-448
-441
-350
-606
-376
-524
-185
-840
-332
-274
-918
105
-361
-291
-140
-692
-33
-457
124
-456
253
170
-310
700
-385
410
296
-161
897
247
673
556
333
1038
24
611
876
612
772
555
862
524
668
598
302
673
490
861
217
879
317
425
487
73
536
697
-76
981
14
337
547
-83
390
342
172
676
79
636
131
48
327
34
170
339
166
312
291
-161
543
-447
289
282
-514
864
-78
-212
300
-369
845
-686
289
435
-646
447
256
-668
585
-534
335
-160
-51
501
-959
735
-386
-239
227
-227
-175
54
-577
396
-944
127
-256
-858
574
-897
-461
591
-1327
243
-679
-604
-287
-816
224
-1231
190
-494
-795
-290
-601
-584
-450
-482
-130
-462
-712
-152
-591
-703
-225
-506
-172
-481
-343
-130
-985
110
-832
-169
-491
-92
-271
-260
42
-420
-165
-110
-199
133
-150
147
21
134
148
-172
672
-141
269
132
365
496
-310
899
-275
390
239
479
86
179
477
253
67
676
230
-225
777
-66
189
558
200
-30
808
-190
526
100
300
242
79
517
308
113
340
324
150
169
5
514
-169
382
47
250
260
-4
84
344
-280
635
18
73
230
1
44
529
-171
517
-139
532
-69
54
381
-393
753
-451
365
62
-182
546
-206
209
222
-150
121
68
281
12
-95
459
-428
217
-110
40
-21
-186
383
-521
282
-310
-119
-137
-504
270
-825
-28
67
-498
44
-539
-82
-540
-146
122
-816
150
-580
35
-272
-576
-82
-278
-554
-81
-315
-261
-358
-493
29
-478
-387
76
-384
-461
-68
-392
-138
-60
-10
-72
-204
205
-92
-286
21
77
-99
177
56
348
-244
261
103
-331
528
-172
21
487
-629
759
-316
-50
220
-571
628
-436
390
-91
-75
-34
299
-215
124
233
-25
205
98
62
408
-124
202
209
124
389
-144
277
185
106
64
370
23
-87
387
67
-180
355
11
159
-349
652
-80
-244
637
-132
183
-49
338
329
-581
790
-166
-331
562
133
-42
379
159
249
-5
224
529
-630
724
83
-220
867
-500
754
-339
350
720
-1286
1229
-246
-404
595
-207
403
-679
216
403
-775
335
97
-571
208
23
-410
52
-147
34
-438
50
253
-659
556
-329
-161
-206
-216
-205
-388
243
-325
-207
-80
-342
-210
-66
-378
-3
-396
60
-92
-326
-150
142
-718
51
28
-179
-65
-92
213
-484
218
99
-181
-45
400
-446
292
151
-225
76
-66
167
-485
265
-23
-207
30
-248
-64
-478
325
-297
-575
492
-492
-112
-86
2
-110
31
-68
-121
53
-166
369
-278
173
86
-131
332
-421
672
-264
-6
577
-532
432
87
-230
352
-209
454
-117
57
151
-261
404
-284
372
-9
-73
-35
594
-546
342
179
-284
317
-223
217
101
-112
658
-166
0
364
-133
56
143
270
221
70
258
535
-682
958
-212
-213
600
-194
308
-95
113
279
-461
353
22
-278
473
25
-207
152
106
-252
391
-379
373
-119
61
-87
122
103
-147
302
-230
288
-194
-28
-1
-127
-35
53
118
-204
54
67
-200
-374
530
-645
147
66
-460
277
-411
-35
294
-801
611
-302
-226
371
-470
25
63
-364
198
-107
-150
129
-487
708
-919
482
-41
-890
777
-488
-281
228
-433
273
-835
347
-185
-390
40
-138
-181
-40
-18
-176
-176
130
-370
30
-30
-333
248
-256
-77
-163
228
-96
-132
66
116
-380
321
-61
-49
-18
-194
335
-244
-41
583
-648
671
-148
-273
842
-667
505
25
59
286
-145
585
-426
317
237
60
163
147
-219
373
34
208
131
93
15
355
-260
284
102
-65
598
-312
263
235
-427
505
-9
-156
302
102
22
188
65
-465
698
-353
264
9
123
-9
-205
309
-254
111
20
-43
-19
125
-333
283
-348
223
-178
96
-200
-37
131
-504
375
-308
0
159
-400
703
-438
-136
488
-739
688
-657
564
-152
-441
585
-665
435
-173
-268
224
-124
-129
31
75
-425
350
-520
298
-223
112
-24
-351
171
-272
48
-295
77
-159
-234
120
-207
18
-4
-440
349
-368
249
-134
4
-54
34
32
-140
161
-91
-59
112
-368
341
75
-298
197
-76
27
-174
269
-207
231
-13
144
-73
-100
482
-401
178
97
75
-134
280
15
15
164
122
58
-91
163
9
11
5
127
84
100
-116
407
-245
117
141
-246
534
-255
381
-9
-178
491
-356
138
312
-28
-43
17
203
-195
240
100
-133
9
54
205
-438
623
-662
411
142
-561
559
-311
-191
270
-457
127
32
-192
345
-260
222
-351
-95
-87
-149
-188
274
-138
76
-55
-80
-84
-203
-56
-155
-38
72
215
-379
423
-634
98
49
-409
531
-395
217
66
-414
284
-396
-148
468
-450
468
-296
212
-224
-475
603
-492
23
421
-323
235
-125
114
-33
-316
176
-170
18
106
-81
-66
97
-292
127
-4
-348
489
-301
166
102
-271
147
20
-59
113
43
138
-196
269
152
-275
434
-10
56
189
53
-48
-48
385
-331
349
56
-265
426
-436
374
-114
97
-107
77
-14
-279
520
-479
388
-32
75
32
94
267
-192
317
29
-207
245
-86
206
-168
46
403
-377
317
-234
96
-220
30
94
-383
2
278
-535
197
-217
-177
123
-168
51
-109
92
63
-339
196
-231
-247
414
-331
192
29
40
107
-280
248
-243
0
159
-35
125
-165
391
-415
-25
267
-490
500
-394
312
-125
-141
-76
-109
3
51
136
0
-111
14
-212
-24
-5
-265
167
187
-173
89
-59
-200
124
-393
244
-31
-165
112
158
-223
-229
162
-186
85
15
-20
139
-105
72
73
1
-6
-194
293
108
-38
293
-351
93
108
-208
236
300
-332
218
90
-50
57
-309
406
-107
56
227
-14
291
-167
50
241
-476
346
-1
-243
464
-289
75
261
-380
365
-245
202
22
95
-10
-35
128
-55
127
168
-9
90
272
-11
-17
-19
-45
36
155
-110
48
-98
270
-377
152
-130
-207
78
-35
-130
21
90
-215
-34
190
-249
26
-12
-121
-4
18
-61
60
-136
-28
81
-252
198
-241
-92
208
-308
19
10
-92
-68
-48
92
-218
77
-151
64
14
-255
260
-169
43
259
-182
6
13
-121
186
-278
150
138
-305
357
-293
136
-195
-263
321
-162
-154
360
-307
-78
73
-287
137
-83
93
-162
6
153
-218
222
69
-168
274
-304
426
-411
339
175
-305
353
64
-253
296
-277
19
0
-73
356
-314
353
-11
-249
139
51
111
-5
96
152
-21
62
152
42
72
-89
420
-130
-165
47
41
-247
178
173
-74
4
55
-339
178
-94
7
109
261
-65
-178
284
-421
142
85
-226
401
-296
361
-193
-387
325
-403
111
325
50
153
-29
-65
-106
-5
-154
240
35
13
119
-349
494
-362
-22
81
-216
187
-117
-52
121
-184
178
-242
-130
148
-180
128
44
71
-118
-111
-21
-251
36
-73
28
-48
192
-44
-62
295
-367
24
154
-125
171
39
-1
21
7
49
-154
35
84
-91
-58
348
-286
-43
39
-200
-14
-39
30
-299
368
-231
-131
376
-502
95
-112
206
150
-408
774
-630
242
63
-282
205
-265
130
215
-223
24
-40
-79
-220
81
-65
100
66
196
-82
-102
434
-445
212
191
-287
509
58
-137
360
-18
-182
311
10
-120
199
49
158
-446
255
-156
-254
370
-113
-92
-20
-35
197
-313
188
-230
-157
193
-74
43
194
-139
72
234
49
19
-273
169
-144
179
187
-33
-159
-25
43
-111
118
-128
-22
165
-164
209
-256
-74
-47
-252
142
5
19
102
-251
165
-91
-335
358
-231
105
107
2
181
-113
-153
82
-99
117
16
52
203
-368
288
-75
-86
187
49
3
-75
-4
-173
-331
153
-7
-20
241
229
-333
1
-1
-502
150
-73
211
43
10
165
-97
-139
50
-193
69
76
115
72
8
-187
34
117
-315
329
-103
-13
-60
62
-299
-233
178
-175
204
238
-223
99
-192
22
46
-98
228
2
220
174
57
-40
0
-160
283
-97
88
127
-210
147
-13
7
21
123
-176
-101
56
-209
188
-51
24
-152
26
26
-267
335
-140
146
20
-88
9
-116
58
-22
290
184
-18
207
-224
-207
28
-150
164
75
329
91
192
-102
-108
-132
-305
176
-107
103
356
-154
-106
100
-200
-251
-17
-41
-135
47
73
122
-122
-65
-40
20
160
31
152
-102
-174
75
39
85
290
-102
88
-87
160
-214
-91
15
113
180
152
73
-289
-62
-173
-214
50
-70
-87
329
-159
34
-113
-393
24
-117
178
139
-253
203
-213
-323
303
-392
308
140
166
412
-214
-180
-47
-271
64
-101
242
2
-5
170
-142
-12
-245
-91
22
115
112
-7
-231
-4
-231
-170
261
123
50
418
-120
127
-72
-22
-72
-122
289
-48
146
48
-90
-121
-136
156
-86
129
-9
124
-44
112
45
-226
73
-113
19
93
179
-77
-39
170
-57
-99
154
-21
-172
249
89
24
180
-96
-96
-124
-159
225
138
-29
249
-190
-44
-127
-27
131
-93
349
51
92
17
-346
-89
-103
11
474
50
231
-190
-154
-134
-204
190
176
-39
194
1
-391
-124
-253
-36
-9
313
-13
-64
-64
-120
-182
33
21
88
106
-20
103
-113
-180
-129
40
-29
165
-9
28
49
-35
4
-9
63
-179
69
31
-103
153
-208
31
93
-211
78
-144
30
-23
23
112
-43
142
-46
5
-129
-106
-10
-41
173
50
76
2
-45
-96
-61
-56
-39
-60
23
209
37
-87
135
-187
48
46
-69
-12
-53
-47
-98
40
29
-20
227
17
-84
47
-317
-102
31
-79
149
285
-21
185
-17
-256
25
-108
222
90
142
209
-10
-48
-53
-163
11
183
32
259
-50
-3
-106
-225
-93
44
62
108
145
-20
-6
-45
-179
-165
193
49
-3
375
82
-203
173
-215
-39
94
-71
288
94
114
132
-121
15
-60
-205
-11
-167
80
-23
12
97
-54
36
-157
-63
-35
35
-43
50
-27
-86
17
-77
20
99
-9
57
25
-39
-8
55
-102
-64
7
-145
27
-26
14
-12
27
-60
-95
59
1
-37
83
-66
-71
-29
-17
-72
14
-24
-95
64
-88
105
-53
-41
-56
-51
37
89
-35
-38
39
-8
202
67
-47
-84
-169
-39
35
88
109
23
14
33
-48
-168
-78
-83
31
257
122
85
-62
-125
-77
-65
55
151
111
144
64
-65
34
-282
1
49
52
196
74
82
-177
-135
-158
-107
25
-22
56
-23
24
-23
-138
-11
-28
87
17
161
135
38
19
38
6
-4
173
-113
156
104
-203
35
-135
-87
17
98
25
107
-3
-122
-120
-60
-33
-47
105
39
14
18
22
-99
-18
-22
94
112
-13
79
-96
-34
78
-35
18
25
178
13
20
119
-82
-136
33
39
31
106
57
2
-94
-59
-156
-54
-20
23
21
110
54
-112
-17
-188
-156
80
25
181
102
-65
-97
-144
-150
29
53
46
135
130
-50
-174
-108
-260
-63
118
26
123
76
-78
-59
-118
-35
85
60
166
183
13
85
-74
-93
-70
-113
142
-36
215
-38
-54
-65
-158
14
-50
37
17
-14
-56
-17
-76
-32
-34
5
25
52
93
47
-49
1
-49
4
-19
9
76
-44
74
20
-21
-2
-40
-44
13
33
-21
17
-6
-14
72
-91
-2
18
-12
118
8
96
6
48
26
-3
73
77
27
78
1
-31
-30
-49
10
7
57
49
23
-128
-66
-121
-59
-25
33
110
43
31
-20
-129
-96
-40
2
66
73
45
24
-22
-65
-2
-16
24
58
50
75
32
-27
32
-15
-102
9
-99
-62
42
-61
21
16
-63
33
-38
-14
-20
-119
-30
-44
22
90
19
89
-7
-60
-38
27
-25
30
114
-45
43
21
-1
63
-4
-8
4
49
7
81
-35
-33
-21
-85
47
-38
4
0
-9
-5
-24
-21
-104
28
-35
9
-2
24
-14
-60
38
-34
8
70
11
23
24
-11
1
-13
67
-31
48
-28
-60
21
-30
7
2
3
1
0
-41
-53
-27
-13
-6
10
77
71
20
19
-28
-71
-26
-11
56
0
46
30
-58
27
-32
-35
28
7
17
63
-14
-15
3
-59
-2
-25
-14
16
45
15
26
-7
9
-15
3
30
-4
79
30
-15
-14
-10
-35
10
33
59
39
19
-19
-44
28
-65
20
-27
34
26
0
18
-34
-11
-54
2
-1
-18
54
24
-27
31
-90
-11
-57
-22
28
14
53
-22
-34
-70
-16
-41
19
21
59
60
10
15
-13
15
-27
50
46
53
74
-52
-3
-57
-34
32
30
33
-12
-31
-31
-43
-41
-15
-26
25
-44
36
-20
-40
2
-69
6
-33
32
-5
-12
-12
12
13
-5
23
-34
36
-20
23
14
-22
-4
-2
29
4
11
-27
-22
-13
-22
15
-8
-43
13
-36
11
19
-40
40
-1
-27
56
-5
4
21
-18
22
14
27
9
-46
28
4
10
74
-45
55
5
3
31
-59
39
14
-3
36
-3
-44
64
-50
50
41
-83
66
-6
-17
55
-42
-12
4
-29
45
-8
-14
-16
-27
-7
-22
11
12
-39
21
31
11
2
12
14
-38
63
-31
-9
51
-33
-5
-19
19
-8
23
-35
36
-15
-55
28
-80
20
-12
-54
78
14
-3
54
-63
18
-66
1
18
-4
20
10
-39
-14
11
-44
51
-8
29
19
-31
-12
12
-32
25
-14
5
24
22
12
8
-16
-43
-7
-6
9
0
26
-19
5
4
-31
-12
14
2
13
-1
-27
24
-53
17
32
-15
47
-9
0
-1
-17
21
19
21
2
6
9
-5
2
-12
-15
-28
-13
-1
41
-21
26
-12
-13
-12
-8
-33
6
0
22
17
-3
32
-34
-7
-30
29
1
7
46
-22
14
5
-25
-1
14
-4
14
1
-26
30
-21
-38
4
-51
34
-20
57
-2
-31
32
-68
28
16
7
25
15
-38
-13
-8
-4
20
9
26
10
8
-6
-16
-27
20
24
-16
39
-12
-2
-44
11
-12
-12
21
-12
9
9
-40
-29
-19
-30
15
-23
17
-13
1
25
-25
11
-18
-5
39
20
-3
4
19
20
4
37
-46
13
-20
-13
30
-6
36
-20
14
-22
-16
-21
27
-39
40
6
-13
-4
-22
0
-29
53
-39
66
-11
-4
29
-35
12
-30
-5
18
32
25
-7
33
-30
-18
-14
6
31
16
39
-6
-1
-5
-24
-2
35
-9
27
54
4
11
-10
-53
2
-28
33
20
-19
40
-56
-17
-15
-26
-15
22
-12
14
-24
-23
-1
-47
44
-15
8
-4
-27
24
-28
11
19
-13
22
13
-24
10
-10
-12
26
-34
-5
19
-1
-10
18
3
-1
-3
5
1
-27
-18
11
12
6
10
-2
-10
15
-21
2
10
-18
-13
24
-2
-1
14
-23
24
-18
4
3
-8
-6
11
-29
43
-31
2
19
-61
44
-17
20
-1
17
12
-10
14
8
4
-18
-2
13
-7
0
-3
4
-14
19
9
-19
7
-26
-12
4
-4
2
4
-15
15
7
-1
39
-34
18
-19
5
3
0
30
2
9
-3
-2
-3
16
0
5
5
5
-2
6
-15
21
-16
13
15
-2
23
-27
8
-2
-20
22
-23
15
13
-12
3
-13
-22
8
7
-15
24
-13
-5
-15
-26
4
-1
7
18
-11
-9
-4
-25
19
-6
8
8
2
13
4
-5
-13
8
-4
10
7
23
8
-12
16
-14
-3
-18
-6
19
0
2
-15
-18
-16
-2
-14
-14
15
17
-9
20
-22
-11
1
-7
11
6
-1
7
-4
12
12
-14
7
-12
2
14
13
-10
4
-5
2
-1
-28
20
-23
13
1
7
-18
7
-29
-6
23
-11
32
-19
24
-27
7
4
10
24
-10
28
1
-4
12
-6
18
-9
3
-1
0
7
-15
10
-18
9
-28
19
-11
-9
2
-17
12
-21
17
-17
0
-8
-5
8
18
7
-8
8
1
-9
7
8
15
5
-4
-5
2
3
-4
-9
5
2
13
33
-18
5
-24
-3
10
5
18
4
2
1
-10
1
-4
-18
15
-14
-4
-18
6
-7
-13
15
-15
2
-3
-4
15
-10
1
-1
-6
-4
9
-1
26
-1
-9
-3
4
8
-16
15
-10
-21
11
-22
4
1
-22
25
-19
5
11
-12
12
-5
-10
15
-3
8
-5
6
14
1
-4
-5
-9
2
10
0
-3
5
1
-16
17
-16
6
-9
10
-13
16
-11
-4
19
-24
23
-17
17
-6
6
10
-1
5
7
-5
-20
14
-15
-5
8
-2
3
-11
-4
-1
0
13
-5
9
-3
4
14
6
4
4
10
5
11
2
4
-3
-10
5
1
4
6
2
-1
-10
-2
-14
-2
1
-5
-3
0
-7
0
-9
14
-12
-13
10
-14
17
-1
6
3
0
-5
9
-2
1
12
-5
15
0
2
-16
3
-8
4
-7
4
-6
-3
1
-20
-2
-13
-1
4
3
2
-1
-10
-4
-17
-3
10
12
7
11
-2
4
-2
4
-9
1
9
-3
24
4
-8
-8
5
-6
1
10
-3
5
-8
14
-8
-11
1
-14
8
7
4
6
-16
-3
-10
-6
16
-7
12
-1
-13
4
-10
11
-7
-3
0
2
10
-7
6
-4
-1
11
-19
5
-9
-2
2
0
9
-8
8
-11
9
-2
3
4
-7
4
-3
-8
3
-2
0
10
1
-8
0
-8
-4
12
1
7
-8
12
-11
1
17
-13
7
1
4
9
2
-8
5
-6
-7
15
5
15
-5
-2
0
-12
4
0
9
2
8
2
-3
-10
-5
-2
-4
7
2
-7
-6
-11
2
-7
9
6
0
18
-12
-1
0
-13
13
-2
7
16
-18
4
4
-12
8
3
-8
6
-10
4
-2
0
-3
-2
-4
2
-4
-3
7
-12
5
-3
-1
2
0
5
-3
3
-9
-6
-7
5
-3
2
6
1
2
-14
7
-4
2
0
5
2
-7
1
0
1
6
8
6
10
-7
-2
-3
1
3
-2
1
3
1
-3
1
-3
-6
-5
-3
5
-3
1
1
-9
10
-5
0
5
-9
8
2
8
-3
-8
-5
-5
5
13
6
0
-1
-9
-4
-7
1
1
12
-1
-2
3
-1
-13
1
-3
-5
3
1
16
-4
2
-2
-11
2
-2
-5
14
-7
7
9
-6
0
-4
2
3
-2
4
0
5
4
-1
5
-3
1
-4
5
0
1
3
-3
-1
3
-5
5
-3
-8
4
1
9
4
9
3
0
-1
2
-2
2
-1
-2
-2
2
-12
-7
-1
-3
3
-5
7
-12
-11
-10
-5
-3
4
-5
1
-4
-6
3
0
-1
1
3
2
8
8
-1
5
2
4
0
6
10
1
0
-6
1
-9
10
-2
0
4
-16
7
-15
4
0
0
10
-12
1
-9
-7
-2
1
6
2
5
-8
7
-9
0
0
1
7
-11
7
2
-2
-5
-2
2
7
6
3
2
8
-1
0
5
-2
-1
5
15
-1
-5
4
-10
-3
-10
0
3
-2
9
-2
-10
-10
-8
0
6
1
-4
2
-7
5
-5
0
1
5
9
4
4
-2
-1
-2
5
5
1
4
3
-3
0
2
9
2
10
-6
-10
9
-10
-1
3
-2
1
5
-2
2
2
-3
-1
