11
9
10
10
11
11
11
10
9
9
8
7
7
7
6
6
6
6
6
7
7
7
6
6
7
6
6
5
3
4
3
3
2
1
-1
-3
-5
-5
-7
-8
-9
-11
-10
-11
-10
-13
-12
-13
-14
-14
-13
-12
-11
-12
-12
-11
-11
-12
-11
-10
-9
-9
-7
-7
-7
-7
-8
-7
-6
-6
-6
-6
-4
-4
-4
-4
-2
0
1
4
4
4
5
6
8
8
8
10
8
9
8
9
8
8
8
8
9
7
9
7
8
9
9
10
10
11
11
13
14
13
14
13
14
13
13
15
14
14
12
10
8
6
5
2
1
1
-2
-3
-5
-6
-6
-7
-8
-10
-9
-11
-12
-12
-13
-12
-12
-11
-10
-9
-8
-9
-9
-9
-7
-8
-7
-7
-7
-6
-6
-6
-6
-5
-5
-6
-3
-4
-3
-4
-4
-3
-4
-2
-2
-2
0
0
2
3
3
3
1
2
0
1
-1
-2
-1
-3
-2
-3
-2
0
-2
-2
-2
-1
-1
-1
0
0
0
1
2
2
3
4
5
6
6
7
6
6
6
4
2
3
3
3
3
2
1
1
1
1
1
2
1
0
0
0
0
1
-1
0
-1
-2
-2
-3
-4
-3
-3
-2
-3
-2
-1
-2
-2
-1
-1
0
1
0
2
4
5
6
6
7
7
6
6
7
6
5
4
4
6
6
6
6
5
4
3
5
3
3
4
4
3
3
2
1
0
0
-1
1
-1
-2
-4
-5
-6
-7
-5
-5
-5
-5
-6
-8
-9
-10
-10
-10
-11
-11
-12
-11
-13
-13
-11
-13
-13
-10
-9
-7
-6
-5
-5
-4
-2
-3
-1
0
-1
0
-1
0
0
1
2
2
3
2
3
4
4
5
5
6
6
4
5
3
4
4
5
5
6
6
6
9
9
10
9
9
7
7
8
6
6
5
6
6
5
6
3
4
4
4
5
3
5
4
4
6
4
6
4
4
5
4
4
2
3
2
1
3
1
1
1
1
1
0
0
-2
-2
-4
-5
-6
-8
-8
-11
-9
-10
-8
-7
-7
-6
-7
-4
-6
-3
-2
-2
-1
-2
-3
-2
-2
-1
-2
0
-1
1
3
2
2
3
4
2
1
2
-1
-2
-4
-5
-4
-5
-5
-7
-9
-11
-12
-12
-12
-11
-10
-9
-9
-10
-12
-13
-13
-12
-12
-12
-13
-14
-13
-12
-10
-8
-7
-5
-5
-3
-2
1
2
6
7
9
12
14
16
16
18
17
17
18
17
19
17
16
15
13
16
13
15
13
12
12
12
15
15
18
18
16
17
13
12
8
6
4
2
3
2
4
4
3
2
-1
-4
-7
-12
-15
-20
-23
-24
-27
-26
-25
-24
-23
-20
-19
-20
-18
-16
-15
-12
-9
-5
-5
-1
0
2
3
3
6
5
8
6
3
3
0
-1
-5
-6
-8
-8
-7
-8
-4
-5
-4
-4
-7
-7
-8
-4
-3
-2
4
7
11
15
18
20
21
21
21
19
19
16
14
17
18
20
22
23
23
20
20
18
15
10
7
5
4
4
8
11
13
16
19
20
22
22
21
19
18
15
14
11
7
4
0
-2
-5
-7
-9
-14
-19
-25
-27
-31
-32
-35
-37
-39
-44
-45
-47
-49
-50
-49
-48
-47
-46
-45
-45
-43
-42
-39
-35
-30
-26
-24
-21
-22
-20
-20
-19
-19
-17
-15
-14
-13
-11
-8
-4
2
4
8
9
9
14
16
21
25
31
34
36
37
36
40
41
44
47
50
56
57
64
70
78
82
83
85
82
81
76
72
65
58
53
45
41
38
36
33
31
27
21
17
11
6
-1
-8
-13
-21
-25
-31
-34
-39
-43
-46
-52
-57
-66
-75
-84
-93
-100
-109
-114
-120
-124
-126
-127
-126
-122
-117
-112
-113
-113
-118
-120
-121
-121
-115
-112
-102
-92
-80
-63
-46
-26
-6
15
36
53
71
84
98
109
117
125
133
141
146
153
159
170
178
187
195
203
211
215
220
219
218
214
206
198
187
177
167
158
147
140
133
123
114
102
88
71
55
35
12
-10
-35
-61
-84
-108
-131
-154
-174
-195
-211
-228
-244
-262
-279
-297
-313
-327
-340
-350
-356
-358
-357
-354
-349
-344
-339
-334
-328
-319
-310
-297
-283
-266
-246
-221
-189
-152
-110
-66
-20
26
71
113
151
186
217
241
264
283
301
320
341
362
384
408
431
454
473
487
495
494
488
476
456
437
415
394
372
353
338
324
312
299
285
267
246
218
187
155
120
83
43
1
-42
-84
-125
-164
-199
-232
-264
-296
-328
-360
-392
-423
-453
-481
-509
-532
-552
-569
-579
-586
-587
-584
-576
-564
-549
-533
-515
-496
-475
-451
-424
-392
-357
-317
-275
-226
-178
-127
-74
-21
32
84
135
183
226
263
297
328
356
384
412
441
467
493
516
540
563
584
597
602
600
586
567
542
515
487
460
434
411
393
377
360
345
330
311
288
262
231
194
154
110
64
19
-24
-65
-105
-146
-182
-220
-257
-292
-328
-364
-399
-435
-469
-502
-532
-557
-576
-589
-597
-599
-600
-593
-586
-575
-562
-547
-531
-514
-495
-477
-457
-434
-408
-378
-345
-307
-265
-218
-169
-117
-63
-11
44
97
151
202
248
290
329
369
406
446
480
514
542
563
584
599
614
622
625
619
605
585
557
527
496
467
439
415
395
378
365
352
343
330
316
298
274
246
211
171
129
82
36
-12
-56
-104
-148
-192
-235
-278
-321
-364
-407
-448
-489
-526
-560
-587
-610
-625
-633
-636
-632
-622
-610
-595
-577
-556
-534
-510
-487
-463
-440
-417
-393
-371
-347
-323
-297
-269
-241
-209
-175
-139
-97
-51
1
56
113
170
225
276
323
368
411
454
492
528
558
580
597
607
613
613
609
598
581
556
526
493
461
433
410
392
380
369
365
363
360
359
358
352
342
328
307
283
251
215
176
137
96
52
5
-44
-97
-154
-214
-274
-336
-396
-453
-506
-554
-591
-620
-639
-648
-648
-640
-628
-608
-585
-560
-536
-511
-487
-465
-445
-426
-409
-393
-381
-373
-367
-361
-360
-356
-352
-345
-332
-317
-297
-270
-235
-193
-143
-86
-28
38
105
175
246
318
388
454
514
569
615
651
674
688
688
678
659
629
591
549
504
461
423
395
377
368
364
367
367
368
371
374
381
391
401
407
409
400
385
363
332
296
253
205
144
73
-10
-95
-183
-268
-347
-419
-479
-532
-575
-608
-630
-642
-645
-638
-625
-607
-587
-570
-553
-534
-518
-505
-492
-479
-468
-461
-462
-466
-472
-478
-487
-495
-500
-495
-486
-468
-441
-405
-361
-313
-259
-197
-129
-53
28
115
205
290
372
446
510
565
609
643
671
685
689
681
664
642
616
583
549
517
490
467
452
441
438
437
440
444
452
468
490
518
548
576
598
611
610
592
556
505
441
368
282
194
98
-3
-108
-210
-308
-392
-470
-527
-571
-634
-699
-761
-821
-863
-878
-874
-844
-802
-767
-738
-722
-703
-680
-653
-622
-592
-569
-557
-556
-568
-580
-588
-586
-578
-564
-543
-518
-488
-454
-410
-352
-290
-217
-129
-31
74
186
296
403
503
589
661
719
767
801
819
825
823
809
788
757
727
696
663
629
601
571
545
524
513
511
524
550
586
630
678
721
755
780
789
774
736
675
592
493
382
260
135
9
-116
-237
-354
-466
-571
-666
-745
-811
-860
-898
-922
-934
-936
-924
-898
-863
-823
-785
-755
-729
-712
-703
-698
-697
-695
-692
-691
-689
-690
-694
-700
-704
-703
-695
-679
-651
-607
-546
-469
-376
-260
-124
26
183
340
494
635
749
840
907
950
972
978
966
942
907
863
816
765
719
670
621
574
535
504
480
470
479
504
544
605
680
761
843
914
970
1006
1013
987
928
837
716
571
408
235
59
-116
-283
-440
-584
-714
-829
-926
-1004
-1065
-1105
-1119
-1113
-1089
-1052
-1003
-943
-884
-827
-781
-740
-713
-701
-701
-714
-734
-767
-805
-848
-881
-907
-930
-932
-922
-893
-845
-776
-680
-556
-407
-233
-42
161
371
562
725
855
943
1001
1025
1018
997
960
903
838
770
703
648
597
554
513
476
447
423
410
420
458
522
614
730
866
1007
1137
1250
1334
1378
1375
1320
1215
1068
885
679
460
240
26
-178
-372
-541
-687
-811
-910
-988
-1040
-1068
-1076
-1066
-1038
-1000
-954
-904
-857
-814
-779
-760
-757
-772
-798
-836
-882
-936
-1000
-1058
-1113
-1153
-1173
-1162
-1120
-1051
-949
-814
-646
-453
-236
-8
222
446
638
786
889
957
985
968
930
877
799
704
604
510
429
358
298
249
205
179
166
168
209
288
403
558
741
949
1161
1350
1507
1622
1686
1689
1625
1503
1330
1108
855
590
325
73
-166
-386
-574
-731
-853
-941
-990
-996
-969
-910
-824
-719
-610
-501
-404
-327
-275
-258
-278
-333
-419
-529
-653
-791
-933
-1077
-1214
-1330
-1417
-1465
-1473
-1437
-1352
-1227
-1054
-837
-567
-270
40
354
642
874
1025
1119
1153
1121
1024
890
715
509
298
81
-107
-255
-365
-445
-502
-509
-473
-410
-308
-154
51
293
558
840
1136
1401
1614
1778
1878
1902
1834
1685
1466
1196
886
556
232
-66
-331
-563
-740
-853
-905
-902
-846
-741
-597
-429
-253
-72
98
238
346
417
446
423
346
231
80
-99
-297
-515
-738
-962
-1176
-1364
-1495
-1569
-1581
-1528
-1422
-1253
-1023
-738
-408
-64
290
638
906
1077
1180
1222
1181
1043
855
643
382
95
-186
-446
-656
-819
-951
-1040
-1062
-1017
-938
-818
-619
-350
-58
250
591
948
1268
1515
1712
1852
1887
1805
1622
1369
1051
685
297
-77
-404
-687
-926
-1093
-1158
-1140
-1063
-924
-721
-473
-220
27
275
501
685
825
915
958
943
862
715
531
321
75
-207
-505
-789
-1079
-1335
-1521
-1627
-1647
-1584
-1436
-1216
-924
-566
-164
244
645
1025
1313
1460
1503
1485
1365
1117
821
517
164
-214
-562
-865
-1109
-1274
-1385
-1451
-1431
-1317
-1159
-963
-681
-329
30
391
762
1135
1456
1695
1858
1937
1915
1757
1488
1147
747
299
-159
-580
-950
-1248
-1486
-1613
-1613
-1503
-1319
-1062
-722
-362
-13
316
620
865
1041
1160
1201
1187
1119
993
802
587
356
89
-202
-495
-767
-1045
-1279
-1437
-1516
-1508
-1412
-1216
-945
-608
-199
251
686
1092
1472
1737
1823
1793
1691
1477
1134
753
369
-52
-467
-844
-1167
-1395
-1513
-1573
-1597
-1510
-1322
-1105
-861
-531
-138
241
602
959
1307
1587
1768
1865
1883
1801
1573
1245
848
403
-67
-549
-988
-1354
-1634
-1849
-1950
-1891
-1717
-1472
-1152
-753
-357
12
364
665
895
1046
1141
1159
1112
1025
871
659
424
173
-104
-395
-673
-929
-1176
-1375
-1478
-1489
-1414
-1234
-970
-640
-262
186
688
1129
1525
1896
2117
2117
1991
1822
1539
1119
681
262
-192
-631
-1005
-1318
-1501
-1550
-1542
-1492
-1340
-1080
-810
-535
-170
243
607
927
1219
1492
1689
1772
1799
1748
1597
1319
938
520
63
-405
-863
-1270
-1587
-1812
-1973
-2006
-1857
-1623
-1335
-977
-558
-161
176
491
728
868
948
960
895
794
652
457
198
-54
-275
-523
-761
-958
-1125
-1282
-1387
-1388
-1295
-1142
-915
-592
-262
104
542
979
1365
1685
1990
2132
2025
1849
1627
1278
836
414
20
-400
-793
-1104
-1333
-1432
-1386
-1307
-1193
-965
-672
-383
-86
298
696
995
1242
1475
1658
1738
1720
1664
1534
1285
956
575
161
-263
-669
-1039
-1341
-1538
-1665
-1752
-1702
-1493
-1250
-986
-627
-224
103
389
658
841
917
919
866
728
538
330
50
-262
-535
-773
-997
-1192
-1315
-1390
-1459
-1481
-1379
-1200
-981
-699
-367
-10
347
755
1157
1466
1750
1987
1982
1772
1551
1289
888
427
62
-288
-685
-1004
-1229
-1366
-1364
-1250
-1127
-943
-662
-353
-69
240
647
1000
1233
1441
1618
1722
1700
1615
1517
1331
1039
690
320
-69
-435
-780
-1072
-1257
-1359
-1422
-1434
-1295
-1037
-815
-563
-209
100
336
548
723
832
831
787
695
526
348
120
-190
-480
-722
-961
-1165
-1338
-1406
-1440
-1513
-1440
-1256
-1038
-771
-468
-101
233
547
938
1242
1461
1691
1771
1617
1391
1159
861
460
82
-188
-526
-850
-1054
-1226
-1269
-1198
-1071
-888
-664
-373
-83
169
480
801
1021
1199
1337
1432
1460
1395
1333
1217
1004
736
413
68
-269
-584
-853
-1043
-1146
-1160
-1160
-1076
-841
-598
-373
-112
170
373
510
642
717
714
655
578
439
277
114
-113
-361
-589
-779
-957
-1122
-1218
-1259
-1294
-1293
-1173
-978
-740
-486
-188
148
445
752
1052
1290
1465
1565
1475
1258
1044
791
478
130
-119
-351
-634
-840
-974
-1041
-1006
-905
-768
-569
-339
-103
113
328
593
787
915
1041
1126
1158
1119
1037
958
796
556
300
3
-298
-578
-823
-990
-1102
-1127
-1086
-1032
-866
-615
-390
-149
124
341
495
603
685
710
632
540
420
244
85
-110
-324
-514
-684
-819
-917
-990
-1000
-993
-989
-892
-743
-538
-294
-57
238
529
770
1012
1214
1347
1420
1334
1119
881
637
379
72
-181
-349
-553
-734
-830
-864
-797
-657
-497
-277
-37
183
372
507
672
805
852
901
928
914
850
735
622
469
239
-10
-268
-531
-756
-941
-1052
-1080
-1061
-974
-881
-748
-537
-323
-125
91
300
432
521
586
588
509
384
246
65
-121
-296
-483
-658
-785
-863
-924
-936
-907
-835
-756
-665
-477
-273
-62
167
390
592
787
981
1140
1245
1288
1267
1068
794
561
320
68
-170
-327
-461
-621
-716
-728
-682
-540
-344
-143
100
326
514
649
756
872
928
931
938
918
855
752
606
447
236
-31
-297
-561
-795
-968
-1082
-1118
-1088
-1006
-891
-772
-604
-399
-216
-18
175
317
390
422
414
328
205
77
-65
-218
-360
-499
-652
-786
-874
-924
-949
-911
-834
-746
-632
-475
-260
-36
190
438
662
859
1050
1197
1298
1327
1279
1107
818
554
331
105
-112
-258
-363
-480
-574
-598
-541
-429
-245
-45
158
383
552
663
738
806
866
884
896
912
883
793
672
514
303
37
-242
-495
-727
-904
-1007
-1061
-1056
-1003
-925
-817
-675
-486
-284
-93
109
267
334
353
318
216
63
-97
-236
-373
-497
-607
-726
-840
-930
-993
-1018
-993
-932
-828
-722
-579
-375
-161
69
314
565
804
1021
1204
1330
1367
1324
1157
863
581
333
100
-120
-284
-376
-475
-553
-558
-490
-348
-143
87
317
540
721
834
894
950
999
1017
1035
1052
1030
951
819
648
421
135
-162
-436
-669
-846
-958
-1004
-1002
-955
-868
-748
-584
-374
-146
75
279
426
475
441
350
192
-13
-221
-412
-585
-743
-883
-1020
-1145
-1239
-1290
-1290
-1233
-1122
-972
-803
-615
-399
-166
70
326
591
841
1065
1247
1371
1400
1330
1119
797
465
165
-100
-353
-538
-659
-760
-825
-806
-678
-467
-189
113
412
688
915
1064
1140
1208
1260
1277
1288
1284
1233
1099
905
681
412
104
-214
-496
-733
-914
-1034
-1090
-1087
-1038
-927
-764
-536
-251
54
346
595
766
826
784
664
482
238
-18
-254
-485
-712
-932
-1143
-1337
-1487
-1564
-1572
-1503
-1353
-1162
-953
-718
-457
-191
86
394
704
985
1225
1415
1516
1506
1384
1124
770
411
87
-213
-493
-716
-892
-1042
-1132
-1108
-963
-709
-370
6
384
730
1012
1210
1329
1411
1467
1488
1481
1445
1331
1119
846
545
211
-143
-474
-751
-969
-1120
-1204
-1233
-1220
-1169
-1056
-866
-593
-251
121
471
763
965
1045
1006
881
693
448
187
-58
-310
-586
-881
-1164
-1424
-1625
-1721
-1722
-1632
-1448
-1218
-970
-696
-400
-89
215
537
878
1191
1448
1620
1704
1679
1500
1181
807
436
94
-218
-500
-726
-927
-1103
-1208
-1207
-1065
-800
-459
-64
334
694
978
1181
1326
1438
1517
1566
1588
1558
1432
1195
892
551
173
-206
-543
-817
-1031
-1186
-1280
-1323
-1335
-1309
-1212
-1016
-724
-365
28
402
701
902
987
966
861
701
501
285
69
-167
-445
-760
-1078
-1369
-1593
-1709
-1705
-1601
-1427
-1211
-971
-721
-456
-183
117
456
812
1145
1417
1616
1706
1655
1467
1159
804
465
154
-128
-378
-607
-832
-1042
-1185
-1205
-1087
-837
-496
-108
279
607
859
1049
1186
1292
1392
1485
1552
1551
1457
1256
959
605
223
-156
-492
-751
-948
-1094
-1193
-1266
-1327
-1356
-1304
-1139
-857
-480
-58
343
656
848
924
906
816
683
542
401
234
24
-254
-593
-955
-1299
-1565
-1703
-1700
-1584
-1402
-1184
-960
-741
-520
-281
8
361
751
1135
1459
1679
1761
1701
1489
1163
824
522
253
7
-214
-440
-697
-948
-1133
-1202
-1107
-853
-515
-135
243
555
770
925
1067
1197
1328
1471
1591
1624
1528
1307
975
580
182
-179
-468
-679
-836
-976
-1110
-1242
-1364
-1437
-1412
-1244
-939
-542
-123
250
520
659
701
695
676
650
609
545
413
175
-163
-565
-978
-1339
-1579
-1679
-1658
-1537
-1372
-1209
-1055
-876
-653
-379
-26
397
831
1210
1493
1657
1685
1583
1360
1094
848
640
431
208
-43
-353
-691
-994
-1186
-1219
-1073
-790
-460
-132
158
374
521
669
866
1114
1390
1660
1850
1876
1712
1386
975
560
205
-61
-256
-422
-608
-842
-1113
-1380
-1580
-1653
-1557
-1293
-906
-479
-107
153
310
386
440
520
642
772
838
800
621
297
-129
-586
-1002
-1317
-1491
-1541
-1519
-1472
-1421
-1372
-1295
-1143
-885
-522
-84
386
815
1144
1353
1457
1463
1368
1225
1103
997
854
663
419
88
-304
-659
-903
-1011
-958
-768
-532
-331
-161
-30
61
186
406
713
1065
1421
1701
1812
1738
1524
1225
910
659
490
347
182
-40
-336
-696
-1049
-1321
-1471
-1464
-1304
-1046
-764
-508
-326
-220
-148
-46
109
306
518
682
731
637
425
123
-220
-538
-787
-962
-1070
-1127
-1173
-1233
-1290
-1287
-1210
-1044
-778
-424
-47
288
573
787
920
987
1018
1000
964
943
906
799
619
385
75
-251
-493
-604
-605
-511
-351
-218
-141
-95
-53
3
134
378
674
965
1216
1367
1360
1229
1047
863
710
612
549
438
254
6
-300
-626
-895
-1048
-1091
-1036
-898
-726
-581
-476
-399
-339
-256
-116
68
245
374
432
383
237
40
-165
-355
-517
-635
-727
-817
-906
-984
-1046
-1051
-964
-788
-561
-307
-54
156
311
430
543
646
728
785
790
738
646
524
364
192
40
-101
-226
-292
-287
-241
-169
-72
21
93
156
234
328
444
595
750
866
935
947
891
784
671
574
486
412
345
249
103
-72
-243
-401
-520
-575
-572
-531
-472
-396
-329
-278
-229
-179
-126
-69
-9
28
29
-9
-84
-194
-321
-446
-562
-672
-760
-827
-870
-884
-858
-798
-704
-577
-430
-285
-145
-4
119
226
322
410
472
492
472
412
334
257
187
135
99
69
22
-29
-55
-35
30
131
256
374
454
489
494
492
496
524
561
584
587
562
503
416
331
269
227
208
207
203
170
106
26
-64
-139
-187
-202
-198
-180
-154
-139
-136
-144
-165
-196
-224
-244
-264
-292
-327
-379
-451
-534
-605
-663
-715
-742
-745
-724
-676
-592
-482
-367
-252
-152
-83
-36
2
39
66
92
118
128
110
66
6
-54
-91
-76
-12
84
187
277
330
359
397
471
582
713
830
899
892
820
706
584
482
411
360
303
237
156
61
-38
-106
-122
-93
-20
73
153
197
209
199
178
162
158
164
171
169
145
90
5
-108
-232
-349
-441
-504
-557
-610
-680
-759
-837
-894
-913
-890
-836
-752
-657
-562
-463
-363
-269
-189
-116
-55
-17
1
-1
-28
-77
-130
-181
-222
-249
-268
-286
-303
-306
-275
-204
-93
46
194
332
446
550
652
756
861
955
1015
1032
1002
924
814
695
582
478
392
319
247
174
112
77
76
112
178
251
316
360
393
418
435
451
457
453
435
401
346
268
167
42
-94
-224
-337
-437
-540
-644
-753
-857
-944
-1002
-1030
-1034
-1012
-969
-911
-836
-757
-679
-615
-558
-506
-459
-419
-390
-377
-386
-411
-442
-469
-484
-485
-476
-455
-425
-384
-325
-248
-143
-19
118
263
404
538
658
766
865
952
1026
1075
1094
1075
1017
930
828
728
641
570
511
467
442
424
417
422
434
454
483
525
573
614
639
635
604
548
483
417
351
282
203
108
-4
-121
-246
-378
-507
-624
-719
-799
-860
-915
-972
-1026
-1067
-1086
-1073
-1030
-973
-914
-860
-816
-781
-753
-721
-686
-648
-613
-589
-569
-558
-556
-555
-546
-518
-472
-406
-324
-232
-129
-20
99
224
351
472
588
699
800
889
967
1016
1030
1009
953
872
785
707
642
589
556
532
514
502
498
506
531
574
635
704
764
802
812
788
735
675
609
542
471
389
290
175
50
-83
-219
-353
-472
-569
-646
-704
-755
-809
-863
-909
-934
-938
-921
-890
-857
-824
-798
-776
-758
-745
-730
-714
-693
-675
-663
-658
-666
-677
-682
-673
-643
-593
-524
-442
-355
-263
-164
-51
75
210
352
490
615
720
805
857
879
872
838
786
722
652
579
510
450
403
372
355
360
384
429
494
575
662
744
808
852
869
864
843
808
761
701
622
523
410
288
159
32
-88
-199
-301
-391
-474
-554
-633
-703
-759
-797
-814
-821
-819
-813
-803
-789
-772
-750
-729
-710
-690
-674
-661
-650
-650
-654
-664
-671
-669
-656
-628
-591
-546
-498
-444
-381
-306
-208
-90
50
192
328
450
550
630
687
726
751
761
752
723
674
609
540
474
422
388
373
379
398
434
483
540
598
655
710
757
795
820
822
803
758
696
618
532
440
339
233
121
14
-90
-184
-271
-358
-439
-511
-571
-614
-649
-678
-706
-723
-731
-729
-712
-685
-654
-626
-600
-581
-569
-563
-565
-573
-584
-592
-599
-605
-601
-598
-592
-580
-555
-511
-447
-363
-260
-141
-14
118
243
357
455
533
595
642
677
694
690
662
611
546
472
401
344
306
284
281
293
318
350
391
441
499
563
627
687
730
744
728
686
623
546
461
369
272
173
74
-24
-115
-198
-278
-352
-415
-460
-496
-526
-555
-587
-619
-647
-659
-656
-640
-612
-584
-558
-535
-518
-506
-498
-490
-483
-475
-470
-463
-459
-460
-463
-460
-444
-416
-366
-296
-210
-122
-32
58
146
235
328
413
493
560
608
636
644
636
616
588
548
506
463
416
373
338
317
309
316
333
358
386
420
453
488
518
537
540
523
490
444
387
318
244
169
89
12
-63
-130
-197
-263
-322
-374
-422
-469
-511
-550
-589
-624
-650
-664
-670
-662
-647
-628
-610
-590
-563
-540
-515
-489
-465
-443
-423
-398
-382
-373
-362
-347
-322
-286
-229
-163
-89
-14
60
133
200
273
349
425
499
562
610
635
644
642
632
621
611
603
584
561
527
488
454
428
416
409
410
408
411
416
418
420
417
404
385
361
330
286
233
169
94
16
-59
-130
-196
-259
-318
-376
-432
-486
-536
-582
-622
-657
-683
-702
-713
-717
-716
-711
-705
-692
-672
-645
-614
-583
-556
-534
-515
-496
-478
-461
-440
-412
-378
-334
-281
-219
-153
-81
-1
80
168
260
348
431
505
570
625
670
704
729
742
742
735
723
709
691
671
649
622
593
561
532
505
480
465
454
447
438
431
416
396
375
348
316
277
229
172
106
36
-40
-115
-190
-260
-325
-387
-445
-498
-548
-591
-633
-665
-690
-708
-715
-718
-716
-714
-706
-695
-679
-658
-639
-616
-596
-573
-552
-539
-527
-519
-504
-483
-451
-406
-354
-299
-241
-175
-103
-22
75
174
275
373
459
534
596
649
691
727
759
783
800
802
789
767
741
716
692
674
649
618
583
544
508
476
451
428
410
390
366
345
319
290
258
219
178
132
82
23
-40
-109
-184
-260
-332
-395
-453
-505
-554
-601
-638
-669
-688
-700
-709
-712
-707
-693
-674
-652
-631
-614
-595
-575
-555
-536
-522
-511
-504
-495
-484
-470
-448
-423
-387
-342
-286
-221
-150
-71
13
102
196
286
369
447
518
573
617
656
682
701
718
725
722
713
694
666
638
608
577
551
526
500
475
443
411
385
365
353
346
338
322
298
267
232
197
161
123
81
32
-28
-92
-157
-222
-280
-333
-380
-419
-450
-476
-502
-527
-546
-559
-563
-553
-535
-519
-507
-499
-496
-493
-488
-483
-478
-472
-467
-460
-456
-453
-451
-445
-429
-401
-356
-304
-244
-182
-118
-54
11
84
157
231
301
366
425
473
514
544
564
581
593
606
614
614
602
577
543
505
473
447
427
411
394
376
359
342
324
310
298
288
279
268
250
224
190
148
104
63
25
-12
-53
-98
-147
-197
-242
-281
-318
-353
-381
-401
-413
-417
-415
-410
-405
-397
-383
-369
-359
-351
-349
-353
-355
-362
-374
-394
-416
-438
-455
-461
-452
-439
-419
-392
-357
-315
-263
-198
-131
-63
6
73
134
191
244
289
328
360
386
407
414
407
387
357
327
302
278
254
232
209
191
181
184
194
210
227
242
261
276
288
296
297
291
275
252
224
197
166
131
95
60
26
-7
-36
-63
-87
-105
-119
-123
-118
-109
-96
-86
-69
-52
-34
-21
-15
-17
-28
-46
-70
-102
-141
-186
-231
-277
-316
-346
-372
-389
-397
-396
-383
-361
-326
-285
-237
-185
-133
-75
-21
30
71
110
140
164
180
181
172
149
120
87
57
25
-12
-45
-74
-93
-96
-86
-66
-41
-9
30
80
134
189
241
278
299
307
306
293
273
245
206
160
112
65
22
-16
-49
-74
-87
-90
-80
-55
-24
11
44
81
119
159
197
227
245
248
236
208
170
123
69
11
-49
-110
-167
-222
-275
-317
-346
-364
-363
-351
-327
-298
-263
-222
-178
-133
-87
-42
-2
27
49
56
47
28
-1
-37
-75
-115
-155
-196
-231
-259
-279
-286
-280
-260
-229
-185
-128
-59
14
88
159
220
273
320
357
380
391
388
362
322
270
212
151
96
48
7
-26
-49
-61
-60
-47
-20
20
70
128
186
240
283
318
339
348
345
330
300
259
205
144
81
17
-46
-107
-161
-206
-241
-262
-275
-278
-271
-255
-229
-195
-157
-114
-70
-30
3
26
38
35
17
-12
-51
-97
-148
-201
-260
-315
-368
-409
-439
-451
-446
-432
-403
-365
-314
-258
-193
-123
-57
17
83
147
202
237
261
265
260
246
225
201
166
133
92
54
21
-6
-16
-17
0
26
63
107
153
204
252
302
350
393
430
453
461
450
427
397
362
325
285
240
192
141
92
49
14
-14
-31
-41
-45
-40
-34
-27
-17
-7
1
13
21
17
-1
-31
-72
-119
-171
-226
-283
-341
-400
-456
-503
-544
-571
-589
-596
-587
-562
-527
-485
-436
-387
-329
-270
-211
-151
-103
-63
-35
-11
5
18
26
25
18
12
7
4
8
16
25
41
61
87
118
156
198
244
290
331
368
405
436
460
477
484
484
480
468
449
427
397
365
337
310
284
262
243
224
210
198
188
179
175
166
156
147
135
112
83
48
6
-40
-89
-144
-200
-259
-316
-370
-425
-473
-516
-552
-575
-587
-589
-584
-571
-554
-533
-504
-471
-430
-391
-354
-321
-293
-267
-244
-220
-201
-185
-173
-161
-148
-131
-108
-83
-56
-24
9
49
91
139
188
237
282
325
364
394
422
444
459
475
488
493
492
490
480
468
456
444
435
427
421
414
406
398
391
387
384
378
372
361
345
325
299
261
218
170
118
62
6
-57
-124
-190
-254
-315
-371
-425
-473
-515
-551
-577
-597
-608
-618
-620
-616
-609
-598
-586
-577
-568
-559
-548
-537
-526
-515
-506
-500
-487
-468
-447
-417
-383
-345
-300
-249
-195
-136
-73
-8
57
122
184
239
292
340
381
417
449
472
491
505
513
517
519
520
520
522
525
527
532
535
541
550
560
570
581
590
593
595
586
571
548
515
475
431
379
323
262
198
134
70
7
-55
-112
-167
-220
-272
-318
-360
-401
-436
-468
-496
-522
-547
-570
-591
-611
-626
-640
-651
-663
-676
-688
-699
-705
-704
-697
-678
-655
-623
-584
-540
-491
-435
-376
-311
-243
-175
-109
-44
13
68
123
173
219
262
303
337
368
395
415
433
449
461
473
485
495
503
511
515
523
534
545
558
571
583
592
595
592
584
571
555
531
507
477
440
401
356
310
264
219
176
134
92
47
-3
-55
-107
-157
-208
-258
-312
-364
-416
-467
-512
-558
-597
-635
-667
-694
-717
-736
-753
-768
-773
-773
-765
-749
-726
-699
-666
-628
-587
-540
-488
-433
-377
-320
-265
-209
-156
-103
-51
2
52
103
152
201
247
290
333
372
407
440
473
499
523
545
561
575
585
593
600
605
611
613
611
606
597
589
581
572
562
547
531
510
487
464
443
418
393
364
334
302
266
227
182
133
78
19
-43
-108
-174
-242
-311
-382
-448
-510
-567
-618
-661
-699
-731
-757
-776
-791
-798
-800
-796
-786
-771
-751
-727
-701
-673
-642
-609
-572
-529
-486
-439
-388
-340
-290
-236
-181
-122
-60
0
59
115
168
221
268
316
362
405
442
478
506
529
548
561
571
575
581
582
586
589
589
590
587
585
581
580
579
579
580
572
560
547
532
516
497
472
438
402
358
308
256
198
135
69
-2
-72
-140
-208
-276
-340
-402
-457
-508
-554
-594
-628
-659
-686
-707
-722
-734
-740
-743
-743
-738
-733
-724
-711
-694
-672
-645
-615
-580
-541
-499
-453
-400
-346
-290
-233
-175
-116
-60
-3
52
104
153
202
248
291
331
365
394
421
441
462
481
500
519
534
545
554
565
575
585
597
607
615
620
621
619
613
603
589
571
550
525
496
462
425
381
335
285
233
181
129
74
18
-40
-97
-150
-203
-251
-296
-340
-384
-423
-463
-500
-534
-566
-596
-624
-649
-670
-688
-700
-710
-714
-715
-711
-702
-686
-664
-638
-604
-571
-532
-492
-448
-400
-348
-292
-236
-183
-128
-77
-27
20
66
108
146
183
217
250
283
314
343
369
394
418
444
471
497
521
541
558
573
588
599
610
620
621
621
618
611
597
582
561
537
510
483
455
422
387
350
310
272
234
195
156
117
76
32
-11
-55
-99
-144
-192
-239
-287
-336
-387
-436
-486
-532
-574
-614
-648
-677
-700
-717
-727
-730
-728
-721
-708
-691
-673
-649
-618
-586
-549
-509
-466
-423
-378
-334
-292
-248
-205
-163
-120
-79
-43
-6
31
64
99
136
174
212
253
292
327
365
402
434
469
500
526
548
567
579
588
595
597
596
595
589
581
573
556
537
518
499
478
459
436
414
393
368
342
315
286
257
227
196
159
120
74
25
-25
-80
-135
-187
-239
-293
-344
-395
-443
-486
-525
-558
-586
-608
-627
-642
-652
-656
-657
-654
-647
-636
-621
-600
-580
-559
-536
-509
-481
-446
-411
-376
-338
-301
-261
-219
-177
-131
-85
-37
13
61
109
156
201
244
283
324
360
395
426
452
473
490
503
513
522
526
527
528
526
522
517
511
505
500
496
490
484
475
464
450
431
410
385
359
328
297
260
222
179
135
89
39
-10
-59
-107
-157
-205
-254
-303
-348
-391
-428
-459
-487
-511
-531
-547
-561
-571
-577
-581
-586
-585
-581
-575
-565
-554
-540
-523
-502
-479
-448
-415
-380
-341
-301
-261
-218
-172
-128
-85
-41
2
44
85
124
159
192
222
248
275
299
321
337
350
360
368
375
381
390
396
403
410
419
428
436
443
449
453
453
450
445
434
420
405
385
366
343
318
292
266
239
210
179
146
108
71
30
-9
-47
-85
-120
-154
-189
-223
-252
-284
-313
-339
-365
-391
-411
-431
-452
-468
-483
-497
-505
-506
-503
-493
-480
-464
-443
-418
-390
-359
-327
-292
-257
-223
-185
-150
-116
-83
-53
-24
6
36
61
82
102
118
129
143
156
166
178
189
200
211
224
235
247
262
277
290
304
315
323
328
331
331
329
327
323
319
313
306
297
287
277
263
251
239
226
213
196
178
157
133
108
84
57
31
5
-24
-54
-85
-118
-152
-181
-210
-241
-270
-297
-325
-347
-365
-381
-391
-396
-398
-396
-392
-381
-368
-353
-334
-311
-290
-267
-244
-221
-198
-174
-151
-127
-106
-85
-65
-46
-30
-16
0
15
29
46
61
75
89
103
115
129
146
160
174
187
196
204
211
217
220
224
226
226
227
225
226
224
222
220
218
218
218
219
218
215
212
207
199
191
181
169
159
146
129
106
82
56
29
6
-21
-47
-73
-102
-128
-154
-180
-203
-219
-234
-246
-251
-256
-259
-257
-253
-249
-240
-231
-223
-210
-198
-184
-171
-160
-152
-143
-135
-126
-117
-106
-95
-85
-76
-68
-60
-49
-39
-29
-17
-7
2
11
19
25
32
37
43
47
51
53
56
59
59
60
60
60
63
68
75
83
91
98
108
118
130
142
152
164
174
183
188
191
190
189
188
184
175
164
151
136
122
107
89
70
51
30
11
-6
-24
-37
-48
-57
-65
-70
-75
-81
-82
-84
-86
-85
-86
-87
-88
-91
-94
-95
-93
-92
-90
-87
-87
-84
-80
-77
-71
-67
-63
-61
-57
-55
-54
-52
-50
-48
-45
-44
-48
-51
-54
-56
-60
-63
-69
-76
-81
-84
-86
-84
-82
-78
-72
-63
-52
-41
-25
-9
7
24
41
56
70
82
95
106
116
123
126
128
129
129
128
125
123
118
112
104
98
90
81
76
70
65
61
55
47
41
36
30
26
23
17
9
4
-2
-9
-10
-14
-16
-17
-19
-21
-22
-23
-24
-23
-21
-21
-19
-19
-19
-20
-22
-25
-29
-33
-37
-43
-49
-59
-69
-81
-93
-104
-114
-122
-130
-135
-140
-140
-141
-140
-135
-127
-119
-110
-100
-89
-77
-65
-53
-37
-21
-9
5
18
30
42
53
62
71
80
87
94
102
107
113
117
120
124
126
130
130
131
131
128
127
126
123
117
108
101
92
86
79
70
63
57
51
43
40
36
32
29
26
23
20
19
18
16
13
8
4
-1
-8
-14
-22
-31
-42
-55
-69
-81
-92
-103
-112
-119
-126
-133
-139
-142
-145
-146
-142
-138
-135
-130
-127
-122
-117
-110
-103
-94
-84
-76
-66
-59
-52
-45
-36
-27
-16
-5
5
13
22
29
38
48
57
66
73
80
86
89
91
93
93
94
91
89
85
82
77
73
68
62
58
55
52
51
50
48
48
47
50
50
52
56
58
60
62
63
63
61
57
54
49
43
34
25
16
6
-4
-14
-24
-34
-43
-51
-57
-62
-67
-72
-75
-79
-84
-87
-89
-91
-91
-91
-94
-94
-96
-98
-97
-94
-91
-88
-84
-80
-79
-72
-66
-59
-50
-39
-32
-22
-11
0
9
21
30
36
43
48
51
54
54
53
53
52
48
46
44
42
41
41
40
41
44
44
47
51
52
56
59
62
68
71
74
76
78
79
76
72
69
64
60
56
50
41
33
24
18
12
7
2
-5
-11
-17
-23
-30
-36
-43
-49
-52
-56
-62
-67
-72
-78
-81
-85
-88
-88
-87
-89
-87
-85
-85
-83
-79
-75
-68
-60
-50
-41
-30
-21
-12
-3
5
11
19
26
30
35
38
38
38
36
33
32
31
29
27
28
27
25
23
25
24
28
30
34
37
40
42
42
42
41
39
39
38
37
34
32
29
24
19
16
13
12
11
11
9
7
2
-1
-4
-8
-12
-13
-16
-18
-23
-26
-31
-36
-40
-44
-46
-48
-51
-53
-55
-57
-59
-58
-57
-56
-50
-45
-39
-31
-26
-19
-12
-5
3
9
16
21
25
29
32
35
38
38
36
36
35
33
30
27
24
22
19
19
18
16
17
14
16
17
19
19
18
17
13
10
9
7
4
3
1
0
-4
-6
-6
-5
-4
-2
1
4
7
9
11
12
11
13
15
16
15
11
7
2
-2
-8
-11
-16
-21
-24
-28
-31
-32
-35
-36
-35
-32
-26
-21
-17
-14
-11
-9
-4
-2
3
5
8
10
11
14
14
16
16
16
18
18
18
15
14
12
10
7
6
4
3
1
-1
-2
-4
-5
-5
-6
-8
-9
-9
-10
-12
-15
-16
-19
-23
-24
-24
-25
-25
-25
-23
-21
-20
-17
-15
-10
-7
-3
1
4
8
9
9
8
8
6
3
-1
-4
-7
-10
-13
-14
-15
-17
-17
-17
-14
-11
-5
-1
4
8
11
16
22
25
29
30
31
31
32
33
33
33
30
29
28
29
30
30
29
29
28
29
29
29
28
29
29
29
27
25
22
17
11
5
0
-6
-12
-16
-21
-23
-25
-27
-27
-27
-27
-28
-27
-26
-25
-26
-26
-24
-23
-20
-18
-16
-15
-16
-17
-17
-18
-19
-21
-21
-22
-25
-27
-31
-33
-35
-38
-38
-37
-34
-31
-28
-24
-20
-16
-12
-8
-6
-1
2
5
9
12
14
18
20
22
21
22
22
23
24
25
27
31
32
33
35
37
39
40
43
42
40
37
32
28
26
23
20
17
13
9
5
1
-4
-7
-11
-12
-12
-11
-10
-9
-9
-10
-10
-9
-6
-4
-3
-2
-4
-6
-10
-13
-16
-18
-21
-22
-24
-25
-26
-26
-27
-27
-27
-25
-22
-20
-17
-15
-14
-14
-12
-12
-12
-11
-9
-7
-6
-2
-1
1
3
6
8
11
14
16
19
21
23
24
24
25
27
29
32
34
36
37
38
36
34
32
30
29
26
23
19
15
12
10
6
3
0
-3
-5
-5
-7
-9
-11
-12
-13
-13
-13
-12
-11
-11
-10
-11
-10
-12
-14
-16
-19
-22
-24
-26
-28
-32
-34
-36
-37
-36
-35
-34
-32
-28
-27
-25
-23
-22
-21
-21
-20
-19
-19
-17
-16
-17
-15
-13
-11
-7
-4
-1
1
3
6
10
12
15
19
24
28
33
36
38
39
39
38
38
37
35
32
30
27
26
25
25
25
25
25
23
22
21
18
17
16
15
14
15
14
13
13
11
10
9
7
5
5
3
1
-3
-5
-8
-10
-12
-14
-15
-14
-14
-15
-15
-17
-18
-19
-20
-20
-21
-22
-24
-25
-26
-28
-31
-34
-34
-36
-35
-34
-34
-33
-33
-33
-32
-31
-29
-26
-22
-17
-14
-9
-4
0
4
6
10
12
13
15
14
14
13
12
11
10
10
11
12
12
14
15
15
16
17
18
21
22
23
24
23
22
22
19
19
18
17
16
16
16
16
15
16
14
14
14
13
13
15
15
13
12
10
8
7
6
6
5
3
2
0
-2
-4
-6
-7
-10
-11
-13
-15
-18
-19
-20
-22
-22
-22
-21
-21
-20
-19
-19
-20
-18
-18
-16
-13
-12
-9
-7
-6
-5
-5
-3
-4
-3
-2
-1
0
0
-1
0
0
1
2
4
5
7
9
11
12
12
12
11
11
10
