1
0
0
0
0
0
0
0
0
1
0
1
0
1
0
0
0
0
0
0
0
0
0
0
0
0
0
1
1
0
0
0
0
-1
0
0
0
0
0
0
0
0
0
0
0
0
0
0
0
0
-1
0
0
0
0
0
0
0
0
0
-1
0
1
0
0
1
0
0
0
0
-1
1
0
0
0
1
0
1
0
0
0
0
0
0
0
-1
0
0
0
0
1
1
0
0
0
0
0
0
1
0
0
0
1
0
0
0
0
0
0
0
0
0
0
0
0
1
0
0
0
0
0
0
-1
-1
0
0
0
1
-1
0
0
0
-1
1
0
0
0
0
0
-1
1
-1
0
0
0
0
0
0
0
0
0
1
0
0
0
1
-1
0
0
1
0
1
0
0
0
1
0
0
0
0
0
0
1
0
0
0
0
0
0
-1
0
0
0
1
0
1
0
0
0
0
0
0
-1
0
0
0
0
-1
0
0
1
-1
1
0
1
-1
0
0
0
0
1
0
-1
0
-1
0
0
1
-1
1
-2
0
-1
0
0
0
0
-1
0
0
1
-1
0
0
0
0
0
1
0
0
-1
1
-1
0
0
1
0
0
0
1
0
0
-1
1
-1
-1
1
-1
1
0
0
-1
1
-1
0
2
0
-1
1
0
-1
0
1
0
0
-1
0
2
-3
0
0
0
-2
1
0
-2
1
2
-2
0
1
-2
0
1
-1
-2
5
0
-2
1
1
-1
-1
-1
-1
0
-1
2
-1
1
-1
2
-2
1
1
-1
1
0
-2
0
2
-2
-2
4
-1
-1
2
-1
0
1
2
0
-1
1
-2
1
0
-1
2
0
1
-1
2
1
0
-1
1
2
1
-5
4
2
-5
2
3
-3
-3
5
-3
-1
3
4
-5
-2
1
0
-4
-1
4
-2
-3
3
5
-7
0
6
-4
-2
2
1
-2
4
-2
-3
6
-3
-5
5
3
-3
4
1
-4
3
-2
-5
5
1
-3
2
6
-5
-1
6
0
-3
-3
4
0
-5
1
0
-1
-2
0
5
-4
2
3
-2
-2
-3
2
-1
-1
4
1
2
-1
3
-1
0
1
-4
0
6
-6
0
5
0
-5
2
3
-1
-3
1
0
-1
1
-1
3
0
-2
-3
3
-1
-2
-1
2
1
-3
0
4
-2
-2
4
-1
-7
7
1
-7
9
-1
-8
2
7
-6
-4
14
-4
-8
6
4
-7
2
5
-4
-6
10
-4
-2
5
0
-6
0
7
-7
0
4
-1
-6
2
2
-1
0
2
3
-7
1
7
-6
2
1
-3
0
4
-4
6
-1
-2
3
-1
4
-2
-4
3
1
-5
8
-5
2
-5
-3
6
-6
-5
2
5
-5
-1
5
-1
-6
0
5
-10
-2
6
-3
0
0
2
3
-2
6
-5
-3
-1
-1
6
-5
5
-5
-3
8
-3
-3
9
-3
-9
4
7
-10
-3
7
-4
-3
8
-1
-4
8
3
-5
-4
9
-9
4
1
-3
-2
6
0
4
4
-10
7
-2
-1
-3
-6
4
-12
4
12
-8
-4
7
3
-12
14
-2
-3
-3
-1
8
-15
5
14
4
-18
4
11
-6
2
-4
7
-4
4
3
-1
-10
13
-2
-6
12
-3
-8
11
-5
-21
19
0
-8
1
6
3
-11
9
-3
-2
-2
10
-3
-13
12
5
6
-13
-2
3
2
7
-4
-2
4
-10
7
8
-14
11
0
-14
20
-6
-8
3
-14
1
5
12
-2
-9
-2
8
-1
3
4
-10
3
-1
-6
1
-5
11
2
0
-4
4
1
-11
19
-8
-5
2
4
-11
5
1
-3
-9
9
6
2
-8
4
5
-14
2
5
5
-23
2
19
-6
6
18
-12
-4
-8
-9
7
-2
-13
21
-4
3
10
-10
18
-6
-13
6
-15
0
16
-12
-10
25
0
-10
14
4
-6
0
-15
18
-14
-8
11
-11
-1
9
20
-13
5
0
-2
-9
-5
5
-3
-2
8
-2
-4
16
2
-2
-6
-7
11
3
-21
27
-2
-17
20
-12
-9
8
13
-14
-3
19
-7
-1
-16
17
-22
7
31
-28
1
6
7
-19
2
18
-7
-23
17
4
-3
5
9
-18
6
12
-17
8
3
16
-45
15
35
-45
29
17
-43
-6
28
-2
-28
15
6
-24
16
15
-12
-4
14
-6
-15
17
-10
-9
24
-5
0
-28
37
-2
-23
10
5
-1
-12
14
-5
-15
1
30
16
-38
8
20
-11
9
-14
17
-26
2
15
-14
-2
16
-7
-6
28
-22
-22
31
-13
-15
6
15
-3
-19
33
-1
-46
33
14
-48
32
0
-18
18
3
-19
19
1
-2
5
-3
21
-32
-10
51
-56
-13
58
-26
-15
39
-19
-6
12
11
-27
3
12
-6
-12
12
-15
-2
6
7
-17
25
19
-23
-7
7
-6
-20
11
-4
2
-7
16
7
-3
13
13
-4
-54
34
9
-39
42
-13
-7
25
-28
30
-6
-7
19
-38
14
-15
5
11
-8
1
10
4
10
-14
-5
-10
17
-28
-5
48
-40
25
11
0
-19
-4
29
-39
5
3
-17
10
22
0
-32
37
-24
6
9
2
-7
-47
59
-23
-20
18
14
-29
14
37
-10
-3
4
0
-41
27
4
-30
-6
53
-39
17
41
-24
-11
-4
13
-53
25
25
-25
-7
20
-5
-13
43
-20
-18
-6
39
-32
-1
52
-37
-14
15
22
-21
-14
24
9
-32
29
-15
-8
28
-44
26
-3
-14
-5
-3
13
-13
-15
35
-20
9
36
-10
-21
10
7
-26
10
3
-2
-23
45
24
-40
21
-16
-8
18
-25
3
-7
8
31
-48
30
-21
12
-3
-12
44
-50
21
33
-36
13
7
-14
-15
33
-29
-12
22
9
-24
3
43
-48
-11
33
-10
-19
19
-3
-22
11
23
2
-15
8
-13
-6
30
-7
-16
19
11
-43
45
-28
35
-59
39
5
-37
43
-16
9
-22
2
18
-4
-39
42
-15
1
23
-18
8
-20
26
-23
-21
40
-22
-25
76
-48
-15
31
-23
26
-26
27
-47
-4
12
27
-33
-11
63
-66
76
-36
0
-7
4
1
-7
-2
-20
14
26
-4
-10
38
-13
-6
-32
43
-14
-3
-11
-52
49
2
12
-12
4
-10
28
-35
42
-42
-2
29
-96
70
-38
58
-58
63
-19
33
-24
42
-39
-15
32
-12
-39
-4
-33
8
63
42
49
-239
238
-6
-15
62
-196
-1
5
0
91
-105
27
35
13
88
-94
-46
-8
-4
-6
27
-3
-52
44
97
-1
-43
9
-7
-41
25
48
-112
30
42
13
1
0
38
-47
-4
28
-72
58
-54
8
33
4
21
-79
83
-39
42
-38
30
-62
3
50
-46
21
-16
-3
51
-49
12
29
-37
54
-13
-33
48
-14
-19
51
-62
33
-25
27
-31
18
-4
-27
23
-36
32
-9
-16
-9
5
32
34
-59
37
-33
-30
55
-43
-2
44
82
0
33
-52
-32
-72
-3
32
-68
54
22
0
29
34
-49
10
-65
46
0
-63
125
-75
-23
43
-6
-52
46
14
38
-19
27
-3
-84
34
-3
-75
15
28
-32
-25
49
0
-96
71
-55
39
-16
26
23
5
12
27
-61
67
15
-42
55
-3
-15
-46
45
-47
117
23
63
-54
-17
-117
-8
-40
-88
44
52
30
-47
53
15
16
-17
43
-5
-112
-15
-7
-5
159
45
54
26
-87
-23
-94
-99
-75
-60
45
164
90
54
18
-39
-43
-138
-72
-29
43
20
121
181
51
73
-35
-95
-53
-62
38
-11
15
43
-13
64
-129
-4
-70
-62
73
-20
15
6
-64
78
-19
68
-61
30
64
-175
95
67
-61
10
15
-12
77
-61
35
-102
-24
75
-164
99
127
-118
35
84
-29
4
-74
-46
-28
17
167
-36
-31
33
-7
57
-16
-39
-2
-232
52
-12
-68
30
-32
123
60
11
129
-100
-83
118
-142
62
5
-10
45
-20
198
-122
-30
-43
-22
-95
16
20
-89
85
55
23
134
-95
58
-17
13
-4
-32
14
-23
9
-23
-86
-59
-19
34
134
-34
36
-16
6
6
-65
-35
-28
-23
36
75
-21
38
73
76
67
-61
39
-92
-43
-43
-12
-15
-66
115
89
-119
117
-34
-15
38
-83
-103
-36
-11
-34
-55
32
22
15
52
142
-62
32
55
-31
114
-46
4
-43
-78
20
-75
-33
32
21
76
97
65
-104
-55
-55
6
-120
73
-31
-53
8
116
-160
97
94
-85
121
-42
31
-72
97
57
-2
-39
54
-38
-132
49
66
-56
76
35
-5
82
-32
46
-46
137
127
-177
-150
-118
-155
-19
51
-30
-6
190
126
-12
-28
-207
-284
-17
158
170
-10
225
-4
-84
52
-177
141
135
32
-4
18
-257
-44
-98
-79
120
156
138
-41
-168
-62
-346
-147
31
-9
125
255
91
-153
40
-44
10
11
132
125
38
214
43
-85
107
-164
-105
73
121
137
-48
-122
-138
-143
-61
11
-62
133
122
-46
-97
82
-77
-146
-71
16
-112
-21
182
-51
-107
87
73
24
276
-133
-291
-42
175
80
6
56
-17
42
338
90
-45
-170
-48
241
-147
112
-20
-343
50
-14
-39
-200
6
-21
574
499
145
16
-544
-604
-516
-569
-48
291
536
775
363
225
-296
-472
-644
-254
-196
278
437
260
361
226
-71
-86
-292
-217
-349
18
112
208
297
422
197
-7
-172
-319
-430
-563
-216
-48
171
295
403
102
49
45
-46
-210
7
-7
-22
199
-128
-253
-65
83
-16
140
359
225
-186
95
64
-347
-56
289
-251
-123
461
-296
-273
122
-44
-313
217
453
-13
41
148
-584
-385
146
-161
77
158
319
87
53
288
-320
64
169
-86
-172
-114
-108
-296
-31
294
-46
221
285
42
-127
-105
-200
-305
-189
66
173
-4
184
82
-152
158
43
-226
116
52
299
116
26
26
-358
-115
4
-213
-84
122
132
196
129
-77
-263
-48
1
-55
-33
163
1
224
169
158
186
-33
162
-72
-193
-223
-111
-120
-17
85
159
116
22
-70
-212
-217
-240
-55
-107
24
207
-16
6
121
-146
-84
99
-78
-54
91
114
13
283
208
68
16
54
-120
16
130
-63
113
83
48
-49
-165
-126
-235
-99
-59
-59
65
57
152
-187
-83
-21
-49
-204
8
-26
59
264
210
209
178
17
-251
-257
-227
-201
-198
188
284
372
223
101
-150
-126
-178
-142
-45
-107
-64
-39
49
116
-68
-16
227
292
77
-40
-73
-266
-136
-33
-25
34
156
177
164
83
-54
-159
-141
-11
71
-106
25
127
-198
-69
31
-31
-50
67
99
-23
62
6
-106
-15
136
70
66
201
-7
-149
-147
-226
-182
-197
194
218
41
305
148
-197
-332
-25
-71
-194
179
185
18
195
219
-30
38
-5
-95
-21
100
-3
-126
148
177
51
47
1
-263
-154
-162
30
105
205
305
96
227
119
-49
81
-95
-17
-23
90
18
33
93
76
70
-48
17
-36
174
133
-50
-119
-41
-31
-27
-131
-59
-122
8
-28
-87
-169
-59
16
-16
58
-190
-75
-145
-161
-46
-158
19
-97
-70
34
-117
94
19
69
19
-53
-52
-258
-136
0
-77
-93
98
-21
-100
-147
-139
-144
-331
-47
-168
-123
-75
-89
-49
45
254
118
85
20
-79
-305
-222
-35
-86
-50
150
184
118
85
83
50
-40
18
45
98
123
98
19
59
105
73
98
181
158
170
204
86
-37
79
94
-58
16
-23
-46
-10
-20
7
-166
-146
-149
-299
-286
-200
-112
19
156
286
217
19
-4
-136
-357
-312
-251
-23
179
150
142
79
95
21
-108
-94
-173
-12
154
-106
-151
-29
45
126
236
276
141
145
187
147
143
179
91
159
292
249
172
159
232
146
232
326
237
166
115
196
149
62
-23
-66
16
289
234
139
211
154
198
295
220
137
14
68
52
-131
-86
-166
-226
-93
-27
-99
-120
-106
-109
-176
-191
-282
-285
-173
-135
-113
-134
-44
-105
-246
-264
-282
-253
-266
-131
-77
-261
-260
-129
-320
-448
-304
-409
-346
-199
-308
-326
-280
-181
-279
-140
3
-131
-86
-68
-98
-126
-49
75
89
123
134
30
-18
30
16
-135
-92
-3
39
23
15
46
-2
-34
27
-59
-3
105
160
222
187
264
241
165
124
20
111
228
301
333
338
293
230
302
242
192
178
255
245
191
208
232
243
285
385
447
395
271
250
76
7
17
37
76
201
365
321
364
377
295
222
151
163
33
27
118
-10
55
101
113
141
160
29
-71
-26
-161
-331
-456
-529
-660
-672
-703
-770
-753
-651
-569
-616
-626
-528
-541
-471
-376
-329
-289
-186
-37
14
-8
-113
-65
-134
-239
-81
-10
18
74
115
238
201
100
55
40
11
-39
32
86
119
177
364
478
463
550
515
438
455
430
394
454
512
521
677
911
800
735
850
837
724
780
681
436
411
417
231
226
212
131
60
21
-33
-67
-40
-60
-178
-194
-104
-223
-375
-466
-469
-585
-683
-689
-772
-851
-939
-973
-941
-867
-562
56
479
568
734
874
743
582
382
-95
-494
-696
-1073
-1624
-1745
-1694
-1985
-2154
-1941
-1846
-2087
-1964
-1853
-2101
-2096
-1746
-1804
-2006
-1617
-1225
-1257
-919
-188
150
487
1122
1459
1418
1687
1920
1425
1143
1310
1101
644
619
691
359
337
476
442
447
752
709
427
427
416
176
143
370
355
499
917
1198
1309
1717
2033
2008
2094
2343
2278
2126
2176
2143
1827
1643
1613
1300
1223
1293
1123
726
591
500
125
-142
-327
-585
-803
-731
-838
-953
-867
-774
-796
-727
-473
-550
-552
-367
-386
-562
-710
-609
-738
-861
-771
-791
-856
-713
-667
-770
-696
-583
-639
-713
-626
-673
-873
-840
-775
-812
-733
-517
-475
-404
-230
-204
-283
-308
-317
-454
-445
-353
-397
-396
-201
376
1015
1503
1843
2051
2185
2045
1631
1062
408
-149
-539
-1067
-1645
-1789
-1697
-1959
-2147
-1975
-1839
-1933
-1925
-1818
-2107
-2161
-2018
-2140
-2265
-1940
-1516
-1396
-719
171
744
1179
1795
2039
1937
2214
2211
1744
1347
1147
655
25
-190
-395
-661
-593
-445
-481
-381
-111
-174
-490
-603
-738
-1052
-1167
-1016
-878
-647
-143
413
925
1730
2580
3028
3399
3869
4204
4167
4023
3679
3056
2592
2181
1603
1106
878
714
398
232
204
-41
-400
-604
-901
-1232
-1341
-1440
-1552
-1469
-1098
-760
-515
-42
355
549
726
844
863
793
842
677
480
445
387
211
102
55
-106
-321
-393
-454
-703
-875
-999
-1260
-1467
-1393
-1310
-1292
-1194
-1029
-938
-764
-555
-502
-482
-334
-274
-341
-302
-326
-450
-535
-427
-483
-610
-619
-168
748
1399
1737
2020
2357
2295
1823
1388
463
-503
-871
-1345
-2225
-2626
-2284
-2629
-3105
-2770
-2375
-2551
-2473
-2040
-2367
-2657
-2341
-2318
-2815
-2704
-2070
-2099
-1950
-941
-46
544
1474
2262
2273
2457
2882
2511
1847
1676
1351
500
68
102
-177
-301
-91
-47
-83
251
412
-62
-383
-516
-1012
-1468
-1489
-1388
-1330
-919
-284
216
1086
2199
2915
3321
3865
4252
4209
4204
4152
3816
3547
3539
3312
2891
2796
2675
2115
1627
1427
823
8
-464
-950
-1669
-2072
-2074
-2256
-2276
-1904
-1578
-1344
-846
-331
-141
133
484
564
576
649
572
348
304
353
256
277
408
357
182
107
-44
-373
-689
-928
-1211
-1512
-1654
-1771
-1892
-1849
-1739
-1659
-1592
-1434
-1264
-1176
-1024
-895
-824
-633
-408
-326
-175
-15
135
279
310
231
311
1080
2016
2235
2194
2330
2318
1750
1206
646
-470
-1224
-1423
-2031
-2870
-2799
-2515
-3142
-3301
-2590
-2449
-2737
-2401
-2103
-2664
-2595
-1928
-2177
-2531
-1937
-1396
-1709
-1178
188
758
1241
2193
2548
2171
2350
2480
1529
707
548
-81
-1036
-1140
-922
-1103
-951
-577
-623
-584
-80
-18
-567
-651
-640
-1058
-1317
-1130
-907
-591
141
850
1510
2505
3432
3800
4054
4478
4583
4441
4326
4010
3644
3455
3375
3058
2889
3008
2933
2757
2616
2316
1714
1099
416
-488
-1250
-1725
-2113
-2369
-2252
-1875
-1493
-979
-386
107
526
896
1011
986
1056
1085
964
873
895
894
905
906
865
761
519
209
-274
-676
-1015
-1458
-1902
-2218
-2317
-2358
-2266
-2035
-1763
-1524
-1250
-1124
-1064
-850
-693
-712
-820
-797
-699
-653
-573
-525
-473
-398
-404
-500
-611
-478
201
1123
1396
1421
1604
1611
1206
610
150
-787
-1605
-1781
-2242
-2990
-3030
-2695
-3157
-3483
-2956
-2777
-3151
-3100
-2880
-3494
-3693
-2986
-2944
-3140
-2426
-1620
-1599
-1008
430
1176
1556
2316
2686
2306
2272
2445
1683
899
829
501
-280
-360
28
-106
-223
47
72
-139
39
12
-655
-1105
-1167
-1524
-1830
-1443
-839
-500
161
1189
1972
2834
3840
4404
4511
4785
5037
4772
4484
4412
4251
3980
3827
3689
3437
3390
3304
2811
2258
1860
1229
452
-24
-512
-1213
-1716
-1880
-2044
-2093
-1740
-1479
-1394
-902
-210
103
322
692
822
767
919
1047
834
775
963
898
799
817
720
355
132
-137
-686
-1113
-1323
-1580
-1916
-2041
-2193
-2350
-2234
-1973
-1898
-1793
-1559
-1465
-1421
-1315
-1223
-1169
-1046
-1029
-1015
-850
-619
-552
-619
-672
-808
-932
-1098
-1249
-1317
-675
662
1389
1677
2140
2651
2637
2271
2065
1270
260
-156
-683
-1750
-2247
-1871
-2277
-3173
-2941
-2560
-2975
-3187
-2823
-3225
-3942
-3462
-3233
-3720
-3360
-2248
-1985
-1911
-435
869
1250
2034
3077
3135
2831
3174
2905
1865
1514
1440
594
-133
203
239
-249
-249
-139
-475
-734
-645
-1180
-1968
-2079
-2168
-2523
-2538
-1998
-1442
-822
294
1360
2260
3215
3959
4220
4317
4592
4595
4367
4213
4074
3896
3803
3763
3587
3546
3630
3328
2732
2198
1565
686
-161
-909
-1657
-2048
-2076
-2112
-2101
-1673
-1195
-932
-475
87
307
424
675
655
535
657
742
695
869
1214
1270
1253
1447
1417
1079
754
422
-155
-666
-974
-1377
-1797
-1956
-2004
-2193
-2190
-1888
-1754
-1761
-1629
-1519
-1468
-1376
-1212
-1175
-1145
-964
-996
-1127
-1093
-983
-985
-1112
-1180
-1318
-1509
-1549
-1604
-1605
-1234
7
1227
1719
2297
3011
3356
3020
2601
2042
829
-10
-469
-1451
-2340
-2255
-2118
-2976
-3234
-2674
-2812
-3351
-3351
-3372
-4210
-4352
-3829
-4061
-4027
-2933
-2016
-1853
-663
1320
2236
3041
4183
4597
4244
4349
4374
3199
2379
2256
1531
446
351
734
352
112
250
-87
-569
-671
-1093
-2203
-2776
-2864
-3359
-3755
-3345
-2659
-2226
-1384
-191
792
1876
3142
3938
4175
4619
5031
4881
4740
4753
4532
4180
4052
3961
3668
3633
3501
2802
2075
1472
623
-468
-1196
-1880
-2675
-2958
-2913
-2911
-2651
-1959
-1478
-1168
-458
229
491
713
1034
1119
1140
1477
1639
1672
2043
2391
2376
2348
2549
2386
1870
1470
974
233
-400
-895
-1551
-2121
-2274
-2436
-2745
-2678
-2471
-2405
-2366
-2181
-2040
-2070
-1907
-1763
-1787
-1699
-1480
-1443
-1428
-1269
-1083
-970
-857
-752
-773
-744
-674
-749
-809
-684
-204
912
1937
2346
2674
3189
3341
2812
2360
1787
678
72
-268
-1190
-2044
-2005
-2148
-3163
-3413
-3141
-3616
-4160
-4035
-4082
-4626
-4183
-3524
-3696
-3355
-2249
-1588
-1406
-328
1082
1703
2408
3217
3410
3275
3511
3415
2573
2154
1967
1218
517
434
271
-274
-572
-846
-1416
-1753
-1915
-2530
-3270
-3496
-3655
-3879
-3646
-3098
-2549
-1898
-863
77
1028
2364
3441
4022
4496
5099
5345
5365
5481
5326
5031
4886
4732
4318
4064
4117
3761
2979
2293
1597
559
-392
-1044
-1973
-2781
-2876
-2645
-2567
-2074
-1104
-491
52
939
1722
2052
2476
2885
2857
2794
2985
3029
2793
2863
2989
2747
2554
2488
2070
1414
849
131
-783
-1449
-2016
-2806
-3447
-3634
-3819
-4030
-3873
-3632
-3496
-3300
-2886
-2584
-2361
-1957
-1688
-1634
-1509
-1310
-1273
-1353
-1343
-1385
-1505
-1523
-1525
-1653
-1689
-1604
-1739
-1916
-1790
-1310
-162
1156
1764
2194
2852
3309
2988
2597
2361
1443
670
346
-439
-1390
-1434
-1403
-2411
-2886
-2500
-2759
-3486
-3531
-3542
-4330
-4374
-3767
-3858
-3824
-2764
-1913
-1790
-723
1024
1804
2283
3272
3728
3497
3654
3774
3001
2393
2288
1612
765
723
910
370
-154
-318
-797
-1363
-1624
-2045
-2837
-3248
-3407
-3744
-3699
-3054
-2334
-1767
-868
325
1306
2280
3216
3773
4114
4535
4779
4657
4746
5040
5147
5056
5048
5045
4825
4613
4178
3325
2529
1835
826
-358
-1083
-1532
-2018
-2205
-2025
-1662
-1045
-183
376
724
1397
1934
1988
2066
2233
2206
2254
2490
2492
2355
2562
2641
2220
1900
1619
946
86
-548
-1305
-2210
-2729
-3137
-3607
-3857
-3748
-3654
-3551
-3046
-2623
-2478
-2195
-1878
-1809
-1740
-1494
-1457
-1531
-1366
-1196
-1251
-1224
-1135
-1222
-1335
-1327
-1408
-1622
-1712
-1798
-2001
-2169
-2242
-2229
-1795
-365
1077
1792
2600
3444
3862
3628
3381
2788
1453
793
324
-867
-1858
-1821
-2017
-3103
-3296
-2915
-3357
-3895
-3805
-4134
-5164
-5068
-4582
-4929
-4678
-3423
-2639
-2517
-1176
774
1623
2374
3412
3760
3471
3742
3985
3211
2860
2861
2135
1206
1175
1461
917
467
167
-554
-1170
-1456
-1949
-2915
-3420
-3605
-4045
-4150
-3499
-2510
-1791
-837
323
1306
2453
3677
4507
4914
5459
5895
5904
5948
6223
6392
6191
6024
5852
5487
5261
4921
4138
3061
2077
1098
64
-631
-1187
-1747
-1973
-1732
-1434
-1147
-486
135
395
762
1222
1337
1428
1721
1829
1754
1889
1994
1809
1761
1827
1484
894
430
-95
-895
-1537
-2091
-2763
-3241
-3456
-3736
-3992
-3819
-3515
-3408
-3251
-2932
-2769
-2715
-2558
-2423
-2330
-2128
-1963
-1893
-1784
-1589
-1481
-1517
-1517
-1622
-1835
-1884
-1877
-2037
-2346
-2392
-2334
-2391
-2248
-1916
-1538
-666
1160
2768
3584
4320
4993
4910
4119
3535
2661
1086
214
-239
-1316
-2072
-1849
-1973
-2997
-3073
-2614
-3303
-4077
-4037
-4516
-5654
-5463
-4707
-4845
-4400
-2932
-2007
-1567
82
2002
2645
3402
4491
4554
4088
4380
4451
3541
3166
3117
2315
1515
1710
1717
776
161
-258
-1260
-2113
-2414
-3057
-4052
-4346
-4404
-4696
-4285
-3062
-2059
-1386
-144
1267
2319
3528
4650
5205
5572
6088
6276
6209
6620
7126
7156
6965
6792
6537
6146
5735
4862
3591
2639
1736
482
-530
-949
-1479
-2100
-2125
-1738
-1547
-1113
-343
-55
68
581
948
833
1014
1456
1388
1224
1473
1616
1496
1606
1565
1058
771
581
-132
-967
-1402
-1861
-2650
-3054
-3161
-3507
-3700
-3603
-3606
-3618
-3303
-3122
-3401
-3478
-3312
-3463
-3659
-3502
-3328
-3294
-3037
-2763
-2744
-2544
-2179
-2200
-2416
-2267
-2005
-2052
-2107
-1963
-1924
-1755
-1417
-1251
-1108
-707
584
2266
3133
3569
3980
4147
3553
2579
2028
983
-199
-641
-1126
-1830
-1786
-1163
-1597
-2280
-1893
-1799
-2708
-3226
-3050
-3778
-4378
-3630
-3237
-3191
-2098
-582
-205
311
2056
3159
3392
4147
4772
4288
3934
4161
3563
2794
2966
2817
1883
1565
1929
1419
531
193
-449
-1460
-1999
-2476
-3494
-4005
-3815
-3869
-3809
-2792
-1473
-604
524
1936
2864
3677
4761
5289
5315
5655
6128
6053
5975
6478
6771
6656
6596
6478
5839
5119
4381
3061
1742
858
-117
-1339
-1982
-2022
-2247
-2276
-1829
-1423
-1141
-714
-404
-493
-406
-82
-71
-194
20
303
352
538
872
1024
1139
1280
1048
518
211
-166
-1016
-1839
-2376
-2953
-3475
-3696
-3778
-3829
-3649
-3399
-3443
-3431
-3201
-3122
-3294
-3441
-3489
-3592
-3621
-3422
-3096
-2699
-2361
-2163
-1995
-1773
-1522
-1488
-1602
-1705
-1773
-1788
-1783
-1691
-1403
-1058
-817
-617
-308
64
657
2023
3285
3433
3408
3634
3296
2292
1713
1338
195
-420
-309
-758
-1249
-781
-549
-1628
-2129
-1883
-2617
-3650
-3635
-3592
-4453
-4207
-3027
-2779
-2376
-908
195
238
1005
2412
2739
2935
3680
3882
3480
3683
4060
3599
3394
3631
3163
2200
1847
1613
626
-145
-530
-1244
-1964
-2209
-2368
-2720
-2528
-2053
-1820
-1284
-268
617
1169
1961
2807
3372
3997
4645
5075
5444
6017
6455
6561
6795
7075
6968
6520
6000
5278
4369
3525
2556
1467
618
-13
-719
-1248
-1316
-1333
-1579
-1638
-1460
-1410
-1442
-1391
-1591
-1834
-1683
-1470
-1436
-1199
-700
-458
-319
6
235
191
78
-155
-727
-1144
-1345
-1827
-2392
-2705
-2853
-3232
-3445
-3341
-3382
-3478
-3569
-3786
-4095
-4130
-4047
-4217
-4417
-4330
-4161
-4075
-3784
-3304
-2876
-2494
-2075
-1742
-1544
-1272
-1040
-1040
-1094
-994
-838
-838
-721
-363
-32
241
519
728
744
812
1804
3337
3988
3962
4080
4118
3414
2561
2255
1435
338
57
-227
-852
-739
-133
-710
-1744
-1724
-1959
-3054
-3500
-3181
-3677
-4164
-3281
-2579
-2291
-1047
439
808
1156
2492
3307
3384
4042
4593
4121
3780
4105
3829
3277
3333
3083
2060
1276
1046
443
-425
-975
-1762
-2687
-3082
-3236
-3507
-3417
-2769
-2271
-1815
-942
81
921
1793
2694
3251
3853
4707
5272
5579
6008
6495
6636
6664
6842
6769
6300
5723
4918
3926
3066
2283
1255
189
-555
-1207
-1823
-2192
-2267
-2293
-2298
-2117
-1813
-1453
-1078
-806
-682
-552
-365
-191
-58
-51
-64
-53
47
114
123
224
201
-94
-499
-878
-1335
-1897
-2461
-3130
-3875
-4373
-4589
-4746
-4862
-4800
-4683
-4584
-4344
-4058
-3852
-3654
-3520
-3491
-3516
-3383
-3083
-2820
-2501
-2142
-1817
-1557
-1219
-889
-704
-504
-381
-466
-469
-346
-212
-36
169
408
557
624
817
965
1811
3383
4119
4093
4106
4120
3364
2193
1809
1156
118
-63
-33
-434
-295
439
-126
-1319
-1280
-1413
-2798
-3608
-3055
-3306
-3907
-2901
-1811
-1252
35
1583
1853
1851
3106
3681
3137
3500
4248
3794
2995
3200
3149
2663
2749
2557
1540
677
572
-145
-1314
-1735
-2154
-2922
-3366
-3241
-3129
-2855
-2000
-1365
-1003
-227
734
1296
1951
2967
3633
3963
4554
5276
5607
5804
6215
6269
5930
5665
5387
4842
4240
3661
2777
1972
1447
805
-41
-641
-1053
-1722
-2207
-2329
-2467
-2509
-2218
-1987
-1792
-1210
-745
-690
-535
-212
-191
-379
-233
-151
-368
-324
-206
-321
-270
-163
-585
-1149
-1578
-2169
-2919
-3499
-3924
-4533
-4944
-4937
-4901
-4752
-4353
-4087
-4004
-3790
-3537
-3461
-3376
-3175
-3115
-3148
-2881
-2437
-1935
-1408
-942
-644
-435
-181
-109
-205
-277
-420
-567
-583
-365
26
404
814
1074
1158
1328
1436
1561
1421
1689
3210
4103
3928
3994
4526
4254
2879
2373
2044
893
763
968
92
-384
430
68
-1699
-1768
-1242
-2609
-3880
-3106
-2888
-3617
-2510
-1251
-1372
-651
976
1018
380
1646
2520
1597
1775
3025
2796
1976
2453
2607
1765
1694
1621
333
-556
-369
-1040
-2398
-2324
-1891
-2496
-2813
-2259
-1842
-1661
-1061
-715
-686
47
989
1239
1671
2847
3640
3920
4591
5390
5693
5820
5943
5672
5260
5079
4679
4093
3907
3712
2971
2365
2192
1711
917
338
-259
-1154
-1718
-1715
-1872
-1962
-1527
-1277
-1292
-1014
-564
-522
-681
-672
-892
-1179
-1127
-969
-1033
-1013
-833
-987
-1243
-1282
-1503
-2047
-2588
-3028
-3632
-4045
-4044
-4263
-4584
-4484
-4195
-4247
-4136
-3697
-3541
-3520
-3324
-3101
-3110
-2994
-2620
-2542
-2539
-2095
-1656
-1430
-1131
-775
-523
-260
167
350
422
771
1050
1073
1199
1603
1922
2077
2213
2302
2225
2234
2208
1978
1865
1902
2977
4313
4483
4333
4547
4609
3441
2177
1899
1035
343
476
90
-627
-154
341
-991
-1953
-1362
-1797
-3345
-3299
-2561
-3243
-3153
-1797
-1403
-1242
-42
644
-7
378
1534
1170
674
1650
2086
1351
1393
1870
1569
1395
1555
769
-500
-672
-723
-1634
-1913
-1471
-1517
-1727
-1195
-759
-877
-644
-279
-384
-394
267
800
1162
2097
3066
3491
3914
4639
4975
4793
4721
4673
4311
4154
4342
4271
4113
4117
3753
2989
2381
1848
847
-260
-885
-1503
-2171
-2230
-1984
-1935
-1791
-1482
-1547
-1746
-1497
-1518
-2062
-2217
-1974
-2111
-2098
-1345
-769
-623
-370
-411
-974
-1347
-1580
-2421
-3221
-3386
-3686
-4128
-3906
-3407
-3374
-3341
-3091
-3056
-3147
-3100
-3196
-3418
-3272
-3046
-2884
-2544
-1965
-1440
-1094
-720
-402
-78
248
386
466
663
908
1134
1324
1440
1577
1725
1815
1807
1868
2084
2031
1832
1813
1636
1451
1371
1219
872
578
1762
3215
3296
3067
3272
3216
1851
566
280
-314
-526
-93
-404
-1216
-590
68
-1170
-2015
-1484
-1949
-3619
-3569
-2573
-3184
-3102
-1674
-1311
-1491
-597
89
-621
-348
840
657
188
1297
2285
1844
1932
2444
1967
1397
1481
1255
310
173
423
-73
-128
466
592
96
93
309
-28
-287
-143
23
196
747
1322
1750
2522
3292
3589
3610
3833
4041
3844
3776
3965
3959
3899
3972
3911
3703
3396
2728
1827
1181
590
-284
-1079
-1388
-1614
-2022
-2256
-2396
-2641
-2801
-2857
-3213
-3665
-3639
-3558
-3686
-3357
-2684
-2353
-2260
-1806
-1458
-1708
-1970
-2093
-2554
-2899
-2778
-2854
-2893
-2284
-1836
-1960
-1870
-1615
-1908
-2346
-2351
-2522
-2830
-2660
-2260
-1981
-1336
-576
-385
-239
279
589
434
500
845
1083
1248
1476
1669
1876
2124
2015
1684
1686
1881
1764
1668
1887
2073
2097
1990
1902
1690
1315
914
225
-106
-195
157
1706
2909
2996
2786
2982
2596
984
58
-282
-1005
-1042
-591
-923
-1128
-112
-110
-1536
-2014
-1919
-3244
-4623
-3814
-3387
-4091
-3489
-2422
-2136
-1740
-775
-882
-1606
-830
-4
-260
179
1627
2126
2031
2679
3063
2704
2485
2375
1558
881
1053
897
534
853
1320
1156
770
705
431
3
-167
-258
-395
-324
152
666
1318
2162
2794
3085
3231
3461
3551
3425
3433
3530
3480
3413
3491
3514
3232
2799
2276
1581
863
236
-349
-806
-1073
-1475
-2053
-2449
-2660
-2923
-3226
-3488
-3608
-3675
-3617
-3272
-2656
-1903
-1555
-1580
-1499
-1398
-1477
-1530
-1440
-1345
-1216
-907
-686
-620
-378
-290
-761
-1366
-1673
-2068
-2548
-2619
-2389
-2169
-1886
-1432
-1083
-763
-347
-307
-547
-592
-447
-455
-288
313
844
1177
1486
1651
1573
1488
1535
1383
1069
975
939
962
1091
1283
1405
1473
1403
1128
705
475
314
187
58
-22
-65
75
1436
2626
2595
2181
2131
1783
419
-249
-40
-385
-179
662
692
17
224
70
-1662
-2732
-2722
-3731
-5242
-4636
-3469
-3714
-3249
-1948
-1781
-2111
-1544
-1362
-2220
-1777
-416
4
640
2579
3731
3329
3491
4065
3533
2556
2138
1550
825
1087
1457
1102
1014
1398
1003
-178
-679
-778
-1541
-2140
-1834
-1386
-991
-235
535
992
1545
2094
2016
1690
1970
2335
2311
2607
3265
3590
3672
3811
3718
3181
2534
1833
1031
546
282
-104
-394
-363
-616
-1285
-1719
-2064
-2646
-3180
-3328
-3338
-3365
-3182
-2873
-2529
-2190
-1970
-1954
-1860
-1481
-1176
-926
-566
-121
57
-103
-179
-231
-410
-735
-1067
-1272
-1299
-1130
-960
-748
-539
-399
-487
-773
-889
-1015
-1153
-1223
-1110
-701
-214
373
843
1225
1426
1399
1282
1102
970
863
881
957
1072
1344
1560
1678
1650
1507
1248
926
744
370
-98
-409
-752
-969
-1113
-1035
-1066
-738
894
1796
1464
1198
1670
1435
167
-53
-10
-595
-307
518
229
-471
-295
-1162
-3041
-3454
-3028
-4147
-5281
-4110
-3286
-3715
-3078
-1767
-1867
-2372
-1682
-1428
-1667
-622
801
1232
1912
3618
4172
3540
3633
3923
3102
2168
2199
1912
1291
1429
1739
1516
1161
891
-20
-1047
-1361
-1576
-2129
-2271
-1645
-1093
-696
-42
695
1096
1221
1352
1429
1643
2034
2378
2655
3199
3777
3824
3700
3699
3524
2955
2345
1861
1365
981
657
249
-293
-779
-1371
-2111
-2671
-3086
-3476
-3642
-3516
-3438
-3410
-3160
-2752
-2431
-2083
-1694
-1499
-1260
-898
-559
-228
149
359
243
375
744
908
890
1054
1079
729
537
499
402
199
63
-120
-273
-247
-281
-235
38
329
327
344
585
729
828
882
800
672
672
634
633
860
1142
1142
941
989
1154
1157
944
667
451
241
-77
-455
-644
-617
-767
-914
-907
-724
-695
-753
331
1350
1206
641
609
611
-383
-1101
-1012
-1190
-999
-315
-173
-718
-809
-1302
-2917
-3800
-3307
-3610
-4910
-4620
-3551
-3610
-3313
-2104
-1754
-2291
-1881
-1260
-1465
-910
632
1306
1357
2391
3195
2785
2462
2639
2070
1235
1438
1687
1253
1213
1732
1695
1097
871
390
-537
-991
-946
-1112
-1037
-252
278
378
691
1214
1279
1052
1161
1426
1659
2038
2540
3067
3678
4037
3898
3720
3628
3274
2675
2334
2186
1876
1716
1530
1005
432
3
-775
-1655
-1972
-2264
-2819
-3009
-2714
-2617
-2596
-2218
-1994
-2098
-1940
-1543
-1377
-1107
-538
-329
-266
257
819
862
1007
1404
1373
1140
1168
1199
898
761
697
191
-127
81
165
-65
8
183
-40
-219
-197
-191
-348
-377
-450
-668
-543
-267
-167
-211
-53
44
-55
-67
74
143
44
2
-104
-183
-128
-33
-76
-175
-411
-694
-988
-1233
-1460
-1652
-1799
-1977
-2157
-1955
-738
337
455
176
231
125
-734
-1203
-1001
-1101
-1075
-669
-461
-719
-853
-1290
-2466
-3091
-2840
-3195
-4013
-3526
-2589
-2561
-2269
-1286
-966
-1449
-1388
-1114
-1379
-961
262
830
977
1927
2684
2349
2122
2413
2038
1336
1446
1730
1504
1633
2172
1934
1330
1254
1021
113
-343
-72
-128
-187
375
957
865
836
1066
866
666
948
1279
1218
1564
2395
2795
2934
3300
3541
3136
2714
2683
2438
2119
2051
1924
1560
1345
1124
509
-88
-451
-901
-1386
-1470
-1391
-1502
-1487
-1250
-1222
-1368
-1372
-1458
-1528
-1359
-1002
-568
-73
384
652
886
1135
1126
959
888
839
644
523
564
594
591
514
413
316
298
111
-193
-339
-492
-704
-919
-922
-873
-1002
-1109
-1155
-1184
-1120
-1110
-1211
-1123
-879
-736
-780
-734
-624
-669
-701
-601
-466
-431
-449
-549
-713
-734
-762
-1007
-1237
-1175
-1184
-1401
-1382
-1251
-1232
-1381
-1250
-557
127
421
256
18
-161
-612
-1160
-1516
-1539
-1272
-976
-839
-799
-910
-1413
-2035
-2401
-2513
-2721
-2853
-2492
-1972
-1519
-1146
-817
-600
-595
-802
-975
-701
-30
581
1054
1797
2510
2733
2579
2285
1968
1597
1268
1125
1403
1950
2313
2456
2586
2600
2140
1512
1154
855
453
231
418
772
1072
1248
1300
1234
1170
1055
854
841
1086
1305
1402
1774
2322
2502
2297
2158
2146
1984
1702
1558
1661
1749
1716
1587
1405
1199
815
276
-240
-549
-807
-1097
-1109
-976
-996
-1188
-1253
-1234
-1332
-1386
-1382
-1333
-1167
-935
-800
-654
-379
-202
-183
-24
281
477
619
802
973
1122
1214
1166
953
804
667
372
37
-150
-295
-456
-608
-722
-862
-1109
-1337
-1576
-1837
-1992
-1993
-1944
-1813
-1610
-1393
-1262
-1160
-999
-885
-814
-793
-783
-783
-619
-417
-360
-438
-495
-489
-648
-889
-998
-1011
-1138
-1320
-1454
-1583
-1620
-1536
-1484
-1356
-996
-576
-423
-518
-590
-735
-1058
-1279
-1171
-861
-585
-315
-84
-165
-450
-649
-709
-765
-848
-861
-771
-471
-152
-41
-88
-24
47
-135
-335
-245
30
249
497
962
1448
1765
1915
1942
2007
2092
2133
2088
2216
2485
2636
2622
2626
2681
2579
2323
2092
1970
1868
1663
1325
999
814
660
484
358
326
340
331
403
621
900
1014
1007
1116
1217
1137
931
894
1039
1144
1175
1165
1123
1023
1048
1056
828
545
330
34
-307
-376
-383
-576
-711
-732
-877
-1083
-1141
-1218
-1441
-1490
-1316
-1201
-1053
-666
-331
-294
-239
-104
-162
-237
-99
-1
-137
-154
80
149
86
97
35
-209
-422
-511
-683
-849
-904
-1006
-1213
-1308
-1275
-1304
-1335
-1268
-1263
-1316
-1186
-929
-748
-647
-626
-723
-877
-1021
-1113
-1160
-1167
-1221
-1315
-1259
-1111
-1071
-1101
-1093
-1113
-1205
-1172
-1049
-949
-831
-636
-445
-369
-285
-223
-221
-290
-396
-404
-259
-33
191
412
609
729
703
575
481
457
411
297
205
222
303
396
532
627
693
727
656
548
548
656
685
679
785
962
1072
1144
1255
1390
1425
1378
1316
1317
1400
1416
1309
1201
1171
1047
740
446
322
190
-56
-257
-303
-289
-314
-328
-313
-314
-376
-490
-585
-593
-492
-405
-300
-94
117
214
283
439
558
531
442
385
366
369
349
375
523
625
557
494
529
497
359
269
241
156
58
24
48
91
118
113
147
222
275
287
300
352
359
302
267
253
226
196
181
174
227
299
218
-5
-144
-223
-394
-586
-660
-725
-850
-904
-903
-965
-1045
-1084
-1144
-1175
-1141
-1143
-1175
-1120
-1034
-1118
-1255
-1235
-1231
-1358
-1440
-1390
-1333
-1372
-1386
-1311
-1195
-1157
-1188
-1146
-1032
-926
-810
-665
-519
-416
-415
-418
-278
-48
76
117
189
309
377
408
524
670
695
632
635
654
611
532
500
538
609
679
739
788
838
845
792
740
758
790
807
868
991
1159
1251
1295
1350
1351
1291
1227
1246
1272
1220
1138
1092
1019
923
829
723
649
560
436
269
120
-2
-153
-355
-509
-558
-587
-627
-643
-624
-649
-735
-746
-703
-709
-764
-721
-540
-346
-191
-122
-93
-33
90
171
138
104
68
5
-20
56
166
156
93
93
92
15
-86
-135
-179
-225
-244
-208
-117
37
223
313
353
446
486
403
356
449
514
451
484
677
843
819
710
639
529
322
48
-192
-260
-219
-272
-366
-298
-195
-347
-571
-637
-637
-696
-754
-714
-596
-433
-361
-434
-439
-370
-449
-630
-679
-649
-744
-896
-908
-880
-949
-1047
-1094
-1135
-1200
-1220
-1164
-1083
-942
-772
-662
-556
-431
-426
-513
-520
-423
-354
-291
-123
13
43
104
210
219
187
264
372
342
269
331
412
428
424
482
582
672
747
723
669
703
781
814
891
1101
1257
1206
1181
1244
1185
990
820
753
721
724
753
736
715
733
620
361
220
178
59
-80
-113
-98
-93
-61
-15
-43
-92
-162
-321
-462
-481
-428
-386
-297
-137
-5
75
138
175
173
103
-26
-130
-156
-121
-139
-119
-32
16
-22
-26
-35
-207
-369
-405
-434
-551
-560
-427
-369
-402
-392
-356
-249
-58
107
193
340
574
654
594
621
697
626
453
332
234
141
115
45
-75
-103
-138
-381
-591
-632
-692
-868
-889
-680
-554
-506
-464
-413
-373
-246
-108
-76
7
141
178
127
138
105
-43
-144
-160
-201
-248
-253
-252
-271
-282
-293
-349
-439
-524
-564
-596
-625
-647
-610
-490
-406
-337
-278
-248
-239
-247
-208
-182
-124
-70
-8
74
156
257
324
343
322
291
284
296
347
466
568
605
662
678
564
352
178
123
202
281
311
393
513
588
563
574
541
394
211
112
141
217
295
347
382
380
345
212
102
79
59
-36
-88
-35
2
41
38
34
-69
-217
-316
-313
-258
-285
-298
-194
1
69
55
32
-25
-115
-202
-263
-249
-211
-157
-76
8
76
80
-27
-109
-149
-231
-350
-341
-220
-171
-90
-87
-69
20
83
73
151
297
408
482
650
810
823
769
760
847
792
710
550
432
355
211
35
-3
-112
-333
-585
-779
-734
-791
-888
-937
-942
-800
-653
-698
-750
-652
-426
-282
-271
-50
78
113
176
45
-153
-271
-222
-196
-217
-138
-69
-122
-163
-324
-590
-763
-657
-509
-417
-404
-391
-354
-304
-285
-419
-453
-349
-201
-58
74
192
323
378
484
572
545
493
437
625
689
596
540
577
674
579
403
333
513
740
809
802
792
794
750
550
313
88
65
151
72
59
94
127
118
-10
-84
-216
-382
-467
-487
-375
-335
-383
-406
-428
-427
-433
-473
-446
-357
-206
-143
-122
-18
4
-71
-226
-359
-339
-277
-182
-53
105
268
270
205
118
76
34
-136
-265
-247
-73
82
156
237
255
195
102
-49
-153
-206
-98
20
43
18
95
255
297
206
108
131
231
361
408
365
372
480
552
495
371
352
416
417
323
180
140
220
295
271
85
-104
-162
-204
-288
-422
-542
-604
-614
-610
-630
-598
-528
-444
-411
-405
-376
-328
-297
-311
-335
-315
-276
-160
-20
43
112
184
163
95
5
-104
-207
-272
-309
-396
-443
-367
-307
-301
-261
-203
-248
-329
-336
-300
-279
-219
-114
-19
52
138
177
146
139
139
155
241
393
496
557
637
693
682
655
687
773
831
827
689
492
322
239
181
115
77
109
152
182
76
-174
-520
-757
-775
-675
-595
-473
-261
-73
13
-61
-164
-196
-159
-140
-70
81
251
368
438
483
418
265
127
52
8
-63
-87
29
168
175
60
-23
-73
-219
-414
-431
-238
-52
8
11
64
83
36
-42
-63
-60
-78
-103
-67
67
192
230
240
243
186
59
-55
-68
-65
-59
-85
-46
35
51
24
31
68
39
24
39
22
16
53
63
66
99
100
50
45
87
42
-70
-86
-63
-94
-112
-120
-142
-133
-130
-155
-204
-171
-127
-142
-138
-59
-28
-123
-140
-104
-150
-268
-324
-331
-343
-326
-287
-253
-229
-154
-126
-150
-139
-60
-29
-42
-19
-56
-83
-34
21
-20
-60
-3
47
66
88
99
129
185
200
189
189
233
223
195
262
366
424
467
516
543
526
458
377
336
331
279
225
191
167
74
-70
-178
-237
-276
-323
-319
-306
-270
-253
-294
-331
-332
-325
-354
-372
-291
-157
-63
-42
-19
57
83
12
-43
-38
1
37
89
145
183
177
154
125
82
35
23
54
70
61
50
57
61
47
15
0
38
90
119
143
184
219
213
178
157
153
125
61
17
-11
-25
-60
-138
-226
-262
-266
-295
-324
-320
-235
-189
-175
-159
-129
-95
-24
85
149
208
283
330
313
286
308
311
261
222
219
212
154
52
-10
-28
-92
-227
-332
-334
-281
-297
-373
-395
-347
-337
-407
-430
-342
-255
-241
-208
-116
-32
-14
-10
39
102
165
157
124
167
248
262
209
188
173
116
50
30
54
45
-4
-68
-75
-29
-23
-74
-110
-67
-27
-36
-32
52
122
111
74
94
178
213
168
128
171
191
166
131
149
137
65
-1
-11
29
16
-15
-7
36
66
43
8
-15
-47
-87
-128
-121
-91
-86
-98
-95
-88
-112
-117
-115
-151
-231
-263
-200
-116
-58
-28
33
90
77
22
1
32
26
3
11
75
111
99
80
53
28
-9
-18
-11
23
46
60
50
43
49
60
54
49
76
92
80
47
40
12
-27
-65
-95
-109
-107
-86
-85
-108
-120
-74
-23
2
32
67
102
142
191
214
240
294
291
232
229
249
210
160
149
117
42
-8
-33
-70
-118
-161
-206
-250
-271
-306
-350
-354
-382
-438
-461
-400
-320
-286
-245
-179
-113
-67
-4
73
136
180
190
199
228
260
235
171
143
148
140
125
133
122
64
-14
-56
-79
-66
-49
-44
-24
-19
-44
-96
-92
-51
-40
-52
-44
5
32
47
63
74
78
91
102
105
119
134
129
107
68
6
-5
30
69
74
60
50
22
-38
-91
-109
-115
-112
-81
-35
1
35
46
26
4
-20
-64
-83
-63
-21
-1
-11
-13
8
10
-44
-74
-57
-41
-57
-75
-64
-39
-2
-4
-15
5
16
19
27
46
73
103
117
102
90
98
89
44
27
42
51
37
23
21
7
-20
-64
-108
-112
-79
-75
-102
-77
-21
-5
-20
-6
35
37
20
15
25
61
85
84
95
94
80
67
65
57
55
46
5
-22
-19
-36
-89
-128
-140
-155
-163
-133
-110
-116
-123
-125
-135
-133
-105
-97
-90
-51
-8
3
8
68
109
97
87
106
133
143
143
130
131
119
74
27
22
45
34
-9
-24
-5
-10
-40
-59
-55
-51
-68
-74
-63
-54
-39
-43
-46
-25
-15
-29
-28
-2
15
20
23
47
46
31
23
31
27
3
2
39
68
63
46
30
20
0
-15
-41
-41
-24
-8
0
4
23
29
8
-34
-60
-54
-44
-49
-38
-1
31
36
32
42
39
4
-36
-40
-4
10
-2
13
47
44
6
-14
-26
-32
-30
-15
1
16
37
44
54
64
54
22
-12
-14
-10
-40
-55
-41
-24
-43
-66
-59
-27
-8
-16
-17
4
28
41
43
50
59
64
92
120
135
104
66
68
85
96
69
32
1
-11
-23
-44
-42
-30
-35
-77
-116
-114
-106
-143
-179
-143
-92
-106
-136
-103
-52
-55
-103
-116
-80
-53
-39
-30
14
69
94
103
113
128
118
95
80
79
77
64
64
58
50
51
59
60
39
27
28
12
-36
-63
-47
-60
-97
-100
-46
-1
-31
-58
-26
-17
-56
-86
-70
-32
-12
-3
22
68
89
77
69
78
69
40
31
49
74
48
19
40
72
51
-9
-36
-27
-32
-78
-95
-48
-18
-48
-80
-68
-46
-67
-96
-95
-66
-30
-15
0
16
53
85
90
84
92
106
90
62
58
64
46
32
28
24
8
-13
-36
-54
-56
-64
-74
-66
-42
-35
-36
-30
-41
-71
-61
-29
-27
-27
24
80
82
72
88
92
69
34
-6
-5
34
56
33
26
53
52
17
-14
-31
-42
-50
-65
-51
15
52
25
-4
21
42
0
-37
-28
-16
-34
-57
-46
-16
-20
-56
-64
-34
-34
-72
-92
-52
-6
-9
-32
-25
9
16
-9
-6
29
29
-8
-19
20
54
58
44
26
18
11
3
1
11
37
41
24
15
28
41
33
2
-38
-62
-62
-51
-58
-57
-32
-17
-15
-22
-18
-24
-23
-11
2
20
40
75
90
65
55
64
74
73
59
41
23
17
12
1
-7
-24
-51
-70
-71
-56
-39
-31
-37
-44
-23
-15
-35
-46
-26
4
6
15
32
43
51
57
63
47
44
34
18
17
21
28
7
-17
-6
9
6
-25
-42
-40
-51
-70
-67
-34
-23
-16
-2
14
21
11
3
8
15
11
-16
-23
3
15
1
-2
13
11
-7
-15
-3
3
6
12
22
36
35
34
54
53
30
15
8
4
-1
6
11
12
18
25
17
-4
-13
-25
-41
-55
-51
-39
-33
-30
-40
-32
-28
-47
-67
-72
-46
-29
-15
0
21
37
30
14
14
24
18
11
16
32
40
28
32
36
24
0
-9
16
33
20
-2
-7
-5
-30
-51
-53
-56
-60
-52
-32
-29
-37
-19
12
11
-14
-17
5
20
21
19
41
62
58
44
44
59
47
24
19
36
23
-12
-11
10
-4
-37
-45
-40
-26
-20
-27
-24
-5
12
-10
-34
-22
3
-7
-24
1
30
20
2
11
28
15
3
7
21
18
5
-1
5
7
-12
-20
-8
-6
-11
2
12
11
1
10
33
29
12
13
27
21
-3
-16
-12
-3
0
15
17
5
6
10
9
3
-11
-30
-20
2
16
19
17
14
19
20
3
-12
-22
-29
-33
-45
-45
-32
-15
-26
-39
-20
-8
-18
-29
-13
6
8
2
5
18
22
14
9
20
24
0
-9
14
10
-18
-29
-18
-13
-14
-19
-24
-23
-14
-7
0
13
19
13
12
19
13
11
16
9
9
11
11
6
-2
0
-6
-19
-23
-21
-14
-12
-8
-8
-6
-5
-10
-11
-7
8
15
15
25
41
46
38
29
17
20
37
44
41
38
39
33
10
-15
-30
-36
-42
-48
-42
-27
-18
-18
-25
-36
-38
-38
-41
-37
-26
-6
5
13
24
26
24
21
19
14
14
10
3
0
-10
-18
-3
7
-7
-15
-3
13
19
28
29
21
18
20
25
20
23
22
17
-2
-17
-6
12
1
-21
-12
-5
-15
-22
-11
5
-8
-30
-29
-13
3
-11
-23
-9
12
10
-2
-6
2
5
1
14
24
20
15
10
14
12
6
5
4
4
0
1
10
10
1
-15
-19
-9
-7
-23
-31
-23
-18
-26
-30
-26
-23
-24
-18
-2
-3
-15
-17
2
22
29
11
10
26
35
22
5
11
19
10
-8
5
22
11
-16
-31
-15
-7
-26
-39
-31
-12
-12
-14
-4
6
8
5
-6
-7
-4
-9
4
19
31
33
25
21
24
25
14
18
22
15
17
11
3
2
-7
-18
-26
-15
-1
1
-14
-22
-15
-16
-28
-36
-27
-23
-26
-12
7
21
20
17
23
23
24
18
15
13
3
5
11
10
10
15
22
26
21
13
5
-1
-6
1
-4
-23
-21
-5
7
-2
-12
-6
-1
0
-9
-20
-12
-6
-5
-12
0
12
9
5
4
9
2
-11
-12
-2
7
2
-8
-11
-9
-9
-8
-3
1
0
1
7
16
7
-10
-19
-15
-14
-13
-11
-3
9
7
1
2
6
0
-5
0
7
4
7
17
10
-1
4
7
8
3
-1
7
5
4
4
7
1
-11
-10
-12
-10
-6
-4
-1
-4
2
1
-5
-8
1
2
-6
-7
-8
-13
-16
-11
-5
5
6
-4
-1
4
0
-8
-8
1
0
-8
-4
3
18
25
8
2
9
3
-10
-9
4
9
5
0
2
6
-2
-13
-13
-5
-17
-20
-6
6
3
-11
-9
9
12
4
8
10
7
5
4
8
14
9
9
12
16
20
6
1
9
6
-6
-12
-7
3
0
-14
-10
9
25
18
12
11
7
8
-3
-2
6
-1
-7
-3
1
-2
-8
1
7
3
1
8
13
13
13
10
12
7
-6
-8
-7
-11
-15
-14
-8
-12
-14
-5
-4
-7
-13
-11
-7
-3
-5
-7
3
6
-5
-17
-18
-22
-24
-24
