3
5
4
5
4
5
4
5
6
6
6
6
5
5
4
6
6
6
5
6
6
5
4
4
2
0
-1
-3
-5
-5
-4
-4
-5
-4
-4
-4
-2
-2
-2
-3
-2
-2
-4
-4
-4
-4
-2
-2
-2
-2
-4
-5
-6
-6
-5
-4
-4
-4
-3
-2
-2
-1
0
0
2
3
4
5
4
4
6
7
6
6
4
5
6
6
6
5
5
6
6
6
6
5
5
6
6
6
6
6
5
4
4
4
6
3
2
2
1
1
1
1
-1
-2
-3
-3
-4
-4
-5
-4
-2
-1
-2
-2
-2
-3
-3
-4
-5
-7
-7
-8
-8
-8
-8
-9
-8
-8
-8
-5
-4
-4
-3
-1
0
0
-1
-1
-1
0
1
2
3
4
5
5
5
4
4
2
2
1
0
1
0
1
1
-1
1
0
0
0
0
0
0
0
0
1
1
2
2
2
3
4
4
3
1
2
3
3
1
-1
0
-1
-1
-2
-2
-1
-1
0
0
1
2
5
6
7
6
6
7
7
6
5
5
6
4
4
4
4
2
2
3
2
2
2
3
2
1
1
0
0
-1
-2
-2
-4
-6
-7
-9
-9
-11
-11
-10
-9
-9
-9
-7
-5
-1
-2
-1
-2
-3
-2
-4
-4
-5
-6
-6
-5
-4
-3
-3
-2
-1
-1
0
1
2
3
3
4
4
5
5
6
6
4
5
5
3
2
3
3
3
3
4
4
3
4
4
3
4
3
4
4
4
3
2
1
-1
-2
-2
-2
-3
-5
-6
-7
-7
-7
-7
-6
-7
-8
-7
-7
-7
-7
-6
-7
-6
-6
-5
-4
-4
-4
-3
-4
-3
-3
-1
0
1
2
2
4
5
4
4
6
3
3
4
4
3
3
5
6
7
8
7
8
9
9
11
11
11
11
13
13
12
10
9
6
3
3
3
2
3
3
1
1
1
1
1
1
1
-1
-2
-1
-1
-1
-3
-4
-5
-5
-6
-7
-7
-6
-5
-5
-5
-6
-6
-6
-6
-8
-7
-7
-8
-8
-10
-9
-9
-7
-6
-6
-5
-3
-2
-2
-1
-1
-2
-2
-2
-4
-5
-5
-4
-3
-3
-2
-4
-2
0
0
0
2
2
1
3
2
2
3
3
4
4
6
6
6
7
7
7
8
9
9
8
8
7
8
6
5
4
4
3
2
2
0
-1
-1
-1
0
1
1
-1
-1
1
1
1
2
1
0
2
2
1
1
2
1
2
1
4
3
2
3
3
4
3
3
3
1
0
0
-2
-1
-2
-2
-1
-1
0
-1
-1
-2
-1
-1
-1
-2
-2
-3
-4
-3
-4
-4
-3
-4
-4
-3
-2
-2
-1
-2
-3
-3
-2
-3
-3
-3
-4
-3
-4
-4
-4
-4
-3
-5
-6
-7
-6
-6
-6
-6
-4
-3
-3
-2
-1
-1
-1
-1
-1
-2
-1
-1
-2
-3
-3
-3
-4
-5
-6
-6
-5
-5
-5
-5
-4
-3
0
1
1
1
1
1
3
3
3
3
3
4
4
6
7
7
10
11
12
12
12
12
10
10
10
9
9
8
7
7
7
5
7
7
7
7
7
6
7
6
5
4
3
3
3
3
2
0
0
-1
-1
-1
-3
-3
-5
-6
-7
-6
-7
-8
-8
-7
-7
-5
-5
-5
-4
-3
-2
-3
-4
-3
-3
-3
-2
-3
-3
-3
-2
-2
-2
-2
-4
-2
-2
-1
-2
-2
-2
-1
-2
-1
-1
-2
-2
-2
-1
0
0
-1
-1
-1
-2
-2
-3
-4
-4
-2
-2
-2
-1
-1
-1
-2
-1
0
1
1
-1
-1
-2
-1
-1
-3
-2
-2
-2
-2
-2
-2
-3
-4
-4
-3
-3
-5
-5
-6
-5
-4
-4
-4
-4
-3
1
2
5
7
9
11
11
13
13
13
13
14
13
12
10
8
8
8
6
5
5
4
4
2
1
1
0
-1
-1
-1
-1
-2
-2
-4
-4
-4
-3
-2
-2
-2
-3
-3
-4
-2
-2
-1
-2
-2
-2
-3
-3
-3
-3
-3
-4
-2
-2
-2
-1
-2
-3
-1
0
0
-1
0
0
0
0
1
1
2
3
1
0
-1
0
-1
0
0
-1
-1
-1
0
0
3
3
4
4
4
4
4
4
4
4
3
4
4
3
3
2
2
2
1
1
-1
-1
-2
-2
-3
-4
-6
-7
-7
-6
-5
-6
-8
-8
-8
-6
-6
-6
-7
-8
-7
-7
-7
-8
-8
-8
-8
-7
-7
-7
-6
-5
-3
-2
-1
1
3
3
4
5
6
6
6
7
5
5
5
5
3
3
2
1
2
2
3
2
2
1
1
1
1
0
0
0
1
1
0
-1
-1
-1
-2
-3
-3
-3
-4
-3
-3
-4
-4
-3
-1
-2
0
0
-1
-1
0
0
0
-1
0
2
3
4
7
7
8
11
12
11
11
11
11
10
11
10
10
9
7
6
5
2
1
0
-1
-3
-4
-5
-3
-2
-1
-1
0
0
2
2
3
6
3
4
5
6
7
5
6
5
4
3
2
2
0
-1
-2
-2
-2
-3
-3
-3
-4
-4
-3
-2
-2
-4
-6
-6
-6
-7
-7
-8
-7
-7
-7
-6
-5
-5
-7
-5
-6
-6
-7
-7
-7
-8
-8
-9
-9
-8
-7
-5
-5
-5
-6
-4
-3
-2
0
0
-1
-2
-1
0
1
0
0
1
1
0
0
-1
0
-1
0
-1
-2
-2
-2
0
0
1
1
1
2
2
3
2
1
3
2
2
2
1
0
0
1
-1
-1
0
0
1
3
3
5
5
6
5
5
6
6
4
3
3
1
0
1
0
1
1
1
1
0
1
1
3
4
3
4
4
5
5
5
6
5
6
7
5
6
5
5
4
4
4
5
5
4
2
3
2
1
0
-1
0
-1
-1
-1
-1
-1
-1
1
0
-3
-2
-2
-3
-2
-2
-2
-2
-2
0
1
0
0
1
2
3
1
0
0
-2
-2
-2
-2
-2
-2
-2
-1
-1
-2
-1
-3
-3
-2
-1
-1
0
-1
-1
-1
-1
-1
-2
-3
-4
-4
-6
-6
-7
-7
-8
-9
-10
-12
-11
-11
-11
-10
-10
-7
-8
-6
-6
-4
-3
-1
0
0
0
2
2
2
3
3
4
4
4
4
4
5
6
7
8
9
10
9
9
10
9
7
6
6
6
5
5
4
3
1
0
-2
-3
-3
-5
-6
-7
-9
-10
-11
-13
-13
-13
-15
-16
-17
-17
-17
-15
-13
-12
-11
-10
-10
-8
-6
-5
-3
0
1
4
5
7
9
11
14
15
17
18
19
19
19
19
18
15
14
12
13
12
12
11
10
10
11
12
13
15
17
17
18
18
16
15
16
14
13
11
9
8
6
5
5
6
5
4
3
1
-1
-2
-5
-7
-8
-9
-11
-11
-11
-11
-11
-11
-10
-11
-11
-11
-13
-13
-13
-14
-15
-15
-15
-14
-15
-14
-11
-10
-8
-6
-5
-2
-2
-2
-1
0
0
1
0
1
0
-2
-2
-2
-2
-3
-2
-1
0
1
3
4
7
9
13
15
16
18
19
19
19
17
14
11
7
4
-1
-5
-9
-11
-14
-16
-19
-21
-24
-25
-25
-26
-27
-29
-30
-31
-31
-30
-30
-29
-30
-31
-30
-30
-30
-28
-28
-28
-26
-23
-22
-20
-18
-16
-14
-12
-8
-4
0
3
8
12
15
19
23
26
27
31
33
35
37
39
40
43
44
44
45
47
48
49
49
48
48
48
47
43
40
37
32
29
23
19
15
12
8
5
2
0
-3
-5
-6
-8
-8
-9
-9
-9
-11
-13
-13
-12
-13
-12
-13
-13
-14
-16
-16
-17
-17
-18
-17
-18
-20
-20
-20
-18
-17
-16
-13
-12
-11
-9
-10
-10
-7
-5
-6
-6
-5
-6
-4
-4
-4
-2
-1
1
3
3
4
4
5
6
6
7
6
6
5
4
2
0
-2
-3
-5
-7
-10
-12
-13
-13
-13
-14
-13
-14
-15
-14
-13
-12
-11
-10
-10
-10
-8
-8
-8
-7
-8
-8
-9
-11
-11
-10
-10
-11
-12
-13
-13
-12
-13
-13
-10
-9
-6
-6
-2
1
3
6
9
12
13
15
17
19
21
22
23
23
22
22
21
21
20
19
18
16
15
15
15
16
16
16
15
13
14
14
16
18
18
19
20
20
20
20
18
18
17
17
15
14
13
10
9
8
5
2
-1
-3
-5
-6
-6
-6
-8
-10
-12
-12
-14
-13
-15
-16
-17
-18
-18
-17
-17
-17
-18
-19
-19
-18
-18
-18
-17
-16
-16
-15
-14
-14
-13
-11
-11
-12
-13
-12
-13
-11
-10
-10
-9
-10
-7
-8
-9
-8
-7
-5
-5
-6
-6
-6
-7
-6
-5
-4
-4
-4
-3
-2
-1
0
2
1
1
1
3
3
3
4
3
4
5
4
5
5
6
7
9
10
12
12
14
15
16
17
17
19
18
19
20
20
19
18
17
15
12
11
10
8
8
6
5
4
4
4
4
3
2
2
2
1
2
2
3
4
2
1
-1
-2
-2
0
0
0
-1
-4
-6
-8
-10
-12
-13
-14
-13
-14
-15
-15
-15
-16
-14
-12
-11
-9
-9
-8
-8
-6
-6
-6
-2
-1
1
2
5
5
6
6
5
5
7
6
6
5
5
5
5
3
3
3
2
2
0
-2
-4
-5
-6
-6
-8
-7
-6
-5
-5
-5
-6
-6
-5
-4
-3
-3
-1
-3
-4
-4
-5
-6
-8
-8
-7
-7
-6
-6
-6
-6
-5
-3
-4
-2
0
0
1
4
6
10
10
11
12
12
12
11
12
11
11
12
11
10
9
9
8
11
13
12
13
12
11
11
10
10
11
11
10
11
12
11
10
8
7
6
5
5
5
4
5
2
1
1
0
0
-1
-2
-4
-6
-7
-8
-8
-8
-12
-15
-17
-19
-20
-21
-21
-21
-23
-23
-21
-20
-20
-20
-18
-19
-18
-16
-12
-12
-11
-9
-8
-6
-6
-5
-2
-2
0
1
1
4
6
7
9
10
11
11
12
13
13
11
12
10
11
10
9
8
7
6
8
8
7
8
6
7
4
3
1
-1
-6
-9
-9
-10
-11
-12
-11
-12
-13
-10
-9
-10
-10
-8
-7
-8
-8
-9
-9
-8
-6
-2
0
3
5
6
5
5
6
6
7
8
8
8
6
6
5
4
5
6
6
6
7
8
8
9
9
8
10
10
11
11
11
11
11
11
12
11
11
10
8
9
7
6
4
5
5
5
5
5
4
2
1
-2
-4
-5
-6
-7
-7
-7
-8
-8
-9
-9
-10
-11
-11
-10
-11
-11
-11
-9
-9
-9
-8
-6
-5
-5
-5
-4
-4
-4
-3
-1
-2
-3
0
1
2
4
6
5
5
6
5
4
6
7
7
8
7
4
3
5
4
4
5
4
4
3
1
2
1
3
2
3
2
1
0
-1
-3
-4
-4
-5
-6
-7
-6
-7
-5
-7
-6
-4
-5
-3
-3
-2
-3
-4
-5
-7
-9
-10
-11
-10
-9
-6
-6
-6
-6
-6
-3
-3
0
1
1
1
2
2
4
4
5
5
5
6
6
7
7
8
7
5
4
1
0
-1
0
-2
-2
0
0
-1
-1
-3
-5
-5
-6
-6
-5
-4
-2
-1
-1
0
0
2
2
2
1
0
-1
-2
-2
-2
-2
-2
-1
0
1
1
0
-1
-2
-1
-1
-1
-1
-1
-2
-3
-3
-3
-3
0
0
2
4
6
4
5
6
7
10
12
15
16
17
14
14
12
9
8
8
8
7
7
4
4
4
3
1
2
2
2
4
3
2
0
-2
-3
-3
-3
-2
-4
-3
-5
-4
-5
-7
-6
-5
-4
-1
1
1
-1
-1
-1
-3
-3
-2
-3
-5
-5
-4
-7
-6
-6
-5
-6
-5
0
0
0
2
-2
-4
-6
-4
-1
-4
-3
-6
-9
-10
-12
-12
-11
-7
-3
-2
0
0
-2
-1
-2
-1
-1
2
4
2
3
0
-4
-5
-6
-5
-4
-2
1
3
3
4
4
3
4
6
5
4
0
-3
-4
-5
-4
-3
0
3
6
6
5
4
2
0
2
2
3
2
-1
-4
-6
-7
-9
-9
-9
-6
-4
-2
0
0
-3
-1
0
1
1
1
3
1
3
3
2
2
1
2
5
7
11
12
14
14
14
14
15
17
17
17
18
15
13
12
11
11
11
10
9
7
5
1
2
0
-2
-2
-5
-4
-6
-7
-7
-8
-6
-6
-5
-5
-7
-7
-7
-8
-7
-6
-3
-2
1
0
-2
-1
-2
-1
-1
-4
-3
-6
-8
-8
-8
-6
-5
-3
1
2
1
-1
-1
-3
-1
2
3
4
4
3
-1
-4
-7
-9
-9
-5
-3
0
0
0
0
-2
-3
-4
-6
-6
-7
-7
-8
-12
-12
-13
-11
-3
0
4
6
3
0
-3
-2
-4
-2
-3
-5
-5
-8
-12
-14
-15
-15
-14
-12
-9
-8
-6
-3
-2
-2
-1
4
7
10
14
18
19
18
18
15
15
14
13
13
16
20
21
23
20
18
14
12
11
11
11
13
12
5
-1
-10
-13
-13
-5
1
4
5
1
-8
-18
-23
-24
-21
-17
-11
-9
-12
-18
-23
-25
-24
-18
-11
-7
-8
-11
-17
-22
-28
-27
-22
-14
-7
-6
-8
-12
-19
-22
-20
-12
-4
4
14
18
16
12
5
4
9
17
26
30
37
37
31
27
21
17
19
27
33
36
39
34
28
27
25
31
37
47
53
52
49
36
23
16
14
18
23
30
28
23
15
3
-6
-7
-2
5
9
10
3
-10
-24
-38
-45
-47
-42
-38
-35
-35
-37
-44
-52
-54
-54
-51
-47
-44
-40
-44
-52
-57
-62
-62
-55
-49
-42
-37
-38
-40
-51
-55
-55
-53
-43
-33
-24
-18
-14
-14
-15
-17
-13
-2
7
20
29
36
38
39
41
43
49
57
64
70
74
72
71
68
68
68
70
76
79
81
81
77
72
66
65
70
77
83
86
81
72
59
48
40
36
36
35
34
29
17
5
-9
-19
-22
-23
-20
-23
-29
-38
-53
-66
-80
-88
-92
-97
-103
-113
-128
-144
-160
-171
-174
-171
-165
-160
-160
-166
-173
-182
-188
-187
-179
-165
-155
-148
-145
-144
-142
-133
-114
-89
-58
-28
-2
15
29
42
56
75
99
127
153
177
193
203
213
224
238
256
274
296
308
315
314
307
299
296
296
302
308
310
306
295
280
264
251
244
239
232
222
203
174
139
105
74
48
29
11
-8
-35
-70
-110
-154
-193
-225
-253
-278
-307
-341
-380
-422
-462
-490
-507
-510
-510
-511
-517
-531
-546
-560
-563
-560
-546
-525
-509
-490
-470
-446
-412
-363
-301
-231
-158
-90
-32
13
53
88
123
159
202
246
289
331
368
399
429
468
517
570
615
645
650
635
613
589
574
572
582
598
602
593
566
533
502
482
470
461
441
406
353
286
216
151
101
65
47
31
11
-23
-74
-138
-206
-270
-325
-373
-418
-466
-521
-581
-639
-685
-718
-732
-732
-724
-721
-732
-753
-780
-805
-815
-809
-789
-758
-719
-676
-636
-595
-543
-478
-393
-295
-197
-107
-38
9
43
75
122
197
303
420
526
608
650
658
655
666
702
767
843
897
906
869
797
722
676
675
716
775
817
813
752
653
534
433
380
373
397
420
417
373
285
184
91
29
7
19
42
38
-9
-105
-231
-357
-456
-507
-518
-504
-491
-514
-578
-674
-784
-873
-923
-925
-904
-873
-852
-860
-898
-943
-968
-956
-906
-821
-731
-667
-638
-637
-647
-636
-578
-465
-319
-167
-36
46
80
90
105
157
251
383
519
623
670
649
597
559
574
656
781
912
1000
1014
955
839
717
641
640
698
773
825
823
753
633
508
411
355
364
422
470
482
450
368
251
134
51
15
36
93
135
131
72
-44
-193
-322
-407
-448
-443
-419
-422
-482
-591
-722
-846
-928
-947
-926
-879
-838
-830
-861
-928
-994
-1021
-1000
-920
-815
-729
-682
-663
-658
-655
-615
-511
-365
-215
-81
12
60
95
130
161
230
369
525
642
689
667
608
580
630
722
825
943
1027
1022
929
802
688
623
645
726
795
810
756
654
529
421
350
325
344
382
420
428
383
296
204
136
87
77
116
164
190
185
130
20
-121
-241
-314
-338
-335
-341
-376
-459
-585
-725
-847
-929
-953
-927
-889
-866
-865
-894
-939
-972
-981
-960
-907
-840
-787
-745
-709
-693
-680
-637
-554
-452
-331
-218
-150
-90
1
74
108
174
313
467
575
616
587
534
522
572
659
768
886
964
960
867
727
609
558
589
671
749
768
724
642
533
417
324
292
319
362
399
425
416
350
264
198
137
90
108
161
195
215
223
171
64
-33
-113
-166
-181
-177
-190
-227
-283
-383
-507
-603
-682
-752
-778
-755
-735
-753
-787
-829
-871
-906
-911
-882
-844
-792
-744
-719
-710
-683
-651
-612
-538
-429
-337
-275
-200
-127
-50
56
160
265
397
507
537
512
476
451
489
608
708
778
869
886
756
607
556
534
530
591
673
679
614
514
382
264
193
154
160
213
263
310
355
373
353
320
266
202
166
184
270
373
420
455
616
635
336
-2
-126
-133
-163
-202
-269
-273
-196
-460
-1026
-1250
-1046
-880
-923
-887
-787
-720
-786
-1028
-1218
-1170
-999
-895
-779
-695
-660
-622
-601
-607
-537
-297
-108
-7
124
302
471
527
523
614
842
931
697
421
278
128
-41
-117
-23
146
261
173
-73
-190
-226
-296
-274
28
448
711
838
881
918
876
745
679
818
1054
1149
1236
1257
1106
826
518
225
-110
-269
-268
-258
-243
-246
-270
-361
-464
-525
-575
-537
-375
-102
128
238
256
206
103
-45
-76
-39
-12
6
29
-93
-392
-702
-940
-1064
-1079
-989
-1003
-1112
-1181
-1324
-1468
-1482
-1280
-872
-444
-31
210
349
448
506
709
733
686
1053
1779
1898
1156
548
99
-503
-945
-973
-774
-272
376
196
-613
-938
-962
-1255
-1165
-267
603
1047
1502
1798
1555
1067
732
669
862
1170
1340
1308
1138
742
156
-368
-752
-974
-919
-579
-258
-157
-80
-70
-165
-208
-149
-29
228
757
1072
949
760
505
-13
-550
-617
-506
-546
-371
-117
-258
-670
-929
-1123
-1362
-1271
-969
-740
-571
-420
-517
-668
-631
-703
-664
-316
142
449
703
926
1002
788
143
-105
476
913
522
130
133
-251
-801
-1087
-1136
-630
213
342
-285
-360
-108
-427
-526
106
708
965
1426
1830
1594
1142
773
508
500
713
715
462
389
249
-173
-551
-700
-769
-710
-309
-21
-73
-27
180
266
287
394
396
395
604
777
684
461
255
-164
-581
-659
-648
-696
-641
-377
-353
-601
-743
-880
-971
-960
-859
-807
-797
-614
-630
-631
-554
-503
-383
-295
-11
171
336
540
697
730
261
26
419
1006
1081
570
233
-214
-747
-1125
-1246
-789
46
643
243
-348
-400
-539
-675
-378
315
911
1552
2135
1936
1418
928
443
224
511
774
553
551
561
38
-521
-728
-925
-1052
-500
1
4
154
435
435
341
469
356
230
489
660
542
407
286
-151
-665
-931
-1051
-1009
-839
-590
-460
-505
-685
-1022
-1103
-1108
-964
-709
-519
-213
-295
-332
-286
-349
-299
-215
21
140
504
923
863
589
117
88
768
1303
801
71
33
-476
-1214
-1329
-1109
-303
825
919
-56
-277
-25
-523
-571
195
776
1294
2183
2472
1833
1258
609
-14
21
349
291
286
560
271
-340
-707
-1005
-1215
-907
-299
-77
25
184
237
218
96
-46
-57
175
360
455
519
264
-161
-620
-1024
-1213
-1094
-841
-627
-315
-253
-588
-899
-1007
-1165
-1233
-976
-728
-542
-433
-320
-123
24
-31
-83
132
318
632
1140
1392
1242
775
591
1057
1504
967
123
15
-298
-1029
-1440
-1348
-423
803
810
-254
-400
90
-230
-359
194
646
1209
2199
2707
2256
1594
743
13
-49
-17
-268
-138
351
182
-348
-704
-1193
-1590
-1330
-761
-549
-312
88
296
334
138
-209
-359
-36
271
352
399
188
-104
-536
-1080
-1424
-1380
-946
-578
-180
16
-363
-767
-948
-1069
-1235
-1047
-576
-338
-166
-36
113
190
162
183
103
162
538
1043
1645
1717
1148
1247
2106
2038
742
-112
-389
-825
-1105
-1376
-1265
172
1541
742
-791
-829
-577
-878
-584
161
820
1783
2776
2906
2246
1345
296
-279
-148
-168
-366
-108
246
-12
-517
-890
-1421
-1754
-1411
-1027
-881
-422
178
487
426
112
-269
-372
-66
168
186
154
49
-189
-520
-961
-1352
-1293
-926
-479
-153
-219
-501
-763
-846
-979
-919
-659
-560
-389
-339
69
528
509
550
728
884
792
980
1512
1339
1156
1564
2011
1984
1193
265
-635
-1312
-1663
-1875
-1356
88
1214
649
-290
-150
-189
-676
-696
-152
862
2069
2824
2845
2385
1580
566
-211
-660
-962
-941
-605
-296
-396
-751
-992
-1282
-1617
-1757
-1622
-1242
-667
71
524
538
345
124
81
-40
-157
-71
64
204
81
-291
-840
-1165
-908
-742
-579
-201
-106
-297
-589
-793
-1053
-1142
-796
-499
-270
-201
62
496
704
758
646
933
1332
1603
2093
1991
1371
1498
2260
2293
1165
246
-354
-1180
-1644
-1921
-1975
-792
838
636
-624
-529
-174
-692
-777
-237
510
1665
2810
3040
2575
1967
981
-93
-600
-844
-1083
-948
-606
-643
-894
-933
-1196
-1690
-1841
-1760
-1525
-1050
-442
116
401
430
343
247
-22
-186
100
259
273
322
-39
-629
-999
-1017
-915
-630
-50
140
70
-90
-469
-787
-1210
-1269
-891
-419
-66
281
924
886
563
643
473
386
808
1611
2166
2001
1904
2239
2550
2080
643
-608
-1266
-1490
-1653
-1953
-1209
438
1079
207
-582
-601
-969
-1371
-1075
-318
914
2147
2893
2948
2389
1487
297
-609
-1010
-1152
-972
-609
-308
-397
-574
-719
-1287
-1788
-1800
-1560
-1220
-759
-126
370
544
503
335
113
-161
-200
-71
-68
14
80
-243
-685
-859
-722
-585
-336
30
-91
-293
-413
-610
-773
-915
-713
-429
-255
-58
327
624
517
715
764
345
672
1559
2125
1967
1843
2416
2794
2288
724
-555
-1055
-1656
-1941
-2020
-1363
460
1303
353
-479
-345
-725
-1389
-1098
-441
589
1977
2849
2958
2540
1772
610
-469
-967
-1201
-1264
-1015
-595
-386
-262
-228
-844
-1496
-1574
-1523
-1478
-1218
-561
69
314
425
470
376
46
-207
-198
-314
-365
-246
-302
-488
-610
-454
-301
-142
93
-63
-295
-568
-846
-929
-1039
-859
-438
-197
43
499
710
426
468
783
599
791
1720
2409
2259
2151
2655
2700
1856
428
-803
-1536
-1932
-1900
-1812
-973
688
1156
227
-359
-450
-1037
-1382
-805
-37
1016
2228
2826
2785
2173
1198
124
-667
-1076
-1249
-1151
-1049
-834
-564
-425
-482
-924
-1367
-1499
-1429
-1257
-995
-399
129
277
343
297
158
-132
-94
210
-13
-262
-277
-527
-862
-946
-710
-505
-98
333
204
104
-268
-891
-1116
-1230
-1104
-436
236
447
855
1042
651
436
372
92
152
1392
2594
2504
2430
3206
3538
2146
76
-1062
-1899
-2221
-1736
-1673
-965
1196
2008
394
-676
-693
-1587
-2090
-1298
-377
785
2334
3254
3018
2284
1315
28
-947
-1229
-1136
-888
-576
-372
-291
-185
-381
-1082
-1535
-1506
-1404
-1264
-885
-208
227
284
223
172
16
-226
-175
-5
32
-139
-218
-357
-793
-1027
-730
-378
-276
43
150
-121
-408
-878
-956
-983
-1119
-601
-292
-155
557
839
735
864
1141
785
409
1466
1845
1327
2356
3751
3708
2281
510
-783
-1994
-2539
-2621
-2295
-462
1499
1506
376
219
-203
-1757
-1965
-1178
-411
1227
2796
3281
3001
2389
1245
-102
-865
-1350
-1425
-1047
-678
-363
-9
249
-312
-1257
-1461
-1292
-1297
-1212
-780
-131
82
-92
-19
-132
-662
-832
-318
-36
-175
-230
-286
-485
-814
-983
-737
-599
-385
6
145
-25
-635
-1048
-1409
-1565
-1477
-1233
-815
-131
639
830
1088
1148
833
748
1075
1837
1865
2021
3129
3733
3267
1475
-173
-1271
-2106
-2072
-2105
-1427
619
1803
1113
115
2
-663
-1449
-925
-108
965
2390
3307
3348
2786
1786
545
-370
-764
-891
-570
-225
-258
-203
-117
-311
-994
-1632
-1659
-1367
-1144
-1008
-471
7
-318
-599
-510
-606
-808
-805
-226
418
350
197
-27
-732
-1419
-1388
-927
-846
-451
183
116
-266
-727
-1444
-1981
-2152
-1919
-1298
-525
308
711
824
899
540
78
173
1108
2373
2441
2830
4406
4722
2837
296
-1042
-2046
-2504
-1803
-1552
-206
2124
2084
262
-655
-853
-1915
-2127
-836
460
2035
3588
3984
3162
1985
948
-205
-891
-783
-429
166
577
403
5
-338
-963
-1872
-2001
-1432
-1045
-746
-431
13
-42
-707
-939
-833
-907
-1041
-623
-100
-254
-340
-354
-629
-1071
-1227
-677
-298
-198
-178
-276
-477
-1015
-1311
-1315
-1648
-1521
-1105
-865
-442
68
392
427
596
679
604
1693
2829
2301
2654
3859
3592
1870
190
-837
-1689
-1480
-1128
-1134
461
1958
1290
-185
-665
-816
-1377
-775
349
1305
2745
3780
3635
2555
1322
224
-645
-694
-348
89
459
470
266
-187
-751
-1296
-1660
-1496
-857
-337
-203
-99
-5
-306
-905
-1101
-1036
-1082
-960
-691
-483
-661
-900
-859
-830
-999
-932
-458
-226
-114
-203
-514
-814
-1112
-1239
-1454
-1465
-1293
-1357
-1246
-788
-168
72
224
502
297
434
1416
2367
2225
2464
3557
3787
2805
827
-796
-1528
-1548
-1174
-1134
-5
1825
1875
398
-663
-877
-1272
-962
179
1222
2562
3666
3806
2938
1717
582
-549
-905
-446
11
276
537
416
-246
-789
-1135
-1531
-1603
-1056
-588
-254
48
83
-1
-648
-1093
-1024
-1059
-1002
-927
-480
-438
-841
-711
-858
-1231
-1380
-1085
-718
-497
-278
-612
-880
-1001
-1224
-1285
-1450
-1405
-1426
-1368
-844
-184
546
801
644
562
798
1628
2541
2545
2811
3736
3886
2115
-323
-1409
-1726
-1422
-886
-713
623
2232
1647
-219
-1084
-1102
-1223
-365
1140
2356
3585
4244
3679
2330
1156
294
-558
-644
-61
370
346
133
-287
-893
-1137
-1242
-1340
-1122
-462
-167
-346
-419
-440
-636
-1101
-1036
-648
-667
-543
-520
-695
-1085
-1619
-1588
-1573
-1550
-1069
-567
-184
-262
-421
-633
-1384
-1762
-1845
-1880
-1566
-1170
-966
-952
-375
277
331
629
367
108
1124
2786
3064
2619
3670
3958
2466
534
-1167
-2039
-1622
-593
-448
255
2322
2282
-26
-1285
-1208
-1233
-608
1136
2482
3472
4533
4172
2649
1316
417
-91
-164
333
690
582
74
-717
-1409
-1589
-1274
-1025
-778
-110
262
44
-505
-950
-1003
-1197
-1031
-403
-53
-134
-453
-686
-1347
-2006
-2003
-1806
-1423
-1147
-466
-91
-544
-950
-1255
-1429
-1611
-1427
-1246
-1262
-1197
-1304
-1604
-1547
-781
-82
309
837
1130
1239
2294
3002
2188
2206
3076
2873
1272
-66
-707
-1116
-612
-471
-670
602
1787
713
-1049
-1161
-624
-296
842
2013
2957
3834
3954
3178
2077
1281
700
469
633
852
663
-133
-905
-1381
-1635
-1379
-791
-449
-208
94
37
-423
-865
-878
-927
-1036
-605
-223
-159
-458
-743
-808
-1199
-1453
-1583
-1586
-1566
-1555
-1155
-892
-833
-868
-889
-851
-1077
-1394
-1712
-1800
-1893
-1983
-1671
-1033
-220
322
658
693
743
1435
2545
2698
2452
3209
3588
2622
797
-633
-1190
-954
-296
-460
-39
1665
1664
-308
-1574
-1365
-960
-22
1677
2768
3561
4138
3633
2526
1699
1241
855
797
1205
1268
586
-448
-1357
-1972
-1884
-1182
-495
-110
91
14
-423
-764
-876
-810
-800
-713
-226
46
-380
-1116
-1483
-1468
-1536
-1414
-1158
-1236
-1531
-1727
-1732
-1597
-1375
-1214
-1042
-828
-784
-887
-1342
-2072
-2518
-2312
-1640
-940
93
680
701
1142
1888
2511
2575
3045
3464
2929
2034
381
-1225
-1244
-117
165
-245
753
1532
354
-964
-1241
-987
-424
698
1751
2685
4062
4407
3230
2270
2142
2076
1909
1815
1331
515
-211
-1001
-1665
-1692
-1245
-860
-647
-486
-385
-629
-1022
-933
-349
67
113
-12
-444
-927
-1243
-1347
-1398
-1128
-939
-1021
-1004
-1314
-1746
-2085
-2258
-2172
-1703
-911
-689
-804
-802
-1398
-1860
-1965
-2462
-2522
-1760
-528
25
322
870
739
1615
2828
2499
2571
3479
3531
1891
263
-712
-1114
-10
286
-504
424
1759
766
-1107
-1153
-466
-74
961
1754
2277
3262
3763
3016
2140
2365
2688
2404
2091
1531
545
-461
-1059
-1287
-1234
-728
-323
-502
-784
-837
-1054
-1339
-924
-44
461
517
282
-178
-918
-1618
-1770
-1314
-861
-813
-565
-664
-1448
-1786
-2031
-2499
-2407
-1492
-971
-1221
-857
-1305
-2227
-2192
-2105
-2312
-1904
-713
-477
-403
-342
-322
502
1913
2834
2556
3010
3628
3137
1572
-203
-841
-489
246
58
-422
572
1222
4
-1427
-1135
45
953
1773
1711
1713
2510
2823
2436
2428
3017
3088
2800
2444
1412
113
-949
-1453
-1507
-855
11
181
-290
-871
-1161
-1409
-1129
-408
252
529
544
316
-344
-927
-1382
-1582
-1387
-1007
-768
-838
-1106
-1769
-1946
-1730
-1714
-1451
-1070
-911
-1290
-1067
-1275
-2285
-2157
-2023
-2053
-1290
-413
-701
-1334
-678
-321
660
2728
2872
2511
3008
2513
580
-247
93
360
1322
1070
-456
-393
135
-847
-1671
-572
853
1467
1738
1444
1293
1584
1726
1701
2392
3712
4258
3674
2664
1374
-83
-810
-782
-633
-331
-3
-186
-831
-1188
-1226
-1104
-620
-3
399
315
119
-118
-358
-339
-347
-406
-755
-1188
-1413
-1789
-1884
-1765
-1612
-1578
-1733
-1544
-1240
-1235
-1212
-1061
-1186
-1478
-1670
-1742
-1643
-1227
-820
-963
-1098
-482
383
1409
2074
2122
2026
1531
772
134
1
515
1393
1521
491
-310
-229
-324
-984
-1054
-37
1051
1664
1575
1159
1404
1977
2006
1818
2428
3176
3145
2725
2047
1121
427
117
-188
-427
-362
-644
-1197
-1334
-1225
-950
-396
98
133
-41
-56
-139
-217
22
79
-41
-293
-876
-1327
-1544
-1642
-1787
-1859
-1679
-1851
-2196
-2021
-1680
-1452
-890
-617
-876
-905
-1184
-1585
-1419
-821
-626
-553
-166
-172
254
1442
1332
1077
1948
1875
569
-205
-460
-430
793
1292
65
-176
895
424
-986
-868
99
902
1719
1685
1259
1836
2617
2352
1927
2390
2860
2735
2452
1904
1076
378
-6
-189
-542
-695
-753
-1018
-1300
-1272
-995
-773
-227
259
137
74
242
220
55
82
43
-319
-664
-973
-1236
-1461
-1731
-2083
-2346
-2353
-2304
-1942
-1740
-1800
-1380
-1373
-1192
-932
-1147
-769
-215
51
-303
-502
-459
15
1582
2065
999
1159
1797
945
-143
-638
-934
6
962
-426
-1681
-386
1015
288
-522
-184
579
1362
1374
666
1089
2576
2952
2277
2532
3381
3303
2706
2303
1757
1224
790
11
-546
-600
-671
-1071
-1385
-1347
-1245
-1145
-917
-549
-242
85
429
559
569
678
573
167
146
14
-360
-711
-1306
-1981
-2282
-2517
-2972
-2656
-1957
-2202
-2372
-2025
-2183
-2084
-1420
-978
-574
344
783
152
-216
461
1451
2386
2474
1826
1277
746
-71
-1177
-1336
-201
263
-996
-2267
-2167
-1029
-274
-399
-309
717
1524
1219
623
1013
2251
2917
2685
2554
3115
3440
3117
2771
2469
2153
1685
742
-229
-586
-882
-1378
-1502
-1343
-1189
-981
-849
-897
-672
-54
371
603
812
794
722
719
454
132
209
37
-599
-1345
-1896
-2339
-2665
-2610
-2589
-2721
-2456
-2311
-2363
-2119
-2088
-1661
-711
76
305
70
251
1251
2765
3152
2142
1744
1422
292
-435
-561
-470
67
-510
-2777
-3710
-2312
-1194
-1052
-641
-200
186
582
411
555
2123
3430
2954
2202
2447
2884
3071
3169
3056
2914
2609
1752
651
16
-212
-680
-1216
-1397
-1367
-1462
-1531
-1242
-763
-291
-2
211
364
503
735
841
915
772
602
496
156
-162
-609
-1139
-1540
-2008
-2154
-2227
-2392
-2545
-2809
-2814
-2502
-2130
-1792
-1277
-546
-329
-317
687
1851
2680
3048
2534
1777
1711
1486
438
-96
285
102
-1265
-2778
-3364
-2481
-1477
-1787
-2377
-1702
-497
-87
-89
482
1686
2674
2527
1944
2243
3144
3518
3344
3122
2718
2260
1763
958
375
216
-382
-1388
-1786
-1676
-1700
-1543
-1109
-866
-736
-421
-177
203
802
1192
1119
785
674
816
837
790
416
-285
-755
-1163
-1397
-1700
-1843
-2064
-2484
-2704
-2820
-2900
-2532
-1534
-831
-619
-757
-380
627
1971
2997
2865
2831
3070
2002
753
912
1259
1172
339
-1759
-3561
-2571
-1224
-2062
-2658
-2104
-1941
-2014
-1460
-847
569
2242
2018
877
1269
2667
3353
3607
3583
3077
2643
2193
1472
1022
921
434
-602
-1452
-1900
-1978
-1885
-1840
-1542
-1205
-1006
-656
-98
344
610
762
702
586
661
996
1161
878
504
99
-446
-936
-966
-976
-1288
-1503
-2029
-2798
-2939
-2261
-1948
-1563
-810
-959
-903
457
2025
2613
2651
2596
1939
1669
2070
2132
2291
2160
582
-1698
-2592
-1564
-681
-1063
-2112
-2914
-3019
-2651
-2005
-1279
-43
945
314
-500
430
2159
3151
3402
3113
2554
2673
2883
2300
1880
1651
629
-563
-1197
-1593
-1861
-1811
-1942
-2453
-2425
-2126
-1738
-778
81
403
317
304
402
526
1113
1446
1296
1026
454
-242
-385
70
45
-607
-1145
-1797
-2337
-2515
-2089
-1427
-1249
-1434
-1833
-1354
104
1958
2794
2072
1827
2144
1702
1714
2755
3157
2246
918
-710
-1658
-342
566
-768
-1953
-2023
-2430
-2742
-2033
-1226
-658
-113
-514
-1046
195
1897
2317
2056
1906
1878
2124
2468
2452
2210
1850
853
-307
-851
-920
-880
-1211
-1871
-2411
-2628
-2468
-1925
-1273
-814
-660
-624
-624
-376
272
851
1173
887
386
-94
-170
374
422
243
-140
-782
-1253
-1279
-821
-669
-664
-891
-1934
-1596
298
1830
2293
1775
1095
749
1553
2324
2339
2632
2228
531
-729
-621
582
1379
570
-1237
-2193
-1792
-1070
-463
-97
-143
-689
-1392
-1416
19
1660
2133
1518
728
711
1458
2107
2150
1860
1116
-42
-673
-577
-361
-280
-601
-1591
-2335
-2320
-2254
-1964
-1594
-1608
-1764
-1752
-1376
-1005
-450
145
72
-121
-169
-275
-68
305
410
-16
-549
-610
-623
-570
-146
-135
-425
-700
-672
131
1190
1926
1253
269
792
1566
1662
1883
2038
1778
972
176
-462
176
1909
1451
-626
-1345
-567
-6
162
162
-144
-283
-237
-508
-176
1103
1792
1117
420
468
708
1081
1483
1445
811
331
-7
-387
-344
-104
-430
-1061
-1304
-1485
-1625
-1198
-880
-1172
-1552
-1770
-1893
-1825
-1421
-1260
-1298
-1078
-856
-877
-638
-327
-394
-465
-524
-635
-557
63
409
-2
-145
50
153
784
1566
2205
2263
1672
1032
698
1336
1983
1672
942
105
-286
-192
98
868
1026
176
-630
-675
-303
345
993
939
262
-55
-36
314
1473
2119
1527
624
381
671
1205
1701
1385
497
-222
-746
-883
-656
-529
-736
-1240
-1641
-1647
-1218
-904
-990
-1129
-1642
-2074
-1883
-1617
-1376
-1144
-1329
-1863
-1930
-1581
-1331
-1154
-967
-1081
-1341
-1215
-913
-566
-269
-87
-25
-124
315
1371
2348
3128
2971
1852
1207
1808
2670
2617
2091
997
-266
-402
-183
18
887
1089
-325
-1376
-768
361
1277
1750
938
-382
-449
442
1532
2649
2652
1253
323
875
1863
2343
2143
1065
-237
-820
-621
-226
-176
-608
-1440
-2209
-2360
-1845
-1342
-1294
-1364
-1605
-2046
-1820
-1182
-1117
-1446
-1718
-2037
-2158
-1839
-1568
-1572
-1530
-1677
-1933
-1790
-1545
-1107
-818
-1002
-1070
-708
49
945
2143
2775
2183
2042
2313
2434
3065
3309
2472
1258
550
315
92
624
1293
673
-446
-1002
-857
-38
1098
1534
793
-76
-78
485
1668
2926
2753
1446
761
1234
2103
2855
2800
1500
122
-218
-9
250
288
-534
-1899
-2619
-2346
-1630
-1151
-1236
-1650
-2166
-2300
-1867
-1299
-1047
-1376
-1907
-2099
-1868
-1525
-1353
-1416
-1785
-2160
-2135
-2052
-1910
-1565
-1366
-1500
-1573
-1194
-475
689
2210
2306
1112
838
1545
2427
3202
3163
2061
1034
826
613
584
1642
1960
354
-1205
-1304
-493
782
1826
1482
243
-363
-41
973
2576
3451
2369
849
783
1718
2598
3162
2934
1549
245
26
315
772
848
-328
-1805
-2304
-1907
-1296
-972
-1131
-1874
-2591
-2590
-1904
-1092
-1091
-1712
-2018
-2031
-1886
-1653
-1598
-1849
-2269
-2494
-2427
-2022
-1341
-1140
-1563
-1875
-1581
-796
12
1020
1655
887
-2
447
1498
2439
2936
2365
928
186
406
419
993
2091
1383
-524
-1003
-189
898
2052
2123
542
-612
-111
1045
2468
3618
3016
1383
1029
1967
2926
3403
2999
1657
353
78
568
1011
954
198
-901
-1573
-1473
-1009
-918
-1257
-1548
-1907
-2171
-1746
-1123
-1208
-1659
-1917
-2158
-2241
-1964
-1732
-1854
-2117
-2394
-2662
-2407
-1684
-1472
-1804
-1838
-1338
-641
285
1359
1314
248
-129
463
1304
1916
1605
435
-379
-193
-124
-216
968
1877
663
-746
-732
58
1346
2317
1627
251
150
804
1513
2956
3957
2913
1484
1492
2168
2906
3578
3156
1712
813
764
856
1184
1318
347
-974
-1445
-1139
-611
-505
-879
-1375
-1773
-1678
-1407
-1361
-1476
-1777
-1979
-1985
-2071
-1942
-1825
-2079
-2370
-2542
-2469
-2172
-1914
-1827
-1909
-1624
-806
-10
924
1234
346
-208
497
1425
1547
877
27
-529
-547
-653
-1003
-124
1022
8
-1738
-1774
-546
910
1745
1147
-46
-24
989
1921
3078
3883
2947
1554
1719
2822
3585
3753
3039
1704
970
1055
1172
1271
1293
572
-531
-915
-559
-75
143
-167
-864
-1486
-1550
-1238
-1017
-946
-1228
-1698
-1791
-1824
-1795
-1557
-1786
-2207
-2297
-2203
-1941
-1579
-1542
-1837
-1540
-459
426
1109
1041
-289
-690
630
1521
1274
626
-535
-1429
-1001
-699
-927
90
682
-1221
-2701
-1703
-154
866
1189
-4
-1283
-653
645
1458
2548
3030
1842
1028
2086
3630
4444
4395
3298
1900
1442
1747
1938
1825
1322
199
-867
-956
-328
32
-209
-615
-1033
-1389
-1311
-927
-704
-754
-1012
-1245
-1325
-1289
-1065
-994
-1350
-1762
-1780
-1453
-1102
-999
-1367
-1704
-1038
60
866
1329
692
-472
-200
1020
1337
871
14
-1346
-1869
-1285
-1534
-1666
-270
-193
-2239
-2918
-1635
-219
1046
1186
-532
-1512
-457
534
1319
2599
2459
771
340
1602
2899
3643
3443
2025
783
857
1456
1928
2159
1577
293
-516
-135
739
956
310
-514
-992
-1019
-752
-532
-756
-1350
-1648
-1472
-1246
-1149
-1191
-1462
-1726
-1420
-696
-354
-443
-686
-1038
-796
488
1921
2318
1406
196
110
1262
2211
1847
473
-974
-1633
-1619
-1820
-1656
-641
-845
-2883
-3952
-2784
-806
647
516
-1157
-2165
-1320
22
1338
2681
2485
766
117
1298
2937
3916
3484
1846
597
604
1153
1597
1633
785
-637
-1392
-953
74
739
452
-380
-848
-622
40
675
650
-166
-1037
-1243
-894
-469
-319
-841
-1810
-2155
-1508
-739
-342
-431
-1146
-1491
-300
1572
2594
2233
906
225
1473
3092
2885
1482
384
-357
-855
-1196
-1382
-778
-412
-2128
-4200
-3728
-1653
-327
-251
-1244
-2489
-2354
-960
426
1679
2098
678
-666
308
2312
3380
3370
2388
927
436
1099
1623
1595
1092
-286
-1691
-1635
-601
-5
-111
-675
-1448
-1597
-738
145
199
-256
-729
-956
-668
-84
271
110
-529
-1054
-775
69
562
155
-686
-921
49
1726
2550
1676
426
370
1375
2406
2596
1733
532
-83
-428
-997
-606
701
293
-2086
-3542
-2824
-1006
409
44
-1782
-2719
-2023
-1025
177
1455
1102
-604
-1166
39
1629
2605
2436
1265
404
528
933
1254
1436
919
-292
-1217
-1167
-493
-85
-297
-833
-1394
-1670
-1290
-567
-410
-890
-1237
-1246
-1127
-719
-266
-375
-725
-587
-134
291
762
730
60
244
1732
2907
2843
1923
972
1137
2421
2977
2030
913
322
-107
-439
-713
-669
-147
-499
-2217
-3175
-2188
-650
151
-153
-1295
-1883
-1154
-52
998
1836
1255
-332
-606
610
1652
1968
1445
145
-638
-296
109
234
357
-162
-1312
-1806
-1300
-638
-362
-540
-1090
-1610
-1618
-1052
-428
-402
-937
-1410
-1481
-1212
-639
-301
-799
-1414
-1093
-323
154
602
802
491
1063
3017
3881
2695
1886
2517
3320
3736
3277
1719
918
1541
1088
-590
-450
808
-97
-2276
-2979
-2236
-909
-1
-875
-2393
-2247
-1191
-590
500
1730
1107
-399
-295
1106
2234
2540
1765
399
-191
90
281
280
151
-608
-1792
-2381
-2082
-1573
-1409
-1642
-2075
-2508
-2656
-2155
-1359
-1267
-1811
-2022
-1809
-1583
-1123
-641
-837
-1199
-782
-2
506
853
801
472
1148
2971
3947
3105
2018
2149
3083
3842
3783
2786
1694
1379
1140
328
336
1496
1284
-1007
-2625
-2127
-580
793
772
-859
-2048
-1558
-513
730
2187
2095
208
-750
307
1766
2587
2430
1063
-335
-539
-165
74
216
-251
-1584
-2621
-2528
-1944
-1629
-1685
-2041
-2641
-3119
-2909
-2145
-1817
-2326
-2913
-2980
-2695
-2201
-1721
-1733
-2040
-1716
-808
-161
210
551
650
1163
2911
4263
3396
2095
2576
3738
4198
4032
3052
1747
1520
1527
449
260
1774
1662
-859
-2349
-1688
-269
1229
1505
-122
-1349
-836
128
1527
3338
3190
1053
141
1215
2509
3303
3043
1408
-53
-376
-426
-345
-22
-518
-1961
-2989
-3031
-2542
-1987
-1846
-2283
-2872
-3256
-3162
-2468
-1990
-2417
-3086
-3259
-3201
-3011
-2484
-2281
-2735
-2715
-1877
-1202
-813
-431
-370
59
1988
3593
2701
1476
2315
3682
4208
4102
2960
1721
2129
2505
1069
482
1821
1660
-434
-1393
-1008
-233
987
1094
-337
-708
163
464
1315
3154
3276
1785
1556
2520
3306
4018
3895
2459
1485
1420
965
491
537
-17
-1347
-2211
-2338
-2292
-2282
-2365
-2592
-2935
-3319
-3407
-3056
-2805
-2966
-3230
-3388
-3527
-3514
-3174
-2893
-2904
-2773
-2364
-2003
-1593
-933
-468
21
1398
2257
1243
816
2396
3350
2863
2551
2028
1197
1510
1714
583
721
1962
693
-1472
-983
292
577
917
476
-813
-461
888
1223
1934
3105
2434
1357
2349
3684
3972
4162
3694
2398
2016
2284
1805
1253
1045
183
-965
-1276
-1197
-1394
-1548
-1634
-2009
-2511
-2738
-2607
-2393
-2471
-2809
-3070
-3194
-3362
-3459
-3398
-3262
-2988
-2677
-2564
-2412
-1935
-1368
-822
288
1654
1496
63
83
1957
3221
2812
1616
569
546
1325
1064
22
482
1226
-274
-1923
-1258
101
675
596
-337
-1067
-263
784
1251
2292
3057
2160
1570
2744
3976
4379
4321
3454
2509
2548
2572
1944
1554
1231
260
-614
-758
-836
-1121
-1274
-1344
-1564
-1961
-2212
-2022
-1784
-1933
-2174
-2293
-2497
-2675
-2653
-2770
-2981
-2694
-2196
-2071
-2101
-2029
-1807
-1034
397
1191
295
-645
177
1629
2075
1700
985
235
181
461
86
-36
677
228
-1554
-1946
-785
-45
96
-189
-1030
-1179
-245
444
1054
2095
2172
1292
1595
3001
3785
3954
3748
2962
2587
2973
2851
2119
1691
1233
376
-135
-163
-416
-860
-1028
-1078
-1306
-1537
-1521
-1381
-1514
-1923
-2106
-1974
-1918
-1995
-2200
-2594
-2543
-1745
-1175
-1257
-1205
-875
-677
-38
1255
1576
528
115
853
1284
1154
949
365
-248
-294
-662
-1344
-676
348
-718
-2412
-2191
-1053
-443
-188
-484
-1052
-771
-86
337
1312
2315
1830
1046
1724
2879
3385
3482
3010
2273
2255
2456
2018
1605
1450
746
-127
-263
-126
-314
-488
-592
-924
-1226
-1233
-1095
-980
-1102
-1528
-1873
-1911
-1857
-1821
-1925
-2197
-2079
-1498
-1241
-1237
-729
-137
92
748
1496
1229
991
1699
1920
1362
1319
1252
452
76
-3
-828
-1146
-489
-955
-2307
-2356
-1716
-1617
-1388
-1184
-1524
-1353
-515
-74
391
1288
1517
1245
1766
2603
2870
3012
3081
2704
2394
2366
2032
1508
1269
903
87
-544
-678
-800
-1022
-1106
-1265
-1608
-1754
-1580
-1321
-1193
-1324
-1567
-1639
-1555
-1351
-1132
-1281
-1521
-1203
-788
-790
-449
307
559
835
1518
1352
966
1977
2689
1682
994
1202
820
491
554
-389
-1136
-221
-135
-1746
-2067
-1046
-970
-1254
-1130
-1424
-1515
-784
-391
-251
493
838
476
933
2073
2487
2381
2332
2196
2217
2416
2171
1558
1159
849
345
-43
-198
-507
-984
-1235
-1247
-1388
-1718
-1915
-1915
-1950
-1973
-1877
-1872
-2036
-2017
-1664
-1395
-1323
-1040
-667
-569
-374
276
860
1251
1750
1702
1133
1632
2885
2705
1466
1072
1194
1006
838
307
-617
-587
-95
-891
-1869
-1393
-772
-998
-1137
-1061
-1085
-712
-111
188
564
930
760
837
1749
2354
2133
1872
1730
1576
1719
1873
1461
841
505
164
-176
-128
-149
-747
-1300
-1288
-1218
-1414
-1568
-1667
-1951
-2157
-1992
-1773
-1837
-2040
-2108
-1989
-1716
-1250
-826
-785
-859
-444
295
843
1335
1606
1209
1077
2070
2767
2080
1345
1379
1340
1030
709
153
-190
51
-224
-1279
-1592
-934
-642
-932
-1112
-1048
-825
-462
-47
488
941
893
771
1257
1920
2135
2151
2047
1662
1470
1662
1649
1283
888
398
-121
-193
-62
-423
-1017
-1244
-1289
-1451
-1657
-1838
-1976
-2063
-2098
-2028
-1978
-2123
-2164
-1815
-1545
-1510
-1133
-589
-509
-415
141
611
1020
1550
1393
844
1375
2319
2010
1189
1094
1119
860
645
197
-230
26
100
-733
-1242
-805
-469
-566
-606
-565
-442
-150
117
507
1116
1279
951
1064
1677
2010
1998
1907
1607
1259
1219
1323
1232
940
553
153
-64
-3
46
-227
-651
-877
-986
-1264
-1584
-1712
-1861
-2167
-2301
-2258
-2404
-2561
-2338
-2047
-1964
-1681
-1147
-835
-603
-51
524
914
1271
1343
1212
1640
2298
2055
1298
1115
1250
1067
647
121
-282
-266
-330
-899
-1241
-978
-836
-1032
-1056
-792
-422
-111
-15
149
744
1296
1355
1379
1677
1880
1903
1952
1896
1651
1426
1247
1016
817
634
328
14
-145
-277
-499
-663
-688
-709
-904
-1260
-1519
-1495
-1399
-1464
-1608
-1768
-1938
-1934
-1722
-1565
-1429
-1162
-1020
-1045
-762
-154
336
608
631
426
582
1299
1636
1218
875
970
1024
840
535
293
335
358
-92
-551
-419
-159
-320
-623
-670
-451
-163
-69
-119
75
454
649
785
1089
1334
1378
1425
1509
1534
1547
1509
1308
1038
837
689
571
445
182
-202
-480
-543
-520
-551
-762
-1156
-1463
-1476
-1352
-1314
-1409
-1584
-1718
-1666
-1471
-1274
-1061
-864
-835
-856
-625
-220
102
191
61
-43
162
463
447
246
204
263
224
113
25
96
308
342
122
46
246
405
416
414
459
546
638
649
651
765
834
750
740
884
961
924
880
817
747
797
903
866
702
570
525
558
606
519
296
115
38
2
-51
-195
-443
-691
-878
-1017
-1116
-1210
-1359
-1523
-1615
-1673
-1699
-1612
-1485
-1433
-1352
-1174
-972
-782
-599
-458
-318
-137
-16
-7
16
92
123
104
85
64
89
170
195
181
258
381
439
460
499
587
737
881
907
870
897
930
935
1003
1114
1136
1067
962
842
796
869
897
755
553
423
382
403
418
340
209
113
63
48
26
-56
-183
-319
-484
-649
-774
-902
-1062
-1193
-1311
-1467
-1600
-1636
-1583
-1479
-1363
-1311
-1294
-1193
-988
-758
-558
-414
-339
-275
-171
-31
115
221
263
282
364
486
563
593
623
657
686
684
653
657
715
754
728
684
663
659
693
769
818
814
805
803
800
815
853
864
839
810
780
750
726
671
572
496
449
363
205
5
-160
-264
-388
-601
-851
-1057
-1222
-1359
-1445
-1525
-1665
-1815
-1851
-1727
-1521
-1369
-1311
-1261
-1105
-838
-557
-346
-221
-156
-102
-11
117
218
222
163
135
183
268
335
357
344
327
338
401
489
551
565
572
610
657
699
748
809
855
866
872
889
904
899
863
805
756
724
694
673
659
602
491
411
423
467
440
315
131
-25
-115
-194
-331
-528
-780
-1047
-1228
-1298
-1364
-1521
-1719
-1831
-1779
-1619
-1467
-1374
-1293
-1155
-936
-659
-389
-196
-87
4
131
286
399
431
421
414
423
460
514
535
496
409
342
351
410
444
423
396
391
392
432
538
634
658
651
680
752
840
906
909
858
802
764
752
772
765
653
485
379
362
381
351
223
37
-125
-240
-336
-450
-624
-863
-1096
-1243
-1323
-1405
-1528
-1671
-1751
-1699
-1546
-1396
-1283
-1171
-1022
-802
-521
-263
-100
10
139
284
419
528
578
571
550
541
564
618
651
594
483
399
384
413
442
440
398
334
285
313
439
552
557
517
524
586
670
746
761
702
613
553
549
581
565
437
266
165
150
157
130
39
-100
-231
-315
-366
-444
-597
-799
-984
-1118
-1223
-1331
-1449
-1552
-1592
-1551
-1447
-1315
-1182
-1039
-859
-618
-350
-131
22
156
302
431
524
596
639
638
623
626
647
683
717
708
652
594
568
579
609
626
606
562
527
539
599
656
655
615
576
554
558
577
557
461
333
245
212
199
160
76
-20
-83
-105
-112
-120
-146
-212
-316
-415
-492
-580
-719
-887
-1044
-1179
-1295
-1396
-1490
-1575
-1621
-1601
-1517
-1395
-1263
-1110
-911
-662
-398
-170
10
172
334
481
605
699
734
714
700
728
761
786
802
792
770
769
795
832
863
877
881
899
933
950
950
946
940
933
924
899
857
807
731
622
509
406
305
197
95
-13
-131
-237
-314
-373
-425
-479
-550
-632
-701
-769
-865
-989
-1119
-1237
-1346
-1440
-1529
-1629
-1716
-1766
-1760
-1695
-1592
-1476
-1345
-1167
-946
-710
-475
-261
-85
70
240
410
542
620
651
675
732
811
861
886
910
930
951
991
1040
1065
1074
1114
1184
1247
1287
1299
1301
1320
1357
1384
1386
1351
1270
1153
1038
931
806
653
492
337
187
32
-128
-271
-395
-525
-663
-791
-905
-1012
-1127
-1258
-1402
-1546
-1663
-1738
-1786
-1838
-1905
-1960
-1975
-1945
-1865
-1747
-1616
-1479
-1312
-1109
-884
-653
-449
-288
-142
25
185
293
361
412
457
516
589
647
698
772
855
929
1015
1103
1172
1233
1317
1415
1503
1576
1610
1607
1609
1622
1637
1648
1629
1550
1424
1301
1195
1081
945
792
631
475
315
157
17
-114
-259
-412
-559
-697
-827
-958
-1107
-1268
-1433
-1586
-1700
-1785
-1873
-1966
-2045
-2101
-2121
-2095
-2027
-1937
-1815
-1666
-1498
-1307
-1103
-901
-716
-541
-377
-218
-83
21
105
187
270
354
439
520
608
718
835
930
1015
1098
1181
1276
1380
1489
1581
1649
1690
1715
1750
1796
1839
1849
1811
1721
1606
1488
1350
1190
1021
855
690
532
391
254
120
-8
-141
-265
-371
-477
-599
-740
-894
-1056
-1213
-1358
-1485
-1609
-1730
-1842
-1944
-2028
-2080
-2095
-2067
-2009
-1931
-1834
-1714
-1569
-1411
-1239
-1064
-905
-753
-590
-431
-295
-168
-43
78
205
343
474
605
744
878
993
1095
1190
1279
1376
1476
1563
1621
1656
1675
1686
1705
1722
1724
1702
1659
1584
1478
1364
1240
1117
994
870
743
614
490
369
246
126
-2
-127
-247
-364
-488
-627
-778
-929
-1072
-1205
-1332
-1449
-1560
-1668
-1775
-1870
-1937
-1970
-1963
-1925
-1856
-1768
-1664
-1546
-1419
-1278
-1132
-995
-870
-736
-594
-458
-331
-205
-76
65
228
401
567
733
890
1019
1133
1239
1341
1434
1509
1558
1586
1612
1626
1613
1591
1569
1547
1515
1464
1372
1247
1114
987
868
759
661
560
462
382
304
226
149
67
-15
-89
-170
-271
-383
-500
-625
-766
-904
-1030
-1148
-1268
-1394
-1517
-1629
-1719
-1780
-1802
-1779
-1727
-1660
-1571
-1461
-1334
-1197
-1057
-925
-793
-651
-504
-370
-254
-147
-44
73
210
353
490
630
764
877
981
1086
1179
1255
1319
1378
1421
1444
1441
1419
1396
1374
1345
1304
1251
1171
1062
942
824
714
607
501
406
324
247
166
87
15
-56
-119
-176
-233
-300
-376
-470
-579
-689
-791
-887
-983
-1087
-1197
-1305
-1400
-1481
-1539
-1562
-1552
-1510
-1433
-1334
-1226
-1116
-1002
-881
-758
-633
-507
-382
-263
-156
-64
26
130
247
372
501
625
748
868
976
1064
1136
1201
1257
1309
1348
1360
1342
1307
1264
1216
1172
1129
1065
970
852
725
603
487
377
275
188
121
63
-6
-89
-174
-252
-316
-368
-426
-493
-570
-658
-752
-841
-923
-986
-1042
-1099
-1160
-1220
-1276
-1327
-1356
-1346
-1305
-1244
-1165
-1062
-950
-837
-728
-615
-492
-366
-232
-97
25
126
210
289
374
477
582
683
795
912
1015
1090
1157
1221
1282
1337
1384
1412
1414
1389
1341
1275
1208
1142
1068
977
862
733
595
459
328
203
97
11
-60
-130
-207
-289
-371
-451
-516
-561
-604
-660
-728
-807
-895
-986
-1072
-1153
-1230
-1291
-1343
-1393
-1440
-1471
-1471
-1436
-1365
-1265
-1139
-996
-854
-718
-578
-440
-300
-158
-10
131
255
364
454
535
617
703
795
895
1005
1106
1182
1232
1267
1294
1324
1361
1394
1405
1387
1340
1276
1208
1140
1072
991
898
788
663
532
394
247
108
-6
-97
-175
-262
-360
-466
-567
-652
-721
-778
-832
-889
-952
-1016
-1078
-1144
-1215
-1284
-1337
-1376
-1413
-1449
-1487
-1519
-1532
-1507
-1433
-1319
-1190
-1057
-923
-780
-624
-457
-293
-126
41
205
363
512
645
754
845
941
1051
1170
1285
1373
1431
1458
1468
1480
1503
1528
1540
1530
1493
1426
1344
1257
1170
1075
973
866
753
633
506
365
226
108
16
-57
-123
-197
-297
-413
-528
-637
-731
-810
-882
-955
-1023
-1085
-1154
-1227
-1292
-1345
-1386
-1417
-1447
-1476
-1507
-1531
-1530
-1491
-1412
-1302
-1167
-1026
-891
-755
-614
-473
-329
-180
-29
126
286
445
584
707
826
956
1097
1240
1365
1454
1505
1527
1530
1525
1521
1511
1496
1474
1430
1366
1283
1189
1088
987
890
787
674
548
412
278
156
53
-26
-86
-140
-210
-291
-383
-484
-585
-678
-765
-845
-913
-982
-1061
-1147
-1232
-1312
-1375
-1417
-1450
-1482
-1514
-1541
-1548
-1527
-1477
-1398
-1291
-1166
-1035
-894
-746
-602
-459
-315
-168
-10
159
321
461
577
686
798
921
1056
1183
1289
1370
1423
1456
1477
1489
1494
1491
1486
1469
1427
1361
1270
1168
1071
983
894
799
691
568
442
324
221
135
56
-27
-118
-210
-303
-395
-491
-590
-686
-768
-836
-899
-963
-1037
-1122
-1215
-1296
-1355
-1396
-1432
-1464
-1492
-1507
-1500
-1460
-1388
-1293
-1186
-1070
-944
-814
-683
-560
-442
-323
-182
-23
145
304
443
567
690
822
952
1076
1183
1264
1323
1360
1383
1397
1405
1412
1424
1436
1433
1404
1351
1280
1201
1125
1052
975
883
771
640
512
405
313
222
127
28
-73
-174
-277
-379
-489
-599
-700
-785
-854
-914
-981
-1059
-1145
-1225
-1294
-1348
-1393
-1434
-1467
-1491
-1498
-1483
-1436
-1366
-1279
-1172
-1050
-923
-795
-671
-558
-444
-318
-176
-25
126
264
390
508
628
750
872
985
1085
1163
1218
1256
1280
1292
1299
1313
1333
1347
1342
1313
1258
1193
1126
1063
1002
930
836
716
591
476
372
277
190
102
9
-87
-183
-286
-395
-507
-616
-712
-792
-859
-929
-1008
-1088
-1170
-1249
-1317
-1373
-1417
-1451
-1473
-1477
-1464
-1430
-1371
-1286
-1178
-1055
-929
-803
-687
-580
-475
-362
-236
-102
38
177
313
441
564
678
791
909
1023
1125
1207
1263
1290
1299
1301
1308
1324
1345
1359
1356
1330
1287
1232
1179
1133
1082
1011
917
806
682
552
423
302
186
82
-15
-111
-208
-310
-416
-520
-612
-691
-759
-824
-892
-969
-1059
-1150
-1239
-1319
-1382
-1431
-1470
-1496
-1506
-1502
-1473
-1417
-1330
-1221
-1094
-958
-830
-711
-594
-477
-354
-219
-74
74
218
355
481
592
695
796
899
1002
1098
1175
1223
1248
1258
1263
1269
1278
1289
1292
1284
1258
1215
1160
1104
1053
1001
938
864
766
644
509
372
241
123
22
-71
-165
-259
-360
-465
-563
-650
-726
-790
-849
-909
-978
-1057
-1139
-1219
-1295
-1361
-1413
-1449
-1470
-1482
-1484
-1465
-1414
-1334
-1220
-1087
-947
-811
-686
-570
-455
-332
-200
-60
89
239
382
513
631
737
836
935
1037
1132
1209
1256
1276
1275
1266
1258
1254
1253
1257
1254
1235
1195
1142
1089
1040
997
950
890
809
705
582
445
312
191
88
2
-78
-163
-257
-361
-462
-555
-636
-705
-769
-834
-905
-981
-1060
-1147
-1234
-1311
-1370
-1411
-1440
-1463
-1476
-1477
-1450
-1391
-1297
-1176
-1040
-905
-783
-670
-564
-460
-350
-228
-100
34
169
300
420
530
631
729
828
929
1025
1101
1154
1187
1205
1218
1235
1254
1276
1296
1303
1292
1263
1221
1170
1117
1069
1014
950
868
763
637
505
379
271
180
104
26
-60
-159
-261
-362
-458
-545
-625
-697
-760
-823
-895
-978
-1066
-1151
-1226
-1282
-1326
-1363
-1391
-1410
-1411
-1384
-1326
-1243
-1139
-1025
-907
-794
-689
-593
-499
-405
-303
-194
-75
48
168
278
372
456
533
611
689
769
843
908
960
998
1028
1055
1086
1122
1156
1185
1197
1181
1145
1096
1041
985
930
870
799
715
616
507
397
298
213
139
75
10
-65
-155
-254
-350
-437
-508
-569
-624
-685
-757
-839
-931
-1019
-1099
-1167
-1218
-1249
-1264
-1260
-1243
-1208
-1152
-1077
-982
-876
-772
-676
-590
-509
-434
-356
-269
-175
-74
32
132
221
294
350
399
450
512
584
660
733
795
844
887
930
970
1003
1028
1035
1025
1005
972
927
876
828
784
751
718
671
609
531
447
371
310
261
212
154
84
1
-87
-174
-260
-336
-409
-476
-547
-625
-708
-795
-881
-958
-1013
-1042
-1045
-1035
-1013
-987
-948
-892
-817
-730
-638
-550
-473
-410
-355
-307
-265
-219
-169
-113
-49
15
69
109
136
159
192
243
313
386
457
520
577
629
673
708
733
747
753
750
734
702
659
611
573
552
540
526
502
466
421
374
332
296
264
231
195
154
101
38
-33
-112
-191
-265
-337
-409
-483
-564
-650
-734
-803
-852
-877
-883
-875
-852
-822
-784
-732
-666
-592
-516
-441
-374
-317
-270
-233
-203
-173
-137
-92
-43
5
42
67
86
108
138
180
232
289
350
409
465
519
566
604
633
653
667
668
656
633
602
571
543
521
506
488
465
437
407
376
346
314
281
249
212
171
125
74
13
-54
-126
-198
-267
-335
-404
-473
-541
-603
-659
-703
-734
-750
-757
-755
-745
-722
-687
-640
-578
-513
-445
-381
-324
-276
-234
-198
-163
-121
-75
-28
16
55
90
124
162
199
234
264
291
318
344
370
393
416
444
467
484
490
483
463
442
424
409
396
383
371
362
356
352
346
334
320
298
270
234
189
142
91
37
-19
-79
-137
-196
-258
-317
-374
-426
-472
-512
-542
-559
-567
-567
-560
-551
-538
-521
-497
-468
-431
-389
-346
-307
-267
-231
-195
-158
-120
-80
-38
5
45
79
112
148
185
224
262
297
326
346
357
362
367
373
378
382
379
366
348
324
301
277
255
238
228
228
232
234
236
238
239
235
223
201
170
132
90
45
-6
-60
-114
-168
-217
-263
-307
-353
-397
-432
-457
-474
-483
-487
-491
-488
-478
-460
-437
-410
-382
-354
-321
-276
-228
-180
-135
-100
-67
-33
5
41
74
103
131
160
191
225
256
287
311
332
351
369
383
393
397
401
398
388
377
361
341
315
288
261
236
211
187
162
145
134
125
113
101
87
67
48
28
5
-25
-62
-103
-144
-184
-226
-273
-320
-362
-394
-415
-432
-447
-465
-477
-484
-485
-479
-470
-458
-439
-412
-380
-342
-297
-249
-202
-149
-92
-39
10
50
82
109
134
162
196
227
254
280
304
324
343
357
370
384
398
415
431
439
437
428
415
400
384
365
342
318
288
254
224
192
160
129
97
66
36
8
-21
-53
-88
-124
-156
-185
-211
-239
-272
-305
-334
-361
-385
-411
-433
-447
-457
-461
-466
-475
-485
-490
-483
-466
-437
-402
-364
-321
-271
-212
-148
-90
-40
3
40
74
108
142
173
199
225
252
278
305
327
344
363
380
399
416
424
421
414
408
404
403
403
389
366
338
308
282
265
251
235
214
187
153
114
76
36
-4
-37
-65
-95
-127
-162
-202
-239
-261
-278
-292
-307
-325
-344
-361
-371
-376
-380
-383
-388
-393
-393
-387
-382
-372
-357
-333
-299
-259
-219
-183
-148
-113
-72
-30
11
44
68
90
113
140
165
191
210
226
239
255
269
274
272
264
255
245
242
244
243
236
224
207
188
177
169
163
160
161
154
145
132
112
96
83
71
58
43
24
-1
-29
-57
-83
-105
-122
-136
-147
-157
-171
-190
-207
-220
-227
-224
-217
-209
-204
-198
-188
-175
-160
-136
-109
-83
-57
-38
-25
-16
-8
-2
5
11
20
27
33
39
44
52
64
81
98
113
122
127
126
120
114
105
97
88
80
71
63
52
39
29
19
14
13
14
15
22
34
43
48
54
57
57
59
54
49
39
25
8
-11
-25
-35
-46
-57
-71
-85
-97
-102
-106
-107
-108
-109
-108
-101
-93
-82
-67
-48
-29
-11
7
14
12
5
-2
-10
-9
-6
-3
-2
-2
-2
3
9
13
15
15
14
7
-4
-17
-32
-40
-44
-47
-49
-50
-53
-52
-48
-40
-30
-23
-15
-11
-10
-9
-7
-3
8
18
33
49
59
64
72
71
65
61
56
54
53
52
47
41
36
36
38
43
47
53
61
67
69
68
66
65
66
73
82
88
84
78
70
60
51
45
38
33
27
24
24
20
14
5
-3
-13
-22
-34
-53
-77
-103
-126
-147
-161
-173
-179
-180
-178
-173
-168
-162
-152
-142
-129
-114
-103
-90
-77
-60
-42
-23
-5
11
24
34
41
42
45
44
42
41
40
40
45
51
57
67
74
83
95
108
123
135
142
147
149
154
161
163
158
147
137
128
122
112
102
89
74
58
48
38
29
20
8
-5
-24
-44
-64
-86
-108
-132
-154
-170
-185
-197
-207
-218
-226
-228
-222
-215
-202
-190
-180
-168
-154
-135
-117
-98
-78
-61
-46
-31
-18
-8
4
8
12
14
18
23
32
39
44
52
61
74
89
103
119
137
154
170
181
190
197
204
211
212
208
200
186
175
167
158
147
139
129
121
112
106
100
90
75
53
27
-1
-26
-50
-78
-105
-129
-150
-165
-179
-190
-200
-206
-209
-208
-202
-196
-196
-196
-192
-184
-167
-151
-134
-124
-117
-111
-104
-94
-82
-72
-60
-47
-30
-10
5
9
6
5
7
17
36
53
73
91
100
107
112
120
139
159
178
190
192
189
175
155
142
131
130
138
147
151
147
143
139
137
131
118
104
88
68
44
15
-22
-58
-89
-108
-125
-135
-142
-150
-157
-166
-175
-181
-182
-180
-175
-167
-158
-146
-133
-122
-117
-115
-109
-99
-91
-89
-92
-99
-102
-98
-93
-86
-79
-67
-48
-27
-7
8
21
40
57
74
90
104
117
128
135
141
143
145
145
146
144
140
136
134
136
134
129
124
122
120
118
113
103
94
83
70
54
37
17
-2
-18
-36
-54
-69
-83
-93
-96
-97
-97
-96
-94
-91
-85
-82
-76
-73
-68
-64
-63
-63
-64
-63
-62
-63
-66
-68
-67
-65
-66
-67
-68
-65
-57
-50
-42
-32
-23
-12
2
13
25
34
43
52
61
64
64
61
60
61
61
60
60
61
64
65
62
60
58
57
57
54
49
41
32
19
4
-8
-18
-24
-28
-32
-34
-35
-37
-36
-34
-32
-28
-27
-26
-21
-17
-14
-11
-8
-3
3
8
14
16
15
12
7
5
0
-8
-13
-17
-19
-18
-17
-15
-14
-10
-5
0
6
11
14
16
18
21
23
26
27
31
31
31
30
27
27
25
23
23
22
19
13
9
3
-2
-4
-9
-16
-26
-38
-47
-54
-61
-65
-67
-69
-69
-67
-65
-61
-56
-49
-38
-26
-16
-5
2
7
14
20
22
23
23
21
15
9
2
-3
-4
-6
-6
-6
-5
-1
5
12
17
20
23
25
27
27
27
24
21
22
23
22
24
26
26
27
28
27
25
21
19
14
12
11
11
10
8
6
2
-1
-2
-5
-8
-15
-24
-30
-36
-40
-45
-50
-54
-57
-56
-54
-48
-40
-29
-16
-4
7
17
28
37
45
50
52
54
51
48
41
30
18
11
4
1
3
4
12
18
22
25
29
33
39
41
41
38
35
31
24
17
9
2
-2
-4
-6
-9
-10
-12
-14
-16
-19
-22
-22
-23
-22
-22
-26
-30
-38
-43
-44
-47
-51
-54
-54
-55
-53
-51
-49
-46
-42
-37
-33
-28
-21
-13
-7
0
7
12
20
28
36
38
36
32
27
22
17
12
9
6
4
7
11
18
23
28
33
37
41
43
42
42
39
37
31
26
20
14
9
5
0
-3
-9
-13
-19
-23
-26
-29
-31
-30
-29
-30
-30
-32
-32
-31
-31
-30
-31
-32
-35
-39
-40
-40
-38
-38
-36
-34
-30
-25
-20
-13
-7
1
9
20
27
32
39
45
50
50
47
42
38
35
31
28
22
18
14
15
20
25
29
33
40
44
48
50
50
50
49
48
45
39
35
29
22
14
7
0
-7
-13
-19
-29
-36
-44
-50
-51
-54
-56
-57
-57
-57
-55
-53
-52
-51
-51
-48
-46
-41
-39
-37
-36
-36
-33
-28
-24
-19
-14
-9
-2
6
11
18
25
33
42
49
52
52
50
48
43
37
33
29
26
25
27
29
33
37
43
47
50
51
51
50
48
43
39
36
34
27
20
13
4
-4
-14
-23
-33
-42
-52
-58
-64
-67
-71
-73
-74
-75
-72
-71
-68
-67
-68
-69
-69
-65
-62
-59
-56
-53
-50
-46
-41
-34
-26
-18
-8
0
9
17
22
28
34
42
48
54
59
61
62
61
60
58
57
58
58
60
62
63
65
67
68
70
71
72
71
68
63
58
54
48
39
31
21
12
2
-6
-14
-24
-33
-44
-50
-55
-58
-59
-62
-66
-67
-68
-70
-70
-70
-72
-73
-73
-71
-70
-69
-68
-67
-69
-66
-62
-59
-54
-46
-38
-28
-17
-7
3
10
17
26
33
39
44
47
50
51
54
57
62
65
68
71
74
77
77
80
81
83
84
84
82
77
72
67
63
56
51
44
35
27
17
8
-1
-10
-21
-31
-39
-47
-55
-59
-63
-68
-71
-74
-75
-75
-77
-79
-80
-82
-86
-86
-86
-86
-87
-84
-82
-79
-76
-73
-68
-60
-51
-42
-33
-27
-18
-7
4
13
23
33
40
47
54
59
63
70
73
78
83
89
91
93
94
93
93
94
94
91
87
81
76
72
69
65
60
54
49
41
36
30
21
10
0
-9
-17
-26
-34
-42
-50
-57
-64
-69
-73
-75
-78
-81
-85
-91
-95
-97
-101
-101
-100
-100
-98
-96
-93
-87
-82
-75
-65
-57
-48
-40
-33
-23
-14
-5
5
15
22
29
35
39
43
46
53
60
68
73
79
82
86
88
92
95
95
96
95
92
88
85
81
76
73
68
64
58
52
44
37
29
21
14
7
-1
-7
-13
-21
-27
-34
-41
-47
-50
-55
-58
-64
-70
-78
-84
-87
-90
-92
-93
-94
-95
-94
-92
-88
-81
-73
-65
-57
-50
-42
-37
-32
-25
-19
-12
-5
0
4
9
15
21
26
30
34
40
45
52
56
59
63
65
67
71
74
76
77
77
76
75
75
73
72
69
62
57
53
47
41
36
29
24
20
16
11
5
-3
-11
-17
-23
-29
-36
-43
-50
-57
-62
-66
-71
-73
-74
-74
-75
-75
-74
-73
-71
-68
-64
-61
-58
-52
-49
-44
-39
-34
-29
-26
-23
-19
-16
-12
-8
-2
2
7
12
18
24
31
38
42
47
52
56
62
66
68
67
69
68
68
69
65
63
62
59
58
56
53
48
43
38
34
31
28
22
16
10
4
-1
-7
-14
-20
-26
-31
-38
-42
-46
-50
-52
-54
-55
-58
-60
-60
-59
-57
-57
-54
-54
-54
-52
-50
-47
-43
-40
-38
-37
-34
-32
-28
-24
-20
-19
-15
-11
-6
0
6
10
12
18
23
31
37
42
45
51
55
57
58
59
59
59
59
59
57
54
52
49
46
44
41
40
37
35
31
25
20
14
9
2
-3
-8
-13
-18
-24
-30
-32
-35
-37
-39
-41
-43
-42
-41
-39
-38
-39
-40
-42
-42
-41
-40
-40
-42
-43
-43
-42
-40
-39
-38
-36
-34
-29
-24
-20
-15
-9
-5
1
9
15
22
28
33
37
42
47
50
54
55
55
56
56
57
56
55
54
52
51
51
46
42
38
34
32
27
23
17
13
8
5
0
-4
-10
-15
-17
-22
-25
-29
-33
-37
-40
-40
-40
-40
-41
-42
-41
-40
-37
-35
-35
-36
-38
-38
-37
-36
-36
-36
-37
-37
-36
-33
-30
-27
-25
-22
-17
-11
-6
0
5
10
14
20
25
26
27
29
30
31
32
32
32
30
31
32
32
32
31
30
29
28
28
27
25
23
22
19
17
12
10
8
6
4
2
0
-1
-2
-4
-4
-4
-4
-5
-6
-12
-14
-17
-17
-18
-19
-22
-25
-26
-26
-26
-26
-25
-26
-25
-23
-21
-19
-18
-17
-15
-11
-7
-4
-1
2
4
8
11
15
17
18
20
24
27
28
30
29
29
30
31
31
30
27
26
25
23
22
21
17
16
14
14
13
11
7
3
1
-1
-3
-6
-7
-12
-13
-14
-13
-11
-10
-10
-10
-13
-13
-12
-12
-14
-16
-17
-18
-19
-20
-22
-24
-26
-26
-24
-22
-21
-23
-22
-21
-19
-20
-20
-20
-19
-18
-15
-11
-11
-8
-7
-4
-2
3
7
12
12
14
16
16
16
15
12
10
7
3
1
-1
-2
-4
-4
-3
-3
-2
-1
-2
1
2
2
5
5
6
6
7
10
11
12
11
9
7
5
4
2
1
-3
-5
-4
-4
-3
-3
-4
-4
-2
-2
0
0
-1
-2
1
5
8
10
10
10
11
13
16
17
17
16
16
17
18
17
15
13
14
15
14
13
12
10
9
7
5
2
-2
-2
-4
-8
-8
-9
-9
-9
-11
-11
-11
-10
-8
-5
-3
-2
0
1
3
4
6
6
5
4
3
4
3
-1
-3
-7
-10
-12
-14
-16
-19
-19
-18
-18
-17
-16
-16
-13
-11
-8
-5
-3
-2
-1
-1
0
2
3
3
2
3
3
4
4
5
6
7
7
7
8
7
5
3
4
1
0
-1
-3
-6
-9
-10
-9
-10
-9
-10
-11
-11
-10
-7
-5
-3
-2
0
2
5
8
8
7
6
4
4
4
1
0
-1
-2
-5
-6
-6
-7
-7
-6
-6
-7
-6
-7
-6
-6
-5
-3
-3
0
0
-1
0
1
2
4
5
6
6
8
9
10
11
12
11
11
12
12
11
11
9
7
5
5
3
0
-1
-2
-2
0
1
1
0
1
2
4
6
7
7
6
6
6
5
4
4
1
0
0
-2
-3
-4
-4
-5
-5
-4
-4
-4
-4
-4
-3
-3
-4
-4
-5
-4
-4
-1
1
2
3
2
2
2
2
6
7
8
9
9
9
9
9
9
8
5
6
5
5
2
-1
-2
-2
-1
1
1
0
-2
-3
-3
-3
-3
-3
-4
-5
-5
-5
-5
-5
-6
-4
-4
-5
-6
-7
-8
-10
-13
-15
-17
-17
-16
-16
-16
-16
-16
-15
-13
-11
-10
-8
-8
-8
-7
-5
-4
-2
0
2
4
5
6
7
10
11
12
14
15
16
17
18
19
19
18
18
18
16
13
12
8
7
6
3
1
0
-2
-3
-4
-5
-8
-7
-5
-7
-8
-6
-6
-6
-3
-4
-5
-5
-6
-5
-7
-8
-10
-12
-13
-13
-14
-13
-13
-13
-12
-10
-9
-8
-9
-8
-7
-4
0
0
1
0
1
2
4
6
6
7
8
9
11
12
14
14
16
17
19
20
20
20
19
18
18
15
15
12
12
12
11
11
11
11
10
8
8
9
7
8
7
6
5
5
5
3
2
0
-2
-4
-5
-6
-5
-8
-10
-11
-13
-14
-15
-17
-19
-19
-19
-18
-16
-17
-17
-16
-14
-13
-12
-12
-13
-13
-14
-13
-11
-9
-8
-8
-8
-7
-5
-3
-2
-1
2
4
6
8
9
9
11
12
13
13
13
12
10
9
9
8
6
5
3
2
2
2
1
0
1
1
2
2
1
-1
-1
-3
-3
-3
-6
-7
-8
-8
-8
-8
-9
-10
-10
-10
-8
-7
-7
-9
-10
-11
-11
-12
-11
-10
-10
-11
-8
-8
-5
-2
-2
0
3
4
4
4
4
4
4
5
5
5
4
5
5
6
9
12
14
15
15
15
16
16
16
16
17
16
16
18
18
17
15
13
14
12
11
10
10
7
7
7
7
7
7
6
5
5
6
8
7
8
6
5
1
-2
-5
-6
-8
-10
-10
-11
-11
-12
-13
-13
-14
-14
-13
-13
-12
-11
-11
-12
-13
-14
-13
-12
-9
-10
-10
-10
-10
-10
-8
-6
-7
-7
-8
-9
-7
-7
-5
-4
-3
-1
0
0
3
6
6
4
5
4
4
5
6
4
4
3
4
5
5
5
5
5
4
4
4
2
2
3
3
4
4
2
2
3
2
0
-1
-4
-5
-8
-10
-12
-15
-17
-18
-17
-16
-16
-15
-16
-16
-16
-15
-14
-13
-11
-9
-9
-10
-8
-7
-4
-4
-3
-2
-3
-2
1
2
3
3
6
7
10
13
13
15
17
19
20
19
20
19
18
18
16
16
17
17
16
17
17
16
17
17
17
17
18
17
17
17
19
19
17
16
14
11
9
5
2
-2
-6
-7
-11
-14
-14
-14
-15
-14
-13
-12
-12
-11
-10
-8
-7
-7
-11
-13
-15
-16
-17
-21
-23
-23
-25
-25
-23
-21
-19
-18
-15
-10
-8
-7
-2
-1
1
2
4
5
5
6
6
6
5
5
6
4
6
7
8
10
12
15
15
18
20
23
24
25
24
24
24
22
22
19
17
14
13
12
10
8
8
6
4
3
2
1
0
-2
-6
-7
-8
-12
-15
-17
-17
-18
-20
-22
-23
-26
-29
-32
-33
-34
-35
-34
-33
-32
-29
-27
-24
-22
-18
-16
-13
-10
-7
-5
-3
-2
-2
-1
0
-1
-1
-2
-2
0
2
2
3
4
6
8
12
15
18
20
21
22
24
26
29
29
26
26
22
20
19
19
18
16
14
13
12
10
8
8
7
6
7
8
8
7
7
7
6
5
3
2
-1
-5
-9
-12
-14
-16
-16
-16
-17
-17
-18
-18
-16
-13
-13
-12
-13
-12
-11
-11
-10
-10
-9
-7
-7
-6
-7
-6
-5
-4
-4
-1
2
5
11
15
17
19
20
23
26
29
29
28
28
26
25
22
21
18
16
14
12
8
6
5
2
-1
-3
-5
-7
-9
-10
-12
-13
-13
-14
-16
-16
-18
-20
-23
-26
-29
-30
-31
-29
-29
-27
-26
-23
-22
-18
-17
-15
-12
-9
-7
-6
-5
-2
0
3
4
6
6
8
8
8
10
9
10
11
13
13
14
16
16
16
18
19
19
20
20
21
20
19
17
15
14
11
8
5
1
-2
-5
-7
-10
-12
-12
-14
-15
-16
-15
-15
-15
-15
-16
-16
-16
-17
-17
-16
-17
-16
-16
-16
-14
-13
-14
-13
-11
-8
-6
-4
-2
1
1
3
6
7
9
10
11
12
13
13
15
16
15
18
19
21
25
26
26
27
27
30
31
30
29
28
25
24
22
21
18
16
14
11
10
7
3
-1
-4
-5
-9
-10
-11
-12
-13
-15
-17
-17
-19
-19
-22
-24
-24
-24
-25
-26
-26
-27
-27
-25
-24
-23
-22
-20
-19
-19
-17
-16
-14
-12
-11
-8
-6
-4
-1
1
4
6
9
10
12
15
16
17
18
20
22
23
23
24
25
25
24
23
21
18
17
16
14
12
9
5
3
2
-1
-3
-5
-8
-8
-10
-10
-11
-11
-12
-13
-12
-14
-16
-16
-16
-15
-16
-17
-17
-20
-20
-21
-21
-21
-20
-18
-16
-15
-13
-11
-10
-7
-4
-2
0
0
3
4
7
8
9
10
10
12
12
15
13
14
13
14
16
18
18
18
19
19
20
19
18
18
18
17
16
13
11
8
5
3
2
0
-1
-2
-3
-3
-5
-6
-7
-6
-7
-9
-12
-13
-15
-18
-18
-19
-20
-19
-19
-19
-19
-18
-17
-14
-12
-10
-8
-5
-4
-3
-1
1
3
4
8
9
10
10
11
11
14
14
14
16
17
17
17
18
18
19
17
17
17
17
16
15
16
14
12
12
11
10
7
7
5
3
2
0
-1
-3
-5
-6
-8
-10
-11
-11
-12
-14
-17
-17
-18
-19
-20
-20
-20
-20
-17
-18
-18
-17
-15
-14
-14
-10
-10
-9
-9
-8
-8
-7
-7
-8
-6
-4
-2
1
1
1
2
4
6
7
9
9
9
9
9
9
11
12
11
11
10
11
11
12
11
12
11
10
10
10
8
6
5
4
4
2
0
-3
-4
-5
-6
-6
-6
-7
-8
-8
-9
-8
-8
-8
-8
-11
-10
-11
-11
-10
-10
-10
-9
-7
-7
-6
-5
-7
-6
-5
-4
-2
-4
-4
-4
-3
-1
1
1
3
5
7
8
8
8
10
11
10
11
12
11
13
12
12
13
13
13
11
11
10
9
8
7
7
7
7
6
5
6
5
5
4
1
1
0
0
-1
-1
-3
-5
-5
-7
-8
-10
-10
-11
-10
-10
-9
-10
-9
-8
-7
-7
-7
-6
-5
-4
-4
-4
-5
-4
-4
-5
-5
-3
-2
-2
0
0
2
1
1
2
2
3
4
5
4
4
4
5
6
6
7
7
7
7
7
6
5
5
5
4
1
-1
-1
-2
-2
-1
1
0
0
0
0
-1
-3
-2
-1
-2
-2
-3
-5
-5
-6
-6
-6
-7
-8
-6
-7
-6
-5
-4
-3
-1
-1
-1
-1
-1
-2
-1
-1
-1
-1
0
0
0
0
0
1
1
2
3
5
6
8
8
8
7
8
8
8
7
8
7
5
5
4
3
2
2
2
1
1
1
0
-2
-2
-4
-5
-5
-6
-6
-8
-9
-11
-13
-13
-14
-15
-17
-18
-19
-19
-20
-18
-18
-17
-15
-14
-13
-13
-11
-9
-8
-5
-4
-3
-2
-1
1
3
5
8
9
11
12
13
15
17
18
19
20
21
21
23
22
22
22
22
24
24
25
25
24
23
23
22
22
20
18
18
17
16
14
13
11
8
5
3
0
-1
-4
-8
-11
-13
-14
-16
-16
-18
-21
-20
-21
-22
-23
-24
-26
-26
-25
-24
-23
-21
-22
-21
-20
-18
-16
-14
-14
-11
-11
-8
-7
-5
-4
-3
0
1
2
4
6
7
7
9
11
12
12
13
14
15
18
20
20
21
19
19
18
18
17
16
14
12
12
11
11
8
7
6
5
4
0
-2
-4
-6
-6
-8
-8
-8
-11
-12
-12
-13
-15
-16
-17
-19
-20
-23
-24
-26
-27
-27
-28
-27
-27
-25
-24
-23
-21
-17
-15
-12
-10
-8
-8
-6
-6
-4
-3
-1
1
3
4
7
7
10
13
15
17
20
23
27
28
30
30
29
29
27
26
25
24
24
24
22
21
18
17
17
17
16
15
15
13
12
11
9
7
6
5
2
0
-3
-5
-6
-9
-12
-13
-14
-16
-18
-20
-21
-22
-21
-23
-23
-24
-25
-25
-24
-24
-22
-22
-21
-20
-19
-19
-18
-16
-14
-12
-12
-9
-10
-8
-6
-2
0
3
6
9
12
14
16
18
19
21
23
22
22
22
23
22
22
23
23
24
23
23
23
24
24
24
21
19
16
15
14
12
10
8
5
2
-1
-4
-7
-10
-11
-13
-14
-15
-16
-16
-16
-17
-17
-19
-20
-21
-23
-23
-25
-26
-27
-28
-28
-29
-31
-29
-29
-27
-26
-22
-20
-19
-16
-14
-13
-11
-8
-6
-4
-2
1
3
6
10
12
15
18
22
23
25
27
30
31
31
31
30
31
30
29
27
25
24
24
22
21
20
19
19
18
17
15
12
10
7
5
1
-3
-5
-8
-11
-13
-16
-19
-20
-22
-24
-27
-27
-30
-32
-34
-35
-34
-34
-35
-35
-36
-35
-36
-34
-32
-29
-27
-23
-21
-16
-11
-6
-1
1
6
10
16
18
21
23
24
27
29
30
31
32
33
33
35
36
37
37
37
38
37
37
37
35
35
32
31
29
27
24
21
18
15
12
10
7
4
1
0
-2
-5
-7
-9
-11
-13
-17
-21
-25
-28
-32
-35
-37
-40
-42
-44
-45
-47
-45
-44
-43
-39
-39
-37
-35
-33
-28
-26
-22
-20
-16
-13
-9
-6
-5
-2
0
2
5
7
10
12
14
17
19
20
22
23
24
25
25
26
26
27
29
28
28
27
26
24
26
24
23
22
20
19
17
15
11
7
3
0
-3
-7
