42
40
39
39
38
37
35
33
33
31
30
28
27
26
23
21
19
16
12
9
6
3
-1
-2
-6
-8
-10
-12
-14
-15
-17
-19
-21
-22
-25
-24
-27
-28
-29
-30
-30
-31
-31
-32
-32
-32
-32
-31
-30
-30
-31
-29
-28
-24
-22
-21
-19
-18
-16
-13
-12
-11
-10
-8
-8
-6
-5
-3
-3
-1
0
3
5
7
9
10
11
12
14
15
17
16
16
16
17
16
18
17
16
17
16
16
14
13
11
10
8
7
7
6
4
2
1
-1
-2
-2
-4
-5
-6
-7
-9
-9
-9
-10
-11
-11
-11
-12
-11
-11
-10
-10
-11
-11
-11
-11
-10
-10
-9
-10
-10
-9
-9
-9
-8
-8
-7
-7
-6
-6
-6
-5
-4
-4
-4
-4
-4
-5
-5
-7
-8
-8
-9
-10
-12
-12
-15
-14
-16
-16
-17
-19
-18
-20
-20
-21
-21
-22
-22
-23
-23
-23
-23
-23
-24
-24
-25
-23
-23
-23
-23
-22
-22
-22
-21
-21
-20
-18
-17
-16
-16
-14
-13
-11
-11
-8
-7
-5
-3
0
2
3
4
5
8
9
10
12
13
15
15
17
17
20
20
21
22
23
24
24
25
24
25
24
24
25
26
26
26
26
26
26
26
27
27
26
24
25
25
24
23
23
22
22
21
20
20
20
19
18
17
17
16
14
14
13
12
12
10
9
10
9
8
9
9
10
10
9
9
7
8
7
6
6
6
6
7
5
6
6
5
3
3
0
1
-2
-3
-4
-6
-6
-5
-6
-6
-6
-6
-6
-7
-7
-8
-8
-10
-10
-10
-10
-10
-10
-9
-10
-10
-9
-8
-8
-8
-7
-6
-6
-5
-4
-4
-3
-4
-2
-3
-1
1
2
3
4
6
8
9
12
13
15
16
17
19
19
21
20
20
19
20
18
19
19
16
15
15
12
11
9
9
6
4
3
1
0
-2
-2
-4
-4
-6
-6
-7
-9
-10
-10
-11
-12
-14
-14
-15
-16
-17
-17
-18
-18
-19
-20
-21
-22
-23
-25
-26
-25
-26
-27
-28
-27
-27
-28
-27
-27
-25
-25
-24
-22
-22
-21
-19
-17
-16
-13
-13
-11
-11
-12
-10
-10
-10
-10
-13
-12
-12
-14
-14
-15
-14
-15
-16
-17
-18
-18
-18
-19
-17
-16
-16
-15
-16
-15
-15
-14
-13
-14
-13
-13
-14
-13
-12
-12
-13
-12
-13
-13
-12
-13
-13
-13
-12
-12
-10
-11
-10
-10
-9
-7
-4
-1
-1
2
4
6
9
11
13
16
19
20
22
24
24
26
28
29
32
32
33
33
32
32
33
32
32
31
30
31
31
30
29
29
29
29
28
29
29
29
30
30
29
30
31
30
29
28
27
26
26
25
24
23
21
20
19
16
15
14
14
14
12
12
12
11
10
10
10
10
10
9
8
9
7
6
5
5
5
4
3
2
1
0
0
-1
-3
-4
-6
-8
-8
-10
-12
-12
-14
-14
-16
-17
-18
-19
-20
-21
-20
-19
-19
-17
-17
-16
-17
-17
-16
-16
-16
-17
-16
-17
-17
-15
-16
-15
-14
-15
-14
-13
-13
-12
-12
-10
-12
-11
-10
-9
-9
-8
-6
-5
-1
-1
2
4
5
6
6
9
10
11
13
14
16
16
16
18
18
18
17
16
15
15
13
13
13
11
9
8
7
5
4
4
2
1
1
0
-3
-3
-5
-6
-8
-9
-9
-10
-10
-12
-14
-14
-14
-16
-17
-17
-18
-20
-22
-21
-21
-23
-24
-23
-24
-24
-24
-22
-21
-20
-18
-16
-13
-14
-12
-12
-10
-8
-6
-5
-5
-3
-3
-2
0
0
2
2
2
3
3
3
3
3
3
4
3
4
4
5
4
4
4
3
2
2
1
1
-1
-1
-1
-3
-4
-5
-4
-5
-5
-4
-5
-6
-8
-9
-9
-11
-11
-12
-13
-14
-14
-14
-14
-13
-12
-12
-10
-9
-10
-10
-9
-8
-8
-7
-7
-7
-6
-4
-3
-2
-1
2
4
5
7
7
10
11
13
13
13
15
15
16
17
18
19
20
20
21
21
21
20
20
21
21
20
20
18
18
17
18
16
16
16
13
12
12
10
8
8
5
4
4
2
2
1
1
1
0
1
2
2
3
2
1
2
2
2
2
1
1
2
2
2
2
5
4
5
7
6
7
7
8
8
8
9
9
9
10
10
11
12
13
13
14
14
14
14
12
14
14
15
14
13
14
13
13
14
12
12
12
10
9
8
6
5
5
5
2
2
1
2
2
1
1
0
-2
-3
-3
-4
-5
-5
-6
-6
-7
-7
-8
-8
-7
-8
-7
-7
-8
-7
-7
-7
-7
-6
-7
-7
-7
-6
-7
-7
-6
-5
-4
-5
-4
-2
-2
-1
0
0
-2
-1
-1
-1
-3
-4
-3
-4
-4
-6
-6
-8
-9
-9
-10
-10
-11
-14
-14
-15
-17
-17
-17
-18
-17
-18
-19
-19
-20
-21
-19
-19
-19
-18
-18
-18
-19
-19
-19
-19
-20
-18
-18
-19
-19
-19
-20
-19
-18
-18
-18
-19
-19
-18
-17
-17
-16
-14
-14
-15
-15
-15
-15
-16
-15
-15
-16
-17
-18
-18
-17
-17
-17
-17
-16
-17
-17
-17
-16
-16
-17
-16
-16
-17
-14
-13
-12
-12
-11
-9
-8
-5
-3
-1
0
2
4
6
7
9
11
12
14
17
18
18
20
20
21
22
21
22
23
23
24
26
28
30
32
35
37
39
42
43
45
45
45
45
45
46
46
47
46
47
45
45
46
45
45
44
43
40
40
38
34
32
28
25
21
20
18
15
13
12
10
9
5
5
3
2
1
0
-1
-1
-3
-3
-4
-5
-7
-7
-8
-10
-11
-11
-13
-15
-16
-19
-19
-19
-20
-20
-19
-19
-18
-17
-16
-14
-14
-14
-13
-13
-13
-13
-12
-11
-11
-10
-11
-10
-9
-8
-7
-6
-6
-6
-7
-8
-8
-10
-8
-10
-10
-10
-10
-10
-10
-10
-10
-11
-9
-9
-8
-7
-7
-7
-6
-5
-5
-4
-2
-2
-2
-1
0
1
1
2
2
3
2
2
1
0
0
-1
-1
-1
0
1
2
4
4
6
6
7
7
6
8
8
6
8
7
6
6
6
7
7
7
7
5
4
3
3
1
-1
-4
-6
-7
-7
-6
-7
-8
-8
-8
-9
-10
-11
-11
-12
-13
-14
-15
-16
-15
-15
-14
-14
-14
-15
-15
-16
-16
-16
-17
-19
-18
-19
-19
-19
-20
-20
-19
-18
-20
-19
-17
-16
-15
-13
-14
-14
-13
-14
-14
-13
-13
-14
-13
-12
-13
-14
-13
-13
-14
-14
-14
-14
-13
-13
-12
-11
-11
-11
-10
-8
-7
-6
-6
-5
-3
-3
-3
-3
-2
0
1
3
4
3
6
9
11
13
16
17
19
22
23
23
26
27
27
28
27
28
28
28
28
28
29
29
30
31
33
33
33
33
34
34
33
33
33
30
31
31
29
30
28
26
24
22
20
17
16
15
12
10
8
5
3
1
-1
-2
-4
-6
-9
-11
-12
-14
-15
-15
-16
-17
-20
-20
-19
-21
-21
-22
-23
-23
-24
-25
-25
-24
-26
-23
-24
-23
-22
-20
-18
-17
-16
-16
-14
-11
-11
-8
-6
-3
-3
0
2
3
7
8
10
11
14
16
18
20
21
23
24
24
26
27
30
29
31
31
31
31
33
35
35
36
37
36
36
35
35
33
32
32
29
27
26
24
22
21
20
18
16
14
13
13
11
10
9
8
7
4
3
3
2
2
-1
-2
-3
-4
-5
-8
-8
-11
-12
-14
-16
-16
-17
-19
-19
-20
-22
-23
-24
-25
-28
-29
-31
-33
-34
-36
-36
-38
-37
-38
-39
-39
-39
-40
-40
-40
-40
-40
-38
-39
-39
-39
-40
-39
-40
-40
-39
-41
-40
-40
-41
-40
-39
-38
-37
-37
-35
-36
-35
-34
-32
-33
-31
-30
-27
-25
-25
-23
-22
-21
-19
-18
-15
-14
-12
-10
-8
-6
-5
-4
-3
-1
2
4
5
8
8
8
9
9
10
12
13
14
14
14
17
17
20
21
23
24
24
26
27
27
28
28
30
29
29
28
30
30
30
31
32
32
33
33
33
35
34
34
35
34
35
35
34
34
34
33
34
33
31
31
31
30
30
29
29
27
25
26
25
25
24
23
22
21
21
19
17
15
13
10
8
6
6
5
4
3
2
1
-1
0
-1
-2
-2
-3
-5
-5
-7
-9
-10
-11
-12
-12
-14
-15
-15
-15
-15
-16
-16
-17
-17
-18
-18
-17
-17
-18
-18
-17
-15
-15
-15
-14
-14
-13
-12
-12
-11
-10
-9
-9
-7
-6
-4
-4
-1
-1
0
1
2
5
6
7
7
7
6
6
7
5
6
7
7
6
6
6
4
4
4
4
3
3
3
2
2
2
1
1
0
-2
-3
-3
-4
-2
-3
-3
-4
-5
-6
-7
-9
-10
-12
-15
-14
-14
-14
-14
-14
-13
-14
-13
-14
-14
-13
-13
-12
-12
-13
-12
-12
-12
-11
-11
-9
-9
-8
-7
-6
-4
-1
-2
-2
-1
1
2
3
4
4
4
4
5
5
6
4
3
4
4
4
4
6
4
3
4
4
4
4
5
5
4
3
3
2
-1
-1
-1
-1
-2
-5
-4
-4
-3
-4
-5
-5
-7
-6
-8
-9
-9
-8
-8
-8
-6
-8
-10
-10
-10
-10
-9
-9
-9
-9
-8
-8
-7
-6
-6
-6
-6
-5
-5
-4
-3
-2
-1
-2
-1
0
0
-1
-1
-1
0
0
0
0
1
1
1
2
5
4
4
4
4
4
4
3
3
4
2
3
3
4
3
3
5
4
3
3
3
3
3
3
2
2
2
1
0
1
2
1
2
2
1
2
2
3
4
4
5
8
9
9
9
10
10
9
9
8
8
9
9
7
7
5
6
7
7
7
8
9
9
10
9
10
10
10
12
11
12
11
10
10
8
8
8
8
8
6
7
7
6
6
7
6
5
6
5
5
7
6
5
6
4
5
4
6
6
7
5
5
5
5
5
5
5
4
4
4
4
4
4
3
3
1
0
-1
-2
-3
-3
-5
-5
-4
-5
-4
-4
-3
-3
-2
-2
-1
-1
-1
-2
-3
-2
-3
-3
-4
-4
-4
-5
-5
-5
-5
-4
-3
-4
-4
-5
-6
-7
-8
-9
-9
-9
-9
-7
-8
-7
-8
-9
-8
-9
-9
-7
-8
-7
-7
-7
-9
-9
-8
-8
-7
-5
-5
-5
-5
-6
-6
-5
-4
-5
-4
-5
-7
-7
-7
-7
-7
-6
-4
-4
-4
-5
-4
-4
-5
-7
-7
-7
-8
-7
-7
-7
-8
-7
-6
-6
-6
-6
-5
-6
-6
-7
-7
-8
-8
-8
-9
-9
-9
-10
-9
-10
-9
-7
-7
-6
-7
-7
-6
-5
-4
-4
-5
-5
-7
-6
-5
-5
-3
-4
-4
-4
-4
-3
-3
-4
-3
-4
-4
-4
-4
-4
-2
-2
-1
0
1
2
4
6
9
12
12
14
14
16
18
20
21
22
23
22
21
20
20
18
18
15
15
14
12
12
11
11
11
11
11
12
13
14
13
12
11
9
11
7
6
6
4
3
1
-1
-1
-1
0
0
1
0
1
2
4
3
2
2
4
5
5
6
7
8
8
8
7
8
8
9
9
9
10
8
8
8
8
8
8
6
6
5
4
1
-1
-2
-3
-4
-5
-5
-6
-6
-7
-7
-8
-6
-5
-7
-6
-7
-8
-8
-9
-9
-9
-10
-12
-13
-15
-18
-20
-21
-24
-24
-25
-26
-27
-26
-26
-27
-27
-27
-28
-28
-28
-28
-26
-24
-24
-20
-17
-15
-12
-12
-8
-5
-2
1
4
6
11
13
17
21
24
27
29
30
32
31
32
31
32
32
29
29
30
30
31
32
32
33
32
33
35
36
37
37
39
39
39
41
42
42
41
41
40
40
40
38
38
35
35
33
31
31
29
27
25
23
22
18
16
15
13
11
8
6
5
1
-1
-4
-7
-10
-13
-17
-20
-22
-25
-26
-30
-33
-36
-38
-41
-44
-46
-49
-53
-55
-58
-61
-62
-63
-64
-65
-66
-67
-66
-67
-66
-65
-64
-63
-65
-64
-65
-64
-64
-63
-64
-64
-64
-65
-64
-63
-62
-61
-60
-57
-55
-53
-48
-46
-43
-39
-36
-31
-27
-23
-19
-16
-11
-8
-5
0
3
8
11
14
19
22
25
29
32
35
38
41
43
46
48
49
51
53
54
54
55
56
58
59
59
59
60
60
59
58
56
56
53
51
49
49
45
42
39
35
33
30
27
24
19
17
15
11
8
5
3
1
-3
-4
-5
-6
-7
-7
-7
-8
-10
-12
-13
-15
-16
-17
-18
-18
-19
-20
-22
-22
-24
-25
-25
-25
-24
-24
-25
-25
-25
-23
-24
-23
-21
-18
-17
-14
-12
-9
-7
-6
-2
1
5
8
12
14
16
20
22
25
27
29
31
33
35
35
37
38
39
41
43
45
45
47
49
49
52
51
53
54
54
56
57
58
59
59
59
58
57
57
57
58
56
56
54
52
49
47
44
41
38
35
32
29
25
21
17
12
8
5
2
-2
-5
-10
-12
-14
-18
-20
-24
-26
-31
-35
-39
-43
-46
-50
-53
-55
-59
-62
-64
-66
-69
-70
-71
-72
-73
-74
-74
-74
-74
-74
-73
-72
-72
-70
-69
-68
-68
-68
-68
-66
-68
-67
-67
-66
-65
-63
-60
-59
-57
-57
-54
-51
-50
-47
-45
-43
-41
-39
-36
-35
-31
-27
-25
-23
-20
-16
-13
-12
-7
-5
-3
-1
1
3
2
3
5
5
6
7
8
9
9
8
9
11
10
11
11
14
14
16
18
21
23
25
29
31
34
37
40
41
43
45
47
48
49
50
50
51
52
54
53
53
52
51
50
50
49
49
47
46
42
41
40
37
35
33
32
29
27
26
23
22
21
19
17
14
12
9
6
5
2
0
-2
-3
-5
-6
-8
-10
-12
-14
-15
-17
-17
-17
-17
-16
-17
-17
-17
-15
-14
-14
-15
-12
-13
-13
-11
-10
-10
-9
-8
-7
-6
-5
-2
-2
0
1
2
2
3
3
5
6
7
9
8
11
12
14
15
16
17
16
17
18
18
19
19
20
19
21
21
21
20
21
20
20
20
19
18
17
15
15
12
10
9
8
7
6
4
1
0
-2
-2
-1
-2
-2
-2
-2
-3
-4
-6
-6
-8
-8
-8
-7
-9
-9
-10
-11
-14
-15
-16
-16
-15
-15
-16
-16
-16
-16
-14
-13
-10
-9
-8
-7
-7
-6
-6
-4
-2
-2
-1
-1
-3
-5
-6
-9
-9
-11
-12
-13
-14
-17
-16
-16
-15
-13
-12
-9
-8
-8
-7
-7
-7
-6
-4
-6
-5
-7
-10
-10
-11
-11
-7
-5
-4
-1
-4
-8
-9
-11
-11
-8
-8
-11
-11
-15
-17
-18
-17
-13
-8
-7
-7
-6
-10
-12
-10
-9
-7
-3
-4
-6
-7
-11
-13
-12
-7
-2
2
1
-5
-10
-17
-22
-20
-18
-14
-7
-4
-4
-5
-9
-8
-5
-1
5
9
6
3
-1
-6
-6
-1
5
13
22
25
23
21
20
21
23
28
30
30
24
19
15
11
12
18
22
25
27
23
18
13
10
7
10
13
12
11
6
3
0
-3
-2
1
-2
-5
-11
-23
-33
-43
-51
-56
-57
-60
-61
-61
-64
-63
-60
-60
-56
-48
-50
-50
-49
-51
-51
-45
-40
-36
-33
-34
-36
-37
-39
-34
-26
-19
-12
-8
-10
-11
-8
-3
7
25
38
44
52
47
38
35
35
44
61
71
83
91
89
86
91
97
107
127
135
132
127
110
98
90
87
95
105
103
99
89
67
62
70
76
101
123
105
70
19
-33
-60
-67
-51
-8
41
58
46
17
-33
-55
-58
-54
-21
9
20
15
-21
-68
-97
-108
-85
-46
-10
11
20
2
-44
-72
-83
-80
-49
-31
-29
-31
-49
-70
-75
-63
-24
29
64
86
89
43
-20
-59
-72
-58
-12
25
18
-11
-50
-97
-122
-116
-68
1
29
13
-31
-78
-97
-121
-130
-101
-60
-28
-41
-59
-67
-72
-62
-68
-53
-30
-31
-23
-37
-62
-64
-52
-27
-24
-12
6
0
-2
-21
-23
5
25
55
62
55
60
40
28
30
37
65
91
108
98
83
89
83
73
68
82
125
138
128
123
126
103
55
33
40
46
48
44
38
44
23
-8
-20
-26
-23
-35
-38
-32
-42
-51
-70
-86
-100
-119
-119
-127
-135
-130
-123
-108
-110
-105
-95
-109
-121
-139
-150
-152
-159
-154
-138
-121
-107
-103
-102
-98
-98
-98
-88
-65
-45
-27
-6
6
9
13
15
20
23
39
67
90
106
115
121
120
108
99
96
103
107
112
126
136
143
141
138
141
138
133
137
146
151
149
154
160
157
142
133
135
129
113
101
98
94
82
65
58
48
37
18
2
-6
-10
-17
-27
-39
-47
-57
-77
-98
-112
-117
-118
-122
-118
-99
-80
-77
-72
-61
-50
-52
-59
-55
-39
-25
-17
-4
16
28
31
33
40
54
64
71
77
79
71
54
39
25
12
4
3
5
6
3
6
2
-2
-5
-5
-5
-12
-17
-23
-38
-51
-59
-61
-62
-67
-68
-66
-73
-87
-101
-104
-104
-111
-116
-117
-119
-135
-161
-177
-184
-189
-191
-187
-180
-179
-180
-184
-186
-185
-181
-165
-148
-129
-106
-84
-61
-40
-18
12
43
72
100
134
164
190
213
240
267
287
300
309
319
321
315
318
322
327
331
332
330
323
309
298
287
278
267
259
248
228
206
181
157
131
105
85
70
52
34
17
-3
-28
-55
-80
-106
-133
-163
-191
-217
-246
-276
-300
-326
-355
-382
-405
-419
-432
-444
-448
-447
-453
-463
-465
-461
-456
-448
-431
-400
-362
-324
-283
-235
-190
-147
-104
-62
-20
24
67
109
151
190
227
259
282
304
329
356
379
397
412
427
431
426
418
412
402
387
371
353
331
304
280
260
237
214
189
163
132
96
63
32
-4
-42
-82
-119
-157
-203
-246
-286
-327
-368
-408
-439
-467
-497
-525
-552
-577
-601
-622
-631
-636
-630
-615
-593
-566
-538
-502
-458
-410
-356
-294
-223
-148
-77
-5
68
140
208
270
337
404
467
525
580
632
674
706
731
752
770
780
785
789
782
765
739
708
677
648
615
582
550
517
481
443
402
362
322
280
232
183
131
78
23
-35
-89
-144
-202
-259
-315
-371
-428
-483
-532
-582
-630
-676
-714
-748
-779
-802
-816
-825
-827
-824
-813
-790
-758
-716
-665
-604
-536
-468
-394
-319
-242
-165
-89
-10
68
142
213
283
350
414
475
534
583
628
663
687
703
707
705
696
680
659
631
605
578
547
514
478
444
407
366
325
288
249
208
164
118
70
26
-22
-71
-116
-160
-202
-250
-294
-336
-379
-424
-466
-506
-544
-581
-615
-647
-672
-689
-703
-709
-708
-703
-691
-673
-647
-617
-580
-534
-479
-412
-344
-270
-192
-117
-40
38
119
200
277
352
419
486
547
601
656
703
742
773
788
796
793
779
759
730
697
656
614
570
518
467
419
372
329
282
238
195
147
92
34
-23
-80
-135
-188
-235
-278
-318
-364
-411
-458
-503
-549
-593
-636
-676
-719
-762
-803
-839
-873
-901
-924
-937
-944
-943
-933
-916
-887
-848
-797
-738
-668
-589
-505
-416
-320
-221
-117
-12
95
202
303
402
496
587
675
751
820
884
938
983
1012
1031
1039
1033
1015
988
955
917
870
822
771
718
666
609
559
511
463
420
373
327
279
230
182
136
90
45
1
-41
-84
-128
-174
-219
-267
-316
-369
-423
-477
-536
-592
-648
-699
-744
-782
-811
-837
-859
-869
-869
-859
-837
-803
-761
-706
-641
-571
-494
-407
-315
-218
-119
-15
91
193
291
387
475
555
625
690
743
791
826
849
864
867
857
837
807
771
728
679
627
572
517
462
408
358
312
269
226
181
136
94
50
6
-35
-79
-124
-170
-216
-262
-306
-352
-398
-445
-491
-540
-590
-640
-692
-743
-795
-845
-890
-929
-959
-981
-994
-994
-987
-969
-941
-900
-847
-785
-715
-639
-553
-461
-367
-264
-157
-44
70
180
292
398
501
599
685
767
838
896
948
985
1012
1032
1040
1045
1033
1016
994
960
925
883
836
788
736
686
633
580
531
477
425
373
316
263
208
155
101
42
-15
-76
-137
-196
-257
-314
-372
-429
-483
-536
-591
-646
-702
-757
-808
-855
-895
-927
-953
-972
-978
-976
-964
-941
-907
-861
-809
-751
-688
-615
-539
-461
-376
-289
-196
-103
-11
83
174
263
347
425
498
560
615
661
697
727
747
758
764
762
751
736
716
695
666
634
599
562
526
485
448
410
372
331
288
243
198
153
105
57
6
-42
-93
-148
-198
-251
-303
-354
-403
-452
-502
-552
-602
-652
-696
-735
-771
-798
-819
-835
-842
-839
-825
-804
-771
-728
-673
-613
-546
-472
-391
-305
-220
-132
-40
52
145
235
327
418
500
579
650
715
773
819
858
887
902
912
910
902
890
864
838
804
765
727
681
637
593
547
506
461
418
376
326
278
229
180
135
83
36
-10
-64
-115
-171
-228
-284
-342
-397
-451
-507
-560
-615
-669
-722
-774
-818
-861
-893
-918
-937
-944
-942
-928
-904
-870
-823
-768
-704
-634
-555
-471
-384
-293
-201
-101
-4
91
188
282
373
454
528
598
658
709
750
778
800
808
803
793
774
751
719
686
650
611
573
531
488
444
397
354
310
267
227
183
139
97
50
4
-43
-87
-131
-177
-223
-272
-324
-373
-428
-479
-528
-581
-629
-678
-726
-769
-807
-843
-870
-888
-898
-903
-895
-875
-845
-802
-751
-688
-615
-533
-444
-349
-249
-145
-37
73
181
289
393
495
593
683
766
840
905
960
1008
1042
1067
1083
1085
1074
1054
1023
983
937
889
838
785
729
672
614
558
499
440
383
325
271
214
155
99
40
-21
-78
-139
-200
-261
-324
-385
-452
-518
-584
-652
-718
-785
-855
-919
-982
-1043
-1097
-1145
-1184
-1216
-1236
-1244
-1238
-1219
-1189
-1145
-1088
-1019
-939
-847
-746
-637
-524
-407
-284
-161
-37
85
209
328
441
549
647
736
813
877
935
976
1010
1031
1038
1038
1024
1005
979
945
910
871
828
787
739
695
655
608
566
522
474
428
382
340
295
249
206
159
111
61
9
-44
-99
-158
-218
-278
-341
-405
-472
-539
-603
-667
-732
-794
-850
-898
-942
-972
-989
-998
-993
-976
-948
-903
-847
-781
-699
-610
-510
-407
-296
-181
-63
55
170
284
394
493
585
668
742
802
852
888
910
923
919
902
876
840
796
747
691
634
572
513
451
391
336
282
233
188
146
108
71
37
4
-27
-59
-89
-121
-154
-188
-225
-264
-308
-353
-400
-450
-506
-562
-620
-680
-737
-793
-849
-901
-949
-990
-1024
-1042
-1051
-1043
-1025
-993
-946
-885
-812
-726
-629
-525
-412
-295
-173
-47
79
203
324
444
559
665
764
854
932
999
1051
1093
1122
1137
1136
1123
1098
1063
1019
970
917
862
804
748
690
637
585
536
492
451
415
377
341
308
277
243
206
169
128
87
42
-4
-55
-106
-161
-219
-282
-347
-416
-488
-559
-634
-707
-777
-843
-904
-960
-1005
-1041
-1066
-1078
-1081
-1070
-1045
-1006
-955
-893
-822
-739
-650
-555
-453
-349
-238
-135
-29
72
169
261
343
418
488
546
595
632
660
678
684
682
670
652
626
594
559
521
482
444
405
371
338
308
281
256
235
214
196
179
160
144
127
108
86
63
36
10
-17
-48
-80
-114
-155
-197
-244
-297
-349
-404
-461
-519
-575
-628
-675
-717
-748
-771
-779
-778
-765
-738
-701
-650
-588
-518
-439
-353
-264
-171
-76
19
112
202
293
378
460
533
598
656
704
741
769
787
795
791
778
758
731
697
656
614
568
521
473
426
383
346
311
283
260
238
217
199
181
165
148
132
113
92
71
45
19
-9
-43
-81
-122
-171
-220
-278
-340
-403
-470
-539
-609
-677
-740
-801
-852
-895
-928
-949
-959
-957
-938
-907
-863
-807
-744
-668
-584
-497
-401
-304
-203
-105
-9
89
179
266
344
414
479
530
573
608
632
649
654
649
641
619
592
562
528
496
461
428
400
374
355
339
329
327
325
326
329
333
338
341
340
338
331
320
304
282
255
222
184
143
94
42
-15
-78
-141
-208
-278
-347
-415
-481
-543
-598
-645
-684
-712
-728
-733
-723
-705
-675
-630
-580
-523
-457
-388
-316
-243
-167
-93
-22
48
113
174
230
278
322
357
383
403
414
420
419
409
396
376
353
325
295
267
238
213
190
171
157
143
135
133
133
135
138
140
143
145
143
141
133
123
109
88
65
36
2
-32
-71
-112
-156
-203
-251
-302
-353
-404
-452
-498
-540
-579
-611
-637
-651
-657
-655
-641
-619
-586
-546
-500
-446
-386
-323
-255
-188
-120
-53
11
73
133
188
239
288
331
369
402
429
448
463
472
472
469
461
449
432
414
393
372
351
331
311
298
286
278
273
271
268
268
267
267
267
262
257
246
233
219
196
173
146
114
80
40
1
-40
-83
-126
-175
-222
-271
-321
-369
-414
-458
-496
-529
-559
-580
-594
-599
-595
-582
-560
-533
-496
-454
-408
-357
-304
-248
-192
-138
-87
-35
14
59
104
146
185
220
250
275
299
317
329
336
342
342
339
334
326
318
310
305
301
297
297
298
301
309
318
329
337
347
354
357
356
352
340
325
305
278
247
211
171
128
80
30
-23
-80
-137
-194
-251
-309
-367
-421
-473
-520
-561
-596
-622
-641
-652
-652
-643
-623
-597
-562
-520
-474
-422
-369
-312
-252
-196
-139
-83
-34
19
67
112
156
194
234
264
291
317
334
352
363
369
376
373
369
366
360
356
351
344
341
337
337
339
343
351
356
360
363
361
355
344
328
306
278
241
202
158
109
57
2
-53
-110
-167
-225
-283
-337
-390
-443
-492
-538
-581
-618
-651
-676
-696
-706
-711
-708
-694
-671
-641
-600
-555
-504
-448
-391
-331
-271
-212
-154
-99
-44
12
63
111
156
201
241
278
313
344
371
397
418
432
445
454
461
464
468
469
469
471
472
476
479
482
486
487
488
485
477
467
451
426
397
364
324
281
230
178
124
64
5
-56
-116
-175
-236
-293
-350
-405
-458
-510
-559
-604
-646
-682
-713
-738
-755
-766
-767
-757
-740
-713
-679
-639
-591
-542
-487
-432
-374
-316
-260
-203
-148
-93
-39
13
63
116
166
216
265
310
355
397
434
466
496
521
540
555
567
575
582
585
587
589
587
586
587
585
583
578
569
558
542
521
494
463
427
385
341
291
240
187
131
75
24
-29
-82
-133
-184
-233
-280
-329
-377
-425
-468
-511
-548
-579
-605
-626
-638
-642
-636
-622
-602
-575
-543
-505
-465
-420
-372
-323
-274
-224
-175
-123
-73
-24
27
75
126
174
218
261
301
336
367
391
412
427
437
443
445
446
444
438
436
431
425
420
417
411
403
393
380
364
344
319
288
252
210
162
110
54
-7
-66
-128
-191
-251
-312
-374
-433
-491
-548
-603
-655
-707
-757
-802
-844
-882
-913
-939
-955
-963
-963
-950
-927
-897
-859
-811
-758
-698
-631
-564
-493
-422
-347
-272
-197
-119
-41
39
117
195
273
349
421
492
559
624
686
739
790
834
872
904
932
955
973
987
997
1002
1002
999
991
977
958
934
904
868
826
778
724
662
595
525
449
370
289
207
125
43
-40
-118
-198
-275
-351
-424
-493
-562
-625
-684
-741
-791
-837
-875
-907
-930
-946
-953
-950
-938
-919
-892
-858
-817
-772
-718
-664
-605
-541
-475
-405
-333
-259
-183
-107
-28
49
127
204
277
349
416
477
533
583
627
663
694
721
740
753
763
767
767
761
752
739
723
703
677
649
616
577
535
487
434
376
315
249
180
109
37
-36
-108
-178
-248
-313
-380
-444
-505
-565
-622
-677
-730
-780
-829
-871
-908
-938
-963
-979
-988
-988
-979
-961
-933
-895
-851
-800
-741
-675
-606
-529
-447
-363
-273
-184
-92
3
99
194
285
378
466
549
629
703
771
833
886
933
974
1007
1033
1052
1066
1073
1075
1071
1061
1049
1029
1005
977
941
900
852
800
742
679
610
534
454
370
282
193
101
6
-88
-182
-277
-368
-459
-548
-636
-722
-805
-883
-958
-1031
-1095
-1155
-1208
-1254
-1291
-1319
-1337
-1346
-1343
-1331
-1309
-1276
-1233
-1182
-1121
-1052
-976
-894
-806
-711
-615
-513
-408
-301
-192
-84
24
131
235
336
432
525
612
693
769
838
901
958
1007
1050
1089
1121
1146
1165
1178
1185
1185
1177
1163
1143
1114
1079
1037
987
931
867
800
725
645
562
477
389
299
208
117
24
-66
-155
-243
-330
-413
-495
-575
-649
-721
-788
-848
-903
-949
-988
-1019
-1042
-1057
-1063
-1061
-1046
-1023
-992
-950
-900
-844
-781
-712
-636
-555
-471
-383
-293
-198
-104
-7
88
181
277
366
453
536
614
689
757
819
874
923
964
998
1024
1041
1052
1054
1049
1036
1016
990
955
913
866
811
751
686
614
537
457
373
282
191
98
2
-96
-194
-291
-388
-485
-580
-670
-761
-846
-929
-1005
-1078
-1145
-1205
-1259
-1305
-1342
-1371
-1388
-1398
-1398
-1389
-1367
-1337
-1295
-1242
-1181
-1110
-1031
-941
-844
-740
-629
-514
-395
-271
-146
-19
107
234
358
480
599
711
817
917
1010
1096
1174
1245
1307
1362
1407
1443
1468
1487
1495
1492
1482
1464
1436
1399
1354
1301
1240
1173
1099
1020
935
844
749
650
545
440
328
216
101
-14
-130
-247
-361
-472
-581
-686
-787
-881
-971
-1054
-1129
-1198
-1258
-1311
-1355
-1387
-1410
-1422
-1423
-1414
-1394
-1367
-1327
-1278
-1218
-1149
-1072
-985
-892
-793
-690
-583
-471
-358
-244
-130
-18
95
204
313
417
515
610
698
781
856
923
984
1036
1080
1117
1144
1164
1174
1174
1167
1149
1122
1087
1044
994
939
875
809
736
659
577
491
404
314
222
128
33
-62
-158
-254
-348
-439
-527
-613
-693
-770
-839
-902
-959
-1009
-1050
-1086
-1113
-1131
-1142
-1145
-1138
-1125
-1104
-1075
-1040
-996
-945
-884
-818
-744
-664
-579
-487
-393
-296
-194
-91
13
117
220
319
420
514
606
692
772
846
914
975
1029
1075
1113
1144
1167
1182
1187
1186
1177
1158
1131
1096
1057
1009
953
893
829
759
685
609
531
449
366
281
196
111
24
-62
-149
-235
-318
-401
-480
-555
-626
-694
-756
-813
-862
-906
-943
-974
-999
-1016
-1027
-1031
-1029
-1020
-1003
-980
-952
-917
-877
-831
-778
-719
-654
-583
-508
-428
-345
-261
-175
-88
-1
84
169
250
328
403
475
541
602
657
710
755
796
830
858
878
892
898
899
893
880
860
836
803
765
723
677
625
571
511
451
389
323
257
190
122
51
-18
-87
-156
-225
-290
-357
-422
-484
-544
-598
-648
-693
-733
-768
-798
-821
-839
-852
-859
-861
-857
-848
-833
-814
-790
-760
-726
-688
-644
-595
-542
-484
-422
-355
-284
-213
-140
-63
12
86
163
234
305
373
437
497
556
609
655
697
735
764
790
809
823
832
833
830
820
804
781
756
725
689
648
600
551
500
443
386
325
262
198
131
67
2
-64
-127
-191
-251
-310
-367
-420
-470
-519
-563
-600
-635
-664
-689
-710
-723
-732
-736
-733
-727
-717
-700
-678
-652
-621
-585
-545
-500
-452
-403
-349
-293
-235
-173
-112
-48
17
81
146
209
273
333
392
449
502
551
597
636
673
703
728
749
762
771
775
775
769
758
742
719
693
663
628
589
546
498
448
394
337
277
217
154
90
28
-33
-94
-154
-212
-268
-322
-372
-421
-465
-508
-547
-580
-613
-639
-663
-682
-696
-706
-713
-713
-711
-705
-692
-675
-653
-627
-598
-563
-527
-488
-444
-400
-354
-306
-256
-205
-154
-102
-50
6
60
115
170
222
275
325
372
415
456
491
522
548
570
585
597
606
609
606
601
590
579
563
539
515
487
455
421
383
342
299
251
201
151
98
46
-8
-59
-110
-160
-207
-254
-297
-336
-376
-411
-445
-476
-504
-528
-551
-570
-585
-599
-607
-611
-612
-610
-601
-590
-572
-553
-526
-497
-464
-428
-389
-348
-305
-259
-214
-167
-118
-68
-17
33
83
134
184
234
283
330
376
420
460
499
534
566
593
617
637
652
664
672
676
676
672
665
653
637
619
595
568
538
504
468
429
388
346
300
253
208
158
109
60
11
-37
-84
-129
-171
-212
-253
-292
-327
-360
-392
-421
-446
-469
-489
-505
-517
-528
-534
-539
-539
-535
-527
-518
-505
-489
-467
-444
-417
-389
-360
-328
-294
-260
-226
-190
-155
-120
-85
-49
-14
20
52
86
115
145
172
199
225
247
268
288
304
317
328
335
339
340
339
334
325
315
301
285
266
247
224
202
178
154
128
101
75
48
22
-6
-34
-61
-86
-110
-135
-158
-178
-198
-216
-229
-242
-251
-259
-267
-271
-271
-271
-269
-265
-259
-252
-244
-232
-219
-206
-188
-171
-150
-127
-104
-80
-54
-28
-1
27
54
80
106
130
153
177
196
216
233
248
261
274
285
295
305
312
317
321
324
323
321
315
308
297
284
270
252
234
214
192
172
150
128
106
84
63
41
19
-1
-23
-43
-63
-82
-103
-122
-139
-157
-174
-187
-201
-213
-224
-232
-240
-246
-251
-253
-254
-251
-249
-243
-237
-231
-222
-212
-201
-189
-173
-157
-142
-125
-107
-89
-72
-53
-36
-18
-1
14
28
41
53
64
72
80
85
92
96
99
102
103
104
102
101
94
89
83
73
63
53
40
29
15
1
-10
-23
-34
-44
-56
-65
-75
-81
-89
-94
-98
-103
-110
-113
-116
-122
-124
-126
-127
-125
-125
-123
-118
-113
-107
-96
-87
-76
-64
-53
-38
-24
-8
7
21
36
53
68
85
100
114
130
143
157
171
182
196
206
217
227
233
238
243
247
250
251
249
248
241
236
228
217
204
189
173
155
137
116
94
72
50
28
6
-17
-38
-59
-79
-100
-118
-136
-155
-171
-187
-203
-215
-226
-235
-246
-255
-260
-266
-268
-267
-268
-264
-260
-253
-244
-234
-224
-211
-197
-184
-168
-154
-138
-122
-106
-90
-71
-55
-37
-17
2
22
42
63
82
104
126
146
164
182
198
214
226
237
247
255
262
265
270
272
273
271
267
263
256
248
238
226
212
196
179
159
140
119
97
75
51
29
7
-14
-35
-56
-75
-94
-112
-125
-139
-152
-161
-169
-174
-178
-180
-181
-179
-176
-171
-165
-155
-146
-135
-124
-112
-101
-89
-77
-64
-52
-40
-27
-14
0
14
27
42
55
70
82
95
107
118
128
137
145
152
155
157
158
158
156
152
146
139
132
123
113
102
90
76
61
45
27
8
-14
-37
-63
-89
-116
-145
-174
-204
-231
-259
-285
-310
-333
-352
-372
-388
-402
-413
-421
-426
-429
-429
-427
-423
-416
-407
-394
-378
-361
-340
-318
-290
-264
-233
-202
-169
-133
-99
-63
-28
8
44
81
116
150
184
217
247
277
306
333
360
385
406
426
444
460
474
486
496
504
510
514
513
514
510
504
495
483
469
453
435
414
392
368
342
315
286
257
227
194
161
126
92
57
20
-15
-51
-85
-120
-154
-185
-215
-243
-270
-296
-319
-338
-355
-368
-379
-388
-394
-396
-398
-393
-387
-377
-365
-351
-335
-318
-298
-278
-255
-230
-208
-183
-157
-133
-107
-82
-60
-38
-17
5
25
45
63
81
99
115
130
146
157
168
178
186
193
200
203
205
206
206
204
201
197
190
184
175
166
155
143
131
118
104
87
71
54
35
18
0
-21
-41
-61
-81
-101
-121
-139
-158
-174
-191
-204
-216
-226
-235
-240
-244
-246
-245
-243
-239
-231
-223
-212
-197
-185
-169
-153
-135
-116
-97
-78
-58
-38
-16
4
24
44
62
80
96
112
128
143
153
166
178
187
197
206
214
221
226
230
234
236
236
234
234
229
225
218
209
202
192
182
169
156
141
124
109
92
74
57
37
17
-3
-23
-43
-63
-84
-104
-123
-143
-162
-180
-197
-212
-227
-240
-251
-262
-269
-273
-276
-278
-278
-278
-275
-271
-263
-255
-246
-235
-221
-206
-191
-174
-155
-137
-118
-98
-77
-57
-37
-16
3
21
40
57
71
87
101
115
129
142
154
165
176
186
195
202
209
216
220
225
228
230
228
226
223
216
211
205
196
188
179
168
157
144
131
118
103
86
71
54
37
20
5
-12
-28
-45
-61
-77
-91
-103
-114
-125
-134
-141
-147
-152
-156
-158
-158
-159
-158
-155
-150
-144
-137
-130
-121
-112
-103
-93
-81
-72
-61
-49
-39
-28
-16
-6
4
14
22
32
39
46
55
62
69
76
82
88
93
96
99
101
103
104
105
106
105
104
100
97
93
87
79
72
65
58
50
40
31
20
9
0
-12
-22
-32
-43
-53
-64
-75
-84
-92
-101
-107
-115
-120
-124
-128
-129
-129
-129
-128
-125
-122
-118
-113
-107
-99
-92
-85
-77
-67
-58
-47
-37
-27
-17
-7
4
14
27
40
49
58
69
77
84
91
96
104
110
114
118
122
124
127
129
131
130
130
129
126
125
122
119
115
110
105
98
90
80
72
64
54
45
35
25
17
6
-4
-13
-24
-34
-43
-54
-63
-71
-81
-89
-95
-102
-107
-113
-119
-124
-128
-130
-131
-130
-129
-128
-125
-122
-120
-114
-110
-104
-97
-89
-82
-75
-65
-57
-49
-40
-30
-22
-13
-3
5
14
22
30
37
44
49
54
59
64
68
72
76
79
80
83
84
85
84
85
83
84
82
79
76
73
68
63
58
51
45
39
32
24
15
5
-4
-13
-22
-32
-40
-51
-61
-69
-76
-82
-89
-95
-100
-106
-109
-113
-115
-117
-117
-117
-118
-116
-113
-109
-107
-103
-97
-92
-86
-80
-72
-62
-53
-41
-30
-20
-11
0
10
21
31
43
52
62
72
81
91
98
106
113
120
126
132
136
144
147
149
152
153
153
153
152
151
148
144
140
135
128
122
116
108
101
94
84
76
66
55
46
35
24
13
1
-12
-22
-33
-42
-51
-59
-65
-72
-78
-84
-89
-93
-97
-100
-104
-104
-107
-109
-110
-109
-107
-104
-102
-97
-93
-87
-81
-75
-69
-62
-54
-47
-38
-32
-26
-18
-11
-4
3
11
18
24
30
37
44
51
56
62
67
71
73
75
77
78
79
76
75
71
70
65
60
57
54
47
43
36
29
21
12
2
-7
-16
-26
-36
-45
-54
-64
-72
-80
-89
-95
-100
-106
-112
-116
-120
-123
-126
-129
-130
-131
-131
-131
-131
-128
-125
-123
-119
-114
-109
-101
-94
-86
-77
-69
-60
-51
-41
-31
-20
-11
-1
10
19
29
39
50
59
68
75
82
92
99
107
113
119
124
129
136
141
144
148
151
153
154
154
152
150
148
144
140
134
128
122
114
106
97
89
80
71
62
52
43
33
23
12
1
-9
-19
-30
-39
-48
-57
-62
-73
-78
-84
-89
-93
-98
-102
-104
-107
-108
-109
-109
-109
-108
-107
-105
-103
-100
-96
-94
-89
-84
-79
-72
-66
-60
-53
-46
-39
-33
-24
-17
-12
-4
3
9
16
24
32
39
46
53
59
66
71
76
82
84
86
88
88
89
89
89
88
87
85
83
81
79
74
69
64
58
50
42
34
26
18
10
2
-6
-14
-21
-27
-35
-40
-47
-53
-58
-64
-66
-72
-75
-79
-81
-83
-85
-86
-86
-85
-83
-82
-79
-76
-74
-70
-66
-61
-56
-51
-44
-40
-32
-28
-23
-17
-11
-7
-1
2
8
12
16
20
26
30
32
35
40
44
47
52
54
57
60
61
63
64
64
64
62
61
57
55
53
51
48
45
41
38
33
28
23
16
11
5
-2
-8
-14
-21
-28
-33
-39
-44
-49
-55
-58
-62
-64
-67
-69
-69
-69
-71
-71
-70
-68
-65
-64
-61
-57
-52
-49
-44
-38
-31
-26
-20
-11
-5
2
9
14
22
27
33
40
45
50
56
63
70
75
81
87
93
97
104
109
113
117
117
120
123
123
125
123
123
120
117
115
113
108
104
99
95
90
83
77
69
61
54
45
36
26
17
7
-2
-12
-21
-30
-40
-50
-59
-67
-74
-84
-91
-100
-107
-115
-123
-127
-133
-137
-139
-142
-142
-144
-143
-144
-144
-143
-143
-141
-139
-137
-135
-131
-130
-127
-123
-119
-114
-108
-104
-97
-91
-85
-78
-72
-66
-60
-53
-49
-44
-38
-35
-30
-24
-20
-16
-10
-6
0
5
10
16
23
28
33
37
40
42
44
46
46
48
47
49
48
46
45
43
40
39
37
34
33
33
34
35
35
36
36
38
39
41
44
45
48
50
51
54
55
58
61
62
66
69
72
76
80
82
86
91
93
96
98
100
102
102
103
104
106
106
106
106
104
104
103
102
101
102
101
102
101
99
99
96
95
92
89
84
79
72
67
60
53
45
35
25
14
5
-7
-19
-28
-39
-49
-59
-66
-74
-82
-90
-99
-106
-113
-120
-128
-136
-141
-147
-153
-157
-160
-161
-163
-165
-167
-168
-165
-166
-163
-160
-157
-151
-148
-143
-137
-132
-124
-118
-110
-104
-99
-92
-87
-80
-74
-70
-62
-55
-46
-36
-27
-17
-8
2
9
18
26
33
40
47
52
59
64
69
74
79
82
86
88
92
97
100
102
104
105
107
108
107
106
104
101
97
93
89
83
76
70
63
57
50
43
37
32
27
23
20
16
12
9
7
3
0
-3
-3
-5
-7
-9
-9
-11
-12
-13
-14
-15
-15
-13
-13
-10
-9
-9
-9
-8
-6
-7
-6
-7
-5
-4
-6
-4
-4
-3
-1
-1
2
5
9
11
14
19
22
26
29
33
35
35
34
35
33
31
27
21
18
12
5
-1
-8
-14
-22
-28
-34
-40
-46
-51
-57
-60
-65
-68
-70
-73
-76
-78
-79
-78
-79
-78
-78
-77
-77
-76
-74
-72
-69
-66
-63
-59
-56
-51
-47
-42
-37
-32
-26
-21
-16
-10
-5
0
5
9
13
17
24
30
37
43
49
54
61
67
72
79
84
88
92
97
100
104
107
107
106
105
103
101
96
91
86
82
77
70
66
63
57
53
48
42
36
30
23
17
9
2
-4
-10
-18
-26
-33
-39
-47
-51
-57
-60
-64
-68
-70
-73
-76
-78
-80
-80
-80
-81
-82
-83
-81
-78
-79
-75
-72
-70
-67
-64
-58
-55
-51
-46
-40
-35
-31
-26
-21
-16
-10
-4
0
5
9
11
15
17
20
23
27
30
35
37
40
42
45
46
48
50
51
52
54
54
54
53
52
52
49
46
43
38
35
32
28
25
21
15
13
9
6
5
4
2
0
-1
-3
-3
-5
-7
-8
-8
-8
-10
-8
-9
-7
-7
-6
-4
-3
-1
0
3
5
9
12
14
18
20
22
23
25
25
25
26
26
25
26
27
28
29
30
30
31
31
31
28
28
24
22
20
15
11
9
5
2
-2
-8
-13
-17
-21
-27
-33
-38
-44
-49
-53
-60
-64
-68
-72
-75
-77
-80
-83
-84
-85
-85
-86
-87
-88
-86
-85
-84
-82
-78
-75
-73
-71
-68
-63
-59
-54
-49
-45
-41
-36
-34
-29
-23
-19
-13
-8
-1
6
12
18
24
29
33
37
42
46
51
55
59
61
64
66
69
70
73
73
74
75
75
76
74
72
67
63
58
53
49
44
42
38
34
29
25
19
14
9
5
0
-6
-10
-14
-16
-20
-20
-22
-23
-25
-24
-24
-23
-22
-20
-20
-19
-18
-16
-15
-12
-10
-8
-6
-2
2
7
11
15
19
24
28
32
37
39
43
47
49
51
54
53
55
57
57
57
56
57
56
55
55
54
53
51
49
46
44
41
38
35
31
28
23
18
12
5
-1
-7
-13
-18
-23
-29
-35
-42
-47
-54
-59
-65
-71
-77
-82
-86
-91
-95
-98
-101
-103
-104
-104
-104
-103
-98
-95
-91
-86
-83
-78
-72
-68
-63
-58
-54
-47
-42
-36
-30
-23
-17
-10
-4
2
7
11
16
20
24
29
34
37
41
43
46
49
52
54
55
57
58
58
58
56
57
55
52
51
51
50
49
47
46
43
40
36
33
28
24
19
15
9
4
-1
-7
-11
-16
-20
-25
-27
-29
-33
-35
-38
-39
-39
-40
-41
-40
-39
-38
-36
-33
-32
-30
-27
-23
-20
-16
-13
-8
-4
1
6
10
15
20
24
29
33
38
42
43
47
49
51
52
54
55
55
56
54
55
54
54
53
52
51
49
46
45
43
40
36
31
27
23
17
12
8
2
-4
-8
-13
-19
-24
-28
-32
-36
-41
-44
-47
-50
-53
-55
-57
-59
-60
-60
-60
-61
-61
-61
-60
-60
-58
-56
-53
-51
-47
-43
-40
-37
-31
-27
-22
-16
-11
-6
-2
4
9
15
19
23
29
34
37
41
44
49
51
52
54
56
56
56
56
56
56
55
52
50
45
42
38
35
31
28
24
19
14
11
7
3
-2
-8
-14
-20
-24
-28
-34
-37
-40
-44
-48
-50
-53
-55
-56
-58
-59
-60
-60
-61
-59
-58
-57
-55
-55
-53
-51
-47
-45
-41
-37
-34
-32
-28
-23
-21
-15
-10
-5
-2
3
7
10
14
17
19
21
23
24
25
28
30
31
33
34
36
36
37
36
36
35
34
33
31
29
27
22
19
17
13
9
4
1
-1
-5
-8
-10
-13
-15
-17
-19
-22
-24
-26
-28
-31
-31
-32
-33
-33
-33
-32
-32
-32
-29
-27
-25
-23
-20
-17
-13
-10
-5
-1
5
10
14
17
21
25
28
31
35
37
40
45
45
51
53
56
60
62
65
67
70
73
74
75
77
78
78
77
77
77
74
71
67
64
61
58
54
51
46
43
39
33
28
23
18
13
9
4
-1
-7
-12
-17
-23
-29
-32
-37
-39
-42
-46
-47
-49
-50
-51
-52
-52
-53
-52
-51
-51
-49
-48
-45
-45
-43
-44
-43
-41
-40
-38
-37
-36
-33
-32
-30
-28
-26
-24
-22
-19
-17
-15
-12
-10
-8
-7
-6
-6
-5
-3
-3
-4
-4
-5
-7
-7
-9
-10
-12
-14
-15
-18
-20
-22
-24
-26
-26
-29
-30
-33
-36
-38
-40
-41
-43
-45
-45
-46
-47
-47
-46
-45
-45
-44
-41
-40
-38
-36
-34
-29
-28
-26
-23
-22
-19
-17
-14
-12
-11
-7
-2
1
6
9
12
16
21
24
28
34
37
41
44
49
52
57
58
61
62
64
65
67
69
67
67
67
67
67
65
64
66
66
65
65
63
60
57
56
53
52
49
46
43
40
36
33
28
24
21
16
15
11
7
4
1
-3
-7
-11
-14
-17
-19
-22
-25
-28
-30
-32
-34
-36
-37
-39
-40
-40
-41
-41
-40
-37
-36
-35
-35
-31
-28
-26
-22
-21
-18
-15
-13
-11
-8
-7
-5
-4
-3
-2
0
2
4
6
8
9
12
12
13
15
14
16
15
15
15
13
13
13
14
13
13
12
12
10
11
10
10
9
7
5
4
2
0
-1
-1
-2
-2
-1
-2
-3
-3
-4
-5
-5
-6
-7
-7
-6
-7
-7
-7
-9
-10
-10
-11
-14
-15
-16
-16
-18
-18
-19
-19
-17
-19
-17
-17
-17
-15
-15
-14
-12
-12
-11
-11
-10
-9
-10
-10
-12
-14
-14
-14
-14
-14
-15
-15
-14
-13
-13
-13
-12
-13
-13
-12
-12
-12
-12
-12
-14
-14
-14
-14
-14
-14
-14
-13
-11
-11
-10
-9
-5
-4
-2
1
3
5
6
9
11
12
13
15
15
16
16
16
15
15
16
15
17
17
18
19
20
21
23
23
24
25
27
27
27
28
31
30
30
31
29
30
29
27
26
25
22
22
22
24
23
22
21
21
21
20
18
17
16
13
11
8
5
2
-1
-5
-8
-10
-13
-14
-16
-17
-17
-19
-19
-20
-20
-20
-22
-23
-25
-26
-27
-28
-29
-29
-31
-32
-32
-32
-34
-32
-33
-32
-31
-29
-27
-26
-26
-24
-22
-20
-17
-16
-14
-14
-14
-14
-14
-14
-13
-13
-13
-14
-13
-12
-9
-8
-8
-7
-7
-5
-2
-3
-1
0
0
2
2
4
3
5
7
6
6
8
8
10
12
12
13
14
15
16
16
16
16
16
17
19
19
20
20
21
22
23
24
25
25
26
27
28
29
29
31
31
32
34
34
35
34
34
34
33
33
31
29
28
26
23
23
23
23
23
22
20
19
16
16
14
14
11
10
10
7
5
4
1
-1
-2
-5
-5
-7
-7
-7
-8
-8
-10
-11
-13
-14
-15
-17
-19
-20
-23
-24
-26
-29
-30
-30
-30
-31
-31
-31
-30
-29
-29
-28
-26
-25
-24
-22
-21
-20
-19
-19
-19
-17
-17
-17
-18
-17
-17
-16
-15
-16
-15
-13
-13
-12
-10
-9
-8
-5
-3
-2
-2
-1
0
1
3
4
5
6
6
6
6
6
7
7
7
7
7
6
4
3
1
0
-2
-2
-3
-5
-6
-7
-9
-11
-12
-13
-14
-15
-16
-18
-20
-20
-21
-22
-22
-20
-20
-20
-20
-19
-19
-18
-19
-17
-17
-18
-18
-19
-19
-19
-17
-16
-15
-13
-12
-11
-9
-9
-7
-5
-3
-1
2
3
6
8
11
14
17
20
21
23
24
24
27
29
29
30
31
32
33
33
34
35
34
35
35
36
35
35
35
36
36
36
37
37
38
37
38
37
36
36
36
35
35
34
33
34
32
31
29
27
26
25
25
24
22
21
19
17
15
14
11
10
6
4
3
0
-2
-4
-6
-9
-10
-11
-14
-14
-16
-16
-18
-18
-19
-19
-21
-21
-23
-24
-27
-27
-29
-29
-30
-32
-33
-35
-36
-37
-38
-38
-38
-39
-40
-41
-40
-40
-40
-39
-37
-37
-35
-34
-36
-35
-34
-34
-34
-34
-33
-32
-32
-32
-32
-31
-32
-32
-30
-29
-27
-25
-25
-23
-21
-18
-16
-13
-10
-8
-5
-3
1
3
6
7
9
11
12
13
16
17
18
19
22
23
25
27
28
28
29
31
31
31
33
33
33
33
32
33
34
35
36
35
35
36
36
36
36
35
37
36
35
35
35
35
33
32
31
29
29
27
26
25
22
21
17
14
12
11
10
9
8
7
5
3
1
0
-2
-3
-5
-6
-8
-8
-10
-12
-14
-15
-17
-18
-19
-19
-20
-22
-22
-22
-23
-24
-23
-25
-25
-26
-26
-28
-29
-29
-28
-29
-30
-30
-30
-31
-29
-28
-28
-26
-25
-22
-21
-18
-16
-13
-10
-8
-7
-4
-1
1
4
5
7
8
9
10
11
13
16
17
19
21
22
23
24
24
25
25
27
28
28
28
29
28
26
25
25
23
20
19
18
17
16
15
14
12
12
10
8
6
5
2
-1
-3
-5
-7
-8
-9
-11
-13
-15
-17
-17
-19
-21
-22
-23
-26
-27
-28
-29
-31
-33
-34
-35
-37
-39
-40
-41
-42
-41
-43
-44
-41
-42
-41
-40
-37
-34
-33
-31
-28
-25
-23
-21
-20
-19
-18
-17
-16
-14
-12
-11
-10
-9
-8
-8
-6
-4
-1
-1
2
5
5
7
9
11
13
14
15
18
19
19
21
21
21
22
24
24
25
25
26
28
30
31
32
31
31
29
30
28
26
27
25
25
24
24
22
22
21
20
20
21
21
22
23
26
27
30
30
30
29
29
29
29
28
29
28
28
27
27
25
24
25
24
25
27
26
28
28
29
28
27
26
25
24
22
20
19
17
15
13
11
9
6
4
2
1
1
0
0
-2
-3
-5
-7
-8
-11
-13
-16
-19
-21
-23
-26
-30
-31
-34
-38
-39
-41
-41
-41
-42
-40
-40
-39
-41
-41
-40
-41
-42
-44
-45
-45
-46
-45
-46
-47
-46
-47
-44
-43
-40
-37
-35
-31
-30
-28
-24
-21
-20
-17
-16
-14
-13
-11
-10
-8
-8
-6
-5
-4
-2
-2
0
1
4
5
7
8
9
10
10
10
10
8
8
6
7
7
7
7
8
7
7
8
9
11
12
12
14
15
15
15
14
15
14
12
11
9
8
7
5
4
3
4
2
4
4
6
8
9
11
13
13
15
15
16
17
17
17
17
17
17
15
15
15
13
11
12
13
11
11
12
12
12
12
12
10
8
7
5
4
3
4
2
1
1
-2
-3
-3
-2
-2
-1
-1
-1
-1
-2
-2
-2
-2
-5
-6
-7
-9
-10
-12
-14
-15
-16
-17
-17
-16
-17
-15
-15
-13
-12
-10
-8
-6
-4
-4
-2
-2
-1
0
3
3
5
5
7
8
8
9
10
10
11
12
14
14
16
16
16
16
15
14
15
14
13
13
13
13
14
13
12
12
11
13
13
14
15
17
17
15
14
13
11
9
8
7
5
4
3
1
-1
-3
-5
-4
-5
-4
-4
-3
-2
0
-1
-1
-1
-1
-2
-3
-4
-5
-6
-8
-8
-8
-9
-9
-10
-11
-11
-11
-10
-9
-9
-9
-8
-8
-9
-9
