-3
-1
-2
-3
-2
-4
-4
-5
-5
-6
-7
-6
-6
-5
-5
-6
-5
-5
-3
-2
-1
-2
1
2
4
4
6
6
6
6
6
8
6
6
5
4
5
4
4
4
4
5
4
6
5
4
4
4
3
2
1
1
0
0
0
-2
-2
-1
-1
-3
-4
-5
-7
-7
-9
-10
-10
-12
-13
-13
-12
-13
-13
-14
-13
-13
-13
-12
-12
-10
-10
-10
-9
-9
-8
-8
-7
-8
-7
-5
-5
-4
-3
-3
-2
-4
-3
-4
-5
-5
-5
-4
-2
-2
-2
-3
-3
-4
-3
-4
-4
-5
-5
-3
-2
-1
-1
-1
1
4
3
1
2
2
5
5
7
8
13
16
19
21
24
28
29
31
30
30
30
28
26
25
25
24
21
19
18
18
16
14
12
9
8
5
2
-1
-2
-4
-5
-6
-6
-8
-9
-9
-9
-10
-11
-12
-13
-14
-17
-19
-19
-20
-20
-21
-21
-18
-14
-12
-12
-10
-8
-6
-9
-9
-7
-5
-2
-6
-6
-2
2
4
2
4
5
7
7
6
6
8
8
6
8
11
15
15
14
15
18
18
15
13
15
14
14
8
7
6
5
3
0
1
1
-4
-11
-14
-14
-14
-18
-21
-18
-15
-13
-15
-15
-15
-13
-15
-18
-19
-18
-21
-25
-28
-29
-30
-30
-32
-33
-32
-34
-34
-32
-24
-19
-14
-13
-9
-6
-4
-2
5
12
18
18
22
28
35
40
32
29
32
37
28
18
14
23
30
23
15
19
27
30
22
18
23
28
24
19
21
28
27
20
14
15
20
16
6
2
5
7
1
-6
-12
-13
-14
-19
-21
-18
-15
-13
-16
-15
-10
-9
-9
-9
-6
-2
-5
-8
-9
-7
-3
-2
-6
-8
-7
-10
-11
-13
-15
-17
-16
-20
-20
-16
-15
-11
-7
-6
-7
-7
-3
0
3
3
2
2
-3
-3
-1
3
1
1
0
-3
2
4
4
0
-1
2
4
1
-2
-3
2
9
12
10
12
18
19
20
17
17
17
17
16
14
15
15
18
17
11
10
15
14
9
1
3
6
4
-4
-5
-1
3
6
-3
3
10
10
5
0
2
7
6
0
-2
-1
-2
-11
-14
-14
-6
-15
-21
-25
-28
-28
-32
-35
-45
-39
-41
-39
-43
-41
-37
-36
-30
-33
-26
-24
-20
-24
-20
-17
-23
-19
-24
-19
-13
-9
-16
-11
-8
-10
-5
-2
6
-6
5
6
13
6
14
32
32
34
26
43
46
42
45
41
44
47
35
38
37
41
38
38
34
33
31
23
33
31
27
20
30
28
28
31
39
35
36
35
25
30
14
22
14
10
3
6
-5
-8
-14
-17
-9
-17
-16
-35
-29
-22
-15
-40
-36
-14
-19
-29
-49
-39
-17
-12
-27
-40
-23
-12
-26
-50
-31
-31
-28
-35
-57
-24
-34
-37
-45
-21
-14
-10
-33
-37
-13
-8
-9
-25
-22
-4
3
-18
-30
-2
17
-5
-6
-19
7
17
-5
-16
9
31
9
3
0
24
38
30
12
18
41
37
23
27
46
36
45
21
25
37
37
20
21
32
23
25
8
16
19
40
14
9
21
25
12
19
16
11
36
2
-10
6
17
-4
-3
-7
-4
2
-6
-38
-15
-2
-11
-19
-33
-26
-13
-15
-43
-21
-29
-17
-20
-49
-36
-1
-27
-50
-27
-35
-4
-35
-61
-23
0
-4
-53
-36
-1
1
-15
-40
-8
16
-2
-29
-10
14
3
1
0
1
36
16
-10
26
19
28
25
37
33
28
38
48
37
49
25
49
58
23
28
29
41
12
57
12
33
24
7
22
22
29
-2
27
27
9
29
-8
26
32
1
-27
17
35
-42
18
-61
27
12
-44
-87
-4
11
-90
-50
-97
-5
-51
-83
-96
-31
-10
-100
-108
-26
-34
-69
-93
-56
-3
-36
-87
-74
24
-48
-34
-51
-13
-2
-31
-60
0
52
-37
-10
0
39
-4
22
-6
12
117
-2
49
51
62
83
25
87
58
103
40
38
105
72
37
66
116
-10
109
66
-14
74
97
-2
64
64
-38
107
73
-10
21
90
-21
100
-25
-15
101
25
-17
-59
105
-14
-8
-72
-15
92
-82
-52
-83
91
-60
-56
-43
-135
116
-166
-47
-96
-8
-54
-117
29
-252
146
-129
-96
-43
-68
-37
-121
41
-271
136
-78
-137
-34
-54
-3
-90
17
-173
105
-43
-71
26
-36
0
-13
96
-128
59
53
-28
94
-54
42
19
158
-65
-88
259
-71
115
-59
31
123
97
54
-116
234
43
93
-2
59
72
97
73
-41
102
42
83
-3
54
-39
135
29
-114
91
18
83
-73
-31
63
-1
48
-117
11
69
-57
10
-105
67
-27
-39
-72
-42
82
-126
-66
-35
-7
-74
-45
-78
-41
-59
-25
-66
-146
9
-66
-40
-97
-76
-16
-61
-75
-8
-90
-4
0
-61
-81
32
86
-163
100
-72
104
-30
18
87
-21
122
-36
129
-37
157
40
-8
163
84
54
-65
129
219
-43
59
72
41
139
9
41
50
153
-33
37
96
-6
63
48
16
65
10
-39
67
1
0
-20
104
-61
-42
22
-122
98
-21
-116
-67
0
-4
-121
-20
-153
18
-35
-166
32
-141
-23
-28
-103
-65
-71
-25
-109
-89
15
-55
-125
-71
-82
-51
-4
-59
-107
-109
40
-103
-62
-27
-83
58
-140
-23
23
-59
-10
-44
64
-55
143
-86
-109
286
-47
76
-22
99
40
94
87
-23
166
13
66
109
-17
73
194
9
10
66
138
25
116
10
77
203
36
43
7
138
153
76
-27
6
201
-3
-13
81
3
102
-27
-58
-67
176
-20
-225
74
57
-50
-166
-100
23
149
-150
-246
35
61
-2
-233
-129
139
37
-168
-228
68
-1
-65
-127
-137
65
-118
-21
-232
-61
163
-76
-160
-246
64
162
-67
-268
-121
269
-8
-196
-138
35
323
-152
-243
53
279
-15
-301
83
223
257
-296
-217
314
247
-8
-238
137
272
117
-74
-61
346
214
-30
-47
231
298
13
-47
59
350
217
-141
-60
225
263
4
-111
112
146
60
-108
33
247
-30
-167
-48
190
64
-209
-121
82
102
-178
-294
119
50
-150
-174
-28
24
-212
-252
-96
157
-204
-282
-173
-15
-107
-292
-110
-63
-33
-365
-242
-43
-94
-147
-302
-107
-48
-102
-286
-216
-17
-127
39
-120
-262
-98
-56
15
-12
21
-122
-10
52
-41
162
69
17
109
146
162
142
162
126
235
267
224
195
145
214
290
375
255
145
165
286
325
271
223
242
188
186
196
255
276
84
123
177
229
156
-9
56
134
192
69
-107
2
6
87
-28
-92
-15
-129
-83
-165
-152
23
-87
-239
-285
-157
-60
-170
-243
-267
-148
-186
-249
-239
-288
-171
-246
-265
-258
-339
-312
-231
-218
-393
-212
-219
-337
-383
-293
-26
-195
-375
-377
-110
15
-232
-321
-88
80
-40
-203
-112
102
144
-42
-67
275
219
31
-42
224
509
267
110
127
377
460
302
248
336
525
419
249
300
469
522
340
290
420
512
374
213
296
477
424
217
151
268
322
213
114
173
179
86
-9
30
92
2
-68
-148
-81
-41
-151
-259
-229
-172
-207
-305
-392
-340
-276
-397
-458
-410
-376
-397
-587
-560
-342
-384
-500
-598
-556
-442
-386
-465
-495
-388
-485
-401
-368
-405
-312
-380
-249
-225
-231
-209
-238
-116
-85
45
30
30
1
-8
276
304
273
243
286
401
415
451
463
570
555
564
621
626
627
581
587
713
756
657
500
475
616
676
663
510
441
483
460
440
395
394
379
253
171
162
220
115
-28
-24
1
-39
-213
-301
-255
-228
-277
-388
-493
-498
-502
-505
-519
-581
-668
-693
-704
-717
-592
-587
-716
-764
-740
-623
-601
-708
-675
-540
-543
-638
-683
-553
-383
-418
-442
-439
-371
-342
-337
-262
-98
20
-78
-91
-27
116
271
297
296
344
426
476
477
566
706
755
689
628
709
855
846
787
791
870
856
744
718
794
913
846
725
640
641
636
595
622
637
529
357
258
267
321
261
139
24
-40
-85
-162
-256
-298
-298
-375
-503
-608
-646
-653
-681
-730
-767
-786
-852
-959
-949
-877
-851
-871
-986
-991
-869
-831
-889
-910
-796
-722
-781
-870
-821
-597
-516
-612
-665
-503
-335
-342
-393
-303
-61
4
-60
-28
181
342
310
275
417
661
749
668
673
801
906
940
924
1020
1118
1107
1024
977
1047
1101
1096
1076
1078
1069
963
838
855
962
996
833
663
623
625
595
477
439
437
328
179
67
71
47
-59
-189
-290
-313
-418
-552
-607
-617
-635
-772
-895
-938
-925
-926
-975
-1052
-1095
-1097
-1083
-1085
-1111
-1093
-1081
-1060
-1063
-1077
-1046
-1006
-935
-867
-852
-844
-835
-762
-639
-549
-486
-463
-402
-293
-190
-89
-1
133
161
174
263
484
706
693
591
631
846
980
994
1002
1095
1145
1059
1001
1061
1176
1197
1152
1112
1063
999
907
942
1059
1086
948
754
695
716
751
721
640
553
426
325
286
286
267
149
-21
-115
-153
-213
-306
-408
-462
-535
-653
-778
-820
-813
-856
-927
-1003
-1045
-1088
-1122
-1107
-1094
-1103
-1140
-1190
-1206
-1165
-1101
-1044
-1008
-1057
-1078
-1042
-922
-822
-794
-762
-717
-616
-559
-523
-443
-252
-90
-71
-104
-45
226
500
574
513
504
635
794
924
1047
1140
1144
1055
1034
1130
1244
1301
1304
1291
1236
1138
1067
1095
1195
1235
1138
1003
882
810
831
872
895
796
620
478
429
466
460
388
240
89
-14
-81
-111
-151
-245
-366
-514
-627
-694
-729
-758
-831
-926
-1029
-1095
-1146
-1144
-1135
-1144
-1166
-1231
-1270
-1282
-1260
-1167
-1126
-1165
-1224
-1237
-1149
-1030
-911
-921
-918
-880
-792
-639
-564
-432
-312
-202
-194
-194
-40
246
504
504
419
434
600
796
936
1049
1108
1059
974
960
1097
1247
1288
1247
1169
1112
1023
991
1053
1142
1157
1019
857
770
784
846
864
817
701
563
473
460
509
505
400
249
115
59
32
3
-47
-136
-263
-414
-518
-534
-525
-573
-690
-812
-900
-957
-990
-995
-1006
-1056
-1143
-1196
-1198
-1193
-1178
-1178
-1163
-1172
-1217
-1225
-1186
-1056
-991
-983
-994
-934
-832
-736
-615
-492
-350
-299
-312
-262
-15
261
425
382
325
429
629
808
937
1049
1066
1016
976
1065
1217
1299
1280
1229
1220
1196
1124
1078
1120
1200
1171
1021
880
846
896
906
873
792
704
606
529
546
585
549
397
224
166
197
202
108
-30
-139
-229
-294
-361
-402
-448
-549
-658
-744
-806
-851
-915
-939
-990
-1048
-1132
-1199
-1206
-1209
-1163
-1196
-1218
-1290
-1293
-1256
-1172
-1090
-1100
-1087
-1108
-1005
-917
-797
-720
-626
-505
-456
-415
-348
-123
136
276
240
212
310
506
690
837
917
907
835
833
961
1138
1209
1150
1081
1058
1071
1048
1044
1068
1096
1039
937
879
862
868
852
843
822
733
608
526
580
638
596
416
235
188
222
269
189
43
-122
-214
-241
-241
-258
-355
-478
-593
-642
-684
-715
-767
-817
-872
-945
-966
-1013
-1038
-1092
-1086
-1049
-1068
-1124
-1240
-1214
-1106
-992
-977
-1069
-1064
-1000
-839
-730
-644
-566
-506
-464
-420
-245
1
210
223
186
232
419
621
759
853
897
883
852
899
1030
1147
1169
1124
1068
1039
1009
998
1047
1094
1055
933
805
795
813
821
785
730
679
571
492
477
538
532
411
252
154
155
170
131
37
-88
-210
-295
-326
-327
-344
-430
-560
-661
-709
-718
-740
-777
-849
-914
-964
-992
-1001
-1033
-1072
-1072
-1058
-1061
-1131
-1179
-1145
-1046
-995
-1011
-1041
-1020
-920
-823
-727
-633
-504
-471
-447
-394
-148
149
252
188
133
311
566
765
843
867
856
871
925
1047
1148
1174
1123
1065
1056
1050
1026
1012
1035
1026
955
853
790
763
780
785
773
699
568
474
487
555
563
442
277
178
170
209
205
134
-28
-149
-204
-212
-225
-289
-358
-462
-517
-566
-613
-642
-681
-708
-775
-820
-869
-882
-926
-961
-966
-984
-989
-1059
-1081
-1068
-1017
-983
-1003
-990
-961
-897
-833
-750
-659
-540
-465
-459
-388
-218
76
222
207
158
240
477
670
816
866
824
788
821
946
1081
1114
1088
1021
955
935
932
986
1013
952
860
768
737
726
716
739
706
642
523
430
459
509
517
403
253
145
98
133
140
79
-59
-214
-294
-325
-329
-334
-391
-514
-638
-685
-701
-693
-714
-762
-829
-886
-905
-920
-903
-920
-955
-1015
-986
-985
-983
-1006
-1021
-972
-979
-917
-883
-836
-792
-758
-643
-498
-422
-415
-415
-184
127
227
164
120
283
534
740
861
865
812
789
853
1036
1170
1180
1095
1003
979
965
989
1048
1064
999
873
795
757
751
769
787
759
633
483
387
449
540
509
362
200
97
76
102
109
21
-120
-244
-339
-348
-327
-343
-432
-533
-602
-628
-656
-651
-664
-683
-757
-828
-835
-835
-795
-842
-873
-902
-925
-937
-914
-846
-855
-916
-921
-866
-773
-724
-721
-665
-553
-423
-414
-407
-264
-26
133
140
136
236
360
502
672
793
809
720
715
835
1009
1104
1072
1003
950
894
901
977
1059
1044
896
792
765
777
765
748
754
691
564
427
398
454
438
344
218
119
56
9
-9
-53
-128
-225
-316
-386
-435
-464
-487
-545
-609
-694
-724
-720
-724
-737
-829
-852
-871
-840
-831
-910
-936
-944
-924
-933
-950
-906
-890
-905
-916
-883
-777
-748
-735
-683
-551
-434
-417
-446
-348
-72
108
117
66
163
343
476
609
720
755
727
712
832
990
1074
1072
1030
1028
1030
1008
1037
1098
1119
1058
970
919
871
858
893
914
840
701
563
554
595
585
491
351
252
171
136
120
66
-56
-187
-247
-264
-297
-358
-454
-528
-570
-600
-626
-656
-688
-743
-778
-788
-802
-803
-825
-849
-879
-898
-860
-858
-866
-895
-860
-832
-819
-793
-780
-757
-722
-632
-508
-413
-442
-478
-377
-115
41
6
-39
42
229
367
444
480
518
543
545
618
734
805
794
749
782
775
736
748
809
869
828
729
658
639
694
744
718
628
503
441
462
486
460
361
252
173
120
120
108
30
-103
-216
-251
-230
-241
-320
-409
-470
-488
-522
-527
-531
-555
-594
-637
-650
-644
-623
-651
-675
-718
-681
-641
-649
-651
-677
-652
-654
-609
-515
-500
-522
-540
-461
-289
-203
-245
-273
-147
32
87
46
97
245
354
386
385
461
537
522
511
569
706
736
645
614
645
707
687
664
701
710
673
584
578
649
655
616
572
546
499
443
450
465
436
321
214
180
183
171
86
6
-56
-151
-229
-239
-213
-262
-385
-466
-508
-503
-517
-538
-569
-612
-674
-697
-630
-613
-667
-771
-764
-644
-590
-637
-729
-721
-648
-620
-575
-544
-504
-521
-511
-377
-260
-242
-281
-178
-8
57
-14
-25
132
326
408
332
314
394
444
462
511
634
660
548
488
530
629
651
598
592
613
607
543
520
610
663
618
553
529
522
462
446
498
513
405
226
165
241
269
153
11
-51
-91
-183
-243
-226
-263
-367
-491
-530
-489
-515
-580
-627
-612
-628
-704
-680
-615
-620
-725
-754
-641
-554
-562
-651
-629
-548
-502
-489
-448
-361
-338
-338
-262
-145
-110
-66
27
147
156
99
162
311
455
462
379
401
446
434
430
504
643
586
426
361
418
512
486
440
447
455
402
305
325
428
459
418
376
365
331
275
299
385
410
295
113
59
138
180
112
6
-55
-137
-227
-225
-206
-222
-327
-430
-479
-480
-479
-522
-538
-529
-556
-615
-630
-609
-598
-612
-571
-535
-498
-533
-555
-497
-403
-318
-343
-319
-266
-169
-103
-67
-28
-4
129
227
247
208
195
302
394
493
492
411
393
365
398
432
493
522
421
330
285
328
386
385
358
340
344
293
237
245
328
392
365
316
256
216
212
263
347
339
213
57
19
92
109
46
-46
-114
-193
-289
-322
-329
-323
-390
-494
-562
-608
-604
-650
-639
-639
-672
-695
-755
-722
-708
-646
-594
-579
-553
-568
-516
-440
-338
-250
-234
-199
-138
-17
72
105
137
226
388
426
387
341
430
561
599
611
566
559
509
459
478
543
592
518
400
341
333
325
329
342
362
330
248
189
194
272
312
313
295
241
182
157
226
305
299
216
101
60
70
78
58
2
-55
-137
-209
-257
-298
-354
-374
-406
-452
-555
-655
-647
-662
-623
-675
-696
-729
-796
-781
-758
-633
-608
-620
-633
-616
-503
-429
-315
-261
-219
-163
-97
55
101
152
235
402
508
457
421
482
646
720
731
687
675
624
568
597
672
716
590
440
386
414
446
401
338
310
276
240
180
155
170
187
201
192
149
73
26
57
127
165
108
-5
-86
-87
-37
-27
-73
-164
-237
-282
-308
-337
-387
-411
-458
-490
-570
-619
-663
-684
-652
-684
-665
-760
-790
-819
-757
-633
-631
-601
-686
-655
-586
-443
-310
-291
-273
-225
-83
37
105
129
247
413
494
488
475
575
688
755
796
790
800
717
646
676
764
826
703
563
453
447
457
435
419
355
285
183
134
137
163
170
140
104
46
21
11
41
66
59
37
-24
-49
-65
-55
-34
-59
-92
-167
-205
-236
-276
-290
-309
-311
-379
-463
-540
-577
-552
-568
-564
-630
-677
-742
-778
-683
-655
-592
-661
-680
-658
-623
-485
-443
-325
-317
-272
-172
-80
49
99
262
380
435
422
446
619
743
825
793
791
830
805
796
769
840
837
760
678
594
576
483
444
427
414
353
197
97
56
108
130
96
34
-64
-117
-133
-76
-23
-39
-111
-199
-196
-171
-151
-162
-183
-194
-227
-250
-282
-306
-330
-334
-317
-340
-387
-485
-541
-536
-517
-489
-543
-608
-699
-711
-621
-560
-520
-606
-626
-619
-568
-468
-432
-336
-336
-286
-210
-120
-12
16
148
279
390
390
354
452
583
729
755
737
731
696
694
689
763
798
722
615
521
521
498
439
365
323
314
218
111
35
46
67
54
39
-8
-63
-127
-126
-56
11
-3
-83
-120
-86
-29
-24
-51
-58
-67
-78
-91
-105
-121
-159
-175
-190
-173
-203
-280
-343
-380
-342
-357
-390
-466
-533
-513
-483
-440
-461
-483
-504
-515
-475
-421
-352
-317
-310
-296
-234
-144
-86
-57
29
142
210
212
220
294
397
485
515
534
547
518
477
496
569
633
606
519
459
424
411
385
361
351
288
196
82
38
76
94
87
20
-26
-71
-111
-116
-83
-7
-7
-49
-104
-105
-96
-99
-45
-7
-10
-86
-149
-177
-118
-89
-97
-116
-154
-199
-275
-255
-267
-215
-248
-298
-331
-385
-346
-398
-348
-332
-321
-326
-410
-404
-407
-314
-270
-251
-234
-290
-243
-209
-109
-67
-49
-24
6
94
100
159
200
244
290
337
395
396
392
360
393
461
466
450
419
395
368
342
345
341
297
246
235
227
187
131
77
80
107
108
97
68
38
9
29
56
77
52
7
12
-16
-17
-26
-60
-64
-79
-65
-112
-127
-179
-240
-167
-230
-165
-230
-295
-319
-342
-254
-342
-264
-355
-292
-269
-353
-321
-355
-284
-305
-241
-279
-300
-292
-337
-259
-191
-122
-130
-155
-159
-152
-60
14
74
108
123
132
135
189
236
295
355
371
386
379
351
342
373
398
407
407
356
323
289
265
273
299
296
271
248
215
208
206
212
236
240
219
208
193
190
191
192
176
194
144
92
99
44
73
4
-22
-93
-67
-121
-191
-179
-308
-201
-331
-271
-365
-352
-358
-405
-367
-457
-348
-475
-387
-438
-422
-424
-462
-439
-485
-409
-434
-381
-407
-443
-431
-404
-340
-304
-269
-271
-234
-204
-188
-123
-56
5
69
81
85
126
175
235
305
336
341
358
359
398
426
435
454
444
430
417
406
421
444
448
438
435
427
392
392
385
415
437
404
373
316
327
304
310
288
256
262
159
141
81
57
39
3
-27
-89
-146
-229
-264
-269
-266
-289
-341
-391
-412
-452
-428
-426
-421
-427
-464
-500
-508
-461
-486
-457
-476
-471
-477
-483
-475
-470
-427
-435
-395
-405
-382
-329
-288
-247
-204
-170
-139
-89
-39
35
77
118
154
209
262
306
344
373
404
435
456
471
486
497
516
506
528
525
530
505
484
504
490
518
490
467
452
440
418
385
374
352
356
308
264
213
175
157
138
103
67
11
-43
-81
-115
-144
-179
-200
-268
-302
-356
-347
-395
-415
-454
-508
-505
-550
-526
-598
-575
-600
-594
-618
-649
-589
-640
-538
-592
-581
-578
-553
-501
-459
-385
-406
-346
-355
-308
-226
-158
-108
-69
-25
17
78
150
172
211
248
313
373
401
423
450
488
522
541
573
602
615
614
601
606
586
625
592
590
564
520
484
445
459
455
449
387
338
302
300
300
272
269
241
169
170
145
129
117
53
32
16
16
-78
-99
-138
-187
-191
-252
-245
-304
-357
-455
-456
-445
-503
-510
-582
-578
-599
-620
-643
-675
-583
-613
-552
-585
-631
-566
-571
-470
-518
-429
-429
-400
-376
-404
-310
-294
-212
-224
-150
-121
-93
-49
-40
40
109
173
185
208
234
263
331
366
393
433
426
471
455
474
478
459
509
518
544
474
470
456
477
465
460
490
468
440
396
408
449
500
380
394
436
418
377
350
295
277
315
216
176
177
64
11
20
-129
-168
-143
-177
-357
-277
-444
-446
-451
-576
-507
-524
-485
-752
-603
-701
-597
-650
-652
-550
-614
-551
-712
-528
-590
-466
-554
-436
-346
-428
-319
-401
-274
-283
-189
-168
-88
27
-82
11
2
57
154
199
213
245
340
254
270
274
365
478
455
347
385
451
441
418
411
473
537
551
454
497
508
519
504
526
552
578
581
492
475
471
472
433
418
358
360
356
231
138
99
98
4
17
-85
-173
-247
-357
-381
-402
-410
-533
-541
-561
-602
-671
-742
-721
-751
-707
-747
-761
-678
-714
-699
-733
-646
-641
-523
-527
-584
-384
-365
-354
-390
-286
-232
-112
-115
-204
-11
34
-10
-3
45
108
164
139
105
256
319
223
243
301
404
463
445
414
482
544
540
572
622
675
691
676
677
719
744
724
696
729
734
685
624
603
619
637
607
508
484
468
391
334
303
258
206
146
62
15
-25
-151
-264
-325
-373
-437
-502
-570
-645
-702
-782
-846
-868
-903
-938
-948
-961
-985
-996
-988
-959
-907
-845
-840
-808
-765
-751
-663
-599
-544
-493
-408
-365
-313
-271
-252
-155
-83
-18
40
136
154
173
225
296
407
466
513
535
607
631
629
656
713
789
820
819
792
798
779
754
773
825
842
821
802
793
774
736
678
673
711
710
669
610
583
533
482
419
365
320
210
106
11
-54
-151
-251
-354
-476
-574
-683
-803
-897
-960
-1030
-1080
-1115
-1167
-1195
-1189
-1201
-1191
-1150
-1157
-1132
-1065
-1003
-929
-835
-760
-671
-580
-537
-480
-393
-321
-255
-170
-74
29
107
133
159
246
324
364
375
418
470
517
548
566
617
638
633
622
632
617
594
606
629
668
693
680
668
678
696
701
723
732
725
741
745
768
779
763
735
717
677
607
523
429
358
274
191
86
-21
-146
-279
-418
-544
-656
-769
-859
-941
-991
-1040
-1074
-1118
-1132
-1138
-1128
-1109
-1096
-1055
-1010
-932
-839
-740
-648
-579
-516
-440
-371
-320
-259
-181
-94
-1
83
137
182
211
245
279
306
336
352
377
389
425
439
455
464
446
440
405
385
358
378
392
417
454
460
492
502
531
541
569
565
581
625
650
700
710
723
699
670
617
542
477
384
315
231
146
44
-80
-188
-305
-417
-528
-637
-743
-834
-893
-934
-951
-963
-982
-972
-967
-951
-930
-897
-862
-794
-713
-628
-527
-439
-364
-311
-243
-188
-119
-71
-23
42
115
189
238
295
343
389
398
375
374
375
397
404
424
444
436
413
373
356
314
281
243
235
242
242
252
255
295
301
323
333
340
345
337
370
390
445
459
463
468
443
410
333
272
191
126
58
-26
-93
-179
-255
-351
-438
-514
-594
-665
-738
-773
-789
-779
-759
-745
-725
-700
-660
-633
-598
-574
-522
-440
-356
-263
-186
-111
-57
-2
38
83
130
165
211
262
319
354
406
445
476
487
470
466
453
452
437
433
434
415
394
356
335
291
234
190
150
142
129
125
126
130
138
137
142
129
127
129
128
135
143
142
131
127
109
88
59
5
-58
-121
-174
-231
-281
-341
-395
-443
-501
-545
-593
-630
-658
-668
-670
-661
-637
-629
-595
-556
-516
-482
-454
-415
-373
-314
-262
-192
-121
-55
7
58
123
177
224
252
300
357
405
443
471
522
558
587
587
586
588
575
568
544
534
516
485
450
413
381
334
283
234
197
170
143
120
105
87
71
66
52
39
32
24
17
6
-7
-26
-38
-56
-76
-92
-130
-168
-215
-262
-304
-354
-407
-455
-484
-520
-550
-576
-600
-613
-625
-634
-626
-601
-579
-551
-516
-479
-435
-397
-363
-311
-258
-208
-158
-105
-41
15
67
104
164
221
264
302
335
389
423
462
491
541
591
614
622
623
641
632
625
606
592
583
549
511
472
443
398
343
299
258
219
170
134
110
89
71
53
44
40
31
13
-4
-15
-23
-38
-58
-72
-84
-114
-143
-177
-219
-260
-305
-352
-402
-447
-492
-531
-560
-590
-609
-627
-642
-649
-655
-641
-620
-596
-576
-542
-508
-476
-430
-393
-346
-309
-270
-223
-162
-111
-68
-18
29
87
132
173
217
265
311
350
386
427
475
506
518
533
549
555
542
525
511
504
487
458
429
400
366
321
282
253
228
196
166
147
134
126
122
126
137
138
129
124
121
122
113
95
84
73
50
18
-10
-36
-73
-120
-170
-215
-257
-311
-363
-404
-435
-459
-483
-500
-506
-508
-510
-503
-488
-477
-462
-439
-406
-368
-334
-304
-268
-232
-197
-155
-116
-72
-39
0
36
69
103
126
165
195
228
259
285
315
335
363
377
392
400
391
377
360
342
319
299
277
249
221
187
155
122
93
65
41
15
0
-7
-10
-4
5
16
22
27
35
43
50
51
52
51
49
46
39
31
17
-5
-34
-67
-100
-135
-170
-207
-241
-265
-286
-296
-304
-310
-312
-313
-309
-305
-297
-282
-266
-246
-225
-202
-178
-156
-135
-114
-85
-57
-31
-7
15
34
55
77
91
103
111
125
142
154
170
184
201
210
211
206
192
178
157
133
116
100
87
68
45
25
4
-14
-36
-50
-62
-72
-75
-70
-51
-26
0
26
55
82
107
128
150
169
183
201
215
228
232
236
236
223
203
174
148
118
85
51
21
-4
-29
-55
-79
-94
-105
-116
-127
-129
-128
-129
-132
-132
-125
-119
-117
-117
-117
-110
-102
-94
-87
-77
-67
-62
-54
-49
-48
-54
-60
-69
-68
-60
-59
-57
-55
-53
-59
-64
-72
-85
-100
-115
-127
-132
-135
-141
-149
-151
-149
-154
-154
-150
-140
-127
-110
-88
-58
-26
8
44
82
122
156
184
209
237
262
276
293
305
313
312
302
289
273
255
228
202
171
141
111
78
48
22
-5
-30
-51
-65
-77
-86
-97
-100
-94
-91
-88
-86
-84
-85
-83
-84
-83
-81
-76
-73
-68
-63
-57
-53
-57
-62
-70
-70
-74
-74
-75
-77
-82
-84
-82
-78
-77
-79
-81
-82
-82
-89
-90
-86
-85
-90
-91
-91
-87
-79
-72
-61
-49
-31
-17
5
26
52
77
97
119
144
163
177
189
204
216
221
223
221
217
206
191
177
161
142
116
89
67
42
18
-8
-31
-50
-68
-83
-98
-103
-108
-107
-105
-100
-90
-87
-82
-79
-73
-68
-69
-69
-69
-65
-61
-57
-52
-52
-50
-52
-53
-57
-57
-59
-61
-59
-66
-65
-60
-51
-45
-39
-31
-26
-20
-17
-10
-2
3
3
5
11
18
20
24
29
38
45
56
72
87
101
111
128
146
162
173
179
188
195
198
198
198
197
190
180
167
153
137
112
85
59
35
9
-21
-49
-75
-98
-126
-148
-164
-176
-187
-191
-189
-184
-179
-177
-170
-159
-152
-149
-143
-138
-132
-127
-122
-116
-111
-103
-99
-93
-87
-84
-80
-79
-74
-65
-56
-52
-42
-27
-12
1
14
25
35
46
53
59
69
73
77
80
82
80
77
75
70
71
70
73
76
79
84
92
104
115
123
134
142
151
155
156
160
159
154
143
133
119
102
84
63
45
23
-2
-25
-47
-67
-93
-117
-136
-146
-152
-157
-155
-152
-142
-131
-118
-102
-92
-81
-75
-64
-54
-44
-39
-38
-30
-26
-23
-19
-18
-16
-17
-18
-18
-18
-14
-14
-11
-8
-3
7
15
26
35
45
55
60
67
71
75
80
76
73
63
53
45
34
22
10
3
-4
-9
-10
-9
-6
-1
5
12
18
25
34
43
50
52
52
52
46
42
35
30
21
10
-4
-19
-30
-46
-62
-79
-95
-106
-113
-117
-118
-118
-116
-105
-95
-83
-74
-64
-55
-46
-37
-31
-27
-26
-25
-23
-21
-20
-22
-23
-26
-26
-24
-23
-20
-17
-15
-10
-3
3
14
23
34
45
53
60
69
74
77
81
83
81
79
74
67
58
49
36
27
21
16
12
13
18
26
34
42
52
64
76
85
96
102
106
108
107
104
98
92
82
73
61
46
28
11
-6
-26
-45
-61
-75
-87
-100
-108
-112
-110
-103
-99
-91
-81
-70
-60
-54
-47
-41
-39
-40
-43
-42
-44
-46
-50
-53
-52
-53
-50
-49
-45
-43
-42
-36
-25
-16
-8
3
12
22
32
39
44
49
49
51
54
54
52
49
37
28
20
9
3
-3
-7
-11
-10
-5
2
12
24
39
55
70
83
98
106
110
111
110
107
99
92
82
70
55
39
25
8
-9
-28
-47
-66
-81
-96
-109
-119
-125
-127
-127
-123
-117
-108
-99
-87
-78
-69
-61
-59
-57
-57
-56
-56
-62
-66
-69
-68
-67
-67
-67
-68
-67
-65
-58
-49
-41
-33
-27
-15
1
13
24
31
39
46
51
56
64
70
67
68
66
64
62
59
57
56
56
54
55
60
68
77
87
95
105
113
120
126
129
128
123
118
112
105
95
85
74
64
55
41
29
14
0
-11
-22
-30
-37
-44
-50
-54
-55
-54
-49
-43
-37
-33
-27
-25
-25
-28
-35
-42
-51
-59
-70
-78
-84
-92
-99
-106
-112
-116
-120
-125
-127
-124
-124
-120
-114
-106
-100
-93
-87
-78
-64
-55
-47
-39
-31
-21
-11
-3
5
12
16
19
26
32
36
40
47
55
71
84
95
110
124
137
153
167
176
180
180
178
176
171
161
151
141
129
118
106
92
80
69
55
43
34
23
13
4
-4
-10
-14
-20
-22
-23
-27
-29
-33
-38
-45
-53
-63
-78
-92
-107
-122
-134
-147
-159
-172
-184
-193
-201
-203
-206
-207
-204
-197
-187
-175
-166
-156
-142
-130
-116
-101
-85
-71
-56
-42
-26
-10
4
16
29
42
53
64
73
83
91
98
105
115
127
138
152
165
178
189
200
207
212
215
215
214
209
202
195
185
173
160
150
138
125
116
102
89
76
64
49
36
25
11
0
-11
-20
-30
-39
-50
-60
-70
-81
-92
-103
-116
-129
-140
-151
-162
-174
-183
-193
-204
-209
-217
-220
-219
-219
-214
-205
-194
-183
-171
-159
-147
-133
-118
-102
-85
-68
-54
-38
-22
-6
11
27
41
57
73
86
98
108
117
123
129
136
144
152
162
171
181
188
197
203
206
208
207
203
199
194
186
173
159
144
130
115
100
87
71
57
42
28
14
-1
-16
-31
-44
-56
-68
-80
-91
-100
-109
-120
-128
-133
-140
-145
-154
-160
-168
-176
-180
-186
-190
-198
-204
-208
-210
-206
-204
-196
-187
-174
-160
-145
-128
-112
-96
-81
-65
-50
-35
-19
-5
9
24
40
55
70
84
95
108
118
128
134
140
145
151
157
161
165
170
178
185
192
197
203
206
206
207
206
203
195
184
170
156
139
123
110
94
81
67
52
38
24
9
-9
-27
-45
-62
-77
-93
-110
-123
-137
-147
-153
-158
-160
-162
-165
-167
-168
-169
-173
-175
-179
-182
-183
-184
-183
-182
-176
-170
-160
-147
-133
-119
-106
-93
-80
-65
-53
-39
-23
-12
1
13
25
38
52
63
76
89
99
106
114
119
125
131
136
142
147
152
158
163
169
177
182
186
188
190
188
183
176
166
152
137
120
103
86
66
47
28
11
-3
-17
-30
-46
-61
-75
-88
-98
-109
-120
-129
-137
-144
-148
-150
-149
-147
-147
-144
-140
-135
-131
-130
-130
-132
-134
-134
-134
-133
-133
-128
-125
-117
-106
-94
-81
-67
-54
-40
-27
-16
-2
10
21
33
44
56
69
81
93
109
122
134
145
154
160
165
168
172
175
175
176
176
179
181
180
177
175
171
166
157
146
130
109
89
69
51
33
12
-9
-29
-46
-58
-69
-79
-88
-96
-102
-108
-114
-122
-131
-137
-145
-149
-152
-155
-157
-156
-154
-151
-146
-140
-137
-133
-132
-131
-131
-132
-134
-131
-128
-123
-118
-111
-103
-93
-79
-66
-50
-36
-22
-9
1
12
23
33
43
55
69
83
99
114
130
148
163
176
185
192
196
199
201
200
198
193
191
187
184
179
172
164
156
147
134
118
101
79
57
34
9
-14
-36
-57
-73
-85
-94
-104
-109
-112
-115
-117
-119
-121
-126
-129
-133
-136
-140
-144
-146
-147
-146
-146
-142
-140
-137
-132
-130
-127
-126
-123
-123
-121
-118
-114
-110
-102
-91
-79
-64
-47
-29
-12
5
21
34
47
61
72
83
94
105
117
130
143
158
171
184
198
206
212
216
218
217
214
209
201
191
183
174
165
155
144
133
121
107
91
75
54
33
10
-13
-35
-57
-77
-98
-111
-123
-133
-140
-146
-149
-149
-151
-152
-154
-157
-162
-164
-167
-170
-173
-178
-177
-180
-180
-177
-172
-168
-161
-154
-149
-144
-140
-135
-129
-121
-112
-102
-90
-76
-58
-37
-17
4
24
44
64
80
97
113
128
140
149
159
168
179
190
201
214
225
235
242
247
251
251
251
247
239
230
217
203
187
173
158
141
125
107
90
69
48
26
3
-22
-44
-66
-87
-106
-125
-139
-151
-159
-163
-163
-162
-161
-161
-161
-163
-164
-167
-170
-172
-175
-180
-184
-189
-191
-191
-188
-183
-176
-170
-164
-159
-154
-148
-140
-130
-120
-110
-99
-87
-71
-56
-37
-16
6
29
49
70
88
104
121
136
151
163
174
186
195
204
214
225
235
246
255
260
264
265
262
253
245
232
219
204
188
172
153
134
115
98
83
64
46
25
3
-19
-40
-61
-79
-97
-117
-133
-148
-160
-171
-177
-181
-182
-181
-182
-185
-191
-196
-198
-200
-201
-203
-202
-202
-202
-200
-197
-191
-184
-172
-162
-154
-144
-137
-129
-121
-110
-98
-86
-72
-58
-44
-27
-12
5
22
40
58
76
92
108
123
136
148
160
172
185
198
210
221
232
241
250
253
252
252
249
241
232
221
209
195
179
164
146
129
111
94
78
61
45
28
9
-7
-25
-41
-56
-69
-82
-93
-104
-115
-123
-129
-133
-137
-143
-150
-156
-161
-167
-170
-174
-177
-182
-185
-187
-186
-187
-185
-180
-174
-165
-156
-148
-141
-134
-125
-114
-101
-91
-80
-67
-54
-40
-27
-13
-1
12
26
39
54
69
81
93
105
118
131
145
158
169
182
191
200
213
219
224
227
228
225
222
216
210
205
196
186
173
160
143
128
114
98
84
68
50
33
15
-2
-17
-31
-44
-56
-69
-85
-97
-110
-121
-127
-134
-142
-150
-157
-164
-170
-174
-179
-184
-185
-186
-185
-186
-186
-183
-181
-175
-168
-161
-153
-146
-138
-129
-119
-109
-99
-86
-76
-64
-52
-42
-30
-20
-8
4
14
25
37
48
59
72
82
93
104
115
126
135
145
152
161
167
173
178
179
178
176
172
166
163
158
150
143
132
119
108
97
88
79
68
55
42
26
12
0
-11
-20
-29
-37
-47
-57
-66
-75
-82
-87
-93
-97
-101
-106
-112
-117
-122
-125
-126
-123
-118
-115
-113
-110
-108
-104
-97
-92
-86
-79
-75
-70
-64
-59
-53
-44
-36
-27
-17
-13
-9
-2
0
6
13
18
24
30
33
38
46
54
63
75
86
96
104
110
115
120
123
126
128
126
121
117
110
104
98
95
88
81
73
63
56
45
35
29
21
13
4
-7
-16
-23
-29
-34
-38
-44
-49
-53
-54
-58
-58
-61
-64
-65
-68
-72
-75
-77
-76
-75
-73
-72
-69
-67
-63
-62
-59
-57
-54
-50
-49
-46
-44
-42
-41
-39
-37
-35
-34
-34
-33
-32
-30
-26
-23
-20
-15
-13
-11
-8
-6
-4
3
11
19
29
35
40
47
55
62
70
76
79
82
80
78
75
69
65
61
59
53
47
41
35
35
34
34
35
31
27
27
25
22
18
14
7
4
0
-4
-6
-10
-14
-17
-19
-23
-27
-31
-33
-36
-41
-39
-38
-36
-34
-33
-32
-30
-30
-29
-26
-24
-23
-22
-21
-21
-20
-21
-22
-22
-23
-23
-22
-21
-21
-21
-23
-24
-23
-23
-22
-21
-18
-16
-14
-10
-4
3
8
16
22
27
33
37
40
45
49
52
53
53
52
48
46
43
41
40
37
36
33
32
28
26
23
20
19
17
13
9
4
0
-1
0
0
-1
-1
-3
-3
-3
-2
-1
1
-2
-2
-1
-2
-3
-4
-5
-3
-2
-3
-4
-5
-9
-11
-14
-17
-20
-24
-29
-35
-39
-44
-49
-51
-55
-58
-57
-59
-61
-63
-66
-69
-67
-66
-65
-64
-59
-55
-50
-43
-34
-25
-15
-5
1
8
14
21
25
31
34
36
37
36
37
38
39
41
42
42
42
43
41
40
41
38
38
39
35
33
31
30
30
31
32
31
32
30
27
25
24
23
25
26
25
25
24
23
25
28
28
31
31
27
24
19
14
10
6
2
-1
-4
-8
-13
-18
-23
-27
-30
-36
-40
-45
-51
-56
-59
-62
-64
-64
-63
-61
-58
-54
-51
-46
-39
-32
-26
-18
-13
-10
-3
1
5
8
11
12
16
16
16
16
17
15
17
17
17
17
15
14
14
13
12
12
12
13
11
10
10
9
12
14
15
15
15
12
11
10
10
12
15
18
20
22
24
26
29
33
36
37
37
33
31
27
22
19
15
12
6
1
-6
-13
-19
-26
-31
-36
-41
-50
-56
-62
-68
-68
-70
-68
-64
-60
-55
-49
-40
-34
-27
-18
-12
-5
1
5
10
13
15
18
20
21
22
21
19
16
13
7
5
0
-3
-7
-9
-11
-11
-11
-10
-9
-10
-8
-6
-1
2
7
7
10
12
12
12
13
13
15
17
22
26
32
39
44
49
53
54
57
58
57
57
57
54
53
49
39
30
24
16
10
5
-1
-8
-16
-25
-34
-40
-44
-48
-52
-55
-56
-55
-55
-52
-46
-40
-34
-27
-20
-15
-11
-9
-5
-5
-2
1
2
2
1
0
-2
0
-1
-5
-7
-11
-15
-18
-21
-27
-31
-32
-32
-32
-32
-31
-30
-26
-21
-16
-10
-8
-5
-4
-3
-3
-3
-1
1
4
11
14
19
26
30
36
43
49
54
58
59
57
58
56
55
53
50
48
45
42
38
33
29
23
19
13
6
-1
-7
-11
-16
-19
-21
-24
-24
-25
-25
-23
-24
-24
-23
-19
-17
-13
-12
-12
-12
-11
-10
-6
-5
-6
-6
-8
-10
-13
-17
-21
-25
-31
-34
-36
-38
-41
-44
-45
-46
-46
-45
-42
-40
-39
-35
-34
-31
-28
-23
-16
-12
-7
-2
2
5
10
17
26
33
39
45
48
54
61
65
71
74
76
75
75
73
70
67
64
61
58
54
48
43
36
29
22
15
9
5
0
-6
-11
-16
-19
-21
-23
-23
-22
-23
-24
-25
-26
-26
-26
-27
-29
-31
-32
-35
-37
-38
-40
-39
-41
-42
-45
-48
-50
-53
-55
-58
-58
-61
-62
-64
-63
-63
-61
-57
-56
-53
-49
-44
-39
-35
-30
-26
-21
-14
-6
3
13
22
31
40
48
55
63
69
75
83
87
92
95
95
95
97
97
97
97
95
90
84
76
69
61
52
42
32
22
13
4
-3
-8
-11
-15
-16
-17
-17
-19
-21
-21
-22
-22
-24
-24
-26
-29
-30
-32
-33
-32
-33
-33
-35
-38
-38
-39
-43
-45
-48
-49
-52
-54
-57
-59
-59
-61
-61
-58
-57
-56
-54
-50
-46
-42
-37
-34
-30
-27
-22
-15
-8
-1
7
16
25
32
40
47
55
62
69
74
78
81
81
83
85
87
85
85
83
78
74
66
60
50
42
33
23
13
4
-7
-15
-22
-29
-35
-38
-39
-41
-43
-45
-47
-49
-51
-50
-49
-46
-45
-44
-43
-41
-38
-36
-35
-33
-32
-31
-32
-34
-37
-40
-42
-43
-45
-44
-43
-42
-39
-35
-32
-27
-22
-16
-10
-5
1
5
11
17
23
31
37
43
48
53
60
66
73
80
86
89
92
92
95
94
94
93
92
89
84
77
71
62
55
46
38
27
15
3
-10
-24
-35
-46
-55
-64
-70
-76
-79
-78
-79
-77
-76
-73
-71
-69
-68
-66
-64
-62
-61
-55
-50
-42
-35
-30
-27
-21
-18
-17
-14
-12
-10
-11
-13
-15
-15
-16
-16
-13
-12
-11
-10
-8
-7
-5
-3
-2
1
4
5
6
8
12
18
25
33
43
54
65
74
80
86
88
93
95
95
96
96
97
93
91
87
82
77
71
63
55
44
31
21
11
-1
-11
-22
-35
-47
-57
-65
-70
-75
-77
-80
-80
-84
-85
-86
-86
-86
-85
-84
-81
-79
-76
-75
-69
-64
-61
-57
-53
-49
-47
-44
-41
-37
-33
-31
-30
-27
-25
-22
-18
-14
-10
-4
1
7
10
13
16
21
25
30
35
40
43
47
52
57
64
71
76
79
82
84
88
92
94
94
95
93
90
84
76
70
64
56
47
38
27
14
3
-10
-22
-33
-42
-50
-56
-65
-72
-78
-80
-81
-79
-76
-72
-69
-67
-65
-58
-55
-48
-40
-33
-25
-18
-13
-8
-3
3
8
14
18
21
22
23
24
26
26
28
29
28
28
26
26
26
24
22
20
19
17
15
11
8
7
6
8
9
12
14
17
20
24
27
30
32
33
32
28
25
22
17
12
9
8
5
5
2
-2
-7
-12
-17
-21
-27
-32
-38
-45
-53
-58
-64
-68
-71
-74
-76
-78
-79
-80
-76
-73
-70
-66
-62
-55
-51
-44
-40
-31
-23
-15
-4
5
16
24
33
38
45
50
53
56
56
55
54
54
52
49
48
48
47
47
47
45
43
41
39
40
41
41
40
39
37
37
36
36
35
37
37
37
36
33
30
29
26
22
18
14
8
4
-1
-7
-10
-14
-18
-22
-27
-32
-39
-44
-50
-56
-61
-66
-71
-76
-79
-81
-82
-82
-81
-79
-77
-74
-70
-66
-60
-55
-48
-40
-31
-26
-19
-10
-2
5
12
19
26
30
35
41
46
48
49
51
53
54
55
55
56
56
55
55
52
51
49
46
41
38
37
33
31
28
27
24
23
23
21
21
20
20
21
22
22
21
20
18
17
16
14
12
8
3
-1
-6
-10
-15
-20
-25
-30
-35
-40
-44
-48
-54
-58
-63
-65
-69
-70
-71
-73
-72
-70
-67
-63
-59
-54
-49
-44
-37
-31
-22
-13
-6
1
9
15
23
29
32
35
37
39
40
41
41
41
39
38
37
35
35
34
31
30
26
24
20
18
16
12
9
5
1
-3
-7
-9
-10
-10
-9
-9
-7
-7
-7
-6
-4
-2
0
0
1
2
0
-1
-2
-3
-3
-3
-4
-5
-8
-12
-15
-15
-17
-18
-18
-20
-20
-23
-23
-24
-24
-23
-21
-21
-20
-17
-16
-14
-11
-6
-1
4
6
10
13
15
18
20
23
26
28
30
30
31
32
36
36
36
35
34
33
31
30
29
28
27
25
24
21
17
13
10
7
5
5
3
1
-1
-2
-2
-2
-1
-1
1
2
4
5
3
3
4
5
4
4
3
1
-1
-2
-3
-4
-6
-11
-14
-17
-20
-21
-25
-28
-29
-31
-31
-33
-34
-35
-37
-37
-37
-35
-35
-33
-32
-30
-29
-30
-27
-24
-20
-17
-15
-13
-10
-7
-4
-2
2
5
7
9
10
10
12
12
11
9
10
10
9
10
9
10
9
10
9
10
10
9
9
9
8
8
8
8
9
9
8
8
8
9
10
11
10
9
8
7
9
9
9
8
8
7
5
5
5
2
2
0
-3
-5
-6
-9
-10
-13
-14
-14
-14
-13
-13
-12
-12
-11
-10
-9
-6
-3
-2
-1
0
3
4
4
8
11
13
14
16
18
18
20
19
19
20
19
19
17
16
14
13
11
11
9
8
6
5
4
3
2
1
3
1
0
-1
-1
0
-1
2
1
2
1
1
0
1
1
0
0
-2
-1
-2
-1
1
1
2
2
1
0
1
1
1
2
0
-3
-3
-5
-4
-5
-6
-8
-9
-10
-9
-10
-11
-12
-11
-12
-12
-11
-12
-13
-14
-12
-10
-11
-11
-10
-12
-12
-12
-10
-9
-9
-8
-8
-10
-11
-11
-12
-10
-9
-8
-9
-10
-9
-10
-12
-13
-12
-13
-13
-15
-16
-17
-17
-17
-15
-16
-15
-14
-13
-12
-10
-7
-5
-1
0
5
6
9
11
14
17
18
20
21
23
24
25
25
25
25
24
24
23
23
23
23
21
22
21
19
19
19
18
19
18
18
16
17
17
16
17
15
15
13
11
8
8
6
6
5
3
1
0
-1
-2
-3
-2
-3
-3
-3
-5
-7
-8
-8
-11
-11
-13
-12
-13
-14
-15
-14
-15
-13
-12
-11
-11
-12
-12
-11
-9
-7
-5
-3
-3
-2
0
1
2
4
5
5
4
5
6
5
5
4
3
2
1
0
-4
-4
-6
-6
-7
-8
-9
-9
-11
-13
-12
-13
-14
-14
-15
-13
-11
-11
-11
-10
-9
-7
-6
-5
-3
-3
-3
-3
-2
-2
-2
-1
-2
-2
-1
-1
0
-1
1
2
4
5
5
6
6
9
10
11
13
12
10
8
7
6
6
3
2
0
-2
-3
-4
-2
-3
-3
-4
-5
-4
-4
-3
-3
-2
-1
-1
-1
0
1
1
0
1
1
1
1
1
-1
-1
-3
-4
-4
-5
-3
-4
-5
-6
-5
-4
-4
-4
-3
-2
-1
1
1
2
4
5
5
4
4
4
5
5
4
4
5
7
8
10
12
15
17
18
20
20
22
25
26
25
24
23
22
21
20
18
19
17
15
14
12
10
9
6
6
7
5
5
3
1
-1
-4
-6
-5
-5
-7
-8
-9
-10
-13
-14
-16
-16
-17
-19
