6
3
-1
-3
-5
-5
-7
-7
-9
-10
-12
-13
-14
-14
-17
-18
-18
-22
-25
-26
-27
-28
-30
-32
-32
-33
-32
-34
-35
-33
-31
-29
-27
-26
-23
-20
-17
-15
-12
-9
-9
-7
-5
-4
-3
-1
1
1
2
4
6
9
11
14
18
19
21
22
23
26
27
28
29
31
30
30
29
30
30
31
32
32
31
32
32
31
28
28
26
22
18
15
9
7
5
3
2
1
1
0
0
-1
-2
-3
-6
-8
-9
-12
-17
-21
-24
-27
-29
-31
-33
-34
-35
-33
-33
-33
-30
-30
-30
-28
-28
-27
-26
-26
-26
-26
-26
-26
-26
-24
-22
-20
-19
-17
-13
-10
-7
-6
-3
-1
0
3
4
4
7
10
11
13
15
17
19
20
20
22
25
25
28
29
30
31
32
31
31
31
31
30
29
28
27
25
22
19
20
17
13
12
10
8
6
6
5
4
5
4
2
5
3
2
2
2
-2
-2
-4
-5
-7
-9
-10
-12
-14
-16
-19
-19
-21
-21
-22
-22
-21
-21
-20
-18
-17
-15
-14
-13
-14
-14
-14
-14
-15
-15
-16
-15
-16
-15
-15
-12
-10
-9
-7
-6
-3
-1
-2
0
1
2
3
3
4
3
4
5
6
7
8
10
9
11
13
13
15
16
17
18
18
20
18
17
16
15
15
12
10
7
5
4
3
3
0
0
-1
-4
-4
-6
-8
-8
-9
-9
-10
-12
-11
-10
-10
-9
-9
-7
-9
-9
-8
-7
-8
-8
-7
-7
-7
-7
-6
-7
-7
-6
-6
-5
-5
-5
-3
-3
-1
-1
0
1
3
4
4
5
6
6
5
3
2
1
0
2
3
4
5
6
8
10
10
12
13
13
14
13
13
11
12
13
11
13
11
10
11
12
14
15
15
17
18
19
20
19
17
17
15
13
8
5
2
-1
-6
-7
-9
-12
-14
-15
-15
-14
-15
-13
-13
-14
-12
-13
-14
-16
-15
-17
-21
-21
-23
-26
-26
-28
-30
-30
-29
-26
-23
-20
-16
-13
-11
-8
-4
-3
-4
-4
-4
-6
-7
-8
-9
-7
-4
-3
0
0
2
4
4
5
6
9
9
11
11
12
14
14
14
15
13
14
15
14
16
17
18
19
19
22
22
22
23
23
21
18
16
16
10
6
3
-2
-3
-3
-5
-7
-8
-8
-6
-5
-4
-4
-2
-2
-4
-3
-3
-6
-5
-5
-7
-8
-9
-8
-7
-6
-4
-4
-2
2
4
6
7
7
8
6
4
4
2
0
-1
-2
-3
-5
-8
-8
-9
-8
-6
-6
-4
-4
-3
-3
-1
-1
0
0
0
-2
-2
-3
-5
-7
-9
-9
-11
-13
-15
-14
-14
-12
-12
-11
-8
-4
0
1
5
7
10
12
14
14
16
16
15
14
13
12
11
12
11
9
9
9
9
6
5
4
2
-1
-1
-3
-5
-6
-6
-7
-9
-7
-6
-7
-6
-5
-7
-6
-6
-5
-6
-6
-4
-3
-3
-4
-3
-6
-7
-8
-10
-12
-13
-13
-13
-13
-10
-9
-8
-6
-5
-2
0
2
4
6
7
7
7
5
4
3
4
3
2
2
2
3
6
7
10
12
12
14
15
14
13
12
12
12
11
11
10
8
6
5
5
6
6
7
9
8
9
8
6
5
3
3
1
0
-2
-6
-8
-9
-12
-15
-16
-16
-19
-18
-16
-16
-15
-15
-13
-12
-12
-9
-8
-7
-7
-7
-7
-8
-9
-6
-5
-6
-3
-2
-1
3
8
9
11
13
14
15
14
14
14
12
13
11
10
10
8
9
7
7
8
7
8
8
7
7
7
6
7
5
3
3
2
1
1
-2
-3
-3
-5
-5
-7
-6
-6
-6
-5
-4
-3
-1
1
0
-2
-5
-4
-5
-8
-9
-10
-12
-14
-15
-15
-14
-13
-12
-11
-10
-7
-6
-4
-4
-5
-4
-5
-6
-7
-6
-7
-8
-8
-8
-9
-8
-6
-5
-3
-2
0
1
0
0
2
2
2
2
2
3
3
2
2
2
3
3
4
4
6
7
7
8
9
10
12
12
14
13
11
10
9
6
5
4
5
5
7
7
7
8
9
10
10
11
10
8
6
5
4
2
0
2
2
2
3
5
5
5
6
5
4
3
3
3
2
0
-1
-1
-2
-2
-1
0
-1
-1
-3
-3
-5
-6
-6
-7
-6
-6
-7
-8
-12
-14
-13
-13
-12
-13
-14
-12
-12
-11
-10
-10
-8
-8
-8
-8
-9
-9
-10
-11
-12
-11
-9
-9
-8
-6
-5
-3
-2
0
1
1
1
2
3
3
3
3
2
1
3
1
2
3
4
4
5
5
5
6
4
5
5
6
5
5
4
5
5
5
7
7
8
10
10
11
11
11
12
12
12
11
10
12
10
9
10
11
11
13
13
11
11
12
12
12
11
12
12
12
10
10
8
8
6
4
2
0
-1
-3
-4
-7
-8
-7
-8
-8
-8
-8
-9
-8
-8
-7
-7
-7
-9
-10
-10
-9
-10
-10
-10
-10
-10
-10
-9
-9
-8
-8
-8
-9
-8
-6
-8
-9
-9
-11
-12
-13
-14
-14
-15
-16
-15
-15
-15
-16
-15
-17
-16
-16
-16
-16
-16
-16
-19
-18
-19
-19
-18
-17
-15
-13
-11
-10
-7
-5
-4
-2
-2
1
2
5
7
9
10
12
13
15
17
18
19
21
21
22
22
23
23
25
27
26
26
26
25
25
27
26
27
26
27
28
28
27
26
27
26
26
26
23
20
19
17
14
13
11
10
9
8
7
5
4
2
-1
-3
-3
-4
-6
-8
-10
-11
-12
-14
-15
-18
-19
-22
-22
-23
-25
-25
-26
-27
-26
-24
-24
-22
-25
-25
-26
-25
-26
-26
-26
-24
-23
-23
-21
-20
-17
-15
-14
-13
-12
-11
-7
-7
-6
-3
-3
-1
-1
-1
1
3
4
4
4
3
5
5
6
8
9
10
12
14
16
16
17
17
17
18
18
19
19
20
19
19
19
17
17
18
17
16
16
13
12
11
10
9
6
6
5
5
2
1
0
-1
-1
-2
-3
-4
-5
-7
-6
-7
-9
-11
-14
-14
-15
-15
-15
-15
-15
-15
-16
-16
-16
-16
-15
-15
-15
-15
-15
-14
-14
-12
-10
-9
-7
-7
-4
-2
-1
1
2
3
4
6
7
6
7
9
11
12
14
14
14
15
15
15
15
16
15
15
16
16
17
18
16
16
15
16
15
13
12
11
10
9
8
8
7
4
5
3
3
2
2
0
-3
-3
-4
-4
-5
-5
-6
-6
-7
-9
-10
-12
-14
-14
-15
-16
-16
-16
-16
-17
-17
-17
-17
-16
-16
-16
-15
-14
-15
-14
-11
-11
-11
-10
-8
-6
-4
-3
-2
-1
0
0
1
2
3
3
4
5
6
5
6
4
2
3
3
3
3
3
3
3
3
5
5
7
7
6
6
7
6
5
4
3
2
3
3
3
3
3
4
3
3
2
3
2
0
-1
-4
-5
-6
-5
-6
-5
-5
-4
-3
-2
-2
-1
-1
-2
-1
-2
-2
-3
-4
-5
-5
-4
-6
-5
-4
-2
0
2
4
5
7
10
11
11
10
11
12
10
11
10
9
9
9
8
9
9
11
10
10
10
11
11
11
12
13
12
10
9
8
8
7
7
6
5
5
5
5
2
2
3
3
1
1
0
1
-1
-2
-4
-6
-8
-10
-10
-12
-12
-13
-13
-12
-11
-11
-10
-10
-8
-10
-9
-8
-9
-9
-12
-14
-15
-16
-16
-16
-16
-15
-15
-14
-15
-14
-13
-13
-12
-12
-10
-9
-8
-8
-7
-6
-4
-4
-3
-4
-4
-4
-3
-2
-2
-1
0
1
4
6
6
6
9
9
9
9
9
7
7
7
6
4
3
4
3
3
3
4
3
4
3
3
4
4
4
3
4
5
5
5
6
8
9
10
10
8
7
6
7
5
6
6
4
3
3
2
3
4
4
5
6
6
6
5
4
3
4
4
4
4
2
2
3
4
5
6
5
5
6
4
3
3
4
3
1
1
2
1
1
0
-1
-1
-3
-3
-2
-3
-3
-4
-4
-5
-5
-5
-5
-4
-3
-1
0
-1
0
-1
0
-1
-3
-3
-4
-5
-6
-6
-8
-8
-6
-4
-4
-2
-2
-2
-1
-2
-2
-3
-4
-5
-6
-6
-8
-7
-6
-4
-4
-3
-2
-3
-3
-4
-4
-5
-6
-8
-8
-10
-11
-11
-10
-10
-10
-8
-7
-5
-6
-5
-4
-4
-3
-2
-2
-1
0
-1
0
0
0
1
2
2
2
3
5
5
4
5
5
4
5
5
6
6
6
4
3
3
4
3
3
3
2
4
4
4
4
4
5
6
6
6
7
8
7
8
9
10
10
9
9
9
9
11
11
13
15
14
13
13
11
11
10
9
6
4
3
1
0
-3
-3
-2
-4
-4
-4
-5
-6
-6
-8
-7
-8
-7
-7
-9
-9
-11
-11
-11
-12
-14
-14
-14
-15
-13
-12
-12
-12
-12
-13
-11
-10
-10
-9
-9
-8
-9
-9
-7
-7
-6
-5
-3
-2
1
3
3
3
3
3
3
3
4
4
5
6
5
6
5
4
4
4
4
6
7
6
8
9
9
9
8
9
7
7
7
8
7
8
7
6
7
8
9
8
8
10
9
10
8
6
5
4
4
3
3
1
2
1
0
-2
-3
-4
-4
-4
-6
-7
-8
-7
-9
-10
-10
-9
-9
-8
-8
-8
-8
-10
-10
-10
-10
-9
-8
-8
-8
-8
-7
-7
-7
-8
-8
-8
-9
-8
-8
-7
-6
-7
-7
-7
-5
-5
-3
-4
-2
-2
-2
1
1
2
2
3
4
5
6
6
7
6
6
5
5
6
6
7
9
10
12
12
12
11
11
11
11
11
10
10
9
7
4
3
2
2
1
-1
-2
-2
-3
-3
-4
-5
-5
-5
-4
-2
-1
1
2
2
2
5
5
4
4
5
5
5
4
4
3
1
0
0
1
1
2
1
2
1
2
4
5
6
7
8
8
7
5
4
3
3
3
3
3
3
2
3
3
3
2
3
1
0
-1
0
-2
-4
-3
-4
-4
-5
-3
-3
-4
-3
-6
-8
-7
-8
-9
-9
-10
-10
-10
-12
-13
-13
-14
-16
-16
-14
-13
-14
-13
-12
-11
-12
-12
-11
-10
-8
-8
-8
-8
-7
-6
-5
-3
-3
-3
-2
-1
-1
-1
1
1
1
1
3
2
3
2
1
1
0
2
-2
-3
-2
-2
-1
1
2
4
4
4
4
4
5
7
8
10
10
11
10
10
9
9
9
9
10
12
15
17
16
15
15
13
12
11
11
10
9
11
11
11
11
12
13
14
14
14
15
14
13
12
12
11
9
9
6
4
2
0
-2
-5
-6
-6
-5
-5
-5
-4
-6
-6
-6
-6
-7
-8
-9
-10
-10
-11
-11
-12
-13
-14
-14
-13
-13
-14
-13
-12
-12
-13
-13
-11
-11
-11
-12
-11
-10
-10
-9
-8
-7
-6
-6
-5
-5
-4
-5
-3
-2
-1
0
2
3
3
3
2
1
2
1
1
1
3
5
5
7
7
7
8
9
9
9
9
11
11
10
8
8
6
5
3
2
1
1
1
0
-1
-3
-4
-3
-2
-1
0
0
0
-1
-2
-4
-6
-7
-9
-10
-11
-10
-11
-10
-8
-8
-7
-6
-6
-5
-5
-6
-6
-6
-6
-8
-7
-7
-7
-6
-4
-4
-2
-1
-1
1
-1
0
0
-1
-1
0
1
3
2
3
3
3
2
2
2
2
1
1
2
3
4
5
4
4
5
6
7
10
9
9
9
10
10
10
11
13
15
15
15
15
14
14
13
13
12
12
11
10
9
9
9
10
9
9
9
7
8
6
6
5
5
5
4
4
2
1
-1
-3
-4
-3
-4
-5
-6
-5
-5
-7
-8
-7
-7
-10
-9
-9
-10
-9
-10
-11
-10
-11
-10
-10
-12
-12
-13
-14
-14
-14
-15
-15
-14
-12
-10
-9
-8
-6
-5
-5
-5
-6
-5
-6
-8
-7
-8
-7
-7
-5
-5
-6
-6
-5
-5
-4
-2
0
0
0
1
2
1
2
1
1
2
3
4
2
3
5
4
4
4
4
4
4
4
4
3
2
4
5
5
7
7
7
6
7
6
7
6
6
6
5
5
6
6
6
6
5
5
6
5
7
6
4
6
5
7
5
5
5
4
2
3
0
0
1
0
0
0
1
-1
-1
0
0
0
-1
1
2
2
1
0
0
2
4
4
3
3
4
3
2
1
0
-1
-1
-1
-2
-1
-2
-2
-1
-1
-2
-2
-2
-2
-2
-3
-5
-5
-5
-5
-6
-6
-8
-9
-11
-12
-12
-13
-12
-11
-10
-10
-8
-8
-6
-6
-5
-5
-4
-2
-2
-3
-2
-2
-1
-3
-3
-2
-1
1
2
2
3
3
4
4
3
4
4
5
5
6
6
7
7
7
5
5
4
3
2
1
0
-1
-1
0
-1
0
-1
-2
-2
-2
-1
-1
-1
-1
-2
-2
-3
-2
-2
-2
-2
-1
0
1
2
3
4
3
3
3
3
3
4
3
1
0
-1
0
2
1
3
4
6
7
8
10
11
12
12
12
12
12
11
11
10
11
12
12
13
13
12
11
11
10
7
5
4
2
0
-2
-3
-4
-7
-6
-7
-8
-9
-9
-9
-9
-9
-9
-9
-8
-7
-6
-7
-7
-6
-6
-6
-8
-9
-9
-10
-11
-13
-12
-12
-13
-12
-11
-11
-9
-8
-7
-6
-7
-7
-7
-5
-6
-8
-10
-8
-9
-11
-9
-10
-8
-7
-6
-6
-4
-2
0
2
3
4
4
4
2
1
1
0
-4
-2
-1
-2
1
3
5
7
9
10
10
11
12
12
11
10
11
10
7
3
1
-1
1
-2
-4
-4
-5
-4
-5
-5
-2
-4
-1
-1
-2
1
-1
0
-1
-3
1
1
2
5
5
9
9
8
14
15
12
13
15
15
16
15
17
17
15
21
16
16
21
17
16
15
15
12
9
11
9
7
9
7
3
2
5
4
1
2
3
2
-6
-4
-5
-12
-11
-9
-12
-16
-15
-11
-16
-17
-10
-13
-14
-9
-11
-15
-9
-10
-14
-14
-11
-15
-20
-13
-18
-21
-12
-16
-20
-14
-14
-18
-15
-13
-15
-11
-8
-14
-11
-3
-12
-11
2
-5
-13
4
2
-9
0
9
-2
-9
10
5
-8
12
8
-3
9
11
4
5
12
11
7
11
11
11
13
10
8
16
9
9
21
13
11
22
17
9
15
21
10
3
18
11
2
17
11
3
8
8
5
4
5
5
4
3
-1
0
8
1
-2
10
-1
-2
14
2
-3
10
7
-8
-1
8
-1
-10
4
-1
-16
1
1
-17
-5
-5
-13
-12
-11
-7
-14
-9
-8
-20
-7
-8
-22
-5
-11
-16
-3
-9
-11
-9
-6
-5
-16
-6
3
-12
-4
3
-11
-3
-5
-7
-3
-8
2
-5
-11
0
-7
-13
-3
-3
-6
-6
4
5
-5
-1
8
0
0
6
2
1
3
0
1
-3
0
7
5
-1
5
12
10
-3
15
17
-1
7
11
-1
3
7
0
6
0
9
1
-3
17
2
3
6
0
20
-9
4
33
-4
-3
19
9
-15
1
29
-8
-20
32
8
-29
17
31
-6
-2
31
21
-9
28
36
-6
7
23
7
4
-6
2
11
-11
4
6
-1
-10
9
25
-20
-4
38
7
-35
6
14
-54
-14
17
-42
-44
12
-18
-62
4
6
-62
-18
21
-51
-30
20
-40
-27
11
-28
-34
2
9
-41
-10
22
-37
-9
31
-9
-13
3
14
-2
-17
22
-10
8
25
-14
10
16
14
12
-1
11
30
23
6
13
35
-1
-6
35
2
0
42
7
-7
24
9
8
7
6
18
-12
8
-2
-10
7
-24
-22
-4
-25
-2
-15
7
-16
-30
42
-25
-49
42
43
-48
-9
39
-34
-43
39
-11
-67
29
47
-56
-31
59
-7
-55
37
29
-36
12
34
-11
-43
18
24
-54
15
55
-19
-22
29
14
-8
-10
47
-3
8
46
-31
8
7
-11
4
-26
-5
43
-4
-22
-10
24
-34
-24
74
-26
-37
82
-7
-81
40
24
-50
16
68
-25
-23
57
14
-36
22
44
-13
49
26
-28
32
16
-34
-5
1
-2
20
16
-38
-41
41
-36
-75
23
-1
-5
29
-38
-33
57
-24
-55
35
-11
5
40
-31
-51
38
17
-120
-16
82
-53
-49
39
-21
-70
6
41
-47
-19
74
21
-64
29
39
-64
-40
85
-22
-75
83
26
-58
5
59
-38
-20
83
43
-64
48
95
-64
-33
61
7
-43
25
34
-59
-8
62
-79
-11
36
1
-53
31
42
-84
31
76
-53
-29
108
-1
-74
78
75
-82
0
90
-35
-34
50
-9
-3
33
-3
-23
-22
31
16
-22
20
-11
2
51
-23
-22
15
-17
11
-21
22
-14
-61
40
1
-23
-20
3
71
-27
-35
21
-26
-7
46
17
-68
12
45
-108
-45
62
-71
-76
92
-9
-127
25
99
-59
-23
96
4
-23
41
-9
8
-16
-34
9
-4
7
-14
18
18
9
64
-43
-25
51
23
5
40
25
-71
6
-29
-45
-43
14
53
3
-71
-44
12
-34
-75
-19
23
-67
26
-1
-99
44
32
-103
-78
74
10
-86
110
62
-76
-43
24
-34
-48
67
18
79
10
-46
29
-96
39
148
-3
-40
112
176
-68
-60
129
-46
-10
181
-67
-55
200
4
-99
56
96
-77
17
158
-100
30
185
-108
-88
131
-77
-128
125
54
-97
76
97
-177
-23
106
-172
17
142
-45
-9
33
-94
-103
13
-2
-42
58
-6
-65
33
-71
-90
6
-40
74
50
-43
71
-20
-103
-18
63
-105
-33
179
-66
-104
119
-93
-203
38
166
26
-17
66
-42
-110
-26
7
7
35
177
124
-189
-156
58
39
-29
65
141
81
-6
-4
-88
-73
104
80
-22
4
9
-4
-92
-103
-36
-7
70
-33
26
115
-145
-99
120
-43
-186
0
169
-83
-144
70
-83
-120
97
40
-108
-14
191
16
-153
125
75
-85
15
52
-42
-45
93
56
19
76
-57
-55
50
-106
-70
120
81
-63
-10
24
-151
-178
26
40
-83
131
133
-168
-120
45
-129
-113
118
160
-18
59
126
-186
-76
97
24
67
140
138
-5
-45
28
-170
-39
122
56
68
59
31
-83
-41
14
7
79
152
111
-6
-42
-49
-141
16
140
63
55
26
53
-64
-118
62
22
40
133
44
-17
-71
-79
-15
-6
95
68
22
69
-12
-7
-52
9
66
2
112
70
-65
-25
-71
-42
20
-19
79
19
-32
-36
-124
-50
-144
-63
78
-113
-81
-90
-106
-108
-133
-24
-115
20
75
-149
-38
-26
-40
-39
-98
43
-30
-43
74
-69
-25
-18
4
99
-71
118
37
-96
104
-44
-21
-15
-25
107
-40
-5
88
-34
39
42
22
67
-4
95
12
-79
69
-56
-82
58
-4
31
10
-12
-11
-42
42
70
11
59
62
26
17
-50
35
39
8
68
29
53
79
26
70
21
18
81
34
62
74
38
61
14
-23
-36
-29
70
42
48
84
-28
-31
-38
-61
-38
43
50
-50
-26
5
-91
-147
-7
28
-50
53
94
-88
-67
72
-75
-109
110
64
-103
61
71
-121
-19
39
-103
-48
102
-22
-102
55
-27
-156
-3
-29
-122
-8
14
-120
-77
48
-18
-91
15
43
-114
-41
51
-59
-21
58
9
-48
-8
-28
-126
9
115
6
8
33
-30
-56
-18
22
37
84
80
30
70
8
-26
12
19
91
45
21
59
-28
-51
-21
-54
-70
-8
78
19
-3
63
-49
-93
1
8
22
47
72
45
-36
-26
-59
-50
43
45
80
78
19
-23
-74
-36
-21
11
96
37
22
12
-66
-87
-67
0
37
51
93
45
-20
-25
-54
-63
-41
55
98
15
27
34
-36
-46
-45
35
87
85
110
51
-12
-58
-53
-4
9
80
110
55
40
-8
-37
-31
28
87
58
87
72
17
-1
-28
-26
-14
-2
13
-20
5
9
-68
-74
-50
-58
-66
-33
-22
-52
-70
-59
-93
-86
-27
-40
-35
17
-2
-60
-60
-33
-44
-74
-13
-36
-51
18
-28
-34
-8
-21
-26
-17
40
9
-31
37
-14
-61
-19
-11
-13
-8
34
28
-27
16
25
-6
46
94
96
68
65
40
-26
2
65
33
27
77
45
-32
-10
33
-16
2
77
38
-19
37
51
-18
31
79
11
16
58
16
-2
35
18
-34
15
48
-27
-11
33
-39
-68
-75
-68
-61
-55
-10
-49
-71
-51
-99
-106
-51
-25
-19
-24
10
-24
-70
0
22
1
38
55
57
32
15
16
-20
30
46
26
63
60
20
21
24
-11
-5
38
48
19
71
82
-20
3
60
12
24
107
117
58
54
96
56
16
64
44
10
23
19
-26
-90
-49
-17
-77
-86
-83
-102
-121
-108
-82
-131
-150
-117
-104
-134
-106
-32
-20
-20
-17
-28
-59
-58
-12
-12
-8
-2
-11
-3
-65
-53
-31
-69
-74
-60
-29
-39
-34
-16
-73
-98
-37
-15
11
59
84
79
84
90
92
140
235
301
290
229
182
135
136
158
155
173
112
83
35
-18
-6
10
96
122
136
162
97
52
27
20
40
49
79
78
24
-22
-80
-123
-84
-40
-29
-38
-69
-136
-212
-227
-251
-271
-240
-237
-294
-299
-233
-200
-144
-96
-122
-168
-153
-126
-157
-118
-53
-76
-65
-73
-190
-293
-272
-160
-75
-6
49
37
13
3
-15
9
89
226
326
326
274
202
149
144
194
259
319
390
352
266
218
148
134
174
245
256
265
283
155
94
147
145
178
245
260
207
203
237
120
56
105
50
-1
30
18
-88
-144
-136
-234
-307
-252
-271
-332
-324
-339
-421
-495
-504
-506
-483
-365
-308
-358
-380
-384
-444
-537
-514
-402
-358
-341
-310
-410
-500
-455
-383
-278
-112
75
76
40
166
210
260
384
481
600
689
726
568
454
538
530
488
461
427
394
340
310
203
86
149
205
175
166
219
290
334
458
562
561
625
699
699
664
675
637
466
333
222
51
-109
-191
-300
-483
-598
-658
-738
-813
-801
-758
-751
-680
-601
-604
-591
-503
-424
-404
-358
-303
-299
-282
-242
-283
-368
-402
-491
-628
-632
-551
-611
-700
-670
-741
-876
-872
-812
-626
-146
291
349
383
508
455
428
656
887
1114
1383
1286
862
604
464
251
286
535
605
570
470
131
-192
-195
-80
11
276
515
509
496
496
448
515
794
1017
1089
1151
1074
839
619
464
313
182
118
-15
-233
-438
-648
-806
-905
-881
-792
-759
-679
-628
-645
-646
-592
-490
-452
-353
-236
-288
-283
-284
-346
-388
-417
-396
-493
-564
-655
-819
-808
-846
-919
-943
-1050
-1106
-1145
-1103
-816
-311
193
390
509
587
449
476
671
907
1289
1556
1353
830
514
255
-22
202
591
692
664
446
-73
-440
-361
-224
-53
412
744
653
540
471
358
491
894
1211
1341
1371
1187
828
539
341
219
198
138
-17
-255
-565
-852
-1001
-1018
-943
-781
-655
-636
-614
-598
-622
-560
-412
-289
-180
-94
-120
-172
-251
-394
-403
-326
-278
-301
-348
-508
-807
-767
-796
-969
-840
-764
-826
-910
-775
-613
-398
176
380
385
686
685
510
556
844
1051
1135
1194
827
532
509
229
152
447
645
650
482
185
-203
-226
-34
-48
214
573
619
591
555
444
407
661
949
1019
1097
1043
760
480
237
34
-95
-111
-94
-220
-438
-663
-839
-890
-892
-747
-597
-569
-494
-473
-532
-554
-452
-327
-309
-250
-181
-272
-351
-401
-491
-529
-504
-498
-611
-789
-977
-1116
-1107
-1110
-1110
-1001
-968
-797
-460
-164
34
310
657
734
870
892
718
878
1273
1263
821
562
320
7
74
225
263
413
482
173
-222
-223
-141
-27
377
739
810
806
789
744
733
931
1215
1325
1355
1197
934
615
324
160
1
-93
-163
-309
-578
-839
-890
-839
-752
-587
-507
-540
-496
-356
-294
-182
-4
53
-4
-49
-99
-218
-194
-129
-218
-277
-375
-631
-841
-898
-875
-955
-957
-1041
-1292
-1379
-1354
-1279
-977
-463
-13
105
189
346
485
835
986
948
998
1198
1182
798
481
192
10
35
6
15
149
137
-74
-366
-528
-606
-398
-16
203
427
594
556
539
701
890
1082
1348
1525
1394
1248
1054
714
412
199
52
-78
-150
-294
-621
-929
-1025
-957
-831
-653
-448
-411
-384
-234
-132
-74
94
338
356
290
261
101
-11
0
-26
-170
-280
-380
-625
-824
-926
-1035
-1138
-1207
-1188
-1179
-1206
-1086
-775
-357
-58
190
404
558
849
1083
987
914
1183
1329
1006
551
297
46
-47
-1
-66
-63
76
4
-429
-648
-564
-528
-364
50
310
373
453
483
463
649
958
1149
1295
1355
1151
838
631
384
178
-38
-244
-332
-480
-677
-887
-993
-1080
-1039
-783
-693
-642
-388
-209
-160
1
170
186
266
413
299
109
101
-48
-193
-166
-203
-404
-668
-742
-899
-1006
-962
-1017
-1041
-973
-934
-987
-803
-395
12
315
550
761
934
1098
948
791
1145
1490
1298
732
280
29
-151
-207
-176
36
272
119
-363
-720
-745
-510
-183
222
501
459
374
349
427
603
927
1283
1432
1420
1186
857
690
560
317
185
141
-149
-474
-605
-801
-963
-868
-835
-893
-732
-582
-585
-401
-65
21
74
328
326
226
310
345
236
151
37
-160
-289
-330
-481
-770
-871
-930
-1071
-1165
-1147
-1218
-1292
-1178
-1057
-907
-315
350
454
484
751
904
1013
1241
1208
1306
1578
1235
299
-86
-16
-288
-276
-43
-101
-189
-277
-794
-1147
-798
-511
-407
102
484
315
291
465
480
718
1192
1416
1433
1435
1179
793
662
416
68
-89
-179
-400
-680
-851
-1095
-1245
-1206
-1132
-954
-703
-510
-336
-132
-24
57
248
509
558
452
430
373
290
159
3
-133
-295
-515
-710
-771
-809
-896
-934
-1020
-1212
-1282
-1123
-1008
-788
-194
267
526
739
864
906
1230
1553
1295
1225
1623
1421
711
362
94
-298
-283
-62
-248
-211
22
-400
-917
-785
-607
-536
-37
478
482
469
562
422
620
1162
1477
1606
1676
1510
1084
871
639
277
130
-23
-297
-506
-736
-1114
-1306
-1283
-1300
-1235
-943
-761
-678
-400
-182
-140
22
259
361
404
466
391
227
146
-54
-336
-455
-499
-746
-890
-878
-1082
-1271
-1239
-1236
-1428
-1365
-1174
-1208
-969
-393
44
427
852
792
710
1249
1651
1319
1173
1494
1242
710
382
-10
-244
-3
38
-411
-342
20
-275
-662
-569
-454
-415
-29
372
472
664
767
619
771
1226
1381
1397
1562
1561
1238
971
770
369
117
-50
-279
-376
-466
-736
-1070
-1169
-1225
-1249
-924
-566
-415
-279
-103
-85
-115
43
198
286
351
274
89
-31
-220
-457
-583
-559
-625
-746
-702
-819
-1029
-1166
-1263
-1326
-1276
-1046
-970
-950
-635
-219
144
457
662
705
972
1408
1337
963
970
1104
826
516
376
173
52
132
-49
-250
23
199
-53
-203
-126
-214
-208
172
469
632
829
797
720
931
1151
1166
1308
1510
1386
1109
890
596
288
88
-144
-319
-354
-519
-827
-986
-1077
-1229
-1140
-827
-586
-472
-341
-255
-285
-248
-179
-112
-23
14
-69
-158
-280
-503
-698
-734
-736
-795
-761
-756
-883
-1033
-1126
-1252
-1272
-1066
-874
-759
-567
-298
6
342
598
606
687
1075
1238
1025
878
1013
1014
752
469
241
191
332
316
118
215
473
348
9
-48
16
23
161
436
661
803
775
617
601
761
869
962
1201
1255
1006
722
531
318
88
-56
-157
-167
-207
-480
-783
-899
-1032
-1167
-988
-647
-520
-514
-411
-420
-539
-540
-448
-345
-233
-213
-364
-469
-491
-611
-719
-642
-566
-601
-542
-484
-625
-754
-805
-900
-902
-725
-619
-610
-416
-117
98
307
414
301
431
886
1052
849
818
986
918
725
561
448
558
756
620
374
493
626
363
98
95
96
86
142
246
397
518
427
300
436
631
683
756
870
849
723
608
525
442
338
113
-93
-129
-206
-396
-533
-606
-737
-821
-751
-709
-752
-703
-624
-606
-584
-545
-556
-573
-537
-534
-490
-370
-330
-404
-408
-344
-374
-424
-376
-334
-349
-372
-464
-590
-619
-611
-671
-641
-378
-113
49
183
211
170
247
423
478
518
715
874
859
776
662
538
534
594
557
559
706
716
476
239
99
-10
-30
93
256
389
433
322
208
211
228
210
261
407
521
542
501
400
263
78
-67
-71
3
42
-6
-112
-261
-416
-546
-637
-660
-616
-557
-529
-520
-551
-627
-704
-750
-720
-616
-489
-395
-328
-282
-268
-257
-225
-153
-68
6
42
33
-47
-184
-269
-295
-322
-361
-309
-200
-125
-95
-122
-176
-145
-2
112
180
292
460
604
688
702
671
726
825
802
730
781
863
772
557
363
207
72
-68
-150
-102
-18
-54
-180
-229
-219
-232
-235
-136
51
208
259
289
369
391
286
173
192
279
313
265
179
85
-69
-268
-410
-405
-372
-433
-529
-600
-659
-738
-783
-731
-621
-539
-499
-408
-250
-122
-70
-18
65
157
226
282
326
307
220
123
60
-25
-120
-165
-192
-234
-274
-329
-382
-375
-331
-329
-279
-134
20
172
344
446
459
510
599
629
613
628
654
688
683
568
422
330
243
76
-66
-113
-140
-206
-288
-347
-370
-373
-396
-413
-359
-257
-163
-35
115
185
173
190
274
352
390
397
394
381
288
127
37
23
-48
-202
-327
-412
-501
-545
-554
-552
-525
-499
-475
-390
-281
-247
-226
-109
40
145
223
307
366
350
284
204
150
106
15
-92
-171
-228
-295
-365
-384
-385
-426
-444
-391
-291
-208
-146
-61
71
208
291
345
412
463
463
450
494
573
623
606
521
407
283
138
-14
-127
-200
-260
-289
-276
-278
-299
-308
-301
-266
-184
-84
-8
81
204
310
389
460
513
540
539
502
448
427
414
350
240
117
-15
-141
-251
-341
-404
-426
-419
-398
-355
-316
-309
-301
-248
-162
-69
35
143
215
235
209
147
82
25
-57
-177
-294
-386
-463
-516
-527
-531
-537
-533
-524
-524
-506
-459
-392
-293
-165
-19
120
224
263
261
265
281
300
325
376
431
453
413
316
185
40
-95
-200
-243
-238
-219
-178
-112
-56
-46
-56
-55
-18
70
192
326
463
585
646
666
670
655
619
600
598
575
526
447
337
220
101
-31
-145
-200
-226
-244
-247
-233
-227
-210
-162
-127
-98
-64
-25
9
33
32
3
-23
-72
-175
-296
-398
-513
-646
-759
-807
-792
-752
-720
-708
-694
-675
-658
-632
-545
-404
-267
-126
54
223
332
391
410
394
368
346
330
376
440
401
285
178
60
-84
-202
-291
-325
-265
-168
-86
23
127
161
180
237
329
457
617
758
875
967
979
929
866
793
694
608
546
488
424
324
186
42
-93
-207
-282
-323
-319
-287
-249
-208
-164
-132
-108
-77
-56
-54
-52
-59
-89
-135
-218
-343
-468
-583
-710
-845
-970
-1071
-1110
-1093
-1071
-1018
-906
-801
-742
-666
-551
-414
-240
-69
80
261
464
582
606
581
523
444
370
311
291
319
303
199
65
-51
-152
-236
-271
-242
-140
-17
99
224
337
401
443
501
579
685
817
928
1006
1045
995
894
826
763
651
546
475
400
334
269
163
51
-43
-143
-219
-218
-190
-169
-135
-93
-66
-42
-33
-60
-95
-132
-177
-220
-253
-314
-412
-539
-693
-858
-1010
-1132
-1231
-1299
-1321
-1301
-1220
-1093
-967
-864
-745
-595
-429
-230
-24
148
308
465
549
558
549
524
457
369
272
181
162
159
72
-51
-143
-207
-254
-264
-235
-141
16
169
308
460
585
648
682
718
796
922
1027
1065
1064
1015
902
772
667
564
458
377
315
261
207
130
33
-53
-114
-143
-130
-72
7
61
88
113
127
115
97
70
9
-73
-144
-224
-332
-444
-586
-783
-988
-1169
-1318
-1418
-1438
-1410
-1340
-1207
-1059
-930
-799
-633
-441
-207
67
321
516
669
763
749
639
502
384
278
164
64
5
-26
-100
-248
-424
-536
-546
-507
-415
-212
61
284
427
542
636
704
768
838
925
1046
1142
1138
1049
906
705
503
364
271
196
158
144
94
8
-79
-156
-202
-201
-158
-71
57
183
253
269
266
230
166
110
90
83
30
-64
-154
-282
-462
-664
-884
-1094
-1232
-1299
-1346
-1322
-1237
-1159
-1060
-922
-815
-719
-498
-168
141
403
595
731
853
863
701
539
489
443
330
195
93
24
-90
-322
-554
-646
-653
-628
-512
-280
-10
202
337
464
628
748
822
943
1085
1153
1140
1084
983
806
530
269
141
76
-51
-199
-297
-368
-453
-544
-576
-507
-406
-308
-168
12
152
230
277
333
398
407
364
357
368
309
206
91
-48
-207
-424
-675
-889
-1073
-1238
-1286
-1224
-1153
-1035
-882
-778
-660
-473
-262
4
304
484
645
912
1023
849
650
531
413
328
244
140
125
46
-299
-651
-769
-831
-893
-763
-460
-169
45
180
309
522
708
796
952
1230
1414
1392
1300
1177
917
561
258
58
-99
-275
-460
-602
-715
-866
-997
-987
-873
-746
-582
-366
-157
-7
83
162
267
351
382
441
531
524
430
323
200
35
-188
-415
-585
-725
-838
-867
-809
-731
-619
-498
-436
-301
9
372
665
777
738
768
866
747
452
348
407
349
134
-116
-253
-290
-471
-800
-922
-743
-582
-527
-388
-184
-62
-11
113
401
753
1005
1143
1242
1271
1151
941
771
621
376
113
-34
-180
-480
-830
-1070
-1206
-1261
-1229
-1140
-982
-801
-705
-616
-459
-322
-181
71
288
317
316
372
373
322
251
149
125
111
-89
-339
-473
-596
-733
-715
-565
-360
-121
28
117
336
753
1250
1545
1474
1315
1293
1210
991
780
560
345
174
-184
-637
-773
-779
-987
-1106
-990
-898
-751
-422
-168
-27
182
367
511
832
1267
1474
1457
1388
1119
717
550
480
167
-126
-249
-565
-1020
-1284
-1513
-1698
-1556
-1359
-1271
-975
-676
-672
-564
-268
-184
-156
69
243
266
281
243
116
-6
-92
-163
-205
-228
-317
-531
-730
-808
-937
-1058
-872
-570
-395
-70
368
526
649
1190
1880
2301
2367
2118
1854
1789
1601
1160
818
682
483
37
-520
-876
-1063
-1296
-1404
-1257
-1079
-844
-453
-159
27
297
492
659
1113
1579
1733
1812
1828
1538
1146
882
552
108
-263
-586
-925
-1260
-1622
-1988
-2212
-2202
-2042
-1792
-1415
-1027
-826
-699
-422
-152
-26
183
441
479
413
362
182
-74
-238
-380
-527
-538
-586
-854
-1048
-1094
-1291
-1509
-1401
-1082
-735
-260
236
517
727
1097
1663
2220
2399
2251
2175
2236
2131
1751
1258
828
582
312
-180
-491
-481
-630
-919
-980
-935
-855
-539
-195
-12
274
593
695
898
1327
1515
1499
1620
1543
1143
885
671
191
-212
-399
-729
-1084
-1252
-1605
-2033
-2002
-1842
-1797
-1437
-1016
-969
-825
-394
-174
-121
93
250
259
364
409
234
89
-44
-313
-509
-545
-613
-762
-890
-1001
-1238
-1505
-1486
-1206
-896
-522
-7
373
498
844
1575
2107
2111
1891
1730
1726
1811
1605
1050
680
561
162
-362
-429
-298
-396
-435
-368
-455
-390
-28
219
429
826
1030
1060
1351
1603
1497
1463
1485
1163
817
636
254
-237
-598
-998
-1389
-1562
-1752
-2053
-2072
-1882
-1786
-1522
-1060
-827
-721
-462
-193
-6
143
191
149
104
19
-94
-128
-193
-432
-654
-758
-895
-1001
-1091
-1223
-1259
-1293
-1370
-1211
-850
-570
-242
269
610
893
1681
2483
2484
2001
1614
1472
1577
1566
1174
782
598
132
-662
-1024
-789
-559
-486
-323
-173
-95
134
482
848
1275
1609
1795
2117
2459
2381
2027
1789
1532
1145
851
532
-38
-704
-1377
-2000
-2322
-2396
-2476
-2437
-2220
-2084
-1927
-1487
-989
-654
-258
253
610
730
673
525
405
313
142
-98
-300
-486
-782
-1105
-1294
-1460
-1640
-1679
-1691
-1830
-1783
-1329
-834
-461
-6
379
585
991
1771
2550
2845
2514
1898
1549
1480
1233
792
479
265
-166
-869
-1348
-1253
-1020
-964
-783
-468
-236
103
613
1041
1445
1798
2016
2451
3006
3030
2641
2393
2100
1574
1164
799
203
-460
-1192
-1999
-2429
-2506
-2676
-2751
-2543
-2417
-2311
-1882
-1379
-1045
-647
-142
262
524
659
630
531
423
252
73
-42
-214
-540
-860
-1135
-1459
-1737
-1846
-1852
-1939
-1949
-1647
-1146
-600
-171
161
586
1197
2095
2835
2823
2416
2102
1901
1792
1629
1229
780
441
-261
-1205
-1360
-995
-994
-986
-767
-774
-678
-171
290
737
1370
1716
1874
2384
2843
2812
2691
2582
2186
1721
1465
1158
538
-284
-1094
-1750
-2194
-2429
-2523
-2550
-2523
-2491
-2389
-2038
-1540
-1149
-749
-214
148
195
197
250
204
169
206
149
20
-176
-514
-900
-1176
-1372
-1577
-1605
-1508
-1627
-1633
-1251
-848
-525
-36
549
912
1427
2427
2889
2475
2096
1839
1571
1603
1572
1030
587
397
-488
-1504
-1323
-825
-882
-746
-510
-681
-581
-22
336
805
1616
1990
2057
2457
2652
2333
2262
2413
2064
1563
1352
852
-11
-721
-1320
-1824
-1966
-1967
-2241
-2441
-2284
-2240
-2126
-1541
-1086
-916
-542
-110
40
72
192
176
22
-35
-133
-259
-372
-666
-1015
-1326
-1530
-1627
-1739
-1764
-1797
-1775
-1531
-1089
-504
-43
413
952
1240
1855
2733
2650
2002
1865
1876
1522
1222
961
405
133
-137
-1109
-1442
-734
-608
-919
-649
-459
-593
-159
545
912
1411
1843
1907
2316
2793
2644
2473
2536
2293
1821
1496
1106
495
-142
-936
-1634
-1760
-1832
-2060
-2055
-2110
-2258
-2031
-1543
-1133
-770
-358
-128
-51
124
239
302
413
332
54
-153
-256
-428
-703
-1024
-1434
-1816
-2042
-2165
-2252
-2214
-1845
-1414
-1192
-760
-60
428
816
1590
2517
2801
2431
2001
1765
1749
1621
1100
638
518
131
-845
-1528
-1324
-1030
-1038
-875
-653
-622
-484
-115
388
1015
1575
1900
2234
2586
2659
2596
2576
2419
2044
1589
1223
866
236
-589
-1208
-1569
-1910
-2095
-2020
-2026
-2091
-1962
-1725
-1370
-929
-593
-266
72
171
133
258
443
432
234
55
-86
-286
-412
-515
-897
-1361
-1642
-1842
-1935
-1785
-1531
-1352
-1116
-782
-491
-78
621
1450
2151
2158
1595
1407
1625
1655
1486
1093
589
418
72
-853
-1152
-559
-465
-749
-591
-566
-678
-321
45
346
987
1385
1409
1794
2229
2179
2163
2296
2135
1815
1498
1084
665
168
-465
-954
-1282
-1633
-1814
-1789
-1853
-1908
-1816
-1681
-1392
-1027
-723
-302
-37
-140
-127
89
184
193
183
89
-64
-171
-261
-406
-612
-941
-1239
-1266
-1222
-1141
-851
-658
-664
-483
-186
38
671
1637
1923
1465
1089
858
798
1060
992
444
242
176
-569
-1181
-754
-313
-451
-347
-147
-270
-145
127
214
614
1104
1135
1287
1769
1844
1655
1713
1653
1352
1161
961
607
222
-246
-704
-945
-1129
-1380
-1471
-1414
-1434
-1450
-1340
-1138
-940
-853
-635
-252
-179
-263
-142
-131
-257
-182
-57
-125
-250
-295
-379
-547
-700
-845
-893
-782
-603
-370
-108
110
200
239
447
910
1561
1981
1648
1016
770
716
652
583
332
22
-130
-556
-1339
-1418
-694
-457
-607
-329
-163
-252
82
548
812
1153
1375
1341
1522
1837
1753
1510
1457
1238
836
685
573
98
-442
-755
-1017
-1232
-1253
-1296
-1397
-1316
-1211
-1186
-952
-697
-720
-590
-257
-264
-413
-341
-368
-520
-514
-436
-418
-507
-683
-769
-803
-928
-921
-691
-571
-475
-159
100
259
557
838
988
1256
1756
2214
2112
1461
904
744
744
602
303
110
37
-375
-1243
-1646
-1084
-586
-595
-396
-112
-198
-196
198
741
1239
1467
1407
1447
1623
1566
1419
1379
1159
712
331
116
-137
-581
-1012
-1228
-1367
-1492
-1510
-1442
-1382
-1325
-1184
-913
-600
-450
-399
-213
-117
-262
-232
-80
-212
-473
-575
-631
-770
-841
-794
-819
-998
-1182
-1216
-1077
-737
-219
292
627
860
1133
1426
1733
2237
2771
2833
2346
1726
1382
1226
921
420
-32
-171
-373
-1105
-1693
-1431
-947
-932
-899
-520
-312
-231
150
699
1208
1537
1579
1578
1734
1772
1513
1287
1178
770
196
-106
-382
-902
-1368
-1585
-1741
-1833
-1781
-1761
-1737
-1527
-1321
-1097
-680
-428
-376
-74
179
29
-50
88
19
-241
-430
-588
-770
-926
-1009
-1017
-1087
-1278
-1392
-1354
-1187
-743
-132
329
703
1074
1289
1533
2023
2537
2811
2715
2219
1749
1600
1236
561
248
202
-46
-501
-1087
-1317
-901
-641
-793
-596
-201
-199
-87
485
942
1209
1515
1609
1591
1698
1608
1375
1348
1160
599
163
-122
-623
-1106
-1319
-1552
-1802
-1893
-1986
-2039
-1914
-1753
-1522
-1118
-846
-790
-563
-218
-124
-96
95
153
-39
-234
-381
-542
-621
-630
-753
-987
-1207
-1401
-1470
-1209
-707
-234
145
415
583
842
1300
1870
2473
2898
2788
2242
1887
1828
1584
1156
877
707
467
12
-647
-1005
-746
-459
-495
-362
-93
-175
-262
85
526
861
1232
1499
1590
1598
1405
1130
1090
1081
799
428
62
-440
-936
-1301
-1620
-1787
-1864
-2067
-2146
-2035
-2068
-2048
-1693
-1419
-1357
-1038
-625
-553
-482
-267
-289
-396
-348
-379
-491
-488
-505
-680
-881
-1008
-1140
-1199
-1005
-624
-248
51
319
534
721
1103
1654
2136
2543
2686
2305
1887
1867
1802
1448
1212
1094
787
384
-43
-421
-396
-150
-149
-143
77
99
-65
47
381
669
952
1230
1409
1477
1380
1186
1114
1119
1027
847
535
58
-404
-838
-1250
-1416
-1477
-1741
-1966
-1987
-2099
-2172
-1919
-1685
-1654
-1445
-1131
-1024
-898
-687
-654
-716
-705
-707
-711
-625
-586
-696
-838
-979
-1113
-1114
-974
-709
-306
38
230
393
547
785
1228
1760
2215
2442
2309
2017
1897
1811
1594
1477
1457
1277
958
548
125
10
134
119
91
253
296
134
131
333
512
678
909
1124
1228
1184
1060
944
843
794
754
554
233
-112
-594
-1062
-1224
-1291
-1529
-1694
-1733
-1926
-2097
-1995
-1909
-1920
-1759
-1539
-1467
-1375
-1221
-1172
-1168
-1116
-1074
-968
-735
-583
-623
-735
-848
-927
-899
-759
-525
-233
10
115
182
332
531
849
1312
1679
1868
1933
1869
1809
1818
1778
1717
1753
1762
1569
1273
1013
795
694
694
681
679
667
529
351
323
423
514
614
752
820
762
679
635
594
561
556
496
311
82
-196
-544
-787
-901
-1077
-1285
-1394
-1510
-1686
-1779
-1788
-1812
-1803
-1727
-1664
-1620
-1559
-1487
-1402
-1331
-1271
-1178
-1054
-910
-775
-698
-667
-646
-607
-541
-451
-301
-136
-6
105
202
292
403
576
818
1026
1152
1258
1349
1409
1442
1472
1538
1641
1726
1731
1662
1569
1443
1307
1236
1202
1119
981
837
715
615
526
453
408
376
316
230
186
179
171
167
149
85
0
-79
-169
-270
-383
-529
-706
-865
-995
-1127
-1248
-1349
-1467
-1590
-1675
-1725
-1756
-1781
-1770
-1724
-1668
-1590
-1487
-1374
-1236
-1067
-888
-710
-564
-461
-377
-294
-211
-126
-28
63
126
167
207
254
335
435
529
641
756
842
933
1065
1219
1356
1487
1620
1720
1775
1790
1770
1732
1673
1582
1463
1318
1171
1038
908
797
706
622
533
429
315
221
167
143
118
80
34
-17
-71
-116
-161
-235
-347
-471
-587
-698
-816
-945
-1092
-1255
-1412
-1544
-1643
-1724
-1790
-1832
-1860
-1864
-1829
-1766
-1677
-1561
-1429
-1279
-1132
-994
-860
-735
-614
-510
-410
-284
-164
-77
-6
60
143
239
337
445
548
641
719
813
958
1108
1238
1392
1551
1676
1765
1827
1886
1934
1938
1888
1787
1666
1555
1447
1340
1233
1120
997
854
701
557
432
332
243
157
72
-3
-56
-82
-103
-129
-176
-245
-332
-435
-547
-674
-817
-978
-1155
-1322
-1488
-1658
-1801
-1907
-1989
-2046
-2068
-2062
-2033
-1980
-1891
-1771
-1623
-1471
-1318
-1154
-1004
-871
-742
-601
-454
-313
-179
-46
68
175
284
384
497
607
705
808
913
1022
1136
1259
1404
1545
1656
1756
1841
1923
1994
2018
1989
1914
1810
1699
1588
1483
1379
1246
1092
933
780
653
542
432
324
214
110
27
-28
-68
-112
-167
-235
-325
-422
-519
-630
-763
-907
-1058
-1201
-1346
-1499
-1643
-1768
-1871
-1945
-1988
-2007
-2012
-1995
-1954
-1885
-1789
-1680
-1552
-1399
-1233
-1079
-936
-780
-629
-496
-360
-217
-74
67
198
321
431
532
637
749
870
984
1079
1185
1308
1427
1528
1610
1690
1774
1847
1897
1911
1892
1834
1744
1656
1566
1465
1358
1245
1110
965
835
729
633
533
417
301
193
106
31
-30
-85
-152
-239
-329
-419
-521
-642
-769
-891
-1007
-1119
-1236
-1360
-1483
-1595
-1673
-1709
-1728
-1744
-1761
-1775
-1774
-1751
-1706
-1646
-1562
-1458
-1353
-1246
-1118
-979
-844
-718
-585
-430
-266
-105
41
168
279
392
521
662
794
903
995
1098
1210
1317
1405
1474
1536
1592
1635
1666
1685
1677
1637
1586
1530
1469
1400
1329
1247
1145
1042
951
872
794
701
582
451
329
228
149
82
13
-74
-179
-286
-386
-490
-603
-716
-830
-943
-1052
-1161
-1269
-1373
-1458
-1518
-1553
-1570
-1586
-1611
-1635
-1649
-1656
-1645
-1612
-1561
-1500
-1429
-1334
-1207
-1061
-910
-766
-620
-454
-277
-102
66
212
335
453
572
693
806
914
1022
1126
1224
1311
1383
1446
1500
1544
1577
1602
1614
1605
1575
1534
1490
1430
1360
1287
1209
1117
1023
938
855
768
668
550
422
298
190
98
24
-45
-121
-206
-301
-401
-502
-600
-697
-794
-893
-995
-1102
-1208
-1304
-1384
-1445
-1485
-1509
-1534
-1560
-1584
-1612
-1629
-1630
-1610
-1567
-1509
-1433
-1333
-1205
-1062
-914
-753
-578
-397
-215
-37
120
254
376
491
603
714
820
924
1026
1119
1196
1262
1317
1363
1395
1418
1434
1438
1432
1420
1401
1378
1351
1315
1268
1208
1135
1061
985
909
825
730
618
491
358
233
120
23
-64
-148
-236
-327
-425
-522
-609
-692
-775
-853
-929
-1014
-1095
-1162
-1216
-1262
-1297
-1327
-1351
-1371
-1385
-1394
-1406
-1421
-1432
-1434
-1422
-1385
-1311
-1202
-1069
-925
-772
-606
-426
-238
-52
133
305
459
605
738
854
958
1054
1140
1223
1297
1350
1382
1393
1386
1372
1352
1330
1297
1261
1229
1196
1174
1158
1136
1103
1051
986
915
844
772
698
612
506
386
260
135
18
-87
-183
-279
-382
-488
-602
-712
-808
-896
-972
-1041
-1105
-1171
-1225
-1262
-1288
-1304
-1315
-1325
-1334
-1337
-1333
-1331
-1331
-1336
-1343
-1346
-1334
-1299
-1229
-1133
-1021
-899
-765
-611
-444
-266
-81
100
276
447
613
771
916
1039
1150
1251
1340
1417
1473
1505
1512
1495
1468
1428
1378
1329
1279
1232
1195
1168
1143
1117
1077
1022
953
881
814
753
689
610
516
415
310
200
92
-8
-109
-214
-319
-433
-548
-664
-774
-874
-963
-1044
-1120
-1185
-1233
-1270
-1298
-1318
-1328
-1342
-1351
-1347
-1336
-1323
-1307
-1291
-1278
-1264
-1242
-1200
-1137
-1054
-953
-841
-718
-587
-450
-307
-156
-2
160
326
487
646
795
928
1050
1166
1277
1367
1430
1475
1501
1507
1495
1466
1421
1368
1311
1252
1202
1162
1123
1079
1023
951
867
783
703
629
555
479
397
310
221
130
43
-44
-132
-225
-324
-430
-537
-641
-745
-842
-935
-1021
-1106
-1174
-1226
-1271
-1304
-1326
-1343
-1360
-1367
-1363
-1347
-1325
-1296
-1260
-1219
-1176
-1122
-1059
-987
-904
-811
-701
-582
-461
-340
-218
-94
34
167
306
449
588
723
855
984
1101
1205
1290
1351
1403
1448
1483
1506
1505
1486
1457
1416
1374
1334
1293
1245
1183
1109
1025
929
832
737
639
545
455
367
285
198
112
31
-52
-137
-222
-311
-397
-479
-561
-639
-719
-806
-895
-982
-1059
-1127
-1189
-1244
-1294
-1345
-1389
-1420
-1437
-1439
-1430
-1411
-1380
-1337
-1282
-1218
-1147
-1070
-986
-892
-786
-672
-556
-439
-326
-214
-99
20
133
248
371
498
631
762
887
989
1074
1150
1220
1284
1342
1386
1415
1431
1426
1409
1390
1370
1344
1305
1254
1187
1110
1031
945
842
727
611
502
404
315
235
161
84
6
-71
-142
-216
-289
-355
-414
-473
-539
-612
-691
-771
-844
-909
-969
-1027
-1083
-1138
-1187
-1225
-1254
-1273
-1278
-1273
-1254
-1219
-1170
-1112
-1044
-967
-886
-798
-699
-597
-497
-399
-304
-211
-120
-30
64
155
244
340
448
560
669
761
845
923
992
1059
1118
1166
1209
1243
1268
1281
1278
1266
1243
1198
1137
1070
993
914
829
733
629
525
426
337
257
185
121
57
-5
-63
-119
-176
-235
-296
-353
-408
-468
-534
-604
-675
-750
-821
-888
-956
-1021
-1082
-1130
-1165
-1188
-1202
-1206
-1198
-1177
-1140
-1087
-1023
-950
-869
-783
-695
-607
-520
-432
-343
-255
-170
-86
-9
66
145
224
310
405
500
597
691
783
869
949
1022
1087
1152
1211
1259
1297
1327
1342
1334
1302
1248
1176
1086
992
895
789
678
568
456
350
251
160
87
24
-31
-79
-120
-163
-213
-263
-310
-359
-412
-467
-524
-585
-650
-725
-800
-879
-961
-1038
-1108
-1168
-1217
-1255
-1278
-1289
-1291
-1271
-1229
-1169
-1092
-998
-894
-785
-669
-551
-436
-328
-226
-129
-35
50
125
192
254
314
371
428
485
540
600
669
742
812
882
953
1022
1086
1149
1213
1270
1315
1345
1351
1330
1287
1221
1140
1048
944
833
720
602
487
370
258
152
48
-46
-121
-189
-247
-297
-340
-376
-408
-439
-467
-493
-523
-556
-593
-640
-701
-771
-846
-922
-999
-1070
-1139
-1199
-1246
-1279
-1297
-1296
-1275
-1232
-1168
-1083
-980
-863
-737
-605
-468
-332
-200
-75
46
159
256
339
408
469
516
553
585
618
655
696
741
788
832
874
919
967
1018
1067
1111
1146
1169
1180
1177
1156
1119
1065
1001
923
832
734
627
517
400
276
150
26
-91
-195
-288
-364
-426
-475
-512
-538
-560
-576
-587
-595
-601
-610
-629
-658
-696
-741
-792
-851
-908
-964
-1014
-1055
-1086
-1107
-1114
-1108
-1086
-1044
-984
-906
-811
-700
-577
-448
-318
-193
-75
39
145
245
336
415
481
537
583
622
655
687
719
756
794
832
870
904
937
966
991
1013
1024
1032
1034
1025
1010
984
940
884
817
738
649
556
454
345
232
117
1
-113
-214
-302
-381
-442
-485
-518
-543
-561
-579
-598
-616
-636
-658
-684
-715
-750
-790
-832
-876
-916
-948
-972
-992
-999
-993
-977
-948
-909
-853
-785
-706
-612
-502
-388
-268
-148
-29
85
191
291
381
457
515
562
603
634
657
677
696
712
728
750
771
792
811
832
854
872
886
892
888
873
854
825
787
742
685
619
543
456
360
263
169
76
-14
-95
-170
-240
-300
-352
-398
-434
-464
-488
-506
-522
-537
-558
-579
-603
-630
-654
-678
-704
-724
-742
-759
-773
-784
-794
-800
-799
-788
-769
-737
-693
-639
-572
-493
-406
-307
-204
-105
-5
94
188
268
332
385
423
450
477
498
518
535
551
568
586
606
624
641
657
668
676
682
684
678
671
659
634
599
557
512
461
407
348
288
222
157
91
23
-42
-105
-159
-204
-236
-261
-280
-294
-305
-317
-326
-336
-348
-357
-364
-373
-389
-405
-427
-450
-472
-488
-496
-497
-492
-483
-467
-449
-430
-404
-374
-340
-302
-261
-213
-166
-120
-74
-31
11
52
89
124
159
195
227
259
289
315
342
367
390
413
432
448
460
463
460
446
427
407
387
367
347
326
306
286
261
233
197
156
112
64
18
-24
-64
-102
-138
-174
-204
-227
-249
-266
-278
-290
-298
-306
-315
-325
-339
-357
-375
-392
-403
-410
-413
-410
-405
-397
-386
-376
-364
-349
-330
-305
-276
-242
-207
-167
-124
-78
-30
19
70
119
169
213
253
286
317
344
368
394
423
455
485
514
540
559
569
570
566
551
527
497
463
427
391
351
309
269
229
191
154
115
70
24
-24
-77
-129
-181
-230
-277
-323
-360
-392
-417
-434
-445
-451
-454
-457
-461
-469
-474
-477
-477
-469
-453
-433
-406
-373
-336
-302
-268
-236
-204
-177
-149
-123
-99
-75
-55
-31
0
36
73
116
166
215
262
306
343
372
398
421
439
452
466
480
498
516
527
532
536
537
531
519
496
462
417
368
316
261
204
149
98
54
10
-34
-75
-118
-165
-218
-267
-311
-357
-393
-428
-464
-491
-511
-529
-537
-543
-540
-536
-536
-541
-551
-559
-560
-559
-551
-534
-511
-478
-435
-388
-338
-284
-223
-164
-110
-62
-19
19
56
93
130
170
210
255
305
354
403
453
502
546
581
613
639
658
675
692
708
724
738
751
758
759
749
730
699
656
602
542
480
412
342
272
202
129
61
-3
-66
-128
-189
-251
-317
-382
-451
-519
-586
-647
-701
-746
-782
-810
-831
-847
-861
-871
-877
-884
-885
-883
-875
-857
-831
-797
-749
-695
-629
-558
-481
-394
-312
-235
-165
-105
-54
-8
39
84
131
179
230
284
341
402
466
529
593
651
702
748
787
821
856
889
922
953
980
1002
1017
1023
1019
1001
970
924
865
798
723
639
552
466
383
302
223
149
76
-1
-81
-166
-254
-341
-425
-507
-585
-660
-728
-786
-841
-887
-921
-945
-960
-970
-983
-1001
-1017
-1027
-1028
-1016
-992
-955
-908
-850
-791
-727
-656
-579
-496
-415
-338
-271
-208
-147
-88
-31
29
91
161
240
319
399
483
562
635
701
760
809
851
889
921
950
977
1002
1020
1034
1042
1039
1027
1007
974
930
879
817
750
679
602
522
443
365
290
213
139
64
-14
-94
-174
-261
-349
-434
-516
-593
-663
-726
-783
-832
-875
-916
-947
-973
-991
-1006
-1015
-1017
-1014
-1004
-984
-956
-920
-873
-816
-749
-677
-601
-527
-454
-381
-313
-250
-189
-130
-71
-12
48
106
163
222
283
340
399
456
509
561
607
646
683
719
751
781
808
835
860
882
899
905
903
892
875
846
811
769
719
666
609
548
484
420
354
288
220
149
75
0
-76
-154
-229
-300
-368
-434
-488
-536
-582
-622
-657
-684
-708
-729
-747
-761
-770
-773
-770
-764
-752
-737
-716
-690
-659
-626
-584
-537
-486
-435
-384
-331
-280
-228
-177
-124
-68
-15
39
91
141
188
235
278
320
358
395
433
469
502
532
559
585
610
632
652
665
674
675
671
663
648
626
599
569
535
499
457
412
362
309
251
188
126
59
-5
-68
-129
-186
-243
-293
-340
-385
-422
-454
-483
-503
-523
-537
-548
-558
-563
-566
-567
-565
-561
-551
-535
-513
-489
-460
-432
-400
-368
-336
-302
-266
-227
-185
-141
-96
-52
-11
26
60
94
129
161
191
220
246
270
290
313
338
361
382
402
422
444
464
481
492
499
503
505
505
502
493
480
466
444
420
392
358
322
281
237
189
137
84
29
-25
-79
-131
-182
-227
-268
-302
-333
-359
-381
-404
-423
-442
-456
-465
-469
-472
-474
-477
-475
-470
-463
-452
-441
-426
-410
-391
-370
-347
-319
-292
-263
-234
-199
-161
-122
-82
-41
-4
36
76
114
151
182
209
237
265
292
318
340
360
379
398
418
437
456
471
483
493
499
500
499
495
485
474
457
437
414
387
358
323
284
243
196
143
88
33
-22
-77
-129
-179
-225
-267
-305
-339
-370
-398
-421
-442
-459
-470
-478
-483
-487
-489
-489
-487
-478
-467
-454
-440
-423
-404
-383
-363
-339
-316
-288
-256
-217
-178
-139
-100
-61
-23
16
56
97
136
172
205
236
266
293
317
340
360
382
403
423
443
459
469
480
487
492
495
496
495
490
482
470
451
425
395
361
322
283
237
189
138
82
25
-32
-90
-147
-199
-249
-293
-332
-370
-404
-439
-472
-502
-529
-553
-572
-584
-592
-595
-596
-591
-582
-571
-555
-536
-516
-489
-459
-425
-391
-356
-319
-277
-231
-182
-132
-82
-28
25
77
130
179
224
272
317
362
409
454
494
530
563
594
621
645
665
681
693
698
701
695
688
677
660
640
617
590
561
526
489
446
398
347
292
233
170
103
37
-33
-103
-172
-240
-304
-366
-424
-480
-530
-574
-616
-653
-685
-711
-733
-749
-759
-767
-773
-771
-764
-754
-739
-720
-698
-675
-648
-616
-580
-538
-495
-448
-397
-343
-288
-228
-171
-113
-54
5
64
122
177
232
285
336
387
436
482
527
567
605
637
666
692
711
727
738
746
752
754
750
741
730
711
687
660
628
590
547
503
453
400
345
286
225
162
97
34
-27
-88
-149
-209
-266
-322
-371
-418
-457
-494
-526
-552
-576
-594
-605
-614
-624
-634
-637
-637
-634
-628
-618
-607
-592
-571
-548
-521
-492
-462
-427
-391
-353
-313
-269
-222
-176
-130
-83
-34
14
64
113
161
209
257
299
337
372
404
433
460
483
503
521
538
551
562
569
571
572
571
566
558
544
527
508
483
453
418
381
342
296
250
202
152
99
45
-9
-63
-116
-164
-209
-252
-291
-329
-364
-394
-421
-441
-459
-473
-485
-494
-499
-499
-499
-493
-485
-477
-467
-454
-439
-420
-401
-381
-358
-332
-306
-278
-247
-213
-179
-140
-99
-57
-17
25
65
105
145
184
220
254
282
308
333
356
377
397
413
426
437
446
452
457
459
460
459
455
444
433
416
398
376
350
325
296
264
232
196
157
116
75
33
-10
-52
-91
-127
-159
-191
-220
-245
-269
-290
-305
-320
-335
-348
-361
-371
-380
-387
-392
-395
-397
-396
-392
-387
-380
-370
-361
-347
-333
-317
-298
-276
-254
-232
-205
-177
-146
-116
-87
-56
-25
7
39
69
98
125
153
177
202
223
243
263
282
297
311
324
335
347
356
364
369
371
372
368
365
359
352
340
324
308
287
263
239
211
182
151
119
90
61
32
4
-24
-51
-74
-96
-118
-138
-157
-177
-193
-210
-224
-238
-249
-259
-269
-277
-286
-291
-296
-298
-297
-294
-292
-285
-279
-273
-263
-254
-239
-225
-208
-188
-167
-147
-124
-102
-78
-54
-30
-6
17
40
61
79
98
118
136
152
170
186
201
216
227
238
247
256
263
267
269
272
271
268
263
253
241
227
213
197
179
159
138
118
97
73
49
26
4
-18
-39
-57
-72
-87
-102
-116
-130
-143
-150
-158
-167
-174
-180
-186
-191
-196
-202
-203
-205
-203
-202
-199
-197
-192
-185
-177
-167
-155
-144
-131
-119
-103
-87
-69
-50
-35
-20
-6
10
27
40
55
69
84
98
112
123
133
145
154
164
173
182
189
194
196
197
196
195
192
187
180
171
161
150
138
125
112
95
78
61
45
29
13
-1
-16
-32
-49
-63
-78
-92
-103
-114
-124
-131
-136
-143
-147
-150
-152
-154
-157
-157
-157
-157
-155
-154
-151
-146
-140
-131
-123
-113
-105
-94
-84
-75
-64
-52
-40
-27
-16
-3
6
14
27
40
51
64
75
86
96
106
116
128
136
143
150
155
157
158
157
155
153
150
146
143
136
129
120
113
104
95
85
75
62
48
37
25
12
-1
-15
-28
-40
-50
-59
-67
-76
-83
-90
-98
-104
-110
-115
-121
-124
-127
-129
-130
-131
-132
-130
-128
-125
-120
-115
-109
-104
-96
-87
-78
-71
-64
-58
-49
-41
-32
-24
-17
-9
-3
5
13
24
34
43
54
64
74
84
93
101
106
110
113
116
119
122
123
125
123
120
117
111
108
101
94
87
81
74
67
59
51
43
34
26
17
9
1
-7
-15
-23
-29
-37
-43
-48
-56
-61
-66
-69
-71
-75
-77
-78
-77
-77
-78
-79
-79
-80
-80
-79
-79
-79
-77
-76
-75
-73
-70
-65
-61
-56
-50
-43
-38
-33
-27
-22
-15
-9
-5
3
10
16
23
29
33
38
42
46
50
52
53
55
56
58
61
61
62
62
62
61
61
57
53
50
45
40
35
32
26
22
19
15
12
8
3
-1
-4
-9
-11
-15
-21
-23
-25
-25
-26
-24
-23
-21
-19
-16
-14
-13
-12
-12
-12
-11
-10
-6
-5
-4
-5
-4
-3
-1
2
4
4
7
7
9
12
13
15
18
20
22
26
29
33
35
35
32
31
30
28
26
22
19
16
15
11
5
-1
-5
-11
-15
-18
-23
-27
-29
-30
-32
-34
-36
-40
-44
-47
-50
-54
-56
-57
-61
-61
-60
-59
-57
-54
-50
-43
-39
-33
-28
-24
-20
-17
-11
-5
0
5
10
14
18
23
27
29
33
33
34
35
36
38
37
35
33
33
31
30
29
28
27
25
25
25
26
26
26
25
24
24
24
24
22
20
16
13
9
7
2
-2
-5
-8
-11
-13
-16
-19
-21
-24
-25
-25
-27
-29
-31
-32
-32
-30
-30
-28
-27
-25
-24
-22
-18
-15
-9
-4
0
3
8
10
14
17
19
21
22
24
26
26
28
30
31
34
36
37
38
40
39
37
36
36
33
33
33
31
29
27
24
21
19
14
12
9
6
4
2
-2
-5
-9
-10
-11
-14
-16
-18
-21
-24
-28
-33
-37
-40
-42
-47
-52
-58
-64
-69
-72
-77
-80
-80
-82
-81
-80
-79
-76
-72
-68
-62
-57
-52
-44
-37
-29
-21
-14
-8
-2
2
7
12
16
20
25
30
35
41
45
51
56
58
65
68
72
74
75
76
76
74
74
74
77
77
78
77
76
75
73
70
67
65
61
58
54
51
46
41
37
29
23
15
9
4
-2
-8
-13
-20
-27
-35
-41
-48
-54
-60
-63
-67
-71
-75
-79
-82
-84
-84
-85
-83
-81
-80
-77
-75
-71
-66
-63
-58
-53
-50
-46
-41
-37
-33
-30
-28
-24
-22
-17
-14
-9
-4
0
5
10
14
18
22
26
30
35
35
37
39
41
42
45
45
46
49
51
53
53
54
53
54
53
52
53
53
51
50
48
44
40
36
32
29
25
21
17
12
6
1
-5
-12
-17
-22
-27
-33
-37
-43
-48
-52
-55
-58
-59
-61
-63
-62
-60
-57
-53
-52
-48
-46
-42
-38
-36
-32
-28
-23
-18
-13
-7
-2
4
9
14
19
24
28
34
37
41
43
48
52
55
57
57
58
59
59
59
57
56
55
55
56
58
58
57
56
55
53
51
47
43
39
34
28
21
13
7
-1
-5
-13
-16
-23
-28
-34
-39
-44
-50
-55
-63
-68
-73
-76
-80
-83
-84
-86
-86
-85
-84
-83
-81
-79
-76
-73
-69
-65
-60
-56
-51
-47
-42
-38
-35
-31
-25
-21
-15
-10
-4
2
7
11
16
22
27
31
34
39
41
43
45
47
49
50
49
50
50
52
53
54
56
56
56
56
54
53
52
51
48
46
42
40
35
31
29
26
23
20
15
11
8
4
1
-3
-7
-11
-12
-14
-14
-15
-15
-14
-14
-14
-15
-15
-15
-15
-14
-13
-13
-13
-13
-12
-12
-11
-11
-12
-12
-12
-11
-9
-6
-4
-2
-1
2
6
10
11
14
17
18
17
16
17
15
12
9
8
4
5
5
4
4
4
2
1
0
0
-3
-5
-8
-11
-15
-18
-20
-24
-26
-29
-30
-32
-34
-37
-39
-41
-42
-45
-46
-48
-49
-49
-49
-47
-46
-45
-43
-40
-35
-31
-27
-23
-18
-14
-9
-6
-2
1
3
7
11
13
14
15
18
18
20
24
28
32
35
39
44
48
51
55
56
58
57
56
55
52
48
47
45
43
41
41
41
41
41
40
38
38
37
35
34
30
27
23
19
14
8
2
-3
-8
-12
-17
-23
-28
-31
-35
-38
-41
-44
-48
-50
-51
-53
-53
-55
-55
-55
-55
-54
-52
-49
-48
-43
-40
-36
-33
-30
-26
-24
-20
-17
-14
-12
-11
-10
-8
-7
-4
-1
2
4
6
9
14
17
21
25
26
30
32
33
33
35
35
35
34
34
34
35
35
34
34
33
33
32
32
29
27
25
22
19
15
14
10
6
2
-4
-7
-11
-15
-18
-23
-26
-28
-30
-32
-32
-32
-31
-28
-27
-25
-24
-23
-22
-21
-19
-17
-14
-14
-12
-10
-9
-7
-5
-3
0
1
3
5
7
8
11
12
15
16
18
18
20
23
26
28
30
29
28
27
25
23
22
21
19
17
15
13
13
12
11
10
10
11
10
9
8
7
7
5
5
0
-1
-5
-8
-11
-15
-19
-24
-26
-31
-33
-36
-40
-43
-46
-44
-44
-44
-44
-44
-44
-44
-43
-42
-41
-41
-39
-37
-35
-34
-34
-31
-29
-26
-24
-21
-19
-18
-14
-10
-6
-1
6
12
14
18
20
25
27
30
33
35
37
37
39
39
41
39
39
39
39
40
42
44
43
44
44
46
47
47
47
46
46
45
45
44
44
41
38
35
31
29
27
23
17
13
9
4
1
-5
-7
-12
-15
-16
-19
-20
-21
-24
-25
-24
-24
-25
-27
-28
-29
-30
-30
-32
-33
-33
-34
-35
-36
-35
-33
-32
-30
-28
-25
-23
-19
-17
-15
-12
-8
-4
-3
-1
0
1
3
4
4
2
2
2
1
-1
0
1
0
0
1
3
3
4
3
1
1
1
0
-2
-3
-5
-7
-9
-13
-17
-18
-21
-23
-24
-26
-29
-31
-31
-33
-35
-34
-33
-30
-29
-29
-29
-30
-30
-27
-27
-24
-23
-22
-18
-17
-15
-14
-8
-6
-5
-2
3
8
13
20
26
33
39
45
51
56
61
65
69
73
75
77
79
80
80
80
80
79
78
76
74
72
69
67
65
62
59
56
53
49
45
41
38
32
28
24
18
12
5
-2
-11
-19
-27
-35
-43
-51
-58
-65
-70
-73
-78
-81
-83
-85
-84
-85
-85
-84
-83
-82
-81
-81
-78
-79
-78
-76
-73
-70
-67
-64
-61
-56
-50
-44
-38
-30
-24
-18
-12
-6
2
11
19
25
31
35
38
42
45
47
50
52
55
57
57
59
58
58
58
57
58
59
57
54
52
51
50
46
42
41
38
34
32
28
22
18
13
8
2
-4
-8
-14
-20
-25
-29
-33
-36
-39
-42
-41
-43
-44
-42
-41
-41
-38
-36
-34
-31
-28
-25
-24
-23
-21
-20
-22
-24
-25
-24
-23
-21
-17
-13
-9
-4
1
6
10
13
14
16
17
19
21
20
20
18
19
19
19
20
21
21
23
26
28
32
35
36
37
37
36
36
36
35
35
34
31
31
29
29
27
25
23
20
17
14
9
8
3
-2
-6
-11
-14
-19
-25
-31
-36
-41
-44
-46
-48
-50
-51
-52
-53
-52
-52
-50
-51
-51
-51
-49
-47
-47
-46
-43
-41
-41
-39
-36
-32
-29
-24
-19
-14
-8
-2
4
9
15
19
21
21
22
25
25
28
29
31
32
34
36
38
41
42
48
51
52
55
56
57
56
56
55
53
49
47
44
40
36
34
30
28
26
24
20
17
16
13
11
8
2
-2
-6
-10
-11
-14
-17
-19
-21
-23
-23
-24
-27
-28
-28
-31
-32
-32
-33
-31
-32
-33
-32
-33
-34
-36
-34
-34
-33
-30
-29
-28
-26
-23
-23
-22
-19
-16
-14
-12
-10
-10
-6
-5
-3
-1
-2
-1
1
4
5
5
10
11
12
12
11
11
12
10
8
6
6
4
2
1
-1
-3
-4
-5
-8
-10
-12
-13
-14
-15
-15
-15
-13
-13
-13
-11
-9
-8
-9
-8
-7
-5
-5
-4
-2
0
1
6
10
11
14
16
20
21
22
22
23
24
25
27
28
29
29
30
30
32
32
30
29
28
27
26
25
25
25
24
24
23
21
17
16
13
12
9
5
2
0
-1
-2
-3
-5
-7
-9
-13
-14
-17
-19
-22
-24
-25
-29
-30
-32
-34
-34
-33
-34
-34
-32
-30
-31
-30
-28
-27
-25
-22
-19
-17
-15
-12
-10
-8
-7
-8
-8
-4
-2
-2
0
2
4
8
11
15
16
16
20
20
19
21
21
22
23
22
23
21
19
17
17
16
18
16
16
16
15
13
13
12
10
9
7
4
3
2
-1
-2
-3
-6
-5
-5
-5
-5
-6
-5
-5
-5
-7
-10
-10
-12
-13
-15
-18
-17
-20
-21
-21
-22
-23
-23
-25
-25
-24
-23
-22
-19
-18
-18
-15
-11
-7
-4
-1
0
2
5
7
9
11
11
11
13
14
14
15
14
13
13
11
12
12
11
9
11
10
12
15
16
16
16
18
19
20
21
19
18
17
16
12
12
8
5
3
-1
-4
-8
-11
-14
-15
-16
-17
-19
-19
-19
-18
-18
-18
-20
-19
-21
-22
-22
-21
-19
-19
-18
-16
-15
-15
-14
-12
-11
-8
-5
-3
0
2
1
2
3
3
3
4
6
7
6
7
8
10
10
11
12
15
18
21
22
24
26
26
27
27
28
28
27
26
23
20
20
20
19
19
18
17
16
15
13
11
11
10
8
7
6
4
0
-3
-7
-10
-12
-16
-19
-22
-24
-25
-26
-24
-24
-24
-24
-25
-24
-24
-23
-25
-27
-26
-26
-27
-25
-24
-23
-22
-21
-18
-18
-15
-11
-8
-8
-5
-2
1
2
2
4
5
3
3
3
1
0
-1
-1
-1
-1
-2
0
-1
0
3
3
5
7
6
6
7
6
6
7
6
6
6
6
7
8
10
9
9
10
8
7
6
5
5
4
4
2
2
0
0
0
0
-2
-2
0
1
2
4
6
7
9
12
14
16
17
19
18
18
19
22
21
20
21
21
19
18
17
16
15
13
12
10
8
5
3
-1
-3
-3
-3
-4
-5
-5
-4
-4
-3
-1
-1
-1
-2
-3
-2
-3
-4
-4
-5
-7
-10
-13
-16
-17
-19
-18
-16
-17
-15
-14
-12
-10
-8
-7
-7
-7
-7
-7
-9
-10
-13
-16
-18
-18
-21
-21
-22
-23
-23
-22
-22
-22
-22
-20
-19
-18
-17
-13
-12
-14
-13
-10
-11
-9
-8
-8
-7
-5
-2
0
3
5
6
8
11
12
14
17
19
22
24
25
25
25
26
25
24
23
22
20
20
18
16
16
16
17
18
17
18
16
17
16
14
12
12
11
10
9
7
8
7
6
5
4
4
4
2
0
0
-1
-2
-3
-3
-5
-7
-8
-9
-8
-9
-6
-5
-3
-2
-1
0
2
0
-1
0
0
0
1
2
0
0
-1
-3
-6
-8
-10
-11
-10
-9
-8
-8
-7
-9
-9
-9
-9
-9
-9
-10
-11
-12
-13
-12
-13
-14
-13
-12
-13
-11
-12
-10
-8
-8
-6
-7
-6
-7
-7
-8
-8
-8
-8
-9
-11
-8
-10
-11
-11
-10
-9
-7
-4
0
3
5
5
7
8
9
11
12
12
13
13
13
13
13
11
11
11
12
14
15
16
17
18
19
19
20
21
21
22
23
22
22
22
22
19
16
13
11
11
8
8
7
6
6
5
4
3
2
-1
-3
-2
-1
0
-1
-3
-2
-2
-3
-3
-2
-1
0
-2
-5
-6
-8
-9
-11
-14
-13
-14
-16
-16
-15
-16
-18
-18
-16
-16
-16
-15
-15
-18
-19
-21
-20
-20
-21
-22
-23
-24
-25
-24
-25
-24
-24
-23
-19
-18
-16
-14
-13
-11
-9
-6
-4
-1
1
1
3
3
4
4
5
6
5
8
8
7
9
9
10
12
13
16
15
17
19
22
22
22
22
22
20
19
20
19
18
17
17
17
16
14
12
10
9
9
8
6
5
3
5
5
5
6
5
4
2
1
1
0
0
0
0
2
4
4
4
4
5
7
9
9
9
8
5
4
3
2
1
-2
-2
-4
-3
-2
0
0
1
1
3
4
4
4
4
5
6
3
3
0
-4
-5
-6
-6
-4
-4
-5
-7
-10
-12
-14
-16
-17
-17
-18
-18
-19
-20
-21
-21
-21
-19
-19
-17
-17
-17
-16
-15
-13
-12
-13
-13
-13
-11
-10
-9
-11
-12
-13
-13
-12
-12
-13
-11
-11
-9
-10
-10
-10
-10
-8
-7
-4
0
2
4
5
6
8
10
12
14
13
14
14
15
14
13
14
16
18
19
22
24
25
26
28
28
27
26
25
24
21
21
19
18
18
17
15
14
13
12
10
8
7
7
7
3
4
3
3
3
4
2
1
1
-1
-2
-3
-2
-4
-5
-7
-7
-8
-12
-13
-14
-16
-16
-16
-17
-17
-18
-18
-20
-20
-18
-18
-16
-17
-15
-11
-9
-7
-5
-5
-5
-5
-3
-4
-5
-8
-8
-7
-6
-6
-6
-5
-4
-4
-3
-5
-6
-7
-8
-7
-7
-6
-3
-2
0
2
3
5
8
8
8
10
12
13
13
