-5
-5
-4
-3
-3
-2
-2
-1
0
0
0
1
2
-1
-2
-1
-1
-1
1
1
0
-1
0
0
-1
0
0
-1
-1
-2
-1
-1
-1
0
2
3
3
3
4
4
4
6
6
4
4
7
7
7
8
7
9
8
10
10
13
12
13
12
13
13
12
15
13
13
11
11
11
10
9
9
9
7
5
3
3
4
4
2
2
2
2
1
1
-1
0
0
-2
-2
-4
-6
-6
-8
-8
-8
-9
-11
-12
-12
-13
-14
-14
-13
-14
-13
-13
-12
-11
-11
-12
-11
-13
-11
-10
-9
-7
-7
-7
-6
-6
-5
-5
-4
-5
-4
-3
-1
-2
-2
-1
-2
-1
-1
-2
-4
-2
-2
-1
-1
-1
-3
-2
-5
-4
-5
-3
-3
-3
-2
-4
-4
-2
0
0
2
2
3
2
3
4
4
6
5
6
5
6
6
6
5
5
5
5
5
4
3
2
2
2
2
2
3
4
4
4
6
6
7
8
7
6
7
6
7
6
7
7
8
9
9
9
9
11
10
11
10
10
9
8
8
8
7
8
6
6
6
5
5
5
5
5
4
3
1
1
-1
-1
-2
0
0
-2
-4
-5
-6
-6
-7
-9
-9
-10
-12
-12
-14
-13
-14
-15
-16
-16
-17
-16
-16
-15
-13
-13
-12
-12
-11
-11
-10
-9
-8
-7
-6
-7
-7
-7
-6
-4
-5
-6
-4
-3
-3
-3
-4
-3
-3
-2
-1
-1
-1
0
1
2
3
4
5
7
7
8
9
8
9
9
9
9
11
10
10
11
11
10
11
13
13
14
14
13
12
10
9
9
8
5
3
2
0
1
1
0
2
2
3
2
1
1
1
0
-1
-3
-4
-4
-4
-6
-7
-6
-6
-5
-5
-5
-4
-4
-5
-6
-5
-4
-4
-4
-3
-3
-3
-3
-3
-2
-1
0
-1
-3
-3
-5
-3
-3
-2
-2
-3
-3
-2
-3
-3
-3
-3
-2
-1
-2
-3
-3
-3
-2
-2
-2
-3
-2
-3
-3
-3
-4
-4
-3
-2
-1
0
-1
1
1
2
3
3
6
6
9
11
12
12
12
11
11
9
11
10
8
7
6
6
5
3
2
1
1
0
-1
-2
-2
-3
-4
-3
-3
-3
-2
-3
-2
-4
-4
-4
-4
-5
-4
-4
-4
-3
-5
-4
-3
-4
-3
-3
-3
-3
-2
-2
-2
-2
-2
-1
-1
0
-1
0
1
2
3
2
3
3
2
0
0
0
-1
-3
-2
-3
-3
-2
-3
-5
-4
-2
-1
0
0
0
1
2
3
2
2
3
3
4
4
5
4
3
5
5
6
5
4
3
3
3
2
2
1
2
3
3
2
2
2
3
2
4
4
3
2
1
0
0
-2
-3
-3
-4
-4
-5
-4
-4
-5
-5
-3
-3
-2
-1
1
0
1
2
3
4
4
2
2
1
0
1
1
-1
-3
-5
-6
-7
-9
-10
-10
-10
-9
-9
-9
-8
-7
-6
-5
-4
-4
-3
-1
0
0
1
1
0
0
0
1
-1
-1
-1
-2
-2
-1
-1
-1
-1
-1
-1
-1
-2
-1
0
0
2
2
2
3
4
4
3
1
-1
-1
-1
-1
-1
0
-1
0
0
0
1
1
1
1
1
2
2
4
6
5
5
6
5
5
6
5
7
8
8
9
8
8
7
6
8
9
8
8
8
8
8
8
7
6
4
4
4
4
4
4
5
5
5
7
7
7
6
6
5
5
5
4
5
5
5
3
3
4
2
3
2
1
1
-2
-2
-3
-3
-4
-6
-6
-9
-10
-11
-12
-12
-11
-13
-11
-10
-10
-9
-9
-7
-9
-9
-10
-10
-9
-10
-11
-8
-8
-7
-7
-8
-8
-7
-7
-7
-6
-6
-5
-5
-6
-7
-8
-8
-9
-9
-10
-10
-9
-7
-7
-6
-5
-3
-3
-4
-2
-1
-2
-2
-2
-1
-1
0
1
3
2
3
3
5
4
3
4
2
1
0
0
0
-1
-1
-1
-1
-1
0
0
0
1
3
5
6
7
8
9
10
11
11
11
10
9
10
11
11
10
12
12
13
14
15
14
13
12
12
12
12
10
10
9
8
9
9
9
9
9
8
7
9
9
9
8
8
8
7
7
7
8
8
8
8
8
6
6
6
5
5
6
6
5
3
2
0
2
1
-2
-4
-6
-8
-10
-12
-13
-14
-16
-17
-19
-19
-21
-22
-22
-22
-22
-22
-20
-20
-19
-19
-17
-16
-16
-15
-13
-14
-14
-13
-13
-12
-11
-10
-10
-10
-10
-11
-11
-12
-12
-11
-10
-10
-9
-7
-6
-5
-6
-3
-2
-2
-1
0
2
1
1
3
3
5
6
6
6
7
8
8
7
6
5
4
3
2
1
3
4
4
2
3
2
5
6
8
8
9
9
8
8
8
9
9
9
9
10
10
8
8
10
10
10
11
10
11
9
9
9
8
6
5
6
6
6
7
7
7
7
8
9
10
10
11
11
10
11
11
12
11
10
9
7
8
8
7
7
4
4
1
2
2
2
2
2
3
2
2
2
1
0
0
0
-1
-3
-4
-6
-5
-7
-8
-8
-8
-8
-8
-8
-9
-10
-11
-10
-10
-12
-13
-13
-14
-14
-14
-14
-14
-15
-15
-16
-18
-19
-19
-20
-19
-19
-19
-19
-18
-18
-17
-15
-13
-12
-11
-10
-9
-8
-7
-7
-7
-6
-4
-3
-2
-1
0
3
5
4
4
6
7
8
7
8
9
9
10
12
14
13
13
14
13
15
15
15
15
13
14
13
13
12
10
9
8
6
5
4
4
3
2
1
-1
-2
-3
-3
-4
-3
-3
-1
0
2
2
2
2
2
2
2
1
0
1
2
0
-1
-1
0
-1
-2
-2
-2
-3
-3
-3
-3
-4
-4
-5
-6
-7
-5
-6
-6
-4
-3
-3
-1
0
0
2
4
6
7
8
7
8
10
10
11
11
12
12
11
11
12
11
10
9
9
7
7
5
5
5
2
1
0
-1
-3
-5
-6
-7
-8
-10
-11
-11
-12
-12
-13
-13
-12
-11
-10
-9
-8
-6
-6
-5
-5
-5
-5
-3
-2
-4
-4
-3
-2
-1
-2
-2
0
2
0
3
3
5
5
8
9
8
7
5
6
7
5
7
7
7
5
6
5
3
5
4
3
2
1
0
0
0
-1
-2
-2
-3
-5
-7
-7
-9
-6
-6
-7
-8
-7
-7
-8
-9
-9
-10
-10
-11
-11
-12
-12
-11
-11
-9
-7
-10
-10
-9
-9
-9
-8
-7
-5
-4
-5
-5
-3
-4
-3
-4
-3
-2
-1
1
1
2
3
4
5
6
7
6
6
6
5
7
7
9
11
10
11
10
11
10
9
11
9
9
8
7
8
7
7
8
10
11
11
12
11
10
11
10
12
12
10
11
9
8
7
8
8
8
10
9
6
6
5
3
3
2
3
3
4
4
2
1
1
0
0
-1
-2
-1
-2
-5
-6
-7
-9
-10
-11
-12
-13
-14
-15
-14
-15
-15
-13
-13
-13
-13
-14
-13
-12
-12
-12
-11
-10
-10
-10
-11
-10
-10
-8
-9
-9
-7
-6
-3
-1
0
1
2
4
4
5
5
6
7
7
6
6
4
5
6
7
8
9
10
12
12
12
12
13
13
12
10
11
9
5
5
3
2
-1
-3
-4
-6
-8
-10
-11
-12
-14
-13
-15
-17
-17
-17
-17
-16
-15
-15
-16
-15
-14
-12
-10
-10
-8
-5
-4
-2
1
2
3
4
4
4
6
6
7
9
10
12
11
13
13
14
13
12
11
9
8
6
5
4
4
4
5
6
7
7
8
9
10
10
10
10
9
8
8
7
6
4
2
0
0
-2
-3
-4
-5
-4
-5
-7
-7
-7
-8
-8
-8
-8
-6
-4
-3
-3
-2
-2
-2
-2
-2
-2
-1
-1
0
1
2
1
1
2
4
4
5
6
7
8
7
7
8
9
9
9
9
10
8
7
9
10
9
10
10
11
11
10
9
9
9
6
5
3
0
-1
-5
-6
-9
-12
-13
-15
-18
-20
-21
-23
-25
-29
-31
-32
-32
-30
-28
-25
-22
-17
-14
-11
-9
-8
-6
-4
-2
0
0
0
3
2
2
4
5
7
8
8
10
11
9
10
8
6
6
5
5
5
4
5
5
3
3
2
2
1
1
1
1
2
4
5
5
7
7
8
10
10
10
12
11
11
10
10
8
6
4
3
2
1
0
1
0
0
0
0
0
0
0
0
0
-1
-2
-2
-3
-3
-4
-5
-5
-7
-9
-8
-10
-10
-10
-8
-8
-8
-7
-7
-3
-3
0
3
7
9
12
14
15
17
18
18
19
18
19
18
16
16
15
13
12
11
9
6
6
3
3
1
0
1
-2
-4
-4
-6
-7
-8
-10
-12
-13
-12
-14
-15
-16
-16
-17
-17
-18
-17
-15
-14
-13
-13
-12
-10
-9
-9
-8
-9
-8
-6
-7
-7
-8
-8
-7
-7
-7
-8
-8
-8
-8
-7
-4
-3
-3
-1
-1
0
2
4
6
8
8
8
10
10
11
10
12
11
12
12
11
10
9
9
7
7
6
4
3
2
2
1
2
2
1
1
0
-1
-1
-2
-4
-2
-3
-3
-2
-3
-4
-4
-5
-6
-7
-7
-6
-7
-7
-6
-5
-5
-5
-3
-3
-2
-2
-2
-1
-1
-1
0
1
2
2
5
7
9
10
12
14
16
16
17
17
16
16
15
14
14
14
15
14
14
14
13
12
11
12
11
10
9
7
6
5
5
5
3
1
1
0
-1
-1
-1
-1
-2
-1
-3
-2
-4
-4
-5
-6
-7
-8
-8
-8
-9
-9
-10
-12
-12
-13
-15
-17
-18
-17
-19
-18
-17
-15
-13
-11
-10
-10
-9
-6
-4
-3
-3
-4
-2
-3
-4
-5
-7
-6
-7
-7
-8
-8
-8
-10
-11
-13
-15
-14
-15
-15
-15
-15
-13
-13
-14
-11
-11
-9
-7
-6
-4
-1
0
1
3
5
5
7
6
7
9
8
10
10
11
11
12
12
13
14
15
15
15
16
16
17
17
17
16
16
15
16
14
15
14
14
15
14
13
9
8
6
6
7
7
7
8
9
8
7
7
7
6
6
4
3
1
1
0
0
-1
-1
-1
0
1
1
0
0
1
1
1
1
3
3
1
1
1
0
-1
-1
-3
-4
-4
-3
-5
-5
-5
-6
-8
-9
-9
-10
-10
-10
-10
-10
-12
-14
-13
-15
-14
-13
-13
-13
-14
-14
-14
-16
-15
-13
-13
-14
-11
-11
-11
-11
-9
-9
-9
-10
-11
-11
-10
-10
-11
-9
-10
-9
-6
-7
-6
-3
-2
-1
2
4
5
5
3
3
3
5
5
6
6
7
6
7
8
7
8
8
9
12
11
13
14
15
17
16
16
17
16
17
17
16
16
15
14
13
12
10
8
8
6
5
6
5
4
5
5
5
6
5
5
6
5
6
6
5
5
5
4
6
4
4
3
2
2
1
0
-1
-2
-1
-2
-1
-1
0
0
-2
-2
-4
-4
-5
-6
-7
-9
-10
-10
-12
-13
-12
-11
-11
-10
-11
-12
-11
-12
-11
-12
-12
-13
-12
-12
-13
-14
-14
-13
-15
-15
-15
-14
-14
-12
-11
-9
-8
-8
-7
-6
-6
-6
-5
-3
-2
-3
-2
-1
-2
-1
0
0
0
1
1
2
4
5
6
8
8
10
10
10
10
11
11
11
10
12
12
12
12
13
14
14
15
15
15
15
15
14
14
13
11
10
10
10
10
9
7
7
7
6
5
5
3
2
2
1
2
1
0
1
-1
-3
-5
-9
-11
-13
-14
-14
-13
-12
-10
-9
-8
-6
-5
-4
-2
-2
-4
-7
-6
-8
-10
-9
-11
-11
-10
-9
-9
-8
-8
-7
-4
-2
-2
-1
-1
2
0
0
0
1
2
3
4
6
7
7
9
8
10
9
11
9
8
8
5
5
3
3
3
3
3
1
1
0
0
1
2
2
3
4
4
1
0
-2
-3
-4
-5
-5
-5
-5
-5
-6
-3
-3
-3
-3
-4
-4
-6
-5
-8
-10
-10
-12
-12
-12
-12
-13
-11
-10
-8
-7
-5
-6
-5
-4
-2
-1
1
1
2
6
7
7
6
8
6
6
6
4
2
0
1
3
3
4
5
3
3
5
4
5
5
6
8
7
6
6
5
6
6
7
6
4
8
6
5
7
4
7
6
6
4
7
12
12
12
12
13
9
6
7
7
8
5
8
7
3
2
-1
-1
-5
-9
-8
-13
-13
-11
-13
-11
-12
-7
-7
-8
-6
-6
-10
-7
-9
-10
-9
-10
-6
-6
-4
-4
-3
1
3
5
5
4
1
-2
-3
-1
0
0
3
7
3
1
3
7
10
10
12
7
3
-2
-4
3
-1
-7
-9
-6
-8
-18
-15
-18
-15
-4
0
1
-4
1
0
-2
-4
-5
2
3
0
-1
-2
-9
-13
-2
2
-7
-4
-1
9
0
-7
-9
-17
-19
-15
-9
-6
-1
12
13
-1
2
-2
-12
-1
3
-7
-6
-12
-14
-16
-17
-15
-23
-10
-3
-11
-10
-9
-15
-10
-13
-13
-1
9
4
1
8
-1
-7
7
10
5
7
14
12
-1
11
14
12
27
27
24
14
12
19
24
32
39
34
35
41
24
26
26
10
19
17
15
4
4
22
-2
2
13
-10
6
16
26
14
24
28
9
19
6
-6
-7
8
15
5
7
-8
-21
-5
-17
-7
1
-10
-5
-10
-6
-28
-34
-10
-14
-18
-16
-39
-32
-11
-12
-7
-7
-7
-5
-3
-2
-9
-8
3
-3
-6
-2
-18
-16
4
10
-5
-13
-10
-22
11
26
15
22
10
11
-5
-14
2
-15
-4
18
6
5
-18
-16
-7
-6
-14
-26
-25
-23
-14
-13
-12
-32
-30
-11
-16
-24
-24
-21
-27
-22
-5
-19
-4
-1
-20
-21
-38
-42
-39
0
13
2
0
0
16
2
17
10
1
30
0
-1
0
-25
5
1
7
-17
-15
12
6
12
18
-1
-24
13
38
11
23
15
-16
4
-11
-27
-19
33
22
28
50
22
2
22
46
25
7
33
10
17
81
39
34
34
15
39
24
24
17
-2
40
23
39
48
10
40
13
18
-2
-14
1
10
38
29
-1
-6
-9
-3
-12
-12
-35
-21
-9
-18
117
95
89
73
-19
-46
-81
-43
-3
-10
92
57
-58
-45
-95
-92
-37
-14
-44
-66
-50
-48
-43
23
16
-57
-52
-44
-87
-64
39
51
49
66
4
-72
-59
-33
-82
-52
41
-27
-5
17
-42
-71
-55
-11
-78
-66
-62
-154
-23
32
-56
33
18
24
47
25
13
-74
56
163
31
48
26
-44
106
123
37
-2
-28
10
29
35
22
-11
36
54
-94
-128
-67
-43
67
96
28
-29
9
88
39
91
71
-10
1
-67
-88
-84
-26
109
84
128
107
-39
-26
-38
-61
-31
-12
18
39
39
1
-77
-78
-73
-28
16
25
27
11
49
56
-50
-47
2
41
47
-25
-69
-85
-34
69
99
62
26
-31
-71
-110
-123
-105
-27
66
135
116
24
-64
-75
-46
-10
-4
-58
-19
15
32
63
15
11
28
27
39
0
16
48
58
86
15
-45
-32
-2
9
0
-1
-4
10
42
30
32
47
40
10
-45
-60
-62
-37
-13
-16
8
28
-6
-11
-18
-31
-9
38
79
71
47
41
-13
-13
-8
-52
-25
-18
-16
-7
4
10
-17
18
49
8
25
-9
-42
-37
-32
-27
-44
-14
32
16
13
-2
-27
-6
-6
5
19
-3
-4
-18
-34
-45
-78
-51
-37
-2
28
4
-2
-49
-54
-34
-55
-26
-14
7
18
8
30
-24
-30
22
-7
-5
-15
-30
-20
-17
10
-15
-18
27
9
-13
-15
-9
12
24
44
23
-3
-17
-50
-48
-29
-25
10
46
64
67
60
53
22
21
42
23
1
-10
-55
-57
-40
-22
-15
-32
10
74
99
99
61
41
35
14
32
27
8
15
19
14
-25
-40
-31
-24
28
64
24
-36
-56
-14
-3
23
52
21
19
29
20
-5
-23
-21
-12
32
47
18
12
5
10
8
-7
-28
-29
42
58
40
65
57
32
23
-3
-53
-100
-93
-82
-80
-20
30
42
63
81
73
36
0
-3
-8
16
-9
-42
-20
-39
-26
-36
-36
-26
-53
-13
-10
-29
20
1
9
3
-41
-56
-105
-75
-69
-86
-63
-69
-11
-3
-25
6
-23
-25
-39
-64
-12
-16
48
94
53
99
22
-67
-100
-155
-102
-98
-56
48
61
98
44
17
48
0
23
10
13
53
12
31
2
-10
24
-20
8
18
5
49
54
105
135
80
70
16
6
3
-67
-38
-40
-40
-14
-60
-27
-10
-28
11
-8
35
39
25
80
62
62
15
-35
-6
-28
-40
-60
-90
-50
-40
-23
10
32
72
69
52
34
-16
-38
-19
-5
45
23
-52
-47
-39
-21
-63
-85
-8
13
55
66
43
106
94
67
37
10
15
-23
-5
49
74
76
44
36
73
73
4
3
52
62
79
33
31
5
-57
-26
-103
-89
-57
-128
-56
-60
-42
-6
-60
55
42
-5
-10
-111
-24
-17
-5
105
95
135
58
-64
-96
-178
-161
-129
-96
16
-6
-55
-28
-47
12
13
-46
2
-33
29
34
3
117
21
27
11
-60
-32
-145
-50
-32
-6
94
-42
27
6
-11
25
-142
-5
40
62
151
29
97
36
-51
3
-136
-85
-55
-94
50
-18
22
49
-28
95
-2
-7
21
-87
61
25
54
122
18
54
-67
-75
-15
-56
27
60
83
103
97
68
69
26
-7
1
-86
-9
-47
-75
11
-82
32
-43
-81
17
-93
53
-28
11
148
32
144
8
-35
-12
-125
24
-42
3
68
-22
70
-6
-7
11
-74
22
31
48
95
32
73
47
5
24
-54
-68
-104
-136
-75
-81
-37
-3
-6
45
19
33
31
4
41
40
61
78
62
65
32
-6
-29
-65
-52
-33
-17
0
15
31
43
69
30
20
11
-41
-24
-32
-7
4
-20
10
-35
-6
-7
-63
-31
-24
20
38
16
28
-12
-18
-38
-56
-35
-32
-9
-4
2
-27
-36
-69
-65
-58
-18
39
34
39
31
41
43
43
23
15
21
2
-27
-102
-105
-67
-51
-17
-64
-35
-7
-3
42
26
78
90
126
131
69
76
8
16
-43
-70
-28
-74
0
-16
3
1
-31
30
-37
4
8
4
74
60
144
123
135
143
29
40
-24
-42
-14
-48
-40
-113
-121
-158
-209
-187
-153
-124
-62
28
84
132
102
94
45
24
9
-57
-47
-67
-109
-122
-172
-151
-187
-176
-126
-163
-83
-82
-69
-27
-37
29
29
47
43
-33
-41
-29
-6
29
54
71
114
91
72
103
118
173
169
126
152
138
168
188
168
216
157
167
150
100
126
114
171
234
286
274
219
205
165
138
96
104
91
40
52
0
21
23
-46
-36
-130
-106
-49
-55
95
73
86
106
-1
16
-143
-260
-307
-494
-523
-687
-853
-770
-772
-529
-320
-206
113
62
89
37
-276
-235
-429
-391
-299
-510
-278
-371
-364
-202
-385
-152
-133
10
305
267
529
491
419
515
377
435
421
347
339
220
189
143
55
132
170
205
381
429
437
448
411
491
472
501
529
434
476
411
326
284
154
134
47
28
82
16
104
73
23
0
-174
-205
-297
-336
-331
-462
-433
-494
-582
-614
-744
-753
-814
-734
-518
-456
-300
-301
-353
-382
-550
-625
-826
-887
-830
-921
-824
-682
-549
-277
-98
208
566
767
1082
1202
1287
1294
989
785
453
77
-44
-232
-179
-67
-74
75
51
189
355
406
645
807
933
1010
903
927
988
1038
1222
1258
1271
1134
838
620
260
-28
-254
-505
-541
-594
-566
-518
-541
-385
-343
-297
-207
-225
-181
-260
-381
-478
-677
-842
-983
-1152
-1223
-1229
-1144
-1046
-988
-904
-856
-851
-912
-1089
-1320
-1428
-1522
-1518
-1414
-1263
-904
-311
459
1169
1727
2076
2129
1957
1534
921
315
-72
-266
-557
-685
-760
-745
-514
-381
-94
105
394
796
1059
1412
1579
1537
1551
1586
1835
2105
2155
2155
1842
1425
865
207
-198
-585
-740
-750
-770
-629
-561
-356
-136
-18
170
236
359
432
379
229
-81
-450
-798
-1095
-1338
-1388
-1387
-1317
-1190
-1063
-857
-807
-751
-746
-783
-751
-854
-876
-1113
-1250
-1380
-1566
-1466
-1371
-755
-28
704
1558
2015
2263
2160
1642
1070
514
145
-29
-341
-612
-689
-830
-803
-760
-724
-221
181
687
1175
1258
1445
1391
1363
1525
1613
1956
2209
2131
1954
1424
714
147
-407
-683
-859
-951
-776
-777
-636
-434
-301
-43
119
335
532
617
587
320
-140
-667
-1213
-1639
-1891
-1972
-1784
-1486
-1102
-669
-382
-161
-97
-134
-167
-354
-559
-833
-1132
-1393
-1610
-1760
-1873
-1843
-1369
-568
235
1242
1909
2348
2500
2129
1612
813
415
285
20
-62
-419
-669
-798
-931
-752
-566
-108
406
848
1042
950
846
865
1275
1821
2474
2906
2928
2615
1887
997
124
-493
-809
-908
-892
-832
-749
-763
-632
-445
-238
89
380
788
1084
1161
908
258
-539
-1369
-2043
-2462
-2510
-2274
-1805
-1189
-600
-152
94
143
90
39
-225
-400
-692
-1001
-1203
-1770
-1952
-2215
-2130
-1439
-898
112
850
1499
2123
2133
2070
1515
891
633
367
309
136
-105
-311
-551
-780
-855
-684
-263
313
712
898
766
639
679
1036
1731
2381
2963
3094
2851
2296
1294
397
-369
-760
-839
-979
-964
-1011
-1060
-943
-805
-480
-52
400
930
1250
1357
1079
381
-461
-1307
-1992
-2393
-2531
-2379
-2059
-1604
-1076
-642
-334
-130
-60
-18
-57
-219
-438
-804
-1028
-1499
-1795
-2058
-1948
-1285
-760
36
386
959
1553
1862
2077
1653
1267
1098
880
790
458
159
44
-334
-578
-790
-706
-209
358
708
830
614
596
723
907
1633
2188
2820
3165
3097
2844
2015
1175
292
-467
-832
-1037
-1087
-1120
-1115
-1034
-844
-576
-188
306
751
1148
1284
1058
531
-264
-1062
-1796
-2345
-2571
-2591
-2408
-2116
-1655
-1219
-795
-464
-317
-178
-321
-344
-565
-914
-1150
-1634
-1944
-2224
-2242
-1520
-868
-106
475
582
1164
1498
1786
1738
1088
936
885
806
937
605
447
229
-326
-496
-656
-256
459
823
991
779
369
291
391
1042
1996
2767
3449
3628
3440
2780
1743
817
-10
-442
-562
-661
-670
-844
-938
-920
-856
-517
-102
409
925
1188
1170
667
-111
-856
-1578
-1973
-2135
-2101
-1957
-1881
-1660
-1469
-1193
-907
-770
-620
-589
-489
-562
-749
-1136
-1683
-2075
-2415
-2418
-1988
-1289
-540
47
307
557
904
1331
1597
1410
1061
989
1102
1228
1046
692
310
-217
-555
-835
-693
-178
409
679
392
43
-184
22
735
1783
2934
3712
4015
3851
3250
2305
1294
522
19
-79
-148
-282
-517
-941
-1225
-1427
-1277
-726
55
871
1452
1634
1235
461
-442
-1152
-1557
-1754
-1731
-1687
-1704
-1779
-1821
-1720
-1500
-1201
-894
-707
-609
-592
-685
-969
-1276
-1767
-2088
-2274
-2193
-1394
-735
151
586
608
812
894
1212
1174
916
889
1156
1492
1541
1178
558
-39
-622
-971
-953
-523
427
993
937
547
-104
-157
138
1008
2190
3082
3774
3873
3690
3020
2053
1174
453
231
196
97
-175
-647
-1203
-1644
-1833
-1648
-1004
-191
759
1444
1626
1176
238
-566
-1310
-1582
-1540
-1529
-1379
-1591
-1849
-2002
-2203
-1985
-1636
-1251
-810
-554
-455
-689
-1216
-1715
-2139
-2353
-2082
-1453
-555
227
511
415
156
-5
305
715
878
913
953
1343
1701
1598
1168
353
-316
-715
-778
-364
229
1001
1291
843
1
-718
-792
-202
1053
2389
3423
3886
3648
3204
2387
1542
965
679
821
916
636
68
-732
-1560
-2043
-2128
-1579
-624
403
1305
1547
1218
421
-530
-1026
-1169
-998
-750
-734
-899
-1430
-1973
-2339
-2401
-2049
-1644
-1130
-757
-642
-652
-959
-1341
-1642
-1790
-1641
-1144
-606
4
346
506
537
214
569
809
788
794
287
378
820
1385
1756
1223
642
-218
-969
-1072
-669
462
1535
1899
1381
296
-749
-1076
-457
779
2308
3408
3745
3436
2704
1801
1020
654
676
1018
1162
767
7
-1075
-1999
-2485
-2257
-1392
-346
765
1289
1146
549
-444
-1096
-1198
-840
-254
-100
-311
-963
-1865
-2540
-2871
-2583
-1930
-1309
-784
-558
-790
-1030
-1365
-1714
-1686
-1627
-1172
-656
-248
240
272
367
315
352
754
1062
1490
1464
1070
694
612
909
850
795
477
127
-47
-277
-88
273
860
1251
996
397
-252
-467
-168
731
1916
2918
3357
3136
2638
1916
1326
964
897
1039
965
493
-316
-1189
-1965
-2303
-2127
-1518
-641
24
434
381
-6
-548
-1046
-936
-630
-275
-212
-603
-1143
-1877
-2317
-2434
-2186
-1633
-1179
-908
-971
-1239
-1504
-1718
-1640
-1341
-1121
-878
-906
-897
-648
-439
260
732
1192
1695
1668
1819
1309
869
913
1133
1846
1765
1387
798
-44
-487
-842
-614
121
1074
1607
1155
314
-563
-790
-394
844
2436
3563
3983
3532
2862
2014
1421
1187
1322
1580
1475
820
-444
-1617
-2499
-2795
-2377
-1624
-712
-132
-19
-238
-652
-944
-1062
-779
-247
105
60
-373
-1143
-1941
-2326
-2429
-2085
-1662
-1297
-1125
-1286
-1501
-1688
-1727
-1521
-1345
-1195
-1124
-1395
-1262
-999
-471
251
689
1039
1274
1501
1829
1856
1660
1501
1618
1988
1833
1341
598
49
-324
-523
-527
-139
717
1148
786
-160
-902
-966
-343
842
2244
3417
3715
3302
2690
2105
1924
1918
2027
1958
1495
681
-609
-1703
-2383
-2636
-2335
-1787
-1220
-887
-821
-886
-992
-1110
-994
-642
-206
125
-37
-495
-1165
-1767
-2012
-1988
-1601
-1258
-977
-941
-1233
-1498
-1639
-1462
-1250
-967
-928
-1182
-1490
-1606
-1331
-831
9
787
1250
1469
1511
1700
1696
1773
1833
1963
2531
2570
2098
1036
232
-99
-408
-393
-273
328
885
541
-415
-1404
-1461
-698
486
1763
2716
3164
2892
2558
2203
2128
2245
2416
2569
2107
1224
-174
-1424
-2040
-2287
-2111
-1865
-1599
-1461
-1557
-1650
-1749
-1657
-1346
-813
-232
139
9
-500
-1070
-1549
-1684
-1614
-1264
-895
-740
-805
-1195
-1487
-1599
-1390
-961
-687
-634
-980
-1441
-1700
-1422
-875
-230
418
866
1293
1563
1850
1960
1867
1899
1897
2481
2729
2254
1507
702
473
143
-79
-203
53
793
696
-241
-1186
-1441
-820
12
956
1669
2117
2248
2188
2219
2193
2262
2261
2367
2204
1531
408
-867
-1621
-1895
-1881
-1909
-2020
-2068
-2137
-2126
-2088
-1996
-1777
-1395
-764
-332
-386
-799
-1264
-1410
-1353
-1067
-715
-659
-636
-788
-1063
-1180
-1180
-962
-712
-552
-578
-1061
-1631
-1881
-1692
-1005
-193
384
793
1064
1229
1462
1759
2001
2030
2142
2821
3396
3085
2189
1158
696
624
593
378
295
740
856
-16
-1253
-1866
-1511
-476
601
1368
1568
1438
1274
1327
1717
2114
2444
2686
2672
2094
948
-233
-1035
-1221
-1041
-1016
-1270
-1764
-2313
-2689
-2752
-2593
-2390
-2061
-1540
-1060
-1005
-1324
-1743
-1942
-1623
-1053
-388
-39
-76
-295
-663
-768
-781
-516
-158
-78
-41
-591
-1268
-1875
-1869
-1162
-535
280
720
741
689
841
1324
1738
2019
2245
2526
3274
3498
2843
1687
1162
1257
1265
1067
571
535
706
407
-610
-1562
-1657
-981
-69
701
967
797
626
721
1119
1649
1999
2203
2291
2137
1520
566
-140
-491
-533
-571
-888
-1492
-2243
-2741
-2884
-2799
-2662
-2678
-2571
-2220
-1877
-1819
-1993
-2020
-1708
-1135
-594
-227
-163
-254
-297
-348
-187
-133
-44
51
-114
-236
-786
-1140
-1368
-1160
-474
-66
271
234
212
276
652
1491
1907
2066
2043
2422
3010
2865
2494
1767
1780
1968
1650
1094
283
482
690
292
-460
-1191
-1016
-647
-9
432
430
429
320
612
930
1270
1469
1549
1797
1723
1352
698
242
44
-91
-266
-742
-1351
-2054
-2412
-2498
-2431
-2466
-2691
-2610
-2390
-2093
-1989
-1997
-1853
-1555
-1040
-571
-292
-183
-212
-201
32
296
420
340
106
18
-125
-401
-673
-941
-574
-281
4
101
-162
-59
90
824
1523
1831
1814
1687
2414
2985
2875
2302
1777
1898
1838
1535
776
370
848
964
451
-478
-911
-816
-477
129
335
216
-144
-237
7
354
689
803
1141
1403
1464
1032
405
114
-54
-39
-237
-609
-1189
-1937
-2308
-2493
-2531
-2684
-2851
-2629
-2403
-2173
-2214
-2326
-2169
-1782
-1107
-615
-330
-186
-255
-223
18
250
407
326
386
293
155
-97
-638
-650
-380
71
284
191
172
122
416
981
1419
1894
1874
1826
2277
2721
2652
1969
1623
1708
1818
1654
1111
668
928
1187
650
-166
-675
-540
-299
35
233
-53
-241
-315
-96
247
466
658
872
1275
1408
1018
461
39
-109
-71
-162
-521
-1089
-1710
-2096
-2238
-2247
-2369
-2611
-2543
-2303
-2065
-1998
-2050
-1852
-1498
-927
-472
-325
-182
-133
62
311
479
622
442
412
397
179
-62
-510
-541
-280
-5
285
111
94
88
233
810
1267
1763
1766
1542
1896
2098
2104
1650
1335
1608
1634
1502
897
441
679
848
510
-223
-749
-771
-749
-497
-301
-346
-388
-397
-229
-3
156
344
591
968
1211
906
471
106
-44
-70
-250
-503
-982
-1490
-1767
-1962
-2024
-2253
-2509
-2483
-2274
-1943
-1853
-1803
-1614
-1378
-953
-578
-300
-37
152
446
623
798
925
748
709
574
406
155
-233
-281
-223
79
382
299
306
179
316
779
1238
1695
1636
1661
1929
2121
2094
1610
1373
1558
1740
1580
977
583
727
824
395
-349
-851
-853
-739
-539
-352
-425
-566
-665
-462
-165
41
249
453
796
1002
860
470
121
45
-40
-224
-467
-815
-1209
-1575
-1704
-1837
-2136
-2407
-2451
-2227
-2011
-1897
-1804
-1657
-1380
-1016
-690
-345
25
318
545
720
843
921
890
811
622
366
73
-253
-312
-137
35
159
204
162
22
15
339
870
1435
1717
1565
1554
1868
1912
1586
1286
1411
1558
1413
1114
690
596
711
353
-333
-847
-899
-848
-783
-491
-424
-550
-609
-495
-232
-4
179
324
577
844
801
541
300
132
-30
-190
-319
-484
-724
-1025
-1303
-1504
-1782
-2158
-2338
-2192
-1932
-1714
-1549
-1402
-1278
-1056
-703
-359
27
397
595
725
841
933
944
768
653
429
170
3
-198
-66
11
62
135
37
95
54
274
764
1171
1583
1463
1335
1517
1584
1508
1205
1291
1432
1293
1128
797
613
581
337
-225
-756
-865
-852
-869
-715
-530
-578
-666
-588
-431
-187
-6
156
298
464
574
461
376
303
202
77
-64
-132
-321
-608
-926
-1245
-1565
-1912
-2085
-2032
-1838
-1605
-1431
-1295
-1206
-1103
-877
-536
-105
317
599
751
873
1015
1085
947
730
557
362
229
75
-113
-165
-200
-70
59
93
131
109
347
722
1007
1171
1022
1084
1350
1390
1299
1130
1226
1216
1058
910
564
425
377
50
-511
-951
-986
-979
-882
-650
-614
-710
-738
-664
-571
-364
-126
7
184
469
650
658
611
491
348
296
228
24
-212
-433
-762
-1091
-1340
-1569
-1708
-1676
-1522
-1375
-1209
-1075
-1042
-888
-562
-178
182
530
749
798
899
989
990
827
598
397
217
165
-71
-329
-329
-261
-80
-17
8
-1
-42
236
424
602
790
748
851
1049
1287
1282
1042
1012
908
762
591
270
136
164
76
-316
-755
-869
-859
-853
-790
-755
-719
-630
-525
-359
-133
41
106
229
547
827
876
799
698
614
466
217
-24
-229
-436
-706
-935
-1056
-1186
-1337
-1406
-1287
-1100
-952
-817
-618
-291
43
361
617
757
809
772
801
869
875
774
532
330
131
-107
-367
-580
-559
-462
-344
-255
-257
-246
-251
-165
7
193
417
506
625
844
982
994
830
705
616
462
297
72
-9
74
20
-240
-572
-755
-861
-952
-939
-841
-680
-486
-314
-146
53
155
138
174
348
535
615
653
645
549
397
173
-84
-302
-513
-695
-781
-797
-848
-921
-885
-748
-607
-452
-298
-133
108
375
588
725
814
860
837
805
767
670
545
405
254
101
-87
-300
-497
-610
-607
-577
-503
-388
-287
-189
-74
73
182
268
366
434
490
557
602
574
507
437
304
127
-32
-189
-313
-352
-374
-466
-609
-707
-737
-720
-628
-508
-379
-206
-34
83
181
298
392
445
473
475
433
353
262
146
11
-133
-291
-395
-417
-427
-473
-508
-462
-356
-203
3
211
389
565
723
836
879
896
922
932
939
887
756
609
433
262
87
-99
-250
-407
-518
-613
-711
-722
-709
-653
-568
-478
-345
-263
-171
-85
-20
86
121
85
26
-19
-32
-120
-207
-258
-321
-383
-478
-559
-603
-619
-593
-563
-479
-352
-238
-117
12
139
226
275
352
461
548
562
487
385
262
105
-25
-126
-209
-287
-332
-299
-248
-218
-210
-191
-76
102
295
470
630
807
944
1016
1060
1092
1090
1049
977
873
740
574
386
177
-21
-194
-364
-497
-606
-699
-778
-842
-864
-865
-813
-707
-610
-518
-437
-357
-285
-240
-215
-232
-253
-279
-349
-445
-539
-608
-648
-648
-629
-630
-633
-605
-539
-419
-247
-79
53
187
347
494
612
708
786
842
877
856
770
664
541
401
263
148
57
-23
-78
-108
-123
-103
-56
17
133
288
441
575
710
847
967
1054
1116
1145
1152
1126
1053
938
783
605
418
228
39
-150
-326
-485
-641
-773
-868
-922
-945
-934
-892
-839
-789
-756
-725
-694
-663
-639
-641
-663
-701
-749
-814
-888
-948
-993
-1038
-1078
-1102
-1101
-1072
-1006
-897
-734
-523
-294
-73
141
356
558
739
878
992
1084
1125
1108
1050
994
941
868
789
704
614
523
437
359
297
263
264
300
376
478
576
676
800
937
1059
1154
1217
1235
1204
1133
1035
925
803
662
503
328
137
-67
-262
-446
-618
-764
-883
-966
-1015
-1032
-1026
-1011
-983
-959
-951
-953
-957
-961
-976
-998
-1026
-1082
-1153
-1223
-1282
-1323
-1356
-1380
-1393
-1390
-1354
-1292
-1199
-1071
-908
-718
-510
-281
-38
206
415
589
747
894
1019
1106
1164
1205
1232
1243
1224
1188
1137
1077
1013
958
930
921
924
936
967
1008
1050
1091
1130
1174
1218
1267
1313
1340
1334
1287
1211
1116
1008
886
735
550
341
125
-88
-291
-475
-644
-793
-913
-994
-1041
-1070
-1101
-1137
-1169
-1193
-1218
-1247
-1273
-1289
-1301
-1321
-1358
-1405
-1462
-1524
-1577
-1620
-1649
-1671
-1672
-1643
-1580
-1485
-1366
-1225
-1072
-906
-725
-522
-305
-97
89
268
453
633
801
948
1077
1184
1267
1331
1376
1406
1419
1409
1392
1385
1387
1398
1413
1437
1464
1490
1520
1549
1575
1585
1579
1565
1540
1503
1449
1372
1275
1161
1035
893
726
538
340
140
-54
-232
-398
-555
-704
-837
-946
-1035
-1114
-1198
-1278
-1341
-1387
-1418
-1449
-1481
-1510
-1542
-1571
-1608
-1648
-1690
-1729
-1758
-1772
-1767
-1744
-1702
-1648
-1580
-1494
-1389
-1272
-1147
-1016
-871
-712
-549
-385
-222
-48
128
299
456
599
728
841
939
1032
1126
1216
1297
1365
1425
1480
1540
1604
1669
1720
1758
1792
1820
1839
1840
1828
1803
1765
1723
1675
1612
1522
1405
1268
1119
963
805
639
476
316
166
22
-118
-255
-392
-521
-637
-747
-854
-959
-1056
-1140
-1215
-1288
-1356
-1419
-1479
-1533
-1587
-1637
-1683
-1721
-1749
-1766
-1764
-1744
-1705
-1651
-1585
-1505
-1413
-1313
-1207
-1097
-987
-877
-762
-642
-516
-378
-234
-90
44
169
282
389
495
610
725
836
936
1029
1112
1192
1269
1347
1432
1515
1589
1650
1699
1731
1749
1753
1744
1725
1694
1655
1599
1522
1427
1311
1183
1048
911
773
634
499
366
231
96
-43
-181
-310
-429
-539
-646
-749
-841
-928
-1004
-1075
-1146
-1213
-1271
-1326
-1380
-1432
-1475
-1507
-1533
-1552
-1561
-1550
-1523
-1488
-1448
-1397
-1336
-1267
-1191
-1108
-1015
-915
-800
-674
-545
-422
-303
-189
-82
23
121
209
295
381
465
546
623
695
763
832
902
973
1040
1104
1160
1210
1255
1294
1330
1356
1376
1388
1388
1378
1352
1312
1261
1199
1132
1059
973
879
782
683
580
475
367
256
139
25
-82
-177
-268
-354
-433
-501
-565
-627
-692
-756
-817
-874
-923
-967
-1006
-1038
-1066
-1088
-1099
-1096
-1081
-1060
-1035
-1005
-970
-929
-876
-816
-751
-677
-593
-504
-414
-330
-253
-180
-105
-31
41
114
182
241
294
343
390
433
478
520
557
595
629
659
680
692
699
703
709
711
704
690
666
639
611
578
539
497
455
417
380
345
304
260
215
166
116
63
7
-54
-112
-165
-215
-267
-321
-374
-427
-478
-530
-580
-627
-668
-701
-721
-730
-731
-727
-720
-708
-690
-662
-626
-588
-546
-499
-443
-383
-315
-240
-166
-92
-18
54
118
174
231
289
342
394
443
486
522
550
575
603
631
659
682
698
704
706
703
693
671
641
612
580
545
508
464
412
350
291
230
167
102
38
-23
-82
-139
-196
-252
-303
-346
-387
-421
-449
-474
-495
-509
-520
-531
-539
-553
-564
-572
-577
-581
-587
-594
-602
-610
-617
-622
-623
-619
-610
-596
-571
-535
-494
-448
-397
-335
-259
-173
-78
21
114
209
300
388
475
559
638
707
767
817
858
888
911
929
944
957
968
971
963
941
914
885
852
815
772
725
676
620
556
488
414
330
241
148
54
-49
-157
-266
-369
-469
-563
-652
-732
-803
-870
-930
-979
-1018
-1048
-1069
-1079
-1081
-1072
-1050
-1018
-980
-937
-896
-859
-821
-785
-750
-720
-688
-654
-619
-580
-536
-490
-440
-386
-325
-258
-186
-109
-29
56
138
223
309
395
486
579
674
769
859
937
1006
1066
1121
1174
1221
1267
1307
1336
1355
1358
1344
1318
1282
1238
1187
1128
1066
998
928
843
750
656
560
458
358
255
149
39
-77
-192
-304
-415
-527
-637
-741
-845
-942
-1033
-1118
-1195
-1261
-1315
-1357
-1386
-1404
-1408
-1399
-1380
-1350
-1313
-1269
-1216
-1159
-1095
-1028
-960
-894
-829
-767
-704
-641
-572
-503
-428
-348
-266
-181
-97
-10
73
159
247
335
426
517
600
679
756
831
905
976
1045
1112
1168
1216
1259
1298
1329
1353
1369
1377
1376
1367
1347
1318
1281
1242
1196
1141
1076
1000
912
813
709
598
483
362
240
116
-14
-143
-276
-406
-530
-644
-750
-848
-940
-1028
-1106
-1174
-1229
-1275
-1308
-1332
-1347
-1354
-1349
-1335
-1316
-1297
-1278
-1254
-1230
-1200
-1165
-1122
-1067
-1001
-927
-848
-765
-677
-587
-500
-417
-335
-248
-160
-71
19
116
216
311
398
476
549
617
686
753
819
879
939
997
1050
1094
1134
1161
1180
1192
1204
1212
1213
1211
1203
1190
1172
1149
1121
1086
1045
998
948
895
833
764
689
600
503
396
281
159
30
-97
-223
-345
-458
-568
-674
-774
-864
-942
-999
-1038
-1056
-1061
-1061
-1058
-1059
-1067
-1084
-1103
-1121
-1132
-1133
-1122
-1099
-1063
-1019
-968
-913
-860
-809
-756
-700
-640
-578
-512
-443
-364
-274
-181
-84
12
96
163
210
243
264
288
316
365
436
516
597
667
722
765
797
818
847
877
910
939
955
958
949
930
903
875
855
840
822
801
772
743
707
664
609
543
470
389
311
245
193
153
116
77
30
-27
-94
-172
-257
-337
-415
-490
-555
-615
-665
-703
-728
-743
-754
-758
-767
-772
-773
-771
-762
-746
-720
-693
-663
-630
-602
-578
-552
-525
-492
-454
-410
-366
-327
-294
-280
-277
-279
-277
-263
-233
-189
-133
-65
5
67
123
177
227
273
318
356
391
416
434
449
470
492
515
534
544
540
521
494
469
455
458
477
500
522
534
533
522
506
497
497
506
514
518
506
474
425
364
304
250
198
150
104
60
12
-32
-84
-133
-177
-213
-240
-259
-276
-296
-319
-341
-363
-383
-402
-418
-431
-438
-441
-445
-445
-447
-451
-454
-461
-467
-477
-486
-491
-485
-469
-450
-426
-404
-382
-362
-339
-314
-290
-269
-249
-232
-216
-199
-176
-146
-109
-70
-39
-18
-3
6
13
20
29
46
69
93
122
159
208
272
344
418
488
548
595
629
653
669
674
672
670
671
672
666
652
628
594
553
502
443
380
318
270
235
214
200
187
168
139
95
44
-7
-53
-92
-117
-137
-154
-180
-220
-266
-317
-367
-414
-455
-485
-508
-523
-531
-536
-542
-550
-566
-582
-598
-607
-597
-569
-526
-478
-431
-391
-362
-345
-345
-356
-369
-381
-393
-397
-392
-373
-344
-309
-277
-248
-217
-175
-114
-30
75
186
296
397
481
545
591
630
661
691
724
756
783
806
817
814
800
775
747
718
691
669
651
636
620
602
576
547
510
464
415
357
293
232
169
107
48
-14
-84
-162
-241
-319
-391
-453
-508
-554
-587
-614
-634
-650
-658
-661
-668
-682
-704
-725
-736
-723
-692
-646
-598
-559
-537
-531
-544
-561
-577
-580
-575
-562
-540
-510
-474
-434
-393
-348
-290
-220
-139
-53
32
112
186
253
314
371
426
475
518
554
583
604
625
648
671
691
707
718
725
732
735
735
732
726
719
711
701
693
683
668
631
574
496
405
316
238
179
126
80
26
-36
-111
-197
-293
-379
-449
-501
-526
-537
-539
-540
-546
-560
-576
-594
-610
-620
-614
-592
-564
-538
-519
-508
-507
-513
-528
-547
-554
-543
-509
-460
-400
-338
-285
-242
-210
-185
-161
-130
-87
-27
50
137
226
310
377
427
455
466
470
470
477
494
521
544
558
566
564
555
539
519
508
512
529
548
573
594
607
599
563
504
427
345
268
203
155
114
74
26
-32
-104
-189
-276
-358
-422
-465
-493
-512
-529
-543
-554
-563
-571
-582
-594
-603
-607
-609
-609
-603
-584
-559
-533
-513
-502
-496
-488
-474
-447
-406
-345
-265
-175
-89
-21
26
49
59
69
94
135
197
278
359
429
474
492
485
470
456
454
474
506
548
587
608
599
564
514
463
425
406
404
417
432
440
429
392
334
263
195
136
90
61
40
25
0
-38
-88
-151
-214
-277
-331
-374
-404
-423
-439
-452
-465
-478
-489
-501
-510
-521
-531
-544
-550
-551
-538
-518
-493
-469
-446
-425
-402
-373
-335
-288
-230
-169
-109
-52
-6
30
59
87
118
159
211
270
333
396
459
510
547
571
583
586
585
585
583
583
585
582
569
542
503
458
414
377
348
329
318
306
287
256
213
161
110
64
26
-6
-36
-65
-96
-135
-180
-230
-284
-341
-394
-435
-465
-486
-500
-512
-520
-523
-528
-535
-543
-550
-553
-552
-548
-542
-530
-512
-489
-462
-427
-393
-361
-332
-298
-255
-202
-137
-67
0
52
86
105
115
128
155
198
260
332
403
468
512
537
543
538
537
549
571
598
622
640
644
629
597
559
519
484
461
444
432
413
381
336
278
214
150
91
45
12
-16
-47
-81
-121
-166
-215
-264
-312
-354
-393
-428
-460
-491
-518
-541
-554
-556
-551
-547
-547
-553
-563
-574
-583
-585
-578
-562
-537
-512
-486
-460
-432
-403
-371
-331
-285
-231
-175
-116
-63
-15
25
63
101
138
177
221
271
322
374
417
448
466
472
473
475
479
483
493
510
527
541
550
550
543
530
515
496
478
458
437
416
391
361
328
291
252
213
177
144
117
89
57
24
-12
-55
-103
-153
-200
-236
-263
-280
-290
-298
-307
-326
-356
-387
-413
-434
-444
-447
-445
-444
-444
-446
-445
-441
-430
-412
-385
-355
-324
-296
-269
-241
-217
-192
-165
-137
-105
-70
-36
3
40
71
98
124
151
175
192
208
222
235
244
249
254
260
267
272
278
282
282
281
278
271
263
254
244
234
225
213
198
179
159
138
114
91
68
44
25
6
-9
-21
-33
-48
-64
-86
-110
-139
-168
-191
-206
-213
-213
-208
-205
-208
-219
-233
-249
-263
-268
-261
-244
-221
-198
-182
-175
-172
-170
-165
-156
-137
-109
-78
-48
-22
-3
10
21
32
48
67
92
122
150
174
191
198
197
188
177
166
159
160
167
178
189
196
196
188
173
153
135
120
110
105
104
104
98
90
83
75
73
73
76
79
82
81
79
73
60
45
28
11
-3
-16
-27
-38
-49
-62
-75
-86
-99
-112
-120
-127
-131
-133
-136
-136
-134
-134
-131
-125
-119
-111
-101
-94
-87
-83
-79
-74
-67
-59
-51
-42
-32
-22
-16
-13
-14
-14
-11
-5
5
16
29
39
45
47
44
37
29
25
24
25
24
22
12
3
-8
-20
-32
-44
-52
-58
-62
-64
-66
-65
-66
-65
-65
-68
-71
-72
-70
-68
-64
-62
-61
-61
-60
-59
-60
-58
-54
-46
-37
-27
-16
-8
-1
7
16
27
37
51
69
88
106
123
135
145
151
153
153
149
145
144
143
143
143
141
141
140
139
141
142
141
143
142
141
136
125
116
105
96
85
76
65
54
42
30
15
-3
-23
-41
-58
-72
-87
-101
-116
-130
-145
-157
-166
-173
-176
-176
-175
-174
-173
-175
-174
-173
-167
-158
-147
-134
-119
-109
-100
-97
-99
-102
-108
-113
-115
-114
-108
-98
-87
-76
-64
-51
-35
-19
-2
19
41
63
82
100
110
115
115
114
113
117
121
129
138
146
154
157
159
158
157
155
156
157
159
162
162
158
148
137
123
109
92
79
64
48
31
17
1
-16
-33
-53
-69
-81
-90
-95
-101
-106
-111
-116
-121
-125
-129
-132
-133
-134
-132
-131
-130
-127
-123
-123
-122
-122
-122
-120
-120
-117
-116
-111
-106
-98
-89
-80
-71
-60
-46
-34
-18
-2
16
33
51
69
82
95
107
116
126
135
140
142
141
142
142
142
140
138
132
127
121
113
106
102
99
96
90
84
77
67
56
46
36
27
17
9
5
-1
-8
-16
-24
-31
-39
-47
-52
-57
-59
-61
-64
-65
-67
-67
-68
-68
-64
-61
-56
-52
-47
-44
-43
-46
-47
-49
-53
-55
-55
-53
-52
-48
-44
-40
-38
-35
-31
-26
-23
-16
-11
-5
1
5
8
8
8
8
7
4
1
-5
-11
-14
-15
-14
-16
-17
-17
-17
-16
-15
-13
-11
-9
-5
-2
3
7
11
13
18
20
22
24
23
23
22
21
21
23
23
23
23
22
22
21
21
24
25
30
33
37
42
45
46
46
45
43
44
41
38
36
36
36
35
33
31
27
25
24
24
25
28
31
33
33
32
28
24
19
15
11
8
4
0
-4
-9
-16
-23
-27
-32
-36
-42
-50
-57
-67
-74
-79
-84
-89
-93
-95
-95
-97
-96
-95
-95
-94
-92
-91
-88
-85
-83
-79
-74
-69
-64
-56
-49
-40
-32
-22
-13
0
10
18
28
35
44
55
65
73
80
90
99
106
112
117
120
122
125
127
129
129
127
123
118
114
109
107
103
100
97
93
86
80
74
64
58
49
41
32
24
14
5
-4
-13
-22
-32
-40
-51
-62
-74
-83
-94
-104
-113
-120
-125
-129
-134
-137
-141
-145
-145
-147
-149
-149
-147
-143
-139
-136
-131
-126
-121
-115
-108
-102
-94
-84
-75
-64
-53
-43
-33
-22
-12
-1
11
24
35
46
56
66
76
83
89
93
99
105
112
116
120
123
127
131
133
134
136
137
136
134
134
133
133
133
131
128
122
116
108
98
90
81
73
65
55
45
35
23
11
-1
-11
-22
-32
-44
-57
-69
-80
-91
-100
-111
-120
-128
-134
-139
-143
-145
-146
-147
-145
-144
-142
-138
-133
-125
-118
-110
-99
-88
-75
-63
-52
-43
-32
-21
-12
-1
9
17
26
36
45
55
62
68
74
80
85
89
92
95
98
101
104
106
107
109
111
111
110
109
106
101
96
90
82
73
66
61
54
48
42
34
25
14
4
-6
-16
-25
-33
-41
-49
-57
-66
-74
-81
-88
-94
-96
-101
-105
-110
-113
-117
-120
-121
-122
-124
-124
-122
-121
-118
-114
-109
-105
-100
-94
-86
-76
-67
-59
-50
-40
-33
-24
-15
-8
1
12
22
34
43
53
62
70
77
85
94
102
107
113
118
120
121
122
123
123
125
125
121
119
115
111
105
99
94
91
86
81
75
68
60
52
43
34
25
16
7
-2
-12
-19
-25
-33
-40
-47
-55
-63
-69
-74
-79
-82
-84
-86
-87
-87
-86
-86
-83
-82
-82
-80
-79
-77
-76
-75
-72
-68
-63
-58
-53
-47
-41
-35
-31
-26
-19
-13
-4
2
9
17
23
32
39
45
51
55
60
63
63
65
67
67
68
70
71
70
70
70
66
62
61
58
55
52
47
42
36
28
20
12
4
-3
-10
-17
-23
-31
-37
-43
-49
-54
-59
-64
-69
-74
-77
-80
-81
-82
-83
-83
-81
-79
-74
-69
-63
-58
-53
-49
-47
-44
-41
-37
-34
-28
-21
-15
-9
-3
3
9
13
17
22
30
35
43
48
52
57
61
65
68
69
71
74
74
76
77
77
77
77
76
72
70
66
62
59
56
53
52
49
47
43
37
32
28
22
17
11
4
-2
-8
-16
-25
-31
-38
-46
-53
-62
-68
-74
-78
-82
-86
-88
-89
-90
-91
-91
-89
-87
-84
-81
-75
-72
-66
-61
-55
-51
-46
-41
-36
-30
-24
-18
-10
-2
7
15
22
30
36
44
52
58
63
68
73
78
83
86
88
90
91
94
96
96
94
93
90
85
81
78
76
70
67
62
58
53
49
43
37
32
27
21
15
7
-3
-14
-25
-36
-45
-56
-68
-78
-86
-95
-101
-108
-113
-119
-126
-129
-130
-131
-133
-132
-130
-126
-123
-117
-114
-108
-104
-98
-91
-82
-75
-67
-56
-45
-35
-22
-11
-2
9
19
28
36
43
52
61
68
75
82
89
94
102
108
113
118
122
128
130
131
130
129
126
123
120
116
110
104
98
92
88
82
76
70
64
59
51
45
37
28
19
9
-1
-10
-17
-25
-33
-42
-49
-55
-63
-72
-80
-87
-96
-101
-106
-111
-114
-119
-121
-124
-126
-127
-129
-131
-129
-127
-124
-122
-116
-112
-105
-98
-90
-81
-71
-62
-50
-41
-30
-20
-10
-1
8
18
28
37
47
57
67
77
85
91
99
107
113
116
119
122
124
125
125
124
122
118
115
113
110
106
104
99
96
91
85
78
74
67
60
52
44
37
26
18
7
-1
-8
-17
-24
-30
-37
-44
-53
-58
-66
-71
-75
-82
-87
-92
-98
-102
-106
-107
-109
-111
-111
-110
-109
-107
-104
-103
-99
-97
-94
-89
-84
-79
-74
-69
-64
-57
-52
-45
-37
-30
-23
-16
-8
1
9
16
23
28
36
43
48
53
57
60
63
66
68
67
69
70
73
75
77
79
81
82
82
82
81
81
81
79
77
75
71
67
62
57
54
47
41
38
32
28
22
19
14
9
3
-3
-10
-18
-25
-29
-35
-39
-44
-48
-51
-55
-57
-61
-63
-64
-64
-64
-64
-65
-64
-64
-66
-67
-69
-69
-69
-69
-66
-63
-59
-54
-49
-44
-37
-31
-26
-19
-14
-8
-1
5
10
12
17
20
23
25
27
33
36
39
41
43
44
46
50
52
51
52
53
53
53
54
54
56
56
57
56
56
55
54
51
48
45
41
37
33
29
23
19
15
11
7
3
-1
-3
-5
-7
-7
-8
-8
-10
-11
-13
-16
-14
-18
-22
-26
-30
-34
-38
-42
-47
-51
-54
-57
-60
-63
-65
-64
-63
-62
-61
-60
-57
-55
-54
-52
-49
-46
-44
-44
-42
-39
-37
-34
-31
-30
-28
-25
-22
-18
-13
-10
-5
-3
1
5
11
16
20
24
28
32
36
40
44
47
51
52
56
57
56
58
57
58
55
54
52
50
48
46
44
43
42
41
40
40
39
40
40
39
38
35
32
27
22
19
11
6
2
-3
-8
-12
-14
-18
-21
-23
-27
-28
-30
-30
-32
-34
-35
-35
-35
-37
-37
-36
-37
-37
-38
-38
-40
-39
-39
-41
-40
-39
-39
-37
-36
-34
-33
-30
-27
-24
-18
-14
-10
-5
0
5
9
13
17
19
23
26
28
29
29
31
30
30
30
30
31
31
32
32
33
36
37
41
42
43
46
45
45
43
42
42
39
38
35
31
28
24
20
17
11
7
2
-3
-6
-10
-15
-18
-22
-27
-30
-34
-37
-40
-43
-44
-45
-46
-49
-50
-50
-52
-52
-55
-56
-58
-60
-60
-62
-64
-62
-63
-61
-58
-55
-52
-49
-44
-39
-34
-29
-23
-18
-11
-6
-2
1
4
7
10
13
15
17
21
23
27
29
33
37
39
42
46
49
52
53
56
59
59
60
60
60
57
56
56
56
57
54
54
52
50
48
46
45
41
37
34
30
26
23
19
16
13
10
7
4
2
-1
-4
-6
-10
-15
-19
-24
-28
-33
-37
-41
-43
-45
-48
-49
-50
-50
-48
-47
-46
-43
-40
-37
-35
-31
-29
-27
-28
-25
-24
-23
-23
-24
-22
-22
-20
-20
-19
-17
-14
-12
-8
-6
-1
1
4
7
10
13
16
18
21
23
24
26
28
28
27
26
26
25
25
23
22
21
20
19
17
17
15
15
14
14
14
14
13
13
12
10
8
6
4
0
-3
-6
-9
-12
-16
-18
-23
-24
-26
-27
-29
-29
-28
-26
-26
-26
-23
-22
-20
-17
-15
-12
-11
-11
-9
-9
-8
-8
-7
-6
-6
-5
-5
-3
-1
-2
-1
0
1
3
3
5
7
7
10
10
10
11
10
10
9
7
5
2
1
0
-2
-3
-5
-5
-6
-6
-6
-7
-6
-5
-3
-2
-1
1
4
5
5
7
8
11
12
15
18
20
21
23
25
25
26
28
29
29
29
29
29
30
30
30
31
30
31
30
29
28
28
27
25
23
19
16
16
14
11
10
8
7
6
4
1
-1
-4
-6
-8
-11
-13
-16
-18
-20
-21
-24
-26
-28
-30
-32
-35
-37
-40
-42
-44
-46
-49
-52
-54
-55
-56
-56
-56
-55
-54
-51
-50
-47
-45
-43
-40
-39
-36
-33
-30
-29
-24
-21
-17
-13
-7
-4
0
2
8
12
16
21
25
28
33
38
42
46
48
51
54
56
57
59
58
58
59
57
56
55
55
54
51
49
46
43
40
39
35
31
27
25
23
19
14
12
10
6
2
-2
-6
-12
-17
-20
-25
-30
-35
-40
-45
-50
-52
-55
-57
-59
-60
-59
-60
-60
-59
-57
-57
-56
-54
-52
-49
-45
-42
-40
-36
-35
-30
-28
-22
-18
-13
-8
-4
2
8
12
17
24
28
33
39
42
48
54
58
61
66
68
71
72
73
74
73
74
73
71
71
68
66
64
62
60
57
53
50
46
42
37
32
28
23
19
13
7
3
-2
-8
-14
-20
-27
-34
-39
-45
-50
-57
-61
-65
-70
-75
-79
-84
-87
-91
-92
-93
-95
-96
-95
-96
-94
-93
-90
-87
-83
-80
-76
-72
-66
-60
-55
-49
-44
-37
-29
-23
-15
-7
0
7
15
22
28
35
41
49
55
59
63
69
73
77
80
82
83
84
86
87
88
87
88
88
87
86
84
82
79
77
73
69
65
61
55
49
44
39
32
25
18
12
6
0
-6
-13
-21
-27
-34
-39
-44
-50
-54
-59
-62
-64
-67
-69
-72
-73
-76
-79
-79
-79
-79
-76
-76
-75
-71
-67
-63
-59
-56
-51
-45
-39
-34
-27
-21
-14
-7
-1
7
13
18
23
30
35
41
45
50
53
57
61
62
65
66
68
67
67
67
66
66
65
62
60
58
55
52
49
47
43
38
35
29
25
20
15
10
5
0
-4
-9
-15
-22
-26
-31
-36
-40
-43
-48
-53
-56
-58
-61
-63
-66
-69
-70
-71
-72
-72
-72
-72
-72
-72
-71
-69
-68
-66
-64
-62
-57
-52
-49
-43
-38
-31
-24
-18
-11
-5
1
7
14
20
27
31
36
39
43
47
48
51
53
56
60
62
65
67
68
71
73
72
72
72
72
69
70
67
64
59
57
55
50
47
44
39
34
30
26
21
16
11
7
3
-3
-7
-13
-18
-22
-24
-27
-31
-35
-36
-41
-43
-44
-47
-49
-51
-52
-52
-54
-53
-53
-53
-52
-52
-51
-48
-46
-44
-41
-40
-37
-34
-29
-24
-19
-15
-12
-7
-3
1
6
9
12
15
18
21
24
27
28
31
32
35
38
40
42
43
44
47
47
46
45
44
43
41
39
36
31
30
26
22
17
14
10
7
3
0
-3
-7
-10
-16
-20
-24
-26
-31
-34
-36
-40
-42
-45
-47
-51
-53
-53
-55
-57
-58
-57
-55
-54
-54
-51
-50
-47
-43
-41
-37
-33
-29
-25
-22
-17
-12
-7
-3
1
5
9
12
17
21
23
28
32
36
39
42
44
46
49
52
54
58
59
62
64
65
66
65
66
66
66
64
61
56
55
50
46
41
36
30
24
20
14
7
1
-3
-9
-14
-19
-23
-27
-32
-34
-37
-41
-45
-47
-49
-50
-52
-53
-55
-55
-55
-55
-55
-55
-53
-51
-50
-48
-46
-43
-40
-38
-35
-31
-27
-24
-18
-14
-10
-7
-3
0
3
8
11
15
20
23
26
29
31
32
32
33
34
34
34
35
37
38
38
39
37
39
37
37
36
36
34
32
30
29
26
22
21
18
16
13
11
7
3
1
-3
-4
-8
-10
-13
-16
-18
-21
-24
-26
-29
-32
-34
-36
-37
-38
-40
-42
-41
-40
-39
-39
-38
-37
-35
-33
-31
-29
-26
-25
-23
-22
-19
-17
-15
-14
-12
-10
-8
-7
-4
-2
0
1
3
6
9
11
14
16
19
22
26
29
31
32
34
37
37
40
41
42
43
44
45
46
45
45
44
44
41
39
37
33
31
29
27
23
20
18
16
13
9
6
3
1
-2
-5
-10
-13
-17
-21
-25
-27
-31
-32
-35
-36
-37
-38
-38
-38
-37
-38
-36
-34
-34
-33
-32
-32
-31
-30
-27
-26
-24
-22
-20
-18
-17
-15
-14
-14
-11
-9
-8
-6
-4
0
3
4
8
9
11
11
13
13
13
13
13
15
14
15
15
17
17
17
17
17
16
16
15
14
15
15
15
13
13
12
12
10
10
9
8
7
6
5
5
3
3
2
1
0
-2
-2
-4
-5
-7
-7
-7
-8
-8
-10
-8
-8
-9
-6
-7
-6
-5
-6
-5
-7
-6
-5
-7
-6
-6
-7
-6
-7
-7
-6
-6
-6
-5
-4
-5
-5
-4
-4
-2
0
0
2
4
6
7
7
6
8
7
8
9
9
8
9
9
9
9
9
9
8
7
7
6
4
4
1
1
0
-1
0
-2
-2
-1
-2
-3
-3
-3
-4
-3
-1
-1
-2
-2
-1
-2
0
1
1
2
3
3
2
2
2
3
4
3
4
3
3
2
3
3
3
2
0
0
0
0
1
0
0
0
-1
-1
-2
-3
-3
-4
-5
-6
-5
-7
-7
-9
-10
-11
-11
-11
-10
-11
-11
-12
-13
-14
-13
-14
-14
-13
-14
-12
-12
-12
-10
-9
-6
-5
-5
-3
-2
-1
0
3
2
3
5
6
7
8
6
7
7
8
9
9
10
10
10
11
10
11
11
11
8
9
9
9
10
10
10
10
11
11
13
13
12
12
12
12
12
12
11
12
13
13
13
11
12
12
12
11
10
9
8
8
7
6
4
2
-1
-2
-4
-7
-10
-11
-11
-13
-13
-14
-14
-14
-15
-17
-19
-21
-22
-22
-22
-22
-23
-22
-23
-22
-22
-22
-21
-20
-20
-18
-16
-16
-16
-14
-11
-9
-8
-7
-4
-2
0
3
3
5
4
6
7
8
8
8
10
11
12
12
13
12
13
12
12
12
12
12
12
11
9
11
10
10
11
12
11
10
12
11
9
9
8
9
8
7
6
4
4
4
3
3
1
1
0
-1
-2
-4
-5
-6
-8
-9
-10
-9
-10
-9
-10
-8
-8
-9
-9
-8
-8
-6
-6
-5
-5
-4
-3
-3
-2
-1
0
0
2
2
2
2
2
3
3
5
5
6
6
5
4
3
3
1
1
0
1
1
1
2
1
2
4
4
5
6
5
6
6
7
8
7
6
6
6
6
6
7
6
5
6
6
6
4
4
2
1
0
0
-2
-2
-3
-4
-4
-6
-6
-8
-9
-10
-12
-12
-12
-13
-14
-14
-14
-14
-15
-15
-16
-17
-17
-17
-16
-17
-17
-17
-16
-15
-13
-13
-12
-12
-11
-9
-10
-9
-8
-8
-8
-7
-7
-6
-3
-3
-1
-1
1
3
4
6
7
9
12
14
15
16
16
19
19
21
22
22
23
22
22
23
26
26
26
25
27
28
29
32
32
31
30
29
26
25
24
23
21
19
16
15
11
10
9
9
7
7
4
2
0
-2
-5
-7
-10
-12
-15
-17
-17
-21
-22
-24
-27
-27
-28
-28
-30
-31
-34
-34
-37
-38
-38
-40
-39
-40
-40
-37
-36
-37
-35
-33
-33
-29
-27
-24
-23
-21
-18
-15
-13
-10
-8
-6
-4
-2
-1
2
5
7
10
13
15
16
19
20
22
24
26
27
27
30
30
30
32
32
33
34
34
35
35
34
33
32
31
30
29
28
27
25
22
21
18
15
13
12
10
7
5
3
0
-3
-8
-11
-13
-16
-18
-24
-26
-28
-30
-33
-34
-36
-36
-37
-38
-38
-38
-37
-37
-36
-35
-34
-31
-30
-27
-24
-22
-19
-16
-12
-10
-7
-3
-1
1
3
7
10
14
17
20
22
25
28
30
33
34
37
38
38
39
39
41
40
39
40
40
40
39
37
36
35
32
29
27
26
23
21
18
15
13
9
5
2
-1
-4
-7
-10
-14
-17
-21
-22
-24
-27
-29
-32
-34
-36
-39
-42
-42
-41
-43
-43
-41
-42
-41
-42
-41
-40
-40
-39
-37
-36
-33
-33
-31
-29
-25
-23
-20
-18
-16
-14
-12
-10
-8
-6
-3
-1
3
7
10
11
13
15
17
20
20
22
24
25
26
28
30
31
31
33
32
33
32
33
32
31
31
30
30
31
29
27
28
27
26
26
24
22
20
19
17
17
14
11
8
7
5
4
1
-1
-2
-4
-6
-8
-9
-9
-12
-15
-16
-16
-17
-20
-20
-18
-19
-20
-20
-21
-20
-20
-22
-21
-22
-21
-21
-21
-21
-21
-19
-17
-18
-17
-14
-13
-13
-11
-9
-8
-8
-8
-6
-4
-4
-3
-1
1
2
2
5
9
10
11
10
12
14
16
19
20
21
22
24
25
24
25
26
24
24
24
22
20
17
15
13
11
8
6
3
0
-3
-6
-7
-9
-12
-12
-14
-16
-17
-17
-19
-22
-22
-22
-23
-22
-24
-24
-25
-25
-25
-24
-22
-22
-21
-20
-19
-17
-17
-15
-13
-13
-11
-10
-10
-8
-8
-7
-6
-5
-5
-4
-2
-1
0
1
4
5
7
7
9
10
12
14
14
15
17
19
18
20
21
22
22
24
24
25
26
26
25
24
24
23
22
21
18
17
16
16
14
12
11
9
6
5
4
4
4
3
4
4
4
3
2
1
1
1
1
0
-2
-2
-3
-4
-4
-4
-4
-5
-7
-7
-8
-7
-6
-5
-4
-4
-5
-4
-6
-8
-7
-9
-8
-9
-9
-10
-9
-10
-10
-9
-7
-6
-5
-6
-6
-4
-3
-4
-3
-2
-3
-4
-3
-2
-2
-3
-4
-3
-3
-2
-3
-4
-5
-4
-6
-8
-8
-9
-11
-13
-13
-16
-17
-18
-20
-20
-19
-19
-19
-17
-17
-16
-15
-15
-13
-13
-12
-10
-9
-7
-4
-4
-2
0
2
4
6
8
8
11
11
12
14
16
16
16
17
18
18
19
17
18
18
19
19
19
21
21
21
22
21
21
19
18
17
16
15
14
13
11
10
7
6
5
4
3
2
0
-2
-2
-3
-5
-5
-7
-8
-9
-12
-14
-15
-14
-15
-14
-14
-13
-14
-12
-10
-9
-8
-9
-8
-8
-7
-6
-6
-4
-3
-2
-1
0
1
5
7
7
9
11
13
14
13
13
13
12
11
10
11
9
8
8
8
8
7
7
8
7
7
8
6
7
7
4
3
2
1
1
-1
-3
-3
-5
-7
-8
-8
-10
-9
-11
-11
-13
-14
-15
-15
-16
-17
-19
-19
-19
-22
-22
-24
-25
-27
-27
-26
-27
-26
-25
-25
-26
-25
-24
-22
-22
-21
-20
-19
-17
-16
-14
-13
-10
-8
-5
-3
-2
0
6
8
10
13
16
19
20
20
20
22
23
24
24
25
26
28
28
28
29
29
30
30
31
31
29
29
29
28
27
26
26
25
23
21
21
19
19
18
18
19
17
16
14
15
12
10
9
7
5
2
0
-3
-7
-10
-11
-12
-13
-13
-15
-15
-18
-18
-20
-22
-22
-22
-23
-25
-26
-26
-27
-27
-26
-25
-24
-24
-23
-23
-21
-21
-20
-20
-19
-16
-15
-12
-11
-10
-10
-10
-9
-6
-5
-4
-2
0
2
3
4
4
5
7
8
9
11
11
12
12
13
14
14
14
16
17
18
19
