15
15
16
17
18
19
20
19
20
21
22
21
21
21
21
22
21
21
20
19
17
16
14
12
9
8
6
2
-1
-4
-6
-9
-10
-11
-13
-13
-12
-14
-14
-15
-16
-17
-17
-18
-18
-21
-21
-22
-21
-21
-22
-22
-22
-20
-19
-18
-17
-16
-15
-13
-12
-9
-7
-6
-6
-6
-5
-5
-5
-3
0
0
1
2
3
5
6
6
7
8
8
8
8
8
7
6
6
7
6
4
4
3
3
0
0
-4
-5
-6
-7
-9
-10
-10
-9
-10
-10
-10
-9
-8
-9
-9
-8
-9
-8
-7
-6
-6
-6
-5
-6
-5
-4
-4
-2
0
-1
-1
0
1
2
3
6
9
10
12
13
14
16
16
16
18
22
24
27
27
29
28
29
30
30
30
30
30
28
27
24
23
22
20
18
17
15
15
14
13
13
11
9
8
8
7
5
2
0
-1
-1
-5
-7
-9
-12
-12
-13
-15
-17
-17
-19
-18
-18
-19
-20
-20
-20
-20
-21
-20
-18
-19
-20
-20
-20
-20
-20
-20
-19
-20
-20
-20
-20
-18
-17
-16
-15
-15
-13
-14
-12
-13
-12
-11
-10
-11
-11
-11
-10
-9
-7
-7
-5
-5
-3
-1
1
2
3
4
3
2
1
2
0
1
-1
-2
-1
-2
-2
-1
0
0
2
3
4
4
4
3
2
2
3
4
4
3
3
4
4
6
6
7
9
10
10
11
13
15
17
17
18
18
16
17
15
14
15
13
13
13
14
13
14
14
14
15
16
16
18
19
19
18
17
15
17
17
15
13
13
12
10
9
6
5
3
1
0
0
-2
-3
-2
-2
-2
-1
-2
-2
-6
-8
-9
-10
-11
-13
-15
-16
-18
-21
-20
-21
-20
-19
-18
-16
-16
-16
-16
-15
-12
-12
-9
-10
-10
-9
-9
-10
-7
-8
-8
-8
-8
-7
-6
-6
-7
-6
-6
-8
-8
-8
-8
-7
-6
-5
-5
-7
-6
-5
-3
-1
2
4
3
3
3
3
4
6
7
5
5
4
2
1
2
1
0
1
0
1
2
1
3
5
6
7
7
6
7
6
7
8
9
9
8
5
2
0
0
-1
-2
-3
-3
-4
-3
-2
-2
-1
1
2
3
3
2
3
3
2
3
2
1
0
1
0
2
2
2
3
6
7
7
8
10
10
8
7
7
7
7
4
3
3
3
1
1
2
3
4
3
4
4
4
4
4
4
4
2
0
-3
-4
-4
-2
-1
1
0
2
3
5
6
7
8
7
5
4
2
0
-1
-1
-2
-4
-5
-10
-10
-12
-12
-11
-11
-11
-11
-12
-11
-10
-9
-7
-7
-6
-7
-5
-3
-3
-2
-2
-1
-1
0
0
0
1
2
2
2
1
1
1
3
3
3
5
4
3
2
1
0
1
-1
0
-1
-2
-2
-1
-1
0
0
2
2
3
4
3
1
-1
-2
-4
-3
-6
-6
-8
-9
-8
-7
-7
-7
-8
-8
-9
-9
-8
-6
-5
-3
-3
-2
0
0
1
2
2
4
6
6
6
6
7
7
11
11
11
10
9
8
4
3
0
-2
-3
-3
-2
0
-1
0
2
3
5
5
5
5
4
3
2
2
2
1
3
3
2
3
3
2
3
3
4
6
6
6
7
7
5
2
0
-2
-5
-7
-9
-12
-15
-15
-17
-17
-14
-13
-11
-9
-5
-2
1
1
0
0
0
1
2
3
1
0
-1
-2
-3
-4
-4
-3
-3
-3
-3
-2
-1
2
6
8
12
12
13
12
12
13
13
13
12
11
8
7
5
4
5
7
8
9
9
8
7
6
6
5
3
1
0
-4
-6
-8
-9
-11
-11
-12
-12
-10
-9
-8
-7
-6
-4
-3
-2
-2
-2
-1
1
1
0
0
0
0
0
2
3
3
2
1
-2
-2
-3
-3
-3
-3
-3
-5
-4
-3
-2
-1
1
2
5
6
4
4
3
4
5
6
6
4
2
2
0
2
0
0
0
-2
-3
-4
-4
-4
-5
-5
-4
-4
-5
-6
-7
-6
-7
-7
-7
-7
-7
-6
-6
-5
-6
-5
-3
-2
-1
1
1
-1
-1
-5
-6
-7
-9
-9
-11
-10
-11
-12
-11
-11
-10
-9
-8
-7
-7
-8
-7
-4
-1
2
4
5
5
5
3
4
4
2
3
5
7
9
11
12
10
13
15
16
17
17
17
17
17
16
15
15
14
14
15
15
15
14
14
15
14
13
12
13
12
12
10
9
8
7
7
7
8
5
3
0
-2
-3
-3
-3
-4
-5
-7
-8
-8
-9
-8
-8
-9
-9
-10
-10
-10
-11
-12
-11
-13
-14
-13
-14
-16
-16
-16
-17
-17
-16
-18
-18
-17
-15
-12
-12
-10
-8
-5
-3
0
2
5
6
5
6
6
7
7
7
8
9
7
6
6
6
7
7
6
6
3
1
1
1
0
0
1
1
1
1
1
1
1
2
2
2
1
-2
-2
-1
-1
-1
-2
-2
-3
-4
-6
-9
-10
-11
-10
-10
-10
-8
-8
-6
-4
-3
-1
-1
-1
1
3
3
1
2
2
0
-1
0
1
3
6
7
9
11
11
12
12
12
12
10
9
7
4
4
3
1
0
1
1
3
1
2
3
2
2
1
4
5
4
4
4
3
2
2
3
3
4
4
3
3
2
0
0
-1
-2
-1
-2
-5
-6
-8
-7
-7
-7
-7
-8
-9
-10
-11
-11
-10
-8
-6
-6
-4
-4
-3
0
2
4
5
6
6
6
7
8
8
9
9
10
10
6
4
4
3
2
2
1
-1
-1
-1
-1
-1
-1
-3
-2
-3
-2
-1
1
1
1
1
2
2
3
5
7
8
6
3
0
-3
-5
-8
-9
-12
-14
-16
-18
-20
-20
-16
-13
-9
-7
-4
-3
-2
0
3
5
5
5
4
4
2
2
2
3
4
4
3
5
6
5
6
6
5
5
5
4
3
3
3
3
1
1
0
0
1
2
3
2
1
0
-1
-2
-3
-1
0
-1
-1
-2
-3
-3
-2
-1
-1
-1
-1
-3
-4
-7
-9
-9
-9
-9
-8
-10
-8
-8
-8
-6
-3
0
-1
0
0
0
2
2
3
4
6
8
6
7
6
6
5
4
3
2
0
-1
0
0
0
0
2
2
3
4
7
7
7
9
10
9
9
9
9
9
8
7
6
6
5
5
5
3
3
1
2
3
3
4
3
4
2
1
1
0
0
0
1
-1
0
-2
-4
-3
-2
-2
-1
1
1
3
2
3
4
4
3
4
2
2
-1
-3
-7
-10
-12
-13
-14
-14
-14
-13
-12
-13
-11
-11
-10
-8
-7
-8
-7
-8
-10
-9
-8
-7
-7
-5
-5
-4
-5
-5
-4
-4
-4
-4
-2
-1
0
0
-1
0
0
1
0
0
-1
-1
-1
-2
0
0
3
3
3
4
4
4
6
6
6
3
4
4
5
7
6
7
9
9
9
10
10
11
9
8
6
6
5
4
2
1
0
-2
-4
-5
-5
-6
-4
-4
-3
-3
-1
1
0
1
2
2
3
2
3
2
0
0
-1
-2
-2
-4
-5
-5
-4
-3
-3
-1
1
3
5
6
6
9
10
11
12
11
9
8
6
6
5
5
3
2
2
3
5
5
7
8
10
10
11
10
12
12
12
11
8
6
5
3
2
0
-2
-4
-7
-9
-14
-15
-15
-14
-15
-15
-16
-18
-17
-17
-17
-15
-16
-16
-16
-16
-16
-18
-18
-17
-16
-13
-12
-12
-10
-9
-7
-6
-4
-2
-1
-1
1
1
1
1
4
5
6
6
7
9
10
10
11
9
9
8
8
6
8
7
6
9
9
10
11
12
11
12
13
12
12
13
11
12
11
8
7
6
6
5
4
3
2
1
-1
-1
-2
-5
-6
-8
-9
-8
-12
-13
-14
-14
-14
-14
-14
-13
-12
-12
-12
-12
-13
-13
-12
-11
-9
-8
-7
-5
-5
-4
-5
-4
-1
0
0
2
2
0
0
0
0
0
1
2
2
3
2
4
3
5
7
9
9
11
12
12
12
13
13
13
12
12
9
9
8
4
4
2
1
0
0
-1
-3
-3
-3
-2
0
1
3
3
5
5
8
9
9
9
9
9
7
7
7
4
3
0
-2
-4
-5
-4
-5
-5
-5
-6
-4
-3
-2
-2
0
0
1
2
2
2
3
2
3
3
4
5
7
8
7
7
7
8
8
7
7
6
6
5
4
4
2
1
0
-2
-2
-4
-5
-6
-9
-8
-10
-12
-13
-15
-14
-15
-14
-15
-15
-14
-13
-14
-14
-14
-13
-13
-10
-10
-11
-10
-13
-14
-16
-15
-16
-16
-15
-15
-15
-12
-11
-10
-8
-6
-4
-3
-1
0
2
2
2
4
5
6
7
9
10
10
11
12
12
10
9
9
9
9
8
10
7
6
7
8
7
10
9
8
8
7
7
6
5
4
4
2
3
3
6
7
8
9
7
9
10
10
11
11
10
8
7
4
3
2
1
-1
-2
-4
-4
-3
-3
-2
0
0
0
1
2
3
4
6
7
6
7
6
4
4
3
3
2
2
0
-1
0
0
0
1
1
2
1
3
4
5
8
9
10
11
10
9
7
7
6
4
2
-1
-3
-5
-7
-7
-6
-6
-7
-7
-6
-8
-8
-7
-7
-6
-6
-6
-9
-11
-12
-13
-13
-15
-15
-16
-17
-17
-17
-20
-19
-21
-19
-19
-20
-21
-22
-22
-20
-20
-19
-17
-15
-14
-12
-9
-8
-7
-2
0
2
3
5
7
8
9
9
10
8
8
7
7
6
8
8
9
10
11
11
10
11
10
8
7
6
4
3
2
0
0
0
1
3
4
6
8
6
6
7
6
6
7
7
7
7
6
8
8
9
11
12
12
10
9
6
5
4
4
5
6
6
6
5
8
10
8
12
12
13
11
10
11
12
11
12
11
12
13
14
15
16
19
19
21
21
21
20
17
16
12
8
4
0
-3
-8
-13
-14
-16
-17
-18
-19
-19
-20
-20
-19
-20
-18
-17
-17
-18
-19
-18
-17
-16
-16
-15
-14
-15
-14
-16
-16
-16
-19
-19
-22
-24
-28
-28
-27
-29
-27
-24
-24
-21
-19
-15
-12
-8
-4
-2
1
4
6
9
9
13
15
15
15
15
15
15
13
12
9
6
3
0
-3
-4
-6
-10
-12
-12
-14
-12
-9
-6
-2
2
8
11
14
17
19
20
23
24
25
23
19
15
11
10
7
3
2
-1
-3
-7
-11
-13
-13
-12
-14
-13
-12
-12
-8
-5
-1
4
8
13
17
19
23
26
29
31
32
34
31
30
30
30
27
26
24
21
17
15
12
6
4
2
-2
-5
-6
-8
-8
-7
-8
-7
-6
-6
-7
-6
-4
-5
-5
-3
-4
-6
-7
-7
-9
-11
-13
-15
-17
-16
-16
-18
-18
-19
-20
-21
-20
-20
-20
-22
-21
-23
-22
-22
-19
-15
-14
-8
-5
-1
4
7
10
11
12
13
13
12
10
8
7
7
3
2
1
-1
-3
-5
-8
-10
-12
-11
-10
-10
-8
-9
-9
-9
-8
-7
-8
-4
-2
-2
2
3
5
6
6
7
6
9
8
8
9
7
8
10
9
10
8
9
9
8
10
8
7
7
4
4
3
4
4
5
5
5
6
8
8
9
9
9
9
9
9
9
8
4
3
2
2
4
3
2
3
4
4
2
3
4
3
1
0
-1
-3
-5
-7
-10
-13
-14
-13
-14
-14
-14
-13
-14
-14
-14
-14
-12
-9
-7
-5
-3
0
1
1
1
1
2
2
1
1
-3
-2
-1
-3
-3
-5
-5
-5
-6
-3
-3
-1
2
3
7
8
10
12
10
12
11
9
7
3
-1
-6
-10
-13
-15
-17
-19
-19
-20
-20
-17
-19
-19
-16
-15
-14
-11
-9
-8
-4
-1
1
3
9
14
16
17
19
21
23
24
28
29
31
30
27
26
21
18
17
13
12
11
13
14
15
18
20
20
23
24
25
26
28
29
28
26
27
26
25
20
17
15
10
4
-1
-8
-13
-17
-20
-24
-29
-31
-33
-37
-42
-45
-48
-51
-51
-49
-47
-44
-43
-44
-43
-47
-47
-49
-51
-50
-53
-56
-59
-63
-63
-62
-57
-48
-41
-29
-20
-13
-5
1
11
17
16
21
26
30
38
46
53
58
65
78
82
87
92
94
92
84
77
68
59
59
58
57
55
55
57
53
52
55
53
52
49
44
36
26
21
13
9
4
1
-1
-7
-12
-21
-35
-45
-60
-72
-86
-101
-112
-125
-132
-139
-142
-141
-144
-144
-146
-150
-152
-155
-152
-150
-148
-141
-133
-121
-109
-92
-69
-48
-22
4
27
47
66
84
99
115
130
142
149
157
163
170
176
186
195
199
201
202
202
202
203
203
200
199
195
192
188
185
184
182
178
170
156
139
122
104
90
76
64
46
28
9
-12
-32
-53
-75
-100
-127
-158
-195
-234
-275
-316
-353
-386
-409
-427
-440
-449
-460
-469
-479
-484
-488
-490
-483
-475
-464
-451
-433
-407
-373
-324
-264
-201
-133
-68
-4
54
107
159
201
239
276
307
343
380
418
454
488
521
547
571
593
612
629
638
633
614
582
549
519
499
486
476
462
442
416
386
356
330
307
283
255
224
186
141
95
49
5
-36
-75
-114
-160
-212
-269
-330
-395
-457
-518
-578
-637
-693
-745
-792
-830
-860
-886
-909
-926
-933
-933
-921
-904
-888
-867
-833
-780
-710
-622
-525
-429
-337
-240
-138
-31
81
195
297
372
428
473
518
574
642
710
764
809
842
862
881
899
915
921
915
894
853
801
746
693
648
608
574
544
513
486
453
418
376
336
298
258
220
178
129
75
14
-45
-99
-149
-197
-251
-308
-373
-444
-518
-594
-670
-747
-816
-881
-932
-973
-1004
-1027
-1045
-1056
-1059
-1053
-1034
-1013
-988
-958
-919
-861
-784
-690
-586
-477
-360
-243
-117
18
152
281
389
471
532
585
651
725
801
868
910
941
968
987
1003
1013
1013
995
961
916
853
788
731
679
629
580
538
497
461
436
413
386
350
308
261
213
168
125
86
43
-6
-56
-111
-164
-220
-273
-331
-397
-466
-540
-621
-704
-794
-878
-953
-1015
-1061
-1099
-1127
-1153
-1172
-1183
-1185
-1175
-1156
-1120
-1075
-1018
-947
-863
-760
-644
-508
-364
-216
-58
104
265
412
526
610
674
738
806
868
922
959
992
1025
1051
1075
1085
1091
1087
1067
1026
959
882
797
713
636
564
502
456
425
406
392
384
375
361
346
321
289
243
193
143
92
44
-2
-47
-94
-147
-205
-270
-344
-428
-524
-636
-762
-887
-1003
-1097
-1173
-1233
-1276
-1303
-1313
-1312
-1303
-1293
-1279
-1256
-1220
-1172
-1112
-1027
-919
-788
-634
-463
-280
-82
129
340
525
670
771
839
898
948
979
992
999
1018
1043
1078
1112
1135
1148
1148
1122
1068
992
909
816
715
610
504
407
343
317
320
339
365
385
386
377
357
323
271
207
145
81
16
-35
-80
-132
-193
-255
-318
-390
-469
-560
-678
-821
-974
-1116
-1237
-1334
-1403
-1448
-1470
-1472
-1458
-1437
-1410
-1380
-1340
-1293
-1232
-1156
-1055
-924
-770
-597
-410
-210
14
257
504
726
895
1015
1097
1153
1188
1203
1195
1186
1195
1222
1249
1276
1299
1303
1289
1250
1187
1099
1004
899
778
644
503
375
287
244
239
263
307
352
380
390
379
338
271
186
98
9
-70
-117
-157
-215
-289
-371
-446
-517
-586
-666
-780
-937
-1115
-1283
-1440
-1574
-1662
-1701
-1715
-1704
-1661
-1611
-1573
-1536
-1492
-1439
-1373
-1287
-1179
-1036
-864
-682
-495
-290
-48
234
549
839
1059
1200
1294
1349
1354
1344
1316
1296
1310
1350
1391
1415
1442
1468
1462
1438
1385
1311
1223
1100
970
815
644
492
378
316
285
314
388
449
499
534
534
478
378
274
155
46
-20
-67
-104
-169
-239
-306
-385
-456
-531
-603
-706
-875
-1069
-1274
-1468
-1662
-1831
-1918
-1948
-1933
-1892
-1833
-1786
-1770
-1713
-1637
-1577
-1499
-1381
-1225
-1071
-895
-674
-450
-197
124
489
794
1001
1176
1292
1334
1368
1383
1362
1326
1339
1382
1378
1392
1420
1434
1445
1455
1447
1380
1286
1171
995
789
602
451
362
340
374
449
533
616
658
677
680
620
544
483
417
305
184
115
36
-70
-174
-254
-306
-372
-449
-564
-751
-981
-1234
-1487
-1727
-1927
-2078
-2184
-2230
-2225
-2234
-2212
-2141
-2088
-2003
-1869
-1737
-1635
-1543
-1347
-1154
-950
-658
-366
-23
178
471
1004
1381
1473
1453
1631
1762
1641
1568
1504
1681
2023
1914
1463
1140
1130
983
681
712
882
931
757
452
271
169
115
256
586
900
1091
1301
1533
1502
1363
1320
1271
1180
1075
1045
965
733
421
70
-262
-592
-857
-961
-1009
-1081
-1226
-1472
-1743
-1997
-2226
-2342
-2303
-2266
-2290
-2226
-2055
-2036
-2176
-2231
-2231
-2158
-2000
-1742
-1329
-878
-417
-44
358
833
1204
1704
2352
2643
2315
1815
1591
1285
841
775
880
723
305
-134
-650
-1019
-844
-622
-520
-138
319
416
412
703
943
1090
1584
2147
2496
2854
3165
3073
2664
2321
1910
1378
986
650
275
-40
-356
-841
-1258
-1396
-1488
-1565
-1405
-1149
-1150
-1175
-981
-875
-1066
-1206
-1090
-1029
-1057
-952
-943
-1251
-1647
-1804
-1829
-1834
-1778
-1833
-1932
-2028
-2149
-2272
-2081
-1498
-812
78
1024
1512
1988
2905
3223
2331
1494
1280
789
418
724
729
418
491
-37
-1480
-1933
-1201
-1068
-864
327
974
823
1231
1734
1473
1631
2471
2779
3004
3661
3694
3039
2464
1670
527
-177
-556
-1108
-1242
-1003
-1179
-1592
-1647
-1537
-1403
-968
-401
89
454
551
429
330
116
-369
-669
-611
-698
-1032
-1411
-1844
-2479
-3000
-3032
-2863
-2625
-2488
-2407
-2381
-2464
-2388
-2049
-1185
-87
952
2171
3214
3693
3707
3583
2893
1567
760
477
196
162
254
-112
-714
-1100
-1786
-2400
-1844
-894
-276
668
1707
1946
1945
2364
2496
2468
3017
3558
3605
3630
3452
2586
1580
772
-255
-1123
-1359
-1527
-1764
-1682
-1502
-1612
-1619
-1194
-750
-285
228
624
879
869
627
249
-205
-789
-1247
-1396
-1579
-1901
-2228
-2601
-3061
-3269
-3133
-2807
-2356
-1957
-1809
-1914
-2073
-2185
-2035
-1284
-130
1137
2373
3000
3031
2957
2751
1910
779
200
-96
-182
65
-20
-458
-430
-335
-1027
-1421
-722
-51
507
1581
2279
2138
2279
2692
2529
2431
2886
3060
2970
2989
2618
1978
1453
784
-69
-605
-963
-1327
-1328
-1164
-1098
-872
-664
-525
-47
352
308
399
709
476
-48
-209
-533
-1158
-1632
-1888
-2181
-2462
-2566
-2637
-2718
-2784
-2659
-2308
-1958
-1782
-1738
-1825
-2043
-2000
-1729
-1290
-308
993
1871
2139
2218
2257
2308
2318
1793
846
254
54
-325
-806
-809
-309
99
34
-259
-270
81
451
835
1211
1470
1875
2526
3048
3203
3242
3078
2719
2501
2259
1945
1810
1569
881
154
-492
-1252
-1712
-1695
-1502
-1104
-724
-496
-121
242
76
-148
43
-182
-630
-514
-395
-820
-1350
-1718
-2129
-2516
-2643
-2557
-2391
-2384
-2488
-2327
-2170
-2156
-2158
-2086
-2057
-2104
-2138
-2020
-1195
-252
743
1675
2240
2660
3161
3560
2759
1609
752
-320
-1026
-888
-524
-87
966
1378
301
-407
-236
-390
-491
212
1144
1917
2934
3762
3791
3410
2816
2239
2072
2140
2203
2344
2421
1863
698
-324
-1241
-2117
-2304
-1863
-1255
-652
-39
330
328
166
-284
-586
-522
-455
-442
-275
-232
-908
-1696
-2372
-2793
-2734
-2537
-2249
-2078
-2047
-2248
-2390
-2476
-2662
-2736
-2424
-1946
-1554
-1304
-1007
-242
27
179
458
1235
2296
3723
5272
4470
2470
578
-1307
-2693
-2502
-1013
487
2448
3468
2038
332
-326
-1142
-1967
-1333
321
2079
4167
5604
5332
3977
2315
984
480
840
1582
2409
2932
2486
1293
-221
-1621
-2709
-2908
-2278
-1313
-208
692
1191
1082
335
-855
-1551
-1509
-1077
-677
-240
-150
-936
-1848
-2654
-3123
-3169
-2882
-2242
-1714
-1762
-2148
-2231
-2348
-2702
-2634
-2391
-2090
-1688
-1332
-1132
-749
-383
-456
12
878
1776
3114
4513
4479
3241
2143
463
-1180
-1406
-1069
-322
1461
2909
2642
1907
1265
-267
-1620
-1554
-632
954
3089
4669
5096
4700
3532
1877
850
661
934
1915
2878
2777
2070
1153
-305
-1854
-2807
-3001
-2379
-1166
4
777
1125
592
-556
-1410
-1921
-2079
-1724
-1276
-948
-928
-1419
-2133
-2887
-3354
-3387
-3000
-2395
-2026
-2084
-2339
-2500
-2795
-3064
-2781
-2209
-1729
-1275
-743
-474
-647
-637
-93
701
1607
3014
4485
5245
4720
3213
1057
-922
-1910
-2044
-919
1027
2794
3370
2790
1666
90
-1405
-1989
-1337
200
2386
4673
5932
5937
4956
3226
1553
700
751
1558
2577
3084
2624
1812
699
-1161
-2816
-3624
-3301
-2281
-893
526
1238
1211
299
-1028
-1962
-2385
-2346
-1734
-871
-571
-966
-1613
-2413
-3297
-3855
-3770
-3048
-2451
-2216
-2007
-2154
-2661
-3284
-3322
-3073
-2665
-1922
-1102
14
53
-361
-411
-131
347
1447
3421
4855
5563
5133
2665
-453
-2037
-2221
-1372
701
2924
4018
4201
3279
932
-1333
-2243
-2058
-952
1293
3934
5858
6634
5857
3690
1282
-50
-147
618
1917
3112
3324
2619
1460
-338
-2090
-3323
-3465
-2700
-1549
152
1403
1552
710
-613
-1875
-2834
-2863
-2102
-1299
-737
-711
-1375
-2399
-3553
-4238
-4128
-3621
-2878
-2213
-2035
-2311
-2665
-2967
-2979
-2846
-2590
-1939
-1062
-421
-22
135
-280
-346
118
938
2483
4509
5815
5316
3356
608
-1619
-2280
-1480
98
2067
3772
4329
3516
1678
-120
-1321
-1790
-1226
550
2873
5098
6642
6440
4605
2282
613
-52
356
1501
2592
3300
3079
2004
471
-1183
-2546
-3280
-2924
-1807
-420
948
1465
1023
-267
-1753
-2679
-2889
-2387
-1825
-1146
-1005
-1711
-2591
-3519
-4182
-4294
-3747
-2971
-2413
-2245
-2358
-2437
-2779
-2970
-2810
-2611
-1953
-1265
-401
-137
-518
-739
-1027
-626
247
2206
4792
5777
4910
2778
453
-1031
-1161
-269
728
2582
4635
4514
2605
1303
287
-1330
-1722
-782
420
2515
5073
5911
4887
3429
2043
957
712
1313
2098
3034
3579
2959
1826
694
-629
-2122
-2861
-2513
-1611
-579
297
722
300
-859
-2087
-2662
-2732
-2511
-1826
-1222
-1138
-1649
-2509
-3050
-3540
-3834
-3268
-2477
-2198
-2493
-2785
-2633
-2660
-2841
-2781
-2591
-2258
-1735
-826
-537
-998
-1299
-1658
-1229
177
1790
3771
6215
7363
5001
1641
-435
-1624
-1330
469
2350
3999
5651
5104
2216
-16
-1309
-2545
-2501
-896
1240
3785
6268
6688
4651
2253
740
20
289
1406
2978
4219
4269
3264
1755
59
-1952
-3621
-3895
-2920
-1230
406
1118
773
-436
-2173
-3500
-3825
-3428
-2534
-1552
-691
-502
-1475
-2500
-3307
-4002
-3992
-3258
-2316
-2128
-2322
-2396
-2637
-3028
-3240
-3202
-2738
-2061
-1360
-424
-394
-631
-655
-342
443
1648
3558
4948
5657
5543
4006
1651
-416
-1409
-1117
498
2700
4114
4221
3365
1881
-329
-2271
-2456
-1428
211
2588
4859
6093
6084
4863
2593
619
85
834
2148
3200
3595
3273
2297
518
-1526
-3084
-3751
-3157
-1954
-685
475
743
-162
-1763
-2880
-3275
-3245
-2519
-1613
-1060
-1008
-1520
-2249
-3251
-4226
-4269
-3582
-2786
-2431
-2325
-2415
-2831
-3176
-2990
-2507
-2248
-2090
-1563
-910
-836
79
789
650
1129
2070
3264
4396
5479
4657
2888
1784
380
-600
-97
1429
2772
3528
3264
2140
852
-548
-1539
-1538
-756
802
2717
4179
4929
4814
3837
2478
1426
1221
1946
3000
3370
3052
2455
1168
-365
-1492
-2358
-2694
-2192
-1358
-867
-342
-119
-1019
-2153
-2713
-3096
-2830
-1965
-1384
-1040
-1194
-2019
-2777
-3420
-4038
-3983
-3299
-2772
-2541
-2394
-2652
-3079
-3327
-3063
-2743
-2337
-1612
-882
-115
-181
-331
-467
-186
962
2187
4072
5518
5671
4332
1975
-29
-816
-175
866
2011
3403
4106
3371
1751
120
-1383
-2138
-1547
-114
1787
3870
5085
4734
3676
2599
1654
1343
1796
2608
3451
3792
3179
2067
759
-621
-1514
-2037
-2037
-1448
-704
-540
-560
-593
-1535
-2414
-2723
-2858
-2519
-1776
-1319
-1365
-1686
-2510
-3233
-3556
-3798
-3571
-2994
-2568
-2501
-2521
-2682
-2953
-3050
-2816
-2432
-1937
-1508
-1091
-1167
-930
-10
409
952
1439
2382
3858
5248
5408
3927
2267
551
-924
-1286
-419
1396
3440
4168
3135
1644
279
-1093
-1897
-1806
-633
1703
4099
5366
5332
4572
3220
1810
1191
1577
2660
3432
3397
2540
1338
-44
-1453
-2247
-2322
-1803
-838
12
-143
-547
-878
-1736
-2434
-2393
-1841
-1392
-956
-799
-1243
-2075
-3238
-3940
-4064
-3809
-3121
-2362
-2271
-2788
-3315
-3810
-3773
-3209
-2515
-1737
-1146
-989
-502
-547
-1070
-685
267
1521
2813
4381
5452
5422
4268
1461
-1359
-2296
-1353
601
2561
4221
4807
3482
1287
-661
-2130
-2423
-1098
570
2042
3969
5204
4682
3315
1938
746
714
2069
3479
4389
4454
2984
756
-742
-1565
-1934
-1388
-456
31
373
294
-863
-1849
-2445
-2890
-2388
-1452
-811
-540
-687
-1577
-2533
-3143
-3718
-3635
-3162
-2742
-2376
-2333
-2767
-3417
-3753
-3797
-3275
-2576
-2017
-1303
-1317
-1320
-1415
-1226
180
1020
1812
2350
2975
4243
5220
4634
2352
874
38
-939
-1070
-29
1742
3589
3712
1706
134
-298
-767
-1087
-701
522
2568
4263
4597
4112
3442
2620
1809
1698
2447
3508
3694
2563
1071
29
-814
-1332
-1279
-890
-194
240
-24
-929
-1357
-1505
-2038
-1974
-1315
-894
-795
-981
-1655
-2459
-3120
-3700
-3904
-3512
-2979
-2524
-2410
-2825
-3386
-3712
-3583
-3073
-2528
-1855
-1381
-1165
-754
-801
-1316
-1321
-562
545
2004
3525
4792
5845
5983
3869
607
-1738
-2752
-1950
371
2924
4875
5163
3077
148
-1813
-2581
-1892
65
2205
3902
4786
4488
3215
1881
960
761
1735
3572
5082
5485
4190
1530
-955
-2324
-2420
-1643
-310
826
1028
542
-684
-1874
-2416
-2734
-2253
-1160
-440
-296
-719
-1750
-2875
-3608
-4042
-3963
-3354
-2757
-2387
-2297
-2771
-3603
-4028
-4015
-3436
-2594
-2110
-1851
-1865
-1673
-1575
-1870
-1812
-757
880
2354
3644
5096
5945
5461
3156
-259
-2102
-1364
319
1496
2654
3875
3693
1599
-875
-2204
-1728
137
1857
2602
3365
3923
3211
2076
1537
1700
2517
3671
4637
4966
4632
3116
793
-743
-1315
-1006
-249
185
309
23
-673
-1574
-2023
-1561
-1056
-830
-486
-559
-1001
-1573
-2333
-2739
-2862
-2856
-2839
-2902
-2965
-3164
-3315
-3382
-3493
-3354
-2941
-2485
-2431
-2799
-3096
-3103
-2429
-1600
-1607
-1450
-525
749
2079
3024
4451
5918
6130
3419
-844
-2792
-1779
561
2509
3389
3779
3632
1404
-1813
-2909
-1359
946
2515
3136
3475
3760
3071
1251
199
1027
2907
4653
5731
5710
4267
2026
76
-835
-609
464
1156
822
302
-612
-1931
-2574
-2281
-1303
-372
-35
-254
-861
-1696
-2543
-2941
-2643
-2211
-2179
-2425
-3142
-3644
-3711
-3900
-3715
-3363
-3069
-2673
-2424
-2429
-2946
-3795
-4024
-3581
-2618
-1863
-890
608
1769
2405
2367
2760
3729
4377
3473
1583
619
856
1006
713
827
1578
1943
988
-229
-372
449
1385
1795
1702
1920
2491
2763
2722
3108
3607
3641
3671
3998
4140
3620
2716
1662
980
801
569
239
-160
-499
-1023
-1601
-1654
-1352
-928
-624
-597
-627
-810
-1197
-1834
-2317
-2192
-1940
-2126
-2569
-3075
-3726
-4027
-3766
-3373
-3128
-2925
-2811
-2935
-3079
-3203
-3572
-3776
-3389
-2769
-2368
-1693
-729
612
1868
3054
4676
5562
4822
2716
447
-994
-727
749
1862
2574
3158
1916
-627
-1747
-1180
-39
1520
2973
3253
2902
2298
1407
1294
2529
3745
4227
4692
5095
4489
3025
1628
784
847
1305
1490
1202
479
-459
-1646
-2460
-2276
-1306
-266
-1
-373
-846
-1331
-1525
-1644
-1796
-1639
-1775
-2328
-3142
-3865
-4087
-3855
-3415
-3015
-2925
-2991
-3138
-3328
-3341
-3375
-3341
-3573
-3624
-3585
-3438
-2173
-291
1488
2892
3873
4294
4121
3246
1674
606
1020
1810
1985
1721
1149
526
-239
-937
-649
608
1789
2162
1845
1268
1108
1419
2073
3446
4683
4839
4298
3891
3563
3401
3483
3229
2850
2562
1666
374
-462
-825
-973
-1005
-882
-957
-1126
-1326
-1627
-1637
-1277
-615
-129
-360
-1015
-1698
-2621
-3257
-3137
-2849
-2717
-2833
-3160
-3668
-4090
-3920
-3783
-3627
-3334
-3164
-3516
-4169
-4494
-4625
-3661
-1927
-93
1320
2807
4440
5349
4589
2228
487
678
1836
2541
2372
1347
520
-390
-1957
-2358
-394
1876
2645
2157
1144
638
1225
2224
3262
4607
5350
4969
4267
4171
4206
4042
3999
3651
3111
2178
956
-32
-742
-909
-813
-749
-772
-1175
-1578
-1880
-1882
-1265
-657
-209
55
-245
-903
-1706
-2408
-2670
-2619
-2462
-2470
-2964
-3810
-4614
-4738
-4072
-3492
-3267
-3653
-4231
-4755
-4791
-4532
-3987
-2294
-587
497
921
1821
3240
4148
3696
2498
2094
2413
2392
1592
377
-364
-375
-1018
-1677
-821
711
1220
895
314
271
1253
2415
3242
4298
5166
4892
4252
4302
4698
4725
4517
4175
3768
3096
1870
676
110
-5
-200
-731
-1077
-1317
-1515
-1554
-1430
-927
-578
-433
-306
-406
-633
-722
-909
-1402
-1817
-2190
-2772
-3314
-3590
-3896
-4070
-3793
-3554
-3567
-3983
-4581
-4968
-5007
-4846
-4450
-3282
-2045
-973
-458
-38
1725
3899
4120
2622
1934
2407
2814
2511
1237
-66
-26
-506
-2069
-2008
14
1308
1005
80
-508
298
1801
2681
3358
4552
4975
4409
4315
4955
5227
4987
4669
4244
3837
3086
1908
1045
813
561
-278
-1080
-1354
-1405
-1258
-1138
-747
-407
-581
-745
-689
-527
-193
-18
-476
-1130
-1657
-2275
-2903
-3318
-3576
-3732
-3618
-3498
-3660
-3907
-4412
-4790
-5029
-5026
-4748
-3924
-3037
-2285
-1821
-1304
648
3271
3846
2158
1226
1935
3052
3403
2128
426
361
-189
-2381
-3041
-886
1151
1279
-172
-1759
-1319
860
2374
3014
3965
4315
3641
3564
4749
5962
6222
5337
4280
3800
3354
2598
2073
1742
1348
808
-270
-1535
-2014
-1513
-1089
-689
-190
-631
-1089
-737
-390
-66
235
-81
-882
-1406
-1664
-2025
-2504
-3007
-3600
-3920
-3706
-3577
-3751
-4034
-4323
-4557
-4529
-4502
-4324
-3706
-2952
-2283
-1637
-383
1554
2951
2441
1067
1204
2502
3191
2828
1490
393
212
-631
-1992
-1433
403
830
-235
-1286
-1263
231
2091
2698
2618
2905
3135
3312
4358
5715
6131
5461
4504
3991
3833
3513
2971
2376
1731
1085
231
-776
-1275
-870
-458
-560
-623
-984
-1614
-1211
-342
8
224
-87
-1057
-1760
-1676
-1478
-1624
-1994
-2798
-3727
-4024
-3870
-3712
-3593
-3604
-3869
-4233
-4508
-4422
-3884
-3322
-2727
-2025
-1474
-452
1177
1865
1255
1254
1886
1889
2177
2224
1006
380
410
-782
-1436
-212
401
-180
-383
-558
-346
1197
2168
1826
1956
2544
2732
3569
5101
5709
5404
4918
4234
3932
4150
3954
3114
2204
1424
620
-54
-380
-405
-362
-555
-698
-782
-1185
-1172
-668
-291
36
39
-729
-1626
-1635
-1272
-1341
-1747
-2590
-3497
-3739
-3513
-3436
-3639
-3893
-4114
-4354
-4181
-3783
-3443
-3009
-2784
-2838
-2763
-1317
960
1966
1456
563
418
1484
2549
1907
405
323
555
-642
-1493
-698
606
1128
230
-1438
-1503
620
2241
2428
2487
2319
1990
2620
3951
5023
5684
5315
4221
3951
4429
4366
3763
3028
1774
592
272
137
73
195
-166
-477
-535
-915
-1097
-639
131
478
60
-914
-1786
-1713
-1160
-901
-1203
-2261
-3297
-3595
-3411
-3246
-3306
-3680
-4324
-4607
-4260
-3486
-2653
-2384
-2742
-3081
-2260
-693
290
388
-25
201
1143
1679
1403
631
260
102
-758
-1403
-887
255
696
0
-932
-1131
-95
1173
1635
1949
2178
2029
2229
3214
4295
4747
4547
3906
3718
4371
4831
4507
3652
2603
1616
1038
904
654
228
-280
-673
-567
-327
-101
140
296
208
-296
-733
-965
-939
-656
-665
-1139
-2076
-2914
-3024
-2657
-2329
-2745
-3703
-4463
-4591
-4115
-3641
-2877
-2544
-2933
-2894
-2416
-1264
88
513
-234
-1013
-171
926
1313
1517
632
-538
-1107
-1549
-1568
-655
555
409
-725
-1333
-1140
208
1923
2431
1742
1054
1163
2056
3671
4906
4723
3950
3348
3417
4235
4862
4628
3556
2409
1663
1416
1601
1313
453
-378
-866
-743
-273
252
557
463
190
-125
-380
-459
-403
-404
-731
-1270
-1843
-2227
-2146
-1982
-2279
-3054
-3774
-3947
-3828
-3528
-3236
-3255
-3156
-3075
-2881
-1782
-190
442
-481
-1308
-894
271
1383
964
-464
-834
-548
-887
-1382
-1042
-401
-583
-1318
-1845
-1264
433
1451
1133
752
901
1183
1819
2933
3671
3720
3469
3299
3709
4587
4916
4273
3389
2666
2093
2018
2105
1834
1108
-18
-759
-731
-277
184
299
148
-194
-395
-169
211
477
148
-597
-1109
-1469
-1642
-1550
-1446
-1624
-2359
-3085
-3325
-3449
-3147
-2682
-2937
-3313
-3255
-3006
-2203
-717
123
-689
-1496
-1041
-253
731
1123
-74
-1038
-921
-1051
-1362
-881
-205
-586
-1500
-1979
-1671
-155
1297
1103
388
453
896
1530
2645
3387
3197
2910
2818
3060
4021
4848
4636
3835
3068
2398
2090
2253
2264
1752
757
-142
-301
-17
348
506
174
-409
-809
-549
129
484
257
-507
-1091
-1077
-975
-966
-1133
-1541
-2130
-2561
-2538
-2590
-2630
-2383
-2490
-2846
-2853
-2643
-2079
-1141
-678
-1257
-1703
-1042
-217
154
130
-398
-935
-1066
-1248
-1491
-1147
-596
-960
-1851
-2105
-1463
-347
479
404
-130
-163
472
1449
2559
3133
2804
2278
2251
2875
3809
4363
4155
3532
3043
2697
2522
2559
2365
1693
804
257
271
472
639
550
103
-320
-481
-266
228
515
202
-499
-956
-980
-770
-560
-648
-1108
-1758
-2035
-1877
-1868
-1823
-1803
-2208
-2523
-2579
-2281
-1301
-296
-515
-1771
-2040
-947
-44
108
-562
-1349
-1238
-1103
-1533
-1597
-973
-690
-1571
-2641
-2579
-1343
75
449
-160
-615
-443
217
1235
2328
2830
2447
1940
2013
2640
3429
3800
3536
3008
2628
2508
2545
2648
2483
1680
739
354
406
581
740
655
261
-139
-253
-72
246
423
124
-538
-969
-946
-721
-547
-602
-967
-1523
-1725
-1453
-1175
-962
-1052
-1560
-1865
-1760
-1268
-493
-75
-548
-1371
-1349
-494
144
-1
-883
-1613
-1606
-1648
-1893
-1669
-1147
-1171
-1978
-2820
-2652
-1369
-238
-262
-774
-873
-541
167
1181
1974
2136
1792
1451
1856
2936
3587
3356
2759
2268
2090
2153
2343
2535
2324
1572
767
496
695
897
861
471
-65
-238
-149
72
460
449
-91
-573
-739
-627
-448
-429
-593
-928
-1188
-1212
-1046
-698
-397
-406
-644
-1027
-1119
-455
598
786
-450
-1656
-1232
228
955
51
-1476
-1973
-1664
-1814
-2233
-1841
-1077
-1431
-2847
-3524
-2378
-425
217
-858
-1861
-1662
-819
150
1212
1845
1545
754
488
1476
3010
3544
2897
2071
1623
1567
1863
2280
2317
1787
904
275
528
1151
1177
755
338
-63
-296
-186
62
142
-16
-335
-570
-519
-398
-425
-429
-405
-507
-709
-798
-494
-18
123
-74
-385
-436
269
1281
1356
344
-492
-396
224
616
137
-797
-1049
-1032
-1713
-2167
-1516
-887
-1417
-2726
-3561
-2822
-1070
-233
-820
-1521
-1628
-1382
-685
443
1151
928
249
-68
661
2008
2654
2374
1954
1609
1324
1460
1935
2068
1581
787
264
482
1009
1000
585
328
183
23
-17
42
-27
-346
-740
-869
-638
-314
-290
-574
-684
-556
-463
-353
-133
115
360
472
189
-39
549
1546
1953
1485
551
109
616
1162
768
-110
-578
-862
-1466
-1978
-1812
-1121
-795
-1636
-3023
-3353
-2225
-1025
-808
-1258
-1776
-1970
-1449
-315
653
876
439
-197
-204
732
1679
1908
1695
1321
915
885
1283
1576
1439
938
348
155
439
683
621
356
9
-188
-133
-50
-67
-250
-646
-945
-951
-832
-598
-291
-215
-407
-518
-324
82
604
1001
996
714
625
1131
2037
2508
2102
1307
932
1250
1560
1164
564
330
-100
-1086
-1872
-1772
-1116
-833
-1518
-2568
-2770
-2061
-1445
-1290
-1299
-1491
-1796
-1654
-854
111
611
382
-111
-46
623
1227
1435
1284
792
233
117
562
1088
1095
488
-160
-281
53
373
397
169
-148
-411
-490
-367
-194
-217
-542
-933
-1074
-933
-655
-404
-386
-545
-603
-399
23
570
1072
1239
1024
1009
1587
2418
2856
2518
1804
1570
1883
1949
1440
938
688
188
-591
-1011
-759
-385
-737
-1812
-2504
-2101
-1343
-1245
-1604
-1767
-1736
-1613
-1215
-595
-116
-91
-397
-392
229
898
1032
813
579
289
-6
-39
139
188
-49
-417
-550
-339
-130
-181
-323
-326
-284
-370
-524
-649
-746
-829
-871
-821
-720
-723
-867
-911
-708
-488
-417
-287
55
504
902
1075
1190
1750
2556
2762
2391
2299
2626
2811
2534
1845
1312
1387
1340
524
-263
-238
62
-99
-685
-1271
-1465
-1234
-1044
-1178
-1353
-1468
-1650
-1604
-1075
-497
-347
-453
-337
74
445
613
601
444
271
183
98
-10
-84
-316
-754
-955
-782
-633
-675
-720
-750
-824
-838
-807
-820
-870
-1041
-1326
-1467
-1270
-940
-849
-941
-903
-748
-649
-454
14
513
766
799
883
1465
2514
3085
2655
2158
2416
2906
2941
2459
1828
1581
1592
1126
337
158
535
516
-136
-729
-723
-304
-145
-571
-1093
-1214
-1098
-939
-624
-334
-435
-792
-817
-214
554
825
530
95
-122
-80
47
78
-137
-590
-1026
-1160
-996
-869
-1045
-1313
-1338
-1207
-1195
-1347
-1523
-1640
-1676
-1563
-1393
-1350
-1442
-1575
-1578
-1259
-764
-491
-459
-318
113
673
1012
1112
1474
2257
2740
2479
2183
2632
3441
3511
2496
1475
1491
1913
1590
771
492
761
610
-221
-717
-180
588
466
-374
-878
-699
-425
-398
-347
-132
-75
-329
-404
9
466
581
454
259
32
-190
-293
-294
-364
-648
-1055
-1225
-1054
-986
-1327
-1687
-1663
-1442
-1319
-1359
-1640
-2104
-2348
-2137
-1769
-1595
-1693
-1921
-1911
-1422
-864
-702
-663
-400
31
480
834
1187
1844
2660
2862
2335
2104
2739
3492
3430
2561
1825
1835
1954
1400
683
764
1252
942
-120
-603
20
791
676
-117
-540
-227
123
81
84
297
253
-83
-64
513
1047
1037
600
201
162
266
91
-322
-693
-1059
-1438
-1514
-1269
-1190
-1480
-1806
-1885
-1790
-1697
-1746
-1996
-2305
-2460
-2430
-2266
-2089
-2159
-2429
-2432
-1967
-1392
-972
-648
-326
17
317
677
1422
2419
2811
2313
1892
2388
3366
3707
2906
1812
1550
1879
1767
1166
881
1020
854
146
-316
129
956
1055
260
-404
-234
253
398
361
494
617
453
265
494
1035
1413
1304
815
403
352
420
269
-113
-596
-1074
-1359
-1364
-1380
-1644
-1961
-2119
-2118
-2004
-1916
-2082
-2428
-2633
-2608
-2512
-2447
-2480
-2584
-2569
-2310
-1905
-1476
-1028
-654
-403
-115
336
1044
1989
2624
2404
1844
1972
2875
3582
3255
2213
1577
1717
1806
1359
1018
1198
1187
430
-372
-226
708
1239
696
-69
-14
561
829
787
850
945
772
544
716
1284
1740
1630
1141
808
786
825
697
378
-69
-602
-1079
-1277
-1277
-1370
-1648
-1995
-2235
-2248
-2207
-2325
-2560
-2759
-2806
-2767
-2749
-2730
-2715
-2684
-2580
-2392
-2005
-1465
-1036
-752
-472
-96
552
1486
2181
2124
1718
1818
2521
3095
2893
2142
1719
1842
1729
1137
877
1208
1239
456
-357
-232
631
1096
579
-126
-104
343
582
774
1169
1403
1201
895
975
1494
1960
1906
1478
1095
932
897
827
619
257
-241
-726
-1016
-1147
-1279
-1488
-1788
-2103
-2304
-2380
-2462
-2642
-2805
-2830
-2842
-2937
-2990
-2886
-2671
-2511
-2377
-2031
-1460
-938
-626
-367
121
887
1607
1845
1615
1501
1909
2521
2705
2254
1687
1556
1604
1327
906
872
1129
990
261
-292
4
705
837
301
-72
148
511
672
842
1124
1236
1022
818
1069
1681
2077
1941
1525
1219
1148
1157
1068
835
470
6
-416
-678
-821
-956
-1180
-1549
-1978
-2283
-2411
-2503
-2661
-2814
-2912
-3022
-3126
-3087
-2843
-2519
-2311
-2152
-1794
-1198
-620
-293
-52
410
1086
1652
1832
1725
1721
1983
2194
2024
1616
1338
1206
981
669
558
713
776
404
-147
-239
227
653
596
286
172
305
481
676
1001
1287
1249
969
843
1071
1450
1653
1548
1260
985
831
785
829
876
717
303
-169
-478
-586
-613
-788
-1241
-1814
-2241
-2426
-2489
-2566
-2693
-2881
-3099
-3183
-3011
-2672
-2342
-2096
-1856
-1521
-1068
-574
-85
476
1068
1467
1595
1645
1766
1960
2112
2034
1720
1415
1255
1061
719
418
337
370
279
-10
-246
-125
247
493
493
438
480
575
656
816
1094
1277
1192
989
933
1074
1235
1224
1023
783
636
558
484
416
359
258
94
-102
-272
-371
-427
-556
-846
-1239
-1625
-1963
-2239
-2442
-2586
-2711
-2854
-2956
-2895
-2669
-2369
-2061
-1757
-1408
-988
-533
-57
448
909
1209
1374
1543
1769
1959
1981
1814
1580
1403
1246
994
689
483
386
281
106
-64
-99
25
181
260
308
406
566
739
902
1050
1169
1224
1194
1132
1086
1050
988
866
707
565
459
349
203
60
-18
-38
-72
-136
-201
-240
-271
-376
-603
-885
-1147
-1364
-1550
-1738
-1956
-2209
-2456
-2609
-2634
-2544
-2353
-2125
-1898
-1634
-1301
-906
-475
-41
322
574
784
1011
1242
1418
1486
1452
1416
1428
1427
1342
1218
1114
1002
853
702
602
572
591
605
594
597
646
729
829
920
950
898
818
783
787
775
734
636
476
295
150
66
26
-14
-74
-147
-202
-226
-254
-297
-353
-432
-542
-674
-813
-966
-1156
-1370
-1587
-1768
-1895
-2003
-2124
-2243
-2304
-2270
-2151
-1981
-1772
-1515
-1210
-872
-534
-234
25
262
508
775
1029
1227
1358
1473
1604
1719
1780
1812
1849
1858
1813
1727
1627
1516
1378
1223
1089
984
867
736
646
622
606
533
429
375
373
350
267
156
79
49
43
32
16
-23
-69
-110
-144
-192
-284
-404
-520
-655
-842
-1073
-1312
-1525
-1713
-1894
-2057
-2175
-2248
-2287
-2320
-2332
-2270
-2114
-1908
-1709
-1521
-1319
-1059
-747
-424
-154
51
222
404
635
903
1145
1307
1432
1597
1819
2051
2225
2303
2300
2282
2282
2282
2220
2068
1853
1635
1447
1278
1115
960
799
624
453
328
269
223
136
3
-119
-182
-187
-172
-170
-178
-185
-174
-145
-119
-142
-251
-417
-596
-772
-976
-1250
-1584
-1914
-2172
-2353
-2502
-2645
-2754
-2789
-2743
-2631
-2462
-2236
-1969
-1685
-1381
-1052
-708
-394
-138
76
274
446
581
714
869
1048
1198
1290
1372
1502
1687
1880
2026
2119
2187
2255
2333
2386
2369
2278
2137
1989
1851
1725
1576
1373
1134
910
733
590
439
239
14
-170
-283
-350
-394
-426
-447
-447
-414
-348
-280
-253
-295
-399
-542
-717
-939
-1220
-1550
-1890
-2198
-2469
-2709
-2897
-3016
-3069
-3072
-3009
-2846
-2569
-2221
-1871
-1546
-1209
-838
-471
-130
179
447
668
843
983
1113
1243
1345
1398
1428
1484
1574
1666
1736
1785
1822
1873
1935
1989
2034
2068
2067
2015
1948
1901
1852
1755
1602
1421
1245
1087
921
721
507
303
104
-81
-222
-304
-368
-427
-479
-513
-532
-554
-606
-709
-848
-1010
-1191
-1399
-1647
-1927
-2213
-2469
-2682
-2841
-2935
-2981
-2983
-2927
-2789
-2563
-2287
-2001
-1708
-1387
-1039
-693
-369
-69
216
477
716
946
1168
1368
1523
1617
1678
1729
1767
1773
1750
1716
1688
1671
1650
1632
1635
1655
1674
1677
1679
1694
1723
1743
1730
1683
1604
1506
1391
1255
1094
902
698
507
340
184
21
-148
-305
-433
-540
-642
-762
-913
-1089
-1276
-1463
-1662
-1879
-2100
-2297
-2452
-2575
-2676
-2753
-2794
-2772
-2678
-2517
-2317
-2105
-1888
-1643
-1370
-1093
-829
-582
-342
-104
128
354
570
775
976
1158
1308
1426
1522
1600
1654
1677
1665
1633
1589
1543
1499
1465
1443
1424
1407
1407
1437
1478
1508
1519
1508
1488
1455
1403
1335
1258
1167
1055
923
782
642
496
342
182
10
-180
-391
-619
-854
-1083
-1304
-1530
-1762
-1989
-2203
-2382
-2514
-2601
-2655
-2673
-2653
-2587
-2459
-2283
-2083
-1883
-1681
-1472
-1260
-1045
-828
-618
-424
-243
-66
117
309
496
665
810
938
1064
1190
1302
1379
1423
1453
1470
1477
1473
1460
1450
1445
1428
1399
1386
1398
1420
1432
1433
1432
1425
1406
1378
1340
1297
1244
1176
1109
1048
968
857
710
539
358
166
-52
-307
-592
-894
-1193
-1477
-1740
-1983
-2202
-2382
-2506
-2573
-2588
-2562
-2493
-2378
-2217
-2025
-1832
-1648
-1462
-1276
-1089
-906
-735
-579
-434
-292
-152
-8
154
334
505
661
806
934
1041
1131
1194
1236
1263
1267
1260
1236
1211
1192
1173
1155
1148
1157
1186
1217
1227
1221
1215
1213
1206
1185
1148
1100
1049
1002
952
887
811
721
618
503
367
191
-28
-272
-523
-773
-1031
-1293
-1553
-1797
-2000
-2150
-2251
-2305
-2305
-2245
-2131
-1974
-1794
-1606
-1412
-1215
-1032
-869
-728
-608
-502
-413
-322
-219
-104
22
151
272
386
498
608
714
806
874
919
943
946
942
931
919
904
889
879
876
889
920
956
984
994
993
992
995
983
947
894
845
800
754
706
650
580
497
400
291
178
50
-102
-282
-476
-676
-872
-1062
-1239
-1397
-1527
-1614
-1657
-1656
-1615
-1547
-1452
-1336
-1194
-1023
-847
-703
-596
-496
-379
-248
-140
-68
-16
42
119
206
287
362
434
505
578
646
691
709
700
683
678
676
663
634
604
590
596
622
653
677
684
680
673
664
657
646
626
594
551
507
465
418
364
300
237
169
83
-21
-143
-274
-419
-585
-757
-911
-1039
-1156
-1265
-1354
-1397
-1389
-1334
-1243
-1125
-998
-875
-754
-622
-483
-354
-247
-154
-68
18
97
167
231
292
354
418
480
541
589
618
623
610
599
596
592
573
537
496
466
446
441
437
423
409
404
415
430
427
403
382
377
385
391
375
328
266
211
173
135
73
-24
-145
-268
-378
-481
-583
-693
-814
-938
-1051
-1137
-1199
-1248
-1287
-1298
-1253
-1152
-1019
-881
-743
-601
-442
-265
-89
74
208
308
389
458
522
579
628
662
693
717
736
742
736
734
724
697
657
617
583
550
507
459
415
387
377
376
384
386
387
388
391
391
373
339
296
257
234
219
198
158
93
9
-79
-170
-275
-398
-538
-678
-806
-924
-1029
-1124
-1211
-1283
-1333
-1345
-1322
-1271
-1198
-1109
-1000
-867
-713
-551
-398
-243
-89
61
213
359
490
603
702
789
866
930
970
988
984
971
952
927
896
843
773
697
630
578
531
479
422
363
313
284
277
292
310
316
302
274
251
238
223
196
168
144
124
95
35
-60
-178
-300
-421
-542
-668
-813
-967
-1116
-1247
-1355
-1445
-1517
-1564
-1570
-1536
-1469
-1378
-1260
-1118
-954
-773
-590
-414
-245
-86
56
187
312
434
553
661
758
847
931
1008
1068
1106
1128
1140
1142
1123
1079
1015
949
889
837
784
730
673
614
554
499
455
428
413
399
367
318
266
229
214
207
195
172
137
97
54
-11
-103
-223
-369
-521
-670
-815
-961
-1116
-1268
-1408
-1521
-1597
-1653
-1694
-1718
-1707
-1640
-1519
-1360
-1187
-1013
-838
-654
-456
-249
-56
109
252
384
515
641
750
833
899
971
1053
1124
1163
1167
1143
1117
1094
1076
1057
1031
996
951
905
864
824
782
737
689
639
598
561
526
479
423
362
311
276
252
234
209
167
108
42
-26
-104
-208
-346
-508
-681
-846
-998
-1151
-1309
-1462
-1598
-1701
-1767
-1803
-1815
-1796
-1731
-1619
-1467
-1295
-1121
-954
-782
-594
-398
-213
-50
93
226
359
496
629
747
846
921
978
1020
1049
1059
1057
1046
1024
999
977
956
931
903
878
862
850
835
809
774
736
706
679
648
603
543
479
422
380
349
325
297
255
198
125
36
-69
-196
-346
-514
-689
-864
-1024
-1170
-1306
-1429
-1536
-1617
-1673
-1703
-1705
-1673
-1606
-1504
-1374
-1227
-1072
-920
-770
-619
-461
-303
-149
-8
123
246
369
495
612
711
787
849
903
950
987
1000
997
980
968
968
975
978
969
948
926
908
888
860
827
788
754
724
693
659
618
577
533
493
458
426
388
334
262
172
74
-33
-157
-294
-440
-588
-736
-881
-1028
-1177
-1320
-1445
-1542
-1609
-1647
-1655
-1622
-1552
-1444
-1314
-1174
-1033
-900
-773
-642
-509
-380
-256
-146
-47
48
149
259
375
486
582
656
709
745
765
780
792
806
816
824
835
848
861
873
879
878
877
876
865
846
814
778
737
694
648
603
562
520
478
438
402
364
315
247
161
60
-56
-185
-324
-471
-619
-766
-906
-1042
-1171
-1289
-1383
-1451
-1493
-1511
-1501
-1451
-1364
-1245
-1110
-971
-833
-698
-564
-434
-318
-222
-144
-70
5
84
168
255
337
411
468
512
543
564
580
596
612
623
632
645
667
701
733
754
759
754
751
750
744
727
701
670
642
620
600
577
549
519
491
465
434
390
324
243
151
58
-39
-142
-263
-390
-515
-636
-754
-879
-1008
-1127
-1225
-1296
-1337
-1347
-1324
-1259
-1157
-1023
-875
-729
-602
-484
-371
-262
-164
-80
-8
52
114
179
246
310
367
413
441
450
441
423
412
416
426
432
434
441
457
484
516
541
547
546
549
562
578
592
592
584
569
553
536
523
510
496
473
443
405
359
303
234
154
63
-39
-148
-259
-368
-474
-587
-708
-835
-956
-1060
-1143
-1203
-1238
-1245
-1212
-1141
-1034
-907
-772
-644
-525
-408
-290
-173
-66
24
98
161
223
286
345
393
429
451
457
449
423
394
366
344
323
308
303
312
336
367
396
414
419
417
417
422
432
444
453
462
470
474
470
464
454
442
419
383
334
279
222
161
90
10
-83
-187
-296
-406
-517
-633
-754
-872
-970
-1047
-1098
-1133
-1146
-1130
-1083
-1005
-901
-782
-655
-530
-408
-291
-182
-79
22
122
214
298
370
432
486
535
578
603
602
579
543
509
480
457
435
417
408
405
404
403
397
383
368
358
354
358
363
370
372
370
367
360
350
337
319
298
279
255
219
175
124
65
-8
-97
-199
-305
-409
-503
-593
-689
-788
-882
-961
-1019
-1061
-1091
-1102
-1086
-1039
-962
-860
-747
-635
-523
-410
-297
-183
-76
23
116
203
290
370
445
514
576
631
671
690
686
667
642
619
601
584
562
538
515
502
492
482
460
427
387
351
319
292
269
249
233
224
230
240
244
239
215
181
141
101
56
3
-54
-125
-208
-303
-405
-500
-594
-683
-774
-862
-937
-995
-1038
-1064
-1079
-1079
-1060
-1023
-963
-884
-790
-685
-571
-451
-329
-215
-110
-12
83
182
283
378
465
550
631
707
772
819
842
844
835
815
792
771
750
736
719
700
676
643
606
565
516
463
407
346
288
237
198
172
160
156
153
142
124
98
70
37
-2
-54
-120
-202
-298
-401
-503
-603
-696
-779
-852
-917
-975
-1025
-1059
-1083
-1095
-1094
-1076
-1036
-976
-900
-808
-705
-592
-477
-360
-249
-145
-48
44
135
228
322
414
506
597
684
765
834
886
924
942
947
945
938
930
914
896
874
850
819
777
720
648
573
492
414
337
262
193
127
73
32
3
-22
-48
-75
-102
-134
-176
-228
-289
-358
-433
-519
-610
-704
-795
-879
-947
-1001
-1041
-1074
-1101
-1116
-1118
-1108
-1083
-1044
-991
-923
-839
-742
-637
-525
-406
-284
-166
-60
33
118
200
283
370
461
554
650
741
825
899
963
1017
1063
1096
1118
1127
1126
1120
1106
1089
1065
1024
967
892
808
712
612
508
405
309
224
154
91
33
-21
-72
-116
-159
-205
-254
-310
-371
-442
-517
-597
-679
-760
-839
-912
-976
-1030
-1073
-1108
-1134
-1151
-1160
-1156
-1133
-1095
-1046
-987
-921
-851
-768
-673
-567
-451
-330
-210
-95
15
120
215
306
394
477
560
639
712
777
835
890
943
998
1051
1095
1126
1145
1152
1149
1136
1110
1068
1012
946
873
792
705
612
515
418
320
224
130
44
-36
-110
-178
-240
-298
-352
-406
-467
-533
-601
-666
-727
-785
-841
-896
-951
-995
-1029
-1054
-1068
-1078
-1082
-1073
-1053
-1020
-980
-930
-874
-810
-737
-656
-569
-474
-369
-262
-152
-39
68
172
269
358
440
516
588
659
731
800
862
919
972
1022
1066
1102
1124
1136
1140
1132
1111
1082
1042
990
928
860
781
698
611
520
423
324
226
129
36
-54
-139
-220
-293
-361
-427
-490
-554
-619
-681
-737
-783
-828
-867
-903
-935
-956
-969
-974
-975
-977
-974
-963
-945
-918
-886
-851
-808
-759
-704
-641
-570
-492
-407
-314
-213
-110
-6
93
192
286
377
468
558
643
723
798
865
926
979
1024
1061
1088
1101
1102
1092
1070
1040
1003
958
905
844
779
711
633
549
460
367
273
180
90
3
-84
-168
-250
-328
-405
-478
-546
-605
-655
-700
-738
-770
-795
-817
-832
-841
-846
-845
-840
-831
-817
-800
-779
-758
-733
-703
-669
-632
-589
-541
-490
-433
-370
-297
-217
-132
-44
48
140
230
319
405
490
572
646
714
775
826
866
897
920
932
934
929
914
893
865
830
784
729
670
603
531
456
379
301
225
151
77
2
-70
-139
-204
-266
-330
-394
-452
-505
-549
-587
-618
-644
-664
-676
-678
-674
-665
-655
-642
-627
-610
-589
-565
-540
-515
-488
-460
-429
-400
-367
-334
-298
-260
-218
-169
-114
-52
14
84
156
228
299
371
440
506
567
621
667
708
744
775
797
806
801
782
755
724
686
644
592
537
478
415
347
279
210
141
77
14
-42
-100
-158
-212
-261
-306
-349
-386
-421
-458
-492
-527
-559
-582
-595
-603
-607
-607
-601
-593
-578
-559
-535
-512
-487
-461
-432
-402
-371
-344
-315
-284
-250
-210
-166
-120
-74
-20
40
101
161
222
282
348
414
475
529
575
613
643
673
700
720
727
723
707
681
647
605
558
506
452
399
344
287
227
166
103
43
-15
-70
-123
-173
-218
-262
-303
-345
-382
-415
-443
-466
-489
-510
-530
-548
-558
-564
-568
-569
-564
-550
-528
-503
-478
-453
-425
-393
-359
-324
-286
-247
-206
-161
-116
-67
-20
33
91
152
216
276
330
380
428
474
516
551
580
603
621
636
646
649
645
629
604
573
536
494
447
396
345
293
243
196
148
99
46
-6
-56
-103
-148
-192
-236
-279
-318
-352
-381
-407
-434
-459
-482
-500
-513
-525
-531
-533
-531
-523
-510
-496
-479
-459
-433
-403
-368
-329
-289
-250
-212
-171
-129
-87
-39
8
56
108
162
219
275
330
380
424
464
504
536
560
577
586
589
586
578
561
538
509
473
431
389
346
299
250
200
148
97
51
10
-31
-72
-111
-148
-182
-212
-241
-270
-300
-326
-353
-376
-394
-410
-425
-439
-449
-456
-457
-452
-445
-436
-424
-408
-390
-368
-343
-319
-296
-270
-241
-209
-173
-135
-99
-61
-21
21
66
110
152
195
239
283
323
361
394
425
454
480
503
520
526
527
518
503
487
460
428
390
348
307
265
224
182
135
91
51
15
-17
-49
-81
-114
-145
-170
-191
-211
-228
-243
-261
-277
-293
-308
-324
-338
-352
-367
-376
-381
-382
-375
-368
-357
-342
-327
-313
-295
-277
-254
-229
-202
-178
-152
-123
-90
-52
-12
24
62
99
137
172
210
245
277
309
338
365
386
405
419
429
434
434
429
421
409
393
369
342
311
281
249
215
177
138
100
63
27
-8
-44
-75
-104
-129
-153
-174
-191
-208
-221
-234
-250
-264
-278
-287
-296
-305
-312
-318
-320
-322
-323
-320
-317
-309
-300
-288
-273
-258
-243
-229
-209
-185
-161
-134
-107
-76
-42
-5
32
70
108
144
179
213
244
273
296
315
332
346
360
371
376
377
374
370
361
347
327
303
276
246
216
186
154
118
80
47
15
-13
-40
-69
-94
-119
-139
-158
-177
-192
-206
-218
-228
-238
-246
-251
-255
-256
-260
-263
-263
-259
-256
-252
-249
-247
-244
-236
-226
-215
-202
-187
-172
-155
-137
-116
-94
-68
-39
-11
20
52
86
123
158
191
222
244
265
283
297
308
315
317
318
320
322
320
313
303
288
274
259
238
215
189
163
140
119
97
73
50
28
10
-7
-25
-45
-66
-86
-103
-118
-134
-148
-163
-175
-184
-191
-197
-203
-207
-210
-212
-216
-216
-216
-218
-218
-217
-216
-214
-212
-209
-207
-203
-195
-186
-173
-157
-139
-121
-101
-77
-50
-22
8
37
64
90
114
137
158
175
189
200
209
216
224
229
231
228
223
217
213
207
197
186
174
161
149
136
124
111
98
84
70
59
43
27
10
-4
-18
-33
-50
-67
-84
-97
-111
-123
-134
-143
-151
-158
-163
-167
-170
-169
-169
-169
-167
-168
-168
-167
-167
-164
-164
-162
-159
-152
-141
-128
-112
-96
-79
-59
-37
-14
10
31
49
68
88
107
127
143
156
167
179
189
197
201
202
201
200
199
197
193
187
179
173
165
159
152
144
136
128
119
108
94
78
65
51
36
19
1
-16
-34
-50
-67
-83
-98
-111
-123
-133
-142
-148
-153
-157
-161
-166
-167
-172
-176
-180
-182
-185
-186
-189
-190
-189
-185
-179
-172
-163
-153
-141
-126
-108
-91
-72
-53
-35
-16
4
21
37
55
70
87
105
119
130
138
147
155
163
171
176
180
183
187
191
194
195
192
192
191
187
183
175
164
151
138
123
108
90
73
54
35
18
-3
-23
-41
-57
-72
-84
-99
-110
-119
-128
-137
-144
-149
-155
-160
-165
-170
-175
-180
-182
-182
-182
-183
-182
-179
-172
-162
-152
-142
-131
-119
-104
-89
-73
-57
-44
-29
-12
2
19
32
46
61
77
91
102
114
124
136
149
161
169
175
180
184
189
193
195
197
194
193
188
182
174
161
147
134
120
104
86
67
48
32
15
-1
-17
-33
-47
-61
-75
-87
-98
-109
-119
-127
-132
-140
-148
-153
-157
-161
-165
-169
-171
-173
-172
-171
-169
-164
-160
-154
-147
-137
-127
-115
-103
-91
-77
-64
-48
-33
-19
-5
8
22
37
51
68
81
93
107
121
133
146
156
163
170
178
186
192
196
196
195
193
193
190
183
172
160
149
140
128
111
93
74
58
42
25
9
-7
-24
-38
-51
-63
-76
-87
-99
-110
-121
-131
-140
-150
-160
-169
-175
-183
-188
-191
-193
-194
-194
-194
-191
-186
-180
-171
-161
-150
-140
-129
-115
-101
-85
-68
-52
-35
-17
3
19
36
54
73
90
107
122
137
150
163
174
184
192
195
199
205
208
209
205
200
193
186
179
172
161
150
138
125
113
99
84
67
51
34
18
1
-16
-33
-50
-67
-85
-102
-115
-130
-145
-156
-165
-175
-183
-190
-193
-196
-197
-196
-195
-195
-193
-188
-180
-172
-163
-153
-141
-128
-113
-101
-88
-73
-59
-41
-25
-8
8
24
41
58
74
90
106
122
136
148
161
170
180
187
193
198
198
198
196
192
188
183
176
167
158
149
139
127
117
104
91
80
64
46
29
10
-6
-20
-36
-54
-70
-84
-96
-106
-116
-125
-135
-144
-151
-158
-166
-173
-179
-180
-180
-178
-173
-171
-166
-162
-154
-147
-138
-127
-115
-105
-91
-77
-65
-51
-38
-23
-8
8
24
39
58
72
86
98
109
119
127
136
144
152
159
163
165
166
166
166
164
160
155
148
142
134
125
113
100
88
77
67
56
44
33
21
12
3
-7
-18
-29
-42
-54
-66
-78
-90
-100
-110
-117
-125
-132
-137
-141
-143
-144
-144
-145
-145
-145
-143
-142
-137
-132
-127
-120
-113
-106
-95
-84
-72
-58
-46
-32
-17
-4
9
21
35
46
58
71
82
91
101
109
114
120
125
127
130
133
134
135
134
131
128
123
116
111
102
95
89
81
72
62
53
47
38
30
21
11
2
-6
-15
-25
-38
-48
-58
-66
-74
-84
-94
-100
-106
-109
-112
-117
-122
-126
-125
-125
-123
-121
-116
-111
-107
-100
-93
-86
-78
-68
-58
-47
-38
-27
-16
-5
6
17
28
37
46
53
60
68
75
83
85
87
91
95
96
98
97
98
98
98
97
94
89
83
77
73
69
63
61
54
50
46
43
37
29
21
13
5
-3
-11
-22
-31
-37
-44
-52
-57
-61
-64
-66
-68
-71
-76
-79
-82
-82
-81
-81
-81
-81
-80
-76
-71
-66
-61
-54
-48
-41
-33
-26
-19
-12
-4
4
13
21
27
33
38
42
47
52
57
60
65
68
70
73
73
72
71
70
68
66
62
61
57
55
52
49
46
41
38
33
28
23
16
8
1
-7
-15
-23
-29
-34
-39
-44
-48
-51
-54
-56
-60
-62
-66
-69
-72
-75
-77
-78
-79
-79
-79
-76
-73
-69
-65
-62
-59
-56
-52
-48
-42
-38
-33
-28
-21
-15
-10
-4
3
9
18
24
29
37
43
47
52
58
61
64
68
72
74
74
72
71
68
69
67
66
67
68
68
65
61
56
51
46
41
34
30
24
20
14
9
6
0
-3
-6
-10
-15
-19
-24
-29
-32
-36
-39
-41
-41
-42
-43
-44
-44
-46
-44
-45
-45
-45
-46
-44
-42
-40
-37
-35
-32
-28
-24
-19
-15
-10
-6
-2
2
6
11
13
16
20
24
27
30
33
35
35
36
34
34
34
34
33
33
30
28
27
25
23
21
20
16
13
9
4
0
-5
-6
-6
-9
-11
-14
-15
-15
-17
-19
-22
-27
-28
-30
-32
-35
-38
-40
-40
-39
-38
-38
-37
-36
-35
-32
-29
-29
-28
-28
-27
-25
-22
-21
-19
-17
-16
-12
-11
-11
-8
-6
-2
1
5
8
10
14
18
20
24
27
31
35
36
39
40
40
42
43
43
42
39
38
35
35
34
32
31
32
32
34
35
32
30
28
28
25
23
19
15
12
7
4
0
-4
-8
-11
-15
-17
-18
-20
-22
-24
-27
-31
-33
-33
-32
-32
-30
-31
-32
-31
-30
-31
-30
-31
-29
-27
-24
-21
-20
-18
-15
-11
-8
-5
-1
2
6
11
13
17
20
22
23
24
26
24
25
25
24
22
22
21
20
20
19
18
18
16
15
14
12
10
9
8
6
3
-1
-4
-4
-6
-9
-10
-12
-14
-15
-18
-22
-25
-28
-29
-31
-31
-29
-26
-24
-23
-21
-18
-16
-13
-12
-12
-12
-12
-12
-13
-14
-15
-16
-15
-13
-10
-6
-2
1
2
6
9
11
13
14
16
18
20
22
23
22
19
21
21
22
22
23
23
23
23
22
20
17
14
11
8
5
2
0
-1
-3
-4
-3
-5
-7
-10
-10
-14
-17
-20
-23
-24
-25
-26
-26
-25
-25
-24
-22
-20
-16
-15
-13
-10
-8
-5
-5
-5
-3
-2
0
3
3
5
5
6
6
7
6
7
8
9
11
14
17
19
22
24
23
25
26
27
26
26
24
24
22
23
23
22
21
20
19
17
16
14
11
7
5
1
-2
-5
-10
-12
-13
-14
-16
-15
-16
-16
-17
-17
-18
-20
-21
-24
-23
-23
-22
-23
-23
-22
-21
-19
-17
-13
-8
-4
-2
4
8
12
15
17
19
20
23
25
26
26
27
27
27
27
26
26
25
24
23
23
21
21
18
16
15
13
12
10
8
5
1
-4
-10
-17
-24
-30
-37
-43
-49
-55
-58
-62
-65
-68
-70
-71
-70
-68
-66
-64
-63
-62
-58
-52
-48
-44
-39
-34
-30
-23
-17
-12
-6
0
5
9
15
19
22
27
32
37
42
48
53
58
61
64
65
67
67
67
66
65
64
62
60
58
54
50
48
45
43
41
37
37
34
31
27
24
18
11
5
0
-6
-13
-19
-28
-35
-40
-46
-54
-60
-66
-70
-74
-76
-77
-77
-75
-73
-71
-67
-65
-59
-52
-43
-35
-28
-21
-15
-6
2
10
15
21
26
32
39
45
50
56
61
67
74
79
84
89
91
94
96
97
94
90
86
81
76
70
65
58
53
47
40
32
25
18
11
4
-4
-12
-19
-26
-33
-42
-49
-59
-68
-78
-87
-94
-101
-108
-113
-118
-122
-125
-127
-125
-124
-122
-119
-114
-109
-102
-97
-90
-82
-74
-64
-55
-44
-35
-26
-15
-5
6
16
24
33
42
48
55
61
68
74
81
87
93
99
103
107
110
111
111
112
111
108
105
101
95
90
86
80
75
67
59
51
42
33
22
10
-2
-14
-27
-37
-48
-57
-65
-72
-79
-85
-94
-101
-106
-109
-113
-114
-116
-117
-117
-116
-113
-109
-105
-101
-94
-85
-75
-66
-56
-44
-33
-20
-7
6
18
30
38
50
59
68
78
85
91
97
104
111
115
119
122
124
123
124
123
123
120
117
115
113
110
105
101
95
90
84
74
65
56
46
34
23
8
-7
-20
-33
-46
-59
-71
-83
-95
-102
-109
-116
-119
-124
-127
-129
-130
-131
-132
-131
-131
-130
-128
-123
-116
-109
-101
-93
-85
-75
-67
-56
-47
-37
-28
-18
-8
7
22
34
47
57
67
74
82
85
90
92
94
97
100
101
102
101
99
97
95
91
88
85
83
79
76
72
67
62
55
46
37
26
15
3
-9
-22
-36
-49
-59
-69
-76
-85
-95
-105
-112
-117
-122
-123
-124
-121
-117
-111
-105
-100
-95
-92
-87
-82
-76
-72
-65
-61
-54
-45
-38
-28
-18
-6
6
17
28
38
49
58
69
79
89
97
103
110
114
116
116
115
114
114
114
116
116
116
114
113
111
106
99
92
86
79
73
65
58
52
43
33
24
13
2
-12
-26
-41
-53
-67
-78
-88
-95
-101
-104
-108
-111
-113
-115
-117
-114
-112
-111
-108
-103
-97
-91
-84
-76
-70
-64
-58
-52
-45
-39
-32
-24
-15
-8
1
8
16
24
33
40
47
53
59
65
70
76
81
85
88
91
90
88
86
82
79
75
73
71
67
62
58
51
44
38
29
20
11
2
-7
-17
-25
-32
-38
-46
-52
-58
-64
-69
-74
-78
-83
-85
-87
-89
-87
-87
-85
-82
-79
-76
-72
-70
-65
-62
-54
-47
-39
-33
-26
-19
-14
-7
-4
3
9
14
20
27
34
37
42
49
58
62
66
66
67
68
69
71
74
74
75
75
76
73
69
65
60
55
50
43
38
31
23
17
14
7
1
-5
-12
-18
-25
-30
-38
-42
-45
-48
-50
-52
-52
-53
-53
-52
-52
-52
-49
-46
-45
-42
-39
-35
-30
-25
-22
-18
-15
-11
-6
-4
0
4
7
12
17
21
25
28
30
32
34
36
37
38
39
42
45
46
48
49
47
46
44
42
38
35
34
32
32
29
27
23
18
14
9
3
-3
-8
-14
-19
-24
-28
-31
-37
-41
-45
-46
-47
-47
-46
-46
-44
-43
-41
-39
-37
-35
-34
-33
-30
-28
-25
-24
-22
-21
-18
-13
-9
-4
-2
1
4
6
7
9
10
13
16
20
23
25
25
26
27
28
28
29
26
23
22
18
19
16
15
14
13
11
8
5
3
0
-3
-5
-6
-8
-11
-15
-19
-22
-26
-32
-34
-37
-40
-41
-43
-44
-44
-42
-40
-39
-38
-37
-35
-33
-29
-25
-20
-17
-15
-13
-9
-6
-2
3
7
12
16
21
24
27
29
32
35
39
41
44
48
49
52
52
52
52
51
50
50
49
46
45
42
42
39
38
34
30
25
21
17
14
10
5
0
-2
-5
-8
-10
-14
-18
-19
-20
-21
-23
-25
-26
-27
-28
-31
-33
-34
-34
-33
-31
-31
-30
-30
-28
-27
-25
-24
-20
-16
-13
-13
-10
-8
-7
-5
-2
2
3
7
10
14
15
16
20
21
23
22
23
22
22
22
20
19
17
17
14
11
9
6
4
0
-1
-3
-5
-8
-13
-16
-18
-19
-20
-23
-22
-22
-22
-22
-22
-21
-21
-22
-22
-22
-21
-22
-23
-23
-22
-23
-21
-20
-19
-19
-18
-16
-13
-11
-9
-7
-5
-4
0
3
5
10
15
19
24
25
27
29
32
33
34
33
33
33
34
34
33
33
32
29
27
26
25
23
21
18
16
14
11
9
6
3
0
-2
-4
-5
-8
-11
-14
-15
-16
-18
-19
-19
-19
-20
-20
-21
-21
-19
-19
-19
-17
-17
-15
-14
-14
-11
-9
-9
-10
-9
-8
-8
-9
-8
-7
-6
-3
0
2
3
5
7
8
10
11
11
12
12
14
15
18
18
17
17
18
17
17
16
15
14
13
11
8
7
6
4
4
2
1
0
0
0
-1
-2
-4
-6
-8
-11
-13
-15
-17
-19
-20
-22
-23
-23
-23
-20
-20
-18
-15
-15
-14
-13
-13
-12
-11
-10
-9
-8
-6
-4
-3
-2
-2
0
1
3
4
5
5
6
7
7
9
10
12
13
13
16
17
17
19
20
22
21
21
20
19
17
14
12
10
8
5
5
3
3
1
-3
-3
-5
-6
-7
-6
-7
-6
-6
-8
-7
-7
-7
-8
-6
-8
-9
-9
-9
-10
-9
-8
-7
-6
-4
-3
0
0
0
0
0
-1
0
1
2
3
7
8
10
11
10
10
10
9
6
4
2
1
-2
-4
-7
-8
-9
-8
-9
-10
-9
-8
-4
-3
-1
0
2
3
4
3
3
2
3
2
2
2
1
0
-1
-2
-2
-4
-2
-2
-4
-5
-3
-2
-2
0
3
6
6
8
8
8
8
8
8
6
4
3
3
4
3
3
2
1
1
1
0
-1
-2
-1
-1
-2
-2
-2
-4
-4
-5
-6
-5
-6
-6
-5
-4
-2
-3
-4
-3
-4
-5
-7
-7
-7
-7
-5
-5
-1
-2
-1
-1
0
1
2
4
5
5
6
7
9
9
9
8
7
9
10
10
11
10
10
10
12
12
11
11
10
9
7
8
6
5
4
3
1
0
0
-1
-4
-6
-9
-12
-14
-17
-20
-23
-24
-25
-26
-27
-25
-24
-24
-22
-21
-20
-17
-15
-14
-13
-12
-11
-10
-8
-8
-7
-8
-8
-8
-7
-3
-2
-1
0
3
4
6
9
10
13
16
17
20
22
22
21
21
21
21
22
21
21
21
20
20
20
19
21
19
18
18
16
15
13
12
11
9
6
3
1
-1
-4
-5
-6
-6
-6
-7
-8
-10
-13
-13
-16
-19
-22
-23
-24
-26
-26
-25
-26
-25
-24
-21
-21
-19
-18
-16
-15
-13
-11
-9
-5
-3
-1
0
3
5
5
8
9
12
17
20
21
22
22
23
26
29
29
29
29
31
32
32
30
30
29
28
27
25
22
20
16
12
9
7
5
1
-1
-2
-5
-8
-11
-15
-19
-23
-27
-29
-31
-31
-33
-35
-37
-38
-39
-38
