1
1
3
4
5
6
6
6
5
6
8
8
8
8
8
9
8
6
5
5
6
6
6
4
3
1
0
-1
-2
-3
-2
-2
-1
0
1
1
2
3
2
1
-1
-2
-2
-3
-3
-4
-2
-2
-1
-2
-2
-2
-1
-1
1
0
0
-1
0
2
2
1
-1
0
0
-2
-2
-3
-3
-3
-4
-3
-3
-3
-3
-3
-1
-2
-2
-3
-4
-2
0
2
2
3
4
4
4
5
4
4
5
5
4
5
3
4
4
3
3
2
3
2
3
3
3
3
3
4
3
4
3
4
3
2
2
1
1
2
0
-2
-4
-6
-5
-5
-3
-1
-1
0
0
1
3
2
3
2
2
3
1
0
-3
-3
-5
-6
-4
-5
-4
-4
-4
-3
-5
-5
-4
-4
-4
-5
-5
-5
-4
-4
-3
-4
-4
-3
-3
-4
-5
-5
-6
-7
-7
-7
-7
-6
-5
-5
-5
-7
-5
-5
-5
-4
-3
-4
-5
-4
-5
-5
-6
-5
-4
-3
-2
-1
-2
-1
0
1
1
2
4
3
5
6
6
6
6
6
6
8
8
6
6
6
8
8
9
9
10
11
11
11
11
10
9
9
8
8
9
8
8
8
9
9
11
10
8
8
7
7
7
6
4
3
5
5
3
2
3
3
2
3
4
4
4
2
2
0
-1
-2
-3
-5
-6
-9
-11
-12
-12
-12
-11
-11
-11
-10
-10
-10
-9
-11
-10
-10
-11
-10
-9
-9
-9
-9
-11
-10
-9
-7
-8
-6
-4
-2
0
0
0
2
3
4
3
2
1
2
3
3
4
4
3
2
1
-1
-3
-4
-5
-7
-8
-10
-11
-10
-10
-8
-8
-8
-10
-9
-9
-11
-11
-10
-9
-8
-7
-8
-6
-4
-1
-1
0
1
2
3
5
10
12
11
11
14
16
17
17
18
21
22
22
21
19
16
15
14
12
12
9
8
7
7
6
4
2
1
0
-2
-4
-8
-11
-13
-13
-14
-16
-16
-13
-11
-10
-7
-6
-5
-6
-7
-7
-5
-3
-1
2
4
7
10
14
17
19
20
21
21
20
18
16
14
12
12
10
9
8
8
8
7
7
6
3
0
-3
-6
-11
-14
-16
-20
-20
-19
-20
-18
-21
-21
-19
-20
-20
-20
-20
-20
-20
-19
-17
-13
-12
-6
-2
5
8
10
13
16
16
16
15
14
14
13
13
13
14
14
14
14
13
9
6
2
-1
-3
-7
-10
-12
-13
-12
-13
-13
-13
-13
-13
-12
-13
-15
-18
-21
-22
-26
-24
-23
-19
-12
-8
-4
1
4
6
6
7
6
7
8
9
10
12
14
14
17
18
20
22
22
20
18
15
12
8
8
7
6
5
3
3
4
2
2
-1
-3
-4
-6
-10
-11
-11
-12
-11
-9
-11
-10
-8
-6
-2
0
1
1
0
0
1
1
2
2
4
8
10
12
14
15
18
17
15
15
14
14
15
14
15
13
12
11
11
10
10
8
5
3
1
-2
-6
-9
-13
-17
-21
-23
-23
-22
-19
-19
-18
-18
-18
-17
-16
-14
-12
-11
-11
-10
-10
-8
-6
-3
-2
-1
-1
0
-1
0
-1
0
-2
-2
-3
-4
-4
-4
-5
-5
-6
-6
-6
-7
-6
-8
-8
-8
-8
-8
-7
-4
-3
-3
-4
-4
-4
-3
-2
-1
2
3
4
8
10
12
14
17
20
25
26
30
33
36
41
43
46
48
51
53
56
59
59
59
57
54
53
51
47
43
40
34
29
23
16
9
2
-3
-11
-20
-27
-35
-44
-53
-61
-71
-80
-88
-95
-103
-110
-118
-125
-131
-134
-137
-139
-139
-139
-136
-133
-129
-126
-121
-115
-106
-99
-93
-84
-75
-64
-54
-39
-27
-12
2
15
29
42
55
70
83
95
106
117
127
135
144
150
156
166
171
177
184
191
196
202
208
211
213
215
210
207
203
199
193
186
179
169
160
150
139
128
118
107
95
79
63
47
30
14
-5
-24
-44
-64
-85
-104
-126
-146
-165
-184
-201
-216
-230
-241
-252
-263
-274
-285
-295
-304
-309
-311
-315
-315
-314
-311
-307
-302
-295
-287
-278
-267
-254
-239
-223
-207
-190
-171
-150
-130
-109
-86
-61
-36
-11
15
43
69
96
125
150
175
199
223
245
266
283
298
312
327
340
353
364
374
381
386
388
390
388
383
377
369
359
345
331
316
299
281
261
239
217
192
168
143
117
88
59
27
-5
-37
-68
-99
-128
-157
-184
-212
-238
-262
-284
-306
-324
-341
-359
-374
-387
-397
-405
-411
-414
-416
-415
-411
-404
-395
-382
-367
-352
-334
-315
-294
-272
-251
-228
-204
-180
-154
-129
-101
-72
-44
-14
17
48
79
112
142
175
204
232
257
279
298
317
334
350
362
374
385
392
398
401
403
403
401
395
387
378
365
350
332
313
291
269
245
224
200
175
150
127
103
78
51
23
-6
-33
-61
-89
-119
-148
-174
-201
-227
-249
-270
-289
-307
-324
-338
-351
-363
-372
-380
-385
-386
-386
-382
-376
-367
-356
-343
-328
-312
-295
-278
-261
-243
-224
-204
-181
-159
-136
-112
-90
-68
-45
-23
1
26
49
73
97
120
143
166
187
209
231
248
266
283
297
310
322
332
340
347
349
350
350
349
347
342
332
321
308
295
281
265
250
233
217
198
179
158
137
119
99
78
57
35
10
-14
-38
-62
-85
-110
-133
-155
-176
-197
-216
-235
-253
-269
-284
-301
-316
-328
-338
-343
-348
-351
-351
-349
-347
-343
-337
-330
-321
-310
-299
-288
-274
-259
-244
-225
-208
-189
-167
-145
-123
-102
-79
-56
-32
-8
14
38
64
88
113
140
164
191
218
243
268
292
314
335
354
373
387
399
407
413
416
421
420
420
421
415
412
407
397
379
364
351
334
314
290
266
244
215
183
151
122
92
57
20
-13
-48
-86
-122
-159
-194
-228
-264
-303
-336
-370
-399
-427
-456
-485
-505
-520
-540
-552
-560
-561
-561
-554
-550
-542
-525
-517
-501
-483
-463
-441
-416
-391
-361
-325
-291
-261
-225
-184
-145
-105
-69
-33
9
53
85
124
160
192
226
261
297
335
379
414
451
484
511
539
562
581
599
615
625
631
633
634
630
619
607
598
583
561
538
514
495
467
436
401
369
337
295
255
222
184
145
111
70
31
-13
-55
-103
-144
-197
-235
-285
-327
-374
-413
-450
-501
-541
-579
-601
-628
-650
-673
-686
-688
-704
-712
-708
-708
-702
-697
-667
-662
-623
-601
-574
-536
-499
-456
-423
-378
-351
-307
-262
-224
-195
-154
-120
-81
-47
-8
28
88
126
175
231
275
328
368
418
462
508
538
574
609
639
660
677
695
711
726
730
731
736
729
719
704
688
667
640
604
569
536
489
449
412
370
334
302
259
218
180
141
107
70
25
-17
-53
-95
-168
-221
-265
-313
-355
-422
-462
-496
-532
-593
-616
-641
-664
-710
-723
-743
-761
-748
-782
-764
-764
-742
-744
-703
-705
-676
-637
-588
-557
-548
-474
-477
-399
-395
-361
-328
-267
-238
-215
-153
-127
-58
-33
26
79
143
196
232
300
350
416
469
509
560
617
674
703
750
784
823
865
884
899
909
912
894
886
868
847
816
781
744
710
675
615
568
522
473
434
383
316
271
213
153
90
47
-38
-73
-137
-227
-248
-323
-368
-451
-452
-554
-568
-610
-712
-721
-786
-789
-859
-865
-954
-937
-929
-985
-962
-946
-903
-912
-865
-835
-793
-707
-703
-649
-587
-550
-508
-448
-417
-383
-295
-264
-199
-167
-107
-59
51
59
107
202
256
309
332
409
470
545
549
605
694
744
776
791
863
907
937
942
956
1001
989
991
964
954
914
894
862
807
777
724
684
633
583
513
453
403
342
278
202
157
94
26
-48
-113
-152
-204
-261
-335
-369
-421
-447
-543
-584
-643
-673
-707
-829
-834
-917
-908
-959
-992
-1050
-1027
-992
-1031
-1010
-988
-932
-900
-884
-878
-753
-710
-695
-685
-578
-540
-495
-456
-424
-309
-276
-209
-161
-56
-35
27
139
186
247
289
380
429
476
513
563
675
672
701
768
849
881
888
926
957
1023
1006
1017
1045
1049
1025
1001
995
966
949
882
847
827
770
716
640
603
529
482
416
342
281
187
142
71
9
-64
-132
-174
-252
-287
-386
-424
-472
-544
-627
-695
-649
-813
-860
-908
-908
-941
-1048
-1020
-1069
-1041
-1103
-1075
-991
-1135
-982
-963
-920
-993
-957
-782
-776
-776
-882
-588
-565
-569
-609
-510
-288
-248
-353
-276
-67
7
-30
18
147
311
310
260
443
539
612
590
694
756
875
872
924
969
1024
1064
1062
1099
1091
1153
1119
1111
1078
1085
1073
1021
976
966
950
884
815
756
713
662
576
510
444
401
316
228
155
76
44
-44
-119
-202
-241
-318
-414
-436
-542
-593
-640
-699
-871
-905
-877
-918
-1023
-1237
-1116
-1018
-1117
-1356
-1254
-1037
-1109
-1226
-1347
-1066
-934
-1083
-1157
-955
-722
-856
-891
-817
-527
-446
-597
-557
-330
-132
-286
-225
-52
165
166
93
238
386
522
449
558
733
824
829
804
935
1070
1143
1078
1110
1245
1265
1255
1207
1253
1291
1281
1198
1172
1209
1138
1065
1017
1005
949
862
771
723
686
592
512
444
326
236
186
120
16
-78
-202
-257
-334
-435
-525
-583
-633
-734
-780
-896
-947
-1019
-1053
-1103
-1107
-1132
-1282
-1299
-1265
-1259
-1218
-1262
-1302
-1302
-1170
-1133
-1211
-1143
-1114
-900
-911
-918
-914
-754
-604
-639
-480
-439
-348
-299
-200
-57
42
136
138
233
378
420
548
575
667
756
844
900
899
996
1030
1201
1233
1220
1196
1201
1248
1286
1358
1287
1257
1199
1157
1166
1148
1096
1005
994
924
870
774
693
672
599
544
413
332
245
154
95
1
-33
-173
-276
-375
-435
-465
-601
-666
-765
-775
-874
-984
-1044
-1106
-1099
-1096
-1219
-1332
-1250
-1274
-1260
-1307
-1284
-1253
-1228
-1194
-1253
-1116
-1070
-1069
-1024
-928
-798
-793
-738
-717
-522
-369
-420
-293
-226
-71
32
101
164
288
454
457
572
623
741
824
849
986
1085
1130
1059
1074
1173
1222
1277
1231
1254
1256
1209
1193
1160
1192
1158
1133
1058
994
955
887
839
816
771
669
568
456
419
353
273
167
53
-27
-129
-202
-296
-369
-416
-533
-632
-725
-727
-811
-895
-889
-981
-976
-1095
-1205
-1162
-1104
-1153
-1243
-1228
-1316
-1235
-1153
-1255
-1198
-1161
-1094
-1032
-1045
-1021
-919
-750
-757
-631
-543
-462
-324
-276
-144
-41
114
157
246
368
460
516
551
646
748
849
884
904
922
935
954
998
1050
1063
1061
1024
959
966
982
987
963
951
903
872
829
753
780
776
745
655
562
504
503
478
379
312
243
167
63
-19
-72
-99
-186
-322
-430
-462
-492
-556
-638
-686
-703
-749
-864
-926
-852
-836
-871
-914
-973
-1022
-977
-930
-935
-934
-909
-959
-891
-864
-828
-716
-673
-635
-589
-492
-461
-314
-229
-167
-50
50
123
197
254
300
414
538
595
629
628
641
728
733
708
726
798
810
780
723
671
678
706
727
729
696
624
566
558
561
575
577
503
437
405
371
349
342
290
238
195
137
72
23
-21
-58
-79
-161
-235
-286
-359
-391
-405
-446
-516
-589
-664
-697
-651
-668
-740
-787
-834
-824
-814
-797
-767
-761
-768
-825
-767
-715
-693
-609
-570
-521
-474
-410
-360
-282
-170
-81
56
85
71
126
213
341
453
520
517
528
549
559
616
668
698
705
676
608
556
556
580
628
598
538
508
444
388
392
458
462
407
343
296
305
341
347
280
219
200
185
147
100
67
57
37
-4
-73
-136
-185
-195
-171
-200
-269
-383
-446
-409
-331
-367
-481
-543
-574
-591
-598
-595
-564
-551
-594
-655
-658
-621
-559
-489
-452
-434
-406
-355
-341
-288
-184
26
160
82
-34
33
248
387
424
414
429
429
385
358
451
551
567
464
368
355
315
282
308
416
449
321
189
139
222
312
314
273
177
96
40
80
164
167
86
-23
-54
-51
-76
-93
-95
-98
-145
-246
-309
-323
-312
-262
-249
-286
-392
-458
-417
-316
-253
-290
-351
-419
-465
-417
-317
-245
-259
-322
-372
-360
-296
-202
-140
-88
-67
-36
9
8
23
125
378
494
365
154
168
424
633
650
556
489
460
432
402
471
579
586
440
300
260
274
284
275
297
287
193
52
-29
34
176
230
111
-71
-137
-72
15
28
-35
-126
-204
-235
-243
-209
-193
-266
-368
-396
-388
-422
-476
-484
-447
-450
-538
-634
-601
-506
-430
-447
-529
-546
-544
-546
-475
-367
-262
-308
-342
-359
-302
-147
-59
13
-3
58
112
107
102
236
512
682
577
347
330
587
840
839
714
666
682
622
539
593
742
742
565
378
345
380
370
345
349
362
254
70
-32
66
219
234
95
-74
-138
-116
-27
31
11
-99
-233
-296
-265
-206
-233
-325
-400
-401
-421
-494
-549
-533
-463
-472
-575
-674
-706
-639
-594
-577
-611
-623
-643
-665
-630
-534
-425
-377
-423
-481
-398
-268
-113
-74
-6
55
155
148
107
279
587
762
593
388
459
755
905
836
728
773
777
660
540
638
811
752
526
374
397
395
319
291
344
349
186
-16
-25
117
213
140
0
-62
-72
-73
-56
-15
-41
-135
-219
-232
-177
-168
-233
-336
-359
-328
-354
-437
-510
-497
-486
-532
-606
-661
-640
-619
-631
-653
-651
-637
-667
-692
-619
-477
-403
-438
-516
-439
-305
-138
-101
-68
66
200
208
96
248
598
825
648
407
470
799
972
856
733
789
861
744
583
667
856
796
510
338
429
457
345
219
258
304
151
-73
-134
28
107
-22
-173
-189
-136
-179
-218
-158
-98
-182
-333
-344
-222
-138
-223
-353
-366
-307
-326
-406
-409
-350
-354
-473
-559
-538
-488
-487
-573
-577
-584
-547
-621
-638
-551
-439
-364
-489
-517
-466
-255
-136
-107
-60
67
173
84
73
322
722
783
494
316
536
871
933
796
756
831
798
620
584
786
896
684
387
346
454
440
303
266
326
275
59
-99
-21
150
125
-92
-218
-174
-134
-211
-249
-201
-202
-342
-467
-414
-288
-286
-437
-497
-423
-361
-463
-558
-519
-415
-447
-552
-572
-525
-475
-546
-515
-486
-422
-488
-549
-480
-367
-250
-296
-326
-299
-184
-80
-38
40
185
292
226
130
288
683
885
699
449
522
833
987
913
826
891
880
717
621
794
1008
855
527
377
469
510
384
316
334
292
52
-171
-105
89
99
-158
-375
-356
-293
-327
-392
-366
-373
-525
-675
-651
-493
-451
-626
-773
-731
-623
-657
-766
-731
-641
-666
-771
-793
-667
-592
-625
-659
-649
-520
-538
-527
-496
-339
-213
-264
-244
-212
-26
74
129
189
333
515
467
344
461
870
1101
926
674
753
1042
1160
1100
1049
1128
1071
821
728
936
1174
992
623
502
559
576
460
453
496
382
122
-96
-6
204
207
-59
-288
-308
-280
-342
-383
-349
-403
-588
-775
-768
-623
-581
-765
-951
-920
-809
-875
-979
-951
-860
-884
-1019
-1028
-924
-816
-842
-888
-892
-778
-710
-698
-614
-522
-397
-423
-387
-246
-90
60
63
158
377
526
490
389
658
1072
1143
902
778
1025
1268
1242
1122
1167
1270
1136
856
846
1142
1226
913
596
606
718
631
500
504
554
440
159
5
137
308
247
-5
-145
-146
-189
-216
-206
-180
-302
-535
-668
-622
-476
-497
-721
-898
-897
-869
-909
-938
-895
-950
-1072
-1146
-1072
-967
-948
-979
-1053
-1010
-944
-880
-818
-703
-580
-594
-603
-466
-277
-111
-58
-13
175
356
429
331
488
906
1115
965
751
911
1195
1287
1201
1181
1260
1221
986
887
1103
1277
1072
718
619
710
679
559
522
542
483
238
48
51
223
270
75
-103
-171
-215
-246
-203
-135
-220
-465
-624
-633
-486
-430
-565
-731
-789
-756
-807
-837
-783
-786
-851
-950
-971
-929
-901
-830
-872
-866
-877
-879
-824
-740
-532
-559
-580
-562
-401
-200
-120
-32
58
256
324
268
364
722
976
897
725
869
1113
1164
1069
1059
1226
1231
983
776
906
1148
1048
722
582
603
587
460
443
500
449
253
39
45
193
232
78
-56
-74
-124
-231
-229
-152
-162
-323
-484
-528
-494
-478
-557
-640
-664
-725
-794
-828
-748
-790
-885
-928
-879
-820
-902
-864
-910
-847
-846
-825
-721
-679
-578
-656
-611
-455
-304
-171
-145
-22
111
251
315
323
533
853
975
831
748
946
1171
1179
1108
1126
1218
1129
907
836
1014
1123
890
620
591
620
495
359
397
479
370
133
-30
37
163
113
-18
-92
-117
-224
-322
-244
-170
-264
-456
-569
-548
-529
-575
-671
-729
-717
-792
-872
-862
-816
-860
-989
-961
-880
-864
-921
-936
-867
-859
-839
-833
-698
-538
-525
-594
-592
-350
-154
-38
16
125
304
420
451
492
778
1122
1160
965
926
1201
1372
1329
1266
1346
1443
1232
951
911
1189
1266
944
660
628
653
494
366
448
487
333
52
-88
14
109
50
-91
-136
-176
-341
-435
-354
-270
-355
-560
-682
-703
-681
-692
-790
-837
-854
-918
-1012
-1028
-975
-1011
-1095
-1111
-1082
-1075
-1048
-1065
-1029
-1076
-1009
-943
-843
-690
-716
-691
-664
-434
-267
-160
-36
95
278
363
397
519
880
1155
1129
972
1050
1339
1428
1376
1353
1479
1505
1257
1056
1113
1333
1261
940
790
799
740
565
504
592
562
377
168
120
200
209
130
55
4
-99
-236
-242
-180
-238
-376
-482
-525
-558
-623
-668
-733
-774
-856
-951
-957
-946
-966
-1116
-1138
-1116
-1101
-1138
-1149
-1137
-1174
-1196
-1163
-1037
-914
-835
-902
-860
-735
-524
-387
-265
-87
84
217
242
312
624
1035
1172
1036
960
1197
1433
1478
1441
1488
1558
1418
1174
1147
1326
1391
1114
848
819
791
648
521
558
586
422
194
88
143
205
116
42
5
-63
-199
-285
-160
-129
-241
-421
-514
-507
-506
-527
-604
-663
-733
-828
-877
-805
-796
-876
-1035
-1052
-995
-1027
-969
-1039
-1000
-1071
-1084
-988
-937
-738
-820
-805
-763
-609
-427
-379
-215
-57
151
199
172
310
714
1025
1006
878
963
1207
1312
1313
1355
1467
1435
1176
1003
1135
1303
1189
884
732
695
590
478
466
492
386
162
5
-3
79
63
-26
-80
-149
-266
-346
-297
-235
-299
-441
-556
-615
-631
-613
-626
-676
-776
-881
-951
-906
-805
-845
-919
-1011
-1011
-991
-940
-843
-834
-868
-961
-932
-789
-625
-541
-603
-582
-462
-310
-183
-74
115
314
394
354
395
733
1099
1164
1075
1075
1305
1395
1402
1441
1566
1620
1374
1154
1169
1367
1323
1071
901
832
690
523
507
554
476
236
36
-26
10
20
-53
-106
-203
-370
-502
-486
-391
-443
-582
-725
-829
-899
-920
-908
-926
-1019
-1145
-1271
-1282
-1200
-1143
-1171
-1236
-1250
-1302
-1252
-1164
-1027
-978
-1021
-994
-977
-747
-633
-493
-437
-364
-198
-164
60
200
489
643
635
639
792
1248
1434
1414
1343
1479
1659
1642
1666
1733
1861
1726
1454
1353
1478
1539
1302
1097
1002
899
664
543
570
566
406
168
21
-48
-72
-104
-130
-200
-382
-583
-633
-582
-592
-702
-813
-927
-1094
-1185
-1171
-1134
-1181
-1328
-1434
-1509
-1496
-1466
-1449
-1411
-1413
-1468
-1536
-1431
-1285
-1146
-1136
-1129
-1061
-987
-776
-688
-510
-405
-282
-182
-107
170
373
662
738
742
812
1084
1444
1510
1521
1573
1748
1780
1757
1854
1991
2034
1802
1606
1625
1730
1651
1437
1350
1269
1057
837
803
852
754
533
356
241
167
86
68
45
-83
-308
-480
-505
-544
-625
-729
-809
-982
-1202
-1296
-1280
-1264
-1373
-1522
-1643
-1704
-1710
-1717
-1697
-1670
-1676
-1774
-1778
-1697
-1528
-1436
-1399
-1333
-1294
-1117
-1024
-860
-691
-494
-353
-324
-158
69
378
596
650
699
857
1211
1405
1456
1530
1688
1833
1788
1823
1943
2104
2044
1823
1737
1807
1862
1700
1559
1515
1406
1180
1009
1032
1052
936
728
548
436
342
294
261
190
12
-212
-342
-407
-461
-559
-647
-789
-1018
-1188
-1261
-1259
-1319
-1424
-1540
-1653
-1747
-1807
-1800
-1721
-1695
-1735
-1851
-1872
-1751
-1621
-1484
-1482
-1412
-1364
-1228
-1094
-964
-752
-645
-510
-453
-268
-40
219
425
473
562
731
1025
1188
1228
1317
1472
1586
1568
1595
1725
1846
1800
1638
1592
1645
1658
1564
1493
1470
1351
1167
1041
1051
1079
1014
895
723
569
476
445
443
373
251
91
-76
-219
-325
-339
-378
-521
-723
-885
-973
-1074
-1162
-1214
-1242
-1336
-1484
-1571
-1595
-1562
-1549
-1550
-1568
-1603
-1554
-1526
-1407
-1380
-1293
-1177
-1077
-937
-890
-702
-615
-445
-305
-130
61
174
357
428
541
653
883
1117
1177
1183
1169
1296
1384
1435
1521
1599
1607
1417
1289
1286
1406
1468
1405
1313
1153
1016
878
871
922
961
889
665
436
272
263
277
235
152
22
-179
-453
-601
-581
-534
-634
-853
-1038
-1174
-1286
-1386
-1373
-1328
-1374
-1532
-1689
-1691
-1661
-1622
-1583
-1512
-1469
-1481
-1428
-1363
-1237
-1122
-955
-825
-710
-612
-496
-317
-202
-46
109
290
420
523
682
831
912
922
1041
1295
1466
1482
1410
1423
1461
1483
1554
1663
1767
1643
1413
1246
1271
1407
1433
1391
1253
1086
868
713
720
772
800
679
463
221
38
-53
-72
-65
-165
-339
-539
-731
-883
-1010
-1025
-1068
-1152
-1322
-1497
-1601
-1718
-1713
-1708
-1682
-1724
-1824
-1848
-1841
-1766
-1692
-1591
-1450
-1403
-1349
-1334
-1153
-962
-838
-688
-532
-336
-227
-70
39
198
349
509
719
942
1072
1090
1130
1215
1344
1498
1674
1823
1841
1710
1616
1652
1791
1891
1908
1875
1789
1653
1487
1416
1458
1516
1499
1378
1200
979
776
649
586
571
511
382
149
-156
-419
-546
-535
-541
-641
-867
-1126
-1343
-1543
-1600
-1573
-1533
-1606
-1760
-1909
-2082
-2069
-2083
-1953
-1859
-1857
-1877
-1881
-1863
-1839
-1735
-1557
-1293
-1144
-1151
-1104
-987
-841
-636
-467
-211
-8
135
185
292
411
597
803
937
1102
1218
1303
1366
1409
1454
1569
1728
1826
1880
1897
1894
1875
1809
1814
1875
1981
1961
1877
1747
1620
1527
1370
1336
1319
1275
1103
843
641
422
230
60
-9
-62
-243
-477
-742
-899
-1066
-1238
-1270
-1293
-1308
-1487
-1669
-1777
-1799
-1841
-1850
-1803
-1786
-1753
-1849
-1821
-1897
-1790
-1747
-1619
-1505
-1481
-1366
-1320
-1239
-1179
-1022
-815
-578
-516
-416
-317
-112
-69
119
310
501
679
594
751
809
1024
1052
1222
1335
1397
1463
1385
1547
1597
1696
1675
1732
1771
1747
1779
1755
1789
1737
1650
1582
1507
1477
1391
1310
1164
977
793
607
495
353
235
75
-91
-332
-573
-721
-805
-829
-946
-1042
-1165
-1279
-1398
-1469
-1518
-1496
-1440
-1459
-1449
-1455
-1560
-1605
-1599
-1464
-1375
-1251
-1250
-1254
-1237
-1283
-1133
-1045
-841
-826
-574
-673
-491
-545
-365
-188
8
175
126
382
290
575
408
789
786
964
978
920
1051
1056
1254
1195
1348
1240
1295
1307
1305
1347
1328
1318
1295
1232
1152
1119
1146
1067
954
800
686
596
437
339
257
207
43
-140
-286
-421
-534
-695
-766
-775
-806
-869
-1050
-1166
-1242
-1234
-1142
-1070
-1024
-1093
-1109
-1201
-1172
-1076
-1019
-794
-803
-708
-785
-690
-652
-575
-405
-278
-184
-161
-180
-117
21
115
235
201
454
340
540
449
645
575
829
746
811
954
775
1018
841
1073
836
1039
931
974
991
793
876
740
782
617
602
570
460
446
240
214
150
97
-5
-118
-186
-325
-339
-430
-456
-563
-718
-812
-851
-811
-829
-887
-984
-1093
-1087
-1104
-1071
-1020
-963
-945
-955
-961
-964
-842
-723
-579
-498
-384
-325
-351
-250
-124
18
175
298
353
452
483
478
551
673
747
942
900
891
997
850
999
925
1031
1044
1101
1035
914
919
810
911
889
842
767
710
649
422
396
371
321
353
149
25
-131
-168
-344
-384
-383
-490
-543
-777
-808
-871
-852
-963
-1051
-1042
-1124
-1048
-1124
-1146
-1185
-1162
-1153
-1140
-1082
-1085
-976
-960
-937
-912
-878
-766
-711
-636
-518
-388
-262
-232
-130
-34
105
247
356
570
680
818
847
869
1040
1127
1278
1323
1460
1490
1485
1485
1399
1456
1514
1612
1556
1434
1365
1225
1142
1151
1035
992
1001
818
558
460
291
319
164
8
-101
-284
-353
-712
-668
-850
-790
-969
-1166
-1182
-1335
-1331
-1587
-1517
-1585
-1499
-1488
-1638
-1594
-1617
-1565
-1602
-1545
-1479
-1379
-1235
-1248
-1204
-1166
-1070
-957
-877
-713
-574
-410
-332
-267
-127
-25
114
218
415
603
782
867
930
1036
1126
1287
1387
1509
1640
1737
1791
1832
1788
1787
1807
1871
1912
1913
1854
1752
1709
1505
1397
1319
1340
1255
1042
907
657
623
435
241
61
-103
-104
-308
-499
-771
-765
-927
-1059
-1205
-1395
-1386
-1456
-1561
-1764
-1739
-1741
-1803
-1872
-1997
-1919
-1810
-1834
-1859
-1810
-1665
-1607
-1554
-1549
-1410
-1194
-1094
-994
-905
-740
-592
-472
-364
-211
0
121
272
364
484
628
727
880
1004
1160
1271
1361
1432
1503
1609
1700
1772
1817
1897
1950
1965
1921
1873
1856
1852
1816
1743
1652
1560
1453
1287
1144
956
863
709
574
373
176
49
-146
-299
-552
-648
-769
-877
-1040
-1244
-1321
-1411
-1508
-1650
-1732
-1784
-1793
-1837
-1883
-1861
-1838
-1848
-1850
-1809
-1696
-1585
-1472
-1390
-1269
-1154
-1058
-933
-793
-585
-425
-301
-231
-129
9
133
267
357
476
558
614
660
716
822
898
984
1053
1188
1289
1331
1363
1411
1498
1597
1650
1682
1744
1765
1762
1716
1654
1575
1510
1429
1320
1220
1078
934
757
552
357
164
-15
-170
-309
-475
-598
-769
-954
-1152
-1264
-1309
-1369
-1431
-1504
-1536
-1572
-1605
-1639
-1649
-1647
-1616
-1578
-1497
-1422
-1299
-1237
-1194
-1123
-1007
-842
-705
-593
-515
-375
-225
-114
-46
21
111
212
286
340
408
485
511
521
525
559
624
653
703
799
908
978
1036
1069
1139
1226
1292
1368
1438
1521
1560
1576
1563
1537
1487
1408
1311
1201
1089
954
790
630
474
296
106
-122
-314
-478
-625
-791
-931
-1037
-1129
-1226
-1328
-1380
-1426
-1456
-1519
-1564
-1517
-1478
-1436
-1431
-1404
-1332
-1293
-1207
-1146
-1009
-882
-772
-701
-643
-494
-370
-183
-98
5
128
255
357
376
409
425
486
515
565
651
706
719
626
559
541
571
606
620
696
757
839
874
920
1003
1058
1129
1167
1239
1282
1300
1295
1265
1245
1177
1108
1002
869
702
502
314
131
-41
-226
-408
-569
-762
-913
-1072
-1202
-1316
-1424
-1507
-1564
-1564
-1560
-1551
-1548
-1530
-1504
-1454
-1394
-1330
-1267
-1196
-1102
-979
-849
-707
-589
-487
-368
-241
-122
-24
87
207
324
438
552
673
753
791
806
796
808
816
833
842
847
843
813
789
771
772
749
748
760
772
812
861
938
995
1033
1070
1101
1139
1131
1094
1050
1002
964
881
784
653
489
309
104
-69
-252
-440
-653
-840
-999
-1137
-1262
-1380
-1474
-1557
-1599
-1638
-1643
-1635
-1625
-1589
-1542
-1449
-1373
-1288
-1192
-1111
-1022
-965
-864
-769
-631
-535
-428
-300
-173
-43
25
119
193
334
447
539
648
741
848
894
952
999
1045
1067
1044
1043
1033
1047
1037
1013
1002
982
955
895
877
879
874
865
848
855
870
875
856
831
802
758
705
625
535
445
332
195
44
-101
-250
-413
-575
-755
-915
-1064
-1196
-1314
-1401
-1465
-1523
-1558
-1589
-1572
-1547
-1516
-1485
-1430
-1339
-1243
-1137
-1052
-957
-858
-769
-671
-598
-507
-420
-329
-234
-151
-37
62
161
241
336
437
552
654
731
816
900
998
1065
1129
1181
1212
1218
1206
1211
1227
1232
1200
1138
1083
1035
984
939
898
862
800
740
683
643
617
569
510
439
377
314
250
175
78
-33
-149
-252
-350
-468
-592
-727
-852
-977
-1081
-1168
-1244
-1300
-1360
-1397
-1417
-1419
-1418
-1407
-1382
-1327
-1252
-1182
-1101
-1018
-944
-864
-781
-689
-597
-504
-432
-370
-285
-205
-95
0
101
194
282
364
454
560
651
748
834
924
1022
1107
1180
1223
1256
1274
1289
1301
1294
1288
1254
1204
1147
1096
1033
968
894
812
733
658
591
532
474
413
359
303
245
184
114
32
-44
-124
-207
-286
-372
-465
-574
-678
-780
-878
-975
-1079
-1165
-1242
-1302
-1349
-1379
-1395
-1392
-1395
-1381
-1352
-1300
-1229
-1163
-1092
-1017
-927
-835
-735
-640
-544
-457
-375
-303
-213
-108
-13
87
174
263
353
442
531
627
726
808
884
954
1041
1127
1193
1238
1264
1287
1287
1285
1264
1240
1212
1176
1120
1065
996
917
832
743
669
599
531
453
384
311
251
198
149
86
19
-54
-128
-199
-279
-364
-445
-523
-606
-692
-778
-865
-945
-1028
-1102
-1164
-1212
-1252
-1279
-1293
-1289
-1266
-1243
-1210
-1164
-1105
-1034
-954
-871
-775
-678
-583
-497
-404
-315
-215
-121
-41
51
133
211
299
381
463
554
629
692
754
816
881
941
990
1041
1086
1129
1148
1159
1158
1147
1126
1088
1048
1010
959
887
808
731
658
584
506
423
347
266
191
117
60
0
-52
-106
-158
-203
-248
-296
-340
-392
-448
-506
-565
-621
-675
-727
-785
-843
-905
-957
-998
-1030
-1053
-1067
-1080
-1085
-1076
-1064
-1031
-980
-921
-858
-793
-717
-641
-554
-471
-388
-298
-211
-125
-46
31
104
187
261
334
410
473
531
585
635
681
729
779
817
848
874
903
929
948
958
959
945
914
879
834
791
748
691
628
563
497
429
354
287
224
165
102
42
-7
-52
-88
-117
-142
-163
-185
-211
-238
-260
-283
-313
-347
-387
-426
-464
-499
-540
-580
-617
-653
-683
-717
-737
-749
-755
-754
-747
-733
-711
-677
-638
-598
-545
-488
-424
-357
-288
-221
-157
-102
-52
2
55
112
163
205
254
304
353
397
438
476
510
543
570
597
624
652
676
697
712
715
708
690
663
628
581
533
479
419
358
293
225
156
93
35
-14
-61
-108
-147
-178
-194
-200
-200
-199
-189
-177
-170
-157
-150
-146
-144
-142
-149
-167
-192
-225
-256
-283
-313
-343
-372
-402
-433
-458
-478
-489
-495
-495
-490
-479
-460
-436
-402
-366
-326
-280
-239
-196
-158
-122
-89
-56
-27
5
44
81
125
158
191
229
261
286
311
340
369
397
419
443
468
489
496
489
477
452
420
382
337
293
240
185
125
72
22
-30
-74
-112
-141
-164
-180
-188
-186
-174
-147
-116
-81
-44
-5
26
62
95
118
138
147
147
139
122
95
70
42
5
-40
-84
-122
-154
-189
-226
-260
-292
-319
-341
-347
-349
-341
-332
-315
-292
-267
-242
-219
-190
-158
-122
-91
-61
-30
-1
30
71
118
161
198
226
251
276
300
320
331
340
345
346
345
329
307
277
242
197
145
94
43
-8
-58
-109
-153
-193
-228
-253
-263
-264
-259
-246
-222
-183
-140
-94
-45
8
67
122
175
224
267
297
313
321
320
306
280
246
209
166
115
57
-2
-62
-120
-177
-233
-284
-331
-369
-399
-420
-433
-437
-433
-416
-388
-363
-338
-313
-284
-250
-215
-176
-132
-87
-41
-3
36
77
116
155
189
218
241
262
275
282
292
302
306
302
289
271
251
225
189
148
105
62
20
-27
-69
-108
-142
-167
-182
-187
-184
-177
-162
-136
-100
-57
-15
28
73
122
168
209
248
287
316
329
330
318
296
269
231
191
146
93
32
-25
-76
-126
-174
-221
-264
-297
-325
-343
-350
-345
-333
-318
-298
-275
-249
-220
-187
-151
-117
-90
-62
-35
-5
25
49
78
107
133
157
177
197
214
231
248
262
274
275
273
270
268
260
241
214
178
138
89
40
-10
-57
-103
-147
-189
-222
-248
-265
-271
-263
-247
-226
-202
-174
-135
-89
-39
8
52
96
136
167
185
191
185
172
152
123
86
41
-9
-56
-104
-152
-194
-233
-267
-293
-309
-316
-317
-310
-293
-270
-240
-208
-176
-143
-107
-70
-36
-9
10
25
39
53
68
82
92
102
116
130
149
168
189
209
230
249
270
287
302
314
326
331
328
314
295
270
238
199
149
95
42
-9
-57
-100
-137
-168
-188
-197
-198
-190
-182
-166
-139
-105
-66
-27
9
41
73
99
119
129
128
116
99
76
46
11
-32
-75
-115
-155
-191
-225
-252
-273
-288
-292
-291
-286
-277
-257
-230
-199
-165
-136
-105
-76
-46
-18
6
25
39
52
61
70
80
88
98
110
126
139
154
169
184
198
212
221
224
228
228
225
218
204
188
166
139
109
73
34
-8
-44
-75
-99
-122
-142
-156
-164
-164
-157
-146
-133
-115
-92
-63
-35
-6
21
47
68
84
90
91
88
81
67
51
31
8
-15
-38
-61
-81
-104
-123
-139
-147
-153
-157
-160
-160
-151
-142
-129
-114
-98
-81
-68
-52
-36
-21
-9
0
6
14
20
26
31
32
37
44
49
57
64
70
75
80
83
83
81
79
77
79
80
80
79
74
69
65
60
52
44
33
24
23
22
25
26
27
28
30
30
31
35
38
44
47
51
50
50
52
53
56
56
53
49
45
39
33
28
20
12
3
-5
-13
-21
-29
-39
-44
-54
-63
-73
-81
-91
-98
-105
-109
-110
-114
-117
-114
-112
-109
-107
-104
-98
-90
-84
-78
-71
-64
-56
-50
-39
-31
-18
-12
-9
-4
-6
-8
-6
-5
-1
4
5
5
11
16
23
31
39
49
58
65
67
72
75
79
82
82
80
75
67
60
52
49
41
35
27
21
19
17
19
21
24
28
37
47
58
67
76
85
92
98
101
101
95
87
75
63
49
32
13
-6
-24
-42
-64
-82
-97
-110
-119
-128
-133
-137
-140
-139
-133
-125
-115
-106
-97
-85
-73
-65
-54
-44
-38
-34
-35
-34
-37
-39
-42
-43
-46
-47
-47
-44
-35
-28
-21
-14
-5
8
19
31
36
42
48
53
56
57
55
50
44
39
34
29
20
14
10
13
18
25
32
41
56
71
91
112
132
149
162
176
189
199
203
200
192
179
161
137
112
80
49
19
-13
-43
-75
-101
-122
-138
-149
-160
-163
-163
-159
-154
-148
-138
-125
-113
-100
-90
-84
-79
-73
-68
-64
-62
-66
-69
-74
-80
-82
-84
-89
-93
-91
-88
-77
-65
-55
-43
-29
-14
2
14
24
30
37
41
44
46
39
34
29
26
25
21
20
18
21
28
37
50
62
80
102
123
145
163
178
194
210
221
227
225
217
205
191
173
149
122
92
62
30
-3
-36
-64
-89
-110
-128
-143
-156
-160
-159
-155
-146
-140
-133
-120
-108
-97
-88
-82
-78
-73
-71
-77
-80
-87
-94
-97
-103
-111
-116
-122
-124
-120
-112
-106
-99
-88
-78
-62
-46
-34
-20
-7
2
13
23
29
34
41
46
50
55
55
55
58
64
72
82
91
99
114
128
147
168
184
197
209
218
223
228
229
222
212
192
170
150
124
93
64
35
0
-30
-56
-81
-99
-110
-122
-128
-130
-131
-124
-114
-100
-89
-80
-72
-59
-49
-43
-37
-36
-36
-40
-45
-55
-66
-77
-92
-102
-113
-126
-134
-140
-143
-142
-137
-132
-123
-111
-101
-89
-73
-57
-41
-26
-17
-10
0
9
15
24
30
37
40
38
39
44
46
51
60
68
76
89
101
115
132
143
151
161
167
167
167
161
150
133
113
92
72
50
24
-1
-27
-53
-71
-86
-100
-106
-113
-116
-111
-105
-97
-84
-65
-50
-30
-15
-7
6
16
24
31
29
22
12
3
-7
-17
-29
-44
-61
-72
-81
-89
-92
-95
-92
-86
-75
-62
-48
-33
-18
-2
16
30
42
51
59
67
73
78
80
79
74
69
64
59
59
59
56
56
57
59
67
81
91
100
108
111
115
120
118
110
101
86
68
47
25
-1
-28
-55
-78
-96
-112
-129
-138
-144
-145
-141
-137
-125
-109
-89
-66
-42
-22
-4
13
26
38
47
50
47
37
21
2
-18
-37
-57
-80
-101
-122
-139
-149
-154
-153
-148
-136
-118
-99
-78
-52
-25
1
28
50
67
83
93
98
100
99
93
84
73
57
40
28
14
4
-2
-7
-10
-8
-3
10
25
38
52
67
80
92
104
106
103
98
86
73
60
38
14
-10
-34
-55
-70
-87
-99
-102
-103
-99
-90
-78
-59
-34
-4
24
52
72
88
104
117
124
127
121
107
91
69
48
23
-3
-31
-56
-78
-100
-111
-118
-119
-111
-99
-83
-61
-37
-13
12
34
54
72
84
90
93
91
83
74
59
37
16
-6
-30
-50
-70
-87
-99
-107
-113
-112
-105
-95
-85
-69
-52
-35
-15
2
15
26
29
26
21
14
2
-11
-27
-45
-61
-73
-82
-88
-90
-89
-84
-76
-63
-47
-25
-2
25
51
75
95
109
119
129
140
148
151
147
135
120
108
95
80
66
48
32
23
17
15
17
21
27
43
57
72
85
94
99
104
104
100
92
78
58
39
17
-9
-32
-54
-76
-96
-114
-128
-141
-151
-155
-156
-152
-146
-135
-123
-110
-95
-81
-66
-50
-39
-30
-26
-29
-35
-46
-58
-70
-85
-96
-107
-115
-121
-124
-121
-117
-108
-95
-78
-59
-36
-18
0
20
40
59
75
88
96
106
114
116
117
115
110
105
99
89
81
73
65
61
60
58
61
61
60
65
74
80
85
88
82
76
68
55
43
28
10
-11
-27
-45
-63
-77
-91
-99
-103
-105
-104
-103
-98
-90
-78
-67
-56
-42
-28
-11
8
24
38
50
62
68
73
72
70
65
57
50
43
35
31
28
27
28
29
33
41
50
59
67
72
77
82
84
88
87
83
79
77
74
70
60
47
37
28
18
7
-6
-22
-36
-47
-56
-61
-67
-74
-79
-80
-80
-79
-81
-88
-94
-104
-113
-124
-137
-151
-165
-176
-186
-194
-199
-201
-197
-189
-176
-161
-145
-128
-107
-85
-64
-41
-20
1
21
40
61
82
99
112
120
129
133
137
137
133
127
116
106
96
88
82
79
75
74
75
77
80
85
88
91
91
89
87
81
75
66
59
52
43
34
24
12
4
-3
-9
-16
-24
-34
-42
-49
-57
-65
-73
-83
-92
-101
-110
-118
-126
-135
-148
-159
-173
-186
-195
-201
-207
-209
-211
-207
-196
-180
-160
-133
-101
-67
-27
12
48
88
128
166
202
237
267
293
317
337
356
369
374
372
367
360
350
339
321
302
280
260
242
224
207
191
173
157
144
130
112
92
67
39
12
-19
-53
-88
-123
-154
-186
-216
-247
-277
-309
-335
-356
-375
-390
-405
-415
-421
-424
-421
-414
-407
-396
-381
-367
-352
-337
-326
-315
-302
-292
-284
-278
-270
-261
-248
-233
-215
-191
-162
-128
-90
-48
-5
40
89
138
189
239
287
332
378
422
463
497
523
546
561
572
579
578
570
556
539
518
494
468
438
408
379
348
319
292
262
230
198
166
133
99
60
22
-17
-56
-95
-132
-168
-205
-238
-272
-304
-336
-368
-398
-424
-447
-468
-484
-500
-510
-517
-519
-517
-510
-503
-491
-477
-462
-445
-426
-408
-389
-370
-347
-321
-294
-264
-233
-197
-157
-109
-59
-7
49
102
156
212
265
318
371
422
463
503
538
567
596
619
633
642
645
642
632
619
600
577
547
512
474
431
389
347
303
260
218
176
132
89
44
1
-40
-81
-122
-162
-203
-242
-281
-314
-345
-372
-394
-418
-438
-457
-473
-489
-503
-515
-529
-535
-537
-538
-534
-530
-521
-506
-487
-464
-438
-408
-378
-346
-311
-277
-243
-210
-176
-137
-96
-54
-10
35
81
130
179
230
280
329
372
415
455
491
527
554
575
593
608
619
624
627
623
614
603
583
558
529
494
457
414
368
321
273
223
176
128
80
33
-14
-57
-100
-141
-181
-222
-259
-297
-334
-367
-399
-429
-454
-474
-493
-508
-520
-533
-540
-542
-543
-539
-535
-530
-519
-505
-489
-469
-445
-421
-392
-360
-324
-288
-250
-211
-172
-131
-94
-58
-21
17
59
97
137
175
214
253
293
333
368
401
431
457
482
503
518
531
540
546
547
544
537
528
517
502
486
466
439
412
384
352
319
283
248
212
176
139
100
62
22
-17
-57
-97
-135
-173
-213
-251
-287
-323
-354
-384
-410
-431
-446
-458
-465
-468
-471
-470
-465
-458
-446
-434
-421
-405
-388
-366
-340
-313
-287
-258
-233
-207
-178
-148
-117
-88
-59
-34
-10
18
47
80
114
143
174
202
233
260
288
313
336
354
366
375
381
385
387
385
378
368
355
340
325
306
287
267
242
215
187
159
132
107
79
51
24
-4
-30
-54
-78
-102
-127
-150
-174
-195
-214
-234
-254
-273
-286
-296
-305
-313
-318
-318
-316
-309
-301
-290
-277
-263
-251
-235
-218
-201
-182
-163
-143
-120
-97
-74
-48
-26
-6
16
36
57
77
94
111
129
146
163
183
202
219
237
252
267
282
293
303
308
310
310
308
304
296
285
273
259
245
228
209
189
169
150
128
107
84
62
39
19
-1
-24
-47
-69
-87
-105
-124
-140
-156
-174
-191
-207
-220
-233
-245
-255
-264
-271
-275
-277
-276
-272
-263
-251
-235
-218
-202
-186
-169
-154
-135
-117
-98
-82
-67
-52
-40
-26
-16
-5
7
17
26
34
38
42
47
51
56
61
65
69
75
82
92
102
113
123
129
134
137
141
145
146
143
140
134
125
115
105
96
86
74
61
49
39
25
14
3
-6
-12
-19
-27
-34
-38
-41
-42
-44
-46
-47
-46
-45
-43
-40
-36
-31
-26
-23
-17
-11
-6
-2
0
3
10
18
26
33
40
46
54
63
72
77
77
79
80
81
82
81
76
68
61
54
46
37
28
20
9
-1
-13
-21
-28
-35
-42
-51
-57
-61
-64
-70
-76
-83
-89
-94
-98
-101
-107
-111
-115
-119
-119
-122
-124
-124
-124
-121
-118
-116
-113
-106
-99
-89
-78
-71
-64
-54
-45
-34
-21
-12
0
9
22
33
46
56
66
77
87
96
105
116
123
131
137
140
146
151
157
160
161
158
156
153
148
142
130
118
104
91
77
61
45
27
11
-4
-20
-34
-47
-60
-68
-74
-78
-81
-83
-85
-86
-84
-80
-77
-74
-71
-70
-69
-70
-72
-75
-76
-79
-82
-86
-91
-94
-96
-100
-102
-102
-102
-100
-97
-92
-84
-75
-64
-53
-42
-28
-12
4
18
29
41
52
66
82
96
108
117
124
131
140
148
153
157
162
163
162
157
153
150
147
142
135
124
113
100
87
72
54
36
18
-2
-24
-46
-63
-80
-94
-105
-117
-132
-145
-156
-160
-160
-159
-159
-161
-160
-156
-150
-141
-134
-125
-117
-106
-94
-85
-77
-68
-61
-52
-43
-36
-28
-22
-16
-10
-5
1
6
12
17
23
31
38
44
49
51
55
61
66
70
76
80
86
94
103
112
122
128
132
139
144
150
152
152
148
146
142
139
137
132
123
113
104
92
81
64
46
27
7
-12
-32
-54
-75
-96
-114
-125
-134
-142
-149
-155
-161
-165
-165
-166
-164
-161
-160
-158
-153
-147
-138
-129
-118
-108
-95
-85
-74
-63
-52
-42
-32
-24
-18
-12
-4
4
12
21
27
33
37
46
55
64
70
73
76
76
77
78
82
85
88
89
91
93
95
96
97
98
98
95
92
89
86
82
75
69
61
56
49
40
34
29
22
13
0
-11
-22
-33
-43
-52
-63
-73
-83
-89
-93
-96
-98
-100
-103
-103
-101
-100
-96
-91
-86
-81
-76
-69
-61
-52
-44
-31
-20
-10
0
8
18
28
40
51
60
65
70
71
75
82
87
89
90
89
90
90
91
90
85
80
74
68
63
55
49
41
33
26
18
12
7
3
-2
-10
-17
-24
-30
-35
-42
-48
-54
-60
-65
-70
-75
-80
-83
-87
-90
-93
-97
-102
-106
-108
-107
-106
-106
-108
-107
-102
-93
-84
-77
-72
-64
-56
-46
-34
-22
-13
-5
2
11
21
28
38
46
56
63
70
74
79
88
95
100
105
109
110
112
115
115
114
111
109
105
99
93
87
80
74
65
55
42
31
20
11
6
-1
-7
-13
-18
-19
-20
-21
-24
-25
-26
-29
-28
-28
-31
-36
-42
-45
-47
-48
-49
-51
-52
-54
-56
-58
-63
-62
-64
-64
-62
-62
-59
-56
-53
-48
-42
-35
-31
-24
-21
-17
-11
-6
-1
2
5
8
12
16
21
27
29
35
40
46
52
58
61
65
69
74
76
80
82
83
83
81
77
74
68
61
53
43
33
20
8
-3
-13
-21
-30
-39
-49
-56
-60
-64
-65
-65
-65
-67
-68
-68
-68
-67
-66
-67
-65
-64
-66
-65
-64
-62
-58
-56
-56
-56
-57
-55
-55
-52
-51
-49
-48
-45
-40
-33
-26
-20
-11
-3
8
14
20
25
32
40
47
53
56
59
63
67
73
77
81
84
85
90
95
101
105
107
109
107
110
112
114
112
107
102
96
88
79
69
59
47
33
19
3
-11
-25
-39
-52
-62
-70
-79
-86
-93
-96
-98
-98
-98
-98
-97
-96
-95
-93
-90
-86
-82
-79
-78
-75
-71
-68
-65
-62
-60
-59
-58
-57
-56
-54
-53
-50
-45
-38
-31
-24
-18
-14
-8
1
9
15
21
27
34
40
45
49
55
60
67
71
77
83
88
92
100
104
110
112
111
112
111
111
112
112
110
108
102
94
88
79
69
59
46
32
17
3
-8
-21
-33
-46
-56
-64
-74
-80
-88
-93
-95
-96
-97
-97
-97
-94
-92
-88
-84
-81
-80
-78
-77
-73
-71
-70
-68
-67
-64
-65
-63
-60
-54
-48
-45
-42
-41
-37
-31
-24
-19
-14
-10
-5
1
8
15
20
26
30
35
41
49
56
61
65
69
71
78
84
90
91
93
98
102
106
109
111
110
109
106
99
92
85
76
67
56
44
31
16
2
-9
-19
-28
-40
-54
-65
-75
-79
-81
-83
-86
-88
-88
-86
-83
-80
-78
-78
-75
-70
-65
-61
-59
-55
-53
-52
-49
-46
-43
-39
-36
-33
-30
-28
-25
-23
-19
-15
-11
-10
-7
-3
1
7
12
18
22
28
32
35
40
43
46
50
54
59
65
71
75
79
82
87
91
92
93
96
99
101
102
101
101
99
96
92
86
79
70
60
47
35
23
10
-1
-11
-22
-33
-45
-56
-67
-73
-79
-85
-92
-96
-98
-99
-98
-98
-99
-99
-100
-99
-97
-95
-92
-88
-85
-81
-80
-79
-77
-73
-68
-63
-59
-56
-52
-48
-44
-38
-35
-32
-30
-28
-23
-18
-12
-9
-6
-4
-2
1
4
7
12
15
19
24
30
35
42
47
52
57
63
69
74
79
85
90
96
99
100
100
97
93
89
84
77
73
66
59
55
50
45
39
33
25
21
14
8
3
0
-2
-6
-10
-13
-14
-15
-17
-20
-23
-24
-25
-25
-26
-25
-24
-24
-25
-24
-22
-21
-19
-20
-18
-18
-19
-19
-20
-19
-19
-19
-20
-22
-24
-22
-21
-21
-22
-22
-23
-24
-27
-28
-29
-29
-28
-26
-24
-20
-17
-14
-8
-4
-2
4
7
11
17
21
26
29
29
29
30
30
28
26
28
28
28
26
24
24
21
18
15
10
6
3
-1
-4
-7
-9
-13
-18
-20
-23
-25
-27
-28
-30
-31
-33
-34
-35
-35
-35
-36
-36
-37
-33
-30
-28
-25
-24
-21
-20
-20
-20
-19
-15
-15
-14
-15
-13
-10
-8
-7
-4
-4
-3
-3
-2
-1
1
4
5
9
12
16
19
23
27
33
37
41
46
51
56
59
61
64
65
64
63
63
61
60
56
51
48
44
40
33
27
23
19
15
7
0
-6
-11
-15
-20
-25
-32
-37
-41
-43
-44
-45
-48
-51
-53
-56
-56
-56
-54
-53
-52
-51
-47
-45
-40
-36
-32
-27
-22
-17
-13
-10
-7
-5
-1
4
8
9
11
12
12
14
16
16
19
20
22
24
24
25
28
32
36
40
43
47
48
48
52
53
56
56
53
52
50
49
48
46
42
37
31
27
22
17
11
4
-4
-11
-19
-24
-28
-33
-38
-44
-47
-51
-54
-57
-59
-62
-63
-64
-66
-66
-67
-66
-65
-64
-65
-64
-62
-59
-55
-51
-47
-44
-42
-41
-37
-34
-29
-27
-24
-23
-18
-15
-9
-5
0
5
7
10
14
18
23
29
34
38
42
46
51
54
61
66
71
74
77
78
82
85
86
87
85
83
80
78
77
73
66
59
52
44
38
30
25
18
10
1
-9
-17
-25
-29
-35
-41
-46
-52
-56
-60
-65
-67
-66
-66
-68
-70
-71
-71
-70
-69
-67
-65
-63
-60
-58
-53
-47
-41
-36
-31
-26
-21
-16
-12
-8
-4
1
7
12
15
18
20
26
30
33
33
34
36
40
44
48
48
48
49
50
53
55
60
61
65
65
65
65
65
65
65
62
59
54
51
49
46
41
35
27
21
15
10
3
-4
-12
-19
-28
-34
-41
-47
-53
-60
-65
-71
-77
-83
-86
-88
-91
-92
-93
-94
-94
-92
-89
-86
-84
-81
-79
-75
-68
-61
-54
-49
-46
-39
-33
-26
-20
-17
-13
-7
0
6
13
19
24
29
32
36
41
47
51
56
60
64
66
67
71
73
76
79
82
84
85
86
85
86
88
87
85
81
76
71
64
57
53
46
39
33
25
17
9
1
-8
-13
-23
-31
-37
-44
-51
-57
-61
-65
-70
-75
-80
-82
-82
-82
-83
-83
-82
-81
-79
-77
-74
-69
-62
-57
-50
-45
-41
-34
-28
-23
-16
-11
-6
1
8
13
19
24
30
34
38
43
47
49
52
53
53
54
55
55
56
56
56
56
54
54
55
54
56
57
57
55
53
50
48
45
42
40
35
30
23
17
11
5
0
-6
-13
-19
-25
-32
-38
-44
-47
-51
-56
-60
-65
-69
-70
-74
-75
-77
-78
-78
-78
-77
-76
-74
-72
-67
-63
-60
-56
-52
-46
-39
-34
-29
-22
-18
-13
-8
-1
5
9
14
19
23
29
33
36
37
40
45
49
52
54
54
55
55
55
56
57
56
57
56
55
54
53
52
49
48
47
46
44
39
36
33
29
27
24
20
17
13
10
5
1
-4
-7
-11
-15
-18
-23
-26
-29
-34
-37
-39
-44
-47
-49
-51
-53
-54
-55
-54
-53
-52
-52
-50
-47
-43
-39
-36
-32
-27
-24
-20
-17
-12
-8
-5
0
4
9
11
14
16
18
20
24
26
28
29
29
29
32
35
36
34
33
31
32
31
31
31
28
27
25
24
24
24
22
20
18
18
18
15
12
10
9
7
5
2
-2
-4
-7
-9
-10
-13
-16
-21
-23
-25
-26
-29
-32
-36
-37
-36
-36
-37
-36
-35
-35
-33
-33
-32
-33
-31
-28
-25
-23
-20
-18
-16
-12
-7
-4
-1
1
2
3
6
9
10
9
10
12
12
14
16
19
22
22
21
21
21
24
25
24
24
23
20
19
18
15
14
12
11
12
12
11
10
9
9
7
6
4
4
3
2
2
3
3
3
3
2
2
1
-1
-2
-4
-7
-9
-13
-14
-14
-15
-15
-15
-14
-14
-16
-17
-18
-16
-17
-16
-16
-13
-10
-9
-9
-7
-6
-4
-3
-2
1
4
6
6
8
10
13
13
13
13
14
14
13
14
15
15
15
15
15
13
13
13
12
12
11
10
8
8
7
7
5
5
5
3
2
1
1
1
0
0
-1
0
-1
-3
-6
-7
-7
-7
-8
-10
-12
-13
-14
-15
-16
-17
-19
-18
-19
-19
-19
-18
-17
-17
-16
-16
-15
-13
-11
-11
-10
-9
-9
-6
-5
-6
-4
-2
0
2
6
8
11
12
12
12
12
9
9
8
7
8
10
9
9
7
6
5
4
3
1
-1
-1
0
-1
-2
-3
-3
