2
3
3
3
3
5
5
5
4
5
4
4
3
3
2
2
1
1
0
0
-2
-2
-3
-2
-2
-3
-3
-3
-2
-2
-2
-1
-1
-2
-2
-4
-4
-3
-3
-3
-2
-2
-3
-3
-4
-5
-3
-5
-5
-4
-5
-6
-7
-6
-6
-7
-7
-7
-7
-6
-6
-7
-6
-7
-6
-6
-6
-6
-5
-5
-6
-4
-4
-4
-4
-4
-3
-4
-4
-5
-3
-3
-2
-2
-2
-2
-2
-2
-3
-2
-4
-3
-2
-1
0
2
1
1
3
3
4
4
6
8
10
9
8
9
10
11
11
12
12
13
13
14
13
12
13
12
12
13
15
15
16
16
16
18
16
16
16
15
15
14
11
11
10
8
9
7
7
6
4
4
4
1
0
0
0
-1
-3
-5
-5
-8
-11
-13
-14
-16
-16
-16
-17
-18
-16
-17
-18
-18
-17
-17
-19
-17
-18
-19
-19
-18
-19
-19
-18
-20
-20
-19
-18
-17
-14
-14
-12
-11
-10
-9
-9
-8
-7
-7
-5
-4
-3
-2
-1
-1
2
4
4
4
8
8
8
9
10
10
11
13
13
14
12
13
12
13
12
13
13
11
12
12
13
13
12
12
11
12
11
10
8
8
7
5
4
3
3
-1
-2
-2
-3
-3
-4
-6
-6
-5
-6
-6
-6
-8
-7
-6
-6
-5
-6
-6
-6
-5
-5
-5
-4
-1
-1
-1
-1
1
1
4
4
6
8
9
11
13
13
16
16
15
15
16
15
16
17
17
15
15
15
14
14
12
12
11
10
9
7
5
5
2
2
1
0
0
-2
-3
-5
-7
-8
-10
-11
-12
-13
-16
-17
-20
-20
-22
-23
-24
-24
-25
-24
-25
-26
-27
-28
-26
-26
-25
-24
-23
-21
-20
-18
-17
-15
-14
-11
-11
-10
-9
-9
-8
-7
-6
-6
-5
-5
-4
-1
1
3
4
4
8
8
10
12
14
15
17
17
18
20
20
19
19
20
21
21
20
20
18
17
17
15
16
16
15
14
15
13
14
14
13
14
14
15
15
15
15
13
12
12
13
12
13
12
12
11
9
7
6
4
2
1
-1
-2
-2
-5
-6
-7
-9
-10
-9
-11
-13
-12
-13
-13
-14
-15
-15
-15
-14
-14
-15
-14
-13
-13
-13
-12
-12
-11
-11
-11
-11
-12
-11
-10
-9
-8
-6
-6
-4
-3
-2
-1
-1
-2
0
0
1
0
1
0
-2
0
-2
1
-3
-1
-1
-3
-2
-3
-4
-3
-2
-1
2
3
4
4
5
5
4
5
3
1
-1
-3
-3
-4
-5
-6
-7
-6
-6
-6
-6
-6
-6
-6
-4
-5
-5
-4
-3
-3
-1
-2
-1
-1
-2
0
1
2
3
4
4
5
3
4
3
4
4
3
4
3
4
3
4
5
5
6
7
8
10
11
11
12
13
14
15
15
16
17
17
18
18
17
16
14
14
14
13
12
11
11
9
8
7
7
6
5
3
2
0
-1
-3
-4
-7
-6
-8
-8
-7
-8
-9
-9
-7
-6
-5
-5
-6
-5
-6
-6
-7
-5
-6
-7
-7
-7
-7
-8
-8
-7
-6
-7
-6
-7
-7
-9
-8
-9
-9
-10
-10
-10
-10
-10
-10
-11
-12
-13
-13
-14
-12
-12
-11
-9
-7
-5
-5
-4
-3
-2
-2
-1
0
0
-1
-1
0
-2
-2
-1
1
1
1
2
2
2
2
2
2
3
2
2
3
4
5
3
5
5
7
8
8
8
10
9
10
9
10
11
10
10
11
11
10
9
9
10
10
9
10
10
10
8
7
6
6
5
1
0
-1
-2
-3
-3
-5
-6
-6
-8
-7
-7
-7
-7
-7
-7
-6
-7
-6
-6
-5
-3
0
-1
1
0
-1
1
-1
0
0
0
0
0
0
-1
1
0
-2
-2
-2
-1
0
-1
-1
-1
-1
-2
0
0
0
0
-2
-2
-1
-2
-1
0
-2
-3
-2
-3
-3
-4
-6
-5
-5
-5
-4
-2
-2
-2
-1
0
1
4
4
4
4
4
3
3
3
3
4
4
7
7
7
5
5
2
2
2
1
-1
-1
-2
-2
-2
-2
-2
-2
-2
-1
0
1
3
3
3
3
3
3
2
1
2
1
0
1
1
1
1
3
2
2
3
1
1
0
1
0
0
0
0
0
-1
0
0
0
0
1
1
1
1
0
1
-1
0
-2
-1
-1
-2
-3
-4
-5
-5
-6
-6
-7
-7
-6
-7
-7
-5
-5
-5
-5
-5
-3
-3
-3
-3
-3
-2
-1
-1
-1
-1
0
1
0
1
2
1
2
3
3
3
2
2
4
4
3
2
3
3
3
1
0
0
-1
0
-1
-1
-1
-2
-3
-3
-3
-4
-5
-5
-4
-3
-2
-3
-1
0
0
0
1
1
2
1
2
2
1
1
1
2
2
3
3
4
5
4
5
4
4
4
4
5
4
4
5
6
3
3
3
4
4
3
2
1
1
2
2
2
1
2
2
2
0
0
1
1
1
1
2
2
3
6
6
6
6
8
9
11
12
11
12
11
10
9
10
9
9
7
6
4
3
3
2
0
-2
-3
-4
-5
-8
-7
-8
-9
-9
-11
-11
-13
-13
-13
-14
-15
-16
-17
-17
-18
-19
-19
-19
-17
-17
-16
-15
-13
-12
-11
-10
-7
-7
-5
-4
-4
-3
-1
0
1
1
2
1
3
3
3
4
5
6
6
5
4
4
4
3
2
1
2
2
2
1
1
1
2
3
5
5
5
6
6
8
8
9
9
10
10
10
11
11
11
8
8
7
7
7
5
3
3
2
2
0
-2
-2
-4
-4
-6
-6
-6
-8
-7
-8
-9
-9
-9
-9
-10
-10
-10
-11
-13
-12
-11
-10
-10
-9
-8
-8
-6
-7
-6
-5
-4
-2
-2
-1
0
1
1
1
2
4
6
5
6
5
6
6
7
10
9
9
10
11
12
11
12
13
15
16
17
17
17
17
16
17
17
16
17
17
17
18
18
17
16
17
17
16
17
17
16
16
15
14
11
11
11
10
8
6
5
4
1
0
-2
-5
-8
-9
-13
-15
-18
-20
-20
-23
-23
-23
-22
-23
-23
-24
-24
-22
-24
-22
-23
-22
-20
-20
-19
-19
-19
-19
-19
-19
-16
-15
-16
-14
-14
-13
-12
-10
-9
-7
-5
-5
-4
-2
-1
-1
0
0
0
3
3
5
6
7
7
7
7
6
5
5
5
6
5
5
3
2
1
-1
0
1
1
1
-1
-1
0
0
2
2
1
1
1
1
0
1
1
3
2
3
4
3
3
2
3
3
2
3
4
4
5
6
6
7
9
8
7
8
9
9
11
13
13
12
13
13
14
15
12
12
13
14
13
13
12
12
13
13
11
10
9
7
5
5
5
5
3
1
2
0
1
-2
-3
-1
-2
-1
-2
-3
-5
-4
-6
-7
-7
-8
-7
-7
-6
-7
-6
-5
-3
-3
-2
-3
-3
-3
-3
-4
-5
-4
-6
-8
-6
-7
-8
-8
-9
-9
-8
-8
-8
-8
-9
-9
-9
-9
-11
-11
-10
-9
-9
-7
-7
-8
-7
-6
-6
-7
-6
-5
-6
-5
-6
-8
-6
-5
-6
-7
-6
-6
-4
-4
-1
-2
-2
0
1
-1
1
2
3
6
6
5
4
3
1
1
-1
-1
0
5
7
6
5
6
5
5
6
5
4
6
8
5
5
5
4
7
9
7
7
9
10
12
10
8
11
12
12
12
12
11
7
5
3
0
0
5
7
6
5
5
3
1
-1
-3
-3
-4
-3
-2
-4
-5
-3
-5
-5
-5
-5
-3
-2
1
3
2
4
4
3
-2
-2
-5
-5
-6
-8
-6
-7
-5
-3
-1
1
3
7
7
9
11
10
11
9
7
3
-2
-2
-3
-5
-6
-6
-7
-7
-3
-5
-7
-6
-7
-6
-5
-8
-10
-9
-8
-7
-7
-5
-7
-7
-8
-14
-16
-16
-16
-15
-9
-2
-2
2
6
5
4
4
3
5
8
7
5
6
4
0
-3
-4
-6
-4
-2
-2
0
3
2
-1
0
-1
-5
0
2
-1
-4
-3
-2
-3
0
0
1
2
4
1
0
0
3
8
9
10
10
13
11
10
11
10
11
13
15
12
8
9
10
5
8
7
3
2
4
2
2
1
0
2
1
2
-2
-2
1
0
3
7
4
8
8
2
-4
-3
-7
-9
-2
-2
-5
-3
2
-1
-7
-3
1
-1
3
-2
-7
-2
-3
-1
0
-2
1
-2
-5
-8
-13
-10
-9
-9
-5
-12
-18
-13
-13
-12
-13
-13
-12
-9
-15
-15
-15
-7
-1
-2
-8
-10
-7
-16
-16
-15
-1
3
-5
-8
-15
-15
-3
14
23
21
22
18
11
3
0
-4
7
28
27
25
10
4
10
7
-5
-16
-4
12
13
5
-1
-8
-8
11
5
-1
17
21
19
17
2
2
-4
5
15
2
10
12
7
2
-9
-17
-6
10
23
25
31
25
16
7
0
-11
-6
14
21
19
16
-3
-15
-18
-15
-19
-18
-1
-4
9
-4
-16
-10
-14
-8
-16
-21
-11
-15
0
-16
-35
-19
-16
-12
-4
2
-7
-3
3
-9
-12
-5
3
32
17
-5
-16
-24
-7
0
13
12
1
9
6
-16
-20
-16
7
14
0
-1
-6
-5
23
24
21
17
22
10
-6
14
-6
-17
-1
23
28
21
33
7
6
20
-5
-3
-4
60
77
75
52
-52
-67
-52
-56
-16
16
53
30
7
-26
-102
-78
-34
6
3
38
-14
-47
-18
-50
-49
-19
-15
-21
-39
-28
-26
-40
-4
-2
-10
-22
-19
-38
-15
26
17
5
-10
-8
9
10
5
36
17
4
-14
-63
-21
3
33
49
-7
10
-5
-27
0
-2
39
51
30
6
-3
16
15
20
13
-12
-5
38
17
5
16
57
74
46
23
-5
3
82
48
-24
-54
-3
61
37
14
-24
-15
36
50
-47
-60
6
65
82
49
15
-28
19
59
-35
-43
-86
-40
45
32
39
-60
-23
5
-53
1
-52
-32
42
33
21
-63
-52
-34
-21
4
11
-34
-34
32
-31
3
2
-15
32
12
0
-28
-28
28
19
22
18
-12
33
28
-27
-40
9
-8
39
-2
-45
0
-18
25
-42
-49
-46
-35
69
101
-35
-45
-38
-72
-61
-72
-97
-78
63
129
90
-76
-87
-81
-61
-46
-5
1
0
66
77
55
-55
-114
-53
-29
-2
109
40
-23
20
91
101
-17
-31
-5
68
155
2
-126
-163
-32
181
133
112
-48
-9
84
-105
-33
-36
-52
167
135
2
-6
-76
-14
12
-61
-23
-49
-15
36
22
43
-10
4
60
-9
54
53
65
-7
-32
-1
-109
-12
-27
60
94
17
81
-65
-65
28
15
124
-18
117
66
-184
-20
-77
-65
-50
-2
83
10
-2
50
-90
-49
-33
-84
27
-53
27
211
100
32
-75
-124
26
-153
15
52
-80
178
152
-62
-111
-192
-52
3
-130
-60
-86
43
181
25
13
-10
-9
94
54
-26
-125
-75
-35
-88
-33
-86
-59
28
80
145
5
21
47
27
96
57
-84
-109
-58
-7
-79
-102
-37
0
119
115
28
-42
-20
-20
74
33
0
12
15
-37
-55
-2
26
22
93
74
-69
6
-11
-44
67
54
21
-13
-46
-8
-4
113
0
-97
-22
-54
-11
134
78
37
59
-2
-133
-235
-170
-53
87
238
140
12
-30
-84
-41
21
69
148
135
120
-26
-147
-133
-173
-54
42
4
51
-16
-57
-2
-17
52
29
33
66
30
-20
-40
-93
-41
16
28
20
-24
-37
11
-46
-7
10
37
83
63
60
60
61
20
-27
-40
-47
-97
-55
-59
3
120
111
36
-10
-102
-101
-120
-39
39
132
235
113
-36
-68
-89
-33
15
-13
3
5
15
-60
-83
-84
10
75
112
23
-43
-34
-62
-2
-14
-4
10
47
39
0
-28
-48
-27
-12
-16
-75
-12
42
141
155
100
2
-30
-57
-89
-105
-71
-22
41
126
-1
-46
-110
-68
-41
-5
2
4
86
123
96
80
35
-42
-17
-38
-101
-76
-52
-69
-10
32
36
7
18
21
6
12
-6
3
42
56
-14
-94
-142
-142
-97
-39
-20
7
44
12
4
1
10
46
55
49
16
-38
-73
-70
-56
-14
-9
14
49
71
55
0
-8
-16
-3
-6
29
39
71
70
33
-38
-53
-36
9
79
70
59
13
27
-6
-35
-17
-27
9
21
16
56
66
78
39
10
16
1
38
11
3
13
-12
-35
-52
-24
-9
40
64
79
100
45
-7
-25
-8
10
-3
-14
-44
-73
-79
-96
-115
-77
-76
-44
50
50
43
46
51
51
54
39
-32
-31
-11
-43
-26
-16
-36
-26
-21
-21
-33
-11
-34
-74
-16
21
35
43
64
44
-17
-43
-100
-63
-23
-28
-8
37
56
34
14
-4
-12
-16
-33
-4
8
29
34
10
62
37
37
18
-10
24
-6
-44
-66
-73
-22
-32
7
35
26
29
-20
5
41
47
32
18
37
42
-22
-42
-55
-51
-40
-72
-42
-13
-18
8
11
19
-1
-34
0
11
46
50
16
-6
-25
-18
-19
-25
12
20
31
22
12
26
14
4
6
5
-27
-67
-75
-13
1
-12
-11
-16
26
53
11
6
26
24
31
5
44
14
-25
15
-34
-38
-12
-8
76
120
121
110
38
46
13
-19
-22
-69
9
39
-5
14
4
-6
-8
-47
-79
-80
-31
-8
15
57
28
-7
-6
-2
4
10
13
19
40
26
-25
-43
-60
-80
-80
-86
-104
-86
-21
-2
-12
6
11
-10
9
47
39
44
37
5
-16
-43
-62
-13
29
0
-21
-37
-6
-6
29
96
93
102
79
-2
-36
-48
-67
-63
-20
10
-13
-8
-7
3
29
34
22
17
21
18
7
26
18
10
28
28
20
27
4
-25
-4
36
33
35
76
57
72
53
40
21
-33
-58
-76
-45
-55
-49
23
60
16
-65
-98
-92
-101
-86
-93
-57
7
11
9
2
-4
-38
-17
10
8
31
12
-7
-28
-35
-46
-107
-99
-86
-66
-5
4
62
107
73
72
96
96
18
-53
-16
-3
0
17
-14
19
42
44
77
101
120
80
48
31
-10
17
14
7
57
4
-49
-122
-142
-66
-38
13
19
13
39
10
1
1
24
40
15
32
-30
-64
-131
-230
-205
-248
-231
-224
-210
-121
-143
-86
-44
-56
-2
4
48
88
99
136
115
145
170
120
150
120
142
167
84
71
-2
0
-27
-77
25
85
172
198
173
253
223
227
189
199
275
233
261
217
207
179
74
83
49
56
80
76
147
105
89
53
-7
9
-18
-15
-56
-88
-68
-115
-177
-209
-234
-289
-395
-479
-585
-731
-804
-743
-573
-347
-138
23
161
114
-70
-300
-510
-618
-661
-617
-561
-476
-362
-359
-356
-282
-214
-64
86
258
348
349
405
382
436
539
602
708
720
642
496
278
213
180
226
327
365
517
574
599
624
575
608
567
574
616
573
596
496
413
338
181
148
74
132
200
201
231
158
143
58
-104
-221
-381
-496
-573
-669
-731
-800
-841
-851
-891
-908
-917
-934
-921
-885
-782
-739
-763
-757
-817
-954
-1081
-1222
-1336
-1398
-1365
-1293
-1176
-972
-684
-92
595
1210
1760
2176
2255
1972
1618
1270
927
777
637
350
27
-261
-472
-622
-585
-414
-152
135
339
643
997
1336
1752
2129
2432
2521
2480
2338
1980
1548
961
369
-115
-546
-814
-940
-928
-856
-727
-506
-310
-104
65
142
189
141
-27
-284
-593
-975
-1374
-1729
-1994
-2141
-2113
-1902
-1642
-1306
-1016
-815
-741
-787
-819
-962
-1061
-1213
-1391
-1520
-1773
-1833
-1865
-1714
-944
80
1341
2418
3050
3389
2956
2343
1598
822
437
-29
-410
-886
-1345
-1414
-1325
-934
-421
134
689
875
1056
1210
1448
1889
2365
3011
3476
3684
3592
3108
2272
1138
21
-836
-1374
-1594
-1521
-1348
-1101
-825
-547
-199
136
457
728
952
1028
907
621
127
-533
-1281
-1954
-2506
-2822
-2818
-2511
-1978
-1412
-891
-508
-273
-249
-378
-499
-687
-882
-1150
-1380
-1584
-1829
-1834
-1788
-1406
-763
138
1383
2272
2886
2895
2333
1740
1205
922
512
-44
-490
-1081
-1500
-1605
-1464
-992
-313
379
787
1014
1239
1577
1927
2282
2486
2642
2800
2775
2695
2262
1553
651
-188
-805
-1295
-1410
-1302
-1058
-797
-542
-220
44
361
663
904
1035
861
545
81
-482
-1070
-1730
-2244
-2597
-2708
-2501
-2077
-1488
-829
-357
74
275
169
98
-145
-342
-716
-1152
-1545
-2003
-2254
-2552
-2642
-2443
-1763
-714
684
2128
3149
3783
3512
2789
2099
1444
900
158
-481
-1056
-1725
-1812
-1831
-1503
-789
-197
477
734
1032
1334
1578
2025
2381
2800
3044
3107
3046
2620
1849
888
-15
-734
-1158
-1297
-1142
-842
-589
-393
-200
28
265
556
883
1145
1220
987
427
-305
-1108
-1905
-2654
-3168
-3332
-3132
-2519
-1607
-640
196
737
964
895
587
201
-226
-799
-1349
-1982
-2624
-2945
-3320
-3152
-2964
-2244
-1015
40
1695
2893
3808
4207
3507
2755
1998
1483
1101
208
-311
-1012
-1706
-1864
-2041
-1788
-1135
-351
210
554
864
1404
1929
2607
3412
3769
3986
3729
3276
2646
1517
468
-521
-1249
-1637
-1737
-1591
-1293
-955
-643
-200
219
674
1105
1425
1607
1395
867
22
-973
-1812
-2611
-3227
-3546
-3484
-3038
-2227
-1242
-370
327
786
947
868
650
286
-230
-966
-1666
-2470
-3007
-3231
-3472
-3509
-3355
-2677
-1573
-181
1675
3470
4723
5147
4358
3154
2250
1657
1089
266
-488
-1168
-1899
-2260
-2334
-2088
-1238
-509
54
533
960
1701
2466
3371
4093
4280
4268
3852
3254
2499
1337
186
-804
-1452
-1805
-1880
-1559
-1186
-820
-413
28
585
1096
1553
1893
1859
1436
642
-496
-1536
-2521
-3346
-3800
-4061
-3665
-3021
-2116
-973
-226
396
652
606
518
230
-2
-461
-1068
-1700
-2503
-3018
-3480
-3669
-3859
-3827
-3009
-1957
-229
1688
3467
4969
5171
4415
3430
2459
2021
1435
641
28
-904
-1529
-1801
-2097
-1797
-1118
-649
-268
-90
572
1521
2475
3847
4826
5196
5017
4351
3457
2382
1140
-16
-755
-1222
-1419
-1384
-1179
-852
-707
-468
2
511
1135
1787
2202
2269
1757
710
-527
-1806
-2862
-3538
-3930
-3956
-3631
-2970
-2055
-1173
-319
286
511
469
350
137
-166
-606
-1174
-1774
-2441
-3058
-3558
-3988
-4102
-4114
-3621
-2578
-1239
521
2060
3617
4753
4743
4299
3793
3314
2744
1569
526
-548
-1664
-2024
-2450
-2674
-2232
-1726
-1189
-858
-307
777
1865
3308
4811
5703
5928
5535
4730
3610
2242
841
-164
-886
-1386
-1549
-1584
-1398
-1256
-1109
-801
-321
462
1272
1969
2372
2360
1781
724
-557
-1801
-2887
-3687
-3902
-3787
-3309
-2631
-1858
-1041
-584
-118
210
204
267
118
-221
-756
-1540
-2062
-2638
-3068
-3177
-3522
-3679
-3645
-3052
-1980
-820
743
2409
3946
5026
4833
4229
3779
3208
2610
1334
142
-1041
-2185
-2520
-2760
-2706
-2026
-1477
-1022
-654
-70
1148
2422
4000
5428
6041
5955
5302
4244
3130
2005
771
-103
-840
-1442
-1823
-2035
-1958
-1895
-1601
-806
59
968
1868
2489
2691
2302
1503
402
-835
-1863
-2739
-3358
-3564
-3653
-3485
-3068
-2520
-1777
-1106
-378
112
212
465
334
62
-322
-917
-1350
-2037
-2462
-2890
-3329
-3526
-3560
-2803
-2049
-1017
268
1481
3167
4179
4466
4432
4171
4055
3173
1728
430
-1060
-2056
-2372
-2497
-2310
-1848
-1409
-1158
-1221
-805
282
1469
3199
4894
5815
5828
5198
4278
3226
2128
1023
233
-545
-1169
-1630
-1995
-2024
-2043
-1752
-1085
-341
577
1426
2095
2335
2055
1462
487
-529
-1427
-2142
-2771
-3184
-3388
-3511
-3353
-2983
-2382
-1661
-788
-16
566
920
1077
844
263
-359
-1051
-1706
-2243
-2679
-2970
-3187
-3291
-2741
-2210
-1417
-298
725
2233
3585
4273
4437
4239
4107
3576
2277
1032
-328
-1500
-1820
-1893
-1881
-1637
-1454
-1368
-1570
-1676
-759
603
2348
4370
5680
5917
5302
4331
3261
2181
1246
672
137
-468
-1035
-1568
-1952
-2235
-2192
-1731
-1048
-121
820
1561
1966
1817
1226
428
-450
-1165
-1664
-2121
-2525
-2949
-3302
-3430
-3187
-2678
-1904
-931
-79
666
919
882
709
93
-366
-942
-1570
-1942
-2482
-2728
-2879
-2917
-2368
-1728
-999
-130
514
1534
2803
3484
3924
4300
4362
3984
2694
1177
-180
-1440
-1604
-1398
-1242
-871
-808
-1006
-1605
-2034
-1401
28
1877
3961
5447
5694
4967
3918
2931
2063
1568
1350
1140
643
-216
-1068
-1977
-2700
-2871
-2623
-1885
-976
-68
668
857
765
395
-39
-325
-540
-700
-1011
-1480
-2093
-2704
-3126
-3147
-2873
-2283
-1437
-616
-26
205
161
-156
-583
-882
-979
-1108
-1172
-1300
-1487
-1876
-2222
-1960
-1329
-397
513
975
1381
1952
2420
2646
2806
3397
3750
3194
2162
780
-498
-1073
-895
-395
5
138
-157
-975
-1797
-1790
-862
710
2585
4219
4848
4431
3461
2490
1882
1579
1761
1957
1767
1109
-24
-1147
-2212
-2870
-2788
-2301
-1441
-623
-243
-52
-249
-665
-879
-866
-562
-259
-242
-548
-1214
-2023
-2625
-2771
-2482
-1922
-1257
-700
-486
-603
-815
-900
-1092
-1136
-883
-994
-974
-1160
-1327
-1344
-1575
-1003
-348
327
1409
1698
1514
1292
966
919
1130
2308
3601
3729
3076
1582
-500
-1962
-2023
-940
566
1749
1940
797
-1117
-2436
-2330
-982
1148
3287
4322
3920
2721
1427
870
914
1616
2602
2867
2457
1278
-138
-1520
-2678
-2837
-2460
-1770
-877
-532
-615
-1209
-1917
-2164
-1858
-973
-29
606
616
89
-767
-1520
-1721
-1590
-1149
-678
-428
-372
-827
-1274
-1504
-1731
-1598
-1399
-1203
-1072
-1063
-943
-944
-1085
-557
348
1024
1550
1590
1311
1141
1229
1362
1264
1666
2428
2391
1807
977
33
-752
-855
-185
509
1118
1340
757
-476
-1708
-1965
-1260
79
1821
2996
2964
2020
1015
695
1021
1955
3084
3501
3040
1750
150
-1210
-2210
-2328
-1871
-1421
-1102
-1288
-1796
-2504
-3000
-2792
-2124
-949
201
795
860
272
-380
-819
-851
-305
57
242
76
-559
-1207
-1829
-1843
-1565
-1433
-1067
-988
-1174
-1436
-1507
-1213
-966
-60
1151
1949
2196
1846
1300
819
1019
1485
1572
1823
2260
2165
1353
397
-188
-619
-551
48
441
699
880
517
-486
-1603
-2087
-1646
-699
663
1874
2161
1655
805
432
731
1721
2999
3634
3368
2110
466
-984
-2013
-2241
-1928
-1524
-1525
-1990
-2643
-3337
-3538
-3046
-2092
-942
84
680
746
462
134
17
182
572
904
887
571
-139
-897
-1406
-1570
-1222
-988
-862
-851
-1128
-1343
-1557
-1459
-1078
-456
609
1454
1921
2032
1933
1916
2004
2073
1970
1754
1992
2159
1747
1002
320
-127
-447
-366
-206
-142
-6
66
-486
-1472
-2289
-2326
-1604
-502
799
1545
1561
1221
964
1106
1549
2438
3330
3569
2953
1479
-225
-1665
-2348
-2240
-1979
-1929
-2211
-2711
-3257
-3583
-3400
-2690
-1615
-435
496
874
766
494
397
562
942
1254
1302
1135
571
-171
-872
-1237
-1033
-774
-693
-941
-1516
-2046
-2372
-2144
-1672
-773
518
1298
1587
1578
1497
1559
1933
2567
2645
2524
2792
2592
1692
705
157
-32
83
509
576
-24
-591
-1135
-2031
-2821
-2940
-2231
-1202
-185
511
485
144
98
730
1766
2908
3821
4094
3825
2769
1392
182
-736
-1104
-1107
-1177
-1831
-2867
-3618
-4087
-4078
-3474
-2564
-1588
-761
-156
-21
-32
89
445
1149
1800
2104
1897
1450
838
102
-278
-415
-356
-394
-656
-1033
-1694
-2205
-2381
-2279
-1853
-1082
-35
664
763
789
790
885
1495
2220
2580
2646
2895
3152
2527
1247
397
256
785
1271
1260
523
-720
-1551
-2344
-3277
-3638
-2793
-1252
-218
36
-339
-955
-1012
-40
1686
3172
4079
4314
3923
2989
1697
683
110
58
271
98
-866
-2423
-3719
-4320
-4220
-3557
-2719
-1951
-1396
-1031
-903
-932
-805
-210
786
1795
2385
2284
1684
1002
455
224
276
430
362
-5
-541
-1256
-1758
-1941
-1742
-1553
-1274
-725
-557
-602
-593
-198
170
628
1568
2175
2238
2548
3126
3062
2442
2026
1851
1511
1523
1534
768
-408
-1166
-1761
-2514
-2994
-2867
-2419
-2024
-1530
-1267
-1288
-1269
-643
543
1694
2762
3343
3441
3235
2725
2197
1508
1049
756
431
39
-955
-2071
-2918
-3475
-3508
-3198
-2665
-2267
-1905
-1433
-1210
-874
-435
104
872
1587
1986
1871
1590
1230
824
716
796
763
627
281
-213
-743
-1171
-1317
-1374
-1497
-1469
-1257
-1122
-1210
-1125
-750
-456
124
1161
1791
1796
2192
2765
2618
2146
1972
1754
1413
1461
1499
600
-469
-1031
-1550
-2158
-2571
-2461
-2266
-2054
-1671
-1542
-1617
-1540
-947
289
1393
2354
2818
2691
2554
2223
1998
1641
1415
1430
1088
543
-395
-1569
-2275
-2618
-2402
-2017
-1707
-1468
-1534
-1358
-1224
-927
-385
110
727
1143
1292
1207
947
865
791
900
1145
1012
710
320
-131
-352
-530
-580
-671
-1169
-1305
-1322
-1220
-1064
-1068
-669
-475
-33
622
695
557
866
1649
1948
1627
1357
1066
842
937
912
459
-25
-125
-417
-1165
-1865
-2174
-2136
-1827
-1335
-996
-1070
-1193
-904
-208
606
1258
1699
1989
2172
2153
1914
1553
1247
1023
917
673
139
-524
-1069
-1360
-1393
-1222
-1118
-1088
-977
-835
-776
-655
-472
-262
97
489
756
817
744
651
502
503
641
697
645
406
148
-57
-284
-490
-675
-943
-980
-882
-886
-1001
-1071
-836
-752
-411
183
295
161
412
1042
1244
1008
914
729
582
700
835
549
76
-13
-277
-926
-1571
-1768
-1640
-1492
-1143
-812
-778
-924
-695
-121
476
939
1274
1562
1682
1754
1614
1226
890
586
463
465
390
165
-159
-328
-499
-603
-592
-605
-519
-367
-225
-99
-68
-96
-73
83
253
276
310
363
250
235
353
289
211
194
327
387
271
-16
-459
-873
-1084
-915
-635
-384
-347
-352
-512
-699
-530
-310
-237
93
713
943
598
154
-73
-174
80
540
592
289
46
-285
-864
-1416
-1507
-1197
-809
-271
142
146
-151
-428
-229
238
795
1223
1414
1443
1149
775
396
125
80
375
791
758
352
-78
-392
-494
-350
-94
92
213
263
207
120
-29
-182
-137
41
123
124
185
127
-66
-118
-19
64
58
129
145
70
-185
-506
-725
-979
-1099
-920
-582
-370
-331
-305
-371
-627
-595
-311
-183
-138
182
657
728
374
-19
-289
-427
-295
-53
-22
-109
-107
-194
-611
-992
-911
-511
-44
454
794
730
359
88
149
339
577
873
1074
1069
884
593
243
2
40
233
411
546
576
460
341
289
251
303
456
605
666
603
370
34
-225
-349
-338
-178
39
160
71
-146
-435
-593
-566
-548
-445
-369
-396
-494
-652
-740
-931
-903
-604
-382
-180
-177
-172
-301
-499
-402
-274
-138
-62
114
340
74
-349
-670
-884
-846
-623
-292
-210
-145
67
35
-206
-343
-155
179
533
891
1097
1021
728
559
563
563
537
600
734
717
602
408
130
-25
-31
82
298
551
729
755
760
699
542
488
507
531
565
527
375
162
1
-117
-237
-279
-325
-313
-329
-511
-707
-817
-811
-840
-771
-623
-665
-707
-759
-802
-927
-1056
-878
-677
-427
-276
-210
-230
-471
-424
-300
-413
-504
-381
-146
-296
-504
-522
-719
-725
-429
-95
54
283
683
756
571
450
451
507
663
922
1131
1112
855
642
463
247
119
162
320
382
511
611
513
473
476
473
558
813
1087
1180
1230
1147
907
714
548
478
505
546
483
349
213
-64
-376
-596
-730
-758
-722
-722
-801
-829
-865
-995
-1024
-1009
-1004
-985
-947
-921
-1057
-1101
-1021
-926
-772
-670
-537
-573
-702
-733
-795
-867
-908
-695
-418
-353
-300
-301
-379
-418
-290
-43
119
438
840
989
887
718
580
443
442
642
884
1038
1043
937
747
516
325
268
338
456
664
892
972
915
839
767
701
754
936
1076
1141
1157
1071
901
742
639
552
442
328
209
55
-148
-348
-504
-619
-683
-730
-794
-894
-967
-985
-1023
-1037
-997
-953
-956
-1045
-1129
-1220
-1322
-1322
-1229
-1072
-935
-844
-808
-927
-1047
-1070
-1062
-1014
-913
-699
-471
-343
-248
-198
-139
-42
58
191
344
592
862
983
981
939
928
960
1047
1182
1272
1270
1176
1028
920
829
696
581
545
599
682
748
811
837
830
805
788
838
889
971
1060
1116
1127
1071
990
847
665
467
251
56
-120
-266
-406
-546
-655
-754
-853
-962
-1073
-1165
-1237
-1264
-1265
-1277
-1323
-1388
-1421
-1417
-1427
-1470
-1479
-1454
-1437
-1397
-1336
-1295
-1300
-1301
-1280
-1239
-1132
-990
-833
-653
-477
-300
-161
-49
62
169
317
501
751
1042
1278
1436
1520
1583
1614
1594
1546
1490
1451
1382
1290
1211
1117
1015
915
832
793
815
846
820
798
833
885
908
943
1020
1044
1028
1001
946
835
675
523
376
233
103
-18
-140
-274
-415
-558
-700
-840
-965
-1083
-1203
-1303
-1385
-1478
-1590
-1668
-1676
-1649
-1599
-1567
-1560
-1563
-1580
-1589
-1568
-1490
-1401
-1332
-1260
-1173
-1100
-1037
-962
-882
-793
-711
-614
-484
-355
-228
-52
185
446
694
937
1165
1333
1468
1569
1640
1703
1752
1784
1777
1741
1708
1652
1566
1465
1386
1334
1264
1196
1141
1080
1014
967
960
962
957
952
916
858
784
683
563
423
300
208
138
87
14
-101
-245
-388
-529
-690
-850
-987
-1096
-1195
-1295
-1381
-1459
-1534
-1590
-1626
-1633
-1625
-1620
-1629
-1640
-1627
-1598
-1557
-1500
-1453
-1405
-1351
-1294
-1244
-1201
-1134
-1053
-969
-865
-736
-592
-446
-282
-74
147
350
544
726
881
1019
1163
1305
1427
1547
1659
1738
1783
1817
1840
1830
1779
1718
1667
1617
1569
1529
1495
1445
1380
1315
1254
1173
1079
977
863
755
661
583
494
384
281
190
103
27
-52
-149
-267
-397
-530
-671
-806
-919
-1028
-1133
-1227
-1306
-1387
-1479
-1567
-1635
-1678
-1698
-1707
-1714
-1706
-1668
-1615
-1577
-1547
-1507
-1462
-1415
-1355
-1288
-1220
-1133
-1027
-909
-777
-636
-495
-365
-233
-103
19
153
301
438
562
689
821
953
1070
1191
1323
1442
1528
1603
1673
1713
1728
1745
1752
1750
1755
1761
1741
1688
1623
1541
1435
1317
1197
1073
941
820
723
634
524
405
292
179
68
-22
-102
-194
-281
-356
-420
-499
-587
-683
-788
-887
-979
-1051
-1115
-1187
-1260
-1329
-1390
-1439
-1476
-1497
-1503
-1492
-1470
-1443
-1410
-1365
-1312
-1252
-1172
-1077
-969
-846
-727
-625
-526
-422
-322
-236
-146
-51
36
115
199
287
367
449
529
596
657
725
798
854
896
939
991
1046
1093
1138
1179
1214
1246
1265
1255
1224
1185
1138
1088
1036
970
880
781
681
582
478
381
295
208
126
50
-20
-91
-159
-212
-249
-282
-313
-352
-403
-459
-513
-568
-623
-666
-698
-730
-771
-818
-861
-903
-935
-956
-961
-959
-949
-932
-909
-881
-841
-782
-707
-620
-530
-445
-365
-287
-215
-150
-83
-11
58
115
164
212
249
268
282
300
321
349
384
411
421
428
441
464
498
538
578
612
643
670
685
687
683
679
671
658
635
595
541
476
408
341
275
215
160
110
64
19
-26
-60
-80
-98
-121
-139
-157
-182
-211
-240
-264
-294
-322
-340
-353
-370
-404
-442
-477
-511
-536
-554
-560
-564
-558
-544
-527
-505
-475
-429
-375
-313
-248
-186
-133
-86
-41
11
62
113
163
205
227
238
241
236
230
226
226
224
220
212
204
203
212
225
247
273
293
303
311
318
320
325
331
328
313
284
250
207
165
123
89
58
27
-2
-27
-48
-67
-79
-88
-96
-100
-107
-115
-128
-145
-166
-190
-211
-227
-236
-241
-246
-255
-270
-285
-297
-308
-316
-322
-322
-319
-313
-300
-283
-261
-235
-198
-156
-114
-67
-18
31
81
137
199
262
313
353
382
396
404
404
406
403
396
382
358
323
287
256
231
211
198
193
184
173
159
146
134
118
101
83
58
28
-10
-49
-88
-128
-160
-188
-218
-246
-270
-292
-305
-308
-304
-297
-288
-280
-278
-284
-290
-293
-292
-289
-284
-276
-268
-260
-251
-240
-230
-224
-219
-214
-208
-204
-202
-199
-193
-182
-169
-152
-126
-96
-59
-13
42
104
171
242
314
390
460
525
575
617
647
665
677
677
668
649
625
597
567
532
493
458
426
396
370
341
309
272
231
188
143
95
44
-10
-68
-129
-190
-251
-311
-366
-422
-477
-523
-557
-578
-590
-590
-584
-580
-580
-583
-588
-593
-593
-585
-569
-543
-514
-486
-459
-435
-407
-380
-354
-330
-306
-287
-267
-249
-236
-229
-221
-211
-199
-185
-164
-138
-105
-60
-4
65
142
227
316
402
480
556
623
680
731
778
818
848
870
887
889
883
870
861
849
835
816
791
758
717
676
632
584
533
474
410
337
256
171
84
-1
-80
-151
-220
-289
-354
-422
-482
-533
-574
-609
-645
-686
-724
-764
-800
-829
-852
-859
-854
-842
-818
-794
-773
-747
-718
-684
-647
-607
-566
-532
-501
-476
-455
-436
-420
-408
-394
-375
-346
-310
-268
-219
-163
-96
-23
53
132
208
281
357
434
511
588
668
740
802
859
911
956
993
1019
1037
1051
1060
1063
1055
1033
1000
964
927
886
837
778
708
629
549
471
397
333
270
202
129
50
-30
-106
-179
-246
-307
-367
-427
-497
-577
-656
-730
-787
-833
-869
-894
-915
-932
-944
-954
-957
-949
-927
-889
-846
-805
-770
-748
-732
-721
-707
-686
-663
-635
-614
-592
-565
-541
-507
-463
-416
-363
-312
-258
-198
-138
-67
20
114
217
321
418
512
592
670
747
818
891
954
1018
1070
1101
1122
1127
1127
1122
1115
1100
1069
1024
971
914
863
824
800
778
749
701
643
576
503
435
369
307
243
173
96
2
-100
-206
-304
-397
-476
-544
-610
-672
-737
-789
-831
-859
-860
-855
-840
-827
-823
-816
-820
-820
-814
-802
-775
-752
-728
-718
-717
-717
-713
-701
-687
-673
-658
-631
-602
-567
-528
-487
-428
-354
-264
-171
-82
11
99
188
271
345
422
492
558
611
645
667
684
706
718
718
717
708
704
704
711
718
738
771
808
837
851
852
843
831
810
781
739
683
626
565
489
407
316
238
166
96
26
-58
-134
-209
-271
-320
-369
-400
-423
-445
-469
-508
-547
-593
-631
-654
-675
-692
-706
-704
-704
-708
-723
-749
-768
-771
-764
-761
-768
-765
-744
-701
-651
-606
-564
-502
-427
-355
-279
-225
-152
-60
27
100
140
178
221
261
307
317
314
314
316
317
308
315
349
406
475
536
568
602
648
696
737
758
766
792
805
817
795
752
708
669
654
629
605
573
539
506
465
403
348
286
260
227
181
101
27
-34
-94
-148
-221
-292
-351
-403
-482
-570
-624
-628
-642
-648
-684
-734
-759
-758
-782
-799
-824
-828
-821
-799
-748
-725
-687
-655
-649
-604
-548
-507
-436
-394
-300
-225
-181
-163
-152
-107
-48
-38
-40
-35
-23
25
71
120
173
242
316
378
400
441
454
480
517
553
598
621
637
658
677
693
693
684
685
687
699
681
663
641
633
610
582
532
488
462
413
343
276
207
146
96
46
-17
-76
-110
-158
-204
-235
-270
-308
-334
-376
-423
-451
-493
-536
-573
-628
-661
-692
-692
-686
-677
-643
-609
-576
-553
-552
-537
-497
-457
-426
-398
-365
-334
-313
-288
-278
-288
-269
-235
-195
-122
-49
7
48
91
132
145
160
194
233
294
360
391
403
425
454
491
517
533
547
554
561
550
547
553
560
572
581
578
569
530
488
450
406
380
353
309
276
250
213
162
100
53
27
1
-38
-81
-130
-174
-235
-285
-348
-404
-425
-439
-454
-474
-511
-530
-536
-523
-502
-497
-493
-496
-486
-471
-466
-482
-494
-493
-470
-439
-424
-403
-378
-345
-299
-266
-255
-233
-176
-106
-59
-31
-16
22
81
150
204
227
251
280
320
348
361
390
415
450
485
484
474
472
472
490
501
473
458
438
437
433
421
397
339
290
271
228
184
159
143
151
139
111
60
4
-36
-68
-102
-123
-162
-196
-215
-231
-250
-265
-286
-309
-331
-347
-364
-396
-408
-410
-394
-373
-364
-370
-366
-365
-367
-373
-383
-379
-337
-285
-236
-196
-164
-148
-141
-113
-87
-52
2
57
113
165
191
212
227
247
270
291
317
331
352
378
390
408
430
436
438
421
388
361
334
329
346
362
372
348
303
267
228
194
174
154
137
123
97
64
16
-24
-61
-102
-138
-172
-199
-210
-234
-267
-296
-332
-361
-380
-398
-423
-444
-459
-478
-498
-498
-488
-470
-447
-430
-412
-389
-372
-347
-314
-291
-269
-254
-238
-219
-198
-169
-132
-90
-45
-7
23
54
85
126
167
211
272
334
390
430
450
464
467
476
492
502
515
526
524
506
478
453
430
414
406
391
373
349
327
303
275
241
206
173
142
114
78
36
-11
-49
-84
-118
-154
-190
-227
-263
-300
-332
-361
-381
-401
-427
-447
-469
-486
-504
-523
-535
-537
-530
-517
-502
-484
-466
-448
-435
-415
-379
-337
-289
-248
-224
-211
-191
-159
-114
-57
-2
47
81
113
147
188
239
289
340
387
431
471
502
528
553
568
575
577
580
585
584
573
552
527
500
477
454
421
379
331
280
234
197
175
157
140
117
81
44
10
-20
-38
-53
-78
-115
-164
-221
-277
-325
-371
-411
-445
-467
-486
-503
-525
-547
-558
-566
-562
-550
-534
-506
-471
-438
-416
-400
-386
-373
-359
-349
-339
-323
-294
-253
-206
-161
-126
-94
-66
-35
-3
32
75
129
185
244
300
338
362
373
383
395
408
425
442
457
465
461
452
444
436
431
423
406
388
367
345
328
306
285
267
242
215
190
166
139
116
99
88
77
68
50
25
-1
-29
-58
-83
-108
-135
-160
-189
-225
-265
-307
-340
-361
-371
-379
-385
-387
-386
-376
-358
-346
-338
-337
-334
-329
-320
-308
-287
-264
-237
-215
-196
-178
-159
-135
-114
-93
-64
-34
-1
32
61
81
97
108
112
117
124
140
157
179
198
216
236
253
266
269
268
264
259
256
249
243
235
231
219
205
189
173
162
153
144
139
143
157
170
181
186
180
170
159
143
123
99
72
39
6
-31
-69
-108
-145
-178
-207
-234
-250
-254
-247
-229
-210
-199
-192
-192
-198
-207
-211
-209
-204
-205
-213
-223
-239
-259
-281
-297
-303
-296
-270
-231
-187
-136
-84
-38
-1
27
51
66
88
105
118
129
139
147
145
137
120
102
84
69
58
52
57
73
96
119
133
142
145
141
137
137
142
151
163
173
178
176
169
154
134
116
100
85
77
70
66
62
60
57
49
34
18
5
-9
-21
-29
-33
-38
-39
-46
-55
-69
-82
-91
-100
-105
-104
-102
-99
-99
-103
-116
-137
-149
-153
-151
-144
-129
-111
-95
-86
-79
-77
-75
-67
-58
-50
-37
-19
-2
8
21
26
24
18
10
1
-6
-8
-6
-3
3
13
18
17
16
16
19
28
48
75
104
128
143
145
136
129
120
110
102
96
92
82
69
53
30
15
8
4
4
13
27
38
47
56
63
67
73
73
72
65
53
41
25
11
-7
-21
-36
-43
-50
-59
-66
-71
-67
-61
-57
-52
-45
-36
-35
-39
-50
-67
-84
-94
-97
-97
-89
-81
-73
-64
-59
-61
-64
-69
-71
-78
-77
-73
-68
-63
-62
-67
-72
-77
-87
-95
-93
-86
-68
-42
-10
19
45
65
76
78
76
73
70
69
67
62
53
43
30
20
9
2
1
5
7
13
23
34
43
49
59
62
62
64
62
56
50
45
35
28
23
20
13
11
18
23
30
37
44
48
50
50
50
48
43
39
34
26
17
13
13
19
21
27
31
28
21
11
-1
-14
-24
-33
-37
-39
-41
-43
-46
-51
-61
-76
-85
-88
-82
-68
-50
-27
-4
14
24
22
10
-5
-24
-36
-41
-40
-33
-23
-13
-9
-13
-21
-25
-22
-13
-2
16
32
45
54
57
54
44
36
25
16
6
-3
-8
-7
-6
-8
-13
-20
-23
-27
-26
-21
-11
0
16
35
51
61
64
63
55
47
34
23
18
17
17
16
10
6
4
-2
-11
-23
-37
-42
-41
-34
-27
-22
-24
-32
-46
-58
-68
-73
-68
-53
-38
-30
-27
-27
-27
-27
-24
-17
-8
6
23
34
37
31
17
-1
-17
-29
-31
-23
-7
12
25
29
23
16
8
-3
-10
-13
-11
-6
-1
-2
-10
-24
-48
-72
-91
-101
-98
-87
-69
-48
-31
-13
3
14
26
37
43
46
47
49
55
61
68
75
73
64
49
37
29
29
32
39
44
48
57
69
84
98
111
119
123
125
124
121
116
111
107
101
90
76
59
47
35
28
24
25
29
33
36
31
23
12
-2
-14
-24
-31
-31
-30
-31
-37
-52
-74
-94
-113
-130
-145
-154
-157
-159
-159
-160
-166
-177
-187
-196
-200
-200
-193
-182
-173
-165
-160
-161
-159
-155
-143
-128
-118
-111
-108
-101
-93
-78
-60
-38
-18
1
17
26
36
49
68
93
120
146
168
184
197
204
208
212
214
220
229
235
241
242
240
234
225
214
203
192
179
168
154
139
127
115
107
97
85
71
60
48
40
37
37
33
27
16
-3
-23
-42
-60
-76
-89
-99
-108
-117
-131
-148
-168
-191
-210
-228
-239
-244
-239
-231
-227
-229
-236
-244
-251
-257
-257
-251
-244
-227
-210
-194
-178
-164
-150
-140
-125
-111
-90
-66
-37
-5
27
58
80
93
106
116
129
146
169
197
225
250
271
285
291
290
287
282
278
279
279
280
277
268
253
233
208
187
175
165
160
157
157
153
146
142
133
122
110
97
81
61
40
12
-17
-48
-83
-116
-144
-166
-186
-200
-213
-226
-239
-252
-262
-269
-274
-279
-279
-282
-286
-292
-301
-308
-313
-316
-313
-309
-303
-291
-278
-260
-242
-222
-203
-183
-157
-131
-102
-75
-46
-18
9
34
59
82
108
133
157
180
202
223
240
252
260
264
266
266
268
269
272
272
268
263
255
247
236
226
219
211
205
199
196
191
183
173
160
142
123
102
78
53
28
2
-23
-43
-63
-79
-95
-111
-124
-135
-146
-154
-159
-162
-164
-163
-165
-170
-178
-186
-195
-204
-210
-215
-220
-225
-228
-227
-227
-226
-224
-220
-215
-206
-192
-175
-151
-127
-102
-74
-52
-26
-2
19
39
63
86
103
122
137
151
162
170
177
182
188
197
204
213
219
224
228
228
226
222
216
211
206
202
199
193
188
181
170
158
146
129
113
94
81
67
52
36
17
-3
-27
-46
-65
-82
-97
-110
-125
-138
-150
-162
-169
-175
-179
-179
-177
-176
-177
-178
-182
-185
-187
-188
-190
-190
-188
-189
-187
-189
-193
-189
-185
-177
-164
-149
-130
-108
-88
-68
-51
-33
-12
7
24
39
53
65
74
83
88
90
93
93
95
96
98
102
107
112
118
126
133
139
144
148
153
155
160
160
158
156
151
144
134
121
108
96
83
70
55
43
30
16
2
-11
-26
-38
-48
-56
-63
-69
-72
-77
-81
-83
-87
-87
-88
-87
-84
-81
-78
-77
-76
-78
-81
-87
-91
-93
-89
-85
-76
-64
-53
-41
-29
-19
-8
4
17
34
51
64
77
89
101
108
110
108
103
94
86
76
67
58
53
49
47
46
47
48
48
49
51
52
50
50
46
41
35
24
13
5
-6
-19
-31
-44
-58
-69
-79
-85
-95
-102
-109
-117
-121
-126
-133
-134
-131
-129
-124
-120
-116
-113
-109
-105
-99
-94
-87
-80
-74
-69
-64
-62
-57
-52
-46
-36
-27
-14
-2
12
26
42
57
72
92
112
132
152
168
182
193
200
203
203
200
194
186
179
171
158
148
139
130
123
113
104
96
91
87
84
81
76
69
63
53
40
26
10
-7
-26
-43
-64
-86
-107
-130
-150
-166
-180
-191
-199
-202
-205
-208
-209
-211
-211
-209
-208
-208
-206
-203
-197
-190
-182
-172
-163
-152
-140
-126
-114
-100
-86
-71
-57
-41
-27
-13
4
20
39
59
79
100
124
144
163
180
192
204
213
223
228
233
235
236
233
228
222
216
208
201
192
184
180
174
168
160
151
141
133
119
103
90
74
61
48
34
18
1
-17
-36
-53
-72
-88
-101
-114
-127
-138
-154
-170
-184
-198
-209
-220
-228
-232
-235
-236
-236
-234
-229
-224
-218
-209
-201
-191
-183
-176
-166
-157
-147
-134
-125
-116
-106
-93
-81
-67
-50
-33
-17
2
22
40
57
75
91
106
124
141
158
169
180
189
193
197
199
199
199
197
196
194
192
189
186
183
181
179
175
172
166
160
154
148
142
135
127
117
107
94
82
69
56
40
25
7
-13
-33
-55
-75
-92
-108
-121
-132
-143
-151
-160
-167
-172
-175
-175
-176
-176
-177
-173
-174
-172
-171
-166
-167
-166
-165
-165
-165
-164
-160
-155
-147
-138
-127
-114
-98
-82
-65
-46
-28
-8
8
25
39
53
66
77
89
97
105
113
120
125
129
132
133
137
140
144
147
152
151
153
154
155
157
159
159
161
159
156
152
149
141
132
124
112
100
84
70
54
38
23
4
-10
-25
-38
-50
-60
-71
-81
-90
-96
-103
-106
-110
-115
-120
-127
-133
-140
-149
-154
-162
-169
-175
-180
-184
-186
-186
-185
-182
-176
-171
-165
-157
-147
-136
-124
-108
-94
-82
-68
-56
-44
-32
-20
-6
6
21
29
38
50
59
68
77
86
95
106
117
127
138
147
159
170
181
192
200
207
213
218
223
224
222
220
214
208
201
188
176
163
149
136
123
110
97
84
72
61
51
42
31
20
8
-5
-18
-32
-45
-61
-77
-94
-110
-125
-143
-159
-172
-186
-197
-209
-220
-228
-235
-240
-245
-248
-250
-248
-246
-241
-237
-231
-223
-214
-202
-192
-179
-165
-150
-135
-121
-108
-95
-83
-69
-56
-43
-30
-19
-4
13
31
51
70
89
109
133
156
179
201
220
238
253
265
272
275
276
275
272
268
265
258
253
247
239
231
225
216
208
201
191
180
167
152
134
117
97
76
53
31
10
-15
-39
-62
-85
-108
-125
-146
-163
-178
-194
-205
-217
-229
-239
-247
-253
-258
-262
-267
-265
-266
-265
-261
-257
-251
-243
-237
-229
-220
-211
-199
-189
-179
-172
-158
-142
-127
-112
-92
-70
-46
-21
5
33
59
85
109
130
152
172
190
202
214
221
229
233
236
240
241
244
247
249
251
254
256
259
260
262
260
257
252
244
232
222
205
187
168
145
120
95
71
45
20
-3
-24
-45
-64
-82
-100
-117
-130
-145
-160
-171
-186
-196
-205
-214
-223
-231
-234
-239
-244
-250
-254
-255
-258
-259
-256
-255
-251
-246
-238
-227
-217
-207
-193
-176
-157
-138
-119
-97
-73
-50
-27
-5
16
36
54
71
85
96
109
117
126
137
146
157
165
172
181
191
199
207
214
219
223
227
229
230
229
226
220
211
202
191
179
168
156
143
131
117
102
87
72
58
44
29
14
-2
-15
-25
-36
-47
-57
-66
-73
-83
-93
-101
-110
-122
-131
-142
-154
-164
-174
-182
-189
-195
-199
-200
-200
-197
-192
-185
-176
-167
-153
-140
-128
-114
-102
-90
-77
-67
-58
-49
-42
-33
-25
-17
-7
4
14
25
35
43
53
61
69
76
80
86
91
95
98
102
103
104
107
108
111
113
114
113
112
110
109
108
106
102
93
89
82
72
67
62
53
49
43
39
34
31
27
23
21
17
11
4
-2
-8
-15
-22
-32
-40
-48
-58
-64
-73
-77
-79
-82
-81
-78
-74
-68
-62
-57
-50
-46
-38
-35
-31
-27
-24
-22
-19
-18
-16
-13
-9
-7
-4
-2
0
2
5
6
7
8
10
10
11
13
15
17
16
17
20
21
21
21
20
19
17
15
13
8
2
-2
-10
-16
-22
-28
-33
-40
-42
-44
-45
-45
-44
-42
-39
-38
-34
-32
-30
-29
-28
-29
-31
-32
-35
-37
-39
-42
-44
-46
-45
-42
-36
-31
-25
-17
-10
-2
5
14
24
31
40
48
54
59
61
65
68
68
68
68
68
70
74
75
78
79
78
78
79
79
77
74
74
71
70
64
61
58
53
47
43
35
27
19
10
1
-8
-18
-27
-36
-44
-53
-61
-66
-72
-75
-78
-80
-81
-81
-81
-80
-79
-77
-76
-74
-77
-78
-79
-80
-79
-77
-76
-75
-73
-70
-65
-58
-54
-46
-38
-28
-18
-7
3
14
24
34
44
53
61
70
76
82
89
92
96
100
103
105
105
106
106
108
107
106
103
104
100
97
95
92
90
86
80
73
65
58
47
35
23
11
-2
-13
-26
-38
-52
-64
-75
-86
-99
-110
-120
-131
-136
-141
-147
-149
-151
-151
-152
-154
-152
-148
-147
-146
-143
-139
-134
-131
-125
-120
-112
-104
-95
-87
-79
-67
-55
-42
-29
-17
-3
10
23
37
50
64
76
88
97
108
117
124
132
138
144
150
154
158
159
161
161
160
160
158
156
153
150
146
143
138
132
128
120
112
104
94
86
75
62
52
42
30
19
8
-5
-17
-31
-46
-57
-68
-78
-88
-98
-108
-115
-120
-125
-129
-133
-136
-137
-140
-140
-140
-139
-137
-136
-134
-132
-128
-125
-121
-117
-112
-108
-100
-91
-85
-76
-67
-56
-44
-34
-21
-12
-1
9
20
30
41
52
59
66
73
80
86
91
96
100
102
105
105
105
105
105
106
104
103
102
101
98
94
91
89
87
83
79
73
65
59
50
41
32
22
11
2
-10
-21
-29
-41
-50
-59
-66
-74
-80
-86
-90
-94
-98
-100
-102
-105
-107
-107
-108
-109
-108
-107
-107
-106
-102
-99
-95
-88
-83
-78
-71
-60
-51
-41
-32
-19
-10
0
12
22
33
42
50
58
71
78
85
91
96
102
105
111
114
117
118
119
119
119
117
115
113
109
106
101
98
94
92
88
82
77
70
63
55
49
39
31
22
13
3
-6
-17
-26
-37
-45
-54
-64
-71
-75
-81
-86
-90
-94
-97
-99
-102
-103
-105
-105
-107
-108
-108
-109
-105
-104
-100
-96
-91
-85
-80
-75
-68
-62
-56
-48
-40
-34
-27
-19
-13
-6
2
11
16
23
29
38
44
51
59
63
68
70
72
76
78
79
80
80
81
83
80
78
76
76
72
69
67
63
61
57
52
48
43
39
35
29
22
15
7
0
-8
-15
-21
-27
-32
-38
-42
-46
-52
-56
-59
-63
-66
-68
-71
-74
-75
-75
-74
-75
-75
-73
-69
-66
-62
-58
-56
-52
-47
-43
-37
-34
-28
-23
-17
-12
-8
-3
3
8
15
21
28
33
40
47
50
53
59
64
66
68
69
69
71
72
73
72
70
70
69
68
66
63
61
61
56
53
52
48
45
40
34
29
24
17
11
4
-1
-7
-10
-17
-23
-27
-33
-36
-41
-45
-49
-54
-57
-60
-63
-67
-66
-66
-67
-68
-67
-65
-65
-64
-62
-60
-58
-56
-53
-49
-45
-42
-39
-35
-30
-25
-19
-14
-9
-3
3
7
11
18
22
29
35
39
45
47
51
56
57
60
60
62
63
62
62
60
60
58
56
54
52
49
45
44
41
39
36
32
30
26
23
18
12
11
6
0
-4
-11
-16
-19
-25
-27
-34
-40
-43
-47
-52
-55
-61
-63
-65
-66
-67
-70
-72
-72
-73
-70
-68
-66
-64
-62
-60
-58
-55
-52
-48
-45
-42
-37
-35
-29
-25
-19
-12
-6
-2
3
10
17
22
26
32
38
43
48
52
57
60
64
67
67
68
72
71
70
69
69
67
66
65
65
63
60
58
56
53
50
46
42
40
38
36
34
29
24
19
14
9
3
-2
-8
-13
-19
-25
-31
-36
-40
-44
-47
-50
-52
-54
-52
-55
-56
-54
-53
-52
-49
-46
-44
-44
-41
-38
-38
-37
-37
-35
-34
-30
-29
-30
-27
-25
-22
-19
-16
-13
-10
-6
-1
3
7
12
16
21
24
27
30
32
34
35
37
40
40
40
42
40
41
40
40
39
37
37
36
34
32
32
31
30
29
27
27
23
20
17
15
11
8
4
-1
-6
-12
-16
-20
-25
-30
-33
-38
-41
-46
-47
-50
-53
-54
-54
-56
-57
-57
-57
-57
-54
-53
-51
-48
-47
-47
-45
-44
-42
-41
-37
-34
-28
-24
-22
-17
-13
-8
-5
-1
3
8
14
19
21
25
31
35
38
41
45
47
50
53
55
56
58
59
60
62
63
63
63
62
61
62
62
62
61
60
55
50
48
45
42
40
36
34
27
22
17
13
8
3
-1
-5
-12
-16
-19
-25
-27
-29
-30
-31
-34
-36
-35
-38
-41
-40
-43
-43
-45
-46
-47
-48
-52
-53
-54
-54
-53
-52
-49
-49
-46
-45
-43
-41
-38
-34
-31
-29
-26
-24
-22
-19
-17
-13
-10
-8
-3
-1
2
3
6
9
12
13
16
17
20
23
26
27
29
31
32
32
31
31
31
32
33
33
32
33
33
32
30
28
27
25
22
19
16
13
10
8
7
3
1
-1
-1
-3
-5
-6
-8
-9
-10
-9
-11
-12
-13
-16
-19
-21
-20
-20
-21
-24
-24
-23
-25
-24
-22
-22
-19
-17
-15
-14
-12
-13
-10
-8
-5
-3
-2
1
3
4
8
9
12
11
15
17
18
18
17
18
18
19
20
21
20
21
21
21
22
21
22
23
23
23
21
21
20
19
21
20
20
17
15
15
12
8
7
5
4
3
1
1
1
-3
-5
-6
-6
-8
-8
-9
-11
-11
-12
-15
-16
-19
-20
-21
-23
-25
-27
-29
-31
-31
-30
-30
-30
-29
-27
-28
-27
-26
-27
-26
-23
-21
-21
-20
-18
-17
-17
-16
-15
-14
-11
-9
-7
-6
-4
-4
-2
0
4
5
7
9
12
14
15
15
17
21
24
25
28
28
29
29
30
30
31
27
26
25
22
22
20
19
18
16
13
13
10
7
7
6
5
4
2
0
-1
-2
-3
-5
-6
-6
-6
-8
-7
-9
-10
-10
-9
-9
-9
-9
-8
-9
-10
-11
-11
-10
-9
-9
-9
-9
-10
-8
-8
-7
-6
-6
-6
-5
-5
-4
-7
-5
-4
-4
-3
-5
-6
-6
-8
-8
-8
-7
-7
-4
-4
-1
-1
0
1
2
3
3
5
4
4
4
4
3
3
2
3
3
4
2
5
6
6
6
5
6
6
6
5
5
3
3
3
4
6
3
3
1
0
1
2
1
2
2
2
2
1
1
1
1
3
3
2
4
5
6
8
9
10
14
15
17
20
20
21
24
24
24
23
23
23
21
20
17
14
12
12
10
10
7
6
6
3
2
0
-2
-2
-5
-4
-6
-5
-6
-8
-10
-12
-13
-14
-15
-17
-20
-23
-25
-26
-28
-30
-33
-35
-38
-40
-40
-41
-42
-42
-43
-43
-45
-43
-43
-41
-40
-38
-37
-34
-32
-31
-28
-26
-23
-18
-15
-11
-7
-4
-1
1
5
8
11
16
19
23
26
27
30
33
35
37
38
39
41
43
44
42
42
43
43
43
43
39
37
38
36
34
33
31
28
26
25
22
20
15
13
10
7
6
3
1
-2
-4
-6
-8
-9
-11
-13
-15
-17
-18
-20
-21
-23
-23
-26
-29
-28
-29
-30
-31
-31
-30
-29
-31
-29
-27
-29
-26
-24
-24
-21
-15
-13
-11
-9
-5
-3
0
2
5
9
12
14
17
21
24
27
31
33
35
38
41
41
41
42
42
43
42
41
39
38
37
37
34
33
33
30
28
25
22
19
15
13
9
6
3
0
-3
-8
-11
-15
-21
-24
-28
-33
-37
-40
-44
-44
-49
-51
-53
-56
-56
-59
-60
-61
-59
-59
-57
-57
-56
-55
-54
-52
-50
-47
-45
-41
-38
-35
-31
-29
-24
-21
-18
-14
-9
-4
-1
4
10
13
17
21
25
26
28
31
34
36
38
39
41
45
46
48
51
52
53
52
53
53
53
52
52
50
49
49
48
48
46
45
42
40
36
32
29
24
22
16
13
9
5
-1
-4
-8
-14
-17
-22
-27
-29
-31
-33
-35
-36
-38
-37
-36
-35
-36
-36
-33
-33
-34
-33
-32
-33
-32
-31
-31
-31
-31
-27
-24
-22
-21
-20
-18
-16
-13
-11
-8
-6
-2
1
4
7
11
12
12
15
16
18
21
22
24
28
29
30
32
34
36
37
38
38
35
35
36
37
37
36
35
36
35
34
30
29
28
25
23
19
13
8
4
-1
-7
-13
-20
-26
-32
-36
-40
-44
-48
-51
-53
-56
-57
-57
-57
-56
-57
-60
-59
-59
-60
-58
-57
-54
-53
-52
-49
-47
-45
-42
-41
-38
-35
-32
-27
-23
-19
-14
-6
-1
5
10
14
20
24
28
32
36
40
44
49
53
56
61
64
67
71
72
73
75
75
75
74
74
75
75
75
71
68
65
60
53
49
43
36
32
25
18
11
6
-3
-10
-15
-21
-25
-31
-36
-42
-45
-49
-54
-57
-59
-59
-60
-58
-57
-55
-53
-51
-50
-48
-47
-44
-41
-39
-38
-35
-31
-27
-24
-22
-19
-17
-13
-10
-8
-4
0
3
7
9
13
15
18
20
22
25
26
26
27
27
31
33
33
36
35
34
35
36
37
35
34
34
33
32
30
29
27
25
23
16
12
9
6
2
-3
-7
-13
-17
-21
-26
-30
-32
-34
-38
-40
-44
-44
-44
-47
-49
-48
-46
-44
-45
-46
-44
-41
-39
-37
-38
-36
-34
-31
-29
-26
-24
-21
-17
-13
-8
-4
1
5
10
14
19
24
28
31
37
40
42
44
45
46
47
48
48
48
48
48
49
47
47
46
44
43
40
38
35
32
29
25
20
16
11
8
4
-2
-8
-13
-18
-22
-26
-29
-33
-38
-43
-45
-46
-46
-48
-47
-47
-45
-43
-43
-41
-40
-38
-35
-32
-30
-27
-23
-20
-17
-13
-9
-4
2
6
9
13
16
20
23
23
25
29
32
34
37
40
41
42
44
45
46
45
46
47
46
43
43
42
40
39
35
34
31
28
23
20
17
15
13
10
5
2
-2
-6
-8
-11
-14
-18
-22
-26
-30
-33
-37
-39
-41
-46
-50
-53
-55
-58
-59
-63
-64
-64
-65
-67
-67
-66
-67
-65
-62
-61
-57
-54
-51
-47
-42
-36
-29
-24
-18
-12
-6
-3
3
6
12
17
21
25
30
33
38
42
47
50
54
57
59
61
62
63
65
65
63
64
62
58
58
57
54
52
50
47
45
41
39
38
34
31
27
25
22
19
16
13
9
6
5
-1
-4
-7
-12
-18
-22
-25
-30
-32
-38
-40
-44
-47
-49
-52
-55
-56
-58
-58
-60
-60
-58
-59
-58
-55
-52
-50
-49
-44
-39
-35
-32
-27
-23
-20
-15
-11
-6
-3
2
6
10
16
20
27
32
36
41
46
46
49
50
50
51
51
51
50
49
47
48
46
43
42
42
39
38
37
34
30
29
25
24
23
20
18
17
15
11
10
7
3
1
-2
-6
-9
-13
-17
-23
-27
-29
-34
-37
-40
-45
-48
-52
-54
-55
-58
-60
-62
-63
-66
-66
-64
-65
-63
-63
-62
-60
-58
-56
-54
-52
-49
-44
-42
-37
-32
-29
-22
-16
-10
-4
1
6
10
15
21
25
31
35
41
44
48
52
54
56
60
63
65
64
63
65
65
64
64
62
63
63
61
59
59
59
58
55
53
48
45
42
37
34
33
27
23
21
17
13
11
8
4
-1
-5
-10
-13
-17
-21
-25
-29
-33
-33
-35
-36
-38
-40
-41
-42
-43
-46
-46
-47
-50
-50
-52
-54
-53
-53
-52
-52
-50
-49
-47
-44
-42
-40
-38
-37
-34
-33
-31
-27
-25
-22
-17
-14
-11
-8
-5
-4
1
5
7
9
11
15
18
19
22
24
26
28
31
35
37
35
38
37
38
38
39
40
39
39
38
38
37
34
33
32
30
24
24
22
19
17
14
12
9
7
3
2
0
-2
-3
-4
-5
-5
-6
-6
-8
-9
-11
-13
-17
-18
-21
-21
-22
-23
-26
-27
-27
-27
-28
-27
-27
-27
-25
-25
-26
-25
-25
-25
-23
-23
-21
-18
-16
-14
-13
-8
-7
-4
-3
0
4
7
9
11
15
18
21
24
28
31
33
35
37
37
39
39
38
40
39
39
38
36
35
33
31
28
26
23
19
17
14
11
6
4
3
0
-3
-6
-11
-12
-14
-15
-18
-22
-24
-28
-28
-31
-32
-33
-37
-38
-38
-40
-39
-40
-40
-40
-42
-42
-42
-42
-40
-39
-40
-37
-34
-34
-32
-29
-27
-26
-23
-20
-15
-13
-11
-8
-7
-3
1
4
8
10
13
17
21
23
26
26
28
32
34
36
39
41
42
44
44
46
47
49
47
48
48
45
45
44
43
40
39
38
35
35
32
31
27
25
23
19
14
11
7
4
2
0
-4
-8
-11
-13
-16
-17
-19
-21
-23
-25
-27
-29
-30
-31
-32
-33
-34
-34
-34
-35
-36
-36
-36
-37
-35
-36
-34
-33
-33
-33
-32
-30
-29
-28
-27
-25
-21
-17
-16
-15
-11
-9
-7
-5
-2
1
3
4
6
8
9
12
16
17
19
18
19
20
21
22
22
22
20
20
20
19
19
19
19
20
17
17
16
14
13
12
11
10
9
10
9
5
4
5
4
4
4
4
3
4
4
3
2
1
0
0
0
-1
-2
-3
-3
-4
-3
-3
-5
-5
-6
-7
-6
-7
-8
-8
-9
-8
-9
-9
-8
-9
-9
-9
-9
-8
-8
-7
-7
-8
-7
-6
-6
-5
-3
-3
-1
-2
-4
-3
-3
-3
-2
-3
-3
-3
-3
-5
-4
-3
-2
0
1
1
0
1
1
1
2
3
2
3
4
3
5
7
6
7
9
11
13
11
12
12
14
14
15
15
14
14
13
13
14
12
11
11
9
9
10
9
8
7
6
5
5
3
3
2
0
0
-1
-2
-1
-1
-2
-2
-3
-3
-3
-1
-2
-1
-1
-2
-4
-5
-7
-9
-9
-12
-13
-13
-15
-16
-15
-15
-15
-14
-14
-16
-14
-13
-15
-15
-15
-14
-14
-14
-14
-13
-13
-13
-11
-10
-10
-9
-7
-6
-5
-5
-2
-2
-2
0
1
3
5
4
5
7
8
9
11
12
12
13
13
13
12
13
12
11
10
10
10
9
8
7
4
3
2
1
1
-1
-2
-1
0
-1
-1
-1
-2
-3
-3
-3
-4
-5
-5
-2
-2
-2
-2
-2
-1
-2
-1
-2
-2
-2
-2
-1
0
-1
-1
-1
0
-1
0
0
0
2
1
2
1
1
1
0
2
2
2
2
3
3
2
3
3
3
3
4
4
3
6
7
6
8
9
10
13
12
12
11
10
11
10
12
12
12
12
11
10
11
11
11
10
8
8
6
6
4
3
2
1
1
-1
-1
-2
-3
-3
-6
-6
-6
-7
-8
-8
-8
-10
-11
-12
-12
-15
-14
-14
-15
-16
-17
-17
-16
-17
-17
-15
-15
-15
-15
-14
-13
-13
-13
-13
-14
-13
-13
-12
-12
-11
-12
-11
-10
-11
-10
-9
-8
-7
-6
-5
-4
-2
-2
1
3
6
7
7
8
10
11
11
12
11
13
15
16
16
18
19
19
17
17
16
16
16
17
16
15
14
14
14
12
11
12
11
10
9
8
7
6
6
7
5
4
2
2
-1
-2
-4
-5
-5
-6
-5
-5
-4
-4
-5
-5
-6
-6
-7
-8
-8
-9
-11
-10
-12
-11
-10
-10
-9
-9
-10
-9
-9
-8
-8
-8
-8
-9
-7
-6
-5
-3
-3
-1
0
-1
-1
0
-1
0
0
1
0
1
1
2
4
3
5
4
6
6
6
6
6
8
7
5
4
7
7
8
8
9
9
9
8
6
4
4
4
2
1
0
0
-2
-4
-6
-8
-6
-8
-8
-8
-8
-8
-8
-9
-10
-11
-10
-12
-11
-11
-10
-10
-10
-11
-10
-9
-8
-7
-6
-5
-5
-2
0
0
-1
1
4
5
7
8
10
11
11
12
13
14
15
13
13
12
12
12
13
12
14
16
17
17
17
17
17
17
15
16
16
14
12
11
11
10
8
8
8
6
6
7
5
3
0
-2
-5
-9
-10
-12
-14
-15
-16
-18
-19
-21
-22
-23
-24
-25
-25
-26
-27
-25
-25
-27
-25
-27
-28
-26
-25
-26
-25
-24
-20
-18
-15
-13
-11
-8
-4
0
2
2
5
7
9
11
10
11
12
12
13
14
14
15
14
16
17
18
18
17
18
16
16
15
13
11
10
9
9
8
5
5
5
5
6
6
7
8
9
8
8
7
8
8
8
8
8
6
6
4
4
2
2
2
1
0
0
-1
-3
-4
-6
-2
-3
-2
-3
-4
-7
-7
-7
-7
-7
-7
-6
-7
-6
-5
-3
-2
-1
1
1
2
2
3
2
2
2
3
3
2
2
3
4
