-32
-35
-39
-41
-43
-46
-48
-50
-51
-53
-52
-51
-50
-47
-45
-42
-37
-33
-31
-29
-26
-24
-21
-20
-17
-15
-13
-11
-8
-4
-2
4
8
12
18
22
26
32
36
43
45
47
49
51
53
53
53
54
53
52
51
49
47
43
41
40
38
36
33
31
29
28
25
23
20
17
14
12
8
4
4
2
0
-3
-5
-6
-8
-10
-12
-14
-16
-17
-19
-21
-24
-27
-29
-30
-31
-33
-33
-35
-36
-38
-37
-35
-35
-35
-34
-34
-34
-35
-36
-35
-35
-36
-35
-35
-33
-32
-30
-28
-25
-22
-20
-17
-14
-12
-9
-7
-5
-2
0
3
7
8
11
13
14
16
16
16
17
17
17
16
16
16
18
19
21
23
25
25
26
28
28
29
29
31
30
29
29
28
27
26
26
25
25
23
23
21
18
17
18
16
15
13
14
13
12
11
9
7
4
4
2
2
2
2
1
0
1
-2
-4
-6
-8
-10
-12
-15
-20
-24
-26
-29
-32
-35
-37
-39
-41
-40
-41
-41
-41
-40
-40
-39
-39
-36
-34
-32
-28
-26
-22
-20
-17
-15
-11
-7
-5
-2
2
4
8
13
16
20
24
27
31
35
37
41
41
42
41
42
41
39
39
39
38
36
34
33
30
27
26
23
20
19
18
15
11
8
4
1
-4
-8
-12
-19
-23
-26
-31
-33
-35
-38
-38
-40
-40
-41
-43
-43
-42
-41
-39
-38
-35
-33
-31
-29
-25
-22
-17
-14
-11
-8
-5
-2
1
3
4
4
4
5
7
8
10
13
16
19
23
26
30
33
36
38
39
41
40
40
39
36
33
32
29
26
21
20
17
14
13
11
9
8
5
4
3
1
0
-2
-4
-6
-8
-10
-13
-14
-15
-15
-15
-15
-13
-13
-12
-12
-12
-11
-11
-11
-11
-10
-9
-9
-10
-11
-13
-14
-14
-15
-17
-18
-17
-17
-17
-16
-17
-16
-15
-14
-13
-13
-12
-12
-11
-10
-8
-7
-6
-6
-4
-3
-2
-2
-1
1
1
1
2
2
3
4
5
6
10
12
15
17
20
19
21
22
22
21
22
21
20
19
16
14
12
11
10
9
8
9
10
9
10
12
14
14
14
14
14
13
13
12
10
8
8
8
6
5
5
5
4
4
3
4
3
1
1
-1
-2
-3
-5
-7
-11
-15
-16
-18
-20
-22
-25
-27
-29
-30
-32
-34
-36
-39
-41
-40
-39
-38
-37
-35
-33
-30
-27
-23
-20
-16
-14
-11
-8
-6
-2
1
2
5
7
10
10
11
13
15
17
19
22
23
25
26
28
29
29
30
30
29
28
28
28
28
28
29
29
27
27
27
25
24
22
20
18
16
15
13
10
7
2
1
-5
-8
-10
-13
-16
-18
-20
-24
-26
-27
-28
-29
-30
-30
-30
-31
-32
-31
-31
-28
-26
-23
-22
-20
-19
-18
-17
-17
-15
-14
-13
-12
-10
-7
-6
-3
-2
-1
2
4
5
8
10
11
11
14
16
16
17
19
19
19
19
18
18
16
16
17
16
15
15
14
13
11
10
10
8
8
8
8
7
6
8
7
7
7
8
8
9
10
9
10
10
11
12
11
11
12
11
9
9
9
7
7
4
4
3
3
2
1
0
0
-2
-3
-3
-5
-6
-7
-8
-9
-12
-11
-13
-14
-15
-17
-17
-17
-19
-18
-19
-22
-22
-24
-24
-23
-23
-24
-24
-23
-23
-21
-19
-19
-18
-17
-16
-14
-13
-11
-10
-9
-8
-7
-5
-4
-2
0
1
4
7
9
11
13
14
15
16
17
16
18
17
18
19
19
18
17
17
17
18
18
19
17
16
16
15
11
9
7
4
2
-1
-4
-6
-7
-8
-10
-13
-15
-17
-18
-21
-22
-23
-25
-25
-27
-26
-24
-23
-21
-17
-14
-11
-7
-4
0
6
10
13
16
19
20
20
22
23
24
26
26
28
29
29
29
27
28
27
26
25
23
24
22
21
22
23
23
23
23
23
21
20
18
17
14
11
8
5
3
1
0
0
0
0
0
0
-1
-1
-2
-5
-7
-9
-12
-15
-20
-24
-29
-33
-37
-40
-42
-44
-46
-47
-48
-48
-48
-48
-49
-50
-51
-52
-53
-53
-53
-54
-54
-54
-51
-51
-50
-48
-45
-42
-36
-31
-27
-20
-16
-11
-6
0
5
8
13
18
23
28
32
37
42
47
49
52
55
57
59
61
62
63
63
63
64
64
64
62
60
56
53
50
45
41
37
31
28
25
22
19
18
15
12
10
9
8
6
5
5
3
5
3
3
4
2
3
4
2
2
1
1
-1
-3
-4
-5
-5
-6
-7
-6
-6
-8
-9
-8
-9
-9
-10
-13
-13
-15
-17
-18
-22
-25
-25
-26
-30
-32
-35
-35
-35
-35
-35
-36
-36
-37
-39
-40
-41
-43
-45
-46
-46
-47
-47
-47
-44
-42
-39
-36
-34
-31
-28
-25
-21
-19
-14
-11
-7
-2
2
5
9
12
17
20
24
25
29
32
34
36
38
40
40
39
37
37
35
32
30
29
26
25
24
22
20
18
17
15
14
13
12
11
9
8
5
2
0
-3
-5
-5
-6
-5
-5
-3
-1
0
1
4
4
5
6
7
9
9
11
12
13
14
15
16
17
19
20
21
20
21
20
20
19
20
19
19
17
15
15
14
14
12
11
9
7
4
2
-2
-3
-6
-8
-12
-16
-16
-19
-21
-24
-25
-27
-31
-33
-36
-39
-40
-43
-43
-44
-45
-44
-44
-42
-40
-37
-35
-33
-32
-29
-27
-26
-24
-21
-21
-19
-18
-16
-14
-12
-11
-8
-5
-3
-1
-1
-1
2
2
3
4
6
7
10
12
15
16
17
20
21
22
24
26
25
25
27
29
31
31
33
33
34
36
35
35
34
34
33
32
31
29
27
24
22
19
18
16
13
12
10
9
8
7
7
6
4
2
2
-1
-2
-5
-6
-9
-11
-11
-13
-12
-12
-11
-10
-9
-8
-9
-8
-7
-6
-6
-5
-5
-5
-6
-5
-5
-5
-6
-7
-8
-9
-9
-8
-9
-8
-9
-10
-11
-11
-14
-14
-14
-16
-15
-16
-17
-16
-18
-19
-18
-20
-19
-19
-18
-17
-16
-16
-16
-15
-14
-15
-12
-13
-10
-7
-7
-6
-6
-5
-4
-3
-2
-1
1
2
5
4
5
5
7
9
9
9
9
11
11
13
12
11
11
10
11
12
12
11
12
12
12
13
14
17
17
17
19
21
21
22
22
21
20
18
16
14
13
12
9
7
6
4
3
1
-2
-3
-5
-6
-9
-12
-14
-17
-18
-19
-19
-20
-19
-19
-18
-17
-16
-15
-13
-12
-10
-7
-7
-5
-3
-2
0
1
2
5
8
8
11
13
15
16
17
18
18
18
17
18
19
18
18
17
15
13
10
8
6
4
1
-1
-3
-6
-6
-8
-10
-12
-11
-11
-14
-13
-15
-16
-17
-17
-18
-18
-18
-18
-18
-19
-19
-21
-19
-20
-19
-18
-17
-15
-15
-14
-12
-12
-12
-11
-10
-12
-11
-13
-10
-9
-8
-7
-4
-3
-2
1
3
4
6
7
6
7
9
11
12
12
13
13
12
13
13
15
16
15
14
14
13
15
14
14
15
14
14
13
13
12
12
11
11
11
12
14
14
13
14
15
16
14
15
13
13
13
10
8
7
8
7
5
5
5
4
5
2
2
2
2
1
2
2
0
1
-1
-4
-4
-4
-5
-6
-6
-8
-8
-7
-8
-10
-10
-10
-11
-13
-12
-14
-16
-14
-16
-19
-19
-19
-20
-17
-19
-18
-18
-20
-18
-18
-19
-19
-17
-17
-18
-16
-15
-16
-13
-12
-16
-11
-10
-12
-10
-6
-6
-6
-1
0
-3
0
6
4
7
10
9
10
13
12
11
14
15
13
14
14
14
15
16
17
16
19
19
15
17
18
14
14
18
16
14
13
16
12
11
12
10
6
10
10
5
4
8
3
-5
1
5
-3
-5
-1
-4
-9
-6
-4
-8
-11
-8
-12
-14
-12
-11
-14
-15
-14
-15
-11
-10
-14
-12
-10
-11
-10
-3
-8
-9
-1
0
-6
-4
2
2
0
-2
6
7
3
5
7
11
8
10
18
9
2
12
13
6
8
14
12
6
12
13
8
9
18
16
7
2
16
19
1
0
14
9
-8
-2
10
-4
-9
-1
-11
-14
-6
-6
-21
-13
-1
-19
-24
-7
-15
-25
-19
-13
-18
-27
-21
-23
-24
-16
-28
-28
-4
-9
-28
-16
0
-10
-16
0
2
-11
3
6
-7
-1
11
1
-4
9
21
7
1
13
17
9
1
15
25
1
-6
18
15
-5
-3
16
12
-4
1
15
3
-8
6
12
-6
-9
15
12
-8
2
21
6
-1
18
16
7
13
13
13
21
13
9
25
21
-4
15
35
-1
-8
30
16
-13
8
18
-4
-4
10
2
-3
2
-2
-1
-1
-12
-6
-1
-9
-14
-14
-16
-16
-13
-24
-18
-3
-33
-30
1
-28
-43
2
-7
-44
-13
18
-26
-41
16
4
-42
0
9
-29
-1
12
-12
-3
19
12
-7
7
31
23
1
12
48
34
-4
25
61
14
-9
55
42
-16
28
58
10
3
39
36
4
15
44
16
-13
13
29
1
-22
-5
18
-17
-40
2
2
-44
-22
-4
-35
-36
-15
-28
-53
-39
-22
-50
-58
-20
-41
-75
-33
-14
-66
-67
-7
-32
-82
-17
19
-64
-40
49
-21
-71
45
32
-67
12
62
-32
-26
82
21
-55
83
75
-53
42
123
4
-21
118
64
-65
77
114
-42
-2
111
38
-68
41
101
-39
4
98
-1
-7
83
30
-47
49
76
-55
10
97
-51
-49
90
-14
-104
55
41
-120
13
82
-118
-72
88
-38
-118
39
17
-129
7
50
-139
-50
73
-84
-107
61
11
-145
7
99
-131
-75
132
-39
-133
85
63
-149
-26
158
-85
-146
182
54
-184
81
135
-128
-21
169
-44
-115
174
69
-151
60
106
-65
6
79
6
-14
68
29
-23
58
18
-16
56
15
-8
31
9
-6
-8
13
-12
-27
46
22
-52
14
50
-27
-44
43
34
-47
31
61
-46
1
46
-33
-34
36
32
-30
9
21
-24
2
-13
-17
31
-20
-10
27
-15
-33
0
10
-53
-33
32
-53
-45
24
-55
-58
-24
-23
2
-21
-21
-21
-18
8
-55
-38
-10
-34
3
-32
-54
21
-30
-56
10
-14
-63
26
62
-79
-22
107
-40
-68
90
26
-77
74
110
-96
-3
155
-37
-33
151
-4
-51
162
48
-68
107
72
-49
75
101
-72
9
150
-56
-62
139
-20
-77
103
59
-60
33
64
-38
-2
65
-13
-44
47
36
-52
-39
14
-3
-46
-18
-10
-67
23
27
-103
-28
52
-30
-111
18
48
-157
12
74
-208
-37
103
-120
-110
94
-11
-159
73
55
-172
50
90
-123
25
109
-81
-30
111
-32
-62
70
21
-30
57
51
-61
13
83
-66
18
83
-35
14
78
28
-39
15
81
-46
-8
132
-60
-63
120
-23
-80
76
36
-72
16
75
-86
-56
136
-55
-117
112
-3
-122
62
14
-121
63
64
-113
6
68
-41
17
21
-51
28
103
-68
-66
157
-44
-98
117
10
-32
35
10
-5
-10
39
-22
-23
45
-25
34
-11
-77
64
6
-90
-1
35
-12
-53
8
-23
-91
86
25
-118
33
62
-17
-37
-30
16
-20
41
12
-74
46
-6
-54
20
-54
-31
12
-26
-24
2
2
-94
-3
33
-62
26
59
-10
16
23
3
26
33
4
53
78
24
68
-1
8
112
-20
-30
120
34
-42
85
50
-75
46
69
-52
6
108
0
-71
73
12
-64
-3
-34
49
-18
-104
95
-13
-125
13
25
-34
-94
14
2
-95
29
-23
-107
-34
-7
17
-121
-52
112
-58
-69
-10
16
-56
-121
84
20
-101
48
-23
-1
-4
-76
70
-37
-7
133
-53
-14
44
14
17
-97
61
89
-57
77
21
-55
118
17
-31
111
46
14
83
14
14
43
48
38
-36
86
55
-82
99
2
-74
103
13
26
-25
-33
109
-69
54
36
-143
132
18
-103
-57
-88
104
-46
-53
69
-167
34
48
-151
-31
-63
63
-5
-118
30
-91
29
34
-127
81
-13
-50
80
-79
-70
23
-11
15
-14
-12
27
27
35
-80
-39
116
-37
11
85
-107
59
34
-120
3
24
62
-54
-69
103
-53
-53
16
-41
33
-14
-14
0
-48
51
-30
-77
84
3
-82
16
26
-36
-38
-1
29
-16
-1
51
-1
18
11
-42
49
49
-18
97
48
16
69
13
70
18
-4
129
11
11
172
-59
-66
157
1
-41
28
25
64
-69
39
48
-194
129
85
-148
73
-50
26
55
-207
68
68
-135
77
-2
-39
-11
-18
79
-159
7
143
-210
-9
77
-130
-9
-23
4
-56
-75
92
-119
-62
115
-95
-54
49
-20
-9
-54
34
-27
-59
94
-16
-69
62
-9
-44
54
-8
18
27
14
58
-78
1
75
-104
80
49
-95
74
52
17
-71
3
151
-133
52
200
-87
23
28
73
-20
-136
168
-73
-78
189
-151
-65
77
-46
11
-110
10
71
-111
25
40
-120
-38
6
-3
-13
-109
70
77
-142
2
7
-93
55
18
-19
-13
25
72
-87
-31
51
-6
26
3
24
18
38
-35
-62
127
9
-26
121
25
-18
17
73
-29
-38
163
-39
-50
94
-27
23
-12
82
38
-79
146
24
-37
41
-48
47
67
-25
-36
-2
69
-47
-34
9
-62
53
43
-70
-48
17
32
-52
-60
41
-30
-14
42
-71
-15
-40
-46
-28
-57
-51
-6
74
-64
-106
95
-9
-87
14
42
-89
-11
173
-144
-51
78
-41
33
-1
99
-44
-19
164
-139
7
44
-39
143
-97
40
24
-100
98
-98
-20
53
-75
46
-88
28
41
-115
73
-70
-39
49
-55
24
-42
-52
-1
11
-14
-74
55
-73
6
78
-143
49
40
44
23
-124
98
-51
11
218
-102
54
91
-12
96
-69
33
69
64
111
11
-12
45
25
18
26
-24
35
100
-34
-21
-3
-37
-23
-29
92
-51
-25
90
-35
-27
-13
19
-32
-97
97
28
-130
25
32
-80
-14
19
-87
-66
65
19
-137
-8
97
-15
-15
-14
2
-16
-17
49
-21
-41
41
74
-82
-99
15
-31
54
-20
-57
-2
-123
84
-25
-173
76
30
48
-133
-79
233
-95
-40
82
-75
58
7
68
-25
-82
266
-24
-178
91
95
-17
-19
127
30
-117
125
76
-210
106
141
-84
32
94
-2
-83
69
96
-228
129
207
-228
72
59
-72
22
-24
62
-108
-57
138
-140
17
100
-59
39
-2
51
-56
-76
164
-21
-71
31
-86
-19
97
10
-109
8
108
-107
-79
115
-16
-45
65
-100
-128
62
119
-33
-80
8
-105
-65
111
-71
-141
162
82
-130
-64
-61
-29
138
39
-105
-14
62
-38
1
64
-78
-22
104
37
-71
30
58
-71
-15
27
22
-52
-96
126
-54
-232
144
40
-89
5
-48
-36
-113
62
145
-132
0
59
-43
-36
-66
95
16
-13
185
-15
-155
24
168
63
-125
63
144
-45
14
175
-13
-162
107
121
-167
20
248
36
-80
149
29
-188
93
148
-63
27
204
55
-170
-37
67
-46
49
-11
-76
25
52
38
-103
-130
-56
-27
52
29
84
26
-78
80
-94
-183
6
68
206
145
-38
-148
-103
30
-121
45
158
-77
60
127
-183
-197
59
-25
-152
153
145
-101
-51
-49
-107
-128
30
-13
-177
105
151
-95
-163
-131
-21
-43
37
56
-170
14
175
-58
-183
-81
57
-19
36
133
0
36
34
-78
-82
3
139
89
92
32
-92
153
19
-163
19
78
164
45
-73
-30
-90
136
134
-186
-33
94
58
99
90
7
-81
45
172
-82
-72
185
88
196
191
-238
-180
76
23
-66
-2
86
-8
22
-20
-324
-120
153
13
-8
117
52
-123
-61
-62
-150
10
144
87
21
4
8
-54
-109
-105
-62
73
110
43
11
-73
-128
-88
-82
-53
30
52
68
26
4
-52
-159
-29
141
48
15
127
100
-33
-70
-9
-68
-36
113
9
-73
51
16
-68
-67
-1
63
-15
15
30
-57
30
42
-7
-10
-67
-37
26
50
-20
-32
54
5
-57
-7
44
-40
1
130
-29
-57
45
-82
-22
100
-20
-148
-45
80
-71
-41
20
-85
28
55
-111
-106
4
25
64
74
-9
-25
-37
-21
31
0
85
151
101
42
-116
-98
-24
33
164
53
72
168
-19
-86
-33
-42
6
146
213
37
-33
5
-93
-70
12
2
88
239
132
-83
-79
-60
-121
-17
43
4
128
108
-82
-139
-139
-135
-41
81
78
40
71
-11
-128
-99
-40
-10
8
88
96
0
-64
-110
-39
-6
-38
61
97
39
-56
-54
-69
-214
-72
63
-44
-17
38
-5
-87
-74
-61
-144
23
167
30
24
67
-37
-84
-40
-20
14
88
149
81
-25
-13
-32
-52
3
22
54
63
38
-6
-78
-39
-33
-88
-6
37
-7
36
44
-1
-23
-54
-66
-15
62
70
19
39
14
-34
-7
-65
-66
6
15
41
45
32
9
-38
-46
-63
-43
5
52
80
24
14
-15
-96
-45
53
67
64
98
27
-56
14
-5
-38
70
131
82
15
7
-26
-14
68
25
15
73
59
22
-35
-31
-15
-24
-6
-42
-23
-19
-79
-42
-39
-32
16
-32
-24
39
29
32
29
0
-17
20
85
53
27
82
60
10
11
-20
-1
48
10
9
20
-19
-8
23
36
-5
9
112
56
15
88
49
14
12
17
-18
-78
16
25
-45
-11
-23
-66
-98
-114
-103
-131
-104
-55
-133
-208
-181
-176
-191
-143
-108
-106
-91
-67
-63
-121
-122
-98
-92
-63
-105
-63
15
-37
-24
-13
-48
-11
41
94
102
146
166
83
93
52
15
96
86
88
134
143
121
73
101
90
85
233
254
234
268
218
159
154
188
179
191
284
264
160
104
52
18
19
50
47
40
60
36
-8
-53
-78
-69
-66
-40
-30
-58
-60
-96
-170
-250
-347
-427
-507
-475
-384
-358
-302
-274
-342
-498
-540
-439
-426
-334
-128
-31
-67
-100
-141
-290
-257
-43
54
214
431
499
377
207
123
-3
95
344
423
544
514
316
164
54
80
148
351
538
481
453
320
78
39
127
226
329
503
573
406
264
200
113
122
271
376
356
290
173
-35
-218
-266
-228
-207
-184
-179
-273
-428
-551
-602
-621
-600
-495
-427
-440
-442
-513
-660
-717
-689
-658
-606
-508
-466
-554
-590
-664
-786
-753
-660
-487
-292
-158
-37
66
166
197
312
540
640
759
858
785
748
770
733
630
605
613
446
323
319
186
91
123
106
78
93
144
166
242
458
596
691
856
927
943
955
943
940
892
821
698
499
263
-43
-280
-430
-588
-668
-667
-738
-868
-892
-907
-958
-898
-746
-635
-557
-432
-452
-544
-496
-524
-547
-441
-387
-368
-392
-450
-659
-839
-777
-875
-890
-740
-777
-788
-648
-416
-340
-247
93
242
368
661
728
691
834
1029
932
749
842
767
524
518
513
365
318
391
290
122
201
230
133
216
376
443
541
720
789
759
819
883
879
878
889
837
664
501
340
81
-139
-243
-298
-423
-543
-576
-683
-791
-776
-740
-722
-667
-577
-565
-587
-560
-583
-575
-496
-433
-422
-460
-469
-501
-600
-678
-734
-762
-739
-782
-806
-843
-955
-877
-650
-284
212
515
682
576
471
496
312
523
981
1327
1463
1110
644
120
-279
-249
-166
182
568
578
384
-89
-435
-530
-398
141
659
1052
1289
1154
921
664
565
732
990
1317
1379
1130
725
165
-371
-674
-767
-664
-480
-424
-537
-825
-1094
-1222
-1196
-916
-578
-314
-134
-162
-325
-544
-639
-498
-333
-156
8
-66
-290
-516
-707
-866
-981
-836
-731
-787
-705
-839
-1076
-960
-577
-164
179
742
1275
1207
1096
877
462
518
875
1258
1241
1127
1048
228
-448
-559
-609
-323
129
538
387
-24
-149
-494
-446
187
708
1210
1568
1619
1326
931
910
897
1034
1338
1311
1104
639
38
-478
-848
-928
-851
-726
-662
-755
-877
-1069
-1161
-1027
-842
-605
-343
-168
-193
-278
-375
-499
-425
-263
-196
-164
-199
-292
-529
-707
-769
-934
-969
-1014
-1080
-1105
-1157
-1016
-730
-351
46
257
472
649
837
1093
1116
1168
1318
1317
1069
713
474
199
-75
-141
-169
-147
-64
-72
-205
-318
-288
-251
-112
315
790
1022
1167
1249
1163
1043
1060
1172
1240
1326
1253
871
405
-48
-474
-727
-818
-856
-889
-932
-1028
-1158
-1186
-1102
-941
-670
-438
-282
-200
-220
-250
-300
-290
-229
-134
-109
-198
-252
-370
-533
-585
-627
-697
-794
-851
-947
-1064
-934
-923
-872
-454
45
497
747
1018
1204
1256
1428
1325
1265
1501
1555
1299
769
370
31
-327
-341
-345
-291
-100
-97
-222
-347
-261
-123
51
569
965
1145
1324
1338
1271
1148
1152
1148
1117
1216
1004
580
176
-332
-810
-1103
-1197
-1276
-1315
-1251
-1337
-1408
-1317
-1260
-1126
-858
-562
-352
-242
-149
-244
-321
-292
-289
-246
-270
-262
-317
-421
-491
-591
-685
-883
-961
-1030
-1137
-1125
-1070
-1074
-997
-527
-18
345
641
952
1156
1360
1597
1542
1588
1775
1718
1312
858
543
203
44
3
-52
-70
-105
-205
-346
-343
-172
127
433
780
1115
1283
1323
1323
1408
1396
1460
1565
1480
1263
993
621
43
-357
-619
-917
-1124
-1182
-1257
-1438
-1479
-1455
-1428
-1222
-908
-679
-520
-358
-282
-341
-359
-330
-314
-290
-276
-366
-475
-558
-636
-655
-737
-864
-1077
-1150
-1236
-1305
-1218
-1144
-994
-768
-340
77
511
874
1105
1351
1575
1667
1577
1526
1467
1366
1122
626
119
-127
-258
-420
-442
-350
-290
-189
-84
-118
-78
239
542
743
1132
1458
1511
1488
1565
1509
1387
1381
1216
952
750
466
2
-418
-789
-1169
-1409
-1441
-1455
-1438
-1333
-1268
-1163
-976
-764
-566
-359
-179
-69
5
-2
-83
-157
-211
-268
-384
-433
-433
-508
-545
-572
-628
-897
-1097
-1135
-1251
-1212
-1118
-1146
-1082
-626
-88
195
472
839
1117
1455
1779
1746
1676
1818
1791
1370
880
575
292
49
-95
-199
-221
-244
-309
-355
-315
-168
105
399
664
1016
1330
1428
1412
1531
1585
1563
1603
1508
1180
825
554
110
-354
-656
-931
-1226
-1408
-1473
-1600
-1613
-1477
-1314
-1125
-909
-721
-617
-492
-362
-305
-260
-218
-197
-240
-370
-508
-601
-656
-708
-693
-700
-811
-926
-1044
-1292
-1441
-1348
-1226
-1137
-951
-664
-404
49
486
713
992
1421
1705
1664
1575
1520
1538
1522
1204
621
168
-16
-170
-282
-265
-209
-96
-72
-153
-129
115
435
694
1110
1514
1684
1710
1708
1686
1620
1578
1502
1338
1078
754
311
-227
-723
-1115
-1376
-1489
-1466
-1471
-1526
-1484
-1360
-1202
-956
-624
-389
-255
-80
42
35
-7
-52
-154
-217
-230
-283
-356
-432
-593
-738
-694
-792
-1017
-1182
-1285
-1309
-1277
-1200
-1268
-1031
-481
-69
339
639
849
1241
1749
1947
1748
1734
1801
1574
1299
872
362
71
-61
-300
-522
-431
-363
-485
-473
-325
-157
111
417
676
956
1288
1450
1407
1418
1472
1484
1487
1413
1153
758
378
-26
-469
-846
-1143
-1370
-1495
-1574
-1649
-1659
-1576
-1404
-1159
-834
-561
-354
-103
60
112
107
84
35
-71
-132
-156
-218
-334
-497
-601
-644
-699
-802
-953
-1025
-1072
-1137
-1132
-1076
-1061
-973
-582
-54
378
723
1098
1427
1671
1809
1689
1560
1608
1566
1226
740
341
19
-254
-408
-492
-468
-383
-356
-396
-395
-196
126
363
575
913
1226
1284
1247
1322
1342
1307
1353
1280
955
592
280
-113
-560
-884
-1126
-1307
-1329
-1322
-1398
-1426
-1293
-1082
-868
-572
-246
-38
90
180
215
160
102
54
-76
-94
-43
-112
-238
-360
-443
-518
-563
-665
-837
-882
-939
-1015
-1018
-1052
-1141
-925
-354
155
557
931
1214
1474
1795
1824
1534
1456
1567
1370
962
546
55
-332
-424
-545
-800
-699
-455
-502
-536
-332
-187
-50
301
625
840
1174
1343
1196
1214
1339
1246
1138
1106
745
268
50
-298
-807
-1084
-1319
-1599
-1565
-1442
-1589
-1578
-1205
-957
-724
-274
-33
51
334
547
505
446
391
207
61
38
-67
-201
-337
-482
-530
-524
-551
-613
-700
-841
-950
-1004
-1089
-1105
-999
-794
-357
141
448
647
1019
1437
1631
1678
1543
1433
1480
1344
926
448
129
-155
-458
-567
-614
-619
-547
-541
-546
-457
-213
19
190
499
838
1023
1085
1102
1095
1068
1110
1130
976
721
411
92
-183
-471
-761
-999
-1118
-1132
-1153
-1220
-1226
-1057
-773
-496
-249
-9
184
348
467
471
391
284
190
105
40
-25
-124
-265
-386
-421
-439
-562
-667
-705
-833
-1004
-1064
-1115
-1238
-1185
-829
-356
132
613
830
953
1244
1459
1458
1425
1476
1375
1098
730
132
-407
-552
-591
-687
-707
-675
-713
-702
-599
-537
-296
99
343
595
969
1166
1156
1203
1255
1209
1238
1286
1126
863
564
191
-187
-528
-871
-1143
-1220
-1184
-1167
-1201
-1196
-1027
-775
-519
-156
255
514
657
750
675
474
316
199
92
69
40
-104
-238
-347
-491
-571
-622
-701
-724
-768
-942
-1138
-1190
-1216
-1228
-958
-517
-50
422
729
923
1160
1413
1403
1152
1056
1071
947
598
84
-356
-647
-810
-885
-941
-856
-665
-559
-555
-499
-314
-121
112
474
800
1029
1181
1191
1174
1214
1214
1152
1105
975
688
431
166
-246
-607
-812
-970
-1005
-912
-907
-925
-729
-466
-283
16
352
544
691
832
796
597
419
277
154
113
78
3
-80
-223
-365
-474
-581
-700
-786
-850
-1015
-1196
-1334
-1502
-1485
-1151
-714
-317
35
330
546
860
1197
1220
1100
1124
1118
934
627
227
-171
-375
-446
-626
-749
-718
-699
-669
-573
-488
-387
-170
41
250
581
884
1008
1097
1188
1194
1197
1243
1205
1046
857
598
248
-114
-448
-709
-824
-790
-735
-762
-760
-618
-439
-261
13
316
501
597
612
470
275
163
62
-33
-26
-63
-206
-316
-410
-512
-518
-527
-673
-801
-850
-1031
-1270
-1307
-1331
-1362
-1103
-677
-332
12
347
543
770
1098
1113
856
849
962
831
560
243
-161
-418
-449
-571
-720
-569
-371
-376
-347
-261
-252
-153
98
301
527
872
1060
1058
1134
1216
1167
1182
1264
1173
960
776
501
109
-199
-412
-583
-612
-554
-568
-569
-425
-270
-148
65
306
451
546
580
440
227
87
-13
-88
-103
-166
-302
-380
-420
-471
-479
-506
-653
-777
-834
-1028
-1251
-1293
-1325
-1357
-1101
-717
-484
-224
97
284
516
850
882
692
764
837
600
346
111
-203
-357
-318
-459
-617
-468
-340
-372
-288
-170
-160
-40
190
333
525
819
944
940
1058
1145
1110
1139
1204
1117
928
754
496
182
-47
-237
-430
-488
-432
-468
-511
-382
-217
-154
-39
155
235
255
280
188
31
-35
-104
-251
-309
-303
-364
-395
-381
-438
-499
-522
-629
-757
-824
-961
-1128
-1200
-1292
-1334
-1087
-762
-561
-308
-51
70
298
613
641
559
689
724
542
402
202
-49
-71
-22
-180
-244
-105
-100
-138
-21
39
70
255
417
502
696
903
969
1070
1210
1219
1213
1300
1321
1218
1063
847
612
414
191
-37
-150
-145
-136
-184
-216
-144
-48
-20
13
87
117
112
85
-39
-194
-280
-411
-588
-639
-633
-687
-682
-623
-631
-645
-636
-723
-844
-865
-974
-1171
-1217
-1220
-1274
-1177
-965
-824
-621
-343
-216
-80
244
363
234
295
433
381
305
227
28
-41
57
-46
-193
-27
130
86
116
203
195
250
363
379
472
696
813
867
1023
1107
1062
1123
1232
1196
1113
1061
933
757
608
419
215
138
119
15
-45
22
30
-67
-92
-52
-80
-106
-79
-151
-299
-400
-520
-671
-713
-676
-690
-655
-533
-482
-486
-437
-458
-580
-658
-739
-916
-1038
-1059
-1113
-1118
-979
-854
-753
-556
-402
-307
-83
145
171
208
395
498
463
424
334
249
293
318
260
339
521
553
483
462
423
354
340
372
457
618
734
757
799
860
864
874
963
1040
1041
1003
946
851
716
544
358
241
186
111
44
53
50
-58
-168
-216
-306
-431
-507
-596
-739
-854
-945
-1058
-1112
-1100
-1106
-1056
-892
-747
-668
-568
-499
-544
-608
-657
-758
-861
-925
-961
-940
-838
-757
-734
-671
-596
-556
-471
-313
-172
-65
71
197
245
258
305
392
511
651
773
871
997
1089
1032
906
857
814
705
649
675
659
603
580
566
560
606
663
711
814
920
942
952
978
933
816
722
660
595
534
474
428
379
275
122
-19
-170
-372
-584
-769
-922
-1047
-1160
-1256
-1291
-1275
-1240
-1148
-993
-831
-686
-539
-427
-371
-346
-379
-477
-583
-688
-792
-819
-778
-793
-844
-836
-813
-844
-843
-760
-676
-575
-424
-276
-102
121
293
395
570
785
885
962
1119
1255
1288
1257
1153
985
827
661
448
302
271
241
201
237
309
348
393
484
574
667
781
886
953
989
987
932
868
816
733
633
553
449
270
64
-134
-364
-622
-846
-1023
-1172
-1283
-1341
-1327
-1258
-1177
-1091
-961
-775
-594
-463
-342
-220
-149
-165
-221
-297
-416
-563
-698
-783
-823
-856
-896
-901
-894
-931
-949
-877
-748
-594
-412
-212
30
302
519
686
895
1092
1175
1221
1307
1378
1376
1292
1128
931
740
523
307
193
161
122
108
158
247
338
421
509
622
747
854
961
1073
1127
1104
1040
962
870
767
636
469
277
54
-208
-462
-692
-921
-1127
-1282
-1391
-1452
-1434
-1351
-1246
-1115
-952
-772
-584
-418
-299
-220
-152
-104
-112
-177
-281
-423
-601
-798
-962
-1075
-1145
-1163
-1148
-1121
-1082
-1025
-924
-766
-570
-355
-123
171
504
816
1051
1216
1342
1412
1407
1361
1316
1275
1194
1036
828
616
410
202
23
-74
-87
-30
75
211
371
513
620
723
836
929
1004
1099
1201
1250
1225
1136
1003
830
603
335
86
-134
-376
-633
-856
-1059
-1258
-1416
-1501
-1508
-1445
-1332
-1168
-947
-732
-573
-445
-311
-197
-120
-60
-27
-36
-106
-254
-443
-636
-841
-1059
-1218
-1283
-1301
-1291
-1247
-1189
-1109
-972
-788
-568
-284
28
318
628
948
1185
1334
1472
1561
1533
1448
1357
1246
1132
1006
812
609
462
304
118
10
-8
2
61
182
326
481
646
781
891
999
1097
1177
1262
1317
1301
1219
1090
901
654
350
9
-315
-605
-865
-1085
-1259
-1403
-1517
-1578
-1575
-1506
-1382
-1213
-1011
-794
-598
-427
-274
-158
-112
-110
-115
-138
-199
-314
-490
-695
-909
-1131
-1332
-1438
-1457
-1438
-1358
-1209
-1047
-875
-647
-384
-112
183
481
755
1059
1355
1543
1636
1681
1648
1529
1376
1212
1059
954
842
676
517
389
241
96
22
13
59
184
348
526
713
867
967
1057
1150
1207
1240
1265
1256
1186
1043
811
501
147
-222
-572
-868
-1119
-1326
-1477
-1581
-1653
-1673
-1647
-1578
-1440
-1238
-1006
-766
-527
-335
-197
-107
-71
-85
-118
-169
-250
-361
-521
-737
-983
-1217
-1428
-1575
-1607
-1540
-1392
-1179
-938
-703
-452
-186
89
387
698
979
1249
1521
1706
1758
1732
1650
1496
1303
1113
951
858
801
681
521
388
262
123
35
29
88
219
397
582
780
963
1074
1147
1225
1280
1298
1306
1284
1189
1013
748
406
40
-328
-686
-988
-1205
-1366
-1479
-1532
-1550
-1558
-1533
-1451
-1304
-1106
-893
-687
-481
-292
-160
-97
-92
-135
-196
-258
-334
-438
-586
-795
-1037
-1272
-1484
-1629
-1652
-1558
-1379
-1127
-830
-556
-304
-48
219
504
806
1079
1320
1559
1727
1742
1655
1524
1344
1139
960
813
713
650
562
433
317
209
79
-13
-4
89
235
410
597
779
931
1032
1103
1168
1203
1209
1187
1120
990
786
490
135
-231
-597
-932
-1177
-1339
-1457
-1520
-1532
-1537
-1525
-1458
-1336
-1170
-965
-751
-546
-341
-180
-107
-82
-75
-111
-178
-242
-322
-450
-637
-858
-1095
-1326
-1513
-1612
-1567
-1392
-1146
-871
-595
-313
-27
260
555
858
1143
1391
1621
1808
1870
1803
1669
1486
1255
1028
842
712
635
559
439
323
241
150
75
84
177
305
459
639
827
1005
1142
1223
1260
1265
1239
1199
1142
1017
792
486
134
-240
-617
-954
-1208
-1378
-1504
-1585
-1603
-1580
-1538
-1471
-1370
-1244
-1091
-908
-705
-501
-349
-272
-245
-246
-287
-363
-430
-493
-605
-786
-993
-1198
-1397
-1559
-1633
-1582
-1421
-1182
-907
-617
-325
-35
267
585
884
1135
1372
1617
1791
1812
1719
1595
1442
1239
1023
859
769
692
565
421
328
251
154
106
165
297
447
604
778
954
1094
1185
1262
1318
1321
1270
1195
1078
877
595
272
-45
-366
-698
-977
-1162
-1299
-1420
-1495
-1517
-1505
-1462
-1381
-1266
-1120
-967
-836
-708
-573
-452
-354
-266
-211
-216
-251
-310
-418
-587
-782
-962
-1114
-1250
-1343
-1331
-1208
-1031
-836
-632
-421
-160
161
494
821
1126
1370
1534
1641
1662
1599
1537
1462
1311
1134
1009
899
755
590
419
270
186
138
109
176
323
449
540
643
744
825
916
1024
1106
1142
1117
1016
841
597
289
-43
-337
-603
-865
-1083
-1237
-1359
-1471
-1552
-1583
-1573
-1505
-1356
-1162
-969
-821
-746
-708
-677
-631
-570
-504
-430
-387
-367
-385
-487
-676
-899
-1068
-1189
-1232
-1147
-964
-744
-539
-392
-274
-105
154
453
777
1123
1381
1558
1677
1661
1510
1361
1265
1166
1065
994
926
852
721
482
274
205
212
250
382
593
785
910
975
1004
1039
1084
1142
1226
1290
1265
1154
971
701
332
-69
-414
-679
-887
-1064
-1180
-1270
-1400
-1529
-1590
-1579
-1501
-1355
-1144
-913
-743
-678
-666
-656
-674
-706
-692
-648
-589
-549
-584
-700
-885
-1104
-1324
-1442
-1455
-1398
-1159
-814
-540
-375
-258
-97
179
560
882
1085
1302
1494
1509
1380
1191
1026
954
903
791
692
706
714
567
364
225
189
258
403
635
903
1118
1238
1305
1369
1402
1422
1489
1544
1514
1393
1191
908
525
76
-342
-658
-854
-1012
-1152
-1239
-1318
-1441
-1556
-1551
-1467
-1355
-1155
-914
-725
-609
-563
-563
-577
-591
-630
-658
-601
-568
-602
-689
-909
-1182
-1411
-1530
-1542
-1437
-1157
-840
-503
-207
-77
50
301
658
1019
1276
1451
1537
1532
1378
1048
738
546
450
382
293
264
284
221
58
-60
0
152
377
724
1090
1415
1640
1741
1801
1852
1886
1898
1899
1813
1559
1201
800
327
-198
-696
-1071
-1282
-1419
-1540
-1614
-1607
-1602
-1592
-1465
-1260
-1035
-797
-568
-380
-302
-325
-379
-427
-476
-551
-596
-615
-698
-840
-1059
-1338
-1578
-1767
-1876
-1859
-1697
-1408
-1048
-638
-316
-67
256
684
1190
1597
1773
1828
1848
1712
1416
1149
924
676
500
279
-79
-281
-283
-363
-448
-333
-163
-10
299
671
963
1328
1703
1941
2175
2454
2616
2666
2658
2433
1978
1485
1010
490
-34
-541
-1000
-1352
-1678
-2004
-2177
-2165
-2069
-1875
-1571
-1261
-964
-687
-493
-358
-252
-185
-112
1
27
-106
-312
-538
-820
-1079
-1280
-1524
-1773
-1940
-2055
-2152
-2084
-1835
-1510
-1082
-596
-178
240
864
1530
1857
1901
1874
1782
1642
1432
1119
811
615
361
-140
-636
-822
-826
-854
-834
-648
-387
-165
111
470
873
1298
1709
2087
2453
2798
2987
2989
2916
2687
2237
1773
1415
963
342
-270
-802
-1279
-1672
-1946
-2082
-2062
-1966
-1834
-1605
-1297
-1012
-755
-473
-213
-30
82
190
266
201
39
-120
-293
-523
-778
-1061
-1426
-1781
-2036
-2220
-2271
-2099
-1791
-1404
-941
-564
-293
170
917
1521
1732
1825
1914
1826
1587
1270
929
715
580
196
-383
-692
-757
-892
-996
-886
-706
-516
-226
111
462
883
1263
1549
1893
2262
2486
2593
2659
2561
2265
1901
1548
1172
712
201
-288
-720
-1114
-1466
-1691
-1762
-1758
-1712
-1611
-1461
-1307
-1143
-911
-645
-423
-289
-204
-124
-95
-134
-170
-179
-220
-331
-494
-778
-1165
-1470
-1650
-1771
-1762
-1563
-1295
-1046
-771
-520
-256
298
1052
1504
1546
1521
1481
1280
1022
805
635
582
522
152
-373
-581
-568
-689
-753
-540
-294
-137
99
366
588
875
1173
1426
1761
2094
2240
2303
2340
2130
1700
1361
1125
832
484
82
-354
-698
-985
-1268
-1355
-1243
-1175
-1123
-976
-892
-912
-850
-720
-624
-513
-450
-467
-440
-448
-541
-545
-524
-624
-700
-741
-950
-1160
-1201
-1288
-1289
-995
-769
-602
-143
243
291
628
1352
1667
1550
1420
1133
838
760
447
-12
-1
44
-491
-1019
-1040
-938
-805
-511
-257
-7
278
346
406
811
1222
1407
1731
2112
2173
2093
2001
1766
1483
1141
704
472
354
-109
-679
-952
-1201
-1512
-1519
-1339
-1205
-995
-792
-681
-493
-363
-406
-280
-46
-105
-251
-253
-394
-713
-897
-953
-1001
-1005
-1061
-1152
-1170
-1290
-1481
-1409
-1193
-1045
-658
-58
335
640
1015
1204
1508
2143
2269
1808
1609
1368
709
301
106
-353
-575
-522
-1001
-1549
-1341
-998
-880
-477
23
256
487
753
935
1273
1683
1835
1939
2143
2148
1938
1745
1545
1164
640
223
-38
-351
-797
-1173
-1350
-1442
-1507
-1474
-1275
-946
-671
-489
-213
56
95
104
259
303
156
24
-138
-430
-737
-943
-1029
-1072
-1182
-1409
-1649
-1816
-1960
-1973
-1653
-1038
-363
203
662
1047
1313
1692
2452
3100
3025
2566
2156
1622
981
428
-104
-471
-644
-1161
-1974
-2299
-2143
-2036
-1794
-1231
-702
-276
185
583
996
1518
1961
2350
2752
2949
2870
2691
2426
1958
1283
569
27
-410
-977
-1592
-2025
-2331
-2573
-2627
-2485
-2208
-1837
-1436
-986
-494
-135
113
439
726
805
784
730
551
223
-129
-384
-562
-784
-1109
-1447
-1769
-2107
-2261
-2166
-1981
-1653
-1121
-514
50
601
1196
1789
2490
3190
3307
2934
2658
2325
1721
1213
838
312
-97
-353
-1021
-1738
-1765
-1565
-1527
-1192
-650
-354
-107
239
524
915
1483
1942
2271
2570
2674
2491
2255
2038
1613
1028
555
179
-361
-1056
-1600
-1920
-2135
-2228
-2181
-2038
-1842
-1647
-1427
-1094
-735
-472
-194
145
338
318
248
192
29
-208
-326
-375
-563
-821
-1133
-1615
-1997
-2113
-2162
-2001
-1498
-999
-643
-91
476
764
1464
2622
3148
2976
2792
2495
2041
1740
1325
754
519
304
-450
-1261
-1525
-1510
-1498
-1294
-931
-638
-384
-136
111
477
949
1401
1853
2264
2455
2421
2298
2130
1904
1565
1130
698
245
-384
-1091
-1546
-1810
-2072
-2168
-2065
-2009
-1963
-1786
-1591
-1368
-1005
-641
-362
-67
109
41
-27
-62
-192
-263
-195
-169
-343
-628
-919
-1288
-1606
-1648
-1574
-1494
-1193
-675
-251
81
528
946
1435
2279
2765
2460
2290
2326
1857
1366
1180
752
361
319
-158
-923
-939
-642
-725
-586
-157
-27
70
323
414
594
1001
1216
1362
1657
1768
1680
1587
1407
1141
855
524
262
36
-463
-1055
-1343
-1526
-1736
-1702
-1550
-1529
-1502
-1442
-1406
-1242
-981
-771
-594
-487
-530
-675
-845
-962
-980
-961
-916
-830
-848
-975
-1104
-1281
-1454
-1464
-1225
-771
-258
196
570
853
1060
1451
2192
2712
2664
2509
2239
1693
1330
1116
645
305
279
-101
-773
-944
-756
-663
-345
116
302
522
860
962
1093
1481
1735
1802
1954
2036
1889
1691
1428
1055
695
314
-46
-288
-668
-1228
-1572
-1692
-1827
-1844
-1688
-1584
-1480
-1300
-1158
-979
-722
-533
-369
-216
-243
-424
-606
-805
-1043
-1218
-1341
-1430
-1475
-1581
-1696
-1808
-1977
-1919
-1661
-1456
-982
-256
238
648
1157
1481
1794
2472
2870
2544
2346
2268
1732
1345
1131
524
71
46
-217
-696
-707
-341
-78
164
434
622
902
1222
1393
1602
1871
1967
1925
1905
1898
1801
1578
1312
992
521
40
-270
-532
-919
-1318
-1591
-1736
-1755
-1737
-1731
-1593
-1390
-1292
-1133
-837
-670
-590
-450
-496
-690
-789
-953
-1183
-1350
-1521
-1661
-1751
-1848
-2026
-2203
-2182
-2164
-2102
-1609
-925
-348
213
748
1068
1293
1960
2859
3144
2943
2685
2253
1787
1454
1034
585
391
162
-483
-1045
-1037
-830
-606
-146
330
630
999
1406
1701
2046
2402
2590
2722
2773
2623
2409
2127
1678
1202
720
190
-244
-643
-1238
-1802
-2039
-2193
-2309
-2175
-2039
-2001
-1775
-1481
-1268
-960
-616
-381
-206
-136
-272
-478
-624
-851
-1158
-1359
-1515
-1745
-1921
-2067
-2293
-2429
-2399
-2285
-1868
-1173
-628
-164
463
855
1023
1664
2569
2892
2693
2477
2240
1915
1572
1119
736
642
377
-249
-689
-665
-420
-169
147
583
937
1146
1376
1688
2017
2267
2437
2548
2500
2320
2105
1835
1499
1095
646
238
-134
-537
-1015
-1468
-1723
-1843
-1954
-1995
-1933
-1840
-1762
-1630
-1407
-1210
-1061
-831
-574
-514
-622
-717
-852
-1077
-1275
-1432
-1550
-1673
-1863
-1996
-2132
-2355
-2417
-2314
-2102
-1560
-876
-365
156
707
967
1268
2133
2774
2576
2439
2521
2154
1744
1542
1139
827
725
242
-408
-475
-196
-120
41
455
729
925
1261
1536
1772
2162
2501
2605
2602
2582
2459
2205
1916
1574
1155
767
401
-91
-666
-1131
-1464
-1677
-1706
-1707
-1805
-1786
-1686
-1661
-1488
-1199
-1054
-865
-609
-576
-664
-728
-913
-1186
-1404
-1547
-1664
-1819
-2059
-2375
-2629
-2774
-2853
-2699
-2152
-1407
-812
-422
30
421
684
1386
2320
2647
2514
2345
1980
1542
1272
930
623
662
474
-269
-765
-702
-556
-349
65
461
821
1256
1527
1706
2128
2530
2766
3060
3163
2950
2754
2513
2024
1543
1185
755
306
-123
-697
-1242
-1521
-1678
-1763
-1737
-1709
-1652
-1530
-1380
-1161
-944
-798
-618
-447
-443
-496
-524
-746
-1109
-1316
-1436
-1574
-1720
-1969
-2326
-2669
-2882
-2921
-2710
-2132
-1457
-957
-461
-21
149
456
1266
1994
2093
1930
1875
1707
1354
1034
673
434
472
224
-355
-562
-334
-148
-5
364
724
931
1274
1661
1961
2308
2611
2811
2956
2983
2859
2639
2367
1965
1485
1034
611
254
-164
-663
-965
-1146
-1387
-1492
-1453
-1452
-1440
-1318
-1146
-1006
-880
-777
-684
-569
-576
-690
-730
-841
-1142
-1415
-1530
-1622
-1812
-2020
-2286
-2639
-2837
-2872
-2813
-2408
-1767
-1253
-749
-234
40
316
978
1561
1554
1528
1741
1568
1128
850
543
240
162
25
-280
-280
51
167
232
628
947
1119
1543
1966
2144
2442
2821
2899
2870
2959
2871
2640
2523
2251
1731
1301
891
328
-125
-407
-710
-902
-889
-925
-1053
-1075
-1048
-1030
-867
-648
-580
-562
-546
-645
-799
-923
-1050
-1190
-1358
-1544
-1674
-1797
-2003
-2314
-2690
-2929
-3063
-3085
-2690
-2045
-1552
-1157
-697
-385
-183
467
1258
1515
1637
1739
1375
907
577
68
-212
71
77
-417
-551
-392
-440
-284
154
466
892
1482
1727
1801
2113
2395
2548
2855
3130
3114
3041
2924
2542
2113
1807
1420
946
490
21
-421
-762
-976
-1093
-1149
-1088
-919
-795
-738
-626
-504
-472
-411
-316
-408
-612
-716
-878
-1184
-1398
-1519
-1696
-1824
-1953
-2350
-2828
-3054
-3154
-3074
-2568
-1958
-1510
-1009
-587
-419
-26
718
1290
1565
1711
1632
1355
972
366
-151
-167
-98
-314
-503
-547
-525
-328
-76
146
569
1118
1475
1719
2007
2192
2342
2630
2850
2930
3043
3062
2835
2526
2208
1812
1414
1022
553
111
-213
-523
-822
-983
-1031
-999
-834
-664
-598
-520
-414
-367
-348
-332
-391
-548
-698
-844
-1094
-1335
-1454
-1602
-1826
-2015
-2244
-2649
-2978
-3016
-3012
-2878
-2349
-1809
-1437
-973
-527
-210
325
952
1013
915
1264
1324
805
454
200
-258
-443
-435
-732
-805
-353
-149
-204
119
498
639
1022
1518
1711
1960
2395
2554
2526
2679
2809
2769
2769
2726
2476
2195
1889
1373
797
400
81
-222
-367
-464
-662
-754
-692
-665
-608
-441
-309
-243
-141
-100
-268
-490
-675
-920
-1095
-1152
-1258
-1399
-1604
-1970
-2435
-2871
-3177
-3207
-2812
-2241
-1830
-1480
-1185
-1013
-663
-27
598
1067
1391
1444
1239
993
628
124
-95
-73
-295
-633
-765
-830
-867
-695
-424
-143
343
906
1200
1410
1733
1950
2132
2481
2777
2883
2956
2927
2652
2344
2138
1819
1392
1011
592
152
-159
-386
-602
-751
-788
-755
-667
-516
-332
-165
-36
67
105
14
-168
-380
-626
-816
-885
-1009
-1232
-1410
-1685
-2164
-2626
-2941
-3134
-3060
-2623
-2154
-1793
-1412
-1145
-973
-539
176
733
994
1190
1224
979
659
294
-90
-218
-200
-425
-782
-902
-862
-832
-640
-292
38
451
921
1220
1450
1758
1986
2113
2348
2621
2730
2769
2752
2503
2171
1955
1682
1260
915
648
258
-131
-376
-626
-815
-760
-626
-546
-357
-125
-70
-52
79
149
92
21
-99
-347
-572
-683
-838
-1043
-1181
-1377
-1737
-2129
-2435
-2705
-2866
-2666
-2201
-1761
-1348
-1043
-886
-600
-139
232
457
766
1100
1104
813
449
69
-216
-369
-506
-619
-598
-494
-489
-556
-496
-283
55
500
925
1307
1656
1864
1931
1997
2125
2278
2445
2564
2503
2298
2027
1641
1199
875
644
412
223
51
-206
-506
-709
-792
-756
-536
-240
-55
43
107
59
-96
-230
-272
-289
-299
-321
-470
-745
-1091
-1522
-1988
-2357
-2591
-2638
-2405
-2075
-1871
-1713
-1519
-1366
-1114
-546
70
447
728
864
712
460
204
-58
-125
-12
-117
-493
-725
-764
-849
-859
-656
-398
-79
325
600
744
987
1298
1519
1785
2161
2405
2492
2572
2525
2298
2113
1953
1666
1377
1175
864
444
126
-137
-428
-575
-568
-568
-500
-316
-200
-175
-57
106
135
121
128
32
-115
-214
-359
-587
-780
-958
-1296
-1763
-2152
-2429
-2524
-2321
-1980
-1696
-1433
-1199
-1106
-956
-486
31
343
627
832
737
488
253
-9
-139
-71
-175
-488
-616
-593
-677
-708
-553
-379
-168
166
423
576
827
1094
1237
1423
1728
1988
2156
2281
2271
2096
1888
1676
1437
1252
1113
889
573
220
-129
-399
-516
-530
-507
-428
-337
-309
-284
-178
-41
68
147
148
69
-32
-152
-308
-461
-614
-831
-1133
-1516
-1931
-2245
-2380
-2355
-2133
-1731
-1343
-1107
-964
-809
-596
-308
-11
263
581
803
717
439
179
-42
-239
-358
-402
-405
-343
-286
-338
-399
-371
-272
-65
244
579
913
1215
1391
1444
1532
1711
1896
2093
2297
2349
2178
1872
1516
1186
960
809
617
391
163
-145
-498
-735
-814
-780
-650
-461
-322
-243
-146
-88
-121
-150
-110
-62
-39
-54
-178
-459
-859
-1308
-1758
-2109
-2236
-2131
-1901
-1664
-1500
-1413
-1330
-1154
-828
-390
42
367
548
588
521
372
214
158
170
116
-49
-239
-365
-437
-483
-473
-383
-228
-33
156
305
476
703
947
1189
1450
1707
1880
2003
2113
2145
2082
1964
1777
1534
1302
1064
780
484
228
-28
-282
-488
-647
-736
-729
-656
-565
-461
-322
-193
-119
-82
-54
-19
9
4
-44
-186
-437
-752
-1123
-1527
-1860
-2046
-2084
-1976
-1766
-1567
-1439
-1329
-1174
-978
-707
-368
-65
184
364
389
297
194
137
106
56
7
-47
-93
-104
-102
-92
-55
10
103
212
316
435
597
780
939
1078
1249
1437
1595
1734
1841
1856
1774
1678
1595
1475
1302
1094
856
593
338
107
-95
-252
-371
-473
-549
-573
-556
-503
-413
-339
-330
-346
-345
-340
-352
-369
-407
-526
-723
-962
-1238
-1501
-1684
-1770
-1748
-1615
-1417
-1221
-1063
-933
-831
-722
-553
-355
-160
36
190
255
235
154
34
-92
-172
-184
-147
-75
29
140
213
246
268
304
379
493
664
858
1021
1141
1229
1298
1370
1450
1538
1619
1658
1651
1613
1533
1395
1208
1010
814
611
412
231
64
-93
-243
-382
-479
-521
-508
-448
-365
-307
-306
-349
-418
-502
-582
-639
-706
-825
-1007
-1231
-1466
-1673
-1800
-1819
-1731
-1563
-1358
-1154
-995
-909
-862
-792
-670
-514
-341
-179
-67
-22
-58
-159
-274
-350
-351
-287
-190
-66
80
228
343
422
498
579
682
821
984
1142
1275
1370
1423
1457
1488
1507
1524
1564
1605
1610
1572
1491
1363
1194
1014
836
666
525
406
287
152
10
-102
-168
-197
-194
-180
-177
-200
-268
-383
-520
-670
-827
-982
-1142
-1309
-1468
-1595
-1685
-1749
-1773
-1757
-1702
-1592
-1420
-1220
-1035
-890
-782
-699
-635
-569
-480
-375
-284
-252
-274
-327
-385
-420
-412
-355
-252
-116
45
226
412
593
758
902
1023
1122
1209
1296
1392
1483
1551
1579
1561
1509
1460
1445
1452
1460
1470
1454
1391
1306
1210
1089
955
826
696
566
450
363
285
203
115
19
-78
-173
-274
-400
-555
-734
-943
-1173
-1403
-1622
-1802
-1922
-1991
-2025
-2037
-2029
-1996
-1926
-1812
-1665
-1502
-1323
-1153
-1016
-908
-843
-804
-759
-708
-659
-618
-580
-533
-484
-424
-348
-260
-154
-12
157
357
584
815
1037
1229
1384
1502
1596
1682
1763
1851
1935
1980
1977
1943
1884
1802
1720
1650
1575
1498
1434
1376
1311
1228
1111
964
806
665
548
459
394
326
241
138
13
-143
-315
-486
-664
-856
-1068
-1302
-1539
-1741
-1890
-1988
-2040
-2060
-2053
-2025
-1970
-1900
-1823
-1733
-1633
-1529
-1419
-1303
-1193
-1100
-1022
-965
-925
-877
-804
-698
-575
-442
-309
-193
-84
21
128
266
438
622
811
995
1153
1285
1396
1483
1543
1596
1650
1694
1720
1735
1731
1697
1647
1585
1511
1441
1379
1336
1310
1286
1241
1165
1071
966
852
751
671
591
510
420
314
175
-4
-213
-439
-671
-911
-1151
-1371
-1560
-1713
-1831
-1922
-1995
-2045
-2065
-2051
-2002
-1940
-1867
-1787
-1705
-1622
-1535
-1431
-1308
-1193
-1095
-1017
-962
-902
-809
-682
-526
-357
-188
-46
76
187
296
412
546
690
839
989
1124
1241
1338
1412
1451
1471
1482
1485
1500
1527
1553
1565
1561
1540
1509
1489
1479
1481
1495
1508
1496
1454
1391
1294
1167
1023
870
712
554
399
227
32
-188
-421
-661
-898
-1116
-1305
-1452
-1559
-1633
-1688
-1731
-1761
-1771
-1757
-1724
-1679
-1626
-1568
-1511
-1464
-1424
-1393
-1354
-1304
-1248
-1186
-1126
-1058
-973
-867
-729
-565
-395
-221
-55
99
247
377
495
610
722
840
951
1053
1143
1216
1271
1300
1311
1306
1294
1284
1279
1284
1288
1287
1284
1276
1264
1256
1253
1255
1251
1249
1244
1221
1179
1109
1005
869
707
531
340
143
-60
-276
-499
-730
-956
-1158
-1319
-1442
-1529
-1586
-1619
-1640
-1650
-1651
-1649
-1644
-1632
-1614
-1592
-1573
-1562
-1553
-1541
-1529
-1509
-1468
-1403
-1306
-1178
-1022
-850
-658
-452
-241
-32
179
381
562
721
854
961
1054
1143
1221
1289
1355
1411
1448
1471
1481
1466
1435
1402
1372
1353
1350
1362
1374
1385
1390
1388
1385
1383
1383
1384
1381
1359
1315
1240
1117
955
760
546
316
81
-148
-379
-608
-826
-1024
-1193
-1332
-1438
-1516
-1569
-1608
-1636
-1656
-1670
-1684
-1698
-1706
-1711
-1717
-1716
-1708
-1691
-1670
-1651
-1623
-1576
-1498
-1376
-1218
-1040
-852
-663
-485
-308
-126
54
234
406
555
678
767
831
878
915
959
1002
1044
1086
1126
1160
1182
1193
1200
1209
1228
1268
1321
1377
1426
1462
1476
1469
1452
1424
1387
1342
1291
1221
1123
992
829
634
425
210
-2
-204
-390
-555
-699
-819
-922
-1010
-1089
-1156
-1204
-1243
-1278
-1312
-1351
-1398
-1450
-1502
-1552
-1595
-1619
-1624
-1617
-1598
-1570
-1518
-1438
-1320
-1163
-976
-774
-571
-371
-183
-10
157
312
460
603
737
847
925
967
987
995
1002
1019
1039
1074
1113
1146
1166
1170
1164
1159
1171
1193
1227
1265
1302
1325
1329
1316
1284
1237
1178
1109
1023
922
798
651
488
309
120
-73
-258
-427
-575
-691
-787
-869
-945
-1020
-1090
-1157
-1214
-1267
-1319
-1370
-1427
-1490
-1560
-1631
-1692
-1734
-1753
-1752
-1737
-1702
-1643
-1559
-1443
-1299
-1133
-945
-745
-534
-327
-130
53
216
365
503
620
726
821
895
945
969
976
970
966
981
1008
1047
1093
1135
1168
1189
1205
1214
1222
1236
1259
1285
1311
1333
1339
1321
1282
1224
1145
1050
945
833
711
577
430
267
95
-73
-228
-363
-479
-576
-665
-749
-831
-916
-1007
-1095
-1179
-1257
-1331
-1399
-1466
-1529
-1583
-1626
-1654
-1665
-1656
-1619
-1558
-1473
-1368
-1244
-1109
-964
-805
-630
-441
-246
-61
109
261
390
500
593
671
741
800
849
877
886
891
898
914
946
988
1038
1089
1135
1174
1198
1206
1205
1202
1202
1207
1213
1210
1193
1153
1092
1010
906
790
671
547
425
299
166
29
-112
-245
-368
-477
-573
-659
-731
-793
-853
-915
-988
-1069
-1154
-1236
-1312
-1381
-1443
-1495
-1533
-1559
-1579
-1584
-1570
-1531
-1463
-1367
-1253
-1127
-997
-861
-721
-579
-429
-277
-117
36
178
308
411
495
568
631
689
750
807
863
915
965
1016
1064
1114
1165
1216
1260
1298
1320
1324
1317
1295
1262
1224
1181
1133
1076
1010
932
840
739
631
517
407
302
200
105
12
-75
-157
-238
-318
-402
-482
-559
-631
-698
-768
-845
-931
-1023
-1120
-1215
-1299
-1369
-1421
-1456
-1475
-1479
-1467
-1437
-1384
-1309
-1213
-1100
-974
-840
-705
-573
-445
-324
-202
-71
63
200
322
427
513
578
636
689
742
801
858
913
964
1005
1039
1075
1110
1146
1175
1195
1204
1201
1188
1161
1124
1078
1026
965
895
818
733
642
551
457
362
268
171
80
-4
-78
-148
-214
-282
-357
-440
-528
-617
-707
-795
-877
-961
-1044
-1134
-1226
-1312
-1385
-1445
-1487
-1507
-1504
-1480
-1431
-1366
-1290
-1201
-1103
-992
-873
-746
-619
-495
-378
-266
-161
-62
38
142
248
351
443
518
584
645
703
766
833
906
981
1054
1123
1176
1213
1248
1279
1307
1331
1346
1348
1330
1295
1238
1168
1081
990
896
802
709
614
517
418
320
223
133
51
-22
-92
-160
-230
-308
-394
-484
-578
-671
-763
-852
-940
-1025
-1107
-1184
-1257
-1326
-1384
-1429
-1458
-1465
-1451
-1412
-1357
-1286
-1207
-1121
-1029
-931
-826
-720
-611
-502
-392
-293
-198
-114
-35
47
135
233
334
434
529
617
699
779
857
936
1017
1097
1168
1225
1268
1294
1308
1316
1321
1320
1310
1286
1241
1173
1089
997
896
802
717
639
563
486
406
325
248
176
107
39
-29
-102
-180
-262
-351
-451
-554
-658
-763
-863
-954
-1038
-1118
-1190
-1258
-1319
-1372
-1409
-1427
-1427
-1412
-1379
-1331
-1268
-1196
-1122
-1045
-965
-882
-791
-691
-588
-484
-385
-289
-198
-111
-21
73
177
291
412
529
638
731
813
886
953
1019
1081
1141
1193
1234
1254
1257
1251
1237
1223
1204
1179
1140
1091
1029
959
884
808
737
668
607
549
492
434
373
303
225
140
46
-52
-148
-243
-342
-447
-558
-672
-783
-886
-978
-1060
-1128
-1183
-1228
-1264
-1288
-1302
-1302
-1286
-1257
-1216
-1165
-1105
-1039
-973
-907
-839
-774
-705
-631
-551
-466
-378
-293
-209
-124
-35
55
150
253
361
475
588
696
787
867
939
1005
1062
1115
1158
1193
1219
1235
1237
1226
1204
1173
1137
1096
1054
1009
959
903
836
763
691
618
543
466
385
302
210
111
6
-104
-212
-317
-421
-523
-622
-715
-805
-889
-966
-1033
-1090
-1136
-1168
-1187
-1196
-1195
-1186
-1172
-1150
-1121
-1089
-1052
-1013
-970
-924
-874
-822
-768
-713
-653
-586
-513
-431
-340
-245
-145
-40
67
174
283
391
496
597
695
790
874
950
1016
1066
1105
1133
1146
1152
1148
1130
1103
1071
1034
993
952
912
870
828
788
745
700
658
611
553
489
412
328
237
144
53
-36
-126
-220
-316
-414
-509
-600
-684
-754
-814
-863
-899
-924
-941
-953
-953
-951
-942
-928
-913
-898
-885
-873
-861
-848
-833
-814
-787
-753
-708
-656
-592
-517
-435
-345
-247
-147
-42
64
168
266
358
441
518
589
657
716
769
815
850
876
894
903
898
878
848
818
789
766
751
736
720
704
686
661
637
609
576
540
491
427
351
267
177
83
-15
-113
-208
-298
-373
-441
-504
-559
-605
-647
-676
-696
-708
-711
-707
-697
-689
-679
-671
-669
-665
-662
-664
-668
-671
-677
-677
-672
-660
-637
-602
-554
-494
-425
-346
-255
-156
-49
57
155
244
323
394
454
506
548
580
606
627
638
641
639
636
629
622
615
612
611
615
624
632
644
650
652
648
634
610
576
536
481
416
344
264
177
88
-1
-90
-170
-242
-301
-346
-381
-411
-432
-448
-459
-465
-467
-468
-468
-471
-475
-485
-499
-513
-528
-546
-563
-576
-589
-598
-603
-604
-600
-587
-565
-531
-484
-429
-362
-286
-204
-122
-44
33
109
178
238
291
332
361
379
386
382
375
364
356
351
349
354
367
384
403
421
445
467
490
513
527
532
522
494
456
408
350
290
226
161
93
21
-49
-116
-179
-228
-262
-288
-300
-302
-298
-290
-278
-266
-252
-239
-229
-222
-220
-224
-234
-250
-269
-291
-317
-341
-359
-373
-374
-362
-344
-312
-274
-228
-174
-114
-48
21
85
145
195
237
270
293
309
319
325
325
324
320
313
308
305
301
301
304
310
315
319
325
329
336
346
352
353
354
343
321
290
247
200
149
91
23
-52
-131
-206
-275
-334
-381
-418
-443
-456
-460
-458
-449
-434
-421
-411
-403
-402
-401
-401
-405
-413
-421
-430
-441
-449
-454
-451
-442
-422
-395
-362
-322
-276
-223
-164
-102
-34
34
103
168
227
281
328
367
401
427
446
460
469
477
484
492
502
514
528
545
561
575
588
598
603
601
590
573
546
512
471
421
363
299
231
159
85
9
-64
-138
-208
-275
-335
-387
-430
-466
-495
-514
-530
-537
-539
-542
-541
-544
-547
-546
-550
-558
-566
-577
-582
-584
-583
-572
-554
-532
-499
-464
-423
-374
-320
-262
-199
-134
-71
-8
55
118
181
240
292
337
376
409
436
457
478
494
508
526
543
560
581
605
625
646
666
682
697
709
711
707
688
657
616
568
513
455
393
331
263
193
121
48
-24
-95
-161
-219
-271
-317
-357
-393
-429
-462
-491
-516
-539
-562
-582
-602
-624
-647
-670
-692
-711
-727
-735
-737
-731
-715
-692
-662
-622
-579
-529
-473
-413
-349
-283
-215
-148
-82
-20
40
93
143
189
232
268
301
331
357
383
409
441
475
511
549
585
620
652
682
704
719
726
728
720
703
677
643
603
557
505
451
392
332
270
206
144
84
28
-25
-76
-121
-160
-196
-229
-256
-283
-309
-331
-354
-378
-403
-433
-461
-489
-517
-541
-561
-576
-585
-589
-585
-577
-564
-545
-520
-490
-455
-418
-380
-337
-296
-253
-209
-167
-126
-86
-47
-9
28
65
98
125
148
170
194
221
251
283
315
348
379
407
433
459
481
502
521
534
537
532
518
498
471
440
407
373
339
303
268
228
190
153
117
86
56
29
4
-17
-42
-67
-94
-123
-148
-175
-203
-233
-260
-289
-318
-346
-374
-398
-416
-428
-434
-431
-425
-416
-401
-384
-367
-345
-320
-294
-268
-242
-217
-188
-162
-137
-116
-96
-77
-55
-32
-10
12
37
64
93
122
150
179
211
243
271
299
320
338
354
364
366
363
356
347
334
318
302
281
262
243
221
199
178
157
139
122
102
81
63
46
27
10
-8
-27
-48
-70
-94
-122
-152
-180
-210
-235
-257
-279
-296
-309
-318
-320
-319
-312
-304
-294
-281
-268
-253
-234
-218
-203
-188
-174
-159
-144
-129
-114
-98
-80
-63
-48
-31
-14
3
23
44
68
92
119
146
171
194
216
236
255
273
286
296
301
300
295
286
275
263
250
235
223
210
199
186
174
161
149
137
124
110
97
81
63
44
25
2
-23
-49
-78
-108
-137
-167
-194
-218
-238
-255
-267
-273
-275
-272
-266
-259
-249
-237
-225
-209
-194
-181
-170
-159
-147
-136
-125
-113
-100
-87
-72
-58
-44
-28
-11
5
24
42
62
83
104
127
147
167
185
200
211
221
228
231
232
229
224
217
207
196
183
169
156
144
131
118
107
96
84
74
62
51
41
27
15
1
-16
-34
-56
-80
-104
-128
-151
-173
-195
-213
-229
-241
-249
-254
-255
-251
-242
-235
-226
-213
-197
-179
-163
-148
-135
-123
-113
-107
-101
-95
-88
-81
-70
-58
-45
-29
-13
2
21
42
65
89
113
136
157
177
195
210
225
236
245
250
252
252
249
245
240
233
223
215
204
194
185
176
170
163
158
150
139
129
119
105
90
73
54
31
8
-19
-45
-71
-98
-124
-147
-169
-189
-206
-220
-232
-239
-244
-246
-248
-246
-243
-240
-233
-226
-219
-213
-206
-202
-196
-190
-186
-178
-171
-161
-152
-141
-128
-114
-95
-73
-51
-26
-1
23
47
70
91
111
128
142
155
165
171
175
178
179
179
179
179
179
179
177
176
177
179
180
182
182
182
181
181
181
177
171
164
153
140
123
104
83
61
37
13
-12
-34
-55
-76
-96
-112
-125
-136
-142
-150
-156
-158
-157
-158
-157
-160
-163
-167
-173
-177
-182
-185
-187
-188
-187
-185
-179
-171
-161
-150
-135
-116
-95
-75
-52
-30
-10
8
28
45
58
71
80
86
93
99
104
108
113
117
122
123
128
132
137
144
152
161
168
175
180
185
187
186
185
180
174
163
152
137
122
103
83
59
35
11
-13
-34
-56
-74
-90
-105
-117
-130
-139
-145
-150
-151
-154
-158
-162
-165
-170
-177
-183
-188
-192
-197
-199
-203
-203
-202
-197
-190
-181
-168
-154
-138
-119
-100
-81
-62
-43
-23
-5
11
26
39
52
64
75
85
94
103
111
120
127
138
148
158
170
183
196
208
219
231
240
247
252
255
254
251
244
236
226
212
196
178
156
134
112
91
70
50
31
12
-5
-24
-39
-55
-66
-78
-91
-103
-116
-128
-140
-153
-168
-181
-193
-204
-213
-220
-226
-232
-235
-237
-236
-234
-228
-220
-209
-197
-183
-169
-154
-140
-126
-115
-103
-91
-80
-69
-59
-47
-35
-24
-12
2
13
31
47
61
77
93
108
123
137
154
167
181
193
203
211
217
224
227
230
229
227
220
212
204
193
180
166
149
134
118
101
85
69
53
36
19
2
-14
-31
-49
-67
-84
-99
-115
-129
-142
-156
-167
-178
-184
-191
-195
-197
-198
-196
-196
-193
-192
-186
-180
-174
-166
-157
-148
-139
-128
-119
-109
-98
-88
-74
-61
-49
-34
-19
-2
14
31
49
64
80
95
110
128
142
156
168
176
185
191
196
200
201
201
203
203
203
201
197
190
183
174
164
156
143
128
113
99
82
67
50
32
16
-1
-17
-32
-47
-64
-79
-94
-109
-123
-136
-147
-157
-165
-173
-179
-183
-185
-186
-186
-185
-181
-179
-176
-172
-167
-162
-156
-149
-143
-136
-128
-117
-107
-98
-87
-75
-61
-48
-35
-21
-6
10
25
39
53
67
82
95
109
123
135
146
156
164
171
177
184
187
189
189
190
188
185
179
172
165
156
147
135
123
110
96
81
66
51
36
19
4
-11
-24
-38
-51
-64
-78
-90
-103
-112
-121
-130
-138
-146
-152
-157
-161
-164
-166
-168
-168
-168
-165
-163
-161
-157
-153
-147
-139
-131
-119
-109
-96
-84
-70
-55
-40
-26
-12
4
20
36
52
67
82
97
109
124
138
148
159
167
175
180
185
188
191
190
189
186
181
179
172
167
159
148
137
123
112
100
86
71
57
42
27
13
-1
-15
-30
-44
-57
-71
-84
-98
-110
-122
-134
-145
-154
-162
-172
-177
-181
-188
-193
-195
-197
-197
-193
-189
-184
-180
-172
-164
-154
-143
-131
-118
-106
-93
-80
-67
-55
-42
-28
-13
2
16
31
45
61
74
88
102
115
129
141
154
165
176
184
192
197
202
205
209
209
206
203
197
190
183
174
166
156
143
129
115
102
88
74
59
45
28
12
-5
-20
-37
-52
-67
-84
-100
-116
-131
-144
-156
-166
-174
-182
-189
-194
-196
-196
-195
-192
-188
-183
-178
-170
-161
-151
-139
-128
-117
-106
-95
-86
-75
-62
-50
-39
-26
-12
0
14
28
43
59
74
87
101
116
129
141
150
160
168
175
180
183
184
185
184
181
176
169
160
151
140
128
116
103
92
80
68
54
41
26
13
0
-15
-28
-42
-56
-69
-81
-92
-105
-115
-124
-135
-144
-150
-157
-161
-163
-167
-167
-164
-163
-159
-157
-152
-147
-142
-133
-123
-115
-104
-96
-87
-76
-64
-53
-41
-30
-17
-3
11
26
42
57
72
86
100
114
126
137
148
156
163
169
173
177
179
179
178
176
173
167
162
155
146
137
127
118
106
95
83
72
61
47
35
24
11
-1
-13
-27
-40
-55
-67
-80
-91
-100
-111
-122
-132
-140
-146
-151
-156
-159
-161
-161
-163
-163
-162
-158
-153
-147
-141
-133
-126
-117
-108
-99
-88
-77
-66
-54
-44
-32
-19
-7
5
18
31
44
55
66
78
90
100
110
118
125
131
137
141
145
146
147
147
147
145
142
138
132
127
119
111
102
93
84
73
62
49
35
20
7
-9
-23
-38
-50
-62
-74
-86
-98
-109
-119
-126
-132
-137
-140
-143
-143
-144
-144
-144
-142
-139
-134
-130
-125
-120
-113
-106
-100
-93
-84
-75
-66
-56
-45
-33
-21
-7
8
22
35
50
65
80
96
111
125
138
149
159
168
176
181
187
191
194
194
195
194
192
189
183
178
173
166
159
149
137
125
112
97
80
62
44
25
4
-17
-37
-57
-77
-97
-117
-137
-156
-174
-191
-205
-218
-228
-235
-240
-243
-245
-245
-246
-244
-241
-235
-227
-219
-210
-200
-190
-177
-164
-149
-134
-119
-102
-83
-64
-45
-24
-5
15
35
56
75
94
112
131
150
166
185
201
213
227
237
246
253
258
260
261
259
258
254
248
242
237
227
218
205
192
178
161
144
125
103
82
59
35
10
-15
-37
-60
-83
-105
-126
-147
-165
-183
-200
-215
-227
-238
-248
-255
-260
-263
-267
-266
-264
-260
-255
-249
-241
-232
-223
-212
-201
-188
-174
-158
-141
-124
-105
-85
-62
-40
-14
9
35
60
84
108
132
155
178
200
220
237
254
267
280
290
296
302
305
307
306
302
298
289
277
265
251
236
219
200
178
157
132
106
79
50
20
-11
-39
-68
-96
-125
-152
-177
-202
-224
-243
-260
-274
-287
-297
-305
-311
-313
-314
-313
-309
-304
-297
-288
-278
-267
-254
-238
-221
-200
-180
-159
-136
-112
-86
-61
-35
-10
15
39
62
86
108
130
149
165
182
196
208
219
229
236
243
246
249
249
249
249
248
247
243
238
234
227
221
213
203
193
181
170
155
141
125
106
87
68
46
25
3
-20
-42
-66
-89
-111
-132
-151
-169
-186
-199
-210
-220
-226
-231
-237
-239
-239
-236
-231
-225
-218
-210
-201
-189
-177
-165
-153
-137
-122
-106
-90
-74
-57
-41
-24
-7
8
24
37
50
63
78
90
102
114
124
132
142
151
157
163
170
174
177
181
183
185
185
182
180
175
170
161
150
137
123
107
88
69
49
28
7
-15
-38
-57
-80
-100
-119
-135
-150
-163
-172
-180
-187
-192
-195
-194
-190
-186
-180
-173
-164
-155
-145
-134
-123
-113
-103
-91
-80
-70
-60
-50
-40
-31
-21
-12
-1
9
18
28
40
52
61
74
85
97
109
120
129
138
147
154
161
168
172
176
178
181
179
178
176
171
167
160
152
143
133
122
110
96
80
65
50
35
19
3
-12
-29
-43
-58
-72
-87
-99
-110
-121
-130
-137
-145
-151
-157
-161
-165
-167
-169
-172
-172
-171
-171
-169
-165
-160
-154
-148
-139
-129
-119
-107
-96
-82
-69
-55
-42
-26
-12
3
19
33
48
62
74
85
96
107
115
121
126
130
135
137
138
141
140
138
137
137
136
132
130
125
119
114
108
102
95
87
79
71
62
53
43
32
21
10
-3
-13
-27
-40
-53
-67
-79
-92
-102
-110
-118
-124
-130
-136
-137
-139
-140
-137
-135
-130
-125
-119
-112
-102
-93
-83
-72
-62
-52
-43
-33
-23
-14
-4
5
13
20
26
32
39
44
46
50
54
57
62
64
67
73
76
79
83
87
91
94
96
98
100
99
100
98
100
97
93
89
81
75
67
58
47
35
26
13
2
-10
-20
-32
-41
-51
-59
-66
-72
-78
-82
-85
-89
-89
-89
-89
-89
-88
-86
-83
-79
-77
-72
-68
-67
-64
-60
-58
-55
-52
-49
-46
-42
-37
-33
-28
-23
-18
-13
-8
-2
3
8
13
19
24
30
34
40
47
53
59
64
70
73
76
80
82
83
83
81
79
76
72
68
64
59
57
52
46
41
35
28
19
13
5
-1
-8
-14
-19
-24
-31
-36
-41
-44
-48
-52
-56
-60
-65
-68
-71
-73
-74
-75
-76
-75
-73
-73
-70
-64
-60
-54
-48
-40
-32
-25
-17
-9
0
9
18
26
33
38
43
47
49
51
53
53
53
53
53
53
53
53
52
53
53
53
53
54
55
57
58
60
62
61
60
60
59
56
52
47
42
34
25
18
10
1
-8
-17
-26
-35
-45
-56
-64
-71
-79
-84
-88
-92
-94
-96
-96
-95
-95
-92
-90
-87
-84
-81
-77
-71
-67
-62
-57
-52
-47
-43
-36
-30
-25
-19
-12
-6
1
7
13
21
28
33
38
45
50
55
61
67
72
75
79
83
86
88
91
92
92
93
95
95
93
89
86
83
77
71
63
55
46
38
27
17
8
-1
-10
-18
-24
-32
-38
-44
-50
-54
-57
-61
-63
-65
-67
-69
-70
-71
-75
-76
-78
-80
-80
-80
-80
-80
-78
-77
-74
-70
-66
-63
-57
-51
-43
-35
-26
-18
-9
-1
6
14
21
26
32
37
41
44
46
47
47
48
49
51
53
56
58
60
63
64
66
67
69
70
69
69
68
65
64
61
58
55
52
47
43
36
29
24
19
14
9
1
-4
-9
-16
-21
-26
-32
-39
-45
-50
-57
-63
-67
-71
-76
-79
-83
-85
-86
-86
-86
-85
-82
-78
-74
-70
-65
-59
-54
-47
-41
-33
-27
-21
-16
-10
-4
0
4
8
10
11
12
16
19
24
27
31
37
43
49
57
63
69
76
81
86
87
89
89
88
86
84
80
74
68
61
52
43
34
27
20
12
4
-4
-10
-14
-17
-20
-23
-26
-27
-28
-29
-30
-31
-32
-33
-34
-36
-36
-38
-40
-43
-44
-45
-46
-46
-45
-45
-44
-44
-43
-41
-39
-36
-32
-28
-24
-22
-18
-14
-11
-7
-5
-3
-2
1
4
6
6
8
10
13
16
19
23
28
30
35
38
41
43
46
48
48
46
44
41
38
34
30
25
22
18
13
9
5
1
0
-1
-3
-4
-7
-8
-11
-13
-16
-18
-20
-23
-25
-27
-31
-35
-39
-43
-48
-52
-56
-58
-61
-62
-61
-58
-57
-53
-49
-41
-32
-24
-16
-7
2
10
16
23
27
32
36
38
40
41
42
42
42
43
43
42
44
44
45
46
46
47
47
47
48
48
49
48
45
44
41
39
35
31
27
22
16
12
7
2
-3
-7
-12
-16
-19
-23
-24
-27
-29
-33
-36
-40
-43
-47
-52
-55
-58
-59
-63
-62
-63
-61
-59
-57
-53
-48
-45
-39
-32
-28
-22
-16
-10
-5
0
5
8
12
13
15
18
20
20
21
22
23
23
25
25
27
27
28
30
33
33
34
36
37
38
39
38
37
36
35
33
29
26
20
15
12
8
3
-2
-6
-11
-14
-17
-19
-20
-21
-24
-25
-27
-28
-29
-29
-29
-31
-32
-33
-34
-36
-36
-35
-33
-31
-31
-29
-26
-24
-20
-17
-11
-6
-4
0
5
8
13
17
22
25
28
31
32
33
35
36
35
37
38
38
39
38
39
42
42
41
41
42
41
42
41
41
39
38
35
31
26
25
21
16
12
6
1
-5
-12
-17
-23
-26
-31
-35
-38
-44
-48
-51
-55
-58
-59
-63
-65
-68
-70
-70
-72
-73
-76
-74
-74
-72
-69
-67
-65
-61
-56
-51
-45
-39
-34
-26
-19
-11
-2
5
12
19
24
31
37
42
46
50
54
57
59
62
64
68
70
72
75
77
77
76
75
75
75
71
68
63
58
54
50
44
39
34
28
23
17
13
7
4
2
-2
-6
-9
-11
-11
-14
-15
-15
-16
-18
-22
-25
-29
-32
-36
-41
-46
-51
-56
-61
-63
-66
-69
-70
-70
-68
-68
-67
-64
-62
-59
-56
-52
-47
-43
-38
-33
-28
-22
-18
-12
-6
-1
7
12
16
22
26
30
35
38
43
45
48
50
52
54
56
57
57
57
57
58
56
54
53
50
47
44
42
39
36
31
28
24
19
14
11
6
2
-2
-7
-10
-15
-19
-21
-24
-26
-29
-32
-35
-37
-39
-42
-43
-44
-44
-45
-44
-44
-43
-41
-40
-36
-32
-31
-29
-26
-25
-20
-18
-17
-15
-13
-13
-12
-9
-6
-2
1
2
5
7
12
15
18
21
24
27
28
29
31
32
32
33
33
33
33
32
30
27
27
25
24
22
19
19
17
16
13
12
10
9
8
5
3
1
-1
-3
-7
-9
-11
-12
-15
-18
-20
-20
-21
-23
-25
-25
-27
-28
-30
-30
-29
-30
-28
-27
-25
-24
-22
-19
-16
-13
-11
-9
-5
-2
1
4
6
8
12
15
17
21
23
26
30
31
33
34
35
35
34
33
32
30
27
25
23
19
15
11
8
5
3
1
-2
-5
-6
-7
-8
-11
-12
-13
-14
-14
-13
-14
-14
-14
-14
-15
-14
-16
-17
-18
-20
-20
-21
-21
-21
-22
-23
-22
-21
-21
-19
-18
-16
-15
-13
-12
-12
-11
-10
-8
-6
-4
-1
1
1
5
6
8
10
13
15
17
19
23
24
25
27
30
30
30
29
30
30
28
26
23
21
18
16
14
11
8
4
2
-1
-1
-3
-5
-7
-8
-8
-9
-12
-12
-15
-17
-16
-18
-17
-19
-20
-21
-21
-22
-22
-23
-24
-23
-23
-24
-23
-22
-21
-19
-19
-16
-15
-14
-11
-11
-8
-4
-3
1
3
5
8
9
12
13
14
14
14
14
16
17
18
19
21
21
23
24
26
26
28
28
28
29
29
27
26
24
23
21
18
17
16
13
12
10
9
7
5
5
3
2
1
-1
-5
-6
-9
-10
-13
-16
-17
-20
-21
-22
-24
-25
-26
-27
-28
-27
-26
-25
-23
-23
-21
-21
-19
-19
-18
-16
-15
-13
-12
-11
-10
-9
-8
-8
-7
-6
-6
-7
-4
-4
-2
1
1
4
7
9
11
14
15
17
19
20
22
21
23
24
23
23
23
21
21
18
15
14
12
10
9
7
6
3
2
1
1
1
2
1
1
1
-1
-2
-4
-6
-6
-6
-10
-12
-14
-15
-16
-15
-16
-18
-20
-22
-23
-22
-24
-24
-23
-23
-23
-22
-21
-19
-18
-17
-16
-13
-10
-6
-4
0
1
4
7
9
11
13
15
16
17
17
17
18
17
17
16
16
16
17
15
15
14
14
15
14
13
12
13
12
11
10
10
10
10
9
8
9
10
10
9
9
9
6
5
4
4
3
2
0
-2
-4
-5
-5
-6
-8
-9
-9
-9
-9
-9
-11
-10
-8
-7
-5
-3
-3
-2
-2
-1
1
1
1
2
2
2
4
4
4
5
4
6
6
5
5
4
4
3
1
0
-1
-3
-5
-7
-6
-7
-8
-8
-9
-10
-10
-10
-10
-10
-10
-11
-14
-13
-14
-15
-15
-15
-16
-17
-16
-16
-17
-16
-17
-18
-16
-18
-16
-16
-17
-15
-13
-11
-9
-8
-6
-4
-1
1
3
4
7
8
7
8
10
11
11
12
12
12
12
12
