19
18
16
14
13
10
8
6
5
4
1
0
0
0
1
1
2
2
2
1
3
1
2
2
1
1
1
0
0
-2
-2
-1
-1
-1
0
1
2
2
3
4
6
7
8
7
7
6
5
5
4
4
1
1
-2
0
-1
0
1
2
2
1
2
2
2
1
1
1
1
0
-1
-3
-5
-7
-9
-9
-12
-14
-16
-17
-18
-19
-20
-20
-21
-22
-24
-25
-26
-27
-27
-29
-29
-31
-32
-33
-32
-34
-32
-32
-33
-32
-31
-31
-30
-29
-28
-28
-27
-27
-26
-25
-24
-23
-23
-21
-22
-21
-21
-21
-21
-20
-20
-19
-19
-16
-15
-13
-12
-10
-7
-5
-3
0
1
3
3
3
3
4
5
4
4
4
3
3
4
4
5
4
4
6
5
7
8
10
11
12
13
13
12
12
12
11
11
11
10
11
11
9
10
11
13
13
14
15
15
15
15
15
17
17
17
17
16
14
13
13
12
10
10
11
10
11
13
14
15
17
17
18
21
21
21
21
20
19
20
16
16
14
13
13
12
12
10
10
10
10
11
10
11
12
13
14
12
12
11
10
10
8
9
8
8
7
6
5
5
4
3
4
2
3
3
1
1
0
-1
-1
-2
-3
-5
-5
-7
-8
-9
-10
-10
-12
-12
-13
-13
-13
-12
-11
-11
-9
-9
-8
-8
-8
-8
-7
-6
-6
-7
-7
-7
-8
-9
-9
-8
-7
-7
-6
-5
-3
-2
-1
-1
1
2
3
4
5
6
7
8
10
11
11
11
10
10
11
11
11
11
11
10
10
11
12
13
12
12
14
12
13
12
11
9
7
6
5
5
4
3
2
2
2
0
1
2
2
2
2
1
1
0
0
-3
-4
-6
-8
-9
-10
-12
-14
-15
-18
-18
-18
-18
-18
-19
-16
-16
-16
-15
-15
-14
-15
-14
-14
-14
-15
-15
-15
-15
-14
-14
-13
-12
-12
-13
-12
-12
-12
-11
-10
-10
-10
-10
-9
-10
-10
-10
-10
-10
-11
-11
-11
-10
-11
-11
-11
-11
-11
-11
-10
-9
-11
-11
-10
-11
-14
-14
-15
-16
-17
-19
-19
-21
-22
-22
-22
-21
-22
-21
-20
-19
-18
-17
-15
-14
-13
-11
-12
-10
-11
-9
-9
-8
-7
-7
-4
-3
-3
-2
-1
-2
1
3
5
7
9
10
11
12
13
13
14
14
15
16
16
16
17
17
18
20
21
23
23
24
25
26
26
26
26
25
25
25
24
23
23
22
19
19
19
18
17
17
17
15
15
14
14
13
14
14
13
12
13
13
13
14
12
13
12
12
12
12
12
12
13
12
12
12
12
14
14
13
13
12
13
13
12
12
13
13
13
13
14
13
14
16
16
16
17
17
17
19
18
17
18
16
16
16
16
15
13
13
14
12
13
11
11
10
9
8
9
7
8
9
9
9
8
8
6
5
4
2
2
1
0
-1
-2
-2
-3
-3
-4
-5
-7
-7
-9
-10
-11
-12
-14
-15
-16
-16
-18
-17
-18
-20
-20
-22
-21
-21
-22
-21
-21
-23
-22
-24
-24
-24
-24
-24
-26
-28
-30
-31
-31
-33
-34
-34
-36
-35
-36
-38
-38
-39
-39
-38
-37
-35
-34
-34
-33
-32
-30
-30
-30
-29
-29
-28
-26
-26
-26
-23
-22
-20
-19
-17
-15
-13
-12
-12
-12
-11
-11
-10
-8
-8
-8
-7
-6
-5
-5
-4
-2
-1
-1
0
0
1
2
2
3
3
4
5
6
6
7
8
8
9
8
7
6
6
7
7
8
9
9
9
11
12
13
14
15
16
15
16
16
17
17
18
20
21
22
22
22
22
22
22
23
23
23
22
21
22
23
23
22
21
21
20
19
18
18
19
18
17
18
17
17
16
16
16
17
16
14
14
12
10
11
10
8
7
7
7
6
6
6
6
4
3
2
1
-1
-2
-2
-3
-3
-3
-3
-4
-5
-5
-4
-4
-4
-5
-5
-5
-6
-5
-4
-3
-1
-1
1
2
3
3
4
4
3
3
3
4
3
6
6
8
8
10
11
11
11
11
11
10
11
11
9
9
8
8
7
6
6
6
5
6
6
6
4
4
2
2
2
2
0
-1
-1
-2
-3
-4
-6
-6
-7
-9
-9
-8
-8
-8
-7
-7
-6
-7
-8
-8
-7
-7
-8
-9
-10
-9
-9
-9
-8
-8
-10
-10
-9
-9
-9
-8
-8
-7
-7
-6
-6
-4
-4
-3
-2
-3
-1
-2
-1
-1
-2
-2
-4
-4
-4
-3
-3
-4
-2
-3
-3
-2
-4
-5
-6
-7
-7
-7
-7
-7
-8
-8
-8
-9
-9
-9
-10
-10
-11
-11
-11
-11
-11
-11
-9
-9
-8
-8
-7
-7
-8
-8
-8
-10
-10
-10
-8
-7
-9
-6
-6
-7
-6
-7
-5
-4
-3
-3
-4
-3
-5
-3
-3
-3
-4
-4
-4
-3
-3
-4
-5
-4
-5
-4
-4
-4
-3
-4
-3
-1
-1
-1
1
1
0
-1
-2
-3
-3
-3
-3
-3
-3
-2
-2
-2
-1
-1
-2
-2
-1
0
-2
-1
-1
0
0
-1
-1
-2
-2
-3
-3
-3
-4
-5
-5
-4
-3
-4
-2
-2
-2
-1
-1
-1
-1
0
0
0
-1
0
-1
-1
2
2
2
2
4
4
4
3
4
5
6
7
8
6
8
9
10
10
13
13
14
16
16
17
19
19
19
21
23
24
24
25
25
26
27
27
29
30
31
31
31
32
32
32
32
33
34
33
34
34
33
35
32
31
30
29
29
28
28
27
26
24
22
22
20
17
16
14
12
10
7
6
3
1
0
-1
-2
-4
-6
-8
-10
-14
-16
-18
-20
-20
-22
-23
-23
-22
-24
-23
-25
-24
-24
-24
-24
-24
-24
-25
-25
-25
-26
-25
-25
-24
-25
-24
-24
-25
-23
-23
-22
-22
-21
-21
-19
-17
-17
-16
-14
-15
-14
-14
-12
-13
-12
-11
-11
-12
-11
-9
-9
-9
-8
-7
-5
-6
-6
-8
-8
-8
-10
-10
-9
-11
-11
-10
-9
-9
-9
-10
-10
-11
-11
-10
-8
-6
-5
-5
-4
-4
-3
-4
-4
-3
-3
-4
-4
-4
-3
-4
-3
-1
-2
1
0
1
4
4
5
6
8
9
7
7
6
6
5
3
4
4
4
4
2
3
5
6
6
8
9
9
10
8
8
10
9
8
5
1
-1
-4
-6
-8
-9
-9
-12
-15
-15
-13
-9
-11
-11
-11
-13
-16
-17
-17
-15
-17
-22
-23
-23
-24
-20
-16
-16
-13
-14
-16
-16
-15
-16
-12
-12
-13
-11
-11
-10
-7
-7
-4
-1
-1
-4
-6
-8
-9
-7
-6
-2
5
10
10
15
20
25
31
29
29
31
29
28
27
29
31
32
27
23
25
28
30
33
33
36
37
31
29
34
35
38
38
37
39
39
35
34
35
33
32
31
28
28
31
27
26
26
26
28
28
23
23
20
14
11
6
2
2
0
-5
-5
-5
-6
-4
-8
-16
-16
-17
-19
-12
-7
-2
2
-3
-7
-3
2
6
9
6
0
-5
-16
-22
-19
-13
-9
-9
-14
-16
-11
-11
-5
5
7
4
-5
-18
-18
-15
-12
-9
-4
-6
-10
-15
-21
-16
-3
2
6
4
-7
-13
-18
-21
-11
1
6
9
3
-4
-6
-5
-5
-1
-2
-10
-20
-28
-33
-27
-20
-18
-17
-23
-31
-29
-25
-16
-2
3
-2
-10
-23
-26
-17
-9
-6
-5
-9
-16
-23
-27
-20
-3
4
4
3
1
2
2
-2
0
7
3
-6
-8
-2
9
9
-2
-10
-12
-20
-24
-14
6
27
25
2
-19
-27
-35
-28
-4
26
43
26
-13
-37
-42
-31
-3
41
84
73
-3
-86
-119
-99
-53
-1
51
92
81
-9
-104
-117
-61
26
91
103
85
32
-61
-127
-115
-34
68
127
115
58
-13
-72
-76
-4
96
184
179
54
-71
-135
-139
-53
66
133
144
58
-87
-196
-212
-118
47
203
217
86
-60
-189
-233
-188
-118
64
198
142
10
-167
-227
-157
-96
-40
19
91
55
-92
-196
-229
-164
-74
-76
-67
-6
-21
-60
-84
-70
31
68
29
9
-2
5
-4
-8
33
113
143
83
35
11
24
57
82
139
190
176
115
72
67
80
105
126
165
198
169
128
122
134
149
154
141
131
133
106
73
77
93
111
111
90
68
46
22
2
2
5
10
16
7
-10
-34
-60
-80
-87
-86
-66
-39
-15
4
-2
-33
-71
-108
-122
-97
-51
-2
34
33
-10
-74
-124
-136
-113
-67
-20
0
-18
-65
-109
-131
-119
-74
-33
-4
12
1
-14
-20
-8
27
61
77
74
54
33
23
22
41
59
72
68
45
24
-4
-26
-28
-24
-8
6
1
-7
-22
-37
-42
-42
-39
-38
-32
-30
-34
-30
-30
-26
-21
-31
-37
-50
-63
-70
-81
-93
-96
-93
-104
-121
-134
-149
-159
-171
-186
-193
-197
-196
-183
-175
-164
-155
-155
-147
-145
-131
-98
-51
2
47
85
101
100
106
108
129
169
208
250
269
266
249
226
219
227
251
267
265
255
229
199
176
158
153
154
148
136
124
106
96
90
80
70
51
32
15
6
-4
-12
-23
-44
-67
-89
-108
-122
-140
-160
-181
-212
-255
-305
-345
-374
-397
-418
-436
-447
-460
-474
-489
-496
-483
-453
-417
-373
-328
-287
-247
-204
-158
-101
-29
47
120
188
234
272
311
355
402
446
486
513
530
532
517
508
504
501
498
481
460
431
390
354
322
300
273
245
215
188
168
150
131
119
105
83
52
15
-13
-31
-44
-61
-87
-124
-168
-217
-267
-311
-345
-380
-424
-474
-537
-597
-647
-681
-700
-711
-718
-722
-724
-714
-685
-635
-564
-484
-396
-310
-234
-164
-92
0
108
223
333
440
528
599
654
697
740
780
815
834
835
821
792
759
718
677
633
582
532
480
423
379
345
317
286
246
207
162
122
89
69
61
46
23
-13
-55
-104
-155
-203
-245
-286
-340
-410
-484
-565
-643
-716
-780
-833
-880
-927
-971
-1007
-1033
-1041
-1028
-992
-932
-861
-783
-698
-603
-494
-379
-254
-121
17
152
278
399
515
628
734
827
907
970
1013
1038
1044
1043
1033
1015
988
943
892
833
761
691
630
577
524
475
427
377
329
283
237
201
174
146
108
70
34
-9
-53
-97
-143
-192
-250
-316
-394
-471
-547
-624
-697
-765
-833
-903
-972
-1037
-1093
-1140
-1170
-1183
-1179
-1155
-1116
-1061
-994
-913
-820
-718
-605
-483
-356
-223
-89
43
168
285
396
501
597
681
755
817
860
892
906
900
883
853
815
775
732
688
631
573
516
452
398
351
307
269
228
194
159
123
89
51
23
-2
-28
-55
-84
-109
-145
-190
-232
-276
-327
-377
-426
-475
-525
-580
-634
-684
-731
-775
-817
-845
-863
-872
-870
-854
-817
-764
-698
-624
-545
-456
-359
-261
-158
-43
71
178
281
373
465
556
637
710
776
834
877
900
907
907
904
892
864
835
804
760
710
653
601
560
514
473
437
397
353
306
263
226
194
165
135
108
76
37
-3
-41
-80
-117
-153
-192
-233
-284
-340
-394
-441
-488
-535
-578
-617
-657
-696
-731
-753
-761
-759
-742
-717
-687
-646
-595
-532
-461
-381
-296
-215
-133
-55
26
106
187
266
346
420
479
526
571
610
638
656
667
672
665
647
620
587
557
526
488
451
413
377
341
306
278
248
214
182
148
119
86
54
25
1
-27
-59
-88
-120
-155
-191
-229
-268
-305
-346
-387
-425
-466
-507
-548
-583
-615
-643
-664
-686
-695
-696
-686
-664
-635
-597
-550
-494
-433
-372
-301
-227
-153
-77
-5
69
144
215
282
343
400
450
492
527
557
575
585
589
581
562
537
511
487
457
428
396
358
325
286
249
223
190
162
131
95
61
19
-18
-49
-77
-98
-125
-157
-186
-221
-252
-283
-319
-350
-384
-419
-450
-488
-525
-555
-585
-612
-637
-663
-676
-686
-686
-672
-654
-622
-582
-538
-481
-422
-355
-280
-208
-134
-63
11
89
156
225
295
358
416
465
514
559
594
621
637
652
654
648
637
619
604
583
556
533
507
484
460
434
413
387
359
332
306
277
243
209
179
149
119
87
59
31
4
-29
-62
-99
-136
-175
-213
-252
-294
-336
-377
-415
-451
-484
-509
-527
-539
-547
-546
-535
-515
-489
-454
-413
-365
-315
-261
-208
-156
-102
-48
5
55
109
162
208
251
290
325
361
382
396
407
415
414
405
392
378
360
337
315
290
270
250
225
204
182
163
141
116
95
72
42
19
-3
-25
-48
-69
-87
-106
-126
-147
-167
-190
-217
-243
-268
-291
-316
-343
-366
-386
-403
-418
-435
-445
-450
-448
-439
-424
-402
-370
-337
-299
-255
-210
-162
-114
-62
-10
43
95
143
191
242
283
321
356
390
424
447
470
487
498
506
499
490
480
463
447
425
403
383
359
334
314
295
276
252
229
203
175
145
114
87
59
28
2
-26
-55
-83
-108
-130
-151
-175
-203
-229
-256
-284
-311
-339
-368
-393
-415
-437
-454
-468
-474
-473
-466
-450
-424
-396
-367
-334
-295
-259
-218
-174
-132
-86
-41
1
45
88
132
169
206
243
271
295
311
320
334
336
332
329
319
306
285
262
246
229
206
185
167
150
125
103
75
48
22
-11
-43
-69
-95
-126
-154
-177
-202
-224
-249
-274
-296
-321
-345
-369
-393
-417
-443
-466
-489
-510
-528
-545
-550
-549
-547
-535
-513
-488
-454
-411
-366
-311
-253
-193
-131
-69
-9
52
111
168
231
291
344
394
442
487
528
563
589
615
636
649
653
652
650
639
622
603
582
559
534
504
477
452
423
392
357
318
275
228
181
142
97
53
13
-31
-70
-111
-155
-192
-229
-268
-307
-346
-380
-416
-455
-484
-513
-538
-562
-585
-593
-596
-597
-582
-562
-533
-494
-456
-410
-357
-301
-242
-181
-114
-48
19
86
148
209
274
328
381
437
489
538
579
610
638
661
669
672
672
665
655
635
611
588
559
527
489
453
419
376
333
288
236
185
125
63
9
-50
-109
-166
-221
-273
-322
-371
-417
-460
-500
-544
-581
-615
-652
-685
-713
-736
-757
-772
-784
-786
-780
-768
-746
-712
-675
-628
-573
-515
-447
-375
-305
-228
-153
-73
7
87
165
241
319
391
453
516
575
628
679
714
746
775
788
792
789
781
768
745
718
686
653
614
566
518
475
423
370
316
255
192
125
56
-15
-82
-155
-222
-286
-348
-405
-462
-511
-557
-603
-645
-685
-720
-752
-785
-811
-828
-845
-856
-863
-863
-855
-839
-816
-782
-741
-688
-625
-561
-488
-409
-330
-246
-158
-72
22
112
199
285
369
452
523
595
667
728
786
833
869
905
931
944
951
948
940
925
902
875
844
808
765
715
665
610
547
486
419
346
274
194
113
36
-48
-127
-200
-275
-342
-410
-473
-529
-588
-640
-691
-739
-781
-825
-861
-891
-921
-943
-961
-972
-977
-972
-956
-928
-893
-845
-785
-719
-644
-559
-475
-384
-288
-194
-93
9
110
207
303
401
487
570
655
726
795
858
904
952
989
1013
1030
1034
1033
1022
998
967
931
888
836
778
719
660
586
513
437
352
270
180
89
4
-87
-180
-263
-344
-422
-496
-564
-625
-684
-739
-791
-840
-878
-915
-950
-979
-1000
-1015
-1027
-1031
-1025
-1011
-990
-952
-903
-847
-774
-694
-609
-509
-405
-300
-190
-78
35
148
263
373
478
586
687
780
868
951
1027
1098
1156
1211
1258
1291
1306
1312
1308
1288
1261
1221
1173
1120
1058
985
910
834
748
656
563
461
360
254
142
34
-75
-188
-294
-399
-499
-598
-692
-780
-863
-938
-1010
-1075
-1133
-1189
-1241
-1285
-1322
-1351
-1373
-1387
-1393
-1385
-1364
-1334
-1288
-1231
-1160
-1074
-981
-877
-764
-647
-523
-395
-265
-131
3
130
253
378
498
612
721
824
922
1013
1094
1163
1224
1277
1313
1335
1348
1346
1334
1306
1265
1218
1161
1098
1024
948
869
777
685
588
487
384
276
168
61
-47
-156
-260
-359
-458
-552
-640
-723
-801
-876
-944
-1005
-1061
-1112
-1159
-1197
-1231
-1256
-1275
-1284
-1285
-1272
-1248
-1211
-1161
-1097
-1018
-930
-834
-726
-615
-496
-373
-245
-114
15
146
270
391
513
627
736
839
938
1033
1120
1200
1266
1324
1372
1405
1420
1427
1422
1398
1366
1321
1263
1199
1124
1042
960
869
773
677
573
470
365
255
144
32
-80
-195
-309
-415
-524
-629
-724
-820
-911
-993
-1072
-1148
-1215
-1276
-1334
-1377
-1414
-1447
-1463
-1473
-1474
-1456
-1429
-1394
-1335
-1266
-1185
-1086
-982
-865
-737
-605
-471
-328
-182
-38
106
247
384
527
661
787
913
1029
1138
1240
1330
1415
1485
1543
1585
1606
1617
1614
1589
1559
1512
1451
1391
1313
1225
1141
1045
941
842
732
621
510
387
266
146
20
-105
-229
-352
-472
-593
-705
-810
-910
-1003
-1090
-1172
-1242
-1309
-1367
-1413
-1454
-1481
-1500
-1514
-1507
-1494
-1466
-1423
-1372
-1297
-1216
-1123
-1010
-895
-765
-629
-495
-347
-202
-57
93
231
376
519
652
781
899
1014
1123
1222
1314
1387
1456
1509
1534
1557
1559
1544
1520
1475
1421
1359
1285
1199
1107
1016
915
812
705
593
483
365
241
119
-3
-127
-253
-381
-499
-621
-739
-851
-955
-1049
-1139
-1222
-1296
-1359
-1419
-1472
-1513
-1547
-1569
-1583
-1588
-1580
-1562
-1531
-1484
-1425
-1345
-1256
-1156
-1038
-914
-778
-630
-485
-332
-173
-21
134
286
433
578
717
851
973
1095
1211
1307
1400
1480
1541
1602
1634
1647
1657
1644
1614
1579
1522
1459
1392
1305
1212
1123
1025
919
816
702
590
475
352
233
114
-7
-132
-258
-376
-494
-612
-720
-824
-921
-1010
-1096
-1172
-1237
-1300
-1360
-1404
-1439
-1468
-1481
-1490
-1494
-1476
-1449
-1417
-1361
-1291
-1213
-1117
-1008
-895
-768
-628
-494
-351
-197
-57
88
236
368
505
638
761
879
990
1096
1188
1276
1353
1409
1465
1501
1514
1522
1511
1483
1448
1398
1334
1266
1188
1099
1009
920
815
718
622
511
408
303
187
80
-30
-143
-256
-367
-475
-583
-685
-783
-875
-957
-1039
-1109
-1171
-1231
-1281
-1326
-1361
-1384
-1400
-1410
-1408
-1394
-1368
-1334
-1287
-1222
-1148
-1059
-958
-847
-726
-600
-467
-330
-193
-52
84
220
354
481
606
728
839
944
1042
1133
1216
1283
1346
1391
1425
1449
1450
1441
1423
1385
1336
1279
1210
1139
1061
967
879
791
692
598
500
398
303
202
99
0
-103
-207
-310
-412
-511
-610
-706
-796
-880
-961
-1032
-1098
-1158
-1209
-1251
-1289
-1317
-1336
-1347
-1348
-1340
-1321
-1291
-1254
-1203
-1141
-1066
-980
-882
-775
-660
-538
-409
-281
-148
-18
108
235
359
478
596
705
809
904
987
1072
1142
1198
1253
1288
1310
1328
1327
1315
1295
1259
1212
1161
1099
1033
963
882
806
730
647
567
481
391
306
216
124
38
-54
-147
-242
-338
-431
-522
-611
-698
-778
-854
-923
-985
-1040
-1090
-1132
-1164
-1191
-1207
-1215
-1216
-1207
-1186
-1156
-1119
-1070
-1012
-943
-862
-772
-676
-570
-457
-344
-227
-107
12
129
243
357
463
566
661
751
835
909
976
1034
1083
1122
1147
1166
1176
1170
1155
1130
1097
1055
1003
947
887
823
753
676
604
530
451
373
289
210
131
45
-39
-122
-209
-298
-384
-473
-556
-639
-722
-797
-865
-930
-990
-1040
-1085
-1122
-1151
-1170
-1184
-1188
-1183
-1171
-1145
-1111
-1071
-1021
-960
-891
-812
-724
-629
-526
-415
-302
-184
-62
56
174
293
407
518
626
727
821
906
982
1048
1107
1155
1193
1221
1236
1244
1241
1228
1205
1175
1136
1086
1030
968
902
832
758
677
599
520
434
350
264
177
93
10
-77
-163
-247
-336
-422
-503
-583
-660
-734
-805
-869
-925
-977
-1021
-1056
-1084
-1109
-1121
-1123
-1121
-1110
-1090
-1062
-1027
-986
-937
-879
-810
-736
-656
-566
-471
-370
-265
-158
-46
68
179
288
397
501
599
689
773
849
918
976
1027
1067
1101
1123
1133
1137
1134
1123
1099
1067
1030
984
929
871
804
732
660
579
494
413
325
236
151
64
-22
-106
-194
-277
-358
-438
-515
-589
-657
-723
-786
-843
-896
-941
-982
-1015
-1037
-1057
-1068
-1073
-1070
-1058
-1041
-1017
-987
-950
-907
-858
-804
-743
-677
-606
-528
-443
-356
-263
-165
-69
32
133
231
331
424
513
599
675
745
811
868
920
961
1001
1031
1050
1064
1069
1066
1057
1036
1008
973
929
876
819
756
685
612
536
454
376
293
209
131
53
-25
-100
-171
-240
-308
-375
-438
-498
-554
-607
-654
-698
-735
-765
-793
-812
-825
-833
-836
-832
-821
-808
-792
-772
-749
-723
-696
-664
-629
-590
-547
-503
-454
-400
-341
-281
-214
-145
-75
-3
69
139
212
280
345
408
466
523
575
621
664
702
736
762
784
801
810
814
809
796
780
757
722
687
646
596
546
491
432
373
314
250
193
138
80
25
-28
-81
-129
-177
-223
-266
-306
-344
-380
-409
-437
-462
-483
-502
-517
-527
-538
-547
-550
-551
-552
-548
-547
-544
-539
-534
-528
-518
-504
-487
-468
-442
-413
-378
-339
-296
-249
-195
-140
-84
-22
38
100
162
223
280
340
396
446
498
543
586
624
656
684
705
721
730
730
726
713
691
666
636
597
558
512
463
415
367
318
271
227
182
140
99
57
21
-16
-54
-91
-127
-163
-200
-236
-272
-308
-343
-378
-409
-440
-468
-497
-522
-546
-571
-593
-615
-638
-654
-672
-686
-697
-703
-707
-703
-693
-677
-653
-620
-583
-535
-479
-421
-357
-290
-219
-147
-73
1
72
144
212
277
344
404
462
517
565
610
648
679
705
721
732
737
734
726
710
690
667
640
613
581
550
519
488
459
428
399
367
334
299
264
225
184
139
94
47
-3
-53
-105
-159
-213
-266
-317
-367
-417
-467
-515
-565
-613
-659
-703
-743
-777
-808
-832
-850
-860
-864
-857
-841
-816
-781
-738
-688
-628
-565
-497
-423
-346
-268
-185
-103
-21
59
138
215
292
363
431
498
558
611
660
699
735
764
784
796
808
810
806
797
784
769
752
731
706
684
657
626
596
564
526
487
444
397
346
292
232
170
107
40
-28
-96
-166
-237
-307
-379
-448
-516
-582
-646
-706
-761
-813
-862
-902
-937
-965
-984
-996
-1000
-993
-982
-958
-925
-886
-837
-782
-720
-652
-578
-500
-418
-335
-246
-157
-70
20
107
192
276
356
435
508
575
637
696
748
795
836
872
902
924
943
955
961
963
960
951
937
919
895
865
835
797
758
713
665
613
557
497
432
365
294
219
139
58
-25
-110
-195
-281
-366
-449
-530
-607
-679
-747
-807
-859
-903
-943
-974
-999
-1016
-1026
-1027
-1023
-1011
-990
-965
-932
-892
-847
-795
-736
-674
-603
-531
-455
-376
-297
-215
-134
-52
31
110
188
262
336
408
475
538
597
655
703
748
785
821
850
874
893
906
911
909
900
888
871
849
819
787
750
706
657
606
549
487
418
345
269
192
108
21
-66
-153
-241
-329
-411
-491
-568
-641
-707
-767
-823
-870
-913
-949
-980
-1006
-1025
-1037
-1042
-1041
-1033
-1019
-1001
-974
-943
-903
-856
-806
-749
-686
-619
-547
-468
-388
-303
-217
-129
-40
52
145
237
331
421
510
597
680
758
829
899
963
1019
1070
1114
1151
1178
1201
1213
1217
1217
1206
1188
1162
1129
1086
1036
977
912
841
763
681
595
504
410
316
220
125
29
-65
-156
-246
-334
-420
-502
-580
-656
-729
-796
-859
-915
-969
-1016
-1055
-1089
-1116
-1134
-1148
-1155
-1154
-1150
-1137
-1117
-1095
-1067
-1030
-990
-942
-888
-827
-759
-683
-601
-515
-420
-320
-218
-113
-4
103
208
311
411
508
601
688
769
846
915
977
1033
1079
1121
1154
1177
1194
1203
1198
1185
1162
1129
1089
1039
979
911
840
762
683
600
517
432
348
262
178
96
11
-72
-156
-237
-319
-401
-481
-559
-634
-706
-771
-833
-887
-937
-981
-1018
-1048
-1074
-1092
-1103
-1109
-1108
-1101
-1088
-1068
-1043
-1009
-968
-920
-862
-795
-720
-637
-547
-448
-347
-243
-134
-25
84
192
298
403
504
601
689
776
855
926
993
1051
1102
1147
1183
1207
1224
1231
1227
1216
1194
1163
1122
1073
1016
958
894
823
752
677
600
523
443
364
284
203
120
36
-48
-134
-222
-306
-393
-479
-560
-642
-721
-795
-867
-934
-995
-1049
-1097
-1139
-1173
-1199
-1217
-1227
-1229
-1223
-1209
-1187
-1155
-1114
-1068
-1011
-944
-875
-796
-708
-620
-523
-423
-321
-214
-106
0
107
212
315
417
514
605
689
769
841
908
966
1017
1059
1092
1119
1135
1143
1144
1135
1123
1105
1079
1048
1012
971
923
872
816
756
692
624
551
477
399
317
234
150
64
-23
-110
-195
-279
-362
-442
-522
-600
-672
-741
-805
-863
-918
-964
-1004
-1038
-1061
-1076
-1084
-1083
-1073
-1054
-1029
-996
-957
-911
-859
-802
-743
-677
-607
-537
-464
-385
-306
-226
-143
-62
20
102
183
261
335
406
473
535
592
642
685
725
757
786
808
825
838
848
853
854
850
843
831
817
796
770
740
701
661
615
560
505
446
382
318
249
180
109
40
-27
-95
-161
-224
-286
-345
-400
-455
-506
-551
-594
-632
-666
-694
-715
-732
-743
-746
-746
-736
-721
-702
-675
-644
-610
-571
-528
-483
-435
-386
-335
-284
-232
-180
-128
-76
-26
24
74
123
170
216
261
304
345
383
420
453
484
513
537
560
578
593
604
610
615
615
611
603
592
577
555
531
503
470
434
396
353
309
262
212
163
113
64
12
-39
-90
-139
-186
-233
-278
-318
-358
-393
-424
-455
-481
-500
-517
-531
-538
-543
-544
-539
-531
-520
-504
-486
-464
-439
-414
-386
-355
-324
-293
-260
-227
-195
-162
-129
-96
-61
-28
5
39
73
107
141
176
211
241
274
302
329
353
373
394
409
420
430
437
439
438
435
428
418
407
391
372
354
331
306
279
248
215
181
143
105
67
25
-18
-59
-101
-143
-179
-217
-251
-282
-311
-337
-361
-379
-396
-410
-421
-431
-437
-438
-440
-439
-435
-429
-421
-408
-394
-377
-356
-332
-305
-274
-242
-209
-173
-137
-99
-62
-26
10
46
82
115
148
180
209
237
262
287
309
331
348
365
381
393
402
411
414
413
411
405
397
386
370
354
335
312
287
263
236
207
179
151
121
93
62
34
4
-25
-56
-84
-113
-143
-170
-197
-225
-250
-275
-299
-319
-338
-355
-369
-381
-388
-393
-394
-394
-389
-382
-371
-358
-341
-321
-300
-274
-249
-218
-186
-151
-115
-76
-35
4
47
88
125
164
200
234
263
291
315
335
350
362
370
374
374
370
363
355
341
326
309
290
268
245
220
196
169
144
117
89
63
37
12
-12
-33
-52
-70
-88
-105
-121
-134
-148
-162
-175
-188
-201
-214
-226
-239
-250
-262
-272
-279
-286
-289
-290
-288
-282
-274
-260
-245
-225
-204
-178
-152
-124
-91
-60
-23
14
50
89
129
167
208
248
284
319
353
384
412
436
456
470
480
482
479
473
460
441
417
388
355
319
279
238
194
148
99
52
4
-42
-88
-134
-176
-218
-258
-293
-324
-352
-376
-396
-413
-425
-432
-438
-439
-437
-433
-426
-420
-412
-402
-392
-380
-369
-354
-338
-325
-308
-289
-268
-245
-219
-190
-157
-123
-86
-45
-4
40
86
131
179
226
272
318
360
401
441
476
509
540
565
586
603
616
623
626
623
615
602
582
557
527
490
449
402
348
291
229
166
98
30
-39
-109
-180
-248
-316
-379
-438
-494
-547
-595
-638
-676
-707
-734
-756
-771
-782
-788
-788
-781
-769
-753
-731
-704
-673
-638
-600
-558
-514
-466
-417
-366
-312
-258
-201
-145
-87
-28
32
93
154
217
279
338
398
457
514
568
619
668
711
751
787
817
846
868
883
894
899
899
891
877
857
829
795
753
706
652
590
523
451
373
291
206
118
29
-60
-151
-238
-324
-406
-483
-559
-629
-695
-756
-810
-858
-900
-936
-965
-987
-1001
-1008
-1007
-998
-981
-955
-922
-881
-833
-777
-715
-648
-575
-499
-418
-337
-255
-169
-83
1
86
171
252
333
409
485
557
627
691
752
809
862
910
953
990
1019
1043
1061
1073
1078
1075
1067
1051
1029
999
965
923
875
821
760
694
621
544
462
376
286
192
97
1
-97
-195
-293
-389
-484
-574
-663
-746
-824
-896
-961
-1020
-1073
-1115
-1150
-1177
-1193
-1200
-1201
-1191
-1170
-1143
-1106
-1060
-1007
-946
-880
-806
-728
-645
-557
-465
-371
-277
-182
-84
12
108
202
293
383
469
549
625
697
762
820
873
919
958
991
1016
1033
1044
1048
1044
1034
1017
994
964
930
890
842
789
732
669
602
531
456
379
298
216
130
45
-41
-128
-212
-297
-379
-458
-536
-608
-677
-743
-803
-858
-906
-949
-985
-1015
-1037
-1052
-1059
-1057
-1046
-1028
-1003
-968
-928
-881
-827
-769
-704
-633
-560
-482
-402
-317
-233
-149
-63
20
102
183
263
339
411
479
543
604
659
706
750
784
814
843
864
878
889
892
891
884
873
855
831
804
768
728
683
631
576
520
456
391
324
253
183
112
40
-32
-101
-169
-238
-302
-367
-427
-483
-538
-588
-635
-678
-718
-753
-783
-806
-824
-838
-844
-843
-836
-821
-800
-772
-738
-700
-654
-608
-558
-503
-446
-385
-322
-256
-189
-122
-54
13
78
144
207
268
326
382
433
481
524
563
597
628
654
676
695
708
719
725
725
723
714
702
685
665
643
615
583
548
509
467
421
374
322
269
215
160
106
52
-1
-54
-105
-156
-205
-252
-296
-338
-376
-413
-445
-472
-495
-516
-531
-541
-545
-545
-540
-531
-517
-499
-479
-455
-430
-402
-370
-337
-299
-262
-223
-182
-142
-99
-56
-15
29
71
109
149
185
217
247
275
301
322
342
359
373
387
397
402
407
407
406
402
395
385
370
355
338
317
295
270
242
216
183
153
123
89
57
24
-9
-43
-75
-109
-140
-170
-202
-232
-260
-287
-313
-336
-358
-375
-388
-398
-406
-408
-409
-408
-402
-392
-381
-366
-347
-327
-305
-282
-257
-230
-200
-173
-145
-117
-90
-61
-36
-10
14
38
59
79
99
118
132
148
162
176
187
194
203
209
214
219
221
223
220
216
212
204
195
186
175
163
151
140
128
114
101
88
76
63
49
36
23
9
-2
-18
-34
-49
-63
-79
-94
-104
-120
-130
-138
-149
-156
-162
-168
-173
-176
-178
-179
-179
-179
-177
-172
-168
-162
-154
-147
-139
-128
-118
-106
-93
-80
-65
-52
-38
-25
-12
1
12
24
35
44
53
60
68
73
79
84
87
90
92
94
97
99
98
99
99
100
98
99
98
96
95
94
92
91
88
87
86
82
82
81
77
77
74
72
70
66
63
57
52
47
39
32
23
15
8
-1
-7
-15
-23
-28
-35
-38
-43
-45
-45
-48
-48
-49
-48
-47
-44
-42
-38
-34
-29
-22
-17
-9
-2
4
13
21
31
40
49
59
69
81
91
100
112
121
131
141
149
158
166
172
177
181
184
185
189
189
189
190
187
187
184
181
180
175
170
164
155
148
138
128
118
103
90
74
56
37
16
-5
-27
-50
-72
-94
-117
-138
-159
-181
-197
-217
-234
-250
-267
-282
-298
-311
-322
-333
-340
-348
-354
-356
-359
-358
-355
-352
-344
-338
-330
-318
-305
-289
-272
-253
-236
-216
-193
-172
-149
-126
-103
-80
-56
-33
-10
12
35
57
79
101
122
142
165
184
204
224
241
258
272
283
292
297
303
304
304
304
298
293
287
275
264
250
234
217
200
181
160
137
113
88
59
31
0
-28
-58
-89
-116
-146
-173
-198
-221
-242
-262
-281
-295
-308
-317
-326
-332
-335
-337
-334
-332
-324
-313
-302
-287
-271
-253
-232
-213
-190
-167
-145
-119
-94
-68
-42
-17
13
39
68
96
123
154
180
206
234
259
283
307
327
347
365
383
397
408
422
429
435
440
441
441
439
431
423
411
398
382
363
341
315
288
254
222
186
149
111
71
29
-11
-51
-92
-130
-169
-204
-238
-272
-303
-332
-360
-384
-407
-425
-444
-460
-470
-482
-488
-492
-496
-492
-489
-483
-473
-461
-447
-431
-410
-387
-364
-337
-308
-276
-243
-208
-174
-136
-102
-65
-29
7
44
78
113
149
182
217
250
282
315
345
375
403
431
457
477
498
515
528
538
545
549
548
545
539
528
516
500
481
460
435
410
383
351
321
284
249
213
171
131
89
46
4
-40
-83
-125
-166
-203
-241
-276
-307
-341
-368
-394
-419
-437
-457
-472
-485
-496
-502
-504
-506
-503
-494
-487
-477
-463
-448
-431
-412
-390
-366
-341
-315
-286
-254
-223
-190
-156
-120
-84
-47
-9
27
63
100
134
169
203
234
266
294
320
345
367
386
403
417
429
438
443
446
445
443
438
428
416
400
383
364
342
317
291
263
232
202
169
135
99
64
27
-10
-48
-85
-121
-156
-192
-226
-258
-288
-317
-343
-368
-390
-408
-425
-439
-450
-461
-467
-472
-471
-470
-466
-457
-447
-433
-418
-403
-383
-362
-339
-314
-291
-263
-236
-207
-175
-142
-111
-79
-45
-12
22
54
86
118
149
180
207
234
260
283
306
325
344
363
376
390
400
409
416
422
426
427
425
421
415
407
398
386
369
352
332
312
290
265
241
213
186
160
132
105
75
46
20
-8
-34
-61
-88
-114
-138
-159
-181
-201
-219
-233
-246
-258
-269
-276
-282
-286
-289
-288
-286
-282
-278
-271
-263
-254
-243
-231
-217
-203
-188
-172
-155
-137
-122
-105
-87
-69
-52
-34
-17
0
17
34
48
64
78
91
106
119
130
142
150
160
168
173
180
183
186
188
187
185
181
175
169
160
152
143
132
120
109
99
89
76
64
53
42
33
19
8
-3
-14
-24
-36
-44
-52
-62
-66
-74
-80
-85
-89
-93
-95
-98
-99
-98
-99
-96
-97
-94
-92
-89
-85
-83
-79
-75
-70
-66
-62
-58
-52
-47
-42
-35
-28
-23
-17
-10
-4
-1
4
10
13
19
23
29
35
38
41
45
48
49
49
50
49
47
45
44
41
37
33
28
23
19
15
11
6
2
-1
-4
-6
-7
-8
-8
-9
-9
-8
-7
-7
-6
-5
-3
-1
1
3
6
10
12
13
14
17
18
18
19
19
19
18
18
18
17
17
19
20
20
21
22
21
20
19
18
17
16
16
15
15
15
13
13
12
10
11
7
5
2
-2
-6
-11
-15
-20
-23
-29
-35
-39
-44
-48
-53
-59
-64
-69
-75
-78
-82
-86
-88
-88
-90
-91
-88
-87
-85
-81
-77
-71
-67
-62
-55
-50
-44
-38
-32
-28
-21
-17
-12
-6
-3
2
6
11
15
19
24
28
31
34
37
37
39
39
39
38
39
39
40
38
37
35
33
33
33
33
32
32
31
30
28
28
25
25
24
23
19
17
14
10
6
2
0
-3
-7
-10
-14
-15
-16
-18
-17
-19
-18
-17
-19
-16
-16
-15
-12
-10
-7
-4
-2
2
5
9
13
18
23
28
34
39
44
49
54
61
65
69
72
76
78
81
84
86
87
88
89
89
88
87
87
86
84
82
79
74
71
67
63
57
50
45
38
31
24
18
11
5
-1
-8
-13
-19
-25
-30
-36
-42
-49
-54
-59
-66
-71
-75
-79
-82
-85
-86
-88
-90
-93
-95
-97
-98
-100
-99
-99
-98
-97
-95
-92
-89
-85
-79
-74
-69
-63
-56
-50
-44
-40
-34
-30
-26
-22
-16
-11
-7
-2
1
4
8
11
16
19
22
25
26
28
30
31
32
32
32
33
32
30
30
29
28
27
25
25
24
22
20
18
17
15
13
12
9
8
4
2
1
-1
-4
-5
-7
-8
-9
-11
-11
-12
-12
-12
-13
-11
-12
-12
-10
-10
-9
-6
-5
-3
-1
0
3
5
8
12
15
18
21
24
27
29
32
33
35
36
36
36
38
38
40
41
41
40
38
37
37
38
37
33
31
28
26
21
18
14
13
13
12
9
9
7
6
4
1
0
-4
-5
-8
-12
-14
-18
-19
-20
-23
-24
-25
-25
-25
-27
-27
-26
-28
-30
-30
-30
-32
-32
-33
-34
-35
-36
-37
-38
-39
-39
-38
-37
-35
-33
-31
-29
-25
-23
-19
-16
-15
-11
-8
-5
-3
0
1
3
6
10
11
12
14
14
14
12
11
9
7
5
3
0
-3
-4
-6
-6
-8
-7
-7
-6
-5
-6
-6
-5
-5
-4
-2
-1
-2
-1
-2
1
2
2
4
6
5
4
5
4
3
2
1
-1
-1
-1
0
-1
0
0
1
1
2
4
7
9
11
13
17
19
22
25
29
31
34
36
39
42
44
48
49
51
53
54
56
57
57
58
58
59
58
55
53
51
48
45
42
39
34
29
24
20
15
10
6
-1
-5
-10
-14
-18
-21
-24
-27
-29
-32
-33
-36
-38
-41
-46
-48
-51
-53
-56
-58
-61
-64
-67
-68
-70
-71
-72
-73
-73
-74
-74
-73
-72
-72
-69
-68
-65
-62
-60
-56
-53
-48
-45
-40
-34
-29
-23
-18
-12
-5
1
7
14
21
28
34
40
46
52
57
61
64
68
72
74
78
80
83
85
86
88
89
90
90
89
87
85
83
81
78
75
72
68
63
57
52
46
40
32
25
18
13
7
2
-3
-8
-14
-18
-24
-29
-33
-38
-43
-47
-52
-57
-61
-65
-68
-71
-74
-75
-78
-79
-80
-82
-81
-81
-82
-80
-80
-77
-73
-70
-65
-62
-58
-52
-48
-43
-38
-32
-28
-21
-16
-10
-5
1
7
13
17
22
28
33
38
42
46
50
53
55
57
58
58
56
57
56
54
52
50
47
45
44
41
37
35
32
29
26
22
18
13
9
2
-4
-11
-18
-23
-29
-34
-38
-43
-45
-49
-51
-54
-56
-58
-60
-64
-64
-67
-70
-72
-74
-73
-73
-72
-74
-71
-69
-66
-64
-61
-56
-51
-46
-40
-34
-27
-20
-13
-6
1
8
17
23
31
38
44
51
58
63
68
73
79
84
87
92
95
97
99
100
100
99
100
100
97
95
91
88
82
76
70
65
58
51
46
40
35
29
26
19
14
9
3
-3
-8
-12
-18
-22
-27
-32
-36
-41
-44
-47
-47
-49
-50
-50
-52
-52
-53
-51
-49
-49
-46
-44
-41
-39
-36
-33
-30
-26
-23
-20
-17
-13
-9
-5
0
5
10
15
20
25
31
36
41
45
50
51
54
56
57
58
58
59
58
58
55
52
51
48
45
40
36
31
25
20
12
5
0
-6
-12
-19
-25
-32
-39
-45
-53
-57
-64
-70
-75
-79
-83
-86
-89
-89
-90
-91
-91
-90
-89
-86
-84
-82
-79
-74
-70
-64
-59
-52
-45
-40
-34
-27
-21
-13
-5
1
8
16
23
30
35
41
47
51
56
59
64
69
72
76
78
79
82
84
84
85
84
84
83
80
78
76
73
70
64
60
55
49
43
36
28
20
11
1
-6
-15
-25
-34
-44
-52
-61
-70
-77
-81
-88
-94
-100
-103
-105
-109
-111
-114
-116
-116
-117
-115
-114
-111
-108
-105
-100
-95
-91
-84
-78
-70
-62
-55
-48
-40
-33
-25
-17
-10
-1
7
14
22
30
38
45
53
59
63
70
75
79
83
84
87
90
91
91
93
93
91
90
88
86
85
82
78
75
70
67
64
60
55
50
43
36
30
23
16
10
4
-2
-8
-14
-18
-21
-26
-29
-32
-34
-37
-39
-39
-39
-36
-36
-33
-32
-31
-28
-25
-23
-19
-15
-11
-6
-1
5
11
16
22
27
33
39
45
50
54
60
64
66
69
73
75
77
77
77
76
75
73
70
68
64
63
59
56
52
48
45
40
35
30
23
17
11
3
-6
-13
-22
-30
-37
-45
-54
-61
-69
-77
-82
-90
-95
-100
-104
-109
-112
-116
-119
-121
-122
-123
-123
-124
-123
-122
-120
-119
-116
-111
-108
-104
-97
-90
-84
-77
-70
-62
-55
-46
-39
-30
-21
-11
-2
7
16
24
31
38
46
51
58
63
69
75
80
84
88
91
94
97
98
99
100
100
99
98
98
94
92
89
85
82
78
74
71
68
62
59
53
50
46
42
38
33
29
25
20
17
11
7
3
0
-4
-8
-12
-17
-21
-23
-27
-29
-32
-34
-37
-38
-40
-41
-41
-42
-40
-42
-41
-41
-41
-42
-43
-43
-42
-41
-40
-39
-37
-36
-33
-31
-30
-27
-25
-21
-21
-19
-18
-17
-17
-16
-14
-14
-15
-16
-16
-18
-18
-18
-20
-20
-23
-22
-23
-23
-23
-23
-24
-25
-26
-27
-28
-27
-26
-26
-26
-24
-25
-26
-24
-23
-22
-20
-19
-16
-15
-13
-11
-9
-5
-4
-3
0
3
3
6
7
10
12
14
16
20
22
26
29
33
34
39
41
42
44
46
48
50
51
53
53
54
54
54
54
52
52
49
48
46
43
42
40
36
33
32
30
27
24
23
20
17
16
14
12
9
6
4
2
-1
-3
-7
-8
-11
-13
-15
-17
-18
-20
-21
-22
-21
-19
-19
-20
-20
-18
-16
-16
-16
-15
-14
-14
-14
-12
-10
-8
-6
-4
-2
-2
1
2
3
3
5
5
6
7
7
7
8
6
6
4
4
3
1
0
-2
-2
-4
-5
-5
-5
-5
-6
-7
-8
-9
-11
-12
-14
-14
-16
-17
-18
-20
-22
-23
-24
-26
-27
-28
-28
-28
-28
-28
-28
-28
-27
-26
-24
-23
-21
-19
-17
-15
-14
-11
-9
-8
-5
-2
-1
2
6
10
13
16
21
22
26
30
31
32
34
35
36
37
37
39
38
36
37
36
35
34
33
33
30
29
26
25
23
20
19
17
15
11
10
7
5
3
0
-3
-7
-8
-11
-12
-14
-15
-17
-20
-20
-21
-23
-24
-25
-26
-28
-28
-28
-30
-30
-29
-29
-29
-28
-28
-26
-27
-25
-23
-22
-22
-19
-17
-14
-12
-9
-4
-2
0
2
3
4
5
6
9
11
13
14
16
17
18
20
21
22
22
23
23
24
22
21
20
18
16
13
11
8
5
3
-1
-5
-7
-11
-13
-16
-18
-21
-25
-27
-27
-30
-32
-34
-35
-36
-37
-38
-38
-39
-40
-40
-40
-39
-39
-38
-38
-35
-35
-33
-31
-31
-28
-25
-23
-18
-16
-14
-11
-9
-5
-3
-1
1
4
6
8
10
12
16
18
21
23
26
28
30
32
33
36
37
39
41
43
42
44
43
44
44
45
44
43
43
42
41
40
39
38
37
37
34
32
30
29
27
26
23
21
18
15
14
12
11
8
8
8
7
6
7
5
6
6
6
4
5
5
4
3
3
2
1
2
2
2
1
2
2
3
2
2
2
2
3
3
4
3
3
2
2
1
0
-1
-1
-2
-3
-5
-6
-6
-7
-6
-5
-6
-6
-6
-6
-6
-6
-7
-8
-7
-8
-9
-9
-12
-12
-12
-15
-17
-19
-22
-22
-23
-25
-26
-26
-27
-26
-28
-28
-29
-30
-29
-30
-30
-30
-30
-30
-30
-28
-27
-26
-24
-23
-22
-21
-19
-17
-16
-15
-12
-12
-11
-10
-8
-6
-4
-3
-1
-1
0
0
2
2
2
3
3
3
3
4
4
5
5
6
5
5
5
4
5
3
3
3
1
0
0
-1
-1
-1
-2
-4
-5
-7
-8
-9
-9
-11
-12
-12
-13
-12
-14
-14
-14
-15
-14
-15
-15
-13
-14
-14
-12
-10
-9
-7
-6
-4
-2
-1
1
1
3
3
5
7
9
11
12
13
15
16
17
18
21
22
25
27
29
29
29
30
31
33
35
37
38
38
38
38
37
36
36
36
36
37
38
38
38
37
37
36
33
32
30
29
28
26
25
22
21
20
18
16
15
13
10
8
7
5
4
2
0
-1
-2
-5
-6
-9
-10
-11
-12
-13
-14
-15
-17
-18
-18
-20
-22
-24
-25
-28
-29
-29
-30
-33
-32
-33
-34
-34
-32
-32
-32
-31
-31
-31
-30
-30
-30
-31
-30
-31
-31
-31
-30
-30
-29
-28
-27
-24
-24
-24
-23
-22
-22
-22
-21
-20
-19
-19
-17
-17
-14
-13
-10
-8
-6
-5
-3
0
0
2
3
5
6
8
9
10
12
15
16
17
19
21
22
20
23
24
24
25
26
25
26
27
28
28
28
28
28
27
27
28
27
26
26
25
25
23
22
22
20
19
18
16
15
13
11
11
9
10
9
7
7
7
5
4
2
2
1
0
-2
-2
-4
-4
-5
-5
-5
-5
-4
-4
-4
-5
-5
-5
-3
-2
-2
-2
-1
-2
-1
-3
-2
-1
-1
-2
-3
-5
-5
-4
-6
-6
-6
-7
-7
-7
-8
-9
-9
-10
-10
-13
-14
-15
-15
-17
-18
-19
-19
-20
-21
-22
-22
-23
-25
-25
-25
-24
-24
-24
-24
-23
-24
-24
-23
-24
-25
-25
-26
-25
-25
-24
-24
-22
-21
-20
-19
-17
-15
-15
-12
-10
-7
-5
-2
1
3
3
5
5
8
10
11
13
16
18
19
20
22
25
27
29
31
33
35
36
37
38
37
37
36
36
37
37
36
36
35
32
31
30
30
29
29
28
27
25
23
22
20
18
16
14
13
11
8
5
3
2
-1
-2
-3
-5
-6
-8
-10
-10
-11
-12
-12
-14
-14
-15
-15
-16
-18
-18
-18
-19
-18
-18
-18
-17
-16
-17
-16
-14
-14
-13
-14
-12
-10
-8
-8
-8
-9
-8
-8
-6
-4
-5
-4
-4
-4
-3
-3
-3
-1
1
2
2
3
2
2
1
1
2
2
2
0
0
0
0
-1
-2
-2
-3
-1
0
-1
-2
-2
-2
-1
0
0
-1
-1
-2
-2
-2
-1
-2
-3
-3
-4
-4
-4
-4
-4
-5
-4
-4
-4
-4
-5
-4
-5
-4
-3
-5
-5
-5
-5
-7
-7
-7
-7
-7
-7
-8
-7
-7
-7
-7
-7
-7
-6
-5
-5
-4
-5
-5
-5
-4
-5
-5
-5
-5
-5
-5
-4
-4
-4
-3
-2
-2
-2
-2
-1
-2
-1
-1
0
0
1
1
0
1
1
0
1
1
2
3
3
1
2
3
3
4
6
7
8
9
11
10
12
13
14
15
15
17
17
18
18
19
19
18
19
18
20
20
20
20
20
21
21
21
21
20
19
18
17
17
16
15
14
13
12
11
10
9
8
7
8
6
7
6
5
3
2
1
0
-2
-2
-3
-5
-4
-6
-7
-8
-8
-8
-7
-7
-6
-8
-8
-7
-8
-8
-7
-6
-6
-5
-5
-5
-5
-5
-4
-4
-3
-2
-2
-2
-1
-2
-2
-1
-2
-1
-1
-2
0
-2
-1
0
0
0
-2
-2
-2
-3
-4
-5
-6
-5
-6
-6
-7
-8
-10
-12
-14
-16
-19
-21
-22
-24
-24
-25
-28
-30
-31
-32
-35
-36
-37
-38
-41
-42
-42
-44
-44
-45
-46
-46
-46
-46
-44
-41
-38
-38
-34
-31
-29
-27
-23
-19
-17
-13
-9
-6
-3
2
5
9
14
17
20
24
28
31
35
37
39
41
42
42
45
47
47
48
49
48
48
47
46
44
42
41
40
38
36
35
34
33
32
31
27
25
23
19
16
14
11
8
6
2
1
0
-2
-3
-4
-4
-6
-7
-7
-7
-8
-8
-8
-7
-5
-4
-4
-3
-4
-2
0
1
3
3
6
7
8
10
12
14
14
15
15
14
15
14
13
13
13
11
11
9
8
7
5
4
3
0
1
-2
-4
-5
-6
-6
-8
-9
-11
-13
-14
-15
-17
-17
-19
-21
-23
-25
-27
-30
-30
-30
-30
-28
-28
-28
-25
-25
-25
-23
-24
-24
-22
-22
-21
-20
-17
-15
-13
-10
-9
-6
-3
0
5
8
13
17
20
24
27
31
36
38
41
43
46
47
47
48
49
48
47
46
45
42
41
39
37
34
32
30
26
22
18
14
11
6
3
-1
-5
-10
-15
-19
-24
-29
-32
-36
-41
-45
-48
-50
-52
-53
-53
-53
-55
-56
-57
-58
-58
-58
-57
-55
-53
-51
-48
-45
-42
-40
-36
-32
-28
-23
-19
-15
-10
-5
1
7
12
17
21
25
30
34
37
40
41
44
45
46
46
46
46
46
46
46
44
44
42
41
39
37
34
29
25
21
16
14
9
4
1
-4
-6
-11
-15
-19
-22
-26
-29
-32
-35
-38
-42
-45
-48
-50
-52
-52
-53
-54
-55
-54
-54
-54
-53
-53
-52
-50
-50
-47
-44
-41
-38
-35
-32
-29
-26
-22
-20
-18
-14
-10
-8
-4
0
3
8
10
14
18
22
26
30
34
36
42
46
48
51
53
56
57
60
61
63
63
64
65
65
63
61
60
58
56
54
51
49
46
42
39
36
32
29
26
22
20
17
13
8
5
1
-3
-6
-12
-15
-16
-20
-23
-25
-28
-28
-29
-29
-29
-29
-29
-28
-26
-25
-23
-20
-19
-17
-16
-13
-11
-9
-7
-5
-3
-2
1
3
7
8
10
12
14
17
18
21
23
24
26
26
29
31
31
30
33
33
32
32
30
29
26
24
22
20
18
18
15
13
10
8
5
3
1
-3
-5
-8
-11
-15
-17
-19
-22
-24
-26
-28
-29
-31
-32
-34
-35
-36
-37
-39
-39
-41
-42
-43
-44
-45
-48
-49
-50
-50
-50
-50
-50
-48
-47
-44
-42
-39
-37
-33
-30
-27
-24
-22
-19
-16
-13
-9
-5
-3
1
2
5
7
9
12
15
18
21
25
25
28
31
32
34
36
37
37
37
37
34
33
32
29
27
25
23
22
20
18
16
13
10
7
5
4
1
-1
-3
-7
-9
-12
-15
-18
-20
-23
-24
-25
-26
-26
-27
-28
-27
-28
-29
-29
-26
-27
-26
-26
-26
-24
-23
-23
-23
-23
-22
-20
-19
-19
-16
-16
-14
-10
-8
-6
-2
1
3
5
7
9
11
12
13
13
15
14
15
17
17
16
16
16
16
16
15
17
17
17
19
19
19
21
18
17
15
15
14
13
12
11
10
9
8
8
9
8
10
9
10
11
10
11
11
11
12
13
13
13
12
11
11
8
8
8
8
9
9
11
13
14
14
15
16
16
17
18
18
19
19
18
18
19
18
20
21
22
23
24
24
25
26
26
27
27
30
30
31
32
30
29
30
28
28
26
26
24
23
20
18
15
14
13
11
10
8
6
6
4
2
-2
-3
-4
-9
-11
-12
-17
-19
-21
-24
-27
-29
-31
-32
-33
-34
-36
-36
-39
-39
-41
-41
-41
-40
-41
-42
-43
-44
-45
-45
-46
-45
-45
-43
-42
-41
-37
-36
-33
-30
-28
-26
-24
-22
-21
-22
-21
-23
-24
-23
-23
-20
-20
-19
-18
-17
-16
-15
-14
-12
-13
-11
-10
-8
-7
-7
-5
-5
-3
-4
-3
-4
-5
-5
-6
-7
-7
-7
-7
-5
-5
-4
-4
-4
-4
-5
-6
-6
-6
-6
-8
-9
-9
-10
-11
-10
-10
-10
-10
-11
-10
-8
-7
-7
-5
-4
-1
2
4
7
11
13
14
15
17
19
20
21
21
23
24
26
29
33
35
37
40
41
44
45
45
46
46
48
48
50
49
49
49
47
45
43
39
38
35
33
31
29
27
26
25
24
24
24
22
20
16
14
10
5
1
-2
-6
-10
-13
-15
-17
-19
-19
-20
-22
-23
-23
-25
-25
-24
-24
-24
-24
-24
-23
-22
-21
-20
-19
-18
-17
-16
-15
-15
-12
-11
-8
-5
-3
-1
3
7
10
12
16
16
18
18
20
19
19
19
18
19
17
18
18
17
18
19
19
20
20
23
23
22
21
19
18
15
13
10
8
7
4
1
-2
-6
-9
-10
-12
-13
-15
-17
-18
-18
-20
-23
-25
-28
-30
-32
-34
-36
-37
-39
-41
-43
-45
-46
-46
-47
-47
-48
-47
-46
-44
-42
-40
-38
-35
-31
-29
-28
-26
-26
-23
-24
-23
-22
-21
-19
-17
-14
-10
-7
-5
0
3
6
9
11
13
15
16
16
17
17
18
18
19
19
19
18
18
19
19
21
22
23
25
25
27
29
28
28
28
29
28
27
25
22
21
19
17
16
15
12
11
11
10
10
10
10
9
8
8
6
5
4
2
0
-3
-5
-6
-9
-13
-14
-14
-15
-16
-17
-15
-15
-14
-12
-10
-8
-7
-3
-3
-2
-2
-1
1
2
4
4
6
7
8
8
10
11
11
13
14
14
15
16
17
17
18
19
18
19
18
17
17
15
13
12
10
8
9
7
7
8
9
8
9
10
9
8
7
4
3
1
-2
-4
-6
-8
-10
-12
-14
-14
-15
-15
-15
-14
-13
-14
-13
-13
-13
-13
-14
-12
-12
-12
-11
-11
-13
-13
-13
-15
-15
-15
-15
-14
-15
-14
-13
-14
-13
-12
-11
-11
-11
-12
-12
-12
-10
-11
-11
-9
-7
-7
-7
-7
-4
-3
0
0
1
2
3
5
6
7
8
8
8
9
9
9
9
8
7
8
7
6
5
4
4
3
4
3
4
4
3
3
3
3
4
4
3
4
2
3
2
2
2
3
2
3
3
3
3
2
2
1
0
-1
-2
-3
-3
-3
-3
-3
-3
-4
-3
-3
-2
-2
0
1
1
3
2
2
2
2
3
3
2
2
2
2
2
2
1
3
2
2
2
2
1
1
1
