-20
-22
-26
-26
-29
-32
-31
-34
-36
-37
-37
-35
-35
-33
-32
-32
-31
-29
-28
-27
-27
-27
-27
-27
-27
-27
-26
-25
-23
-21
-18
-16
-13
-11
-8
-4
-1
3
7
11
16
18
20
23
25
25
28
29
31
32
32
32
31
32
31
30
30
29
31
30
29
25
25
23
21
21
19
19
17
18
17
17
17
16
16
16
14
12
9
8
5
4
2
-1
-3
-3
-3
-3
-6
-9
-12
-14
-16
-19
-22
-25
-25
-27
-27
-25
-25
-26
-26
-27
-28
-29
-30
-30
-29
-29
-29
-27
-26
-25
-27
-26
-24
-22
-21
-21
-19
-16
-14
-12
-11
-8
-5
-2
1
4
9
11
13
16
16
16
17
19
19
19
21
22
23
24
24
24
23
22
20
20
20
17
14
11
8
6
3
2
-2
-4
-4
-4
-3
-4
-2
-1
1
4
6
6
9
10
10
12
10
8
4
1
-1
-3
-5
-6
-6
-6
-7
-7
-5
-4
-3
-1
1
3
3
3
2
2
2
1
1
-3
-6
-8
-10
-14
-15
-17
-17
-17
-16
-15
-13
-9
-7
-4
-2
1
2
6
8
8
10
10
12
12
11
11
11
12
10
12
12
13
14
15
15
15
14
13
10
7
5
4
2
1
-1
-4
-6
-7
-8
-9
-10
-9
-7
-7
-6
-4
-3
-4
-5
-5
-4
-4
-3
-3
-4
-5
-4
-4
-4
-3
-3
-3
-3
-1
-1
-1
-4
-6
-7
-8
-8
-9
-9
-11
-12
-13
-15
-17
-19
-20
-20
-19
-19
-19
-19
-21
-20
-20
-17
-17
-15
-12
-10
-7
-6
-5
-5
-2
-1
0
0
1
2
5
7
9
12
15
18
20
21
24
26
29
29
32
34
35
35
35
34
33
31
29
28
26
22
19
17
14
11
10
9
9
8
7
6
6
6
4
3
2
2
1
1
2
1
0
-2
-6
-7
-7
-8
-8
-10
-12
-13
-16
-18
-20
-22
-23
-23
-23
-22
-22
-23
-23
-24
-26
-28
-30
-30
-30
-29
-31
-29
-28
-27
-26
-24
-25
-24
-21
-19
-14
-11
-6
-2
2
5
9
14
17
19
21
23
25
27
28
30
30
31
30
31
31
31
30
31
32
34
36
36
36
35
33
31
30
27
24
21
17
13
7
4
-1
-7
-11
-15
-18
-22
-26
-28
-31
-33
-34
-35
-34
-34
-33
-33
-33
-33
-33
-32
-33
-30
-31
-30
-28
-28
-28
-27
-26
-24
-21
-19
-17
-13
-10
-9
-6
-4
-3
0
2
5
8
9
10
11
12
14
15
18
19
23
26
30
30
33
35
35
37
39
38
38
37
36
34
32
30
28
27
25
24
23
23
21
20
19
18
18
17
17
15
11
10
8
3
0
-4
-9
-11
-13
-18
-22
-25
-29
-32
-32
-32
-31
-30
-29
-26
-26
-24
-21
-19
-18
-17
-14
-15
-17
-18
-18
-20
-20
-21
-18
-17
-17
-17
-16
-16
-16
-15
-14
-11
-9
-7
-5
-6
-7
-8
-8
-7
-6
-4
-3
-1
2
4
5
5
6
7
11
13
14
15
15
15
15
15
14
15
15
16
15
15
14
15
16
16
18
20
21
21
23
25
25
27
26
26
26
25
23
21
19
16
12
9
6
1
-1
-4
-8
-12
-15
-18
-20
-18
-17
-16
-16
-15
-16
-15
-13
-13
-12
-11
-9
-9
-8
-8
-10
-12
-13
-14
-16
-17
-18
-19
-19
-20
-21
-22
-21
-19
-17
-16
-12
-10
-8
-7
-6
-4
-2
0
3
4
4
6
7
6
6
4
6
6
9
11
11
12
13
13
14
15
16
16
17
17
16
17
16
18
17
16
15
16
16
14
13
13
10
8
6
5
2
0
-3
-6
-11
-16
-20
-20
-23
-23
-25
-24
-25
-25
-25
-25
-21
-17
-16
-12
-10
-8
-5
-3
-1
0
-1
1
1
1
0
-1
-2
-2
-2
0
0
1
2
3
5
6
8
11
13
18
20
23
25
26
26
26
26
28
28
27
26
25
22
19
16
12
12
11
11
10
10
9
8
6
4
2
1
2
1
1
2
3
1
0
1
1
0
0
-2
-5
-6
-8
-11
-14
-14
-16
-18
-18
-22
-25
-27
-29
-32
-31
-30
-30
-31
-29
-29
-27
-26
-23
-21
-18
-16
-12
-10
-7
-7
-7
-7
-8
-9
-11
-13
-14
-14
-15
-17
-18
-18
-17
-16
-13
-12
-11
-9
-7
-6
-4
-1
3
5
6
7
8
7
6
7
8
11
11
14
16
19
21
21
22
23
25
30
31
32
33
32
32
33
33
33
33
35
35
37
38
38
36
38
39
37
38
37
34
33
29
26
22
17
11
7
3
-3
-7
-13
-17
-21
-23
-25
-27
-28
-27
-28
-29
-28
-29
-29
-27
-26
-26
-26
-27
-28
-28
-28
-29
-29
-28
-31
-31
-31
-32
-32
-34
-32
-30
-27
-23
-20
-17
-16
-13
-9
-5
-1
3
6
10
13
14
15
16
16
18
20
20
21
21
21
22
22
22
21
20
20
18
16
15
13
11
9
9
8
9
9
8
8
8
6
3
4
2
1
0
0
-5
-8
-9
-12
-14
-16
-20
-23
-24
-25
-27
-29
-28
-27
-24
-21
-18
-14
-10
-6
-5
-2
1
3
5
7
7
8
9
10
10
10
9
9
8
9
9
7
8
9
8
8
9
11
12
14
16
17
20
20
20
20
19
21
22
21
20
18
15
12
8
7
5
4
2
2
1
1
0
-1
-2
-3
-3
-3
-4
-4
-5
-6
-8
-8
-9
-10
-11
-12
-14
-15
-16
-15
-17
-18
-20
-21
-21
-21
-21
-21
-24
-24
-23
-23
-24
-24
-22
-21
-19
-17
-13
-9
-6
-3
2
4
6
7
8
9
10
10
10
10
9
7
4
4
3
3
4
3
3
2
2
4
4
7
8
10
11
15
17
19
20
20
20
20
22
21
23
22
21
19
18
19
18
17
14
13
14
14
14
11
9
9
10
13
14
14
14
14
15
13
13
10
8
5
2
0
-2
-5
-8
-11
-14
-17
-19
-20
-22
-24
-26
-26
-26
-27
-28
-29
-30
-32
-31
-30
-29
-27
-25
-25
-23
-22
-22
-20
-19
-17
-14
-12
-10
-8
-8
-7
-7
-6
-6
-8
-10
-10
-10
-11
-10
-9
-9
-8
-7
-6
-3
1
6
9
12
15
16
19
18
18
18
20
21
22
22
21
18
15
13
14
12
12
11
9
9
8
8
8
6
4
6
7
7
9
9
10
10
10
10
10
10
9
8
7
4
2
0
-4
-6
-8
-9
-9
-7
-6
-4
-4
-3
-4
-2
0
3
5
7
8
10
11
12
13
12
14
14
14
15
15
13
11
8
5
3
3
2
-1
-2
-4
-5
-8
-9
-11
-12
-11
-10
-9
-8
-6
-5
-4
-3
-1
-2
0
-1
-2
-4
-6
-6
-8
-7
-8
-8
-9
-10
-9
-12
-13
-14
-13
-10
-8
-7
-6
-6
-6
-7
-6
-7
-9
-9
-10
-11
-11
-12
-12
-12
-11
-11
-10
-10
-12
-14
-15
-15
-13
-11
-11
-10
-7
-7
-6
-5
-4
-5
-2
1
3
7
8
10
12
12
12
14
13
14
15
16
14
13
12
8
7
7
7
7
8
7
6
7
7
7
7
7
8
6
8
8
9
9
9
9
9
9
11
11
8
6
6
5
6
6
7
9
11
11
8
7
6
6
9
12
13
12
12
10
8
6
5
3
2
2
3
0
-2
-6
-8
-8
-8
-9
-8
-9
-8
-10
-11
-11
-11
-12
-10
-7
-6
-4
-6
-8
-9
-11
-10
-8
-7
-4
-4
-4
-4
-5
-7
-9
-11
-11
-11
-8
-9
-9
-10
-11
-12
-11
-9
-8
-6
-5
-2
0
0
0
-2
-1
-1
1
2
2
2
2
3
2
2
-1
-2
-2
-3
-2
-2
-2
-4
-3
-3
-1
1
2
2
3
4
4
4
4
5
5
6
4
4
2
0
2
2
1
-1
0
-1
-3
-3
-4
-4
-3
-3
-3
-1
-1
-1
0
2
2
1
4
5
7
8
9
9
10
9
6
7
5
4
5
5
5
4
3
2
3
3
4
3
3
3
2
2
3
1
2
3
4
6
5
4
3
3
2
3
5
5
4
4
4
2
3
1
-1
-2
-2
-1
-2
-2
-3
-5
-5
-6
-7
-7
-4
-2
-1
1
1
-1
0
0
0
-1
-2
-2
-2
-2
-2
-4
-5
-5
-6
-8
-8
-11
-10
-9
-8
-6
-3
-2
-1
-1
1
0
-1
-1
-1
2
5
8
7
4
0
-1
-2
-1
0
-1
-2
-3
-5
-6
-8
-8
-8
-7
-6
-5
-5
-5
-5
-4
-3
-4
-3
-1
1
2
3
3
5
5
6
6
5
3
6
7
8
7
7
6
5
6
5
6
4
4
3
4
3
3
1
2
1
1
3
2
2
0
-1
-1
-2
-1
-3
-4
-6
-6
-8
-10
-11
-10
-11
-10
-9
-9
-7
-6
-6
-6
-4
-3
-1
0
2
3
3
5
6
8
10
11
11
10
8
8
6
5
4
2
3
3
3
3
2
2
2
2
4
6
8
10
12
13
13
13
11
11
9
9
8
7
6
3
0
-2
-3
-4
-5
-6
-6
-7
-8
-6
-7
-8
-9
-7
-8
-5
-7
-7
-8
-9
-11
-10
-12
-13
-13
-14
-14
-15
-14
-14
-14
-14
-13
-11
-9
-7
-6
-4
-4
-3
-1
1
1
4
6
8
10
11
13
11
11
13
14
14
15
17
18
21
19
18
15
10
7
5
4
2
1
0
0
0
-2
1
2
1
3
4
4
4
4
3
1
0
0
-2
-1
0
0
0
1
0
-1
-3
-5
-6
-7
-7
-9
-10
-11
-10
-11
-11
-13
-15
-16
-16
-14
-12
-12
-12
-14
-13
-14
-11
-10
-10
-10
-12
-11
-11
-9
-10
-9
-10
-12
-12
-10
-7
-4
-2
1
3
5
8
12
15
18
18
21
21
20
18
17
16
16
16
16
15
13
11
9
8
7
7
8
7
7
8
9
10
11
11
11
12
13
15
16
17
16
15
16
15
15
14
15
12
11
11
8
5
2
-2
-6
-9
-10
-11
-11
-13
-14
-17
-16
-17
-17
-18
-20
-22
-23
-20
-20
-20
-20
-21
-21
-19
-17
-18
-14
-12
-11
-13
-11
-11
-12
-9
-9
-8
-6
-4
-3
-4
-2
-1
-1
2
4
4
7
7
9
10
12
13
14
15
12
9
9
6
6
5
7
7
5
5
4
3
4
6
7
8
8
8
9
12
11
13
12
13
13
14
16
17
16
15
13
10
8
5
0
-4
-7
-12
-15
-20
-24
-26
-29
-30
-31
-32
-35
-35
-36
-35
-31
-29
-26
-23
-20
-15
-15
-13
-10
-9
-5
-4
-1
2
3
4
4
5
6
6
6
8
8
8
10
8
9
10
11
15
15
18
19
22
26
29
33
35
36
38
39
41
40
37
33
28
24
19
16
17
14
13
14
13
13
12
14
17
19
23
22
21
18
14
11
8
5
0
-7
-14
-20
-27
-35
-37
-43
-45
-47
-50
-49
-51
-49
-48
-46
-43
-43
-41
-39
-37
-33
-33
-32
-30
-32
-31
-30
-27
-23
-20
-16
-15
-14
-15
-12
-10
-8
-4
-3
-1
2
1
0
0
0
4
6
8
10
10
11
12
17
19
20
24
24
27
28
28
30
31
34
36
36
36
34
34
33
33
34
36
37
37
33
32
30
29
29
29
32
33
30
30
29
28
26
24
24
17
13
9
1
-5
-11
-17
-22
-27
-30
-32
-35
-38
-38
-39
-40
-40
-41
-41
-41
-39
-36
-34
-31
-28
-27
-27
-27
-27
-30
-30
-29
-27
-26
-23
-19
-16
-16
-14
-11
-10
-6
-4
-2
-1
2
3
4
6
9
12
17
23
28
32
34
33
33
35
38
42
47
51
52
49
44
42
40
38
39
40
38
36
30
25
20
18
17
16
16
12
10
5
-1
-5
-9
-11
-11
-10
-10
-12
-19
-27
-35
-44
-50
-54
-57
-59
-62
-69
-78
-86
-94
-101
-104
-106
-110
-112
-114
-113
-113
-110
-104
-96
-87
-79
-73
-71
-70
-67
-61
-47
-33
-12
9
26
41
53
62
74
88
105
121
133
139
142
143
144
150
158
171
178
184
181
169
156
142
131
125
123
127
128
128
123
115
109
103
102
103
104
103
101
94
84
72
60
51
43
40
34
20
0
-27
-56
-83
-109
-134
-158
-185
-209
-237
-266
-290
-307
-317
-323
-328
-333
-339
-347
-352
-356
-357
-350
-339
-326
-313
-298
-280
-259
-229
-193
-154
-114
-76
-41
-8
21
52
82
118
154
186
219
246
267
288
308
332
355
382
404
419
431
434
431
428
423
421
415
410
401
384
363
338
312
286
265
247
228
209
184
152
119
88
59
32
8
-12
-34
-58
-85
-116
-150
-188
-223
-257
-290
-325
-363
-402
-438
-471
-499
-524
-549
-573
-598
-618
-638
-651
-660
-664
-662
-652
-633
-608
-572
-526
-467
-402
-329
-250
-167
-83
-1
74
141
200
257
316
375
437
491
539
575
600
629
660
695
729
746
750
730
698
665
631
607
588
571
549
514
475
428
384
348
320
298
272
242
206
164
128
95
69
44
17
-15
-55
-96
-144
-196
-250
-306
-356
-409
-464
-524
-587
-649
-710
-759
-795
-823
-841
-860
-876
-890
-902
-905
-899
-886
-864
-832
-793
-745
-689
-619
-537
-439
-324
-201
-80
40
153
251
327
387
453
525
613
707
781
832
863
888
914
939
969
998
1009
995
957
891
817
753
709
675
636
601
557
504
451
396
347
304
270
244
209
165
122
80
42
4
-33
-65
-95
-120
-157
-209
-275
-348
-419
-494
-574
-656
-736
-809
-877
-937
-992
-1037
-1065
-1083
-1098
-1112
-1122
-1125
-1122
-1111
-1089
-1052
-995
-918
-827
-727
-612
-478
-332
-183
-40
95
222
333
429
503
565
644
733
824
902
948
975
997
1028
1069
1095
1119
1125
1101
1054
981
903
839
797
771
735
687
626
555
490
437
397
362
332
296
246
185
122
65
16
-23
-55
-82
-103
-130
-170
-224
-286
-349
-412
-473
-543
-626
-711
-795
-875
-950
-1013
-1060
-1093
-1111
-1130
-1146
-1156
-1159
-1149
-1141
-1127
-1101
-1055
-987
-905
-803
-681
-538
-381
-226
-84
56
207
361
499
611
702
783
861
928
978
1004
1032
1075
1116
1141
1142
1128
1108
1078
1033
966
892
824
763
699
631
560
494
434
382
340
312
303
302
286
249
200
148
101
59
23
-12
-33
-47
-69
-114
-182
-259
-332
-396
-458
-534
-626
-728
-835
-944
-1051
-1138
-1193
-1218
-1225
-1227
-1234
-1236
-1227
-1214
-1199
-1181
-1152
-1100
-1028
-946
-846
-727
-571
-393
-217
-46
118
296
477
629
747
829
897
958
999
1024
1031
1047
1106
1168
1212
1225
1212
1189
1149
1099
1034
957
894
824
741
642
537
450
376
321
289
267
268
265
237
184
110
41
-20
-69
-107
-137
-150
-158
-178
-219
-280
-345
-401
-447
-494
-560
-651
-761
-885
-1012
-1131
-1215
-1258
-1261
-1243
-1226
-1214
-1208
-1203
-1195
-1188
-1165
-1127
-1066
-988
-903
-801
-663
-485
-282
-75
133
344
548
747
892
991
1066
1126
1176
1201
1211
1208
1212
1252
1294
1312
1314
1300
1276
1223
1154
1073
974
880
782
674
564
464
390
330
290
273
270
273
256
215
155
87
21
-42
-107
-171
-225
-260
-285
-319
-366
-430
-496
-559
-622
-697
-797
-915
-1048
-1182
-1305
-1407
-1470
-1497
-1491
-1469
-1442
-1413
-1376
-1335
-1294
-1253
-1211
-1160
-1098
-1017
-916
-782
-615
-417
-205
14
243
475
707
901
1041
1133
1195
1242
1270
1283
1288
1298
1323
1362
1393
1403
1405
1412
1397
1353
1295
1211
1108
994
874
745
620
522
448
398
376
373
381
377
354
305
244
178
100
16
-60
-129
-189
-237
-276
-323
-387
-449
-507
-565
-621
-699
-815
-965
-1133
-1311
-1488
-1612
-1674
-1697
-1691
-1665
-1629
-1609
-1580
-1534
-1500
-1475
-1422
-1339
-1239
-1146
-1018
-864
-701
-489
-259
-8
262
585
922
1152
1281
1342
1351
1357
1382
1433
1481
1506
1581
1618
1610
1598
1581
1593
1576
1564
1524
1439
1353
1216
1034
837
659
524
427
391
398
413
447
446
371
259
157
83
2
-47
-85
-171
-259
-322
-385
-486
-562
-587
-616
-647
-685
-776
-928
-1114
-1307
-1517
-1708
-1821
-1871
-1879
-1865
-1831
-1801
-1792
-1755
-1689
-1635
-1591
-1535
-1484
-1430
-1335
-1214
-1074
-897
-645
-391
-142
144
464
825
1124
1297
1395
1453
1508
1543
1583
1623
1625
1704
1789
1790
1769
1756
1749
1707
1667
1629
1527
1436
1340
1186
1004
803
637
514
451
467
520
611
652
619
542
404
262
126
17
-78
-175
-237
-290
-324
-395
-509
-594
-659
-718
-774
-811
-897
-1064
-1261
-1485
-1719
-1908
-2004
-2027
-1999
-1936
-1888
-1833
-1768
-1711
-1669
-1649
-1612
-1563
-1502
-1399
-1261
-1116
-943
-726
-487
-220
93
485
905
1264
1493
1591
1598
1529
1450
1448
1478
1464
1535
1674
1711
1646
1599
1545
1463
1461
1506
1465
1390
1335
1215
1027
809
598
452
390
454
579
768
921
980
1029
831
499
206
26
-112
-222
-154
-90
-40
-21
-317
-714
-876
-818
-803
-865
-791
-881
-1177
-1597
-2087
-2438
-2549
-2474
-2350
-2202
-2104
-2053
-2025
-2032
-2020
-1970
-1874
-1779
-1569
-1452
-1363
-967
-466
-152
193
762
1142
1739
2737
3323
3251
3173
2941
1978
955
638
494
566
1035
1215
761
70
-317
-927
-1423
-1177
-480
140
562
1069
1222
1092
1178
1342
1441
1847
2657
3245
3450
3415
2846
1841
931
68
-709
-918
-765
-920
-1158
-1231
-1560
-2038
-2048
-1760
-1642
-1353
-781
-370
-478
-730
-899
-1221
-1547
-1603
-1399
-1284
-1307
-1320
-1497
-1828
-2108
-2116
-1931
-1793
-1599
-1439
-1324
-1155
-1033
-682
-374
-93
419
1063
2036
3022
4156
4559
3749
2664
1261
-129
-849
-363
252
356
885
620
-863
-1948
-2031
-1965
-1699
-177
1124
1537
2286
2842
2544
1992
1944
1838
1904
2647
3150
3322
3124
2190
578
-863
-1838
-2469
-2314
-1803
-1482
-1344
-1293
-1483
-1579
-1307
-928
-325
332
804
965
877
541
-279
-1067
-1653
-1881
-1823
-1795
-1659
-1804
-2283
-2820
-2886
-2580
-2188
-1521
-895
-723
-812
-803
-724
-598
-438
219
923
1616
2216
2896
4023
4491
4101
2827
1430
280
-862
-1150
-1103
-816
-49
388
29
-796
-960
-1289
-1663
-911
-109
630
1900
3197
3301
2670
2453
1705
983
1163
1628
2199
2577
2445
1502
130
-1314
-2599
-2954
-2671
-2137
-1222
-466
-186
-180
-304
-611
-785
-576
-234
211
535
515
104
-764
-1684
-2218
-2448
-2356
-1867
-1382
-1401
-1619
-1682
-1925
-2069
-1770
-1416
-1004
-547
-303
-321
-243
-71
-154
-19
477
1091
2015
3594
4896
4725
3603
2369
816
-755
-1294
-975
-561
277
1091
591
-401
-765
-1299
-2140
-1988
-1036
-154
1159
2787
3454
3084
2399
1454
636
515
1061
2025
2853
2996
2387
1258
-347
-2016
-2983
-3093
-2561
-1652
-684
95
404
33
-780
-1326
-1487
-1155
-344
488
980
769
-67
-1127
-1927
-2464
-2473
-1921
-1317
-986
-988
-1132
-1466
-1860
-2054
-1887
-1312
-777
-289
288
99
-321
-305
-363
-419
282
1647
2407
3578
5172
4842
3326
2078
470
-1717
-2556
-1877
-1448
-232
1524
1487
6
-859
-1352
-2504
-2669
-1263
247
1752
3460
4462
3868
2521
1379
280
-172
334
1600
2868
3231
2602
1038
-956
-2854
-3902
-3858
-3058
-1523
20
792
934
740
-242
-1394
-1538
-1011
-377
462
1339
1367
390
-953
-1912
-2473
-2741
-2296
-1374
-707
-640
-865
-1065
-1340
-1629
-1626
-1023
-412
-274
42
146
-227
-803
-251
477
794
1814
2433
3018
3561
3702
2690
1458
1185
-214
-1533
-1505
-1250
-922
-201
438
-338
-970
-947
-1222
-1377
-1159
-304
598
1620
2652
2877
2428
1824
1396
1012
997
1579
2056
2060
1823
981
-580
-2033
-2877
-3098
-2810
-1914
-701
168
646
644
133
-571
-1173
-1092
-495
157
680
1052
803
-239
-1093
-1764
-2311
-2292
-1573
-707
-376
-331
-498
-979
-1605
-1743
-1397
-906
-351
163
385
117
340
264
-36
355
1025
1858
2848
3687
3494
3068
2735
1198
-841
-1720
-1886
-1905
-1273
-505
-328
-169
-108
-745
-1453
-1653
-1542
-1026
-11
1323
2468
2938
2907
2461
1786
1268
1265
1451
1442
1554
1359
651
-444
-1711
-2503
-2738
-2686
-2179
-1012
39
408
572
497
-69
-474
-425
-182
297
689
716
545
-104
-1101
-1931
-2198
-2024
-1554
-848
-482
-378
-509
-941
-1318
-1433
-1285
-971
-389
159
146
69
-58
-168
-89
260
968
2072
3891
5142
5074
3980
1758
-937
-2843
-3330
-2889
-1734
57
1113
776
16
-675
-1744
-2682
-2757
-2281
-1224
597
2633
3884
3866
2878
1667
895
652
823
1198
1817
1904
1188
532
-592
-2292
-3535
-3680
-3252
-2373
-556
970
1457
1449
838
-118
-590
-730
-587
282
1057
1303
1175
401
-585
-1456
-1883
-1791
-1195
-447
-159
-38
-26
-273
-855
-1413
-1489
-1344
-975
-350
-2
-427
-1014
-304
555
878
1503
2236
3149
3794
3917
3039
1589
527
-1064
-2346
-2208
-1543
-898
-397
-329
-1001
-1623
-1553
-1475
-1755
-1810
-1005
286
1453
2592
2942
2402
1992
1728
1488
1506
1749
1502
956
451
-516
-1479
-2299
-3039
-3089
-2532
-1721
-669
472
917
755
685
420
-26
-207
-1
381
804
1137
1022
481
-329
-1001
-1252
-1275
-842
-338
-184
-34
-1
-244
-764
-1277
-1439
-1346
-942
-314
56
-374
-352
293
622
1404
2069
2618
3228
3351
2853
1832
1288
199
-1363
-1818
-1793
-1553
-1346
-1270
-1270
-1504
-1589
-1543
-1339
-1426
-1336
-400
417
1305
2199
2517
2537
2290
1834
1552
1662
1675
1166
370
-263
-1137
-2354
-3046
-3073
-2790
-2145
-1167
-104
585
736
680
424
163
28
-40
415
975
1081
1238
1085
359
-501
-1043
-1002
-758
-399
-7
279
283
15
-417
-873
-1238
-1576
-1354
-717
-142
99
-420
-720
136
835
1102
1768
2966
3832
3948
3621
1990
80
-878
-1733
-2539
-2437
-1428
-847
-1011
-1191
-1458
-1847
-1940
-1758
-1880
-1716
-321
1276
2280
2842
2908
2580
2137
1808
1467
1459
1442
918
300
-412
-1206
-2149
-3098
-3461
-3041
-2110
-1193
-135
828
990
816
640
340
22
-43
382
1090
1431
1429
1136
386
-498
-1073
-1133
-764
-308
-102
46
113
-148
-828
-1295
-1444
-1493
-1135
-536
99
-93
-220
406
409
770
1348
1831
3071
4277
4117
2453
1339
145
-1935
-2629
-2412
-2116
-1416
-782
-843
-1319
-1316
-1504
-1937
-2139
-1862
-761
415
1584
2513
2551
2419
2435
2198
1700
1522
1445
783
73
-360
-984
-1711
-2373
-2728
-2516
-1870
-1183
-619
224
812
786
619
364
255
285
356
632
1018
992
534
176
-404
-1082
-1081
-674
-228
225
456
510
301
-201
-759
-1142
-1221
-1157
-574
-1
17
-275
-627
-160
265
546
866
1642
3527
4669
4506
2931
652
-1171
-2916
-3537
-2949
-1828
-564
43
84
-481
-1130
-1752
-2401
-2754
-2567
-1047
964
2440
3142
2887
2375
1864
1391
1015
909
995
591
363
351
-252
-1246
-2298
-2864
-2911
-2369
-1416
-506
496
1143
1215
953
457
-212
-659
-481
5
655
1072
1009
763
214
-198
-328
-302
-181
-222
62
489
381
-88
-856
-1248
-1456
-1471
-979
-847
-904
-969
200
932
1288
2334
2746
3111
3507
3618
2365
847
82
-1398
-2257
-1773
-1191
-959
-1041
-1293
-2028
-2401
-2220
-2239
-2150
-1610
-364
885
1772
2615
2454
1767
1479
1570
1642
1770
2042
1619
981
211
-995
-2247
-3132
-3367
-2891
-1668
-621
-87
329
371
-54
-312
-248
-190
141
694
1191
1441
1312
636
-191
-665
-771
-514
-33
465
584
478
383
108
-393
-1091
-1527
-1661
-1280
-539
-338
-474
-822
-296
596
1030
1780
2228
2852
3896
4331
3235
1227
100
-1138
-2532
-2328
-1211
-558
-304
-401
-1458
-2388
-2311
-2348
-2730
-2510
-1252
300
1483
2488
2579
1594
1034
1149
1139
1419
2023
1870
1317
897
-45
-1541
-2620
-3301
-3344
-2064
-582
170
522
781
367
-230
-404
-647
-547
-80
654
1421
1635
1049
6
-792
-1319
-1114
-453
122
597
704
845
672
12
-812
-1515
-1984
-1852
-1179
-596
-738
-640
352
432
910
1672
2082
3086
5010
5462
2674
672
-372
-2137
-2811
-1894
-769
241
1322
431
-1873
-2527
-2393
-3160
-3930
-3075
-934
1022
2780
3641
2665
999
441
535
365
891
1672
2170
1997
1409
789
-717
-2594
-3900
-3811
-2502
-750
660
1334
1267
594
-218
-902
-1020
-934
-328
671
1484
1964
1220
-126
-1133
-1529
-1318
-631
315
724
779
867
733
183
-979
-1977
-2104
-1592
-1067
-440
-542
-621
186
579
1133
1488
2059
3300
4856
5023
2918
1304
-414
-2649
-3292
-2461
-1152
356
1351
204
-1576
-2055
-2385
-3248
-3938
-3146
-1243
798
2932
4030
3143
1481
542
60
84
1044
1677
1457
1288
947
73
-982
-2409
-3603
-3496
-2141
-521
648
1560
1399
412
-204
-737
-905
-670
-299
477
1343
1566
909
-150
-1198
-1858
-1596
-893
-221
266
520
931
954
433
-427
-1271
-1618
-1435
-711
-230
-608
-229
610
953
1795
2496
3244
4392
4776
2845
184
-700
-1551
-2487
-1927
-687
687
1662
897
-1410
-2838
-2704
-2778
-3165
-2815
-1071
954
2252
3026
2556
1100
66
-137
-148
468
1775
2317
1660
872
187
-1031
-2245
-3095
-3255
-2181
-325
1114
1589
1589
772
-638
-1464
-1407
-918
-392
249
977
1474
894
-250
-1102
-1758
-1784
-1195
-328
310
603
810
903
850
250
-402
-712
-1241
-1146
-714
-780
-845
-867
192
1343
2012
2551
3483
5128
4806
2790
480
-1435
-2010
-1984
-1639
-601
1278
2265
702
-1630
-2868
-3061
-3126
-3079
-2292
-829
1148
2813
2888
1638
139
-606
-671
-380
889
2183
2353
1795
705
-545
-1703
-2774
-3368
-2996
-1419
349
1621
2129
1578
403
-973
-1963
-1904
-1115
-494
247
1231
1370
653
-465
-1570
-1959
-1718
-976
-80
466
632
757
896
588
51
-448
-672
-666
-635
-613
-810
-390
308
774
1416
2367
3935
5515
5434
2574
-571
-1633
-1957
-2062
-1255
146
1724
2570
1053
-2082
-3682
-3297
-2764
-2586
-1844
-76
1645
2587
2518
1179
-394
-907
-556
299
1786
3061
2933
1488
-304
-1783
-2785
-3269
-3108
-2144
-490
999
1538
1194
446
-375
-1203
-1393
-729
-2
439
563
452
83
-775
-1529
-1617
-1200
-563
76
215
-398
-1055
-1167
-862
-257
408
897
996
731
126
-891
-1438
-1120
186
1756
2719
3342
4482
5751
4673
1550
-1350
-2703
-1998
-756
-133
836
2247
2210
-280
-3379
-4600
-3627
-2047
-889
258
1494
2419
2471
1239
-420
-1268
-872
204
1382
2725
3374
2838
1238
-1179
-2637
-3038
-3152
-2645
-1523
-242
476
764
510
-326
-842
-1108
-1117
-322
444
412
101
-378
-1100
-1675
-2050
-1875
-1059
-239
242
158
-591
-1545
-1759
-1215
-508
83
592
1031
833
396
-339
-805
266
1380
1771
2389
3571
4051
4021
3214
276
-1632
-959
-467
-266
1243
2556
2000
466
-1719
-3800
-3815
-2089
-621
80
1195
2453
2268
1120
195
-596
-965
-169
1191
2278
3100
2897
1395
-442
-1637
-2158
-2381
-1953
-1252
-853
-547
-492
-867
-964
-582
-465
-484
42
562
258
-205
-692
-1409
-1661
-1651
-1511
-1157
-855
-616
-666
-1055
-1624
-1776
-1285
-696
-115
97
-81
-261
-289
-189
-251
197
1163
2525
3517
3152
2623
3076
3791
2960
918
-833
-1347
-129
991
800
950
1657
1002
-1486
-3701
-3846
-2098
-95
807
1051
1372
2043
2229
1153
-121
-304
563
1416
2126
2648
2399
1392
-404
-2012
-2250
-1836
-1616
-1383
-1276
-1373
-1246
-1211
-1437
-1160
-459
-151
87
581
428
-239
-657
-970
-1236
-1371
-1501
-1452
-1144
-1090
-1023
-1018
-1638
-2079
-1623
-1001
-797
-672
-498
-640
-663
-354
-70
1319
3267
3852
3546
3702
4247
4640
3989
1009
-1971
-1842
-345
273
804
1744
2019
1016
-1270
-3723
-4242
-2389
-239
381
516
1406
2123
1769
949
521
735
1647
2389
2413
2337
2028
830
-959
-1957
-1938
-1563
-1114
-1081
-1434
-1771
-1994
-2256
-2026
-821
96
233
239
0
-400
-558
-537
-515
-371
-432
-693
-881
-1289
-1854
-2334
-2552
-2424
-1891
-1159
-826
-964
-1401
-1720
-1473
-1095
-763
-116
1490
3497
4304
4304
4200
4415
5181
5179
2784
-406
-1514
-1109
-668
168
1350
1796
1170
-868
-3492
-4021
-2058
-128
430
521
990
1514
1498
1109
819
1026
1951
3079
3611
3371
2408
371
-1811
-2653
-2226
-1404
-682
-506
-964
-1432
-2019
-2798
-2854
-1763
-433
254
437
198
-373
-890
-1016
-569
-102
-197
-576
-950
-1376
-1581
-1774
-2297
-2750
-2701
-2071
-1479
-1331
-1578
-1951
-1852
-1031
-157
292
663
1425
2949
4134
4263
4480
5301
5538
4172
1838
-411
-1161
-15
556
-148
177
1044
134
-2022
-3241
-2572
-415
1536
1441
286
103
719
1155
1348
1728
2318
2912
2965
2526
2177
1376
-133
-1172
-1491
-1669
-1441
-1324
-2075
-2416
-1663
-1550
-1797
-1160
-794
-1180
-1154
-742
-752
-695
-471
-331
-93
-354
-1091
-1673
-1971
-1850
-1352
-1120
-1605
-2134
-2380
-2614
-2614
-2533
-2455
-2159
-1510
-753
-217
644
1643
2731
3726
3990
4378
5772
6691
5144
2378
450
-238
587
1433
301
-739
-2
-73
-1961
-2897
-1577
401
1613
1513
425
-85
640
1441
1676
2241
3309
3676
3046
2377
2271
2112
1258
-44
-1333
-2026
-2111
-2275
-2837
-3118
-2520
-1937
-1709
-1093
-519
-783
-1367
-1360
-1070
-894
-547
-256
-386
-853
-1359
-1858
-2044
-1834
-1744
-1784
-2007
-2353
-2478
-2489
-2596
-2991
-3249
-3014
-2339
-1287
-346
579
1546
2593
3734
4156
4417
5556
6189
4597
2234
930
617
1612
2768
1519
-629
-954
-1224
-2412
-1980
-55
1208
1684
1332
184
-26
1291
2280
2291
2592
3215
3377
3100
2670
2433
2156
1615
905
-175
-1335
-2103
-2637
-3108
-3072
-2354
-2081
-2169
-1477
-884
-1028
-980
-688
-715
-791
-790
-1149
-1554
-1726
-1925
-2034
-1934
-1680
-1803
-2424
-2947
-2974
-2529
-2270
-2472
-2879
-3270
-3347
-2898
-2064
-1160
1
1427
2555
3716
4933
5414
5443
4768
2877
1441
1622
2182
2586
2652
1159
-927
-1535
-1646
-1923
-716
1181
1663
1203
595
-79
207
1885
3325
3528
3329
3221
2891
2708
3181
3284
2657
2111
1214
-192
-1141
-1754
-2614
-2808
-2201
-2211
-2507
-2281
-2176
-1971
-1221
-558
-190
65
-273
-1148
-1737
-2019
-2183
-2070
-1908
-1922
-2105
-2566
-3149
-3325
-2853
-2355
-2395
-2715
-3163
-3562
-3450
-2993
-2248
-863
808
1506
1940
3382
4629
5273
5437
4057
2178
1912
2241
1904
1964
1854
75
-1448
-1443
-1247
-496
1055
1377
346
-8
304
531
1504
3020
3585
3280
2976
2718
2584
3066
3895
3815
3158
2279
553
-786
-920
-929
-1297
-1572
-1813
-2643
-3248
-3002
-2611
-1621
-457
-205
-322
-527
-838
-982
-1156
-1478
-1638
-1751
-2137
-2475
-2843
-3360
-3333
-2681
-1953
-1794
-2553
-3568
-3998
-3893
-3546
-2728
-1716
-711
279
741
1435
3239
5019
5445
4494
3239
2503
2322
2285
2029
1901
1282
-315
-1513
-1598
-793
574
1308
777
87
209
602
1063
2072
3064
3155
2617
2433
2666
3230
4066
4067
3305
2643
1647
349
-241
-254
-728
-1235
-1513
-2519
-3217
-2777
-2401
-1975
-1038
-727
-1265
-1341
-860
-596
-492
-633
-1171
-1709
-2063
-2240
-2523
-2983
-3132
-2966
-2667
-2453
-2574
-3090
-3672
-3454
-2873
-2753
-2485
-1987
-1449
-756
483
2642
4588
5227
4197
2445
2016
3004
3740
3165
2053
1358
-26
-1825
-1884
-325
1332
1890
645
-1191
-1145
742
2106
2589
3142
3155
2317
1702
2067
3245
4473
4710
3779
2771
2234
1592
845
547
423
-323
-1485
-2561
-3230
-2853
-1929
-1509
-1484
-1372
-1596
-2030
-1595
-708
-451
-720
-1206
-1751
-2034
-1978
-2070
-2514
-2816
-2880
-2796
-2817
-3073
-3242
-3279
-3024
-2851
-2922
-2568
-2056
-1661
-1336
-835
1001
3616
4595
3156
1488
1709
3130
4299
3906
1995
935
488
-1236
-2273
-498
1930
2346
755
-1475
-1877
642
3091
3250
2821
2686
1925
1412
2251
3622
4780
4894
3452
2157
2117
2239
1903
1621
1097
-43
-1052
-2015
-2719
-2081
-1166
-1222
-1619
-1987
-2314
-2128
-1264
-493
-442
-893
-1662
-2241
-2092
-1758
-1860
-2259
-2677
-2850
-2744
-2600
-2808
-3372
-3564
-3406
-3261
-2888
-2564
-2251
-1721
-1431
-971
561
2797
3559
2073
705
1157
3055
4716
4129
1973
730
500
-537
-1653
-560
1520
1968
412
-1749
-1959
735
3524
3710
2465
1771
1444
1740
3128
4528
5184
4639
2830
1521
2051
3106
3166
2646
1571
-228
-1303
-1565
-1757
-1332
-874
-1369
-2037
-2159
-2238
-2156
-1213
-387
-614
-1312
-2193
-2560
-1906
-1237
-1387
-2386
-3412
-3547
-2972
-2282
-2115
-2595
-3246
-3595
-3429
-3013
-2473
-2078
-2202
-2147
-1199
540
2520
2994
1306
22
976
2814
3755
3190
1640
495
318
-108
-619
495
2018
1440
-619
-1909
-1099
1481
3587
3418
2079
1505
1742
2499
3924
5209
5210
3954
2427
1815
2446
3322
3453
2650
1140
-314
-961
-884
-428
-162
-709
-1718
-2189
-1853
-1391
-1033
-648
-727
-1352
-1977
-2255
-2053
-1503
-1181
-1753
-2961
-3766
-3754
-3165
-2595
-2729
-3341
-3760
-3537
-2670
-1981
-1794
-1850
-2128
-2058
-932
672
1569
1570
925
122
624
2279
2909
2165
1030
-322
-1164
-557
543
1091
1177
359
-1091
-1258
357
2163
3008
2848
1913
1223
1870
3287
4607
5337
4793
3398
2434
2490
3231
3723
3232
1745
197
-483
-319
303
558
-89
-1089
-1865
-1949
-1214
-424
-146
-392
-1078
-1803
-1966
-1607
-1314
-1323
-1612
-2390
-3383
-3726
-3251
-2647
-2499
-3028
-3898
-4140
-3325
-2304
-1810
-1640
-1652
-1569
-780
343
767
505
363
424
538
1004
1441
1522
1363
318
-1375
-1669
118
1576
813
-794
-1503
-854
826
1920
1852
1881
2082
1723
1584
2755
4361
4855
4358
3460
2812
3402
4331
4331
3730
2566
960
-89
45
602
463
-113
-926
-1751
-1613
-1107
-811
-279
-273
-945
-1463
-1551
-1207
-929
-962
-1322
-2104
-2738
-3069
-3030
-2564
-2627
-3220
-3659
-3724
-3117
-2413
-2096
-1956
-1824
-1185
-291
368
595
228
105
461
719
812
476
224
395
-117
-1142
-1257
-251
597
141
-1119
-1651
-599
1023
1509
1099
1135
1688
2115
2337
2957
4052
4598
4081
3153
2801
3372
4133
4210
3454
2304
1419
914
676
760
615
-285
-1434
-2006
-1828
-1253
-545
-149
-508
-1108
-1270
-961
-540
-470
-838
-1468
-1950
-1863
-1689
-1871
-2194
-2790
-3544
-3647
-2975
-2413
-2352
-2575
-2856
-2333
-707
479
402
-40
-237
-123
485
1103
854
279
53
-516
-1338
-1199
-254
255
-142
-1230
-2335
-2014
-86
1444
1544
1013
475
456
1445
2786
3600
3804
3414
2724
2747
3714
4556
4625
3963
2718
1656
1404
1532
1643
1609
976
-194
-1000
-1133
-1107
-938
-695
-923
-1349
-1464
-1324
-914
-457
-444
-957
-1606
-1902
-1697
-1282
-1147
-1634
-2535
-2922
-2185
-1174
-1060
-1719
-2255
-1929
-892
-195
-289
-461
-336
-335
-400
-125
345
473
-300
-1704
-2373
-1554
-245
54
-778
-1644
-1812
-1267
-388
235
420
444
448
581
1344
2653
3482
3368
2831
2417
2511
3148
3714
3681
3205
2614
2067
1856
1990
1966
1535
870
189
-223
-252
-173
-160
-255
-639
-1182
-1473
-1443
-1307
-1236
-1264
-1386
-1484
-1373
-1273
-1358
-1388
-1469
-1821
-1926
-1443
-778
-318
-209
-420
-474
-33
278
-57
-477
-517
-476
-574
-811
-1032
-1070
-1241
-1864
-2324
-1889
-1061
-930
-1544
-1998
-1673
-727
59
76
-196
46
609
1059
1539
2004
2170
2165
2214
2367
2717
3101
3130
2778
2207
1598
1375
1586
1742
1612
1244
795
606
739
710
400
158
9
-220
-421
-509
-614
-839
-1168
-1511
-1778
-1819
-1593
-1351
-1333
-1508
-1759
-1742
-1129
-328
-42
-135
108
808
1491
1601
961
387
698
1091
530
-519
-1234
-1619
-1900
-2235
-2531
-2241
-1567
-1677
-2654
-3043
-2172
-891
-193
-419
-1036
-970
-49
832
1310
1698
1883
1754
1721
1936
2402
3049
3200
2467
1545
1179
1403
1796
1823
1231
407
-33
28
405
797
844
563
159
-234
-372
-175
52
-91
-587
-1107
-1437
-1449
-1233
-1143
-1233
-1352
-1505
-1504
-1033
-311
167
450
900
1458
1779
1596
1062
957
1553
1817
1040
-38
-629
-994
-1564
-2216
-2457
-2029
-1746
-2634
-3905
-3824
-2379
-1079
-905
-1563
-1966
-1358
-274
396
767
1137
1162
934
1091
1762
2597
3108
2754
1719
973
965
1313
1554
1351
629
-106
-347
-161
128
261
178
101
154
161
57
23
32
-116
-368
-591
-731
-728
-675
-727
-838
-890
-796
-474
37
396
518
928
1806
2580
2633
1974
1508
1970
2601
2194
938
-7
-344
-776
-1596
-2150
-1824
-1282
-1830
-3259
-3767
-2634
-1236
-1117
-2150
-2921
-2470
-1340
-553
-169
198
402
330
422
995
1794
2252
1976
1179
537
469
773
1034
958
360
-497
-929
-634
-30
251
27
-347
-552
-548
-414
-225
-56
-40
-214
-419
-515
-458
-351
-364
-504
-613
-476
22
666
1140
1401
1805
2553
3164
3044
2401
2185
2828
3410
2895
1693
894
619
138
-765
-1421
-1286
-945
-1535
-2916
-3530
-2718
-1594
-1297
-1764
-2203
-1997
-1324
-779
-424
-70
-75
-524
-710
-236
619
1404
1583
943
121
-175
-18
223
224
-323
-1217
-1748
-1585
-1058
-695
-756
-1056
-1211
-1031
-664
-387
-357
-548
-813
-1019
-1019
-689
-213
5
-185
-453
-283
455
1235
1516
1449
1609
2265
3101
3559
3436
3195
3320
3577
3423
2828
2159
1576
891
9
-686
-677
-201
-290
-1356
-2381
-2221
-1130
-410
-846
-1778
-1996
-1330
-612
-296
-194
-114
-67
-122
-139
228
868
977
238
-647
-1029
-889
-507
-312
-630
-1306
-1958
-2243
-1981
-1497
-1372
-1666
-1954
-1975
-1752
-1445
-1187
-946
-763
-894
-1249
-1290
-877
-464
-374
-533
-620
-208
662
1311
1629
2212
3081
3650
3603
3109
2839
3469
4381
4178
2938
2069
1964
1871
1310
535
231
524
324
-975
-1993
-1411
-161
105
-711
-1473
-1277
-354
267
197
79
199
74
-282
-209
386
843
715
143
-396
-529
-418
-515
-911
-1416
-1944
-2349
-2394
-2172
-2039
-2112
-2310
-2468
-2420
-2255
-2148
-2114
-2163
-2368
-2579
-2419
-1883
-1373
-1152
-1232
-1272
-715
369
1181
1425
1669
2296
3063
3576
3584
3469
3968
4733
4518
3341
2537
2558
2601
2009
963
300
546
787
-16
-1036
-866
88
410
-234
-954
-875
-75
522
425
290
629
933
841
840
1248
1641
1513
864
100
-339
-408
-454
-678
-1004
-1467
-2073
-2468
-2432
-2288
-2369
-2633
-2955
-3211
-3265
-3182
-3095
-2965
-2886
-3042
-3184
-3004
-2674
-2364
-2046
-1818
-1499
-725
200
728
1155
1922
2861
3718
4087
3662
3276
3791
4340
3912
3111
2702
2463
2085
1465
781
715
1150
743
-634
-1256
-427
586
711
127
-377
-104
749
1274
1335
1552
1804
1564
1207
1393
1918
2107
1662
836
222
171
303
73
-491
-1137
-1812
-2351
-2505
-2376
-2321
-2549
-2992
-3362
-3438
-3324
-3259
-3294
-3433
-3726
-3961
-3884
-3554
-3056
-2532
-2332
-2302
-1770
-785
11
638
1416
2188
2856
3277
3092
2938
3756
4648
4229
3095
2497
2448
2426
2013
1155
700
1055
956
-239
-1018
-370
680
956
363
-414
-367
616
1478
1750
1933
2044
1823
1685
2039
2601
2910
2614
1686
748
419
491
391
-22
-586
-1202
-1715
-1949
-1964
-1964
-2083
-2366
-2821
-3292
-3524
-3558
-3658
-3897
-4165
-4305
-4272
-4157
-4007
-3790
-3530
-3156
-2437
-1568
-962
-440
386
1347
2195
2740
2664
2443
3052
3922
3785
3048
2718
2639
2414
1952
1172
743
1221
1422
336
-791
-681
99
652
670
177
-112
425
1208
1692
2194
2613
2512
2278
2453
2850
3131
3137
2665
1891
1324
1085
922
731
436
-153
-967
-1564
-1665
-1472
-1343
-1506
-2049
-2767
-3233
-3272
-3125
-3174
-3614
-4251
-4700
-4796
-4596
-4219
-3912
-3742
-3289
-2505
-1852
-1279
-410
604
1521
2174
2126
1728
2203
3346
3657
2933
2131
1726
1746
1805
1231
484
561
881
319
-593
-800
-329
261
420
-65
-431
51
883
1470
1959
2324
2383
2432
2657
2890
3170
3441
3264
2603
1940
1490
1176
987
783
322
-278
-671
-796
-824
-854
-961
-1270
-1747
-2187
-2419
-2484
-2652
-3109
-3693
-4103
-4225
-4100
-3881
-3820
-3750
-3254
-2519
-1977
-1515
-880
-111
786
1528
1608
1439
1913
2652
2719
2217
1791
1625
1626
1405
698
191
447
633
-75
-1037
-1315
-895
-333
-206
-569
-744
-318
304
825
1377
1882
2144
2254
2404
2720
3232
3597
3355
2632
1953
1582
1456
1414
1229
759
144
-349
-599
-606
-492
-505
-794
-1295
-1797
-2072
-2124
-2173
-2399
-2825
-3316
-3612
-3531
-3265
-3070
-2834
-2427
-1996
-1583
-1083
-456
336
1119
1397
1179
1198
1705
2097
1997
1619
1294
1190
1128
736
251
265
530
257
-562
-1198
-1215
-804
-521
-724
-1103
-1121
-754
-284
196
719
1220
1600
1816
2004
2373
2849
3080
2855
2306
1773
1522
1476
1342
988
496
-14
-411
-574
-557
-518
-591
-888
-1363
-1729
-1798
-1763
-1891
-2222
-2627
-2920
-2993
-2882
-2642
-2207
-1637
-1223
-1058
-870
-340
540
1397
1706
1438
1205
1425
1795
1895
1694
1399
1161
937
592
305
397
637
448
-227
-800
-820
-405
-85
-251
-731
-1031
-917
-500
10
413
614
730
890
1131
1465
1834
2078
2103
1935
1616
1264
1043
951
829
564
184
-208
-487
-611
-677
-764
-889
-1106
-1429
-1724
-1899
-2011
-2120
-2257
-2412
-2509
-2479
-2366
-2129
-1649
-1069
-704
-592
-440
19
787
1463
1585
1300
1175
1349
1491
1433
1275
1116
940
648
290
198
499
740
495
-17
-287
-140
168
293
160
-31
-101
-36
149
446
739
878
848
791
876
1097
1271
1261
1115
911
672
432
270
206
169
60
-144
-354
-466
-485
-505
-545
-584
-673
-887
-1186
-1443
-1587
-1641
-1711
-1899
-2164
-2359
-2343
-2069
-1640
-1261
-1049
-901
-636
-151
466
925
1032
939
906
978
1074
1116
1047
893
724
556
437
493
675
715
510
280
251
425
645
742
697
629
635
709
833
1001
1170
1263
1243
1169
1131
1145
1142
1052
861
621
383
160
-43
-204
-336
-477
-612
-693
-709
-698
-683
-687
-728
-799
-883
-978
-1084
-1197
-1316
-1453
-1603
-1762
-1919
-2003
-1959
-1840
-1743
-1677
-1582
-1408
-1135
-796
-481
-250
-72
109
332
590
819
943
970
985
1035
1103
1166
1200
1193
1166
1160
1181
1191
1172
1132
1099
1082
1071
1051
1028
1050
1138
1232
1257
1213
1164
1167
1205
1203
1094
901
687
494
326
175
17
-180
-399
-598
-743
-835
-899
-997
-1145
-1269
-1315
-1320
-1348
-1420
-1516
-1594
-1634
-1681
-1766
-1846
-1875
-1856
-1802
-1713
-1611
-1506
-1384
-1243
-1073
-865
-654
-494
-359
-187
41
312
586
825
1027
1233
1451
1650
1803
1904
1937
1906
1816
1697
1601
1520
1409
1237
1030
855
776
791
817
799
761
761
814
906
993
1023
989
919
841
764
689
579
397
156
-96
-333
-531
-698
-883
-1125
-1387
-1607
-1766
-1889
-2005
-2125
-2215
-2239
-2210
-2151
-2069
-1958
-1817
-1641
-1448
-1274
-1129
-997
-869
-733
-574
-420
-322
-268
-190
-29
205
437
592
697
851
1088
1352
1557
1688
1782
1873
1946
1985
1997
1969
1858
1649
1399
1193
1081
1029
945
787
628
555
568
620
673
714
728
723
737
789
849
850
751
583
417
273
106
-140
-466
-827
-1180
-1504
-1790
-2032
-2242
-2427
-2579
-2659
-2646
-2566
-2460
-2337
-2180
-1967
-1699
-1417
-1154
-916
-705
-519
-342
-172
-44
26
72
147
264
390
490
557
641
777
939
1079
1201
1320
1437
1529
1584
1613
1629
1635
1594
1510
1424
1359
1294
1189
1044
887
754
645
553
491
472
467
451
440
469
535
601
611
560
486
399
280
102
-116
-358
-633
-942
-1263
-1558
-1816
-2046
-2257
-2440
-2561
-2595
-2559
-2472
-2335
-2137
-1891
-1632
-1380
-1133
-874
-614
-365
-162
3
159
324
486
607
682
729
774
837
907
953
974
987
1009
1045
1080
1098
1102
1122
1168
1207
1221
1214
1200
1192
1179
1156
1110
1040
951
855
785
744
703
636
560
505
482
477
466
430
363
265
140
3
-148
-326
-553
-815
-1080
-1318
-1527
-1702
-1835
-1941
-2030
-2091
-2098
-2033
-1912
-1772
-1642
-1519
-1371
-1190
-990
-776
-569
-392
-235
-68
133
353
552
699
798
885
991
1094
1149
1140
1088
1022
964
913
859
804
754
716
682
659
654
674
708
740
763
778
788
786
771
756
742
719
677
620
559
505
462
420
351
242
94
-80
-261
-429
-597
-789
-1003
-1215
-1390
-1509
-1576
-1620
-1651
-1661
-1634
-1550
-1411
-1246
-1090
-965
-858
-740
-612
-491
-394
-327
-271
-207
-115
14
169
330
479
609
731
853
967
1048
1086
1083
1049
986
892
788
687
596
510
433
377
353
353
359
367
385
413
452
500
542
574
595
610
620
635
648
648
625
577
493
369
203
-5
-241
-488
-740
-988
-1226
-1445
-1639
-1787
-1864
-1868
-1807
-1688
-1520
-1317
-1080
-825
-573
-350
-166
-25
75
140
182
208
214
211
218
246
295
356
417
473
540
619
692
742
759
755
742
713
678
640
601
560
513
464
430
417
419
415
403
385
372
370
375
377
379
387
400
421
448
470
481
476
450
396
307
173
-10
-238
-490
-758
-1035
-1312
-1577
-1817
-2007
-2119
-2138
-2061
-1904
-1689
-1432
-1135
-797
-445
-108
178
394
554
678
779
839
846
810
753
707
687
679
665
645
630
618
610
600
578
548
510
471
441
414
390
363
338
323
319
326
335
338
321
290
255
231
227
228
218
193
166
153
156
163
160
136
81
-6
-124
-265
-422
-603
-814
-1055
-1306
-1530
-1710
-1850
-1953
-2017
-2012
-1914
-1730
-1489
-1221
-932
-625
-298
25
312
548
745
912
1048
1147
1202
1227
1238
1244
1241
1215
1170
1110
1036
953
872
791
710
628
539
455
387
347
333
336
347
362
377
388
397
393
364
315
255
201
159
113
57
-12
-76
-121
-142
-155
-177
-220
-287
-377
-488
-618
-769
-933
-1112
-1308
-1510
-1696
-1836
-1915
-1939
-1903
-1805
-1644
-1430
-1176
-901
-619
-337
-68
169
368
539
690
818
920
1001
1065
1119
1172
1216
1237
1241
1235
1225
1209
1173
1117
1045
966
891
819
746
678
616
572
542
523
501
471
438
405
374
335
280
209
135
64
-11
-91
-178
-270
-362
-451
-536
-616
-701
-797
-904
-1018
-1135
-1244
-1351
-1458
-1560
-1659
-1737
-1783
-1789
-1750
-1670
-1549
-1388
-1196
-981
-754
-518
-285
-59
151
346
525
685
824
937
1028
1103
1169
1228
1270
1294
1307
1312
1311
1294
1258
1210
1162
1124
1088
1050
1007
953
900
859
832
813
780
725
642
549
462
381
294
194
81
-33
-143
-250
-357
-460
-566
-672
-775
-876
-972
-1076
-1195
-1319
-1433
-1531
-1611
-1685
-1757
-1816
-1852
-1851
-1801
-1711
-1578
-1419
-1242
-1052
-848
-636
-422
-212
-10
182
364
529
678
810
934
1054
1164
1262
1340
1392
1425
1439
1439
1424
1393
1348
1299
1247
1194
1144
1104
1068
1036
1005
981
960
942
921
880
818
742
668
594
513
415
292
150
2
-142
-279
-414
-551
-697
-854
-1006
-1150
-1282
-1408
-1536
-1657
-1764
-1849
-1919
-1978
-2018
-2034
-2006
-1934
-1826
-1696
-1552
-1393
-1217
-1017
-799
-581
-365
-158
43
236
417
581
726
858
974
1074
1157
1217
1253
1272
1279
1278
1271
1257
1235
1204
1169
1138
1111
1084
1059
1036
1021
1012
1005
999
987
967
941
913
881
841
788
720
630
518
393
261
117
-38
-206
-390
-582
-777
-966
-1141
-1304
-1458
-1601
-1728
-1831
-1908
-1964
-1998
-1998
-1965
-1893
-1796
-1682
-1551
-1406
-1238
-1054
-863
-673
-488
-306
-126
54
232
402
558
693
811
915
1000
1065
1099
1108
1095
1072
1046
1017
985
952
924
900
880
868
866
878
892
902
915
927
933
935
933
929
923
908
880
833
766
683
586
471
338
191
34
-134
-309
-490
-676
-864
-1049
-1219
-1369
-1499
-1610
-1702
-1772
-1812
-1811
-1769
-1690
-1589
-1477
-1359
-1234
-1098
-957
-811
-658
-499
-339
-179
-21
134
287
429
549
646
719
776
812
827
821
800
777
760
745
730
710
688
662
641
626
627
637
654
680
714
752
791
832
872
913
948
963
956
919
852
759
641
508
365
216
61
-102
-269
-436
-597
-747
-889
-1022
-1144
-1254
-1350
-1429
-1483
-1500
-1477
-1425
-1359
-1288
-1214
-1130
-1032
-922
-808
-695
-580
-461
-337
-205
-74
55
178
288
383
459
518
564
595
610
612
600
585
573
560
545
530
516
508
507
508
513
523
537
561
593
629
671
716
766
818
860
883
877
841
780
699
599
483
348
196
32
-135
-292
-440
-581
-716
-846
-968
-1072
-1155
-1211
-1242
-1241
-1209
-1147
-1062
-965
-864
-766
-667
-573
-487
-407
-328
-253
-180
-104
-24
59
149
241
323
389
433
461
474
480
477
461
438
414
403
398
399
400
400
400
395
394
389
384
381
383
394
416
449
490
532
570
599
616
613
586
535
456
356
240
115
-12
-144
-277
-407
-530
-644
-750
-850
-942
-1021
-1083
-1127
-1147
-1139
-1097
-1024
-928
-818
-700
-582
-462
-353
-254
-164
-75
17
107
195
276
349
418
482
535
569
580
576
561
543
521
495
470
454
450
452
459
458
445
420
387
351
318
292
271
257
248
246
252
270
296
321
338
342
326
283
217
133
42
-52
-146
-237
-328
-422
-518
-612
-704
-793
-876
-955
-1020
-1069
-1099
-1108
-1095
-1052
-976
-879
-770
-655
-540
-431
-327
-227
-131
-32
69
172
279
391
504
606
698
770
819
844
850
838
813
781
742
702
665
636
612
593
571
541
498
450
404
364
333
306
276
246
220
202
197
197
194
186
166
130
74
2
-80
-169
-260
-347
-429
-510
-591
-675
-759
-839
-917
-987
-1050
-1101
-1136
-1152
-1150
-1126
-1075
-989
-877
-754
-625
-499
-379
-270
-170
-79
11
107
209
320
434
548
658
758
845
918
974
1008
1018
1003
976
943
911
884
858
828
791
748
700
642
575
505
437
376
330
294
266
241
222
210
200
187
167
135
85
15
-72
-170
-271
-370
-464
-555
-642
-733
-833
-937
-1044
-1144
-1233
-1306
-1369
-1414
-1440
-1444
-1421
-1364
-1273
-1150
-1009
-863
-718
-579
-454
-339
-229
-122
-6
124
257
392
518
631
731
820
903
974
1030
1071
1098
1118
1134
1146
1154
1159
1155
1138
1106
1060
997
920
837
756
693
650
624
605
586
564
539
511
481
445
395
333
255
157
45
-78
-205
-332
-458
-583
-709
-842
-981
-1118
-1254
-1379
-1495
-1599
-1680
-1737
-1765
-1767
-1740
-1685
-1596
-1469
-1313
-1148
-985
-829
-689
-555
-428
-301
-175
-47
83
215
346
473
593
702
796
872
938
995
1041
1078
1103
1122
1133
1151
1172
1185
1188
1175
1145
1103
1055
1012
973
941
916
895
872
851
829
805
773
731
680
616
535
434
315
178
31
-119
-267
-418
-571
-735
-910
-1088
-1263
-1422
-1563
-1683
-1782
-1857
-1907
-1929
-1922
-1884
-1810
-1697
-1554
-1390
-1223
-1061
-915
-783
-659
-537
-407
-271
-131
6
139
269
394
508
612
708
798
886
968
1042
1100
1144
1178
1205
1229
1246
1254
1250
1235
1212
1186
1158
1135
1124
1121
1116
1102
1075
1039
995
940
875
804
731
656
576
476
357
212
55
-112
-287
-467
-652
-845
-1034
-1218
-1391
-1550
-1696
-1820
-1919
-1991
-2033
-2048
-2034
-1986
-1900
-1776
-1618
-1443
-1261
-1086
-930
-791
-666
-544
-419
-292
-164
-33
97
226
354
480
603
720
826
924
1010
1082
1142
1196
1249
1301
1353
1396
1422
1437
1442
1432
1410
1379
1342
1300
1258
1215
1171
1127
1083
1029
968
898
823
740
645
533
399
244
77
-95
-270
-441
-611
-781
-951
-1120
-1288
-1450
-1596
-1724
-1836
-1930
-2003
-2054
-2076
-2065
-2017
-1936
-1826
-1688
-1532
-1374
-1219
-1074
-944
-820
-699
-570
-430
-278
-124
27
170
309
446
580
712
828
923
1003
1074
1145
1220
1299
1374
1445
1509
1563
1602
1623
1625
1610
1582
1545
1503
1456
1408
1352
1287
1214
1131
1040
941
833
716
589
449
303
146
-19
-186
-352
-515
-674
-830
-987
-1141
-1288
-1424
-1551
-1666
-1767
-1856
-1927
-1977
-2005
-2013
-1990
-1934
-1853
-1747
-1623
-1491
-1359
-1234
-1114
-995
-866
-721
-563
-399
-233
-75
77
225
372
512
641
759
866
966
1062
1152
1231
1307
1389
1480
1573
1656
1717
1753
1763
1756
1739
1713
1678
1631
1576
1513
1441
1353
1250
1131
998
860
721
580
433
273
106
-63
-224
-378
-527
-675
-817
-953
-1079
-1202
-1325
-1448
-1568
-1675
-1765
-1828
-1870
-1895
-1907
-1912
-1904
-1874
-1817
-1730
-1621
-1502
-1378
-1254
-1129
-1000
-866
-725
-578
-426
-265
-100
63
220
368
515
660
802
937
1058
1164
1259
1343
1420
1491
1556
1613
1658
1692
1710
1711
1694
1662
1617
1566
1509
1442
1363
1268
1160
1042
917
788
650
502
348
194
46
-98
-238
-380
-519
-653
-777
-886
-984
-1071
-1154
-1235
-1311
-1378
-1432
-1475
-1511
-1542
-1570
-1589
-1596
-1591
-1576
-1547
-1497
-1428
-1336
-1225
-1105
-982
-860
-735
-610
-483
-351
-214
-72
75
226
373
515
658
796
933
1058
1168
1260
1330
1383
1421
1452
1480
1511
1535
1549
1551
1535
1501
1450
1389
1316
1234
1146
1052
952
848
737
615
485
348
210
72
-61
-187
-308
-423
-530
-626
-707
-778
-841
-898
-949
-996
-1036
-1080
-1125
-1172
-1219
-1261
-1295
-1316
-1332
-1339
-1342
-1336
-1317
-1281
-1229
-1162
-1081
-986
-880
-769
-652
-532
-406
-275
-138
1
142
284
424
560
683
795
892
975
1050
1118
1176
1226
1261
1282
1287
1285
1279
1270
1254
1230
1193
1141
1074
997
911
822
731
636
541
443
346
245
144
42
-58
-152
-236
-309
-375
-433
-487
-535
-579
-620
-659
-697
-737
-775
-812
-850
-893
-937
-976
-1008
-1034
-1052
-1063
-1063
-1057
-1041
-1014
-975
-926
-865
-794
-711
-614
-505
-388
-268
-147
-27
94
213
332
445
552
651
742
829
907
974
1025
1060
1083
1100
1108
1106
1094
1068
1028
978
924
869
809
749
682
610
533
450
360
269
181
103
36
-22
-72
-115
-156
-198
-240
-278
-313
-347
-381
-417
-452
-485
-516
-549
-583
-618
-652
-686
-720
-752
-783
-809
-833
-851
-857
-849
-834
-811
-783
-747
-703
-647
-582
-509
-428
-339
-244
-146
-46
52
145
233
317
394
466
529
583
634
680
720
751
771
784
785
780
767
745
717
684
641
591
539
494
449
408
369
327
285
246
205
162
123
90
65
50
39
29
17
6
-7
-21
-33
-51
-76
-109
-150
-197
-246
-300
-355
-405
-449
-481
-501
-511
-519
-527
-540
-553
-563
-567
-563
-552
-537
-519
-495
-467
-430
-385
-333
-277
-219
-164
-115
-72
-35
-2
31
68
105
143
184
224
260
286
302
310
314
315
313
307
298
287
277
268
260
257
256
261
269
283
296
307
317
321
322
321
323
327
330
331
327
315
296
275
249
217
177
130
81
32
-19
-66
-107
-139
-160
-170
-168
-165
-165
-174
-190
-212
-238
-263
-287
-310
-332
-348
-360
-370
-379
-384
-389
-390
-385
-380
-375
-370
-363
-353
-339
-319
-297
-274
-251
-227
-204
-178
-152
-126
-103
-80
-52
-22
15
55
97
138
178
217
251
283
311
338
363
388
415
442
463
477
482
480
472
461
447
430
410
387
363
338
318
300
285
271
260
246
232
214
196
174
152
125
98
70
41
6
-34
-83
-136
-191
-244
-293
-343
-388
-431
-467
-494
-517
-537
-552
-564
-572
-577
-579
-582
-580
-575
-562
-541
-516
-495
-475
-452
-424
-384
-338
-287
-235
-179
-122
-66
-11
45
97
147
196
243
284
322
354
381
404
424
440
455
468
475
478
477
476
482
491
507
525
542
557
564
565
559
544
523
498
468
441
411
376
336
287
234
175
116
56
-5
-66
-125
-183
-239
-293
-344
-392
-439
-484
-528
-568
-603
-630
-651
-664
-667
-663
-653
-640
-620
-597
-572
-546
-519
-489
-450
-403
-355
-306
-257
-204
-149
-94
-43
5
46
83
116
145
174
201
227
251
274
296
318
340
362
386
410
434
460
481
505
527
547
561
568
570
565
554
535
509
473
432
388
341
295
247
199
151
101
50
2
-47
-94
-138
-185
-229
-273
-313
-349
-385
-421
-453
-481
-504
-516
-527
-530
-529
-525
-517
-505
-488
-467
-441
-412
-379
-345
-311
-279
-249
-219
-187
-153
-123
-95
-66
-39
-11
17
44
71
99
129
157
185
214
243
274
304
331
359
387
414
435
452
461
465
467
465
456
438
414
389
360
331
300
266
231
198
164
132
98
63
25
-14
-48
-83
-114
-145
-171
-197
-223
-245
-266
-283
-295
-309
-321
-330
-337
-341
-342
-341
-337
-333
-320
-306
-288
-270
-251
-232
-211
-192
-174
-157
-137
-118
-98
-78
-61
-47
-30
-12
8
33
62
92
121
153
186
219
248
272
290
303
313
320
325
327
329
327
325
317
305
291
273
249
221
189
154
120
86
56
30
6
-15
-34
-50
-64
-75
-85
-97
-110
-124
-135
-144
-155
-167
-181
-192
-202
-210
-218
-226
-232
-234
-233
-231
-230
-227
-223
-215
-205
-195
-184
-173
-159
-142
-123
-102
-83
-66
-52
-35
-16
3
21
41
65
90
115
138
155
172
186
196
205
214
222
228
233
235
237
239
239
234
226
215
200
181
160
135
112
88
68
51
37
26
16
7
0
-8
-18
-27
-36
-44
-50
-57
-64
-71
-81
-96
-111
-125
-139
-150
-160
-169
-175
-180
-182
-182
-181
-178
-176
-172
-164
-157
-149
-142
-134
-127
-116
-99
-81
-63
-46
-28
-13
2
15
23
30
35
41
48
59
72
84
98
111
123
136
147
156
161
164
162
159
152
142
130
115
102
92
83
75
67
58
51
46
41
37
33
28
22
14
8
2
-6
-15
-24
-31
-36
-39
-42
-48
-56
-64
-71
-75
-79
-82
-86
-92
-98
-100
-101
-101
-102
-103
-101
-98
-93
-86
-80
-75
-69
-62
-53
-45
-36
-31
-27
-21
-14
-4
6
13
20
31
43
55
65
74
81
88
95
100
103
102
102
101
100
99
97
91
87
84
83
80
79
77
74
72
66
61
54
45
36
25
17
10
2
-4
-11
-18
-24
-27
-30
-32
-35
-38
-45
-51
-56
-62
-69
-78
-86
-93
-100
-104
-111
-118
-123
-125
-126
-126
-125
-127
-128
-124
-118
-110
-102
-94
-82
-68
-52
-37
-23
-8
4
18
30
43
53
62
69
74
82
92
103
113
121
127
130
133
135
139
140
137
133
128
121
114
107
96
87
75
66
56
45
34
26
18
13
9
4
-1
-7
-11
-16
-22
-26
-29
-35
-42
-46
-50
-58
-69
-81
-92
-102
-108
-115
-124
-132
-139
-147
-153
-155
-156
-155
-148
-138
-129
-115
-102
-91
-77
-64
-49
-35
-22
-10
-1
9
20
32
45
57
71
84
96
110
119
128
136
144
147
150
152
152
152
149
146
139
130
122
113
102
92
82
75
65
58
51
46
40
35
30
25
21
16
11
5
-4
-15
-27
-38
-49
-61
-72
-85
-98
-112
-122
-131
-139
-147
-154
-159
-162
-164
-164
-162
-157
-153
-145
-136
-127
-117
-104
-89
-78
-65
-50
-34
-19
-3
15
31
47
64
79
92
105
117
125
132
137
139
139
141
143
144
143
137
132
126
120
114
106
100
94
86
77
70
65
58
51
45
37
29
20
10
3
-7
-18
-33
-50
-62
-74
-87
-97
-108
-118
-127
-136
-143
-149
-155
-159
-162
-161
-159
-155
-152
-149
-143
-137
-128
-120
-112
-101
-90
-74
-59
-44
-27
-10
9
28
48
65
79
91
99
107
114
121
128
134
138
142
145
147
150
151
151
150
151
148
145
139
132
123
115
109
102
95
87
77
63
50
36
23
7
-9
-27
-42
-55
-66
-76
-88
-99
-108
-115
-122
-127
-134
-142
-148
-152
-153
-153
-153
-155
-156
-154
-148
-140
-131
-122
-112
-100
-86
-72
-58
-46
-32
-21
-7
9
23
35
46
58
69
80
91
98
106
116
124
132
141
143
146
147
148
149
147
145
141
135
130
124
120
113
107
100
91
81
69
57
43
29
15
0
-13
-27
-40
-53
-65
-79
-91
-101
-111
-120
-127
-133
-139
-144
-148
-151
-155
-157
-158
-159
-158
-155
-151
-145
-138
-128
-117
-106
-94
-80
-67
-53
-39
-27
-17
-10
-1
8
21
33
44
55
66
77
83
93
103
113
123
129
134
138
142
144
148
150
152
153
154
153
150
145
136
129
120
109
99
85
69
53
38
24
10
-4
-19
-33
-46
-56
-67
-77
-87
-97
-105
-111
-118
-122
-127
-131
-135
-139
-142
-142
-142
-141
-138
-135
-129
-121
-111
-103
-95
-86
-77
-69
-60
-51
-44
-37
-31
-23
-16
-6
5
15
26
37
50
63
75
86
96
106
117
126
135
143
149
155
161
162
163
161
156
151
147
141
133
123
112
102
94
86
74
63
52
40
27
14
1
-12
-25
-36
-46
-54
-63
-74
-84
-92
-98
-104
-109
-114
-119
-123
-125
-127
-128
-127
-128
-130
-130
-128
-127
-127
-128
-127
-125
-122
-117
-111
-105
-98
-89
-81
-70
-60
-46
-35
-23
-10
3
15
27
39
52
65
79
89
99
109
118
125
133
139
144
145
147
149
150
149
143
138
130
122
113
105
94
84
74
65
57
50
43
35
26
19
11
1
-7
-16
-26
-34
-42
-51
-58
-66
-72
-79
-86
-92
-99
-107
-113
-118
-122
-125
-128
-130
-132
-133
-133
-130
-125
-118
-112
-104
-96
-88
-81
-72
-61
-49
-37
-25
-13
1
13
24
36
48
57
69
82
90
97
105
112
120
125
130
135
138
141
142
140
138
135
130
127
122
116
110
104
96
91
85
79
69
61
53
45
35
26
16
6
-4
-14
-26
-37
-48
-57
-67
-78
-89
-99
-110
-119
-127
-133
-141
-145
-148
-149
-151
-151
-149
-146
-140
-135
-128
-122
-113
-104
-94
-84
-74
-62
-50
-38
-27
-16
-5
5
14
25
35
44
53
62
71
80
87
95
99
103
107
110
114
116
116
116
115
114
112
109
104
99
94
88
84
77
70
64
56
50
42
36
27
18
8
-2
-13
-23
-34
-46
-57
-67
-76
-83
-91
-95
-102
-109
-115
-119
-122
-125
-125
-125
-123
-119
-113
-107
-99
-92
-84
-74
-63
-53
-42
-33
-23
-15
-6
5
15
24
34
44
53
61
67
75
79
85
91
95
98
101
103
105
106
106
105
105
103
100
98
95
88
84
77
71
64
58
52
45
37
28
19
11
3
-7
-17
-29
-40
-49
-58
-69
-80
-88
-97
-103
-109
-112
-114
-115
-115
-115
-111
-108
-105
-101
-96
-89
-81
-73
-65
-56
-49
-41
-31
-22
-11
1
11
22
33
42
51
60
68
75
79
84
86
90
92
94
93
93
92
92
92
89
87
86
84
81
79
76
71
68
63
57
50
43
35
27
18
8
-2
-11
-19
-26
-36
-45
-55
-63
-72
-80
-89
-97
-106
-114
-120
-125
-129
-132
-130
-127
-124
-120
-112
-105
-98
-89
-81
-73
-64
-57
-48
-40
-30
-20
-12
-2
8
18
28
36
45
53
60
66
73
78
83
86
89
92
93
95
95
92
88
85
83
80
77
74
68
65
59
56
51
49
45
39
34
26
19
11
3
-7
-17
-28
-40
-50
-60
-69
-78
-84
-90
-93
-97
-98
-98
-96
-93
-88
-81
-73
-64
-55
-47
-36
-28
-19
-11
-4
3
9
16
22
31
37
45
53
58
64
70
73
76
77
78
79
79
81
83
86
87
88
87
86
84
84
82
78
73
67
60
53
43
35
25
15
6
-4
-16
-26
-39
-48
-57
-66
-75
-85
-92
-98
-104
-108
-114
-119
-124
-128
-128
-127
-126
-125
-122
-116
-110
-101
-91
-79
-68
-56
-46
-34
-24
-13
1
13
24
33
41
50
59
65
69
74
77
78
79
80
81
81
81
79
80
80
80
80
79
78
77
75
73
69
64
56
45
35
23
10
-2
-13
-26
-39
-49
-58
-66
-73
-79
-84
-88
-94
-96
-99
-101
-101
-101
-100
-100
-97
-92
-87
-81
-77
-71
-63
-53
-43
-33
-22
-13
-2
10
21
34
44
54
62
74
85
95
102
107
113
117
126
129
131
132
134
136
136
133
128
123
117
110
102
93
83
72
62
52
42
31
20
9
-2
-12
-21
-31
-42
-55
-69
-80
-92
-102
-113
-123
-132
-138
-144
-148
-150
-151
-150
-149
-147
-142
-135
-127
-118
-109
-97
-85
-73
-61
-50
-38
-28
-17
-6
6
16
24
34
44
53
62
74
83
93
101
111
118
125
129
132
134
138
139
138
134
128
121
113
107
98
86
74
60
46
33
19
4
-9
-21
-33
-45
-54
-65
-74
-81
-89
-98
-104
-109
-114
-119
-123
-128
-132
-132
-134
-133
-132
-130
-126
-122
-116
-109
-102
-92
-81
-67
-55
-42
-28
-14
1
15
29
41
55
66
78
89
98
106
113
117
120
126
131
133
136
139
140
139
139
138
136
132
128
121
113
104
93
80
68
55
43
29
15
2
-14
-27
-39
-52
-67
-79
-90
-100
-107
-114
-119
-123
-125
-126
-129
-129
-133
-132
-131
-129
-127
-122
-119
-116
-110
-102
-95
-86
-76
-63
-53
-42
-30
-19
-6
8
22
36
52
64
78
91
104
112
120
125
129
134
136
136
136
134
133
132
130
126
122
119
115
108
98
88
79
68
59
49
38
28
16
3
-10
-22
-35
-48
-60
-70
-81
-89
-98
-106
-115
-121
-126
-130
-132
-134
-135
-136
-133
-131
-128
-122
-116
-109
-101
-92
-85
-74
-65
-55
-47
-38
-27
-16
-4
7
17
29
38
49
60
71
80
87
94
101
105
110
114
116
119
120
121
118
117
115
109
103
96
87
78
71
60
50
42
31
21
11
1
-7
-17
-26
-34
-43
-51
-59
-65
-72
-79
-86
-91
-99
-103
-107
-110
-112
-114
-113
-112
-110
-106
-99
-92
-83
-75
-68
-58
-50
-42
-34
-27
-19
-12
-5
3
10
17
24
31
39
45
54
61
68
74
81
88
92
97
101
103
106
107
106
105
101
98
93
88
81
74
66
57
49
41
33
25
19
10
4
-3
-10
-15
-21
-27
-32
-37
-40
-45
-50
-55
-61
-66
-70
-74
-75
-76
-74
-71
-69
-66
-62
-59
-55
-54
-50
-46
-41
-38
-36
-34
-32
-29
-24
-18
-11
-5
2
9
17
24
30
36
40
44
48
52
56
59
61
62
63
63
61
60
58
57
54
52
48
43
38
32
27
21
14
7
0
-8
-14
-22
-29
-35
-41
-46
-51
-55
-57
-60
-62
-61
-59
-57
-55
-52
-50
-49
-46
-44
-42
-40
-39
-37
-34
-33
-31
-27
-23
-19
-12
-5
0
6
9
12
17
20
23
26
27
30
32
33
34
35
37
37
40
41
42
47
49
49
50
51
51
50
48
46
43
38
35
30
25
18
10
4
-2
-8
-14
-17
-22
-25
-28
-30
-32
-33
-32
-31
-32
-32
-32
-33
-34
-33
-32
-30
-29
-26
-25
-22
-21
-18
-16
-12
-9
-7
-5
-4
-1
1
4
6
8
10
12
14
13
15
16
15
16
16
16
16
15
16
17
19
22
23
25
24
25
25
25
25
24
22
20
17
14
10
7
3
-1
-7
-12
-16
-19
-21
-23
-25
-27
-26
-24
-24
-22
-19
-18
-15
-14
-13
-11
-10
-8
-5
-1
1
3
7
9
9
10
11
11
9
7
4
3
0
-2
-4
-7
-8
-10
-9
-10
-10
-10
-11
-10
-9
-7
-7
-8
-7
-8
-8
-8
-9
-8
-8
-7
-8
-8
-7
-7
-8
-9
-10
-9
-8
-7
-7
-7
-7
-6
-5
-5
-4
-4
-1
-1
0
2
3
3
3
5
6
8
11
13
17
20
22
26
29
30
32
33
34
35
35
34
31
29
26
27
24
20
17
16
13
12
12
10
7
5
1
-2
-4
-7
-10
-12
-14
-16
-18
-20
-19
-20
-20
-23
-25
-27
-29
-30
-31
-32
-34
-35
-34
-34
-32
-30
-31
-28
-25
-21
-20
-16
-12
-9
-7
-6
-3
0
3
5
8
11
13
16
19
21
24
28
32
34
36
38
39
40
39
39
38
37
35
34
32
29
26
22
18
14
13
9
6
3
1
-2
-6
-9
-11
-15
-16
-17
-20
-23
-24
-27
-31
-33
-34
-37
-38
-40
-42
-43
-42
-41
-41
-40
-40
-39
-37
-35
-33
-31
-26
-23
-18
-13
-7
-3
2
7
12
15
20
24
25
31
31
34
36
38
41
41
42
43
43
43
44
44
44
43
42
42
41
39
35
33
29
28
27
25
23
19
14
7
3
-3
-7
-9
-11
-12
-16
-20
-22
-25
-29
-30
-34
-35
-37
-39
-40
-43
-44
-46
-46
-46
-48
-47
-47
-48
-50
-49
-48
-47
-43
-39
-34
-30
-24
-21
-16
-11
-7
-2
2
4
7
10
14
16
19
21
23
23
24
23
22
19
19
18
20
22
23
22
24
26
26
28
30
30
31
31
32
31
30
28
27
27
25
23
22
18
15
11
9
7
6
4
1
0
-1
-2
-3
-4
-4
-4
-3
-2
-4
-5
-8
-11
-11
-11
-11
-10
-8
-6
-5
-5
-6
-5
-3
0
5
7
8
9
10
11
11
12
13
13
14
13
12
8
5
2
-2
-2
-5
-6
-7
-8
-8
-9
-9
-7
-5
-4
-2
-3
-3
-6
-9
-10
-11
-13
-14
-14
-15
-17
-20
-23
-25
-27
-28
-28
-27
-29
-29
-28
-27
-26
-26
-23
-22
-20
-19
-18
-18
-15
-14
-11
-7
-4
-1
0
1
2
4
5
7
8
11
13
14
16
16
18
19
21
24
26
27
25
25
22
23
23
22
20
18
15
12
8
4
1
-1
-3
-4
-4
-5
-6
-7
-8
-8
-9
-6
-4
-3
-1
-1
-1
-1
-1
1
2
1
2
1
0
-1
-2
-4
-3
-1
0
0
1
2
3
5
7
9
13
16
18
19
20
20
22
22
22
23
23
22
22
21
18
18
20
19
20
18
17
13
10
8
4
2
-3
-4
-7
-10
-13
-16
-21
-25
-28
-29
-31
-32
-34
-35
-36
-37
-36
-34
-33
-30
-28
-27
-27
-26
-26
-24
-24
-20
-17
-14
-12
-10
-9
-9
-6
-5
-2
1
4
5
7
7
8
11
14
17
19
20
21
20
20
20
20
21
22
23
24
25
24
23
22
21
21
18
16
15
12
9
4
1
-2
-5
-8
-9
-10
-14
-16
-18
-20
-21
-22
-22
-21
-20
-21
-21
-21
-23
-23
-24
-22
-19
-19
-15
-14
-12
-11
-7
-3
2
4
6
8
9
10
10
12
14
17
19
21
23
25
27
29
31
34
36
38
40
39
39
39
39
38
35
35
34
33
30
28
25
20
17
14
9
5
-1
-6
-12
-18
-22
-26
-29
-34
-38
-43
-46
-50
-52
-54
-56
-55
-58
-58
-56
-54
-53
-49
-46
-43
-39
-34
-31
-27
-24
-22
-19
-16
-12
-9
-6
-1
2
5
8
12
16
21
23
27
30
34
38
41
44
47
49
50
51
52
51
50
50
50
49
49
47
44
42
36
32
28
24
19
15
10
4
-1
-6
-11
-15
-19
-23
-26
-30
-32
-35
-38
-40
-40
-41
-39
-38
-37
-35
-34
-33
-33
-33
-32
-30
-30
-29
-27
-26
-25
-24
-20
-16
-12
-6
-1
2
5
9
15
19
25
29
33
38
42
44
45
46
45
45
46
44
43
41
38
35
31
29
27
25
23
20
19
14
10
5
1
-4
-9
-14
-20
-25
-30
-36
-43
-47
-52
-54
-58
-59
-62
-64
-65
-65
-63
-61
-58
-56
-55
-54
-52
-50
-47
-43
-41
-38
-34
-30
-27
-21
-18
-13
-8
-3
5
11
18
24
29
36
42
48
54
59
64
68
70
74
77
79
81
83
84
85
85
84
82
78
76
71
65
59
54
48
41
34
28
22
17
10
5
-1
-7
-14
-22
-27
-31
-35
-38
-43
-45
-49
-52
-55
-57
-59
-60
-63
-64
-65
-65
-64
-64
-61
-59
-57
-52
-48
-44
-41
-39
-34
-30
-25
-21
-15
-11
-7
-2
4
9
14
19
23
27
32
36
42
45
47
49
52
52
52
52
52
49
48
44
41
37
33
29
24
19
14
8
4
-3
-9
-13
-17
-21
-26
-30
-31
-34
-37
-39
-41
-42
-44
-45
-47
-49
-50
-52
-52
-52
-52
-52
-52
-52
-50
-48
-46
-42
-39
-33
-28
-24
-20
-15
-9
-3
4
11
18
25
30
36
41
45
50
53
57
61
64
66
66
66
66
65
66
67
67
67
65
63
61
57
55
53
50
48
44
39
34
29
24
18
15
9
5
0
-4
-10
-17
-22
-27
-31
-33
-36
-38
-42
-45
-46
-50
-52
-52
-54
-53
-53
-54
-55
-56
-56
-55
-55
-55
-52
-50
-48
-45
-42
-38
-33
-26
-21
-17
-12
-8
-4
1
5
9
13
18
21
24
26
27
30
33
36
37
39
39
42
43
43
43
42
42
42
40
39
37
32
29
26
21
18
14
11
8
7
5
1
-2
-5
-7
-11
-13
-16
-19
-21
-25
-28
-30
-33
-36
-36
-37
-37
-38
-41
-41
-40
-39
-38
-36
-36
-33
-32
-29
-26
-24
-22
-19
-16
-12
-9
-5
-1
2
5
7
9
13
16
20
24
25
26
26
27
29
29
30
31
34
35
35
36
36
35
34
34
33
32
32
31
29
27
25
23
22
20
18
14
12
9
5
1
-2
-4
-7
-11
-13
-16
-18
-20
-22
-23
-25
-28
-30
-32
-33
-34
-35
-34
-35
-33
-31
-30
-30
-29
-27
-25
-23
-20
-18
-15
-13
-10
-6
-3
1
4
9
11
14
17
19
22
22
24
25
27
26
26
25
24
25
24
24
24
23
22
22
22
22
22
23
22
21
21
19
18
15
13
10
7
4
0
-3
-5
-7
-8
-11
-13
-14
-18
-20
-21
-24
-23
-24
-25
-26
-27
-28
-30
-31
-31
-32
-32
-31
-33
-32
-31
-31
-31
-29
-26
-24
-19
-16
-12
-9
-5
-2
3
6
9
12
14
16
17
18
19
19
21
22
22
21
21
20
21
21
22
24
24
25
25
27
27
27
28
28
27
27
24
22
20
16
13
9
7
2
-2
-5
-7
-9
-10
-12
-13
-15
-16
-19
-22
-25
-25
-26
-25
-24
-24
-24
-25
-24
-25
-25
-25
-25
-25
-24
-21
-22
-21
-21
-20
-18
-15
-12
-10
-7
-5
-3
1
3
6
7
10
14
15
18
18
20
21
22
22
22
23
23
22
24
24
23
23
21
22
20
21
20
19
20
19
18
17
16
13
10
10
8
7
5
2
-2
-3
-5
-7
-7
-9
-10
-10
-12
-13
-13
-14
-14
-14
-15
-15
-16
-17
-17
-16
-18
-18
-17
-17
-16
-15
-14
-14
-14
-12
-11
-8
-7
-5
-3
-1
1
3
5
8
9
11
12
16
17
20
21
21
23
23
23
22
20
17
16
14
10
8
6
5
3
3
2
0
1
1
0
-1
-2
-2
-3
-5
-5
-8
-11
-14
-17
-20
-22
-25
-25
-26
-27
-28
-29
-29
-29
-29
-26
-23
-22
-20
-19
-17
-15
-14
-13
-11
-9
-7
-5
-4
-3
-1
1
2
4
6
7
8
11
12
15
16
16
18
19
21
23
23
22
24
22
23
23
23
20
20
21
20
19
16
15
13
11
9
7
6
5
4
4
3
3
3
2
3
2
3
4
5
5
6
6
6
5
6
5
4
3
1
-1
-2
-6
-7
-7
-8
-10
-12
-15
-13
-14
-13
-11
-8
-8
-7
-6
-5
-4
-3
0
0
0
-1
-1
-3
-3
-2
0
1
0
1
0
-1
-2
-4
-5
-4
-5
-7
-10
-12
-15
-17
-17
-15
-15
-13
-12
-12
-13
-13
-13
-11
-9
-7
-6
-8
-11
-13
-14
-14
-13
-11
-10
-8
-7
-8
-7
-5
-3
0
2
3
5
7
8
8
8
10
10
10
11
12
12
12
13
13
14
15
16
17
17
18
17
17
16
17
15
15
15
13
13
12
10
10
8
9
11
11
12
11
11
11
13
12
13
14
14
12
12
9
6
6
3
1
0
-2
-5
-8
-11
-14
-14
-13
-12
-13
-14
-15
-16
-17
-17
-18
-17
-16
-17
-17
-18
-18
-17
-17
-16
-13
-12
-10
-9
-9
-6
-6
-4
-3
-2
-1
-1
0
-1
0
-1
-2
-3
-2
-2
-1
0
2
3
2
5
6
8
9
9
9
7
5
2
1
-1
-1
-1
-1
-3
-5
-6
-7
-8
-8
-6
-5
-3
-5
-6
-6
-7
-6
-4
-3
-1
-1
-2
-2
-2
-4
-3
-3
-1
-1
-2
-2
-1
-1
1
4
6
9
11
12
13
14
15
18
19
17
17
17
16
14
14
12
11
11
11
11
10
10
8
7
7
9
10
10
11
10
10
10
9
8
9
7
6
6
4
2
0
-1
-2
-4
-6
-7
-8
-10
-10
-13
-14
-16
-18
-18
-17
-16
-15
-14
-15
-14
-14
-14
-14
-11
-10
-8
-8
-9
-9
-8
-8
-9
-8
-7
-7
-6
-6
-5
-6
-5
-4
-2
-3
-2
-1
-2
-2
-1
1
-1
0
2
2
3
2
0
1
1
1
2
3
2
4
4
3
2
4
4
4
3
1
-1
-3
-4
-6
-8
-9
-8
-9
-8
-8
-9
-9
-11
-9
-7
-6
-3
-3
-2
-1
0
0
2
6
6
