-6
-4
-2
-1
0
1
2
2
3
4
3
2
1
-1
-3
-5
-5
-5
-5
-5
-5
-5
-5
-4
-4
-4
-4
-3
-2
-3
-3
-5
-8
-10
-13
-15
-17
-20
-21
-22
-23
-24
-23
-24
-23
-22
-20
-18
-15
-12
-12
-10
-8
-7
-8
-8
-8
-7
-10
-10
-11
-12
-14
-16
-16
-17
-17
-18
-15
-15
-13
-11
-8
-7
-4
-2
1
4
5
5
6
7
7
6
6
5
5
4
4
3
3
4
5
5
6
8
7
9
9
11
13
12
12
12
11
8
7
6
2
1
-2
-4
-6
-8
-9
-10
-11
-11
-10
-9
-8
-6
-5
-3
-2
-1
-1
1
0
2
2
2
2
2
0
-2
-3
-4
-3
-2
-2
-1
2
3
4
6
9
10
11
13
14
17
16
16
16
14
12
9
9
7
6
5
3
2
1
1
0
1
1
1
1
0
0
-1
0
-2
-3
-5
-8
-9
-9
-11
-12
-15
-15
-18
-19
-19
-20
-21
-20
-21
-20
-19
-17
-15
-13
-12
-10
-9
-8
-7
-7
-6
-6
-6
-6
-5
-5
-5
-4
-4
-2
-1
2
3
5
8
9
10
11
12
13
13
13
15
15
14
14
14
13
12
11
12
11
11
10
11
11
11
10
12
12
13
14
14
14
15
13
13
12
11
10
7
6
5
3
1
1
-1
-1
-3
-4
-4
-4
-4
-4
-3
-4
-2
-1
-2
-1
-1
-2
0
0
2
1
2
2
2
3
3
3
3
4
4
6
6
7
7
7
8
8
7
7
7
5
5
4
2
0
-1
-1
-2
-3
-3
-3
-3
-2
-2
-2
-1
1
1
1
0
0
-1
-1
-2
-2
-4
-4
-5
-6
-6
-5
-5
-5
-4
-3
-2
0
0
0
1
3
4
5
6
5
6
6
5
5
6
6
5
5
5
5
5
4
4
5
4
5
4
4
7
5
6
6
7
7
7
7
7
7
6
5
4
2
1
-1
-2
-3
-3
-3
-3
-4
-5
-5
-5
-6
-6
-8
-8
-9
-12
-12
-13
-14
-15
-17
-19
-19
-19
-20
-20
-21
-22
-21
-20
-20
-20
-19
-19
-18
-17
-18
-18
-19
-19
-21
-20
-21
-22
-22
-24
-25
-26
-26
-26
-25
-25
-26
-25
-24
-23
-21
-20
-17
-16
-14
-12
-11
-11
-10
-9
-9
-9
-8
-9
-8
-7
-5
-4
-2
1
1
3
4
5
6
8
10
12
14
15
16
18
19
19
21
22
22
22
23
24
25
24
24
25
25
25
25
26
29
29
30
31
31
32
32
32
34
32
32
32
31
31
29
29
27
26
27
27
28
28
28
28
27
26
25
24
22
19
17
16
15
12
8
6
4
2
-2
-5
-7
-8
-10
-14
-16
-15
-15
-18
-17
-17
-15
-15
-17
-14
-11
-10
-9
-9
-8
-6
-7
-8
-8
-8
-8
-9
-12
-12
-12
-12
-13
-12
-11
-6
-6
-6
-4
-4
-6
-7
-10
-11
-11
-12
-13
-15
-16
-17
-19
-20
-20
-20
-18
-17
-16
-14
-12
-8
-7
-5
-2
0
3
2
3
2
2
-1
-4
-5
-3
-3
-6
-9
-9
-11
-15
-18
-19
-16
-13
-17
-17
-10
-4
-2
2
7
13
14
10
6
4
5
2
-5
-6
-4
-6
-10
-13
-9
-4
-3
-4
-3
-3
-2
-3
-1
8
17
20
22
25
23
20
19
18
21
19
12
7
5
4
6
10
19
30
29
23
20
17
19
17
15
19
18
14
7
6
11
14
12
11
8
4
-4
-7
-6
0
3
-1
-5
-2
1
0
0
7
10
0
-15
-29
-33
-28
-32
-33
-23
-17
-22
-37
-47
-43
-34
-32
-32
-29
-20
-15
-13
1
26
47
45
17
-12
-38
-69
-91
-93
-69
-31
-15
-26
-35
-36
-44
-56
-60
-51
-24
-8
-19
-21
-12
-2
6
0
11
35
37
30
17
6
8
-2
-17
-9
11
28
28
18
16
23
17
13
32
63
94
92
67
60
61
60
70
93
141
157
99
22
-35
-66
-74
-70
-37
40
86
48
-1
-35
-48
-28
-33
-27
13
17
-11
-60
-86
-52
8
47
69
89
77
43
10
-10
42
101
101
86
73
53
1
-57
-65
-28
8
-12
-73
-80
-61
-81
-101
-92
-47
-2
-11
-62
-64
-24
-10
-2
7
39
88
85
50
54
86
110
96
60
47
50
16
-48
-68
-48
-32
-45
-80
-75
-49
-64
-86
-84
-52
-11
-19
-33
-16
0
0
-9
-7
20
35
26
12
16
25
21
6
-3
12
17
3
-8
-14
-10
-12
-36
-41
-26
-24
-33
-47
-47
-34
-31
-31
-15
15
33
33
24
20
18
11
11
24
41
49
40
24
13
2
-3
0
6
15
18
10
-3
-9
-11
-12
-4
7
17
22
24
26
29
34
42
48
51
49
40
29
19
10
1
-3
-5
-14
-24
-33
-42
-45
-45
-45
-40
-35
-34
-34
-29
-20
-7
1
8
14
15
12
3
-5
-7
-13
-24
-33
-40
-43
-53
-61
-64
-64
-72
-86
-101
-114
-124
-131
-132
-118
-101
-85
-74
-65
-52
-39
-28
-10
11
33
49
57
62
62
61
59
61
67
66
58
48
39
32
23
14
10
11
12
5
-1
0
3
9
17
31
48
62
72
79
85
92
96
103
110
119
121
116
112
104
94
86
77
71
61
40
16
-13
-41
-68
-92
-106
-110
-108
-107
-102
-99
-92
-85
-77
-65
-49
-32
-19
-7
4
14
27
42
61
78
95
111
117
120
119
119
119
117
109
100
87
72
53
31
15
3
-8
-16
-25
-37
-46
-51
-57
-57
-55
-48
-40
-34
-27
-19
-16
-10
-3
5
14
13
8
8
6
-1
-10
-19
-29
-42
-67
-98
-129
-158
-192
-227
-259
-285
-300
-313
-321
-317
-308
-294
-278
-263
-242
-218
-195
-169
-136
-93
-44
6
58
113
168
218
260
301
337
360
371
375
377
376
374
368
366
362
353
339
319
298
274
247
220
198
175
156
139
131
129
130
134
136
136
134
129
120
111
106
103
90
71
49
21
-10
-55
-105
-156
-208
-268
-332
-393
-452
-505
-553
-593
-622
-647
-663
-672
-674
-670
-657
-635
-601
-559
-507
-445
-373
-290
-206
-122
-36
50
128
197
256
312
360
401
436
461
488
509
520
521
515
504
489
460
422
384
349
317
290
269
260
260
256
252
242
235
230
217
204
197
186
171
151
134
118
92
62
26
-17
-69
-138
-217
-297
-373
-450
-527
-601
-660
-710
-761
-803
-831
-847
-854
-852
-838
-804
-755
-696
-626
-540
-443
-339
-234
-125
-16
92
190
278
363
444
516
581
636
685
726
753
763
760
742
715
673
621
571
521
469
421
384
359
344
330
320
310
303
291
273
258
244
231
216
202
196
185
165
140
110
70
16
-46
-118
-195
-282
-378
-473
-560
-639
-717
-784
-836
-877
-907
-933
-943
-934
-915
-879
-828
-764
-680
-592
-492
-380
-259
-135
-15
102
214
315
404
486
560
626
676
720
756
780
792
786
768
735
684
619
548
482
415
351
297
257
236
221
215
214
210
204
192
179
162
140
118
102
88
72
49
25
-1
-40
-90
-150
-214
-284
-369
-460
-546
-626
-702
-775
-836
-885
-923
-956
-981
-984
-969
-942
-897
-832
-748
-654
-555
-445
-323
-197
-76
47
170
288
387
469
553
636
705
760
808
857
891
902
895
877
853
807
740
673
613
552
488
432
397
381
361
344
338
339
332
313
291
271
245
203
160
122
86
45
-1
-40
-81
-135
-199
-268
-340
-419
-511
-601
-685
-768
-850
-930
-993
-1042
-1081
-1112
-1125
-1117
-1091
-1048
-982
-895
-785
-662
-537
-405
-270
-137
-11
109
222
325
419
511
593
668
732
791
843
880
895
893
878
845
794
727
660
599
539
479
432
404
385
373
364
363
366
360
346
325
303
272
230
184
139
92
40
-11
-59
-111
-168
-231
-295
-363
-440
-526
-610
-696
-782
-869
-949
-1019
-1076
-1121
-1150
-1153
-1137
-1099
-1041
-958
-853
-737
-611
-479
-341
-204
-78
45
163
271
366
450
532
611
680
737
793
842
873
887
886
871
842
791
727
668
609
549
494
453
430
417
410
412
423
432
430
422
409
385
350
307
261
216
164
105
49
-5
-66
-132
-205
-276
-352
-436
-528
-615
-703
-793
-882
-964
-1029
-1083
-1126
-1155
-1157
-1133
-1088
-1021
-933
-824
-700
-571
-441
-305
-173
-49
71
186
288
383
472
554
628
689
744
792
827
839
833
819
792
748
687
619
560
504
445
393
359
340
332
329
335
353
374
388
396
401
398
384
358
325
287
239
184
126
67
2
-69
-147
-227
-311
-401
-499
-599
-697
-793
-883
-966
-1033
-1083
-1117
-1128
-1112
-1076
-1015
-937
-841
-731
-610
-480
-345
-209
-78
52
175
287
391
486
571
647
709
758
800
830
842
836
814
782
735
673
604
535
469
402
342
298
269
249
239
238
251
268
280
288
295
299
292
270
239
201
156
95
26
-43
-116
-197
-279
-363
-448
-539
-638
-738
-834
-927
-1015
-1095
-1162
-1207
-1235
-1241
-1223
-1178
-1106
-1014
-900
-771
-631
-484
-334
-188
-43
98
230
351
459
559
653
728
790
841
880
905
912
897
871
835
783
716
645
576
510
448
391
348
326
312
308
318
341
368
395
416
432
444
438
415
380
334
276
204
123
36
-52
-145
-242
-340
-436
-540
-644
-748
-850
-946
-1037
-1119
-1184
-1231
-1259
-1262
-1233
-1178
-1096
-988
-862
-720
-564
-406
-246
-88
65
207
339
458
560
651
727
787
836
873
896
908
899
875
836
787
724
650
572
496
427
362
307
268
248
241
247
267
294
327
356
381
401
409
404
385
356
314
260
191
112
28
-62
-159
-259
-360
-461
-563
-669
-774
-877
-976
-1071
-1156
-1230
-1282
-1314
-1328
-1310
-1264
-1187
-1086
-963
-819
-659
-488
-320
-157
6
161
301
425
534
635
724
791
842
885
916
927
920
897
865
822
760
691
620
550
482
417
361
326
305
293
294
314
344
377
410
440
466
482
483
468
443
406
347
276
196
108
14
-90
-200
-308
-419
-535
-651
-764
-874
-977
-1074
-1161
-1227
-1276
-1305
-1308
-1281
-1224
-1141
-1031
-900
-747
-579
-405
-227
-52
119
280
423
546
658
754
831
890
933
963
980
979
956
922
877
815
737
653
568
488
411
340
284
248
229
220
227
250
281
317
348
376
402
415
410
391
359
314
250
170
80
-19
-127
-245
-367
-492
-615
-742
-868
-987
-1100
-1205
-1298
-1376
-1438
-1479
-1499
-1493
-1450
-1380
-1285
-1164
-1018
-853
-675
-491
-305
-115
66
237
388
523
647
751
831
893
939
974
990
987
964
932
889
827
753
675
596
519
446
381
333
303
290
289
308
344
388
433
479
523
559
582
585
575
551
508
442
360
267
158
37
-96
-233
-371
-512
-660
-802
-931
-1053
-1165
-1261
-1344
-1404
-1435
-1451
-1435
-1382
-1302
-1197
-1062
-910
-737
-547
-359
-173
17
196
353
495
615
717
803
856
890
921
934
924
902
864
818
771
704
623
556
487
417
361
311
278
270
268
278
317
365
414
472
527
570
612
633
630
622
592
531
457
366
253
130
-5
-157
-306
-456
-617
-773
-916
-1057
-1182
-1292
-1391
-1461
-1504
-1530
-1523
-1481
-1411
-1309
-1181
-1033
-865
-678
-491
-302
-112
68
234
379
504
612
703
767
803
827
843
835
813
779
737
694
635
563
495
435
374
316
274
244
236
243
260
298
355
416
481
550
616
672
714
737
743
737
705
642
568
478
366
238
96
-52
-199
-351
-513
-665
-809
-951
-1072
-1180
-1276
-1337
-1378
-1401
-1383
-1333
-1264
-1165
-1038
-899
-741
-570
-407
-232
-53
100
242
371
476
568
642
679
705
728
725
706
681
633
584
531
458
388
327
265
204
161
122
102
105
111
135
186
239
297
369
435
498
559
597
622
641
636
602
557
489
402
304
185
51
-81
-223
-375
-525
-674
-818
-950
-1071
-1178
-1261
-1322
-1362
-1371
-1347
-1296
-1218
-1115
-985
-837
-675
-503
-330
-156
17
172
311
439
545
635
698
737
757
764
754
719
673
620
555
485
406
325
254
184
123
72
37
25
24
40
79
133
199
272
350
432
510
579
632
673
704
712
692
656
601
525
432
317
186
55
-90
-245
-396
-548
-697
-834
-961
-1073
-1158
-1219
-1265
-1270
-1245
-1195
-1109
-1004
-872
-715
-550
-382
-209
-28
142
296
429
541
641
716
757
777
777
762
728
666
594
516
426
327
221
122
34
-46
-115
-173
-205
-215
-215
-191
-141
-79
-5
78
165
260
356
437
503
566
612
630
626
600
558
499
409
299
181
54
-83
-227
-375
-519
-657
-783
-896
-997
-1071
-1122
-1152
-1148
-1114
-1054
-964
-847
-711
-554
-380
-206
-28
157
324
468
602
712
803
873
906
913
909
882
828
756
669
568
464
348
225
112
8
-88
-169
-236
-279
-302
-305
-283
-242
-183
-111
-26
67
162
256
336
404
471
512
524
525
501
456
396
308
202
91
-31
-166
-301
-436
-572
-693
-802
-903
-980
-1039
-1081
-1087
-1064
-1021
-947
-848
-726
-577
-418
-257
-85
97
270
427
569
690
798
885
931
953
959
939
901
840
756
665
565
446
327
209
87
-26
-126
-222
-291
-339
-381
-393
-374
-345
-296
-229
-156
-70
24
103
175
249
306
344
365
362
345
317
266
192
111
20
-84
-192
-307
-423
-533
-639
-740
-820
-886
-932
-953
-950
-919
-865
-789
-690
-567
-430
-288
-132
26
186
347
482
602
717
809
873
914
932
929
912
870
798
724
641
534
422
307
192
86
-16
-116
-197
-255
-309
-347
-357
-349
-326
-289
-245
-185
-113
-48
12
74
133
182
213
224
227
224
196
148
85
17
-60
-146
-250
-349
-438
-533
-625
-702
-769
-818
-848
-869
-865
-824
-770
-705
-608
-491
-366
-223
-85
57
220
367
483
598
706
791
854
887
896
907
902
853
789
732
652
559
456
339
239
145
36
-65
-138
-199
-252
-291
-314
-306
-276
-252
-216
-151
-85
-22
33
80
139
191
206
210
218
206
175
124
56
-8
-69
-163
-271
-360
-449
-543
-632
-722
-787
-824
-864
-890
-871
-829
-776
-702
-614
-502
-361
-233
-111
40
192
320
441
547
644
746
803
823
854
878
868
833
780
727
678
601
494
403
328
240
147
56
-16
-56
-100
-154
-173
-160
-142
-127
-104
-64
-5
42
62
96
144
172
177
169
158
152
129
65
4
-39
-99
-179
-264
-349
-415
-481
-576
-653
-696
-738
-775
-794
-792
-754
-693
-640
-567
-448
-331
-223
-102
19
151
278
369
449
546
630
671
695
718
732
736
705
653
623
585
517
433
354
289
227
149
67
13
-15
-57
-94
-108
-104
-83
-67
-60
-25
21
43
56
71
91
103
93
65
42
24
-15
-75
-132
-187
-243
-311
-396
-467
-523
-588
-663
-723
-761
-791
-813
-825
-817
-780
-722
-673
-602
-500
-400
-294
-185
-82
35
154
239
312
399
472
521
561
583
604
629
619
586
571
550
507
452
386
331
287
228
157
106
79
53
27
12
16
43
65
78
109
145
172
189
196
201
212
199
164
139
115
74
28
-28
-85
-124
-177
-249
-302
-348
-409
-463
-513
-564
-586
-606
-639
-636
-610
-586
-542
-484
-420
-334
-242
-165
-77
23
110
189
258
318
383
441
472
499
527
548
564
559
541
535
521
483
439
395
351
307
257
200
162
144
112
89
85
86
100
113
116
136
160
166
164
161
152
140
114
73
39
6
-44
-97
-143
-193
-236
-286
-348
-395
-441
-496
-550
-591
-631
-663
-685
-707
-705
-677
-652
-619
-560
-495
-423
-343
-272
-199
-114
-38
18
79
139
187
235
272
303
344
380
399
415
431
437
439
428
406
386
365
331
299
269
245
232
216
204
206
214
223
233
244
254
262
259
242
228
210
177
140
99
55
12
-31
-83
-128
-166
-210
-258
-297
-340
-384
-424
-470
-505
-525
-550
-568
-568
-560
-536
-503
-468
-415
-350
-289
-226
-160
-99
-38
25
72
114
165
204
234
270
296
321
355
375
388
404
413
410
404
391
367
345
320
288
262
244
228
216
212
213
222
232
238
246
252
253
247
232
210
187
154
110
73
33
-15
-59
-104
-151
-189
-231
-285
-326
-370
-423
-471
-518
-568
-598
-625
-659
-666
-657
-650
-624
-585
-544
-484
-416
-365
-299
-225
-171
-112
-52
-8
44
96
132
169
216
248
276
313
333
348
370
374
370
371
356
337
324
303
283
272
260
254
258
261
268
284
297
305
318
319
314
308
290
260
235
201
158
122
78
32
-5
-45
-94
-135
-179
-229
-275
-324
-384
-432
-476
-527
-563
-590
-613
-615
-604
-586
-553
-504
-454
-395
-327
-264
-200
-135
-80
-24
34
78
119
163
202
240
271
297
324
351
365
374
380
380
373
359
339
317
299
278
257
247
242
238
241
247
259
276
289
296
306
313
308
293
275
251
225
190
151
114
76
36
-6
-50
-90
-133
-180
-234
-285
-339
-396
-451
-505
-551
-589
-621
-643
-648
-642
-625
-595
-557
-510
-458
-401
-347
-292
-233
-180
-127
-76
-31
14
57
95
130
167
201
229
256
278
294
311
319
320
321
319
315
314
313
314
325
336
351
373
397
422
446
464
478
488
483
472
452
427
394
356
312
267
224
175
124
74
19
-39
-96
-161
-229
-293
-366
-440
-508
-572
-634
-686
-728
-759
-773
-777
-772
-750
-717
-679
-632
-579
-525
-467
-407
-352
-292
-235
-184
-132
-82
-33
17
64
106
148
192
228
260
290
315
337
355
367
378
390
400
412
426
444
462
483
504
527
550
567
576
584
583
575
559
534
504
470
427
381
333
283
230
177
117
57
-4
-72
-144
-213
-290
-371
-450
-527
-602
-667
-727
-777
-810
-831
-840
-834
-817
-787
-749
-706
-657
-599
-547
-490
-428
-375
-318
-260
-209
-151
-88
-34
22
84
138
193
247
293
336
380
410
437
462
483
501
520
539
556
580
603
625
650
671
687
700
704
697
682
657
620
578
528
470
411
349
284
217
152
82
15
-51
-122
-196
-270
-350
-433
-515
-596
-676
-749
-817
-875
-918
-950
-971
-973
-959
-935
-895
-844
-790
-729
-664
-604
-541
-479
-422
-366
-307
-250
-188
-119
-52
19
97
171
246
322
390
453
513
560
601
637
662
680
698
708
715
724
731
738
748
754
755
758
751
734
707
671
624
570
507
432
357
282
199
117
41
-37
-108
-175
-245
-313
-376
-445
-519
-589
-662
-732
-797
-861
-917
-957
-986
-1004
-1003
-987
-959
-913
-859
-800
-729
-658
-589
-518
-447
-379
-310
-243
-175
-100
-22
57
145
239
335
432
531
622
711
792
856
909
950
978
991
1001
998
994
986
971
957
945
931
912
889
862
826
782
726
658
582
498
401
298
197
94
-10
-109
-205
-294
-372
-450
-526
-593
-660
-731
-800
-873
-948
-1019
-1091
-1159
-1216
-1259
-1293
-1308
-1303
-1284
-1243
-1186
-1123
-1045
-955
-865
-772
-675
-582
-486
-390
-298
-201
-95
9
114
228
345
460
578
688
790
892
974
1037
1091
1126
1145
1150
1141
1124
1102
1075
1043
1012
982
949
916
878
838
792
736
671
593
508
413
310
202
96
-10
-111
-206
-295
-372
-444
-513
-579
-638
-700
-765
-832
-901
-969
-1036
-1104
-1163
-1211
-1251
-1277
-1285
-1276
-1249
-1202
-1143
-1070
-981
-886
-787
-679
-570
-461
-349
-239
-127
-8
112
232
360
489
615
742
863
971
1073
1159
1222
1270
1301
1310
1303
1282
1244
1201
1152
1093
1035
980
923
865
805
741
675
605
525
442
354
258
163
64
-36
-130
-220
-308
-387
-458
-525
-585
-641
-699
-751
-807
-867
-930
-993
-1059
-1121
-1181
-1235
-1275
-1303
-1317
-1313
-1290
-1250
-1191
-1118
-1033
-932
-825
-712
-592
-466
-339
-208
-77
54
189
326
459
596
732
858
979
1091
1190
1276
1345
1389
1417
1427
1414
1384
1337
1277
1208
1132
1049
963
880
795
711
630
544
464
383
299
216
134
47
-36
-117
-201
-275
-347
-416
-479
-536
-590
-643
-692
-742
-790
-838
-892
-945
-996
-1050
-1101
-1148
-1189
-1218
-1237
-1246
-1237
-1208
-1165
-1106
-1029
-942
-840
-725
-607
-482
-347
-213
-76
63
199
338
479
611
740
869
987
1094
1190
1269
1331
1380
1405
1407
1395
1363
1309
1244
1168
1078
986
889
788
692
599
506
418
336
255
180
106
32
-39
-107
-177
-244
-308
-370
-427
-482
-533
-578
-618
-659
-699
-735
-775
-814
-856
-905
-949
-994
-1040
-1082
-1115
-1143
-1155
-1155
-1142
-1111
-1062
-998
-919
-823
-717
-600
-472
-341
-205
-61
79
218
361
503
638
772
898
1012
1121
1216
1293
1357
1403
1424
1428
1411
1368
1311
1239
1147
1049
946
835
728
625
522
429
344
262
188
122
56
-5
-62
-121
-179
-236
-296
-352
-405
-459
-506
-550
-593
-631
-664
-699
-733
-763
-796
-830
-863
-900
-938
-971
-1005
-1033
-1051
-1064
-1066
-1050
-1023
-982
-923
-850
-765
-660
-547
-426
-295
-155
-17
128
271
410
550
681
801
912
1013
1095
1163
1214
1240
1252
1245
1214
1170
1113
1036
952
863
763
666
570
472
383
300
221
152
88
28
-27
-76
-124
-167
-205
-245
-282
-315
-348
-380
-406
-432
-458
-477
-498
-519
-537
-554
-574
-594
-613
-636
-659
-679
-704
-721
-735
-745
-750
-746
-736
-717
-686
-649
-598
-532
-456
-370
-269
-160
-44
82
210
337
465
589
700
803
891
960
1014
1052
1065
1063
1049
1014
969
919
858
795
735
670
607
551
492
435
382
327
272
220
162
106
54
1
-52
-97
-138
-175
-207
-235
-259
-276
-294
-314
-331
-351
-377
-403
-433
-466
-498
-529
-561
-586
-608
-626
-635
-641
-642
-635
-625
-614
-598
-577
-555
-528
-494
-458
-412
-357
-295
-221
-138
-51
42
142
238
329
417
491
552
601
631
644
645
632
606
578
543
506
475
447
418
399
384
367
356
341
319
296
265
227
185
139
89
40
-8
-54
-92
-123
-148
-164
-174
-180
-183
-185
-190
-198
-210
-227
-248
-272
-297
-321
-342
-360
-372
-378
-374
-366
-352
-331
-309
-285
-259
-237
-217
-196
-180
-165
-151
-135
-115
-92
-65
-33
3
45
85
125
166
202
232
257
275
285
291
288
283
277
269
259
254
251
247
251
254
255
257
255
244
232
213
187
160
126
89
53
17
-19
-50
-79
-105
-125
-144
-158
-170
-182
-194
-204
-214
-228
-237
-245
-255
-259
-262
-261
-255
-244
-229
-210
-191
-168
-144
-121
-102
-85
-73
-63
-56
-55
-57
-60
-64
-68
-73
-75
-76
-75
-73
-68
-61
-52
-41
-29
-15
2
21
39
58
80
103
126
151
174
197
219
237
254
270
280
285
289
290
285
279
268
253
240
222
203
183
163
141
121
101
81
65
49
36
26
18
12
10
11
12
18
25
29
39
46
53
58
62
62
60
56
46
34
19
-1
-26
-51
-82
-114
-148
-182
-218
-252
-287
-319
-346
-369
-385
-397
-399
-395
-386
-368
-342
-312
-276
-237
-194
-151
-105
-64
-22
19
55
90
122
148
172
193
208
221
231
236
236
235
228
219
208
193
177
163
147
133
122
111
104
102
101
107
116
127
141
155
171
187
202
213
222
227
228
224
215
200
180
157
130
98
61
22
-21
-68
-114
-165
-216
-266
-316
-362
-406
-444
-477
-502
-521
-533
-537
-533
-521
-501
-475
-445
-407
-368
-324
-279
-233
-188
-140
-96
-55
-13
24
58
91
119
141
164
181
194
207
216
223
229
234
238
247
254
260
272
285
300
316
336
353
371
389
403
416
427
433
433
431
423
410
391
368
337
303
263
219
171
120
65
7
-50
-110
-170
-227
-284
-338
-389
-437
-479
-513
-542
-566
-582
-591
-596
-592
-584
-570
-549
-527
-500
-468
-433
-397
-358
-318
-275
-230
-187
-143
-98
-56
-16
24
62
97
131
162
189
216
242
265
290
314
336
359
383
406
428
451
472
492
510
525
537
546
550
548
543
529
512
490
462
430
393
352
307
259
209
154
100
44
-14
-72
-127
-184
-238
-287
-338
-384
-425
-462
-497
-525
-549
-570
-585
-593
-601
-603
-602
-596
-587
-574
-560
-541
-520
-496
-467
-437
-404
-367
-330
-289
-245
-199
-154
-106
-55
-8
44
96
144
193
242
286
328
369
406
441
475
502
528
553
570
586
600
608
612
613
607
595
580
557
530
499
462
420
377
328
278
228
178
126
77
29
-17
-60
-101
-137
-171
-204
-232
-258
-284
-308
-331
-350
-370
-387
-405
-422
-434
-446
-457
-464
-469
-471
-471
-466
-459
-450
-435
-421
-403
-381
-357
-329
-299
-265
-230
-192
-149
-105
-60
-11
37
86
133
180
223
266
304
340
373
402
426
446
464
476
485
490
492
490
483
471
458
441
418
391
362
328
293
258
221
183
148
113
80
52
25
2
-18
-36
-54
-70
-87
-103
-123
-141
-163
-184
-207
-230
-252
-274
-295
-315
-333
-348
-364
-374
-384
-389
-393
-397
-398
-396
-394
-385
-375
-362
-344
-324
-299
-271
-238
-204
-165
-125
-83
-40
0
41
79
113
147
177
203
227
248
265
280
292
304
311
315
315
314
307
297
286
270
250
231
208
187
166
144
127
111
97
84
75
66
59
53
45
37
29
16
1
-14
-32
-49
-67
-86
-105
-121
-140
-155
-172
-186
-200
-214
-226
-239
-248
-257
-265
-271
-276
-278
-275
-271
-261
-249
-233
-214
-192
-166
-139
-111
-83
-56
-27
-1
24
49
73
95
120
142
162
182
202
220
238
253
264
274
281
283
284
280
275
270
261
251
242
233
225
217
209
203
195
188
181
171
160
146
129
111
92
70
45
21
-3
-28
-51
-75
-97
-119
-139
-159
-181
-199
-219
-238
-253
-268
-282
-291
-300
-305
-304
-301
-295
-283
-269
-253
-234
-212
-191
-167
-143
-120
-95
-70
-45
-20
5
28
54
78
103
127
150
173
193
211
226
239
247
253
257
259
258
256
251
245
241
235
230
226
220
213
206
196
184
172
156
137
119
98
73
51
26
-1
-24
-49
-74
-97
-121
-145
-166
-188
-210
-231
-249
-270
-286
-301
-316
-326
-332
-336
-337
-331
-328
-318
-305
-291
-274
-251
-231
-209
-184
-160
-135
-108
-82
-56
-27
0
29
56
84
110
135
158
179
197
212
225
233
241
247
250
250
252
251
249
248
245
241
238
231
222
214
203
190
178
163
146
129
110
89
68
48
25
3
-17
-39
-61
-82
-102
-124
-145
-164
-183
-200
-217
-233
-247
-257
-267
-276
-277
-280
-282
-277
-273
-265
-254
-243
-229
-211
-194
-176
-153
-131
-108
-83
-56
-31
-3
25
52
78
103
126
150
171
192
207
222
236
247
255
261
265
267
267
266
262
258
251
242
234
221
211
198
182
166
148
128
109
90
68
47
26
4
-18
-38
-58
-79
-99
-120
-139
-158
-176
-194
-207
-221
-233
-242
-249
-255
-258
-260
-261
-259
-256
-250
-242
-234
-223
-211
-198
-182
-163
-144
-122
-100
-77
-52
-28
-2
22
48
72
94
116
137
155
173
189
202
215
226
236
244
251
256
258
262
263
261
261
257
253
249
241
230
219
209
194
180
164
147
130
112
90
71
48
26
4
-19
-42
-64
-86
-107
-129
-147
-167
-184
-197
-210
-223
-232
-241
-247
-250
-252
-253
-251
-246
-240
-232
-223
-214
-202
-190
-177
-159
-143
-127
-108
-86
-67
-49
-29
-9
11
30
48
66
83
99
114
127
140
151
161
171
178
185
191
196
198
203
205
205
204
201
196
190
184
173
160
148
131
113
99
79
61
42
19
-1
-23
-45
-66
-87
-108
-129
-147
-164
-181
-194
-207
-217
-224
-232
-236
-237
-239
-237
-233
-229
-223
-213
-205
-195
-184
-172
-160
-145
-132
-116
-99
-83
-67
-51
-33
-19
-2
12
26
41
55
67
80
90
101
114
123
132
142
152
160
169
177
185
191
198
202
205
207
206
207
205
198
194
185
177
166
155
142
130
114
97
80
64
44
28
9
-9
-26
-42
-57
-71
-83
-95
-104
-112
-119
-124
-129
-135
-137
-140
-143
-144
-143
-144
-142
-139
-138
-135
-133
-130
-124
-120
-117
-112
-107
-102
-97
-92
-87
-79
-72
-66
-58
-50
-41
-29
-17
-7
7
18
32
47
59
73
87
100
113
122
134
143
149
155
160
163
165
165
165
163
158
152
147
137
128
121
109
98
87
73
61
48
36
23
12
-1
-12
-21
-31
-41
-50
-57
-66
-72
-78
-86
-93
-97
-104
-110
-114
-120
-127
-129
-133
-135
-137
-137
-138
-137
-135
-137
-133
-128
-127
-120
-114
-109
-101
-95
-84
-69
-55
-40
-23
-4
13
33
54
73
94
114
132
151
168
181
195
207
216
225
233
236
241
243
241
241
240
235
229
220
209
198
186
172
156
141
121
103
84
62
42
23
1
-18
-35
-57
-74
-96
-121
-144
-165
-190
-212
-231
-253
-273
-291
-309
-325
-332
-342
-350
-348
-353
-352
-343
-341
-331
-317
-305
-289
-270
-250
-229
-199
-173
-143
-110
-80
-47
-13
20
55
90
122
154
186
215
243
271
294
317
339
358
376
391
404
415
422
427
429
428
424
416
406
391
373
353
329
302
275
245
216
183
150
113
77
39
-2
-41
-84
-128
-171
-215
-260
-302
-344
-383
-420
-454
-484
-510
-531
-548
-558
-563
-563
-558
-549
-536
-517
-496
-471
-441
-411
-376
-338
-301
-259
-215
-170
-123
-75
-27
21
69
116
163
210
255
298
341
378
413
446
477
503
527
547
561
576
584
584
584
579
566
554
535
514
491
464
432
399
362
322
278
232
180
130
76
19
-39
-98
-158
-218
-277
-336
-391
-444
-492
-537
-577
-610
-640
-662
-679
-690
-693
-692
-685
-675
-656
-633
-608
-575
-540
-502
-459
-412
-362
-310
-254
-198
-138
-79
-21
38
97
153
208
261
312
359
403
444
481
518
548
576
602
625
643
657
669
675
679
677
671
662
646
626
603
573
540
503
462
416
367
314
258
201
140
79
16
-47
-110
-171
-231
-288
-343
-394
-442
-485
-523
-557
-585
-606
-623
-635
-640
-641
-636
-625
-610
-589
-565
-536
-501
-464
-423
-381
-338
-293
-245
-195
-147
-95
-48
1
47
92
136
179
220
257
293
324
355
383
405
426
445
460
472
483
490
494
496
494
488
480
466
449
430
404
375
342
305
264
222
176
128
80
31
-19
-67
-114
-159
-204
-247
-288
-324
-358
-391
-417
-441
-458
-474
-485
-490
-493
-491
-484
-473
-457
-438
-416
-392
-365
-336
-303
-269
-235
-198
-162
-126
-90
-55
-20
13
47
79
109
137
165
190
214
236
257
275
291
307
319
329
337
344
348
349
347
342
335
326
312
297
279
258
234
207
179
149
119
89
58
26
-4
-36
-65
-93
-119
-146
-170
-191
-212
-230
-247
-263
-276
-288
-295
-300
-304
-303
-298
-292
-283
-271
-257
-243
-225
-207
-187
-167
-147
-124
-103
-80
-58
-34
-12
11
35
58
79
101
122
143
164
184
203
220
235
248
258
267
274
279
281
281
277
271
265
255
245
232
219
201
183
164
145
124
102
79
58
34
11
-12
-32
-53
-72
-88
-104
-117
-129
-138
-146
-152
-157
-160
-161
-160
-160
-159
-154
-152
-148
-145
-142
-142
-137
-133
-128
-122
-115
-106
-98
-89
-79
-69
-58
-46
-33
-22
-9
3
16
30
42
54
67
77
91
101
109
116
119
121
120
119
113
108
100
92
81
71
58
47
35
22
10
-3
-15
-26
-38
-48
-58
-66
-72
-77
-82
-83
-84
-83
-81
-79
-76
-72
-66
-60
-53
-47
-40
-34
-27
-22
-16
-10
-6
1
6
11
15
20
24
27
31
36
42
48
55
60
66
73
79
84
89
94
99
101
102
104
105
104
103
100
97
92
84
74
65
54
42
30
18
4
-9
-21
-34
-45
-58
-70
-80
-89
-98
-106
-112
-119
-122
-125
-126
-125
-124
-122
-117
-112
-107
-99
-92
-81
-72
-63
-51
-40
-30
-19
-9
-1
9
17
25
33
41
49
55
64
71
77
82
86
88
91
92
91
90
89
86
82
80
76
72
68
64
59
54
49
43
36
28
19
10
2
-9
-19
-31
-41
-52
-63
-72
-82
-92
-100
-107
-113
-117
-120
-125
-125
-125
-126
-123
-119
-115
-110
-104
-97
-91
-82
-73
-65
-54
-44
-33
-24
-12
-2
10
20
30
40
50
60
69
78
88
95
102
107
112
114
116
117
117
118
117
117
113
111
107
103
100
94
87
81
74
67
59
49
39
31
20
8
-3
-14
-26
-36
-45
-54
-63
-72
-78
-85
-89
-93
-96
-98
-99
-100
-100
-100
-99
-98
-96
-93
-90
-88
-82
-77
-70
-64
-55
-47
-40
-32
-22
-14
-4
5
14
25
34
45
55
65
74
84
92
101
107
113
119
122
125
127
127
127
125
122
118
113
106
99
90
82
71
61
49
37
25
15
3
-10
-22
-33
-44
-56
-65
-74
-81
-89
-94
-99
-103
-106
-108
-110
-111
-111
-111
-110
-108
-104
-100
-97
-93
-90
-84
-77
-68
-62
-54
-47
-37
-29
-20
-11
-1
7
18
26
36
45
53
60
68
77
84
90
95
101
105
108
112
114
116
118
117
114
111
105
101
93
85
78
70
62
52
41
31
20
9
-2
-13
-24
-32
-42
-48
-54
-61
-67
-72
-76
-79
-82
-84
-85
-85
-87
-86
-86
-85
-82
-79
-77
-74
-69
-65
-61
-58
-54
-50
-46
-41
-36
-32
-26
-20
-15
-10
-4
0
5
13
16
20
24
29
33
37
40
43
44
47
47
49
48
48
47
45
43
42
40
37
33
28
24
18
13
5
0
-6
-12
-19
-24
-31
-34
-38
-41
-43
-45
-46
-48
-49
-49
-51
-50
-51
-50
-50
-48
-46
-43
-41
-38
-34
-31
-28
-26
-24
-22
-20
-17
-12
-8
-3
3
8
13
18
23
29
32
36
40
44
48
51
55
58
62
64
69
69
72
74
74
74
73
72
71
69
66
62
58
54
49
44
40
35
31
26
21
17
12
9
7
4
3
1
-1
-2
-3
-4
-3
-4
-6
-8
-10
-11
-13
-16
-18
-20
-23
-25
-27
-29
-28
-31
-32
-34
-33
-35
-34
-34
-33
-32
-31
-29
-27
-26
-25
-25
-24
-24
-23
-22
-20
-19
-18
-17
-17
-17
-17
-17
-15
-15
-14
-12
-12
-10
-11
-10
-10
-9
-10
-10
-11
-11
-12
-11
-11
-10
-7
-5
-3
1
4
7
11
15
19
23
25
28
31
33
34
36
36
36
37
35
33
32
28
24
20
17
14
13
8
5
2
-1
-3
-6
-8
-10
-11
-12
-15
-15
-17
-17
-18
-18
-18
-17
-18
-18
-19
-19
-18
-19
-20
-22
-24
-26
-27
-29
-29
-29
-28
-27
-27
-24
-23
-22
-18
-15
-14
-12
-10
-7
-3
-1
2
5
8
11
14
18
21
23
28
31
33
37
37
40
40
39
40
40
38
37
34
32
29
25
25
22
20
19
16
13
10
9
6
2
-1
-4
-6
-9
-12
-14
-16
-19
-22
-24
-26
-29
-30
-32
-33
-33
-35
-35
-35
-36
-36
-33
-33
-31
-28
-27
-23
-20
-16
-13
-8
-5
-1
4
7
11
17
19
23
27
31
34
37
39
40
42
42
43
43
42
42
42
41
40
39
37
35
33
30
28
24
21
18
15
9
6
2
-5
-7
-13
-19
-22
-27
-31
-35
-39
-43
-47
-50
-55
-58
-61
-64
-65
-67
-68
-68
-66
-66
-66
-62
-59
-56
-51
-47
-42
-39
-34
-30
-25
-20
-15
-10
-4
0
5
12
15
21
24
28
32
36
38
43
46
48
49
52
51
51
54
53
54
54
54
55
54
55
55
55
53
52
50
49
48
45
41
36
32
27
21
16
11
6
0
-5
-11
-16
-22
-27
-31
-35
-39
-42
-46
-48
-51
-52
-53
-53
-53
-50
-47
-43
-40
-35
-31
-25
-20
-15
-10
-5
0
3
7
9
13
16
19
22
25
28
31
33
36
36
38
39
41
40
41
43
42
42
43
42
42
40
39
37
37
36
33
32
28
25
20
16
11
6
1
-5
-11
-18
-25
-31
-38
-43
-50
-55
-61
-65
-70
-73
-73
-76
-76
-77
-76
-76
-75
-72
-70
-67
-63
-58
-54
-49
-44
-38
-31
-27
-20
-16
-11
-5
1
5
9
13
17
22
26
29
32
35
40
43
46
48
51
53
54
56
58
58
59
60
58
58
57
54
55
54
51
49
46
42
38
35
32
29
25
22
17
14
7
3
-1
-8
-13
-18
-23
-27
-31
-34
-38
-40
-43
-46
-47
-49
-50
-52
-52
-51
-51
-51
-51
-51
-50
-48
-46
-44
-42
-39
-35
-32
-28
-24
-21
-18
-14
-10
-5
-2
2
4
8
12
14
17
20
23
25
27
29
31
33
35
33
33
33
31
30
28
26
24
23
20
19
18
15
14
11
10
7
5
3
1
-1
-2
-2
-4
-5
-6
-9
-8
-9
-9
-10
-9
-10
-10
-9
-9
-8
-8
-7
-8
-8
-7
-8
-6
-4
-4
-3
0
1
5
8
10
14
15
16
18
20
22
22
25
27
29
31
32
33
33
34
32
31
30
28
26
25
22
20
18
14
11
9
6
3
1
-1
-3
-5
-7
-8
-12
-13
-14
-16
-18
-19
-20
-19
-19
-19
-19
-20
-22
-21
-22
-22
-23
-22
-21
-23
-23
-23
-21
-24
-24
-24
-24
-22
-24
-23
-24
-22
-21
-20
-18
-19
-18
-17
-15
-14
-12
-11
-10
-8
-8
-7
-6
-3
-2
0
2
3
4
5
6
8
9
10
11
12
13
15
15
15
17
18
19
20
19
20
22
24
24
25
25
26
26
25
26
25
24
23
22
20
18
17
17
16
14
13
11
10
7
5
3
2
-1
-1
-2
-4
-5
-6
-6
-7
-8
-10
-11
-12
-12
-13
-15
-16
-16
-18
-19
-20
-21
-21
-20
-20
-19
-21
-22
-22
-22
-22
-23
-22
-22
-21
-21
-21
-20
-21
-21
-20
-21
-18
-19
-18
-18
-17
-15
-14
-13
-12
-10
-9
-7
-5
-4
-2
0
1
3
5
6
7
8
9
10
10
11
12
13
11
11
10
10
9
9
9
8
7
6
5
4
3
2
1
2
0
-1
-1
0
0
0
-1
-1
-1
-1
-1
1
1
1
2
3
4
5
7
8
11
13
16
16
18
20
22
23
25
27
28
29
31
31
33
35
36
38
39
41
43
44
45
45
44
44
45
43
43
41
40
37
35
33
31
27
24
21
18
17
13
9
7
3
-1
-4
-9
-14
-16
-18
-22
-25
-26
-29
-31
-31
-35
-38
-39
-42
-42
-44
-45
-47
-47
-48
-48
-48
-46
-45
-45
-46
-45
-45
-43
-42
-40
-38
-36
-34
-33
-30
-28
-27
-25
-22
-20
-18
-17
-14
-13
-10
-7
-4
-1
1
3
5
8
10
12
16
16
17
18
19
19
21
21
21
21
19
18
18
18
16
14
13
11
11
11
9
8
6
5
4
2
1
-1
-3
-5
-6
-8
-10
-12
-12
-14
-15
-15
-17
-17
-16
-17
-17
-19
-18
-17
-17
-16
