3
-4
4
-1
2
3
1
6
-1
1
-1
-1
-8
2
2
-5
1
-2
3
-2
3
0
0
4
-8
1
-3
-3
5
2
3
-2
4
-4
0
1
2
-1
-4
5
-2
-3
2
2
-3
1
5
1
3
4
-4
-5
3
-6
2
-4
2
4
1
10
-15
0
-3
4
2
2
5
-9
6
-7
0
1
0
2
-3
1
6
-7
5
-2
-2
1
0
7
-2
2
0
-2
-2
7
-9
5
-2
0
3
-4
5
-9
4
-3
2
-3
5
-3
-2
0
-7
7
-9
7
-1
4
-1
6
-5
-5
11
-9
9
-1
1
4
-17
16
-12
-1
-2
2
4
-7
14
-10
7
-4
8
-7
-3
-1
-4
5
-3
0
7
0
-4
0
3
-5
1
0
-1
9
0
4
-6
0
-9
0
-1
1
-1
3
7
-7
5
8
-10
-1
1
-2
0
0
-1
-3
8
-1
-2
8
-6
-2
-2
7
-6
1
8
-17
4
1
0
4
2
-1
-4
-1
-2
5
-8
-1
3
-7
-2
-1
5
-5
12
1
4
-10
11
-2
-2
-1
1
-2
-3
2
0
2
-3
10
8
4
-1
-15
14
-8
-8
6
1
0
-5
11
3
-7
-9
3
2
-20
7
12
-8
-1
15
-1
-5
3
5
-2
6
-18
8
-2
-4
8
11
-9
-5
16
-14
-2
2
2
-15
14
3
-7
2
2
0
-7
16
-3
-9
0
3
-2
-3
-5
0
9
3
1
-4
1
5
-8
-10
5
4
-15
12
3
-6
1
4
19
-16
1
-2
-7
3
-3
-4
-4
12
3
-2
12
0
-15
15
-10
3
-16
10
-17
6
9
-5
7
-8
8
-3
6
-7
2
-4
-8
7
12
-18
8
3
11
-3
-8
0
-15
8
-2
-1
-2
-4
2
5
2
-9
13
-12
10
8
-5
-9
11
-9
5
-4
12
-10
-2
0
16
-4
2
3
-24
8
7
-3
-8
19
-13
9
-7
12
-18
25
-30
29
-20
10
-2
-18
10
-2
2
14
-15
-2
10
7
-7
-5
3
-25
37
-16
-4
3
1
-20
4
12
-8
-6
32
-17
9
25
-14
1
14
-10
5
-23
34
-24
-21
49
-33
-6
42
-6
-9
30
-22
8
-37
24
-22
-45
34
-18
9
22
15
-14
24
-16
16
-37
11
-16
-20
48
-18
-1
11
17
-14
-5
16
-28
-11
3
22
-26
16
16
-21
15
-5
0
-15
12
-9
0
-11
14
2
-26
53
-30
31
-48
62
-50
22
-20
32
-41
13
12
-13
-13
28
7
-41
55
-37
12
-14
3
-6
-27
2
10
-12
-2
7
27
-17
41
-38
0
-3
-3
40
-9
-11
37
-31
20
-30
-7
-66
13
14
11
13
33
39
-2
25
21
-67
21
-23
6
-5
13
-16
13
25
-5
-31
28
-46
2
-16
4
-24
11
-17
32
-22
36
-25
24
44
-96
121
-69
-1
-32
68
-66
4
19
23
-36
4
79
-93
35
12
-5
0
4
29
-48
34
-9
-21
-37
17
-7
-12
52
21
-16
6
60
-45
-29
-44
14
-72
20
45
32
6
95
56
-8
20
-125
-94
-58
-159
64
-118
305
-91
246
370
-180
188
-264
-105
-275
-157
-64
-117
69
338
11
277
53
16
-156
-66
-71
-280
61
-57
79
82
117
99
1
106
-23
-50
-32
-41
-27
-26
76
-26
-77
-1
3
-81
-20
-20
60
-130
144
-58
-32
14
24
-6
-58
26
-8
72
12
89
2
18
57
6
-50
35
-36
8
-42
20
23
-111
47
35
-49
-7
23
-50
-65
5
76
-90
36
55
-5
-3
37
-14
-100
-57
-12
-124
100
82
92
289
182
180
-74
-62
-269
-245
-249
-126
-100
70
241
156
114
54
-80
-102
-168
-83
-36
-81
137
119
122
122
110
35
59
52
48
-51
17
5
30
8
35
-94
-58
-67
-127
-77
-102
-59
-145
-19
8
-55
-19
39
-19
65
173
77
59
57
63
5
-32
86
11
31
81
113
69
3
-54
12
-130
-110
3
-112
-85
73
42
24
4
-14
-216
-191
-180
-104
-120
23
109
45
208
165
72
72
-81
-112
-58
-60
40
6
182
189
40
157
-41
-77
-114
-96
28
-22
24
107
45
-49
-80
-97
-111
-70
42
64
127
77
144
27
2
-44
-86
-99
-100
-50
-23
13
7
92
-123
14
-6
-36
34
24
98
-44
6
65
-173
19
27
-7
150
44
431
14
-24
75
-347
-189
-170
-205
-124
23
288
89
86
157
-142
-178
-128
-97
-138
25
208
36
193
187
128
153
77
79
-138
-67
-17
-171
-156
-81
6
-13
51
180
-192
16
-93
-120
-67
-179
150
-66
173
131
-54
-40
16
29
-98
20
96
105
172
309
105
-40
8
-72
-87
-102
-4
-82
46
125
115
-129
-84
-112
-154
-97
-43
-24
-70
129
98
71
-6
-38
-48
-160
-71
-105
-41
7
51
91
142
51
35
33
-13
-66
-14
49
-38
228
123
104
80
43
-49
-203
14
-149
-112
43
118
-39
-20
7
-205
-80
-51
-20
-9
64
201
33
40
18
-165
-60
-37
-66
-39
20
-13
39
3
106
-4
21
120
-59
-111
-52
-93
-71
-1
12
144
-4
198
88
66
29
-53
-38
-123
36
3
13
48
57
116
-18
-14
-89
-147
-66
-19
9
15
26
49
-58
12
-33
-103
-65
-35
86
51
149
43
25
65
67
34
51
-16
40
101
82
7
-78
-216
-64
-56
-41
-2
-75
85
39
22
-32
-192
-110
-23
-92
-26
-22
4
102
115
134
28
-19
-14
-20
48
112
10
56
27
33
-38
-121
-15
28
-7
51
34
70
-17
-57
-70
-197
-91
57
34
53
44
35
-31
-31
47
31
96
134
46
46
-12
-57
-121
-125
-79
-85
20
100
129
150
102
152
-31
-97
-151
-211
-235
-162
-28
-10
124
155
196
70
103
-38
-148
-175
-98
-104
-63
99
58
68
108
-5
14
-100
14
-9
-11
66
7
86
28
88
121
-63
55
-16
-53
24
-2
12
-55
43
-86
-199
-70
-80
-113
33
145
20
-8
76
-59
-72
-64
-40
-10
-4
146
65
71
108
-15
-73
-70
-8
-57
21
121
56
88
53
-21
-50
-62
39
60
59
73
-40
24
5
-3
-5
-59
21
-4
-79
-93
-86
-36
-27
62
83
-42
12
-62
-122
-42
18
90
98
128
-16
-18
-27
-111
-98
-46
57
43
63
105
34
-31
38
10
9
-2
-25
-14
32
31
27
14
63
74
-46
31
-57
-50
-72
0
-6
-73
7
41
-78
-8
-27
11
-64
19
-21
-90
-48
-35
-58
-20
51
54
88
34
0
-41
68
18
72
63
91
-56
26
-2
-34
-100
-1
36
30
45
3
-27
-9
1
-71
-30
-144
-124
-37
87
84
122
162
93
170
58
-28
-36
-110
-57
-83
-64
-6
-31
5
-44
-175
-91
-67
-32
-62
-13
57
-42
23
6
7
20
49
160
190
208
147
53
34
-31
-122
-120
-113
-44
-133
-57
-2
-57
-9
39
60
-18
6
-18
-75
-1
-67
-26
20
129
38
-82
-23
-24
-110
47
168
162
169
172
122
-56
-148
-167
-94
-30
24
-4
90
60
22
15
-12
11
18
27
3
-81
-81
-112
-43
-18
-3
40
39
117
80
54
16
22
12
-1
72
-7
30
-4
14
20
-51
-33
-94
-81
-105
-76
-25
-29
-45
-15
78
-15
-1
5
-30
70
49
-11
-71
-78
-74
-100
-51
-15
-65
36
71
49
63
43
59
62
35
-23
-121
-210
-217
-175
-186
-117
-21
42
85
31
78
-32
-33
-39
-2
-30
-61
33
28
4
36
-14
-21
22
36
62
43
188
164
98
-7
-59
-85
-175
-87
-39
-15
59
73
14
39
41
-10
-29
-37
-12
-115
-100
-89
-106
-62
11
14
56
127
99
36
55
-19
-87
-112
-31
-49
4
91
59
48
2
-4
-126
-103
12
-12
6
42
43
62
58
25
-38
-62
4
25
50
157
107
90
110
57
-8
-60
-50
-49
-11
92
77
33
51
56
59
107
149
130
180
173
130
57
138
102
119
223
226
232
227
209
94
76
120
121
86
85
80
48
32
56
119
201
222
220
139
79
31
-6
19
12
14
-59
-155
-184
-208
-223
-227
-234
-199
-211
-223
-201
-206
-207
-198
-223
-209
-175
-205
-243
-234
-206
-217
-252
-219
-248
-302
-292
-282
-242
-250
-214
-188
-178
-153
-172
-260
-327
-315
-328
-314
-310
-234
-174
-141
-63
-30
-19
10
14
24
-17
-52
-22
38
127
173
235
236
245
222
210
163
100
154
183
197
247
288
354
347
294
281
221
210
216
246
235
264
287
323
291
274
237
142
201
154
100
76
88
60
-25
35
105
134
180
134
98
123
86
104
97
141
146
105
133
136
119
45
41
30
35
30
1
-16
-18
56
87
144
188
328
546
698
763
805
884
858
747
567
363
117
-153
-442
-674
-854
-974
-1113
-1273
-1277
-1292
-1287
-1307
-1270
-1272
-1332
-1299
-1284
-1247
-1133
-974
-801
-632
-340
-34
176
460
670
797
829
858
794
659
592
454
356
264
218
164
69
116
87
44
71
98
92
30
51
23
-38
0
28
49
147
278
477
635
820
995
1137
1295
1346
1360
1339
1278
1150
1066
968
815
700
650
596
506
375
275
111
-127
-241
-418
-558
-589
-630
-748
-792
-758
-727
-687
-652
-589
-586
-533
-451
-458
-496
-472
-478
-501
-494
-437
-426
-398
-357
-329
-356
-345
-414
-503
-479
-556
-582
-572
-475
-519
-537
-449
-426
-429
-404
-356
-316
-270
-217
-277
-357
-280
-247
-334
-356
-90
546
1025
1298
1616
1864
1909
1775
1654
1215
659
385
56
-540
-901
-889
-1108
-1438
-1349
-1218
-1336
-1267
-1082
-1264
-1471
-1326
-1320
-1607
-1513
-1215
-1231
-1153
-598
-116
244
851
1377
1527
1724
2043
1916
1624
1572
1341
811
482
392
109
-72
1
-59
-156
-33
76
-121
-189
-85
-337
-659
-714
-731
-854
-725
-408
-184
138
741
1207
1496
1948
2248
2283
2252
2280
2203
1995
1872
1648
1289
1070
971
800
645
580
426
144
-67
-234
-504
-792
-967
-1197
-1417
-1392
-1306
-1284
-1166
-865
-616
-457
-228
-46
77
167
188
96
35
15
-56
-124
-141
-149
-161
-176
-250
-283
-348
-424
-548
-655
-724
-821
-899
-964
-980
-918
-835
-763
-648
-539
-506
-564
-586
-517
-426
-420
-394
-358
-390
-334
-276
-298
-374
-116
683
1326
1605
1896
2228
2213
1884
1635
1133
467
83
-320
-1061
-1556
-1380
-1569
-2127
-1986
-1659
-1821
-1924
-1526
-1582
-1985
-1698
-1558
-2028
-2083
-1544
-1474
-1640
-914
-97
240
898
1779
1998
2043
2553
2570
2077
1992
1974
1241
546
602
408
-23
106
264
16
13
398
264
-185
-130
-296
-1004
-1341
-1230
-1366
-1392
-817
-385
-138
572
1504
1984
2453
3157
3362
3247
3375
3404
3073
2842
2726
2288
1948
1998
1888
1522
1493
1443
873
336
122
-282
-914
-1215
-1546
-2145
-2356
-2177
-2218
-2167
-1593
-1095
-930
-524
-3
159
254
499
358
67
165
230
-40
-132
-4
-154
-352
-290
-241
-429
-426
-447
-833
-1103
-1152
-1366
-1653
-1628
-1555
-1676
-1596
-1340
-1261
-1181
-886
-713
-761
-573
-327
-398
-413
-227
-304
-548
-501
-423
-590
-572
83
870
1371
1848
2237
2426
2409
2310
1987
1310
762
398
-184
-856
-1110
-1042
-1380
-1701
-1539
-1480
-1697
-1706
-1576
-1943
-2256
-2095
-2290
-2735
-2582
-2124
-2194
-2018
-1111
-381
128
1005
1810
1940
2141
2650
2495
2043
2070
1901
1161
686
789
531
226
408
399
81
134
274
-189
-617
-581
-970
-1752
-1943
-1823
-1981
-1875
-1252
-822
-389
600
1512
1934
2571
3363
3550
3535
3896
4074
3846
3832
3778
3288
3026
3129
2874
2391
2288
2048
1222
657
385
-320
-1110
-1482
-1920
-2595
-2753
-2590
-2669
-2469
-1820
-1373
-1124
-525
19
150
435
783
682
568
809
849
558
518
604
352
124
191
38
-310
-419
-518
-942
-1283
-1343
-1630
-1929
-1945
-1968
-2164
-2132
-1852
-1816
-1818
-1517
-1291
-1273
-1094
-832
-814
-802
-652
-693
-784
-761
-757
-980
-1094
-761
-56
698
1192
1571
1968
2180
2074
1944
1719
1154
658
232
-493
-1140
-1160
-1221
-1874
-2098
-1845
-2044
-2397
-2197
-2151
-2670
-2738
-2511
-2919
-3187
-2612
-2287
-2503
-1937
-851
-420
109
1233
1865
1930
2464
2918
2515
2337
2667
2316
1530
1445
1470
935
757
1091
864
511
684
592
-53
-263
-206
-775
-1389
-1385
-1448
-1670
-1291
-730
-438
143
1054
1593
1958
2768
3397
3498
3707
4079
4072
3886
3972
3867
3504
3398
3377
2980
2644
2542
2170
1520
1060
634
-104
-698
-1057
-1580
-2031
-2035
-1982
-2056
-1785
-1254
-966
-719
-233
103
241
526
747
704
705
837
734
518
545
598
410
258
194
-24
-302
-432
-611
-1015
-1299
-1452
-1775
-2089
-2102
-2071
-2134
-2029
-1812
-1776
-1670
-1316
-1110
-1106
-998
-890
-1020
-1068
-947
-1067
-1322
-1367
-1380
-1569
-1580
-956
-64
618
1166
1678
2025
2141
2157
2032
1501
900
558
-6
-869
-1286
-1172
-1476
-2030
-1982
-1860
-2162
-2265
-2041
-2366
-2907
-2826
-2907
-3506
-3527
-2885
-2788
-2863
-1997
-1041
-601
248
1353
1779
1975
2586
2721
2218
2166
2213
1534
839
836
674
211
345
618
349
231
473
225
-304
-324
-454
-1192
-1652
-1619
-1769
-1845
-1321
-810
-458
349
1294
1814
2421
3350
3778
3803
4156
4429
4208
4090
4139
3795
3498
3639
3469
2951
2864
2834
2213
1572
1339
796
-35
-505
-955
-1640
-1899
-1794
-1920
-1901
-1360
-924
-719
-158
449
656
914
1283
1226
1067
1253
1285
957
893
1023
816
649
752
621
277
165
-32
-542
-859
-1011
-1492
-1905
-1920
-2043
-2317
-2220
-1988
-2018
-1892
-1503
-1342
-1304
-1019
-897
-1151
-1215
-1102
-1320
-1576
-1496
-1534
-1789
-1528
-627
138
680
1377
1887
1939
1898
1883
1495
819
360
-154
-1048
-1729
-1823
-1960
-2368
-2392
-2152
-2218
-2336
-2109
-2077
-2470
-2595
-2573
-2944
-3225
-2928
-2617
-2565
-2020
-1061
-421
198
1131
1812
1996
2292
2554
2239
1840
1696
1249
535
276
292
-17
-173
78
139
18
193
259
-141
-432
-545
-1002
-1584
-1659
-1636
-1854
-1692
-1163
-758
-184
758
1475
1881
2543
3190
3302
3416
3742
3704
3414
3304
3127
2784
2764
2815
2507
2293
2314
2032
1567
1393
1110
463
-25
-392
-988
-1413
-1411
-1455
-1567
-1245
-830
-628
-187
490
911
1106
1453
1617
1503
1622
1797
1610
1397
1441
1321
1063
1065
1104
852
657
589
269
-135
-317
-559
-1003
-1286
-1437
-1742
-1927
-1809
-1795
-1878
-1656
-1398
-1382
-1230
-882
-868
-1071
-1025
-1027
-1326
-1467
-1451
-1563
-1341
-548
185
562
1123
1741
1780
1541
1355
894
196
-253
-680
-1498
-2018
-2019
-2205
-2561
-2453
-2090
-2157
-2190
-1964
-2039
-2304
-2316
-2377
-2819
-3039
-2809
-2743
-2651
-2019
-1157
-483
240
1064
1557
1882
2256
2291
1920
1592
1335
753
170
-32
-119
-291
-300
-164
-156
-86
123
67
-269
-504
-724
-1226
-1697
-1813
-1822
-1825
-1568
-1103
-641
69
998
1698
2147
2694
3130
3180
3233
3418
3357
3089
2899
2654
2356
2331
2433
2253
2045
2049
1851
1442
1221
1011
471
-47
-422
-930
-1291
-1249
-1172
-1162
-878
-387
-23
419
1075
1552
1768
1962
2038
1910
1849
1858
1674
1399
1275
1127
962
972
1075
1056
952
851
611
321
77
-243
-636
-949
-1193
-1475
-1677
-1700
-1678
-1663
-1574
-1460
-1310
-1114
-990
-980
-1007
-1065
-1217
-1393
-1556
-1725
-1599
-1041
-334
268
860
1414
1703
1774
1669
1222
628
105
-428
-1110
-1665
-1943
-2237
-2489
-2523
-2438
-2380
-2260
-2067
-2042
-2097
-2077
-2175
-2393
-2539
-2532
-2573
-2503
-2144
-1663
-1051
-281
455
943
1329
1687
1798
1734
1587
1276
785
325
22
-251
-424
-468
-477
-464
-353
-231
-232
-292
-404
-646
-965
-1250
-1449
-1564
-1513
-1340
-1071
-579
62
759
1456
2106
2600
2922
3188
3312
3352
3410
3290
2935
2572
2361
2158
1936
1810
1655
1407
1163
903
589
346
158
-222
-699
-995
-1173
-1294
-1275
-1112
-940
-679
-226
219
664
1145
1591
1812
1895
1992
2000
1971
1903
1779
1566
1360
1238
1094
1002
994
942
771
563
399
186
-64
-263
-474
-731
-1031
-1219
-1328
-1388
-1384
-1353
-1253
-1142
-967
-782
-666
-578
-541
-563
-672
-825
-906
-1026
-1182
-1089
-584
145
807
1362
1789
1988
1996
1787
1345
801
201
-400
-1086
-1711
-2128
-2355
-2555
-2826
-2861
-2736
-2711
-2718
-2678
-2712
-2913
-2951
-2946
-3146
-3149
-2841
-2521
-2278
-1662
-726
-30
519
1131
1614
1813
1943
1953
1631
1280
1030
643
202
27
45
-90
-204
-102
-49
-123
-202
-364
-742
-1109
-1346
-1685
-1975
-1974
-1821
-1647
-1290
-643
50
774
1581
2244
2724
3100
3432
3574
3672
3735
3601
3341
3099
2925
2722
2640
2542
2291
1982
1648
1193
703
339
-94
-634
-1092
-1422
-1730
-1834
-1649
-1444
-1211
-775
-298
79
519
1063
1397
1523
1705
1816
1805
1831
1857
1752
1610
1598
1540
1409
1343
1268
1062
791
539
192
-198
-490
-776
-1095
-1343
-1494
-1601
-1654
-1574
-1433
-1328
-1174
-1005
-882
-746
-664
-688
-737
-783
-885
-1001
-1105
-1241
-1340
-1165
-721
-73
680
1246
1579
1831
1925
1679
1229
804
167
-586
-1108
-1617
-2176
-2469
-2534
-2810
-3052
-2829
-2680
-2876
-2901
-2745
-2934
-3207
-3076
-3053
-3260
-3025
-2533
-2292
-1887
-941
-165
303
1054
1764
1955
2032
2229
2041
1565
1369
1143
605
320
441
386
157
248
409
280
141
47
-305
-741
-1005
-1327
-1723
-1810
-1624
-1507
-1280
-727
-63
619
1426
2137
2556
2940
3335
3509
3547
3676
3659
3383
3152
3011
2801
2670
2687
2493
2057
1742
1419
851
296
-78
-574
-1185
-1590
-1879
-2129
-2069
-1790
-1601
-1357
-838
-296
133
638
1086
1372
1609
1815
1852
1842
1995
2048
1899
1839
1856
1791
1677
1583
1350
1011
727
364
-116
-543
-888
-1309
-1708
-1904
-2031
-2179
-2196
-2053
-1913
-1796
-1609
-1414
-1291
-1188
-1121
-1121
-1167
-1210
-1246
-1265
-1251
-1227
-1070
-737
-312
372
1212
1745
1962
2182
2319
1970
1435
1016
341
-463
-935
-1369
-2060
-2416
-2343
-2654
-3064
-2950
-2839
-3186
-3345
-3191
-3555
-3977
-3743
-3557
-3677
-3266
-2426
-2021
-1616
-538
416
886
1635
2464
2611
2564
2852
2760
2227
2039
1970
1478
1070
1152
1102
845
887
971
665
335
159
-282
-862
-1145
-1350
-1721
-1858
-1666
-1501
-1281
-619
174
768
1445
2203
2730
3086
3583
3967
4027
4114
4207
4061
3848
3817
3724
3403
3182
2958
2465
1948
1547
998
305
-226
-769
-1404
-1835
-2016
-2219
-2323
-2131
-1954
-1761
-1311
-740
-300
139
669
1010
1257
1589
1815
1891
1959
1989
1864
1732
1688
1521
1288
1096
777
359
19
-277
-728
-1232
-1580
-1914
-2265
-2516
-2657
-2779
-2843
-2805
-2762
-2637
-2384
-2114
-1925
-1730
-1487
-1305
-1133
-1004
-953
-933
-894
-963
-1071
-957
-723
-455
105
920
1458
1711
2102
2362
2119
1752
1418
743
-125
-590
-1067
-1846
-2214
-2178
-2509
-2949
-2789
-2627
-2971
-3097
-2961
-3318
-3737
-3519
-3340
-3504
-3208
-2528
-2205
-1806
-794
125
678
1483
2288
2495
2637
3050
3008
2560
2440
2342
1747
1331
1452
1375
1046
1022
1017
653
331
199
-209
-756
-1028
-1290
-1732
-1932
-1737
-1496
-1189
-598
80
728
1519
2342
2964
3488
4005
4336
4448
4532
4613
4577
4428
4231
3965
3701
3470
3189
2800
2365
1883
1256
566
-103
-767
-1451
-2012
-2400
-2688
-2771
-2575
-2265
-1863
-1260
-614
-133
336
891
1299
1523
1711
1827
1835
1889
1979
1926
1836
1831
1727
1430
1142
865
433
-96
-611
-1173
-1807
-2371
-2865
-3302
-3585
-3721
-3846
-3895
-3749
-3553
-3363
-3061
-2702
-2449
-2247
-2016
-1870
-1783
-1613
-1436
-1399
-1353
-1229
-1170
-1100
-837
-513
-190
447
1289
1824
2098
2428
2545
2156
1625
1158
446
-305
-744
-1220
-1869
-2186
-2192
-2483
-2862
-2806
-2785
-3157
-3378
-3327
-3507
-3789
-3613
-3390
-3449
-3138
-2451
-1918
-1373
-385
649
1321
2140
3017
3367
3490
3769
3781
3358
3085
2918
2407
1917
1802
1666
1338
1152
1046
681
309
82
-345
-921
-1273
-1515
-1875
-2090
-1939
-1674
-1288
-578
249
969
1797
2747
3465
3966
4533
4959
5109
5274
5417
5342
5239
5273
5128
4787
4580
4310
3710
3055
2431
1588
716
12
-785
-1607
-2076
-2294
-2576
-2687
-2403
-2034
-1623
-1041
-487
-75
361
804
980
1082
1292
1391
1385
1465
1614
1625
1598
1569
1403
1121
793
315
-375
-1096
-1763
-2500
-3201
-3704
-4074
-4323
-4398
-4317
-4161
-3931
-3609
-3318
-3083
-2813
-2556
-2385
-2288
-2170
-1999
-1837
-1686
-1478
-1263
-1160
-1068
-939
-880
-876
-855
-775
-715
-388
337
923
1239
1574
1938
1928
1631
1493
1197
581
139
-150
-832
-1518
-1617
-1853
-2564
-2858
-2753
-3100
-3545
-3380
-3306
-3763
-3764
-3358
-3420
-3405
-2716
-2101
-1805
-929
306
1009
1650
2673
3339
3421
3709
4010
3719
3379
3353
3073
2535
2427
2465
2041
1659
1589
1249
670
339
-34
-745
-1343
-1681
-2100
-2425
-2252
-1864
-1539
-903
82
1004
1903
2930
3843
4454
5041
5582
5807
5976
6228
6352
6239
6128
6044
5821
5553
5137
4454
3664
2840
1865
789
-98
-874
-1675
-2264
-2590
-2719
-2636
-2290
-1911
-1565
-1083
-666
-421
-137
220
414
528
760
910
979
1181
1328
1238
1115
1008
598
29
-435
-1005
-1744
-2367
-2912
-3558
-4028
-4192
-4285
-4348
-4234
-3996
-3839
-3611
-3319
-3162
-3012
-2823
-2681
-2637
-2495
-2301
-2252
-2142
-1880
-1686
-1603
-1432
-1223
-1198
-1192
-1153
-1289
-1470
-1478
-1401
-1329
-686
445
1244
1735
2405
2931
2818
2476
2232
1581
709
189
-453
-1449
-1991
-2052
-2613
-3310
-3227
-3101
-3549
-3726
-3435
-3640
-4002
-3637
-3379
-3548
-3179
-2379
-2052
-1634
-346
780
1332
2294
3419
3772
3881
4436
4581
4143
4076
4038
3412
2842
2836
2637
1976
1692
1535
868
258
27
-440
-1175
-1536
-1725
-2196
-2322
-1790
-1256
-780
85
1054
1778
2654
3731
4462
4921
5523
5922
5962
6153
6463
6456
6333
6350
6101
5593
5245
4795
3935
3044
2228
1188
124
-560
-1199
-1883
-2129
-2176
-2363
-2345
-1911
-1537
-1324
-949
-699
-660
-406
-56
-5
31
329
397
241
435
711
608
435
303
-142
-717
-1090
-1566
-2322
-2908
-3248
-3708
-4073
-4067
-3989
-4004
-3824
-3541
-3431
-3334
-3140
-3130
-3236
-3162
-3048
-2997
-2833
-2600
-2446
-2221
-1901
-1739
-1702
-1505
-1322
-1379
-1475
-1465
-1574
-1728
-1736
-1668
-1530
-1050
26
1280
2169
2752
3224
3423
3085
2374
1665
841
-124
-869
-1510
-2142
-2362
-2158
-2217
-2464
-2236
-2009
-2420
-2862
-2861
-3153
-3721
-3755
-3579
-3601
-3219
-2316
-1627
-987
335
1676
2409
3229
4201
4545
4427
4507
4439
3982
3775
3656
3125
2723
2806
2683
2146
1925
1796
1146
419
-40
-633
-1328
-1651
-1877
-2157
-1917
-1207
-606
77
1244
2346
3027
3757
4533
4933
5174
5489
5550
5457
5659
5859
5782
5774
5916
5811
5418
5016
4423
3565
2665
1711
604
-366
-973
-1424
-1808
-1970
-1847
-1639
-1450
-1262
-1097
-942
-818
-792
-887
-956
-930
-924
-950
-847
-621
-437
-289
-194
-215
-315
-460
-805
-1332
-1788
-2196
-2696
-3101
-3250
-3295
-3315
-3242
-3119
-3093
-3030
-2911
-2980
-3172
-3282
-3396
-3571
-3583
-3441
-3328
-3176
-2897
-2661
-2485
-2203
-1910
-1771
-1696
-1552
-1466
-1499
-1408
-1177
-1023
-954
-766
-522
-408
-49
960
2020
2458
2613
2879
2800
2130
1431
857
80
-526
-728
-1099
-1466
-1093
-645
-1080
-1462
-1122
-1268
-2160
-2515
-2465
-2990
-3316
-2866
-2627
-2518
-1535
-464
-188
424
1828
2617
2695
3292
3894
3652
3416
3580
3369
2985
3178
3241
2646
2420
2640
2306
1636
1456
1163
254
-480
-886
-1455
-1841
-1668
-1520
-1440
-763
170
746
1356
2318
2968
3172
3541
3960
4172
4432
4837
5064
5233
5699
6020
5958
5980
5959
5466
4754
4204
3470
2491
1695
886
-47
-633
-890
-1280
-1552
-1400
-1400
-1672
-1671
-1576
-1778
-1928
-1859
-1991
-2117
-1901
-1759
-1738
-1325
-758
-579
-408
-35
24
-210
-316
-561
-1126
-1543
-1808
-2335
-2775
-2779
-2854
-3128
-3117
-3007
-3179
-3361
-3407
-3595
-3888
-4047
-4278
-4624
-4671
-4438
-4265
-4040
-3606
-3197
-2857
-2397
-1961
-1698
-1393
-1113
-1124
-1283
-1198
-1058
-1069
-913
-599
-457
-360
-93
63
97
703
1812
2399
2434
2607
2811
2423
1759
1314
719
129
64
-12
-462
-510
-37
-202
-948
-1178
-1215
-1884
-2492
-2482
-2755
-3234
-2918
-2280
-1991
-1244
32
612
807
1772
2776
2951
3241
3978
4098
3737
3778
3790
3484
3538
3669
3061
2310
2215
1955
1047
428
155
-553
-1350
-1617
-1704
-1783
-1419
-930
-819
-486
363
983
1306
2029
2925
3331
3661
4295
4827
5263
5837
6235
6261
6419
6696
6453
5968
5714
5173
4166
3371
2864
2076
1281
822
107
-810
-1204
-1449
-2071
-2465
-2453
-2724
-3097
-2940
-2724
-2765
-2460
-1987
-1937
-1736
-1119
-842
-826
-415
-78
-257
-243
16
-181
-554
-635
-1002
-1670
-2033
-2314
-2986
-3538
-3655
-3994
-4520
-4667
-4668
-4866
-4904
-4750
-4816
-4904
-4656
-4463
-4449
-4177
-3692
-3367
-3094
-2571
-2157
-1953
-1529
-1114
-998
-902
-699
-539
-466
-226
107
268
433
619
647
607
575
506
327
12
233
1349
2310
2567
2867
3485
3402
2580
2145
1735
957
818
955
164
-505
97
245
-802
-1073
-651
-1402
-2384
-2050
-1974
-2741
-2407
-1418
-1363
-1012
415
1033
717
1585
2823
2650
2486
3290
3466
2955
3252
3517
2902
2824
3263
2598
1512
1501
1393
325
-163
126
-154
-628
-486
-460
-607
-96
401
208
276
980
1297
1337
2071
2955
3303
3723
4365
4721
5036
5546
5590
5153
5084
5094
4565
4045
3983
3631
2913
2488
2112
1495
999
621
-126
-868
-1234
-1711
-2342
-2459
-2333
-2583
-2802
-2692
-2591
-2516
-2171
-1936
-2023
-1887
-1571
-1571
-1510
-1057
-881
-1076
-1077
-1077
-1470
-1819
-1992
-2507
-3104
-3344
-3638
-4045
-3996
-3756
-3955
-4170
-3991
-3981
-4238
-4236
-4190
-4364
-4394
-4178
-3968
-3614
-2888
-2248
-1929
-1474
-958
-764
-672
-419
-241
-218
-57
214
477
888
1367
1619
1714
1906
1887
1475
1127
968
679
408
202
74
-136
247
1903
3245
3542
3575
3917
3672
2475
1743
1245
294
193
810
601
175
1193
1811
728
215
474
-705
-2555
-2606
-2353
-3230
-2987
-1812
-1741
-1496
146
800
-146
198
1284
675
131
1359
2040
1469
1996
2948
2554
2462
3234
2747
1429
1614
1946
741
181
1023
984
218
458
719
91
7
368
-221
-734
-86
240
-219
397
1740
2113
2202
2940
3376
3230
3511
3736
3257
3180
3677
3521
3212
3730
4010
3435
3075
3053
2368
1515
1073
131
-965
-1277
-1610
-2569
-2861
-2463
-2834
-3465
-3313
-3215
-3674
-3671
-3406
-3627
-3550
-2951
-2868
-3067
-2495
-1993
-2359
-2542
-2250
-2306
-2643
-2551
-2472
-2674
-2504
-2305
-2573
-2759
-2496
-2599
-3105
-3253
-3192
-3339
-3443
-3208
-2943
-2594
-2047
-1673
-1470
-1118
-658
-486
-438
-178
15
88
267
647
1026
1424
1828
1951
1895
1960
2002
1758
1543
1446
1212
864
575
473
458
394
338
91
-149
-446
23
1743
3097
3342
3272
3531
3259
2171
1592
1315
847
1160
1721
1339
984
1798
1731
15
-802
-819
-2371
-4206
-3950
-3514
-3966
-3206
-1850
-1854
-1806
-429
-107
-1093
-566
566
232
191
1928
3154
3127
3876
4677
4113
3781
4348
3806
2530
2628
2754
1544
1040
1827
1758
817
679
437
-668
-1119
-948
-1431
-1723
-871
-362
-493
319
1629
1926
1862
2335
2435
2096
2382
2767
2649
2956
3721
3749
3391
3650
3576
2598
1738
1242
443
-477
-1028
-1597
-2130
-2272
-2544
-3275
-3672
-3742
-4195
-4768
-4956
-4992
-5222
-5082
-4526
-4072
-3653
-3181
-2900
-2741
-2305
-1872
-1759
-1557
-1126
-989
-1081
-864
-581
-671
-800
-790
-895
-926
-753
-691
-810
-680
-444
-588
-665
-355
-260
-514
-609
-486
-478
-405
-88
216
462
786
987
926
1031
1264
1229
1085
1206
1399
1389
1383
1509
1507
1368
1217
841
362
281
461
324
103
211
351
322
431
692
647
727
1833
3042
3247
3007
3107
2908
1914
1071
592
-96
-395
29
186
-117
79
106
-1154
-2426
-2588
-2876
-3959
-4228
-3625
-3326
-2815
-1553
-595
-494
27
535
110
-120
877
1822
1886
2462
3512
3909
3881
4097
4083
3470
3141
2813
2090
1728
1821
1906
1583
1509
1559
1235
654
-117
-721
-1163
-1427
-1663
-1637
-1226
-903
-521
-55
429
844
1018
880
645
842
1183
1301
1484
1876
2196
2219
2081
1773
1357
1024
500
-234
-864
-1130
-1373
-1972
-2545
-2990
-3459
-3948
-4392
-4725
-4912
-4773
-4590
-4498
-4077
-3390
-2919
-2770
-2521
-2154
-1903
-1673
-1405
-1047
-588
-2
519
960
1473
1776
1741
1583
1463
1283
997
787
696
640
551
439
358
327
289
87
-127
-236
-334
-443
-488
-351
-136
105
251
230
263
424
486
350
313
398
370
320
412
522
577
561
414
162
-35
-211
-424
-525
-378
-220
-189
-170
-20
130
80
-64
-314
-579
-770
-548
249
1168
1813
1931
1578
1051
723
509
-67
-508
-202
407
726
803
650
64
-523
-909
-1567
-2343
-2450
-2008
-1799
-1557
-853
-151
323
748
853
439
174
476
808
1141
1889
2733
3205
3486
3737
3497
2862
2434
2144
1642
1094
851
747
680
612
349
-139
-618
-1002
-1610
-2365
-2764
-2696
-2378
-1956
-1512
-1127
-773
-428
-273
-292
-330
-393
-406
-202
101
312
633
1150
1476
1488
1454
1303
909
523
270
-17
-326
-428
-365
-419
-604
-862
-1270
-1700
-1944
-2054
-2128
-2109
-1822
-1404
-1038
-721
-436
-216
-104
-111
-143
-167
-97
179
577
992
1394
1740
1902
1949
1971
1845
1513
1168
910
687
482
415
456
382
214
63
-31
-154
-353
-630
-925
-1109
-1197
-1293
-1441
-1429
-1320
-1365
-1428
-1436
-1406
-1423
-1332
-1102
-922
-728
-543
-493
-532
-661
-817
-801
-600
-438
-387
-101
218
310
274
269
267
124
-41
-255
-419
-275
7
227
408
588
715
638
520
485
355
209
276
525
748
991
1290
1381
1229
1040
805
436
165
209
473
947
1473
1783
1787
1676
1522
1183
790
486
365
420
623
850
978
1017
879
476
-103
-571
-915
-1247
-1424
-1377
-1193
-974
-784
-645
-617
-673
-810
-1011
-1126
-1117
-1025
-808
-470
-123
99
167
133
99
41
-80
-189
-200
-79
55
149
234
375
514
447
190
-9
-57
-102
-147
-79
73
248
422
536
527
486
412
169
-61
-16
105
129
293
774
1273
1566
1776
1934
1908
1695
1392
1119
954
917
893
844
891
1000
949
751
611
453
135
-207
-426
-576
-742
-950
-1047
-1028
-1075
-1261
-1464
-1542
-1480
-1462
-1549
-1669
-1649
-1512
-1479
-1545
-1601
-1580
-1559
-1520
-1434
-1344
-1262
-1174
-1054
-953
-870
-841
-897
-898
-730
-499
-506
-663
-706
-566
-375
-195
36
244
363
493
640
751
804
791
740
681
721
843
921
949
893
646
345
152
77
27
88
211
173
21
-28
82
167
152
124
173
318
562
791
990
1228
1451
1439
1195
933
724
568
505
576
679
753
816
862
804
615
305
17
-221
-441
-576
-597
-597
-598
-502
-398
-377
-352
-304
-358
-477
-391
-202
-122
-71
82
156
86
76
73
-81
-201
-46
124
113
130
241
321
348
370
314
191
100
-19
-172
-210
-108
-12
16
126
254
346
379
295
194
142
174
144
77
121
180
164
164
193
243
364
476
432
241
136
76
-10
1
31
-53
-152
-69
43
41
40
48
39
69
168
233
159
-23
-273
-521
-726
-908
-1121
-1243
-1224
-1113
-1002
-800
-638
-659
-713
-740
-860
-1034
-1081
-1071
-1117
-991
-719
-584
-437
-193
-57
-146
-182
-145
-286
-376
-331
-354
-371
-248
-107
-144
-204
-281
-548
-737
-684
-677
-760
-724
-472
-316
-143
101
275
314
292
272
248
274
395
563
718
926
1082
1066
971
939
917
805
650
657
747
789
761
669
568
478
427
431
543
736
862
857
740
544
309
115
-39
-104
27
274
451
474
407
223
-28
-213
-337
-431
-511
-506
-398
-249
-143
-141
-136
-60
42
68
45
166
342
449
526
613
761
929
1072
1134
1163
1136
1103
1145
1221
1224
1157
1078
893
634
355
103
-161
-400
-581
-729
-839
-880
-875
-890
-926
-962
-984
-979
-924
-830
-702
-533
-411
-331
-213
-12
222
417
510
547
508
373
196
81
25
-165
-402
-480
-372
-259
-279
-486
-810
-1091
-1303
-1542
-1754
-1772
-1670
-1611
-1564
-1427
-1255
-1101
-957
-827
-773
-711
-584
-422
-209
123
379
404
374
444
485
402
336
368
423
439
424
328
230
199
118
-73
-245
-356
-522
-728
-849
-886
-878
-744
-500
-285
-156
-13
144
250
266
272
356
479
618
780
946
1113
1274
1447
1556
1540
1368
1122
922
837
777
630
454
366
311
180
9
-122
-205
-269
-185
135
537
788
817
724
637
510
294
104
163
502
894
1142
1187
1067
817
483
96
-311
-684
-1001
-1169
-1151
-1093
-1075
-927
-687
-576
-639
-694
-615
-373
-10
347
696
1146
1620
1888
1944
1859
1697
1489
1351
1260
1171
1124
1082
960
692
358
-3
-435
-858
-1277
-1727
-2058
-2098
-1948
-1862
-1691
-1341
-999
-840
-761
-705
-659
-510
-244
3
225
516
799
998
1136
1225
1154
972
854
742
505
267
67
-167
-402
-552
-753
-1142
-1508
-1685
-1843
-2120
-2380
-2486
-2474
-2437
-2366
-2229
-2001
-1692
-1399
-1182
-1008
-784
-501
-295
-146
55
326
561
715
849
920
908
897
905
813
676
653
686
650
575
497
372
221
119
16
-110
-167
-145
-107
-76
0
103
220
320
371
439
568
688
753
787
796
792
832
856
808
801
829
800
748
746
779
801
802
775
674
588
539
478
347
222
203
247
277
318
358
308
198
68
30
175
445
575
482
384
358
264
15
-240
-378
-406
-367
-305
-256
-192
-90
-87
-181
-214
-165
-172
-219
-224
-227
-184
-51
101
172
214
263
213
143
192
288
274
189
88
-78
-294
-468
-586
-674
-684
-702
-748
-691
-526
-442
-423
-329
-228
-268
-351
-346
-327
-326
-256
-160
-116
-26
93
80
-52
-69
-59
-193
-336
-355
-348
-385
-356
-315
-329
-325
-259
-225
-210
-178
-268
-523
-688
-669
-618
-602
-567
-463
-358
-302
-320
-389
-462
-498
-551
-625
-568
-381
-221
-112
31
178
263
278
317
321
340
369
378
411
476
553
558
540
554
570
537
485
446
432
426
323
151
33
-36
-116
-195
-242
-313
-423
-482
-451
-414
-349
-192
-40
-3
-24
-21
-29
-66
-78
-20
65
145
215
342
522
709
847
947
1041
1088
1039
937
851
767
695
697
760
814
853
827
779
698
548
341
179
125
82
-1
-65
-14
1
-80
-75
57
131
89
123
192
178
153
214
320
393
401
314
170
51
-78
-247
-394
-427
-457
-576
-672
-690
-740
-809
-854
-921
-1016
-1038
-984
-995
-1003
-902
-737
-611
-506
-405
-323
-278
-270
-241
-170
-33
59
76
95
184
273
266
174
84
6
-107
-224
-329
-399
-449
-466
-475
-498
-485
-428
-404
-393
-348
-284
-304
-375
-367
-309
-265
-176
-22
86
138
188
253
309
356
377
392
458
493
442
394
424
447
439
470
561
692
773
756
707
711
693
573
438
381
383
386
370
319
292
310
267
111
-41
-117
-210
-322
-354
-329
-344
-420
-498
-557
-632
-718
-780
-756
-670
-568
-440
-292
-106
97
232
288
315
333
311
268
194
123
163
296
362
354
411
480
479
433
368
275
180
114
-12
-125
-113
-58
-83
-138
-149
-95
2
59
67
104
221
264
187
124
124
118
76
112
223
349
457
525
555
551
554
500
426
398
396
319
276
296
277
211
166
67
-147
-296
-351
-436
-570
-626
-648
-689
-719
-734
-756
-787
-766
-742
-755
-732
-655
-610
-614
-588
-544
-483
-371
-260
-205
-151
-46
25
33
41
18
-30
-32
-27
-77
-129
-130
-170
-266
-363
-432
-506
-568
-594
-594
-583
-549
-503
-509
-482
-425
-380
-308
-165
3
142
311
499
625
712
792
819
789
803
864
872
860
910
958
921
857
807
742
608
502
423
331
270
238
208
137
121
116
40
-52
-86
-94
-154
-181
-104
-35
-52
-55
25
102
98
36
-19
-4
-2
-68
-130
-101
-49
-80
-131
-144
-176
-248
-305
-335
-345
-320
-275
-247
-176
-62
-4
7
50
104
77
21
9
19
25
26
58
70
104
123
83
-12
-116
-156
-163
-118
-48
-19
-8
53
111
111
140
224
256
215
229
272
274
251
250
239
215
161
100
68
60
16
-50
-87
-102
-142
-201
-281
-375
-450
-492
-515
-516
-471
-399
-317
-238
-178
-131
-95
-52
-7
13
22
44
34
5
35
98
135
138
114
61
4
-27
-81
-137
-171
-207
-263
-301
-300
-274
-264
-270
-275
-292
-290
-241
-163
-135
-115
-123
-125
-90
-24
34
60
66
65
109
133
101
40
20
26
17
27
50
77
78
48
22
23
55
31
0
50
104
115
160
257
284
262
302
326
270
233
234
187
126
117
119
105
124
159
150
124
97
65
73
138
146
98
104
171
212
238
265
270
256
244
250
259
242
195
181
199
220
263
307
322
310
307
286
189
72
-59
-175
-244
-266
-298
-306
-264
-255
-267
-288
-318
-345
-319
-319
-384
-404
-368
-357
-343
-268
-185
-101
12
104
161
265
361
348
285
292
286
164
41
-11
-56
-102
-117
-151
-210
-212
-217
-267
-339
-379
-417
-505
-585
-631
-632
-572
-472
-396
-335
-228
-117
-57
-24
16
47
54
67
74
81
124
135
113
140
198
208
227
311
358
327
306
319
306
279
256
237
232
248
242
215
204
233
239
184
147
134
125
104
76
70
40
-7
-63
-114
-169
-217
-251
-286
-298
-301
-290
-275
-258
-240
-230
-230
-241
-220
-185
-156
-125
-67
5
66
87
103
136
170
172
155
146
126
116
132
147
121
106
98
53
-6
-23
-9
-13
-2
21
34
31
39
45
53
63
72
73
115
203
257
264
292
349
374
364
355
327
276
226
147
38
-32
-54
-124
-211
-219
-207
-254
-286
-274
-277
-289
-271
-232
-193
-145
-101
-77
-43
2
40
74
109
130
127
161
233
260
242
262
281
227
149
78
-4
-92
-150
-198
-219
-234
-269
-321
-369
-403
-409
-421
-448
-445
-403
-351
-307
-257
-222
-185
-152
-138
-134
-93
-37
-26
-20
24
93
150
201
233
246
238
214
188
178
174
127
64
48
77
110
129
146
164
177
176
152
136
130
111
76
61
81
78
52
50
56
50
23
24
39
36
20
4
24
64
73
62
44
37
24
-11
-45
-66
-79
-96
-132
-139
-119
-122
-128
-114
-108
-115
-82
-71
-100
-98
-46
-25
-68
-71
-47
-67
-106
-124
-132
-134
-116
-118
-111
-65
-12
20
60
136
197
212
222
220
196
196
192
178
174
176
168
148
114
46
-23
-83
-126
-151
-166
-161
-163
-162
-176
-205
-218
-205
-178
-147
-81
1
61
92
121
188
218
169
143
181
186
162
176
205
212
205
189
148
123
102
68
41
33
13
-36
-75
-89
-108
-169
-216
-218
-200
-182
-176
-155
-102
-41
-7
-2
7
29
14
-23
-28
-12
-4
-24
-34
0
44
68
73
72
59
47
26
-19
-45
-60
-76
-87
-78
-55
-16
22
43
70
103
112
104
94
76
47
26
-9
-65
-91
-74
-67
-83
-67
-45
-37
-39
-42
-47
-63
-92
-117
-103
-63
-37
-35
1
39
64
69
72
93
94
60
23
16
13
7
4
-2
-10
-19
-41
-79
-102
-104
-126
-140
-130
-128
-136
-133
-129
-149
-158
-122
-73
-21
46
113
153
199
269
312
281
238
220
178
113
55
26
13
12
-1
-15
0
17
-2
-47
-61
-75
-110
-145
-161
-157
-126
-87
-68
-22
44
72
62
65
67
37
-10
-45
-37
-2
43
83
139
195
239
249
227
200
186
146
68
21
11
-9
-55
-98
-116
-107
-110
-146
-175
-162
-160
-204
-225
-208
-198
-178
-136
-89
-39
28
102
166
226
273
290
310
311
289
259
233
209
160
103
47
-21
-105
-167
-193
-210
-246
-269
-268
-253
-243
-230
-203
-170
-118
-74
-46
-17
42
91
116
148
185
221
252
267
249
224
214
192
145
82
28
-25
-77
-120
-147
-164
-177
-204
-239
-230
-216
-239
-266
-245
-218
-201
-165
-99
-40
-3
52
105
130
153
174
169
133
108
108
101
88
78
74
58
37
15
-16
-46
-59
-64
-100
-142
-149
-130
-123
-122
-111
-98
-81
-70
-63
-67
-64
-68
-94
-109
-85
-39
4
54
102
153
196
218
216
215
237
233
197
172
178
171
148
134
124
118
116
129
135
132
123
98
59
27
18
-19
-49
-44
-46
-91
-121
-133
-181
-234
-263
-264
-255
-224
-191
-179
-172
-166
-166
-196
-212
-174
-124
-88
-32
74
173
241
281
307
305
265
225
170
128
98
92
107
110
121
140
149
124
89
27
-47
-99
-141
-194
-239
-260
-257
-237
-212
-184
-161
-133
-106
-91
-83
-67
-52
-32
2
49
80
96
127
154
156
157
177
194
172
150
155
152
105
52
28
3
-55
-112
-146
-190
-225
-221
-200
-187
-182
-183
-160
-116
-85
-64
-35
10
36
77
126
168
202
217
212
185
157
151
131
91
38
3
-19
-54
-81
-88
-102
-147
-185
-188
-165
-142
-132
-131
-105
-80
-66
-55
-37
-18
-7
21
56
100
129
149
157
169
190
197
183
154
141
123
84
50
18
-14
-36
-41
-52
-46
-26
-17
-30
-26
1
-10
-42
-54
-59
-63
-59
-35
-16
13
33
25
30
50
29
-18
-32
-42
-62
-65
-56
-46
-45
-36
-28
-33
-30
-34
-50
-48
-31
-17
-8
26
86
112
111
122
135
137
123
112
113
115
99
80
69
47
11
-31
-77
-104
-122
-155
-170
-172
-175
-176
-164
-143
-128
-107
-89
-70
-36
-11
-17
-10
19
40
62
92
111
114
151
176
152
128
123
114
73
31
4
-4
-22
-70
-105
-101
-107
-135
-170
-186
-164
-149
-146
-127
-59
7
11
12
44
67
54
29
45
81
106
100
95
127
161
146
117
107
113
94
67
57
49
25
-2
-36
-70
-86
-96
-111
-117
-99
-81
-71
-59
-43
-37
-38
-24
-9
6
24
34
44
62
83
84
74
92
111
86
48
20
-9
-35
-67
-91
-103
-89
-74
-78
-69
-55
-58
-66
-73
-73
-75
-59
-34
-5
32
71
95
92
86
96
115
102
81
85
114
115
75
40
27
7
-34
-65
-69
-72
-81
-72
-49
-24
-24
-41
-35
-8
7
-4
6
35
53
59
53
46
42
37
8
-28
-42
-55
-68
-71
-62
-53
-59
-72
-81
-64
-40
-44
-43
-42
-37
-7
19
36
61
90
103
102
99
105
97
65
42
35
29
5
-3
6
-12
-53
-78
-76
-84
-107
-119
-112
-93
-76
-65
-41
-16
-9
-16
-27
-25
-16
-17
-18
11
58
94
112
124
122
94
56
19
-23
-52
-37
-19
-15
19
57
34
-9
-22
-49
-88
-109
-103
-81
-47
-14
18
51
68
65
58
57
54
66
83
78
88
112
111
91
68
62
45
16
-19
-35
-28
-23
-23
-22
-14
-25
-44
-49
-49
-47
-52
-57
-48
-38
-44
-47
-37
-31
-33
-38
-35
-21
-2
-10
-30
-1
47
48
23
12
16
10
3
-4
-3
0
5
-1
-3
19
43
43
40
42
35
26
20
8
-8
-24
-30
-31
-27
-9
7
7
4
8
-15
-28
-29
-48
-74
-62
-34
-22
-8
11
40
51
42
22
22
20
5
-9
5
22
13
21
44
54
49
33
19
-1
-15
-32
-48
-51
-42
-39
-43
-34
-7
26
29
-1
-18
-19
-36
-67
-84
-83
-77
-62
-31
1
23
21
22
36
27
4
-15
-7
0
0
11
22
26
19
17
24
24
21
28
42
55
55
44
41
42
41
21
10
20
28
17
-1
7
12
10
12
8
1
-1
-6
-19
-24
-26
-37
-48
-35
-31
-38
-34
-20
-8
-1
1
-10
-13
-1
2
-15
-13
4
9
26
49
62
66
64
60
47
39
30
26
22
19
11
-9
-14
-9
-26
-48
-54
-52
-44
-46
-53
-41
-27
-32
-45
-46
-41
-42
-35
-14
7
28
44
52
62
66
65
37
11
8
15
-1
-15
-17
-21
-33
-51
-58
-50
-28
-23
-15
-3
-4
-14
-11
3
-11
-27
-17
-4
12
20
31
50
61
33
0
13
31
8
-7
3
-12
-29
-26
-19
-18
-27
-23
-4
5
-8
-4
19
21
11
13
4
8
14
-1
-10
-10
-5
1
8
16
34
45
41
27
11
-10
-45
-67
-66
-58
-47
-19
5
16
21
45
44
-2
-27
-14
-24
-34
-7
21
46
58
62
74
94
86
26
-8
-6
-3
-33
-50
-17
13
21
6
-6
-6
-25
-61
-76
-81
-71
-40
-10
15
49
80
82
69
56
39
20
2
-16
-14
10
24
28
34
36
24
6
-4
-7
-27
-46
-46
-37
-43
-26
-16
-19
-24
-34
-53
-68
-55
-38
-17
1
6
19
38
28
9
16
26
12
16
29
32
28
9
-12
-10
11
21
7
1
8
3
-8
-6
10
3
-21
-28
-13
-14
-25
-26
-18
-25
-32
-25
-10
3
-6
-28
-24
7
2
-6
9
7
-1
1
8
24
36
21
-8
-6
0
-9
-15
-30
-43
-34
-15
-30
-44
-34
-39
-50
-34
-19
-6
5
9
8
16
28
26
20
16
24
55
69
47
40
44
30
13
28
43
45
42
46
74
79
57
18
5
19
1
-22
-13
-3
-1
-3
-10
-6
8
1
-42
-50
-31
-33
-49
-37
-12
3
3
-4
3
21
4
-30
-25
1
10
2
0
20
36
24
13
9
7
3
-8
-8
-7
-16
-27
-13
5
-2
-9
4
25
21
12
-2
-11
-20
-27
-29
-23
-26
-34
-19
-10
-29
-41
-31
-7
2
-9
-16
20
50
13
-14
12
27
2
-15
-1
6
14
11
8
16
16
-8
-12
8
12
13
-4
-3
9
15
-15
-34
-13
-6
-35
-47
-20
-3
8
20
7
-8
-8
-13
-19
-2
-1
-15
-5
19
21
34
39
11
6
15
-9
-35
0
28
0
-26
-19
11
23
6
-2
12
1
-22
-28
-8
-13
-33
-28
-20
-21
-26
-17
0
15
35
53
56
47
37
42
34
16
15
17
8
-3
0
21
28
-3
-37
-20
-1
-31
-61
-41
8
14
-10
-27
-7
17
2
