5
6
6
7
7
8
7
6
6
7
5
5
4
3
3
2
2
2
3
3
3
2
0
-1
0
0
-1
0
0
-1
-1
-1
-2
-2
-3
-3
-3
-4
-2
-4
-4
-5
-7
-8
-8
-8
-7
-8
-7
-6
-6
-5
-5
-5
-5
-6
-8
-8
-8
-8
-7
-7
-7
-7
-7
-6
-5
-4
-4
-3
-2
-2
0
0
2
3
4
6
7
7
6
6
6
7
4
2
2
1
2
1
3
2
2
2
3
4
5
5
6
8
8
9
9
10
8
8
8
7
7
6
7
6
6
4
4
4
3
3
3
4
4
3
5
6
5
5
3
3
2
2
0
-2
-3
-3
-2
-3
-2
-4
-6
-7
-8
-9
-9
-9
-10
-10
-10
-12
-10
-11
-11
-11
-11
-10
-10
-10
-9
-10
-11
-11
-12
-11
-11
-12
-11
-12
-12
-12
-11
-12
-11
-11
-11
-11
-10
-9
-8
-6
-4
-2
0
0
1
2
0
1
3
5
6
7
8
8
8
8
9
11
11
12
13
14
16
17
17
18
19
20
19
19
19
19
19
19
19
18
18
17
16
16
16
14
13
11
10
9
7
7
6
5
5
3
3
1
0
-1
-3
-4
-4
-4
-5
-4
-5
-6
-7
-9
-8
-9
-9
-10
-10
-11
-12
-12
-13
-14
-14
-14
-14
-14
-13
-11
-11
-11
-12
-12
-10
-10
-11
-9
-10
-9
-8
-6
-5
-4
-4
-3
-3
-4
-3
-5
-4
-5
-5
-4
-5
-4
-3
-3
-3
-2
-1
0
1
1
3
3
4
5
6
6
5
6
5
6
6
7
6
5
4
5
4
5
4
4
5
5
5
5
4
4
4
2
1
-1
-2
-3
-3
-3
-2
-3
-3
-5
-5
-5
-4
-4
-3
-1
-1
-1
1
0
1
2
3
4
5
6
5
5
6
4
4
4
3
3
2
2
2
2
1
0
-1
0
0
0
-1
1
0
0
1
3
4
5
6
6
6
6
5
6
6
7
6
7
6
5
4
3
2
2
0
-1
-2
-3
-4
-4
-5
-5
-5
-5
-6
-6
-6
-6
-5
-5
-6
-5
-6
-8
-8
-9
-10
-11
-11
-9
-9
-9
-11
-11
-11
-12
-12
-11
-11
-9
-7
-7
-5
-4
-3
-1
-2
-1
0
1
2
3
3
4
5
5
7
7
9
8
9
9
9
9
9
8
8
9
9
10
9
11
11
11
12
12
12
13
13
13
13
12
12
11
9
8
6
7
4
2
2
2
2
2
2
1
-1
-1
-3
-4
-5
-5
-4
-4
-6
-5
-5
-5
-4
-4
-5
-6
-6
-6
-5
-7
-7
-9
-9
-9
-10
-11
-12
-11
-10
-9
-10
-12
-13
-11
-11
-10
-9
-9
-9
-8
-9
-8
-8
-8
-7
-6
-6
-7
-5
-5
-4
-3
-1
0
0
0
2
4
3
4
5
5
5
5
8
8
9
10
10
10
10
9
6
5
5
5
6
5
6
7
6
4
6
6
6
6
5
5
5
8
8
7
7
6
5
5
5
4
3
2
2
1
-2
-3
-3
-3
-3
-5
-6
-6
-7
-4
-2
-3
-3
-4
-4
-3
-2
-1
-1
0
0
0
1
1
-1
-1
0
-1
-1
-1
-1
0
1
2
3
2
1
1
1
3
3
4
4
4
3
3
2
2
1
1
-1
-2
-2
-3
-3
-4
-6
-7
-8
-9
-8
-9
-9
-9
-8
-8
-8
-7
-5
-4
-4
-4
-2
0
0
0
0
1
2
2
2
2
1
0
2
0
1
0
2
3
3
4
4
5
5
5
5
3
2
0
0
0
0
1
0
0
1
0
0
1
0
0
-1
0
0
0
2
2
3
3
3
3
4
5
5
4
4
3
3
3
4
3
3
2
2
0
-2
-2
-2
-1
-1
-1
0
0
1
0
-1
-1
0
0
-1
-2
-1
-3
-3
-4
-4
-3
-4
-4
-4
-4
-3
-2
-1
0
-1
1
3
6
7
7
7
6
7
9
10
9
8
9
7
5
4
1
1
0
-2
-4
-5
-6
-6
-7
-7
-7
-8
-10
-11
-11
-9
-9
-8
-6
-6
-5
-4
-3
-1
0
1
2
0
2
2
2
1
1
2
3
3
3
2
2
2
3
2
3
4
4
4
4
4
4
5
6
4
5
4
4
2
-1
-2
-2
-5
-7
-8
-7
-6
-7
-9
-10
-10
-11
-10
-10
-9
-10
-10
-10
-10
-10
-10
-9
-6
-6
-5
-4
-4
-5
-3
-2
-1
1
1
2
3
3
5
6
8
6
7
9
10
12
11
12
14
14
13
13
12
12
12
12
12
11
12
12
12
11
10
11
10
9
9
8
8
7
6
2
3
2
3
2
1
1
2
2
-1
-2
-5
-5
-7
-10
-10
-12
-12
-13
-14
-15
-16
-16
-16
-16
-17
-18
-17
-16
-17
-16
-15
-15
-14
-14
-15
-14
-14
-13
-14
-12
-13
-12
-12
-10
-9
-5
-2
-1
1
1
2
3
5
5
6
8
9
13
14
16
19
20
19
18
18
19
19
20
21
21
22
22
24
23
22
21
20
20
20
18
18
17
17
14
13
14
12
12
10
8
4
2
0
-2
-4
-5
-8
-9
-11
-12
-13
-14
-15
-16
-18
-18
-19
-20
-22
-25
-26
-27
-28
-29
-28
-27
-27
-26
-25
-24
-22
-19
-15
-14
-13
-12
-10
-10
-9
-8
-7
-6
-4
-3
-2
-1
0
3
5
6
8
9
10
11
12
14
14
13
14
12
12
12
12
13
13
13
13
14
14
14
14
15
16
15
17
18
17
16
16
14
13
12
10
9
5
3
3
2
2
2
4
3
3
3
1
2
1
0
0
-1
-2
-3
-4
-5
-6
-7
-5
-7
-8
-9
-8
-10
-10
-11
-11
-10
-11
-10
-11
-10
-8
-9
-9
-9
-8
-8
-5
-4
-3
-2
-2
-4
-3
-2
-1
-2
-4
-3
-2
-2
-2
-3
-4
-5
-4
-3
-4
-4
-5
-5
-5
-5
-6
-6
-5
-6
-6
-5
-5
-2
0
1
1
2
2
4
5
5
5
6
6
7
8
7
6
6
4
4
5
6
5
5
4
5
6
7
8
8
9
10
11
12
12
12
11
10
7
5
3
3
1
-2
-4
-3
-1
-1
-2
-4
-3
-2
-2
-2
-3
-3
-3
-2
-1
-2
-4
-3
-2
-2
-3
-4
-4
-2
-3
-4
-4
-5
-4
-5
-6
-5
-2
-1
-1
-1
-2
1
3
4
4
5
7
10
10
9
11
11
13
12
11
9
8
8
5
2
0
-1
-2
-4
-7
-7
-8
-8
-11
-14
-16
-17
-14
-14
-16
-18
-18
-16
-15
-15
-16
-16
-14
-15
-17
-17
-18
-15
-13
-12
-12
-11
-8
-6
-5
-5
-3
0
1
2
1
4
6
8
9
8
7
8
9
9
7
7
8
9
10
10
12
13
18
19
18
17
19
22
23
21
19
20
24
23
19
17
18
24
29
22
15
16
20
22
14
7
9
17
20
8
-1
1
8
8
-2
-11
-10
-3
-5
-14
-19
-15
-11
-13
-19
-22
-19
-16
-17
-24
-25
-23
-22
-25
-28
-28
-25
-21
-22
-24
-24
-21
-17
-18
-19
-18
-14
-11
-10
-11
-12
-10
-6
-8
-8
-8
-7
-3
-2
-3
-4
-2
0
5
5
4
4
5
8
8
8
7
8
10
12
11
10
11
12
15
14
14
14
14
15
16
17
19
19
18
18
17
16
16
16
15
13
13
13
12
11
11
11
11
9
7
6
6
7
8
7
6
4
2
1
0
-3
-5
-4
-5
-6
-11
-12
-11
-9
-12
-13
-16
-16
-16
-17
-19
-20
-18
-17
-15
-16
-17
-18
-17
-15
-16
-15
-14
-12
-12
-11
-13
-11
-11
-11
-10
-10
-9
-10
-10
-9
-9
-8
-6
-5
-6
-3
-3
-1
0
0
0
2
4
3
5
6
8
10
10
10
11
12
14
16
18
19
22
24
26
26
25
26
27
30
28
26
26
24
24
22
21
19
17
16
16
15
12
11
12
11
9
9
8
7
5
7
5
3
1
0
-2
-2
-4
-6
-7
-9
-8
-11
-13
-19
-19
-20
-22
-23
-25
-26
-27
-29
-29
-29
-30
-29
-28
-27
-26
-25
-23
-23
-22
-22
-22
-20
-18
-17
-15
-13
-12
-11
-10
-9
-7
-5
-3
-2
-1
0
2
3
3
4
7
10
10
12
14
15
15
16
16
14
12
11
12
10
9
10
9
8
8
8
7
8
9
10
12
9
9
12
14
10
9
11
11
12
13
12
10
9
10
8
7
6
1
0
2
1
-3
-1
-1
-1
1
0
-2
-2
0
-4
-6
-2
-4
-7
-5
-8
-11
-11
-11
-13
-14
-13
-14
-15
-13
-17
-18
-14
-11
-12
-8
-3
1
2
1
3
4
7
8
9
13
13
11
12
12
12
11
12
13
10
8
6
2
5
8
5
8
14
11
14
19
16
14
16
16
14
17
18
11
10
11
2
0
2
-5
-7
-8
-16
-19
-16
-24
-24
-15
-22
-26
-15
-17
-19
-12
-12
-12
-8
-12
-14
-9
-10
-19
-14
-9
-17
-15
-12
-21
-18
-15
-18
-18
-14
-11
-12
-10
-13
-8
7
1
0
16
16
11
7
9
16
7
6
11
7
2
-4
1
-2
-10
4
-5
-14
4
-7
-16
1
-4
-1
7
1
8
19
9
4
13
14
7
12
18
12
5
8
7
3
4
7
10
12
12
8
9
17
12
5
14
20
15
7
11
15
11
13
6
9
10
-2
-1
-1
-8
-5
-14
-6
5
-17
-11
0
-19
-13
-6
-11
-2
-4
-10
-6
-7
-7
-3
4
10
7
9
5
1
1
1
9
3
9
24
2
9
32
9
10
24
22
20
2
14
27
-4
2
22
7
-2
9
17
6
-12
5
17
-14
-12
17
-6
-24
-3
10
-1
-30
-17
10
-35
-40
-2
-30
-25
-15
-29
-12
-34
-21
-3
-39
-1
-7
-31
14
-21
-23
9
-26
5
5
-21
16
0
2
-7
-23
8
-26
-20
5
-35
-6
-3
-28
-12
-30
-5
-8
-33
10
-8
-20
-1
-18
3
-14
-12
24
-11
-1
4
-17
4
-18
-1
13
-20
14
13
-4
4
-2
29
-1
6
67
3
12
64
18
12
26
66
53
-14
74
66
-9
46
47
31
12
20
71
-10
-13
72
9
-24
27
34
0
-3
42
40
-29
5
49
-18
-17
32
4
-17
1
12
-23
-38
10
-14
-45
-20
-7
-17
-57
-36
-8
-55
-41
-17
-11
-34
-39
16
-31
-62
4
-4
-41
-24
11
-22
-47
1
-16
-56
-13
22
-43
-36
16
-40
-59
-8
3
-44
-21
47
-17
-43
41
9
-42
20
48
-3
-13
56
32
-32
32
42
-9
18
49
39
10
31
55
-13
3
60
35
9
45
69
11
10
54
35
7
36
62
28
17
32
35
-6
-4
41
-6
1
28
14
-16
-32
6
-34
-48
13
-24
-46
-12
-10
-51
-51
-7
-38
-34
3
-6
-44
-19
-3
-56
-22
-26
-59
-24
-31
-56
-42
-36
-41
-40
-38
-26
-20
-31
-29
-11
-28
-52
-10
8
-30
-15
45
0
-40
16
22
-34
-9
38
4
7
32
41
0
-13
58
32
-26
46
50
11
25
29
67
-3
28
114
23
42
68
53
51
28
51
33
23
20
52
40
1
23
52
17
-1
50
55
-16
51
81
-19
17
28
23
-14
43
12
-37
35
11
-56
-19
2
-48
-11
16
-25
-35
5
-39
-27
-41
-41
-11
-19
-48
-30
-61
-55
-57
-59
-31
-52
-18
-27
-56
-35
-92
-59
10
-93
-42
12
-54
-53
-27
-36
-70
-30
12
-18
-13
0
-9
27
-36
-28
33
-22
3
37
15
-50
7
68
-73
-9
134
-19
13
129
39
-17
28
73
16
26
101
26
37
61
-15
-10
23
12
16
11
52
2
-19
21
-15
9
27
21
34
35
29
-13
12
-2
-14
46
17
-2
44
23
-37
-22
27
-21
-49
44
75
-34
-16
54
12
-52
-8
60
-40
1
94
-36
-41
8
-2
-23
-47
44
1
-18
19
-43
-31
-79
-40
33
-59
-33
33
-10
-69
-55
-27
-62
-34
37
-5
-20
-22
-7
-52
-52
-4
3
22
-1
25
16
-113
-24
34
-41
18
21
23
3
-27
8
-63
-30
43
32
72
-40
32
103
-78
44
86
-21
95
84
55
-5
12
109
-85
14
113
-60
54
76
-14
-61
-31
56
-71
-12
111
-2
9
47
13
-79
-64
116
18
-24
116
-34
-7
-42
-93
57
-21
-17
40
32
16
-215
-43
21
-176
100
30
-24
65
-59
-33
-103
-87
53
27
95
-3
23
56
-224
-56
153
-96
-39
198
54
-81
-32
-7
-94
-72
140
45
-84
77
-23
-81
-120
-143
53
15
22
67
5
-63
-107
-40
5
-52
59
113
44
16
-58
-70
16
-53
52
143
7
80
73
-27
-95
-49
84
-20
76
109
-51
87
-23
-138
27
43
15
77
111
14
-102
32
-40
-160
150
56
-81
117
26
-152
-129
56
-35
-160
159
166
-149
22
3
-95
27
42
16
-56
70
90
-123
-59
28
-72
26
119
-55
-63
129
24
-149
27
135
-94
26
219
-34
-84
136
49
-27
27
-17
39
67
-2
-58
36
57
-34
15
-80
-60
149
44
-136
30
135
-137
30
88
-86
95
59
-59
-76
48
54
-182
28
76
-124
68
-45
-7
19
-15
19
-83
-50
73
61
-106
-52
105
-65
-146
66
-77
-114
69
26
-227
-24
118
-248
2
93
-167
54
124
-124
-88
73
-17
-102
85
69
-91
79
152
-118
-115
68
16
-16
-61
20
5
-74
86
-61
-93
162
69
-38
104
107
-16
-64
101
51
-100
137
40
-76
130
8
-59
-1
16
120
-74
17
101
19
41
-47
6
56
54
44
11
-21
78
2
-84
-24
-11
38
-30
20
54
-169
-6
155
-178
-99
162
-11
-119
53
121
-170
-80
237
-124
-152
194
90
-86
-114
58
-63
-190
136
51
-112
49
95
-115
-117
81
-11
-59
89
51
-90
28
-8
-86
17
-36
26
66
-31
17
10
-64
-95
-7
65
-1
78
97
-44
45
-27
-120
137
140
4
42
23
-37
-42
1
-9
-68
171
110
-144
22
58
-94
-73
81
74
-39
18
103
-70
-46
66
-63
2
129
59
-41
-45
-14
-59
-69
7
-18
-5
109
-63
-131
-43
-79
-19
12
32
16
-10
6
-79
-93
-41
-36
62
104
20
-32
-24
5
-48
-77
9
89
83
17
-8
-15
-106
-38
43
-28
38
125
11
-75
-69
-64
-80
38
121
2
40
14
-54
-27
-40
-48
-5
99
108
-42
-45
-24
-109
-18
25
2
37
70
67
-31
-56
-21
-37
50
138
71
34
-13
-25
-26
-50
37
105
47
54
82
-33
-86
-43
23
23
71
125
30
-46
-61
-61
-71
-7
69
61
44
38
-11
-88
-38
32
12
58
110
62
-25
-47
-45
-55
12
47
47
19
6
-18
-63
-107
-102
-12
19
46
38
-45
-82
-18
-62
-50
39
36
46
68
32
-120
-141
-54
-46
-14
20
-19
-20
-20
-83
-92
-5
39
24
25
71
18
-64
1
17
-23
9
59
14
-5
47
-18
-61
-4
34
33
32
68
77
54
44
-14
-8
63
58
44
45
37
-8
-18
-7
-33
-24
29
17
-67
-70
-40
-46
-57
-15
-11
-62
-13
18
-47
-40
11
19
-11
6
37
-9
8
64
29
-4
23
25
-2
-11
21
-8
-33
-7
18
29
27
46
-9
-9
45
50
16
32
81
9
-24
-1
-15
-54
-29
28
-2
-22
-20
-39
-29
2
30
34
15
16
-12
-22
-35
-55
-24
-20
-24
-27
-11
-18
-65
-42
5
-36
-32
13
-29
-55
-24
-20
-58
-56
-19
-29
-31
2
-11
-35
-32
-29
-4
9
7
15
-1
18
23
45
47
35
63
46
45
35
37
31
40
31
4
11
-21
-14
24
19
27
39
65
29
1
65
33
40
96
75
77
65
63
40
0
73
59
40
76
35
38
7
10
31
-27
14
10
-29
-1
-28
-40
-66
-55
4
-53
-35
7
-51
-41
-56
-47
-33
-54
-16
-53
-84
-75
-70
-57
-107
-46
-39
-120
-50
-66
-89
-75
-1
0
-96
15
-5
-126
-43
24
-38
-72
30
17
-121
-35
-2
-119
-55
48
33
-22
21
80
6
37
140
103
107
145
145
63
0
71
31
11
99
111
74
47
41
-20
-66
28
39
36
116
102
55
23
27
5
6
78
101
86
95
45
-14
0
19
20
27
55
30
-25
-36
-79
-113
-61
-7
-3
-5
10
-11
-71
-69
-43
-48
-46
-20
-8
-63
-84
-75
-82
-82
-68
-49
-55
-67
-80
-109
-118
-88
-66
-66
-47
-32
-63
-72
-44
-29
-35
-1
17
-35
-38
-46
-84
-96
-48
-2
-10
13
5
-47
-47
-34
-4
56
104
140
112
88
48
19
66
95
139
188
195
164
123
122
98
69
129
138
104
94
84
19
-42
-9
33
20
33
89
26
-39
-2
23
16
29
91
90
30
49
34
-11
-13
3
0
-45
-48
-81
-156
-157
-171
-203
-212
-244
-262
-280
-239
-187
-170
-71
-44
-78
-83
-124
-157
-113
27
88
102
128
51
-58
-81
-51
-26
64
216
260
171
173
144
59
81
188
282
274
309
298
171
113
79
64
96
164
216
191
191
122
17
7
31
54
77
123
109
40
27
5
-54
-26
19
9
-26
-21
-63
-181
-156
-151
-227
-236
-205
-197
-279
-274
-249
-350
-359
-357
-387
-418
-455
-423
-443
-390
-260
-230
-235
-328
-361
-334
-340
-229
-176
-154
-127
-140
-157
-266
-216
-76
-15
181
312
378
444
426
400
287
370
528
552
665
683
574
454
348
327
349
489
582
494
467
380
208
152
200
275
317
418
449
343
305
286
251
287
399
469
418
369
268
79
-59
-99
-115
-182
-221
-283
-458
-598
-656
-680
-716
-674
-587
-624
-651
-641
-680
-711
-675
-546
-501
-471
-370
-380
-391
-378
-344
-316
-326
-295
-370
-438
-375
-510
-545
-443
-383
-322
-301
-85
-68
43
353
329
325
465
553
546
595
804
740
613
714
603
465
479
537
513
445
512
424
224
215
226
237
281
354
424
363
389
439
422
456
526
617
618
575
550
433
281
210
146
55
-56
-146
-256
-417
-502
-534
-594
-635
-643
-645
-677
-709
-681
-661
-642
-588
-566
-574
-560
-515
-473
-459
-408
-386
-444
-434
-451
-473
-461
-467
-485
-531
-454
-386
-458
-374
-163
-9
101
224
320
294
428
543
460
592
816
727
526
559
537
343
374
480
379
414
489
271
105
192
221
165
304
439
385
414
497
458
461
570
653
690
703
636
502
370
252
159
91
-5
-109
-196
-345
-498
-546
-565
-573
-552
-516
-537
-592
-570
-556
-562
-486
-384
-361
-378
-361
-355
-411
-395
-382
-441
-434
-429
-465
-542
-616
-671
-716
-712
-717
-705
-479
-207
-22
122
196
310
451
624
670
651
830
1005
946
749
597
501
346
275
302
250
259
301
170
-43
-83
7
28
118
346
443
457
520
556
539
601
772
863
872
852
759
571
384
239
90
-63
-175
-267
-426
-611
-736
-804
-830
-819
-759
-680
-627
-585
-533
-472
-437
-393
-338
-293
-241
-166
-118
-152
-204
-289
-396
-467
-515
-536
-555
-641
-749
-846
-917
-963
-823
-466
-183
38
213
291
378
544
670
721
920
1216
1243
1036
794
597
413
261
265
314
316
299
176
-110
-332
-293
-155
-57
157
364
369
353
425
476
528
722
965
1055
1028
942
763
527
318
198
74
-91
-225
-397
-657
-878
-969
-1003
-997
-865
-726
-674
-617
-561
-524
-480
-375
-247
-163
-66
-40
-29
-35
-165
-270
-381
-409
-407
-428
-488
-653
-725
-818
-967
-1006
-954
-680
-299
-44
136
236
447
603
670
779
856
1173
1399
1304
1037
720
548
350
217
207
233
277
124
-87
-294
-435
-357
-179
-18
185
433
494
425
457
569
643
885
1154
1102
964
868
648
310
152
76
-125
-239
-335
-600
-901
-1009
-1012
-1020
-886
-697
-638
-596
-519
-461
-452
-362
-174
-71
4
80
87
39
-60
-144
-234
-269
-217
-314
-456
-623
-757
-892
-1070
-1101
-1017
-744
-415
-162
9
80
273
550
814
977
1066
1186
1300
1336
1059
708
579
499
285
113
76
-33
-113
-173
-392
-510
-366
-265
-247
28
317
329
403
612
659
671
925
1081
1023
980
912
674
432
249
-57
-289
-372
-480
-750
-955
-1065
-1205
-1209
-1070
-889
-801
-660
-524
-487
-449
-338
-211
-97
74
155
150
185
142
-22
-196
-262
-264
-323
-303
-409
-665
-884
-1070
-1153
-1145
-849
-322
-23
145
231
316
505
827
1190
1184
1299
1599
1556
1191
829
671
497
434
440
216
72
30
-154
-455
-491
-305
-232
-124
111
277
311
367
495
623
790
974
1058
1048
960
819
611
391
178
-31
-215
-415
-614
-822
-1061
-1216
-1230
-1157
-1108
-1003
-860
-780
-674
-544
-474
-454
-322
-190
-150
-84
45
64
-14
-67
-174
-336
-347
-306
-400
-567
-699
-769
-933
-1005
-1070
-931
-532
-100
175
235
408
686
970
1119
1190
1330
1585
1697
1509
1109
817
717
589
374
212
152
72
-71
-304
-489
-493
-373
-294
-97
186
325
350
448
555
608
841
1072
1090
1029
923
670
412
236
-17
-276
-370
-519
-809
-1010
-1135
-1311
-1339
-1180
-1069
-986
-807
-658
-641
-595
-495
-429
-312
-92
30
55
111
55
-96
-227
-275
-302
-271
-178
-316
-603
-842
-1031
-1142
-1154
-1003
-640
-242
48
179
263
423
700
1092
1329
1437
1617
1686
1487
1176
891
733
717
663
458
267
177
-4
-274
-431
-409
-308
-191
-74
81
212
252
316
458
624
789
1020
1156
1108
992
802
574
382
219
15
-169
-309
-576
-901
-1091
-1155
-1177
-1130
-1016
-906
-828
-775
-730
-647
-542
-434
-317
-225
-169
-113
-63
-72
-130
-133
-172
-241
-301
-360
-464
-597
-709
-952
-1097
-1109
-1144
-1057
-695
-337
-137
151
425
599
909
1244
1251
1282
1586
1624
1366
1152
905
643
574
496
171
73
219
56
-284
-364
-335
-361
-235
5
192
331
436
441
480
632
762
922
1083
1104
970
761
519
229
33
-92
-221
-322
-523
-840
-1056
-1085
-1082
-1038
-831
-640
-618
-587
-534
-537
-498
-337
-182
-96
-10
-21
-87
-114
-137
-235
-288
-268
-295
-302
-398
-655
-922
-1065
-1105
-1171
-1156
-947
-670
-354
-83
53
197
544
954
1145
1171
1282
1423
1427
1258
917
656
623
579
316
116
149
127
-47
-265
-409
-366
-243
-141
57
333
433
393
455
562
623
776
1017
1128
1096
921
636
392
212
60
-67
-131
-250
-489
-763
-944
-999
-971
-848
-648
-482
-450
-485
-526
-537
-466
-308
-131
-51
-56
-82
-114
-187
-278
-242
-179
-167
-183
-306
-543
-799
-920
-1017
-1028
-962
-951
-840
-641
-445
-211
41
250
557
959
1134
1007
1028
1146
1159
1155
942
602
503
482
162
-52
119
150
-48
-113
-181
-303
-232
-68
47
290
535
499
479
636
673
671
900
1097
1042
920
766
496
261
122
-35
-154
-204
-331
-603
-789
-851
-911
-869
-673
-505
-490
-515
-509
-513
-497
-409
-307
-223
-123
-69
-137
-221
-238
-272
-318
-265
-221
-351
-511
-709
-977
-1115
-1072
-1169
-1264
-1003
-680
-466
-213
-34
41
450
946
965
885
1148
1362
1295
1146
857
603
640
557
218
122
254
209
-3
-164
-265
-251
-165
-87
108
391
509
512
592
647
695
851
1063
1204
1265
1170
912
692
498
255
70
6
-88
-302
-566
-787
-943
-1012
-959
-842
-725
-640
-627
-652
-633
-577
-509
-385
-221
-134
-88
-46
-78
-194
-278
-297
-341
-307
-312
-483
-715
-944
-1192
-1397
-1495
-1421
-1122
-718
-413
-274
-150
-48
220
698
1017
1149
1400
1619
1471
1127
852
637
602
680
556
375
343
217
-152
-413
-403
-293
-147
67
256
378
408
346
396
596
824
1040
1263
1382
1300
1107
874
670
568
477
312
166
39
-277
-692
-919
-1020
-1102
-1024
-856
-833
-903
-926
-963
-979
-838
-672
-541
-324
-136
-125
-160
-136
-158
-229
-203
-170
-242
-327
-508
-833
-1135
-1276
-1378
-1550
-1467
-1120
-892
-674
-397
-172
37
457
891
996
1198
1580
1685
1564
1468
1298
1008
885
846
600
478
575
439
45
-198
-241
-280
-216
5
197
366
504
486
455
575
764
924
1160
1389
1433
1309
1078
826
608
410
239
159
69
-213
-593
-905
-1185
-1362
-1338
-1218
-1113
-1055
-1077
-1139
-1141
-1099
-987
-712
-370
-184
-87
-51
-111
-186
-245
-251
-198
-132
-203
-505
-910
-1278
-1525
-1630
-1654
-1450
-1124
-884
-675
-511
-377
-69
502
968
1122
1375
1709
1733
1595
1450
1286
1176
1168
989
682
649
663
352
-18
-157
-166
-149
-63
76
239
432
503
497
614
796
925
1097
1343
1502
1485
1348
1156
974
770
481
247
127
-48
-376
-744
-1041
-1305
-1468
-1442
-1346
-1275
-1232
-1185
-1170
-1197
-1142
-968
-715
-438
-217
-82
-40
-30
-84
-217
-231
-162
-170
-336
-646
-1014
-1373
-1600
-1761
-1844
-1651
-1317
-999
-761
-603
-369
47
566
861
1043
1407
1743
1845
1743
1535
1413
1370
1219
924
783
847
725
373
28
-182
-234
-242
-205
-7
281
433
430
507
636
726
913
1197
1477
1667
1675
1513
1317
1108
788
484
368
263
-12
-376
-754
-1130
-1452
-1628
-1648
-1571
-1463
-1392
-1335
-1302
-1312
-1251
-1027
-696
-397
-159
32
130
95
-49
-192
-207
-153
-173
-342
-646
-1010
-1374
-1668
-1817
-1755
-1493
-1154
-841
-649
-576
-370
79
531
808
1100
1535
1869
1905
1706
1506
1464
1428
1228
1017
1008
1034
771
295
-67
-200
-240
-266
-153
119
314
318
319
431
560
686
905
1223
1515
1632
1551
1409
1286
1078
771
552
453
258
-102
-470
-815
-1184
-1501
-1656
-1667
-1630
-1600
-1562
-1494
-1421
-1385
-1301
-1063
-724
-425
-218
-56
53
40
-79
-177
-167
-128
-210
-446
-745
-1084
-1421
-1690
-1794
-1704
-1501
-1231
-945
-707
-542
-324
58
497
876
1238
1609
1901
1993
1873
1692
1616
1611
1501
1335
1277
1211
905
433
55
-135
-230
-238
-134
46
184
202
195
260
383
528
751
1096
1429
1584
1564
1467
1345
1141
865
649
525
348
27
-343
-714
-1120
-1497
-1726
-1805
-1814
-1795
-1738
-1637
-1550
-1505
-1426
-1207
-882
-566
-292
-41
157
221
140
45
37
46
-40
-225
-452
-748
-1098
-1421
-1601
-1595
-1455
-1244
-1036
-871
-730
-533
-245
111
497
881
1236
1555
1766
1790
1724
1702
1665
1523
1394
1380
1341
1141
809
443
151
-32
-152
-223
-170
-37
34
42
90
176
264
393
600
839
1054
1199
1245
1225
1123
906
667
503
358
149
-98
-352
-644
-956
-1235
-1455
-1576
-1592
-1545
-1483
-1402
-1310
-1228
-1112
-911
-670
-456
-268
-76
51
69
53
46
15
-58
-186
-367
-567
-789
-1038
-1256
-1327
-1274
-1178
-1042
-888
-744
-585
-360
-94
206
535
833
1102
1364
1551
1613
1646
1680
1630
1510
1394
1281
1159
1032
843
594
399
258
85
-68
-104
-71
-29
31
98
167
272
409
528
634
753
852
919
944
894
755
580
417
233
0
-230
-416
-589
-795
-1012
-1168
-1257
-1302
-1323
-1308
-1259
-1174
-1059
-924
-776
-630
-492
-369
-259
-186
-159
-158
-169
-210
-299
-416
-539
-676
-830
-972
-1068
-1100
-1073
-1001
-892
-755
-591
-403
-200
33
274
511
748
962
1125
1233
1322
1396
1419
1393
1329
1235
1101
934
765
640
563
487
371
243
145
71
17
11
69
163
269
384
511
628
709
740
751
759
737
657
557
459
314
109
-107
-300
-485
-666
-823
-939
-996
-1010
-1015
-1018
-992
-928
-835
-721
-588
-455
-330
-213
-128
-80
-73
-101
-135
-178
-260
-381
-529
-681
-831
-942
-988
-997
-989
-961
-930
-883
-777
-615
-424
-192
84
368
616
806
934
1025
1088
1110
1094
1088
1092
1064
981
854
697
558
441
325
234
198
187
161
149
168
195
228
285
369
474
576
658
737
819
863
828
737
630
493
310
119
-34
-159
-296
-458
-612
-731
-814
-882
-928
-924
-867
-771
-656
-543
-457
-387
-296
-192
-111
-84
-97
-127
-168
-245
-354
-469
-588
-724
-856
-955
-1016
-1032
-1003
-941
-864
-774
-675
-569
-448
-284
-71
161
387
589
751
857
920
952
955
930
884
812
718
621
525
441
385
341
279
206
148
117
136
199
281
379
499
621
707
756
777
776
779
787
781
757
707
598
413
192
-22
-228
-404
-520
-582
-627
-665
-710
-773
-820
-811
-747
-634
-485
-338
-220
-117
-43
-32
-67
-102
-147
-212
-283
-374
-500
-637
-784
-932
-1036
-1071
-1058
-1019
-946
-855
-755
-642
-526
-401
-255
-96
60
234
416
562
656
714
736
725
710
691
666
619
530
403
298
246
218
199
210
242
266
278
291
344
461
609
727
812
884
920
902
873
853
820
768
700
600
472
324
150
-39
-202
-329
-428
-471
-459
-451
-474
-498
-496
-468
-419
-358
-285
-187
-95
-41
-37
-66
-120
-194
-274
-356
-444
-537
-645
-767
-892
-1004
-1074
-1080
-1035
-962
-876
-779
-685
-603
-522
-421
-283
-125
30
167
291
391
453
478
482
494
505
499
476
429
365
296
232
181
157
168
191
219
236
230
225
275
390
539
674
758
790
797
783
731
664
623
591
532
436
327
217
103
-30
-177
-301
-368
-379
-359
-338
-324
-318
-336
-368
-376
-342
-271
-173
-85
-44
-56
-87
-136
-218
-304
-369
-423
-470
-516
-582
-653
-705
-739
-758
-741
-686
-601
-487
-368
-277
-219
-180
-146
-100
-42
21
123
264
410
518
560
538
506
502
490
478
501
531
532
516
463
361
291
270
226
186
230
331
426
498
513
485
480
475
429
394
422
446
419
366
309
234
147
48
-54
-114
-137
-159
-187
-227
-298
-395
-483
-547
-587
-596
-574
-522
-456
-410
-405
-421
-446
-478
-476
-429
-391
-394
-427
-491
-569
-610
-594
-557
-517
-471
-430
-398
-349
-291
-258
-246
-221
-198
-160
-39
148
327
466
562
597
631
724
800
817
835
854
828
773
675
510
372
296
198
101
101
156
206
243
220
145
118
131
132
197
355
476
521
533
485
381
306
255
197
190
195
108
-41
-195
-405
-625
-736
-777
-827
-829
-772
-742
-738
-733
-744
-724
-623
-529
-466
-359
-270
-296
-367
-428
-483
-488
-470
-493
-491
-441
-436
-456
-432
-440
-460
-409
-369
-314
-80
225
435
625
804
889
1048
1316
1433
1427
1481
1472
1322
1176
967
667
494
381
120
-79
-67
-79
-168
-214
-265
-292
-160
15
150
383
631
704
726
799
820
813
854
842
743
603
358
17
-301
-611
-930
-1139
-1243
-1358
-1462
-1508
-1545
-1557
-1489
-1356
-1162
-912
-686
-516
-363
-285
-300
-298
-252
-251
-279
-290
-339
-439
-540
-637
-723
-771
-839
-917
-901
-789
-600
-323
20
343
592
796
1031
1390
1792
2005
2034
2067
2109
1999
1692
1345
1103
938
726
433
198
116
59
-153
-437
-522
-398
-254
-45
305
624
783
876
981
1085
1207
1305
1316
1271
1142
816
387
22
-360
-844
-1256
-1479
-1635
-1830
-2016
-2113
-2129
-2085
-1961
-1729
-1420
-1112
-844
-636
-481
-353
-271
-230
-181
-158
-230
-342
-442
-602
-787
-902
-1028
-1210
-1314
-1327
-1287
-1114
-800
-446
-90
247
509
868
1484
1998
2093
2079
2241
2350
2205
1920
1650
1470
1308
939
444
212
202
22
-297
-413
-335
-291
-233
3
356
673
895
1097
1355
1607
1764
1841
1881
1829
1552
1103
727
398
-106
-709
-1150
-1453
-1795
-2129
-2330
-2416
-2400
-2282
-2099
-1827
-1505
-1246
-1023
-759
-516
-353
-183
3
92
49
-84
-259
-440
-636
-791
-917
-1117
-1354
-1545
-1664
-1626
-1384
-1035
-666
-282
43
382
998
1631
1811
1818
2048
2236
2179
2015
1786
1592
1495
1154
536
227
286
175
-104
-181
-135
-173
-184
-10
337
745
1053
1230
1461
1765
1970
2064
2160
2200
2007
1599
1224
909
433
-187
-712
-1093
-1487
-1911
-2207
-2342
-2435
-2470
-2357
-2128
-1879
-1642
-1416
-1178
-923
-716
-586
-435
-250
-175
-215
-261
-352
-527
-664
-798
-1049
-1288
-1453
-1628
-1634
-1390
-1177
-973
-613
-336
-119
501
1258
1486
1468
1650
1726
1635
1589
1405
1213
1310
1201
587
194
282
252
23
-28
54
118
199
299
533
937
1214
1275
1465
1796
1989
2096
2189
2162
2003
1720
1340
1052
764
235
-296
-550
-824
-1300
-1615
-1693
-1802
-1874
-1802
-1714
-1603
-1461
-1391
-1274
-1017
-866
-884
-820
-717
-712
-671
-643
-732
-765
-733
-835
-1000
-1073
-1202
-1352
-1253
-1044
-841
-462
-191
-227
-30
610
1145
1289
1258
1244
1340
1380
1040
633
644
713
402
-39
-274
-242
-65
-46
-148
38
335
331
374
773
1172
1376
1564
1740
1868
1996
2026
1942
1900
1772
1400
1039
821
461
-72
-484
-694
-860
-1089
-1311
-1384
-1351
-1328
-1241
-1028
-869
-833
-773
-697
-662
-622
-628
-701
-748
-819
-987
-1136
-1219
-1330
-1367
-1267
-1253
-1331
-1378
-1452
-1391
-1061
-637
-195
237
544
835
1321
1693
1591
1380
1446
1548
1402
1025
607
339
131
-263
-761
-944
-713
-494
-524
-497
-212
26
98
363
915
1441
1795
2017
2140
2241
2332
2297
2204
2167
1942
1404
904
558
56
-555
-918
-1084
-1299
-1502
-1576
-1565
-1500
-1387
-1203
-899
-556
-344
-253
-156
-86
-118
-187
-240
-354
-543
-742
-903
-1042
-1229
-1408
-1503
-1648
-1842
-1896
-1808
-1613
-1201
-670
-278
22
406
848
1418
1984
1996
1687
1749
1803
1382
970
731
372
74
-230
-841
-1153
-841
-749
-978
-780
-402
-335
-185
224
645
1146
1614
1808
1998
2298
2354
2254
2282
2223
1889
1437
987
537
6
-616
-1046
-1184
-1361
-1638
-1710
-1654
-1676
-1569
-1260
-959
-655
-364
-253
-180
-19
-9
-99
-56
-101
-330
-443
-542
-817
-993
-1063
-1306
-1506
-1540
-1733
-1809
-1391
-948
-659
-218
145
372
999
1753
1855
1667
1814
1865
1581
1326
1005
556
320
88
-506
-967
-858
-696
-818
-807
-575
-426
-289
16
435
923
1371
1582
1677
1890
2088
2113
2097
2106
1953
1569
1123
734
302
-263
-753
-943
-1020
-1221
-1399
-1451
-1484
-1462
-1291
-1049
-798
-505
-308
-292
-270
-235
-330
-404
-417
-549
-708
-802
-933
-1045
-1089
-1209
-1396
-1492
-1535
-1515
-1251
-815
-394
-8
193
276
761
1500
1783
1656
1627
1672
1536
1217
766
377
233
34
-464
-876
-895
-740
-639
-587
-519
-345
-100
96
384
901
1345
1523
1665
1821
1883
1935
1947
1813
1633
1410
1000
567
249
-195
-739
-955
-950
-1107
-1282
-1293
-1280
-1232
-1034
-808
-666
-455
-200
-150
-196
-186
-263
-330
-349
-536
-712
-758
-921
-1100
-1118
-1208
-1385
-1394
-1441
-1566
-1248
-733
-493
-59
417
422
765
1704
2036
1716
1745
1865
1569
1331
1054
481
262
202
-425
-1003
-961
-834
-812
-641
-473
-404
-232
-14
243
744
1256
1462
1551
1648
1700
1788
1860
1753
1559
1321
892
453
173
-245
-784
-1029
-1105
-1304
-1463
-1463
-1429
-1322
-1061
-827
-680
-475
-284
-209
-138
-97
-153
-214
-330
-547
-703
-812
-1010
-1200
-1260
-1283
-1372
-1527
-1689
-1623
-1172
-674
-330
53
353
492
962
1788
2170
1907
1798
2022
1916
1445
1000
687
554
331
-329
-967
-960
-707
-806
-878
-554
-279
-207
-7
382
872
1333
1600
1741
1859
1907
1921
1904
1767
1566
1298
852
425
83
-467
-1000
-1109
-1137
-1387
-1559
-1577
-1606
-1507
-1199
-936
-757
-516
-298
-172
-94
-101
-179
-238
-311
-493
-714
-803
-900
-1157
-1360
-1465
-1602
-1697
-1746
-1672
-1251
-709
-377
-42
370
634
1106
1880
2051
1676
1791
2059
1791
1418
1061
636
527
331
-436
-878
-541
-369
-586
-555
-368
-252
-34
187
503
1100
1529
1624
1754
1853
1805
1840
1825
1582
1379
1160
676
218
-126
-653
-1075
-1097
-1146
-1371
-1457
-1456
-1496
-1360
-1031
-829
-715
-480
-314
-314
-257
-232
-368
-449
-513
-733
-880
-869
-1034
-1334
-1437
-1512
-1698
-1762
-1782
-1633
-1006
-383
-183
21
375
733
1351
1946
1826
1584
1915
1985
1463
1104
908
672
581
250
-461
-729
-389
-252
-354
-195
10
85
307
637
982
1411
1740
1864
1928
1974
1984
1937
1756
1482
1197
855
493
160
-329
-894
-1139
-1178
-1324
-1454
-1473
-1504
-1466
-1258
-1006
-821
-637
-427
-308
-338
-416
-454
-478
-582
-783
-1005
-1146
-1182
-1280
-1533
-1750
-1837
-1897
-1961
-1907
-1519
-952
-537
-176
152
366
886
1683
1889
1502
1554
1936
1747
1300
991
572
418
448
-141
-744
-526
-244
-370
-291
-62
-62
124
592
936
1374
1894
2032
2068
2269
2287
2197
2190
2015
1663
1322
886
365
-67
-502
-943
-1125
-1186
-1412
-1565
-1466
-1359
-1276
-1067
-816
-625
-431
-216
-121
-211
-320
-359
-380
-452
-685
-1014
-1190
-1246
-1412
-1679
-1909
-2059
-2216
-2311
-2009
-1410
-963
-667
-298
100
586
1298
1785
1630
1483
1799
1890
1554
1212
851
614
576
169
-535
-660
-280
-171
-280
-198
-91
19
331
699
1111
1595
1853
1939
2100
2194
2206
2261
2157
1851
1587
1265
727
202
-253
-711
-929
-959
-1200
-1527
-1608
-1495
-1331
-1129
-934
-775
-592
-368
-206
-186
-293
-384
-376
-404
-536
-711
-911
-1069
-1161
-1331
-1629
-1860
-1948
-2094
-2139
-1758
-1340
-1136
-791
-416
-78
566
1181
1187
1013
1301
1622
1459
1163
827
453
439
328
-305
-609
-304
-98
-123
-96
-84
-55
257
700
1038
1430
1753
1825
1975
2191
2249
2327
2401
2209
1893
1635
1296
802
300
-139
-469
-615
-803
-1172
-1396
-1373
-1313
-1190
-981
-841
-770
-642
-457
-374
-422
-488
-574
-649
-661
-760
-933
-1029
-1131
-1284
-1419
-1593
-1843
-2069
-2107
-1825
-1386
-1067
-839
-601
-337
132
820
1160
996
1069
1466
1492
1154
727
280
220
356
-54
-592
-530
-266
-255
-240
-116
-1
249
643
1008
1394
1720
1810
1906
2147
2319
2456
2552
2412
2139
1855
1505
1164
785
242
-193
-355
-558
-907
-1168
-1263
-1228
-1063
-892
-790
-665
-542
-436
-290
-275
-428
-509
-577
-728
-814
-909
-1065
-1150
-1249
-1456
-1657
-1796
-1960
-2116
-1999
-1569
-1178
-979
-839
-656
-218
582
1112
814
572
1140
1444
962
570
341
109
147
-132
-842
-838
-311
-393
-635
-360
-153
-100
345
869
1209
1593
1776
1740
1921
2168
2270
2377
2347
2123
1921
1690
1361
989
527
126
23
-68
-430
-755
-878
-962
-906
-678
-559
-511
-338
-210
-216
-252
-334
-464
-587
-669
-760
-899
-971
-1070
-1367
-1587
-1614
-1731
-1841
-1820
-1796
-1591
-1158
-960
-1046
-833
-252
309
694
599
301
723
1235
797
271
237
163
116
-39
-615
-827
-390
-235
-409
-220
32
43
346
854
1153
1470
1723
1704
1758
1960
2116
2235
2189
1955
1754
1589
1339
1027
656
310
199
138
-187
-502
-561
-593
-566
-433
-426
-450
-294
-103
-60
-160
-291
-406
-537
-640
-761
-952
-1054
-1054
-1204
-1505
-1629
-1635
-1798
-1922
-1792
-1566
-1265
-987
-989
-938
-414
210
421
282
301
717
1037
818
304
-53
-67
52
-138
-537
-577
-315
-292
-430
-385
-293
-136
280
713
1041
1395
1551
1501
1587
1764
1886
2040
2077
1865
1658
1506
1204
848
572
338
232
203
-12
-325
-480
-505
-450
-354
-326
-325
-238
-93
-4
-70
-253
-352
-371
-450
-563
-690
-902
-1068
-1074
-1140
-1322
-1398
-1478
-1692
-1682
-1336
-1064
-963
-808
-578
-273
149
342
36
-52
536
873
523
205
2
-288
-312
-318
-689
-748
-310
-225
-441
-353
-294
-345
61
622
891
1230
1542
1489
1520
1779
1874
1958
2095
1948
1729
1653
1363
893
596
339
111
151
106
-237
-417
-430
-521
-451
-275
-279
-192
91
170
3
-145
-261
-366
-346
-281
-372
-578
-779
-942
-1109
-1303
-1371
-1412
-1642
-1613
-1236
-1218
-1353
-1154
-1004
-746
-45
240
-180
-122
474
465
195
231
-45
-275
56
-82
-674
-552
-214
-386
-423
-245
-362
-328
74
253
390
846
1083
1025
1201
1463
1583
1767
1909
1830
1741
1717
1560
1278
1021
755
538
489
429
226
37
-54
-100
-150
-216
-244
-189
-68
10
-76
-269
-384
-392
-419
-447
-425
-494
-649
-707
-782
-982
-1068
-1082
-1329
-1451
-1105
-909
-1046
-999
-873
-761
-364
-128
-445
-468
149
401
65
-162
-317
-502
-380
-320
-572
-494
-123
-125
-310
-316
-338
-307
-16
311
512
699
799
769
822
974
1153
1428
1630
1609
1564
1512
1295
1077
979
856
754
750
631
380
243
201
152
181
221
152
110
173
149
-35
-219
-315
-344
-318
-309
-422
-594
-701
-713
-720
-808
-876
-938
-1132
-1242
-1055
-877
-889
-856
-711
-578
-383
-268
-551
-684
-185
113
-184
-403
-513
-726
-686
-574
-759
-728
-313
-165
-298
-289
-289
-306
-2
403
593
729
833
802
824
952
1067
1231
1408
1428
1344
1226
1010
775
635
554
522
533
475
308
180
170
217
293
377
407
413
489
527
369
118
-29
-55
-52
-60
-105
-227
-390
-514
-609
-707
-738
-696
-762
-850
-680
-524
-712
-842
-633
-399
-162
28
-231
-504
-206
-7
-384
-646
-612
-710
-757
-720
-961
-1070
-719
-506
-560
-463
-357
-346
-136
157
301
481
713
813
867
973
1045
1107
1214
1236
1158
1078
930
696
500
369
271
217
200
144
49
46
119
106
85
159
204
254
394
370
146
43
17
-101
-158
-112
-162
-273
-324
-395
-503
-535
-521
-638
-721
-513
-305
-391
-494
-359
-233
-169
-42
-160
-358
-72
211
-89
-399
-426
-577
-707
-644
-749
-859
-612
-428
-564
-628
-564
-523
-320
24
215
308
477
609
640
698
848
1007
1128
1205
1185
1053
897
765
618
505
469
411
294
189
85
-25
-33
37
54
41
76
112
128
126
53
-24
-6
-4
-92
-162
-190
-217
-214
-214
-250
-293
-359
-491
-580
-466
-273
-205
-241
-244
-192
-154
-156
-228
-244
-28
212
125
-159
-297
-351
-450
-491
-494
-508
-395
-237
-315
-498
-524
-477
-384
-154
61
141
196
258
276
287
399
586
753
877
934
879
720
587
539
484
466
518
461
292
180
77
-19
12
41
-27
-51
-21
-43
-95
-132
-183
-227
-214
-238
-294
-268
-227
-205
-171
-176
-223
-292
-347
-307
-197
-112
-73
-120
-190
-169
-149
-172
-185
-157
-52
47
0
-183
-315
-308
-306
-343
-337
-331
-280
-164
-162
-268
-292
-226
-126
36
196
238
232
283
314
298
351
491
636
736
773
719
596
510
470
420
414
456
422
309
186
74
2
3
35
9
-16
18
5
-76
-165
-250
-287
-272
-262
-276
-283
-247
-216
-264
-299
-275
-266
-250
-193
-127
-91
-96
-134
-207
-218
-150
-128
-144
-134
-96
-76
-134
-248
-300
-287
-257
-245
-288
-312
-268
-221
-212
-215
-206
-166
-86
7
70
97
145
207
252
272
291
363
483
593
654
650
611
573
510
428
381
366
355
325
241
113
30
-10
-69
-119
-122
-109
-94
-98
-148
-207
-240
-253
-264
-289
-269
-187
-119
-85
-81
-112
-168
-204
-208
-204
-132
-8
13
-38
-54
-101
-164
-146
-107
-54
41
75
-7
-102
-137
-163
-201
-198
-165
-127
-65
-49
-104
-152
-166
-148
-103
-42
23
95
179
246
275
288
335
437
565
671
739
764
719
626
516
411
330
286
243
160
69
-25
-131
-235
-332
-390
-374
-315
-278
-262
-270
-292
-309
-326
-334
-308
-231
-138
-84
-83
-129
-196
-260
-313
-338
-329
-299
-275
-288
-326
-353
-384
-377
-307
-210
-100
-6
29
32
39
55
70
71
89
128
180
210
177
117
63
22
1
-10
-17
2
45
94
139
168
197
269
381
502
617
713
759
750
714
664
615
582
535
465
385
284
168
29
-131
-258
-320
-338
-351
-374
-395
-416
-427
-426
-433
-428
-373
-289
-227
-201
-201
-218
-257
-304
-348
-390
-405
-391
-380
-378
-387
-412
-449
-446
-388
-318
-246
-172
-100
-33
25
77
120
145
200
288
355
383
371
338
292
232
162
102
78
95
131
171
217
244
276
354
462
589
717
822
889
911
901
874
832
772
695
608
525
420
281
111
-65
-209
-321
-415
-488
-534
-563
-586
-617
-654
-685
-680
-632
-573
-528
-500
-483
-485
-522
-584
-649
-701
-731
-739
-752
-772
-791
-802
-801
-770
-700
-618
-533
-411
-267
-126
2
96
163
227
306
389
448
492
538
568
562
521
453
395
371
376
396
429
471
506
544
609
696
790
902
1010
1096
1169
1216
1221
1185
1109
1007
902
787
646
478
307
145
-17
-168
-306
-419
-493
-534
-570
-613
-652
-672
-676
-679
-691
-712
-724
-725
-744
-786
-848
-926
-1005
-1071
-1122
-1157
-1160
-1132
-1087
-1012
-921
-842
-743
-608
-451
-276
-95
51
159
239
305
343
362
385
406
427
443
429
388
337
292
261
262
298
358
434
526
628
728
838
958
1074
1184
1293
1380
1428
1424
1362
1254
1117
969
799
611
436
271
108
-44
-181
-305
-393
-437
-464
-490
-507
-514
-516
-516
-531
-567
-606
-640
-681
-741
-816
-905
-1004
-1092
-1170
-1241
-1293
-1319
-1306
-1244
-1150
-1035
-903
-763
-594
-417
-247
-78
72
200
313
385
417
427
419
418
416
406
391
365
336
310
289
287
316
369
449
556
681
804
931
1054
1164
1264
1355
1418
1440
1427
1369
1263
1129
966
769
569
395
230
80
-46
-164
-268
-335
-378
-418
-442
-446
-437
-432
-448
-486
-540
-605
-680
-771
-876
-982
-1091
-1203
-1308
-1411
-1504
-1567
-1584
-1547
-1473
-1359
-1213
-1049
-867
-680
-495
-310
-138
21
166
280
353
384
387
378
356
333
316
303
295
295
296
304
329
370
434
534
660
800
948
1091
1208
1307
1392
1459
1498
1513
1497
1439
1347
1220
1050
860
678
509
358
230
118
19
-59
-119
-175
-221
-237
-232
-230
-233
-256
-304
-371
-464
-580
-718
-861
-997
-1129
-1257
-1373
-1479
-1570
-1625
-1633
-1599
-1521
-1395
-1229
-1039
-837
-632
-444
-274
-107
41
156
246
302
323
315
280
226
168
122
94
79
84
107
148
203
278
372
481
613
763
922
1075
1208
1315
1388
1430
1441
1417
1370
1304
1210
1087
942
780
614
459
321
208
123
67
31
5
-15
-26
-32
-37
-51
-78
-115
-177
-266
-389
-544
-726
-921
-1113
-1294
-1458
-1597
-1711
-1791
-1828
-1828
-1788
-1697
-1560
-1373
-1149
-909
-679
-464
-267
-96
48
162
243
293
324
325
299
246
179
116
65
44
52
91
159
252
364
489
622
767
924
1086
1243
1380
1489
1558
1583
1567
1515
1438
1339
1219
1086
946
803
657
519
395
291
215
167
142
136
141
150
153
139
112
71
13
-68
-174
-312
-490
-693
-912
-1135
-1348
-1542
-1710
-1832
-1906
-1937
-1929
-1883
-1793
-1658
-1481
-1270
-1043
-809
-576
-365
-180
-33
78
160
217
244
254
242
204
158
106
61
33
33
69
139
243
371
514
662
812
953
1085
1213
1331
1423
1491
1522
1509
1460
1379
1270
1143
1012
886
759
640
529
426
338
265
213
186
182
193
203
209
200
172
126
56
-39
-157
-304
-471
-659
-866
-1078
-1291
-1491
-1656
-1781
-1861
-1895
-1890
-1843
-1752
-1627
-1472
-1297
-1106
-904
-699
-500
-318
-174
-63
19
64
89
100
93
77
63
44
28
21
40
87
169
288
429
592
761
925
1073
1208
1317
1400
1459
1489
1490
1461
1407
1316
1200
1070
938
820
711
624
554
500
455
421
399
391
396
406
414
412
395
356
292
196
65
-91
-270
-464
-672
-884
-1098
-1306
-1493
-1650
-1770
-1846
-1877
-1862
-1800
-1698
-1571
-1430
-1287
-1143
-997
-853
-712
-579
-463
-363
-286
-233
-197
-181
-174
-161
-143
-110
-60
5
87
186
304
442
601
776
955
1124
1275
1400
1491
1541
1554
1531
1480
1410
1321
1218
1105
988
873
764
673
602
552
523
513
515
526
543
555
559
549
522
478
418
333
219
78
-94
-289
-498
-717
-936
-1146
-1335
-1499
-1629
-1723
-1783
-1804
-1780
-1715
-1616
-1495
-1359
-1226
-1095
-974
-865
-771
-695
-633
-584
-536
-494
-458
-426
-393
-360
-314
-251
-169
-68
56
198
355
522
693
863
1029
1187
1331
1450
1538
1586
1589
1552
1480
1377
1254
1129
1007
893
791
704
634
588
564
562
577
612
657
699
732
747
733
701
644
562
454
319
155
-30
-232
-448
-675
-908
-1129
-1334
-1508
-1641
-1733
-1789
-1799
-1764
-1697
-1601
-1491
-1372
-1251
-1132
-1024
-939
-874
-830
-804
-787
-772
-760
-738
-707
-663
-610
-543
-459
-358
-236
-87
84
273
479
687
891
1085
1265
1422
1547
1639
1691
1705
1685
1627
1533
1420
1296
1171
1053
952
874
818
787
770
766
775
792
815
835
849
848
824
779
705
600
465
304
121
-77
-282
-497
-711
-921
-1115
-1288
-1430
-1536
-1610
-1645
-1642
-1605
-1545
-1469
-1386
-1303
-1222
-1150
-1089
-1042
-1012
-995
-988
-990
-996
-1003
-1003
-984
-941
-869
-771
-648
-502
-341
-165
26
227
435
647
853
1046
1213
1345
1439
1496
1525
1526
1504
1460
1397
1321
1236
1146
1057
982
923
888
871
873
885
908
937
958
967
960
940
902
848
773
663
526
364
179
-24
-229
-437
-638
-820
-984
-1125
-1243
-1330
-1393
-1425
-1430
-1413
-1381
-1341
-1295
-1247
-1203
-1171
-1152
-1145
-1149
-1156
-1167
-1177
-1187
-1191
-1184
-1159
-1112
-1039
-938
-802
-636
-443
-230
-5
222
441
653
848
1019
1167
1287
1376
1431
1457
1454
1422
1374
1321
1268
1216
1169
1130
1101
1082
1069
1065
1074
1092
1119
1149
1170
1174
1157
1116
1051
962
844
701
542
366
176
-26
-233
-444
-643
-821
-973
-1099
-1194
-1258
-1295
-1309
-1307
-1297
-1281
-1261
-1237
-1214
-1199
-1200
-1213
-1236
-1268
-1304
-1340
-1372
-1393
-1398
-1382
-1345
-1283
-1199
-1087
-947
-778
-586
-371
-146
84
313
531
733
904
1046
1159
1244
1301
1331
1334
1319
1291
1254
1214
1175
1143
1129
1130
1142
1158
1177
1199
1223
1239
1246
1242
1226
1197
1154
1093
1003
884
744
583
410
228
45
-136
-306
-460
-593
-710
-808
-883
-935
-961
-973
-976
-977
-983
-992
-1011
-1042
-1085
-1136
-1194
-1252
-1312
-1373
-1433
-1485
-1525
-1546
-1545
-1516
-1455
-1362
-1237
-1087
-916
-727
-526
-315
-100
110
309
490
652
785
891
971
1025
1055
1070
1076
1072
1064
1061
1059
1066
1084
1107
1137
1173
1216
1263
1309
1349
1375
1383
1374
1344
1287
1204
1092
957
807
643
466
282
101
-70
-225
-359
-470
-557
-619
-655
-675
-683
-685
-686
-693
-707
-734
-780
-844
-920
-1010
-1108
-1210
-1314
-1413
-1504
-1577
-1630
-1660
-1665
-1641
-1587
-1497
-1377
-1230
-1058
-866
-662
-452
-243
-48
133
297
441
561
654
721
768
803
829
851
874
901
931
969
1016
1064
1116
1173
1235
1293
1348
1395
1430
1448
1451
1442
1415
1367
1297
1204
1091
958
805
638
466
296
139
-1
-119
-219
-296
-351
-386
-412
-428
-439
-452
-471
-500
-547
-613
-697
-798
-908
-1022
-1141
-1258
-1370
-1469
-1554
-1621
-1667
-1687
-1678
-1637
-1564
-1463
-1334
-1181
-1012
-827
-637
-450
-274
-115
23
138
228
297
349
385
416
442
469
499
541
597
669
754
846
944
1039
1130
1211
1276
1324
1360
1383
1392
1387
1358
1305
1228
1128
1008
876
734
592
456
325
207
98
4
-69
-122
-154
-167
-169
-166
-165
-174
-198
-241
-304
-383
-474
-572
-677
-789
-903
-1016
-1126
-1224
-1307
-1369
-1403
-1411
-1393
-1352
-1288
-1204
-1100
-978
-844
-698
-549
-405
-270
-152
-52
29
92
141
175
199
218
234
252
277
313
363
429
509
600
698
795
893
985
1066
1140
1199
1243
1269
1270
1241
1186
1103
1003
886
762
633
502
379
262
157
67
-4
-52
-74
-76
-63
-45
-28
-18
-23
-42
-76
-128
-192
-265
-350
-446
-550
-659
-767
-869
-954
-1024
-1073
-1097
-1102
-1089
-1060
-1012
-949
-870
-775
-670
-559
-444
-336
-236
-150
-82
-30
4
25
33
34
31
29
35
50
80
124
182
251
330
418
511
604
688
766
830
877
910
920
911
890
849
793
726
648
560
469
373
280
191
109
41
-14
-48
-65
-73
-68
-59
-51
-45
-43
-53
-70
-98
-138
-192
-264
-346
-436
-526
-609
-684
-745
-784
-804
-806
-791
-766
-729
-678
-613
-540
-459
-375
-295
-217
-145
-84
-32
12
47
69
84
92
93
91
93
98
113
141
179
233
296
368
447
524
598
664
720
762
789
797
790
767
728
671
599
517
430
343
257
173
92
21
-44
-94
-130
-153
-166
-168
-165
-158
-151
-152
-158
-170
-190
-220
-260
-311
-374
-444
-515
-582
-641
-691
-726
-744
-749
-736
-711
-675
-629
-570
-501
-422
-335
-248
-165
-89
-23
29
72
105
130
147
158
163
164
162
162
171
188
220
269
329
401
480
556
627
694
755
808
847
874
884
877
849
804
735
651
554
450
347
248
154
66
-13
-81
-138
-182
-211
-231
-240
-241
-242
-245
-255
-276
-307
-345
-393
-450
-514
-583
-654
-724
-788
-841
-885
-913
-923
-918
-894
-852
-798
-730
-650
-560
-463
-361
-260
-162
-70
11
81
141
187
225
255
278
294
305
315
330
352
378
414
461
517
583
654
727
797
864
927
978
1018
1038
1041
1029
998
946
872
785
682
573
462
351
242
141
49
-33
-107
-170
-224
-266
-300
-327
-350
-370
-393
-425
-464
-512
-568
-634
-700
-773
-842
-910
-974
-1031
-1079
-1110
-1124
-1122
-1100
-1059
-1001
-926
-843
-756
-662
-569
-472
-379
-287
-201
-124
-54
8
59
103
146
186
226
272
323
376
430
487
548
614
684
757
830
900
969
1029
1080
1118
1139
1146
1144
1125
1089
1044
984
914
835
753
666
581
504
429
360
296
234
174
116
60
3
-53
-111
-174
-242
-313
-393
-479
-567
-655
-740
-820
-894
-964
-1024
-1075
-1119
-1152
-1169
-1164
-1141
-1096
-1037
-976
-909
-837
-771
-701
-632
-563
-496
-438
-388
-347
-313
-281
-249
-213
-167
-109
-43
33
116
199
285
377
468
562
660
754
842
925
991
1042
1079
1101
1112
1110
1098
1073
1038
995
938
874
810
749
692
643
599
559
523
483
439
389
335
280
220
154
83
2
-86
-181
-287
-398
-509
-618
-719
-810
-889
-957
-1011
-1051
-1078
-1089
-1082
-1061
-1024
-978
-925
-871
-816
-762
-714
-669
-629
-595
-564
-535
-507
-481
-453
-419
-377
-326
-266
-197
-122
-39
49
141
239
335
433
529
618
699
770
828
873
904
923
929
922
908
885
858
827
792
756
724
696
671
649
629
608
583
558
528
492
447
392
329
261
186
98
6
-89
-185
-279
-374
-464
-549
-624
-688
-739
-778
-805
-820
-820
-809
-788
-759
-724
-686
-643
-603
-570
-543
-524
-507
-493
-481
-471
-460
-445
-425
-398
-364
-324
-275
-218
-152
-79
-1
82
167
251
330
403
469
525
576
614
643
661
665
660
649
630
609
589
569
555
543
532
524
515
507
499
491
479
461
437
407
370
324
269
206
137
65
-8
-86
-164
-243
-320
-394
-462
-524
-573
-609
-633
-644
-641
-631
-617
-599
-577
-552
-525
-498
-473
-452
-437
-426
-418
-412
-408
-399
-384
-364
-339
-308
-270
-228
-180
-123
-60
8
79
153
229
298
361
414
460
498
528
552
567
572
569
557
537
514
491
472
460
453
448
442
436
426
414
400
384
366
344
321
289
251
203
145
79
11
-61
-133
-206
-278
-348
-412
-468
-520
-562
-588
-599
-598
-589
-571
-550
-527
-502
-477
-452
-429
-406
-387
-373
-363
-355
-346
-334
-317
-297
-273
-242
-204
-165
-119
-71
-19
39
100
163
227
289
348
402
447
486
516
537
551
557
556
548
535
517
499
480
465
453
449
446
442
442
438
434
426
411
391
366
334
296
250
194
131
64
-7
-81
-155
-227
-294
-357
-417
-470
-518
-555
-583
-601
-613
-617
-617
-614
-605
-595
-584
-576
-567
-561
-556
-549
-543
-535
-523
-508
-488
-463
-432
-394
-347
-292
-235
-172
-106
-36
35
108
180
251
317
378
432
475
508
533
553
567
574
580
582
584
586
589
592
598
605
614
621
625
629
628
622
606
582
551
515
474
424
365
303
235
161
83
2
-79
-157
-231
-298
-359
-411
-456
-494
-524
-548
-569
-584
-594
-602
-609
-615
-622
-629
-637
-644
-651
-654
-654
-648
-638
-621
-599
-571
-537
-495
-450
-397
-338
-273
-205
-134
-62
8
77
142
202
255
301
343
377
408
435
459
482
502
520
539
558
577
596
614
629
640
649
654
655
651
640
623
602
573
539
498
451
399
343
284
222
159
97
35
-25
-78
-129
-175
-217
-254
-286
-319
-348
-379
-405
-430
-456
-480
-504
-531
-558
-585
-610
-628
-643
-650
-651
-646
-635
-617
-593
-564
-533
-497
-457
-412
-366
-317
-269
-222
-176
-132
-90
-50
-12
24
60
95
132
165
198
235
272
312
351
395
439
481
521
560
594
622
644
664
672
674
671
660
640
615
583
545
505
463
419
377
336
295
255
219
183
148
114
80
44
6
-32
-72
-114
-159
-206
-257
-304
-352
-400
-444
-482
-517
-544
-564
-580
-588
-591
-587
-575
-558
-536
-509
-480
-448
-417
-386
-357
-327
-299
-276
-254
-235
-216
-200
-179
-159
-135
-109
-79
-43
-5
38
83
133
182
232
280
323
364
398
424
443
458
464
464
460
449
433
415
394
370
347
323
302
285
267
254
243
232
220
210
199
186
170
154
131
105
75
39
0
-41
-85
-128
-168
-207
-244
-276
-302
-324
-339
-346
-347
-343
-336
-323
-309
-292
-276
-260
-244
-230
-218
-207
-200
-196
-193
-188
-186
-183
-178
-170
-158
-144
-127
-107
-83
-56
-24
5
37
71
104
135
166
192
216
234
249
261
270
274
275
272
267
261
254
247
240
233
228
224
223
225
224
225
226
227
226
222
215
202
186
164
138
108
74
40
6
-29
-62
-95
-126
-153
-176
-195
-210
-223
-232
-237
-241
-244
-245
-248
-248
-248
-246
-247
-250
-253
-256
-258
-261
-263
-262
-260
-255
-249
-239
-226
-210
-189
-167
-145
-120
-94
-70
-45
-21
2
21
41
58
71
84
95
102
109
116
121
127
136
148
160
172
188
203
219
234
247
257
265
269
271
270
265
258
246
231
214
196
178
159
142
125
110
92
77
63
51
40
32
23
16
7
-1
-10
-22
-36
-51
-68
-87
-106
-127
-149
-168
-185
-201
-213
-223
-231
-233
-231
-226
-218
-207
-193
-178
-163
-148
-134
-120
-108
-99
-91
-86
-79
-75
-72
-68
-66
-61
-54
-47
-38
-26
-12
4
24
45
66
86
106
125
143
157
171
179
187
189
188
185
180
172
164
156
148
141
135
128
122
116
112
108
106
103
98
94
88
81
72
61
47
29
11
-10
-30
-51
-73
-95
-115
-133
-149
-163
-172
-180
-185
-186
-184
-180
-175
-171
-166
-160
-154
-149
-145
-142
-138
-135
-132
-131
-128
-125
-123
-118
-111
-101
-91
-78
-62
-46
-27
-7
15
37
60
82
103
122
139
154
166
175
181
184
185
185
185
180
179
175
172
169
167
164
161
161
159
159
157
155
150
145
137
127
115
100
84
66
46
25
3
-20
-41
-62
-83
-102
-120
-134
-147
-157
-165
-171
-174
-177
-180
-182
-181
-181
-180
-181
-181
-182
-181
-182
-183
-183
-180
-179
-174
-170
-161
-151
-139
-123
-106
-86
-64
-39
-14
10
33
55
77
95
112
126
139
150
161
172
178
183
188
191
193
195
197
197
197
195
192
189
185
179
172
165
159
149
137
124
109
93
76
56
37
20
-1
-19
-37
-55
-70
-82
-92
-104
-110
-117
-122
-128
-133
-137
-142
-147
-154
-160
-164
-167
-171
-174
-177
-179
-178
-175
-171
-165
-160
-151
-139
-128
-114
-99
-84
-68
-49
-33
-14
3
19
34
47
59
69
79
89
97
105
112
120
127
135
141
147
154
159
164
168
170
170
170
167
163
156
149
139
129
118
103
88
72
56
41
24
9
-6
-17
-28
-36
-45
-53
-60
-66
-73
-79
-86
-92
-98
-104
-110
-116
-122
-129
-134
-140
-141
-143
-141
-138
-134
-129
-123
-115
-105
-95
-83
-71
-60
-47
-35
-22
-9
2
11
19
29
37
44
52
60
65
70
75
81
86
92
97
104
110
115
121
124
127
128
128
127
124
117
111
103
94
84
74
62
51
39
28
16
4
-7
-18
-27
-36
-42
-50
-56
-62
-66
-72
-76
-80
-84
-88
-91
-98
-101
-106
-112
-117
-122
-126
-130
-131
-130
-127
-124
-119
-115
-108
-97
-86
-75
-63
-50
-38
-26
-14
-2
8
19
30
42
52
63
73
82
91
98
105
113
117
123
128
131
134
136
138
141
143
142
141
138
135
128
120
110
100
88
75
61
48
34
19
6
-5
-15
-24
-31
-39
-47
-55
-61
-67
-73
-79
-86
-93
-96
-101
-104
-105
-109
-111
-113
-115
-115
-114
-115
-114
-113
-110
-107
-102
-96
-90
-80
-70
-58
-47
-37
-27
-17
-5
6
15
24
32
40
48
55
64
71
79
85
91
96
101
104
106
108
109
112
113
111
108
105
101
96
89
82
74
67
58
48
36
25
16
5
-4
-14
-23
-32
-40
-48
-57
-64
-70
-77
-83
-90
-94
-98
-101
-103
-106
-107
-107
-108
-108
-107
-106
-105
-102
-99
-97
-92
-87
-80
-74
-66
-57
-47
-38
-28
-18
-9
3
13
23
34
45
54
65
74
83
91
98
106
110
114
117
122
125
128
130
132
132
132
133
132
129
124
120
113
107
100
92
84
75
67
57
48
38
26
16
6
-2
-10
-20
-29
-40
-49
-58
-68
-75
-83
-91
-97
-101
-108
-113
-117
-122
-124
-128
-130
-132
-131
-130
-129
-126
-124
-120
-116
-112
-105
-97
-89
-79
-69
-59
-49
-39
-29
-18
-5
5
15
26
37
45
54
63
71
77
85
93
98
102
105
108
110
113
114
114
113
111
107
103
97
92
82
74
69
60
49
40
32
24
16
6
-3
-12
-20
-28
-37
-44
-52
-58
-65
-70
-76
-80
-84
-89
-93
-95
-98
-99
-102
-102
-102
-102
-99
-97
-91
-85
-79
-71
-62
-54
-43
-32
-22
-13
-3
7
17
26
35
42
50
58
65
73
79
84
89
95
100
105
109
111
113
113
115
116
115
114
111
108
106
102
96
88
80
72
61
51
41
29
17
6
-5
-16
-25
-35
-45
-54
-61
-69
-76
-81
-86
-90
-94
-95
-97
-97
-98
-99
-100
-101
-103
-101
-99
-99
-98
-95
-92
-88
-82
-78
-72
-68
-60
-52
-46
-38
-30
-22
-14
-7
2
10
19
28
34
40
47
52
57
64
67
71
78
82
86
90
94
95
95
96
96
96
96
93
90
86
81
74
69
60
54
47
39
31
21
11
1
-9
-17
-26
-33
-40
-47
-55
-61
-66
-69
-73
-77
-79
-81
-83
-85
-87
-87
-86
-87
-86
-86
-82
-79
-74
-70
-64
-56
-49
-42
-34
-26
-18
-9
-1
8
16
25
32
39
45
51
57
61
65
70
74
76
80
81
84
86
86
88
89
89
89
88
86
83
79
74
70
65
58
49
42
34
26
20
12
4
-3
-11
-18
-27
-34
-42
-48
-55
-62
-69
-73
-78
-82
-85
-88
-91
-91
-93
-95
-95
-95
-94
-94
-92
-90
-89
-86
-83
-79
-73
-67
-59
-52
-45
-36
-28
-18
-10
-3
5
13
21
28
35
40
46
52
58
64
70
75
80
85
90
95
98
101
104
106
106
106
104
102
99
96
90
85
78
71
64
56
49
41
33
24
16
8
0
-8
-15
-24
-31
-40
-47
-53
-59
-64
-69
-75
-80
-86
-89
-91
-92
-95
-98
-98
-98
-97
-93
-91
-88
-83
-78
-71
-66
-62
-55
-48
-42
-36
-31
-24
-18
-12
-5
1
8
14
21
27
33
37
43
48
54
60
65
70
74
78
82
85
87
90
90
90
90
87
85
79
74
69
65
60
54
48
41
35
26
19
13
6
-1
-7
-12
-19
-25
-30
-37
-42
-49
-55
-61
-66
-71
-76
-80
-83
-86
-88
-90
-90
-90
-87
-83
-77
-72
-65
-59
-50
-44
-36
-28
-21
-15
-9
-2
3
7
11
15
17
22
25
28
34
41
46
50
55
60
66
69
74
79
81
83
84
85
85
84
82
78
75
70
65
59
53
46
39
32
25
18
11
6
-1
-6
-10
-16
-22
-26
-31
-37
-44
-48
-54
-59
-65
-70
-76
-80
-83
-86
-88
-89
-90
-89
-87
-83
-79
-74
-68
-64
-56
-50
-44
-37
-31
-26
-21
-15
-10
-6
-2
3
7
10
14
18
23
29
33
38
42
47
54
59
63
68
72
75
77
80
81
81
81
79
77
74
70
65
59
54
48
42
34
27
22
14
8
2
-3
-7
-13
-17
-21
-25
-29
-31
-37
-40
-44
-48
-52
-56
-60
-64
-66
-69
-71
-70
-70
-67
-64
-62
-58
-54
-48
-44
-39
-34
-29
-24
-19
-15
-11
-6
-2
3
7
10
15
19
23
28
33
37
41
45
49
53
55
58
59
61
63
62
61
59
56
56
54
51
47
46
42
39
35
31
27
23
19
15
9
6
1
-5
-11
-15
-22
-28
-33
-39
-46
-51
-56
-62
-66
-69
-72
-75
-78
-79
-80
-78
-77
-73
-69
-64
-59
-52
-45
-37
-30
-25
-19
-13
-9
-4
1
5
12
15
19
24
29
34
39
43
49
54
59
62
66
69
71
74
75
77
76
74
73
72
70
68
66
63
59
55
52
50
44
41
37
33
29
23
18
13
7
-2
-8
-15
-22
-30
-36
-44
-52
-59
-67
-74
-80
-86
-90
-94
-96
-99
-98
-99
-99
-98
-96
-92
-89
-83
-79
-73
-66
-61
-55
-49
-44
-37
-31
-26
-21
-15
-11
-6
-3
3
9
13
20
26
32
39
46
53
59
65
72
76
80
84
85
88
90
90
88
87
85
83
80
76
73
71
66
63
59
55
51
48
43
37
31
26
21
16
9
3
-5
-12
-19
-28
-32
-40
-46
-51
-56
-60
-64
-66
-67
-69
-69
-69
-69
-68
-68
-66
-65
-62
-60
-56
-52
-47
-42
-38
-33
-28
-22
-15
-10
-5
0
3
10
16
23
29
35
41
45
48
53
55
57
60
59
60
59
58
57
56
53
51
49
47
46
42
39
37
33
30
27
23
19
15
10
4
-2
-10
-15
-23
-29
-34
-41
-47
-52
-60
-64
-68
-71
-72
-73
-74
-74
-73
-73
-72
-71
-67
-66
-63
-59
-57
-54
-51
-48
-43
-39
-33
-29
-22
-17
-10
-3
3
9
15
20
27
32
37
42
45
48
51
53
54
55
57
58
58
57
58
57
55
53
52
52
50
50
50
48
47
46
45
45
42
41
37
32
27
21
15
8
0
-8
-15
-23
-30
-37
-42
-48
-52
-54
-58
-59
-60
-59
-58
-56
-55
-51
-46
-44
-39
-34
-32
-27
-23
-18
-15
-11
-8
-5
0
3
7
11
15
20
25
28
34
36
41
44
45
48
49
50
52
53
54
54
52
50
49
46
42
37
35
30
26
21
16
13
10
6
4
0
-5
-8
-12
-17
-21
-24
-27
-32
-35
-40
-44
-46
-50
-54
-57
-61
-63
-65
-65
-67
-68
-68
-66
-65
-64
-61
-59
-56
-55
-52
-48
-44
-41
-36
-31
-26
-22
-17
-9
-3
3
11
17
25
33
40
46
53
57
61
64
67
69
71
71
71
70
68
69
67
65
63
63
61
61
58
54
52
49
47
43
39
35
31
26
23
19
14
7
1
-4
-9
-16
-22
-26
-34
-40
-45
-51
-56
-60
-62
-64
-66
-68
-69
-69
-70
-70
-69
-68
-66
-65
-63
-61
-59
-55
-52
-48
-45
-39
-36
-30
-25
-19
-13
-8
2
7
13
20
26
30
37
41
45
50
52
55
57
59
60
62
63
63
62
62
61
61
61
60
60
60
61
60
58
56
54
51
47
42
37
31
24
17
12
4
-3
-10
-16
-23
-28
-35
-41
-45
-50
-54
-58
-60
-65
-68
-70
-73
-75
-76
-76
-75
-76
-75
-74
-71
-68
-65
-62
-57
-51
-46
-41
-35
-30
-23
-16
-10
-2
4
11
17
21
28
33
37
41
44
47
48
48
49
50
50
50
50
52
53
54
54
55
56
56
56
55
55
52
49
47
42
39
34
30
25
19
15
9
4
-1
-5
-8
-12
-14
-17
-19
-22
-25
-26
-29
-31
-33
-36
-39
-40
-42
-44
-47
-48
-49
-50
-51
-52
-52
-52
-51
-50
-47
-44
-41
-37
-32
-27
-21
-16
-12
-7
-3
2
5
8
12
15
18
20
23
24
26
29
31
33
35
36
36
37
37
39
40
41
43
43
42
41
39
37
34
31
27
22
17
12
8
4
2
-1
-2
-3
-5
-7
-7
-9
-10
-11
-12
-13
-15
-17
-19
-23
-25
-28
-30
-31
-31
-34
-35
-35
-35
-35
-34
-32
-32
-30
-26
-23
-20
-16
-13
-10
-7
-4
-1
1
4
6
7
8
7
9
10
9
9
11
11
13
14
16
18
20
22
24
25
27
29
30
30
31
29
30
28
26
23
20
19
16
13
13
10
8
7
5
3
1
-2
-3
-5
-6
-8
-9
-12
-15
-17
-18
-21
-23
-25
-27
-28
-28
-28
-28
-28
-27
-28
-26
-23
-22
-20
-17
-16
-14
-10
-7
-6
-5
-4
-3
-2
-2
-1
-1
0
-1
1
2
4
6
7
8
9
11
12
13
13
13
14
14
14
15
14
15
15
13
13
11
11
9
9
8
7
8
5
4
3
1
0
-1
-2
-3
-3
-3
-3
-2
-2
-2
-2
-3
-5
-5
-6
-5
-6
-5
-5
-5
-4
-4
-4
-5
-3
-2
-1
0
3
4
5
6
8
10
12
13
13
15
15
15
14
14
13
13
13
13
15
16
17
17
16
15
14
14
10
8
5
3
1
-3
-6
-8
-12
-14
-15
-16
-16
-17
-16
-17
-16
-16
-15
-16
-15
-13
-14
-13
-11
-10
-9
-10
-10
-8
-8
-9
-8
-9
-11
-11
-13
-13
-13
-12
-12
-12
-12
-10
-11
-11
-10
-10
-11
-11
-12
-11
-12
-12
-12
-10
-7
-6
-5
-2
-1
2
5
7
8
7
10
13
15
19
21
23
24
24
25
24
23
24
22
20
18
15
11
9
6
4
2
-2
-4
-6
-8
-8
-8
-8
-7
-5
-2
0
2
3
3
3
2
2
1
0
-1
-3
-3
-3
-3
-4
-2
-2
-1
0
2
1
1
1
1
2
2
2
1
2
4
4
3
3
3
4
3
2
3
2
2
0
1
1
2
3
3
4
5
6
4
5
4
3
3
4
5
4
4
4
2
0
0
-2
-2
-3
-3
-4
-5
-5
-6
-5
-5
-6
-5
-5
-5
-5
-6
-6
-5
-6
-6
-7
-6
-6
-6
-6
-8
-9
-9
-11
-12
-11
-11
-11
-10
-10
-9
-9
-7
-7
-6
-5
-4
-3
-2
-2
1
2
4
4
6
8
10
10
10
10
11
12
12
12
12
13
14
14
15
14
13
11
11
11
9
7
6
6
4
4
3
1
1
0
0
0
1
0
-1
-1
-1
-1
-1
-3
-3
-3
-2
-3
-3
-4
-5
-6
-6
-8
-8
-8
-9
-10
-13
-12
-12
-11
-11
-11
-10
-9
-9
-9
-8
-7
-6
-5
-5
-5
-4
-2
0
1
2
2
3
4
3
5
5
7
8
8
9
10
10
10
9
9
8
7
7
6
6
4
4
4
4
3
2
1
-1
-3
-5
-6
-7
-6
-7
-7
-8
-9
-8
-9
-10
-10
-11
-12
-11
-12
-11
-11
-10
-8
-7
-6
-4
-3
-2
-1
1
3
5
8
10
11
14
16
17
17
17
18
18
17
17
17
17
18
18
17
17
15
15
15
15
13
12
11
10
8
6
5
3
2
1
0
0
-3
-3
-5
-7
-9
-11
-12
-13
-14
-14
-16
-17
-18
-17
-18
-19
-18
-19
-19
-19
-19
-19
-19
-20
-18
-19
-17
-16
-14
-12
-11
-10
-8
-7
-7
-6
-5
-4
-3
0
2
3
4
5
6
7
8
9
10
10
11
11
11
11
12
12
13
14
13
15
15
16
16
14
14
14
13
14
13
13
12
11
11
9
8
8
8
6
5
5
4
3
3
2
2
0
1
0
-2
-3
-4
-4
-5
-5
-6
-6
-7
-7
-7
-6
-7
-6
-6
-6
-7
-7
-7
-8
-8
-6
-5
-5
-5
-3
-3
-4
-2
-3
-4
-3
-3
-3
-4
-6
-5
-6
-7
-6
-5
-6
-4
-4
-3
-3
-2
-1
-2
-1
0
1
0
0
-1
-2
-1
-1
-2
-4
-4
-3
-5
-4
-4
-5
-6
-6
-7
-8
-7
-6
-6
-7
-8
-6
-6
-7
-7
-5
-5
-5
-4
-5
-4
-2
-1
-1
0
1
2
4
5
7
8
11
12
13
15
17
17
17
16
16
15
15
14
14
13
13
12
11
11
11
10
11
10
10
11
11
10
10
8
8
7
6
7
6
5
5
5
4
3
2
1
0
0
-1
-2
-1
-3
-5
-6
-7
-7
-8
-7
-8
-8
-9
-9
-10
-10
-12
-13
-12
-14
-15
-15
-15
-16
-15
-16
-15
-14
-15
-14
-13
-12
-12
-10
-9
-7
-7
-7
-6
-5
-6
-6
-5
-4
-3
-4
-3
-2
0
1
1
3
5
7
7
9
9
10
12
12
14
14
14
14
14
14
14
14
15
14
12
12
10
9
7
6
4
5
5
4
4
4
4
3
3
2
1
-1
-1
-1
-4
-4
-6
-6
-6
-7
-8
-6
-7
-6
-5
-6
-5
-5
-6
-5
-6
-7
-8
-8
-8
-8
-8
-7
-9
-8
-7
-7
-6
-5
-6
-7
-5
-5
-5
-4
-3
-3
-3
-1
0
0
1
2
2
3
2
2
2
2
2
2
4
5
5
6
6
6
5
6
4
6
7
5
4
6
6
6
6
7
7
7
7
6
6
5
5
5
4
3
3
1
0
1
2
2
1
0
1
-1
0
-1
-1
-2
-2
-4
-4
-5
-6
-6
-7
-7
-7
-7
-6
-6
-6
-5
-5
-4
-3
-4
-6
-5
-5
-4
-4
-3
-4
