8
-3
8
-6
-6
-5
-8
-3
-3
2
5
6
1
2
0
-5
-10
-9
-7
-8
-6
-1
4
1
6
9
5
8
9
-1
2
0
-7
-3
-4
1
4
0
7
0
2
-1
-6
-2
-2
-7
-6
-1
-2
-1
1
4
7
3
2
1
-5
0
-7
0
6
5
11
14
7
8
-1
-11
-11
-15
-8
-9
6
7
8
16
13
5
8
-3
-3
-9
-3
-6
-6
7
8
12
10
12
1
-6
-9
-14
-16
-13
-2
6
1
13
4
-3
1
-4
-6
-4
6
2
5
9
4
-11
0
-6
-10
2
11
13
8
10
2
-9
-15
-15
-6
-5
5
6
6
7
-3
0
-5
-8
-11
0
-11
-9
-6
-11
-8
2
6
4
7
4
14
6
12
-2
-3
-1
-3
2
9
5
11
10
8
9
-9
4
-11
3
3
-9
-3
0
2
2
9
-1
2
-14
-4
-11
-14
-2
-3
6
16
3
-2
-4
-20
-5
-15
-14
-12
-3
-5
17
2
-3
5
-5
7
0
7
6
-11
25
5
0
3
2
11
1
8
-3
1
-7
2
-1
-4
-7
-8
14
0
-1
-11
-11
-9
-14
11
-3
2
18
12
11
12
-3
-1
-15
-16
-14
-26
2
1
26
29
30
17
-2
-9
-30
-27
-31
-12
3
25
30
21
25
10
1
-19
-14
-15
-17
0
1
4
-14
13
6
8
23
-7
-2
-10
-13
-4
-6
8
17
11
17
11
-9
2
-4
12
13
7
21
-4
-4
-27
-20
-34
-16
-4
7
17
11
15
0
1
-19
-13
-14
-16
-15
-10
2
-9
15
11
16
7
18
5
1
14
-6
-15
-2
-10
-8
3
24
13
12
9
-8
-10
-7
-2
-12
3
8
-1
-5
-17
-18
-40
-32
-5
-4
15
17
11
2
1
9
-9
4
5
6
3
32
-5
10
2
11
19
3
22
-9
21
1
-3
-16
-5
-19
-4
-27
-12
-6
10
34
-4
-2
-16
-32
-18
-24
-12
-19
6
29
8
23
6
-5
12
-10
4
3
5
16
25
-6
-2
-24
-3
0
-22
8
-16
-3
21
-12
25
-8
-13
14
-14
4
16
2
15
28
10
16
-1
-5
-2
-9
2
-11
-2
4
-15
4
-22
1
-12
-8
-1
12
23
10
2
6
-13
-14
26
2
20
35
2
-1
-1
-15
-12
-13
18
-4
14
15
-20
12
-1
9
0
-22
-18
-35
-6
-9
10
12
-1
-8
-10
-19
-12
1
-9
22
1
26
6
-3
-7
-6
0
-8
-9
-37
-34
24
12
1
20
32
-5
-5
46
3
-17
16
-20
-3
13
4
11
-9
-22
-6
-12
-9
8
-23
-23
-17
20
3
-30
17
-28
-5
45
0
11
6
12
-2
2
28
3
-4
-7
41
11
14
-19
4
-8
-23
-4
-7
-25
-7
-5
-14
12
-6
2
-44
9
0
28
80
-19
-43
-22
-52
8
-9
85
6
-8
56
-14
-16
-9
-2
-6
11
35
-17
-42
24
-13
15
5
42
12
-34
10
-33
-59
-8
14
-9
21
20
5
14
32
6
-3
7
17
-22
0
40
24
-4
-1
10
-20
-12
26
14
-46
4
-21
-56
-37
-35
-21
-5
96
44
-38
-6
-3
-61
4
-6
-19
19
41
21
-10
-34
12
-18
69
64
1
29
-21
-30
-75
-27
-18
4
53
77
-7
87
-54
-33
-32
2
-25
26
27
-18
13
-6
-28
-38
25
-23
16
23
57
-50
7
-52
-59
-19
5
10
0
84
3
-15
-91
-53
-43
37
47
35
40
44
8
20
-49
-2
-29
-36
32
-7
57
34
25
-44
11
-34
-63
-72
-41
14
-11
137
-16
44
8
-9
-20
-66
24
0
72
43
25
-45
-9
-8
-5
-31
53
28
50
18
-50
-43
-41
-10
-52
-27
12
42
33
-6
31
-15
-41
-24
15
-17
-17
-8
14
34
76
41
29
41
-81
-13
-61
-86
2
23
71
79
52
-46
30
-11
42
-59
-59
85
-39
107
54
-46
112
12
35
-80
-192
21
-87
33
53
-137
42
-58
-64
101
-210
17
65
-1
106
12
57
129
-20
60
8
-154
-35
-144
-72
90
54
58
69
109
108
-57
-23
-65
-125
-17
-27
-47
5
-33
93
-82
90
63
-68
-91
55
11
-23
-22
-46
-44
53
131
41
8
30
43
-58
55
12
-97
-51
20
-1
-6
8
13
-70
54
87
-88
-23
-44
-67
1
8
53
-12
55
95
-41
-18
43
-9
-60
73
-35
-19
58
12
-59
-18
-72
14
-43
-97
-66
-5
83
112
26
-104
77
-8
114
28
-49
27
-108
34
92
-87
30
4
47
37
60
77
-92
23
14
-32
2
-1
-155
-126
56
90
66
-96
68
-61
-132
-56
-121
26
123
203
105
-19
-27
-83
-95
-48
15
-49
142
81
75
85
-80
382
-66
-41
-56
-238
-186
-121
-7
-10
2
351
168
12
23
-393
-210
-91
9
40
88
210
90
158
48
-146
-24
120
-14
-52
-17
68
-78
35
70
-74
-42
70
-31
8
-110
-99
9
-113
61
-184
-55
60
128
167
-5
21
-131
-52
-78
16
-55
31
110
21
59
30
-6
-51
-61
101
117
63
176
-49
-91
-7
-42
-111
-80
-162
-45
211
101
179
-19
-142
-96
-140
-279
-199
-152
20
228
18
265
118
71
-16
-126
-13
-50
4
177
146
163
292
73
96
-42
-172
-2
-42
-2
7
3
36
-51
-125
-85
-97
-112
-89
-59
-316
-121
-37
-91
5
15
37
-10
235
93
-71
29
28
93
47
89
220
-40
69
113
-4
208
108
152
25
-172
-243
-325
-244
31
32
105
222
136
-169
-134
-26
-174
-66
89
43
131
146
47
-116
68
-17
-267
3
211
-56
-60
173
-7
7
144
-115
-225
10
238
-119
-70
205
40
167
160
-42
-131
-43
-35
-134
-20
-55
-157
-68
34
30
-262
-8
106
104
113
107
-63
-74
30
-13
-208
-138
91
-34
179
193
107
45
144
93
-93
-223
-25
-100
-203
80
112
-31
128
84
51
41
59
20
-296
-20
-57
-107
136
7
71
-74
7
-145
-343
6
22
21
53
151
117
67
15
-24
-6
-70
33
10
-205
-76
145
77
253
213
105
-94
-64
-45
-354
-200
93
61
68
95
-79
-87
104
-29
-145
-88
12
-91
-55
225
125
183
274
241
123
102
-22
-102
-270
-146
-221
-52
76
-63
78
120
74
-148
-69
-259
-180
-85
-38
4
82
140
37
143
16
38
-94
-72
48
128
61
206
235
191
160
-11
-191
-229
-294
-116
-32
90
168
13
130
-26
-133
-151
-267
-156
-54
-69
130
-26
70
53
-60
107
57
-10
51
99
95
130
182
123
-33
90
26
-109
-109
-63
-80
-5
117
-33
39
49
-189
-209
-218
-245
-178
53
213
121
154
-21
16
-52
15
-45
-60
-21
133
134
47
46
-58
87
38
-26
-104
-95
-31
-66
102
261
125
87
-83
-144
-167
-68
-62
-21
47
144
104
-35
-171
-166
-193
-52
52
73
3
76
202
112
58
113
-22
-91
87
-27
-90
-50
119
-13
42
153
26
-103
93
49
-124
-115
-24
-89
-227
8
-53
16
325
196
-5
-147
-82
-234
-260
-45
-28
57
162
194
-32
33
24
-113
-22
-29
39
52
118
103
-53
-92
-28
-47
-19
94
177
166
135
111
-183
-93
0
28
-36
-4
202
87
-40
-17
-204
-237
-44
-184
-130
-10
-6
65
193
216
142
27
190
2
-161
-179
-290
-188
-61
143
85
17
99
156
75
-9
-92
-141
-50
63
-43
-56
133
155
184
283
80
-121
-106
-237
-212
-271
-130
16
122
256
108
45
68
-51
-35
-137
-113
-64
-83
18
-86
-103
11
-18
97
93
27
140
116
8
73
-13
-46
108
59
-35
-66
-55
-51
-66
60
63
-65
-42
39
-22
-57
-69
-39
-218
-40
34
-80
-21
85
186
150
56
30
-132
-66
50
54
71
109
101
-50
12
-106
-123
35
79
21
-1
76
-9
-114
-53
-74
-115
-19
-30
-40
53
38
135
156
178
103
-166
-174
-101
-161
35
177
205
126
101
93
-165
-285
-54
-4
43
177
150
11
12
65
-84
-45
53
106
-40
-35
-102
-259
-298
-280
-185
-72
77
177
206
278
229
72
7
-125
-165
-196
-88
89
171
137
110
59
153
39
15
-24
-134
-54
-133
-117
-75
-20
116
238
187
124
34
-37
-27
-150
-119
-32
38
108
77
98
26
-41
-49
-109
-114
-53
40
22
-3
-71
-202
-234
-143
-72
-61
26
87
74
66
-5
6
-22
-25
-58
-95
-22
7
94
87
91
68
66
39
27
108
46
125
57
-40
-20
-95
-217
-138
-47
-69
61
73
73
190
181
57
17
-24
-73
-121
-118
-131
-166
-69
26
33
-41
-15
-58
22
81
139
143
103
144
76
83
60
52
6
104
154
36
50
37
41
43
25
109
128
70
29
-11
-13
-39
16
67
91
185
207
122
169
139
61
40
-56
-100
-19
11
-50
-65
-39
2
47
111
7
-28
32
-61
-17
43
-18
-32
-14
19
-19
41
36
-20
36
38
-6
-40
29
-52
-125
-56
-9
-48
-34
58
24
42
15
-79
-100
-71
-48
-69
-45
-8
-19
-24
4
15
-9
14
-2
-49
-65
-28
-24
-100
-61
-36
-69
-28
49
72
75
103
113
42
-12
-92
-173
-180
-121
-52
-33
-2
-50
-130
-166
-201
-193
-110
-13
11
35
78
112
69
55
-7
-150
-233
-232
-321
-378
-317
-297
-235
-183
-74
93
166
209
148
104
68
65
-32
-138
-80
-89
-23
-27
17
5
-32
-7
-125
-174
-196
-209
-214
-164
-28
-21
96
200
127
205
354
637
1059
1456
1539
1610
1775
1688
1354
998
579
138
-142
-550
-1113
-1361
-1291
-1536
-1839
-1756
-1576
-1676
-1727
-1574
-1645
-1725
-1536
-1389
-1357
-1053
-653
-441
-114
495
906
1075
1447
1670
1602
1667
1653
1371
1114
1017
768
454
264
133
-14
-164
-311
-527
-755
-902
-1110
-1156
-1098
-1076
-1083
-1019
-732
-418
-71
314
681
991
1396
1649
1768
1936
2072
2100
2032
1942
1794
1659
1563
1482
1294
1132
976
785
491
256
-35
-393
-663
-939
-1166
-1303
-1255
-1228
-1095
-994
-858
-647
-453
-277
-173
-95
-19
44
85
135
184
243
247
170
214
247
127
50
19
-78
-265
-362
-476
-674
-800
-869
-912
-864
-715
-384
234
954
1422
1674
1855
1786
1396
893
372
-316
-861
-1214
-1678
-2182
-2233
-2213
-2496
-2717
-2670
-2736
-3065
-3232
-3403
-3605
-3626
-3372
-3240
-2959
-2268
-1559
-914
-144
742
1452
2053
2620
2822
2761
2742
2564
2175
1905
1690
1400
1109
921
812
754
667
399
67
-205
-412
-835
-1146
-1253
-1312
-1281
-1230
-937
-452
168
812
1443
2093
2811
3528
3970
4126
4252
4413
4342
4029
3736
3389
3048
2724
2307
1868
1520
1191
669
130
-287
-784
-1351
-1875
-2150
-2256
-2320
-2197
-2092
-1870
-1422
-1073
-898
-532
-103
126
205
314
433
458
435
290
218
205
156
-65
-251
-260
-331
-489
-754
-1033
-1270
-1415
-1542
-1791
-1855
-1702
-1576
-1531
-1378
-1129
-903
-681
-548
-381
-193
-41
-67
-174
-164
-137
-53
-49
-112
183
1306
2342
2494
2397
2419
2433
1935
1165
305
-704
-1188
-1436
-2096
-2683
-2424
-2031
-2365
-2565
-2329
-2192
-2491
-2737
-2888
-3263
-3206
-3048
-3183
-3053
-2389
-1647
-1295
-710
225
1082
1683
2133
2426
2490
2490
2248
1718
1253
1081
884
527
251
349
555
533
341
313
435
184
-305
-765
-1022
-1133
-1267
-1336
-1197
-651
35
621
1160
1911
2714
3213
3460
3559
3716
3862
3821
3521
3240
3143
3069
2807
2446
2286
2175
1867
1275
718
302
-139
-733
-1336
-1623
-1782
-1883
-1904
-1817
-1529
-1099
-792
-659
-427
-13
206
201
284
452
500
497
474
369
351
390
168
-126
-181
-237
-447
-676
-801
-964
-995
-952
-1063
-1114
-931
-885
-985
-982
-869
-692
-704
-656
-638
-545
-323
-253
-231
-162
-57
-138
-296
-298
-216
344
1337
1916
2035
2136
2375
2184
1479
813
-87
-1021
-1640
-2290
-3096
-3490
-3344
-3511
-3844
-3660
-3290
-3269
-3354
-3130
-3089
-3143
-2857
-2659
-2566
-2245
-1682
-1345
-1046
-251
626
1272
1749
2222
2467
2389
2241
1968
1503
1048
629
119
-365
-562
-520
-388
-349
-270
-9
155
34
-167
-305
-580
-814
-962
-1087
-965
-478
82
685
1538
2475
3111
3465
3853
4138
4177
3968
3747
3469
3193
3090
2889
2687
2591
2558
2355
1935
1571
1158
680
177
-324
-831
-1138
-1196
-1252
-1235
-997
-625
-260
37
249
489
727
782
687
673
718
658
541
500
474
510
553
452
230
101
30
-216
-441
-626
-829
-953
-880
-847
-868
-679
-498
-470
-496
-403
-368
-522
-616
-751
-818
-677
-487
-405
-431
-382
-432
-403
-370
-455
-475
19
1118
1523
1633
1912
1972
1622
899
343
-563
-1358
-1632
-2209
-3006
-3393
-3290
-3646
-4110
-3872
-3592
-3501
-3530
-3386
-3329
-3257
-2809
-2680
-2667
-2363
-1934
-1689
-1475
-753
140
875
1365
1666
1886
1937
1922
1591
1040
541
8
-507
-1054
-1222
-1077
-1020
-1034
-1024
-684
-395
-335
-480
-669
-712
-834
-895
-920
-680
-65
520
1077
1799
2821
3615
4035
4360
4499
4454
4255
3942
3455
3110
3027
2829
2597
2604
2716
2667
2428
2119
1656
1141
543
-201
-864
-1276
-1512
-1664
-1607
-1318
-840
-281
262
751
1144
1423
1552
1465
1287
1203
1093
976
847
786
853
867
755
653
578
337
-97
-553
-878
-1117
-1259
-1462
-1620
-1567
-1404
-1123
-910
-705
-520
-373
-280
-326
-300
-314
-286
-211
-204
-204
-212
-128
-47
-91
15
282
961
1896
2308
2282
2112
1970
1400
372
-436
-1423
-2254
-2704
-3263
-3898
-4153
-3920
-4152
-4375
-4003
-3638
-3631
-3774
-3571
-3661
-3645
-3150
-2890
-2673
-2181
-1428
-1019
-580
434
1358
1974
2322
2603
2619
2329
2059
1526
847
175
-394
-885
-1247
-1205
-1074
-1015
-1060
-1086
-835
-737
-914
-1165
-1358
-1477
-1656
-1590
-1327
-798
-88
630
1327
2087
3076
3746
4083
4313
4551
4688
4582
4356
3965
3676
3575
3256
2823
2618
2649
2583
2216
1780
1290
739
95
-682
-1379
-1815
-2093
-2354
-2371
-2066
-1510
-873
-493
-162
349
888
1078
1023
1120
1184
1173
1185
1171
1177
1285
1338
1094
869
810
707
373
-68
-434
-814
-1040
-1198
-1389
-1420
-1306
-1191
-1103
-884
-591
-478
-459
-412
-362
-355
-360
-250
-108
-19
8
10
106
172
235
316
530
1530
2500
2664
2558
2390
2237
1464
503
-294
-1366
-1875
-2239
-2981
-3589
-3382
-2958
-3401
-3581
-3186
-2996
-3254
-3387
-3250
-3633
-3604
-3145
-3061
-2909
-2283
-1374
-1049
-584
545
1446
1948
2173
2322
2127
1802
1459
692
-39
-606
-945
-1232
-1368
-1060
-718
-533
-691
-704
-459
-575
-891
-1322
-1670
-1953
-1987
-1670
-1386
-693
253
980
1538
2349
3340
3815
4000
4114
4095
3986
3899
3747
3312
3123
3056
2678
2244
2194
2263
1937
1495
982
277
-382
-908
-1542
-2156
-2348
-2395
-2418
-2129
-1595
-1068
-582
2
369
674
1026
1192
1217
1231
1340
1315
1385
1554
1611
1585
1511
1392
1123
878
552
99
-371
-777
-1090
-1293
-1415
-1476
-1328
-1030
-748
-469
-90
203
203
113
171
206
95
-6
61
170
275
392
515
559
617
642
428
175
354
1234
1857
1737
1545
1443
1301
624
-111
-784
-1698
-2095
-2408
-3019
-3415
-3041
-2801
-3471
-3585
-3088
-3065
-3511
-3560
-3408
-3816
-3737
-3258
-3185
-2934
-2096
-1275
-1054
-369
948
1802
2204
2401
2475
2260
2003
1807
1259
837
639
435
156
-12
257
493
312
-99
-297
-353
-769
-1312
-1747
-2100
-2307
-2257
-2044
-1782
-986
57
661
1164
2057
2927
3221
3411
3679
3642
3462
3416
3337
3047
3078
3225
2986
2701
2672
2591
1913
1214
674
8
-662
-1343
-2011
-2569
-2639
-2509
-2604
-2450
-1936
-1436
-1143
-745
-230
101
398
556
607
793
1216
1539
1549
1757
2067
2053
1930
1805
1558
1096
571
-3
-550
-812
-1035
-1349
-1447
-1249
-1095
-899
-488
-143
120
371
527
439
359
508
476
286
366
660
816
856
1020
1071
1015
918
559
144
-215
-22
857
1279
1280
1268
1336
1267
614
129
-530
-1367
-1629
-1917
-2509
-2922
-2640
-2650
-3222
-3107
-2729
-2907
-3335
-3293
-3472
-4045
-3802
-3463
-3515
-3266
-2423
-1651
-1316
-325
910
1580
1953
2255
2408
2169
2004
1822
1413
1064
746
546
276
214
451
489
134
-397
-639
-826
-1313
-1882
-2395
-2685
-2797
-2659
-2364
-1890
-973
-100
547
1205
2063
2802
3109
3315
3432
3382
3284
3241
3188
3044
3220
3396
3162
2863
2801
2689
2048
1292
566
-187
-899
-1442
-1930
-2431
-2493
-2397
-2309
-2054
-1544
-1000
-667
-325
23
302
616
927
1155
1319
1500
1630
1691
1796
1993
2066
1929
1692
1361
981
601
320
66
-159
-295
-398
-418
-319
-175
-46
57
77
-2
-14
38
39
4
37
131
155
270
465
590
577
296
-95
-522
-903
-1251
-1598
-1875
-1800
-828
179
553
828
1229
1400
873
435
64
-808
-1254
-1488
-2135
-2805
-2647
-2313
-2858
-3087
-2827
-2887
-3313
-3466
-3515
-4111
-4219
-3897
-3899
-3707
-2943
-2007
-1508
-605
757
1775
2405
2674
2802
2696
2576
2316
1745
1357
1040
756
478
358
435
464
305
-244
-590
-704
-1070
-1700
-2250
-2500
-2780
-2835
-2552
-2086
-1341
-566
123
845
1798
2683
3141
3418
3523
3532
3608
3733
3819
3905
4212
4239
3915
3772
3753
3437
2643
1816
942
62
-684
-1440
-2111
-2517
-2583
-2743
-2831
-2400
-1918
-1602
-1374
-1091
-730
-303
175
394
558
1010
1506
1713
1875
2266
2567
2597
2439
2262
2064
1769
1492
1110
719
517
330
68
-160
-255
-321
-534
-749
-834
-836
-811
-815
-847
-823
-638
-454
-381
-266
-141
-59
-197
-525
-662
-804
-932
-1171
-1363
-1358
-998
294
1393
1729
1994
2274
2266
1563
998
401
-685
-1319
-1752
-2406
-2984
-2771
-2517
-3159
-3339
-2990
-3078
-3640
-3890
-3913
-4492
-4676
-4337
-4110
-3707
-2850
-1790
-1111
-91
1372
2319
2757
2937
3073
2812
2297
1892
1369
881
508
256
49
-76
82
161
-149
-737
-1146
-1404
-1890
-2458
-2953
-3275
-3496
-3377
-2816
-2110
-1204
-260
553
1308
2311
3171
3459
3672
3960
4072
3985
4047
4308
4397
4449
4434
4165
3908
3754
3432
2631
1729
1051
226
-647
-1230
-1594
-1927
-2102
-2009
-1906
-1620
-1073
-639
-410
-116
325
664
834
1094
1385
1652
1939
2172
2415
2671
2887
2875
2695
2514
2227
1839
1404
940
405
113
-44
-429
-707
-797
-854
-1029
-1037
-945
-1061
-1119
-1107
-1164
-1236
-1116
-1104
-1283
-1184
-1082
-1068
-1041
-992
-1046
-1281
-1351
-1450
-1632
-1638
-1606
-1180
58
1231
1666
1877
2274
2352
1689
1006
352
-682
-1232
-1498
-2233
-2945
-2733
-2397
-3006
-3321
-2941
-2945
-3509
-3885
-4078
-4639
-4662
-4168
-4009
-3710
-2823
-1697
-987
-93
1265
2269
2661
2658
2571
2323
1996
1602
925
387
167
80
-59
-274
-129
52
-296
-1011
-1438
-1591
-2076
-2744
-3245
-3531
-3631
-3309
-2602
-1959
-1065
193
1177
1818
2670
3672
4130
4283
4580
4722
4603
4721
5028
4993
4941
4933
4623
4021
3545
3166
2306
1314
443
-459
-1200
-1589
-1760
-2032
-2020
-1748
-1611
-1467
-1099
-680
-445
-173
165
468
810
1249
1695
2068
2499
2934
3183
3321
3443
3419
3176
2752
2311
1879
1387
871
393
54
-224
-454
-701
-946
-1116
-1257
-1397
-1660
-1821
-1856
-1916
-1975
-1919
-1666
-1427
-1196
-944
-752
-712
-638
-572
-753
-843
-924
-1071
-1252
-1308
-1049
-901
-40
1398
2089
2279
2378
2443
1829
789
53
-1086
-2168
-2544
-2917
-3602
-3717
-2995
-3063
-3648
-3475
-3226
-3772
-4539
-4627
-4989
-5493
-5162
-4645
-4237
-3515
-2106
-989
-235
1033
2112
2490
2391
2313
2120
1506
1047
675
289
21
-130
-73
-99
-12
138
13
-508
-1066
-1285
-1724
-2492
-3067
-3158
-3088
-2874
-2095
-1283
-507
590
1647
2299
2875
3723
4206
4238
4370
4578
4691
4816
5138
5234
5191
5331
5178
4580
4012
3617
2778
1569
680
-19
-688
-1068
-1209
-1397
-1442
-1118
-856
-839
-585
-106
19
98
518
1000
1311
1725
2248
2571
2996
3532
3790
3818
3930
3791
3154
2618
2170
1512
955
654
214
-327
-468
-518
-899
-1266
-1435
-1738
-2143
-2339
-2483
-2545
-2441
-2237
-2073
-1932
-1568
-1217
-907
-629
-573
-564
-516
-510
-605
-738
-932
-1211
-1394
-1454
-1372
-1229
-359
1061
1663
1765
1850
1799
1255
314
-356
-1362
-2430
-2729
-2984
-3454
-3480
-2842
-2725
-3198
-3190
-3051
-3431
-4082
-4269
-4663
-5215
-4933
-4351
-3883
-3138
-1859
-925
-526
352
1307
1682
1559
1474
1270
713
443
299
145
136
245
405
294
291
441
301
-257
-904
-1221
-1736
-2426
-2714
-2624
-2444
-2155
-1386
-572
60
886
1683
2149
2554
3203
3524
3448
3629
4018
4221
4308
4698
4975
4955
4910
4636
4137
3609
3154
2367
1399
864
490
13
-306
-330
-332
-345
-239
-286
-348
-216
-103
-169
-31
496
1048
1669
2429
3107
3560
3930
4191
4192
4178
3986
3484
2885
2345
1896
1452
1207
889
470
210
-45
-421
-854
-1160
-1641
-2242
-2689
-2987
-3199
-3324
-3221
-3044
-2766
-2334
-1917
-1581
-1165
-765
-628
-661
-710
-728
-842
-1111
-1380
-1591
-1744
-1853
-1878
-1660
-1331
-512
721
1155
985
947
873
187
-941
-1526
-2202
-3088
-3215
-3000
-2944
-2725
-2035
-1924
-2454
-2503
-2422
-3047
-3996
-4247
-4563
-5034
-4711
-4016
-3386
-2578
-1412
-626
-317
484
1302
1428
1254
1208
1064
685
630
752
862
914
938
976
833
831
827
456
-265
-920
-1219
-1576
-1900
-1937
-1761
-1556
-1309
-761
-265
200
793
1233
1426
1563
2038
2438
2603
3071
3604
3904
4121
4533
4826
4796
4793
4571
3937
3350
3099
2713
2075
1728
1394
917
645
540
380
143
32
-153
-375
-248
42
304
713
1262
1745
2250
2852
3300
3542
3706
3639
3386
3191
2943
2525
2189
2003
1733
1428
1207
835
278
-218
-737
-1431
-2031
-2464
-2896
-3245
-3367
-3337
-3222
-3005
-2690
-2425
-2116
-1697
-1354
-1152
-930
-693
-687
-809
-868
-898
-867
-879
-1021
-1266
-1465
-1644
-1861
-2027
-2011
-1922
-1404
-263
434
705
992
1174
809
-51
-436
-825
-1430
-1485
-1333
-1454
-1525
-1155
-1266
-2019
-2410
-2742
-3606
-4664
-5029
-5188
-5624
-5333
-4559
-3894
-3176
-2225
-1348
-925
-381
311
694
815
956
1094
1057
1227
1470
1692
1910
1923
1778
1409
1145
943
467
-189
-887
-1380
-1761
-2113
-2167
-2014
-1878
-1807
-1627
-1343
-1010
-572
-158
201
700
1433
2099
2727
3612
4493
4985
5241
5597
5938
6010
5845
5575
5182
4728
4379
4021
3510
2974
2397
1778
1156
657
299
-59
-374
-564
-576
-353
77
448
798
1292
1797
2199
2525
2817
3044
3144
3145
3073
2936
2911
2863
2548
2200
1862
1331
635
-18
-616
-1306
-1995
-2573
-3013
-3265
-3348
-3410
-3489
-3458
-3288
-3172
-3113
-2983
-2801
-2558
-2310
-2028
-1728
-1428
-1164
-1048
-978
-941
-1013
-1189
-1354
-1613
-1941
-2083
-2011
-2056
-2116
-1863
-1267
-111
1021
1550
1706
1792
1710
939
168
-31
-472
-935
-1021
-979
-1163
-1186
-1208
-1922
-2666
-3125
-3821
-4997
-5626
-5478
-5672
-5664
-4896
-3866
-3014
-2279
-1435
-984
-523
209
719
977
1162
1543
1791
2050
2409
2583
2686
2475
2128
1778
1372
937
412
-166
-984
-1699
-1999
-2250
-2566
-2677
-2571
-2598
-2588
-2285
-1913
-1396
-642
146
782
1631
2829
3775
4480
5173
5657
5887
6120
6382
6417
6436
6567
6345
5877
5592
5380
4765
3844
2913
1918
894
103
-388
-866
-1106
-1018
-860
-608
-160
469
955
1217
1527
1786
1970
2240
2441
2505
2592
2774
2853
2859
2891
2749
2371
1824
1184
389
-474
-1281
-2060
-2759
-3222
-3504
-3810
-3917
-3864
-3877
-3912
-3883
-3801
-3649
-3428
-3259
-3030
-2558
-2009
-1600
-1280
-999
-807
-723
-722
-863
-1036
-1196
-1495
-1860
-2056
-2007
-1983
-2000
-1858
-1491
-538
949
1794
1876
1973
1997
1429
330
-177
-359
-841
-959
-893
-987
-1016
-894
-1424
-2666
-3404
-3967
-5113
-6123
-6023
-5588
-5444
-4764
-3630
-2614
-1722
-911
-450
-297
159
604
716
1019
1666
2209
2414
2742
3237
3405
3211
2724
2122
1429
672
-92
-866
-1477
-1860
-2090
-2325
-2530
-2390
-2155
-2126
-2171
-1929
-1434
-1076
-607
177
1151
2138
3146
4020
4730
5472
6063
6314
6452
6707
6895
6877
6875
6817
6468
5925
5288
4428
3341
2284
1232
233
-544
-1087
-1291
-1151
-831
-526
-322
-79
160
241
330
506
702
1016
1463
1938
2429
2858
3165
3330
3212
2934
2444
1752
965
202
-408
-1034
-1672
-2099
-2363
-2693
-2963
-3026
-3202
-3508
-3754
-3882
-3928
-3810
-3553
-3399
-3199
-2656
-2119
-1794
-1390
-1011
-875
-946
-1013
-1161
-1287
-1338
-1366
-1577
-1796
-1888
-1955
-1971
-1999
-2043
-2018
-1908
-1371
20
1162
1459
1583
1820
1538
518
-140
-241
-611
-706
-557
-789
-985
-781
-1238
-2708
-3663
-3909
-4710
-5792
-5681
-4889
-4630
-4069
-2853
-1917
-1411
-909
-634
-807
-633
27
319
490
1325
2338
2721
2875
3347
3789
3539
2753
1932
1117
384
-140
-500
-832
-942
-820
-899
-1198
-1201
-1027
-1287
-1832
-1902
-1480
-1114
-670
298
1545
2542
3340
4058
4684
5353
5877
5992
6061
6381
6641
6508
6392
6449
6084
5415
4739
3930
2955
2080
1321
504
-164
-452
-574
-734
-641
-401
-402
-515
-464
-449
-418
-201
296
835
1236
1853
2370
2660
2878
2892
2605
2040
1437
795
249
-140
-569
-996
-1255
-1495
-1927
-2275
-2387
-2701
-3301
-3697
-3825
-3850
-3667
-3347
-3054
-2662
-2178
-1853
-1797
-1637
-1394
-1435
-1650
-1751
-1764
-1743
-1689
-1777
-1997
-2131
-2169
-2344
-2537
-2582
-2547
-2614
-2670
-2598
-2368
-1819
-531
1099
1938
2206
2488
2583
1782
510
-51
-395
-763
-742
-700
-936
-1015
-973
-1834
-3078
-3635
-4050
-5052
-5707
-5085
-4484
-4357
-3616
-2476
-1769
-1363
-1023
-1087
-1034
-255
650
1170
1960
3345
4141
4107
4096
4186
3802
3015
2350
1809
1374
1238
1300
1354
1324
1296
938
64
-745
-1225
-1700
-2286
-2416
-1928
-1285
-483
712
1944
2709
3232
3757
3988
4045
4234
4535
4691
4945
5464
5802
6007
6229
6181
5502
4682
4008
3094
2098
1407
988
428
-147
-319
-368
-484
-522
-565
-690
-817
-894
-849
-536
-102
129
326
619
923
1099
1088
1009
887
682
498
394
374
389
308
83
-308
-849
-1314
-1730
-2216
-2652
-2907
-3044
-3119
-3024
-2717
-2383
-2272
-2293
-2335
-2508
-2742
-2933
-3087
-3129
-2945
-2615
-2467
-2478
-2451
-2446
-2547
-2664
-2684
-2773
-2803
-2631
-2352
-2035
-1759
-1399
-1119
-1091
-969
-748
196
1822
2654
2462
2083
2157
1544
17
-697
-799
-1024
-1003
-623
-731
-927
-753
-1470
-2786
-3517
-3688
-4622
-5572
-4603
-3245
-2718
-2068
-854
100
367
535
472
216
460
1229
1908
2518
3807
4939
5015
4786
4767
4498
3568
2663
2293
1948
1551
1341
1202
928
846
624
-247
-1240
-1876
-2265
-2659
-2657
-1992
-1169
-488
273
1235
1936
2333
2601
2840
3105
3432
4009
4649
5395
6028
6442
6575
6517
6190
5498
4543
3723
2946
2102
1516
1166
892
529
68
-287
-633
-967
-1219
-1554
-1622
-1551
-1526
-1460
-1189
-651
-289
-39
206
281
277
456
582
532
761
1021
979
691
520
387
-122
-636
-1140
-1654
-1983
-2248
-2490
-2603
-2559
-2709
-3100
-3445
-3582
-3779
-3965
-4027
-4190
-4159
-3947
-3681
-3371
-3179
-3135
-3146
-3079
-3025
-3130
-3037
-2608
-2329
-2230
-1884
-1491
-1120
-802
-582
-664
-878
-1020
-1129
-1390
-1038
807
2098
2026
1618
1721
1608
355
-556
-610
-780
-610
-52
90
-171
80
-89
-1305
-2111
-1840
-2035
-3017
-2498
-829
-325
-292
303
773
406
148
290
163
477
1544
2508
3074
4132
5203
4944
3988
3599
3299
2397
1510
1214
1171
1126
1229
1314
1056
610
-41
-1030
-2139
-2757
-2978
-3174
-2879
-1743
-417
364
1007
1896
2434
2537
2765
3209
3650
4162
4837
5498
6137
6798
7022
6659
5985
5334
4377
3300
2757
2460
2059
1743
1651
1397
777
126
-362
-1092
-1795
-2114
-2259
-2254
-1892
-1355
-923
-554
-196
12
91
60
-129
-280
-171
72
171
430
792
875
649
260
-315
-1004
-1524
-2119
-2809
-3277
-3495
-3732
-4106
-4318
-4425
-4611
-4815
-4964
-5030
-5046
-4939
-4759
-4561
-4289
-4107
-3891
-3542
-3203
-2963
-2702
-2386
-2056
-1738
-1474
-1235
-1182
-1167
-1114
-1012
-863
-610
-458
-392
-338
-230
-107
33
139
690
2107
3120
3171
2527
2229
1966
1137
473
126
169
832
1530
1599
1113
838
12
-1349
-2105
-2137
-2220
-2376
-1922
-1262
-692
57
576
634
420
299
115
103
881
1946
2925
3733
4403
4514
4006
3439
2769
1948
1237
968
833
607
670
843
762
360
-160
-770
-1412
-1667
-1540
-1257
-723
171
959
1457
2027
2612
3008
3132
3326
3671
3991
4399
4902
5281
5634
5918
5731
5136
4524
4091
3608
3038
2543
2176
1898
1573
1087
520
-14
-556
-1060
-1330
-1458
-1563
-1641
-1607
-1467
-1275
-1080
-1035
-1015
-1024
-1072
-1108
-1102
-1138
-1112
-820
-488
-494
-784
-1032
-1358
-1878
-2457
-2971
-3436
-3751
-3917
-4017
-4047
-3952
-3924
-4081
-4303
-4561
-4819
-4920
-4746
-4542
-4433
-4228
-3859
-3424
-3045
-2718
-2511
-2389
-2328
-2326
-2279
-2024
-1578
-1238
-1010
-667
-231
103
351
652
909
1085
1117
1169
1313
1361
1299
1196
1116
1067
1076
1391
2102
2866
3305
3100
2430
1780
1254
883
576
514
919
1455
1722
1567
1048
256
-338
-428
-300
-314
-459
-468
-261
35
368
580
589
554
564
516
442
560
1025
1633
2040
2211
2124
1799
1459
1209
868
548
535
794
942
959
1048
1164
1229
1343
1384
1215
1041
983
964
1033
1491
2073
2291
2312
2507
2640
2540
2490
2470
2482
2529
2550
2383
2181
2230
2323
2187
2004
1997
1886
1522
1203
1118
1072
945
884
897
866
673
330
-89
-413
-651
-1012
-1379
-1477
-1479
-1621
-1878
-2112
-2228
-2383
-2670
-2944
-3064
-3153
-3376
-3580
-3516
-3346
-3359
-3421
-3511
-3620
-3607
-3601
-3699
-3640
-3415
-3304
-3386
-3322
-3013
-2738
-2776
-2891
-2731
-2415
-2295
-2427
-2411
-2184
-2027
-2007
-1879
-1620
-1353
-1138
-1031
-926
-707
-448
-311
-200
170
561
693
816
1119
1412
1422
1235
1154
1208
1233
1180
1142
1156
1155
1046
947
942
911
756
532
458
594
788
964
1108
1206
1318
1465
1635
1797
1904
1914
1852
1755
1663
1705
1884
2180
2419
2461
2246
1826
1319
851
540
366
267
228
236
360
608
796
725
426
139
-2
-102
-131
52
379
750
1093
1467
1829
2128
2291
2218
2034
1892
1818
1761
1732
1787
1842
1714
1479
1322
1264
1170
1000
883
787
620
547
573
647
698
670
560
366
230
166
142
152
254
366
379
286
150
-83
-416
-711
-919
-1077
-1221
-1267
-1306
-1382
-1469
-1573
-1789
-2130
-2440
-2723
-3033
-3239
-3220
-3126
-3170
-3288
-3302
-3366
-3458
-3534
-3603
-3641
-3505
-3205
-2987
-2847
-2673
-2489
-2400
-2319
-2171
-2063
-2018
-1955
-1822
-1652
-1428
-1154
-904
-700
-486
-267
-74
127
335
460
495
524
665
867
1018
1151
1291
1380
1381
1369
1401
1419
1331
1158
1025
984
1066
1203
1235
1232
1290
1299
1103
976
1044
1093
1063
1069
1335
1599
1690
1801
1958
2067
1984
1781
1695
1688
1644
1509
1331
1170
1075
922
740
652
612
579
454
403
465
532
566
495
358
248
169
141
204
388
670
1048
1363
1497
1476
1433
1343
1179
1033
1011
1081
1164
1256
1324
1374
1378
1274
1101
929
764
669
578
528
494
479
479
383
246
178
123
-21
-247
-344
-323
-302
-325
-411
-522
-622
-701
-798
-907
-992
-1025
-1077
-1190
-1342
-1478
-1624
-1775
-1917
-1976
-1934
-1935
-1985
-2041
-2139
-2318
-2481
-2547
-2529
-2509
-2463
-2377
-2328
-2254
-2175
-2184
-2223
-2185
-2051
-1920
-1755
-1556
-1483
-1490
-1367
-1191
-1117
-1028
-833
-565
-356
-114
278
633
792
952
1238
1444
1456
1438
1476
1565
1673
1701
1610
1584
1675
1725
1541
1355
1331
1281
1153
1051
1073
1004
785
646
627
615
551
508
493
489
554
606
552
583
667
618
385
309
440
536
495
448
398
264
195
161
102
-14
-117
-182
-252
-274
-201
-121
9
179
194
-16
-234
-303
-338
-395
-321
-55
306
647
820
787
573
290
-1
-181
-187
-103
97
340
586
722
769
778
754
664
493
351
273
361
636
998
1323
1507
1560
1468
1273
1020
686
449
361
373
315
177
63
-42
-168
-404
-730
-1023
-1199
-1318
-1446
-1480
-1449
-1420
-1447
-1486
-1475
-1499
-1517
-1505
-1411
-1206
-985
-773
-617
-608
-733
-828
-830
-850
-913
-838
-701
-652
-706
-778
-904
-1132
-1405
-1597
-1682
-1797
-1852
-1759
-1540
-1350
-1222
-1041
-884
-798
-726
-626
-491
-289
-21
225
462
711
920
1023
1143
1320
1469
1574
1679
1765
1765
1730
1704
1578
1407
1327
1275
1176
1097
1071
991
910
827
715
523
323
168
-54
-229
-276
-283
-356
-389
-300
-226
-229
-168
-52
-36
-38
-7
45
48
38
59
131
308
421
456
392
255
22
-208
-328
-474
-607
-628
-512
-434
-456
-460
-369
-229
-113
20
131
250
347
455
600
777
931
997
1101
1260
1320
1202
1014
923
811
616
422
298
203
97
-18
-144
-298
-401
-481
-612
-751
-811
-907
-987
-939
-784
-636
-545
-470
-470
-538
-578
-604
-662
-748
-779
-790
-784
-679
-512
-381
-325
-301
-399
-608
-791
-913
-1016
-993
-855
-734
-663
-568
-437
-371
-382
-378
-308
-223
-157
-39
143
372
600
827
1034
1147
1163
1137
1084
1109
1167
1240
1259
1224
1205
1126
1058
1023
997
892
768
758
776
777
763
831
920
958
958
938
930
956
940
886
848
857
821
711
579
436
320
183
39
-59
-91
-173
-332
-486
-568
-655
-794
-972
-1099
-1094
-1055
-1090
-1092
-961
-886
-945
-963
-830
-669
-611
-627
-648
-656
-621
-597
-645
-685
-663
-610
-651
-725
-697
-621
-636
-685
-687
-650
-582
-465
-314
-185
-40
154
362
521
615
662
687
755
833
842
871
892
896
826
676
462
218
9
-190
-378
-484
-506
-607
-755
-838
-824
-833
-908
-994
-1037
-1043
-983
-820
-623
-455
-372
-313
-303
-345
-432
-473
-413
-303
-132
17
106
133
128
112
9
-122
-195
-209
-190
-131
-42
14
28
63
95
114
175
234
206
193
267
372
491
646
844
963
1011
1064
1045
996
1033
1176
1267
1317
1472
1686
1791
1748
1681
1604
1491
1409
1313
1258
1295
1414
1463
1347
1208
1056
876
601
340
155
44
-49
-158
-267
-290
-287
-367
-472
-547
-613
-703
-770
-804
-823
-833
-827
-801
-764
-707
-652
-585
-525
-487
-443
-394
-360
-309
-274
-308
-386
-470
-537
-614
-690
-808
-948
-1055
-1190
-1285
-1311
-1259
-1217
-1209
-1139
-1069
-1046
-1035
-921
-792
-650
-507
-369
-209
-50
78
125
154
166
149
82
31
13
-27
-88
-159
-233
-299
-383
-471
-568
-637
-713
-761
-775
-715
-635
-558
-497
-425
-334
-259
-192
-122
-12
99
120
96
121
174
148
85
56
46
41
24
-7
-18
51
136
223
274
283
276
279
317
328
359
426
484
529
599
651
696
751
751
729
746
767
712
650
636
638
628
646
667
713
741
729
709
732
777
794
815
822
898
978
1046
1064
1123
1199
1206
1241
1284
1311
1299
1288
1247
1184
1166
1112
996
870
777
636
451
300
189
52
-103
-241
-355
-507
-654
-721
-752
-753
-756
-766
-758
-739
-740
-742
-725
-714
-695
-697
-708
-700
-649
-613
-617
-619
-635
-705
-763
-799
-881
-928
-943
-942
-973
-1019
-1034
-1029
-1000
-995
-987
-959
-915
-870
-833
-751
-684
-649
-644
-619
-543
-470
-447
-448
-375
-268
-225
-245
-296
-333
-389
-431
-447
-422
-332
-267
-242
-240
-248
-310
-367
-402
-388
-345
-278
-185
-66
54
151
182
208
208
196
185
221
291
352
470
542
600
620
591
536
500
491
455
400
373
373
389
392
381
375
300
195
140
147
155
161
193
219
217
212
187
164
180
217
241
294
377
451
489
538
610
664
659
649
662
707
719
662
640
662
650
553
487
401
310
232
216
291
384
448
499
561
602
580
585
629
634
556
487
475
440
394
371
378
313
194
30
-98
-235
-357
-476
-586
-630
-657
-649
-662
-665
-683
-686
-675
-683
-648
-595
-553
-491
-436
-347
-280
-232
-162
-107
-26
3
1
-32
6
16
-39
-94
-154
-183
-213
-246
-261
-317
-369
-482
-633
-783
-876
-944
-1001
-957
-850
-754
-672
-606
-520
-499
-524
-547
-545
-495
-415
-300
-153
22
194
367
456
482
460
369
252
194
176
167
232
317
407
438
453
433
337
263
199
159
106
87
142
187
194
209
226
163
95
79
35
5
50
167
178
172
192
179
102
13
-38
-122
-162
-177
-89
3
110
181
249
293
279
195
112
140
177
218
278
421
567
676
709
673
606
479
319
180
122
141
151
150
175
179
115
58
-4
-48
-48
-20
6
72
203
293
335
393
448
463
458
412
388
395
367
302
256
206
133
72
18
-74
-169
-209
-287
-357
-413
-470
-549
-600
-622
-660
-636
-605
-516
-405
-355
-312
-270
-235
-230
-219
-151
-83
-50
-30
-49
-79
-92
-100
-158
-235
-274
-292
-328
-352
-341
-336
-357
-407
-426
-438
-474
-547
-557
-542
-518
-493
-448
-383
-343
-296
-262
-250
-262
-258
-229
-208
-231
-278
-282
-263
-240
-232
-198
-140
-77
-58
-21
19
42
40
-2
4
39
53
71
119
177
250
315
342
348
346
305
252
247
251
233
249
287
290
297
356
373
377
375
357
313
292
297
307
368
396
401
471
560
566
544
581
566
526
503
486
495
517
596
601
569
593
621
605
543
474
390
344
252
148
101
94
38
-53
-96
-163
-214
-256
-275
-278
-229
-216
-258
-252
-201
-184
-207
-198
-161
-152
-174
-154
-85
-15
0
-34
-24
-32
-91
-178
-228
-229
-206
-197
-203
-176
-130
-124
-152
-170
-167
-179
-243
-262
-237
-220
-237
-240
-184
-155
-178
-225
-279
-337
-357
-386
-393
-351
-318
-297
-260
-223
-229
-245
-257
-311
-367
-367
-362
-349
-328
-269
-219
-233
-234
-208
-165
-164
-210
-237
-259
-263
-271
-296
-274
-225
-199
-198
-176
-177
-217
-241
-210
-177
-199
-160
-65
-7
58
171
265
297
304
341
379
385
393
399
402
430
472
482
483
477
458
412
344
291
256
222
161
135
126
130
121
130
132
138
125
101
97
124
161
181
247
306
364
383
402
418
442
446
426
429
414
393
386
359
320
270
232
210
142
101
85
97
91
52
35
5
-27
-50
-63
-70
-64
-57
-58
-52
-46
-62
-90
-99
-101
-150
-205
-215
-231
-258
-278
-260
-249
-258
-266
-272
-273
-271
-299
-298
-267
-265
-265
-216
-132
-87
-53
-15
35
54
30
20
24
-15
-71
-108
-93
-96
-127
-137
-146
-113
-117
-173
-200
-206
-248
-278
-299
-293
-275
-223
-161
-91
-29
9
33
48
19
-10
-5
-12
-13
-50
-17
12
-7
-45
-72
-94
-181
-252
-281
-327
-347
-299
-270
-224
-156
-108
-53
-15
25
83
143
223
306
369
412
444
490
506
458
431
443
419
376
340
293
247
184
112
51
-9
-21
-48
-106
-110
-93
-104
-99
-92
-104
-125
-148
-151
-160
-134
-83
-41
10
60
105
74
43
86
100
120
137
120
146
174
178
192
175
142
106
107
83
31
82
116
103
136
148
140
124
81
68
87
46
4
-6
-23
-42
-59
-67
-46
-60
-45
-54
-85
-91
-149
-217
-205
-162
-151
-103
-81
-91
-76
-52
-62
-75
-71
-99
-115
-108
-81
-41
11
21
30
24
-27
-67
-79
-56
-78
-113
-98
-70
-51
-84
-88
-79
-84
-108
-171
-162
-126
-130
-104
-68
-62
-36
-26
-26
-8
21
7
7
-11
-37
-22
-47
-20
2
14
10
-38
-66
-54
-74
-106
-62
-74
-60
-22
-2
33
73
91
91
134
143
151
164
155
165
160
119
145
149
95
97
56
2
-7
-48
-22
-6
-28
7
-9
-4
-17
-56
-80
-81
-87
-86
-56
-27
-12
22
36
62
113
61
75
75
56
77
49
106
83
83
153
173
133
127
92
17
-11
6
90
25
53
65
65
84
-9
-8
6
19
-4
6
48
92
63
121
117
13
105
57
-2
161
43
61
186
38
115
46
0
34
-73
-33
20
27
-8
-62
-12
-49
-96
-71
-191
-127
-176
-273
-228
-228
-178
-189
-131
-102
-127
-123
-97
-110
-49
37
-35
2
10
-65
-12
35
32
83
-9
-78
-44
-100
-91
-127
-121
-109
-154
-172
-236
-209
-174
-184
-154
-144
-96
-74
-68
-54
-9
16
-3
-1
23
-26
3
99
49
154
151
134
237
195
236
224
144
79
110
149
94
86
108
95
22
63
39
85
104
-1
29
-54
-29
-7
-43
1
33
-40
-68
-37
-44
-22
84
9
-135
-68
-90
-188
-20
115
37
151
41
-63
61
34
7
59
91
129
73
115
81
11
223
132
-34
105
-38
-35
2
-83
78
36
37
45
-152
-154
-205
-266
-87
-83
-53
67
-106
-77
79
13
174
123
81
161
-44
93
104
125
305
179
194
123
18
-43
-34
38
-71
10
-100
-125
-80
-182
-100
-108
40
-17
-54
-11
-103
-4
74
-42
66
31
-110
56
-65
5
121
15
108
61
-87
-73
-34
-142
-192
-103
-188
-158
-97
-125
-136
-110
-79
-190
-183
-161
-149
-53
-22
-41
107
-19
-72
35
-119
56
104
0
38
28
-17
60
57
73
193
106
125
83
-45
8
-27
87
123
22
54
-39
-40
118
52
7
128
-90
32
30
-45
138
56
41
78
0
87
112
-3
13
-85
-95
-92
-13
-2
0
40
-17
-34
-48
-11
-47
-35
12
-42
-41
-14
-21
-10
-15
-10
144
200
107
60
-5
-145
-144
-72
28
103
105
84
-17
18
-123
-42
13
-171
132
36
6
99
15
103
-28
2
41
-19
35
71
95
94
109
245
127
44
39
-155
-109
-101
-168
-44
92
-129
-64
-25
-187
-84
73
-105
-196
-160
-182
-56
47
148
-8
125
140
-133
19
87
-29
84
121
-38
-142
-53
90
137
101
40
-73
-124
-126
59
19
11
283
-77
-199
-132
-209
30
97
-67
45
-43
-214
-120
-107
-86
49
31
98
72
-159
115
-66
-77
158
-70
47
107
-63
80
65
76
176
120
65
3
180
-69
-30
192
-70
15
176
-88
-37
125
-57
33
39
3
-33
-5
-66
-173
-57
-28
-8
3
42
-12
39
-66
-161
-90
-62
18
74
-96
-119
-6
-130
-8
127
89
46
-4
-19
9
-91
-22
74
-8
109
43
39
8
-85
20
115
-11
37
47
-10
-29
-58
47
-18
87
3
18
-44
-53
-38
66
83
-89
37
95
144
-4
19
72
59
26
67
-21
-51
30
-48
-58
-41
-72
-162
-46
-48
-152
33
-7
-120
31
-132
-11
-49
-104
155
37
90
61
-99
56
83
116
136
-3
54
27
36
-65
56
167
19
16
67
-46
-158
18
17
43
31
-100
19
-104
-80
-62
-164
17
-185
-55
75
-126
26
-13
-57
4
-80
64
-15
-178
12
13
32
227
189
9
84
78
-205
21
194
-55
58
81
-135
-6
5
32
161
-64
11
-63
-52
12
-256
157
85
-62
75
-75
-88
-88
108
45
-11
160
-69
-71
33
3
118
-64
28
58
-129
68
14
85
169
-50
28
-6
-103
-68
-42
37
-65
-24
-13
-162
10
-145
-70
41
-119
-74
-105
-1
19
64
70
-113
102
37
-87
154
102
111
77
84
56
-44
-3
36
164
155
15
-61
19
-111
-46
-33
-132
107
-33
-145
-22
-104
-54
34
-34
1
24
57
57
-48
219
-11
-64
176
-54
35
-7
-88
172
157
-31
84
74
57
-32
-182
-33
-71
14
191
-80
-13
123
-93
55
-100
-230
186
-36
-30
229
-141
-1
-42
-198
54
-57
-74
1
-82
-18
-152
-183
-89
-155
207
-29
-102
258
-71
-57
37
-103
88
211
-14
19
215
-18
-18
75
27
139
23
54
18
-244
-75
11
-34
14
80
47
-63
-101
-66
21
-76
-15
19
-110
-59
-15
68
163
144
-26
22
-85
-153
133
27
169
143
-48
18
-108
-118
118
-1
-70
63
-139
-64
-27
-1
85
60
43
-40
65
46
-55
12
-7
-53
68
52
31
88
-77
-74
-30
-76
72
76
-102
78
-64
-112
81
-93
2
11
39
-45
-27
47
-147
63
-12
-129
93
12
-59
83
87
-23
75
-44
-61
-64
-86
57
101
198
-23
-54
46
-163
-22
59
77
152
63
3
17
108
-108
-32
56
-132
85
41
-78
52
-26
-60
57
-37
-213
7
37
-26
90
5
70
-39
-99
-19
-158
0
73
4
127
-83
32
73
-185
-40
-80
39
68
-31
167
67
-22
101
11
51
-85
-84
163
-34
-23
-9
-22
56
7
-18
125
-66
-74
-37
-73
-34
-21
23
-32
122
38
-141
-86
-49
-67
-8
114
28
-49
26
-81
-142
-17
-95
0
191
-46
82
127
-129
36
128
27
29
86
9
73
35
-92
-61
103
-13
-96
155
19
-93
40
-5
-152
-129
101
-9
-168
62
-88
-82
87
-49
1
91
33
1
-94
-13
-13
37
74
-71
151
110
-24
-9
-24
75
-86
7
32
-22
-29
59
60
-125
6
85
-196
-39
106
-59
13
-105
-86
-34
114
34
-41
127
80
28
23
20
136
52
-21
182
164
39
-53
-61
31
-22
-10
107
0
-58
-20
-69
-76
-35
-71
-67
-152
-145
-82
-111
-5
82
-1
-71
-88
-109
-164
-11
84
68
241
178
1
-1
-19
-43
27
-1
24
8
128
84
18
167
42
36
-52
-30
-48
-145
-45
-5
21
58
62
7
17
-104
-102
-63
-79
103
49
16
40
-58
-95
-185
-121
63
48
20
40
0
4
-79
-45
36
-76
72
195
90
18
140
18
-80
43
-75
102
135
-54
64
-16
-149
4
53
-40
-7
-33
-122
-210
18
126
-47
72
16
-100
-35
-27
-42
129
75
7
2
-55
-60
-39
183
135
-100
46
31
-212
-44
15
49
124
13
1
-25
3
-45
-89
30
-10
-134
-30
80
32
57
38
55
-70
-47
26
-185
87
110
54
116
45
-4
-14
-14
23
8
-30
63
-22
-44
-115
20
112
-4
-43
28
-89
-50
42
-62
63
5
-22
34
29
-26
35
-97
-97
39
-2
90
54
10
81
-48
-158
76
186
15
-90
-3
-20
-32
-39
33
72
-39
-59
12
-18
-84
61
-20
14
-7
-21
95
-21
-37
83
-24
-55
22
-82
-49
-56
-39
85
17
-69
18
-33
15
-20
-27
101
-31
-101
75
24
17
155
46
7
-52
-19
-1
52
-13
33
168
13
-17
-12
-110
59
20
-198
89
-48
-45
-3
-121
85
-11
-38
-25
-63
-27
-50
38
-5
-72
123
85
-31
-7
-24
42
-16
80
92
-29
43
-101
-13
51
23
59
-162
-56
17
-90
53
31
9
47
-99
-17
-20
-65
66
81
54
176
-39
-98
106
7
-66
119
98
-42
96
-27
-144
32
47
-34
-26
17
86
-9
-104
-82
-72
-26
1
1
72
10
-24
89
-34
-92
-50
-34
8
56
-12
-1
60
-1
16
-60
-9
63
65
-24
55
-7
5
51
-70
81
16
-11
86
-36
-115
0
-37
18
-14
54
53
-126
-70
16
13
47
-16
-22
-22
-49
-99
-49
18
13
-67
21
-12
-70
125
-121
-22
51
-62
-59
152
114
-67
-24
-3
96
-52
85
207
48
-14
36
-96
-48
130
-7
39
83
-3
-8
25
-52
-133
-27
20
-94
-64
-86
-21
34
-75
20
65
2
-76
52
-1
-40
86
22
-42
-26
49
12
-92
14
140
60
94
-58
39
83
-125
52
-46
-53
8
-29
24
-80
19
67
-122
34
-7
-61
112
-134
40
169
-117
34
121
-62
25
62
-88
-33
74
43
37
25
-16
-47
-59
-40
-103
-46
75
10
3
55
16
-70
22
-15
-68
50
24
-18
-23
56
19
19
-42
-41
108
-4
-91
29
-13
-69
77
13
-40
106
18
-104
46
-18
-79
23
27
-17
-50
29
-27
18
85
-7
-11
15
-58
-10
45
-106
35
45
-47
41
-33
-10
17
22
-45
34
36
-37
15
-23
-32
-18
24
37
40
-50
-42
26
-8
-23
64
82
-33
44
-5
14
2
-64
37
74
-8
40
34
-128
-4
-71
60
54
-26
62
-104
-11
15
-59
53
39
-12
27
-151
-40
70
-73
14
58
-31
-59
56
-51
-37
153
-27
20
-1
-63
0
-86
88
-21
-19
75
-95
15
62
-46
12
11
-34
-1
4
56
26
91
82
-9
15
11
99
-40
-6
18
-81
8
-87
-31
72
-8
29
-12
-106
-4
-62
-9
104
-102
8
26
-114
0
-32
3
87
-15
-59
47
12
27
0
37
55
-70
-8
-30
10
147
23
-19
63
-6
56
15
11
108
-15
-61
-25
-57
12
31
-94
43
25
-75
5
-86
-97
18
-39
-1
63
-65
-21
-43
-45
78
-1
1
-22
5
67
2
-7
80
-10
58
36
-85
-73
29
127
55
19
-9
-24
3
-134
-47
38
-52
13
8
26
-20
-27
-42
-6
6
37
49
-25
-6
-47
-62
8
20
55
66
9
23
-28
19
-10
2
71
12
-7
-43
2
-19
-40
14
8
-14
-19
-46
-33
21
69
-31
6
1
-66
11
27
23
11
32
-74
-71
-1
-8
48
68
-24
71
95
-36
-44
-14
-21
-13
49
-1
-14
44
-36
29
66
-16
60
27
-30
-22
-81
4
14
-58
51
-67
-4
86
-60
-12
20
6
92
-40
-59
92
-51
8
-50
-74
115
20
10
57
1
-17
-67
-115
9
51
37
72
48
7
12
-105
-56
31
-40
40
22
10
23
5
-77
-36
42
-13
-5
-4
15
26
-56
29
26
-71
16
-13
-40
-3
18
-17
44
12
-52
31
7
-54
-16
67
38
-91
-29
30
-34
40
24
14
13
4
-31
-17
-3
-14
-20
30
38
-35
5
-24
52
22
15
-12
-73
13
-65
-56
42
-19
43
93
-89
-79
11
36
75
-11
27
-47
-61
74
-14
82
133
-26
23
-68
-56
65
-50
96
-21
-38
29
-162
33
12
-76
102
-26
18
29
5
59
-67
20
53
-55
69
15
12
52
8
33
-63
-4
-2
-14
82
-31
26
45
-76
1
19
-35
-7
-73
-94
15
-28
49
32
-44
-15
-56
-42
6
-35
9
70
-29
-23
29
59
-36
5
98
-20
20
67
-42
46
39
-54
60
1
-33
21
-3
-58
-32
28
-20
-37
-19
-10
-23
-18
-56
-69
-2
6
-52
46
123
-20
55
-3
-55
36
-5
-8
4
13
67
9
-26
58
34
50
19
-17
-7
-6
28
68
62
33
30
-74
-115
-20
35
-32
-16
17
-12
-35
5
-17
-54
-33
-61
-3
-13
-66
-89
3
-19
-11
25
0
-11
-88
34
55
-19
38
48
-28
32
72
21
2
34
73
-14
-3
8
-25
11
17
7
-37
-13
-53
-40
71
11
-41
22
-55
-21
25
23
73
-67
-12
-6
-38
48
31
41
48
25
-12
-47
32
45
-17
25
-26
10
-6
-12
33
15
21
-56
-11
-21
13
-18
-20
28
-48
4
24
-78
16
62
-38
54
-16
28
49
-59
40
26
-42
37
47
14
-10
-46
14
-35
-50
-9
-15
48
-5
19
34
-39
-57
-68
-6
8
5
38
7
15
31
10
-17
-26
-46
-23
73
-13
-39
58
7
-45
-17
37
40
-10
-7
-24
-90
21
26
-56
1
32
-10
47
67
-12
54
16
-53
-15
-20
-11
-13
-24
53
-45
-33
35
-13
-39
-19
-8
23
34
-25
9
3
0
38
0
-73
36
4
-12
20
18
47
-60
-38
26
-114
33
76
-91
44
-44
-44
50
6
78
7
4
70
-62
-48
54
1
21
74
20
-6
-3
-40
4
-12
-1
57
15
19
26
-28
-36
-16
-38
26
29
-21
38
12
-38
3
-9
-33
16
8
-31
-27
-2
5
4
-13
-48
18
11
-47
-10
-28
0
40
-10
3
39
-6
-44
-7
8
-21
-7
14
-12
4
6
27
35
39
45
14
-7
-24
30
28
-5
5
11
6
-38
4
-3
-51
32
10
3
7
-38
-17
-4
-5
2
-19
-34
-10
-1
30
-39
-5
55
11
-10
15
9
-41
0
3
6
56
68
45
17
-27
-21
-3
13
17
-23
24
7
-52
-12
13
-13
20
-16
3
4
-28
-76
-62
15
22
0
-13
2
-14
-10
-10
-5
23
-3
-30
2
-34
-2
19
4
24
-32
10
17
-31
30
31
1
15
-23
-17
-15
-27
22
10
28
5
-16
-3
-5
26
36
25
12
24
18
-14
17
22
-9
-1
-12
-22
-6
19
10
18
6
-47
-28
-23
-49
-10
2
9
9
0
-9
-36
13
18
-29
1
1
19
9
-3
15
1
3
14
19
5
7
30
-11
-22
40
61
25
1
5
-3
-38
-14
-13
-25
-34
-7
32
36
-13
-23
-17
-30
-9
-46
-19
7
-3
12
1
7
21
-23
17
25
17
41
18
32
-2
-11
3
12
46
6
-7
-5
-8
-13
-17
2
6
-10
-6
-12
-10
18
12
11
-11
-18
-12
-22
-11
-5
-19
-4
-13
10
31
3
-28
-23
-5
7
15
22
9
-1
14
-11
6
23
12
-21
-4
-10
-28
-12
15
9
-15
16
-22
-38
-26
23
21
0
3
2
-7
-34
-3
17
15
12
20
30
2
-36
-5
6
-25
-11
3
16
6
8
4
-28
-21
16
-1
-21
4
-9
1
28
39
6
8
25
-12
5
19
17
7
-9
-39
-38
-12
-13
-17
21
21
-12
-23
-31
-32
-24
-9
11
36
22
-5
-15
1
2
-3
22
38
24
26
22
6
12
15
25
0
-13
-15
-8
-3
-10
19
16
1
0
4
-11
-37
-3
26
19
-14
-13
-16
-16
-6
7
6
13
4
-19
-7
-4
0
5
13
-14
-30
-3
7
1
4
5
-2
18
0
-12
-5
14
21
3
0
-13
-10
13
18
8
4
3
-13
-11
-8
-5
-2
20
4
-12
-2
-18
-33
-35
-11
-11
-11
5
8
7
6
2
8
-7
0
4
6
-9
-5
15
4
-6
5
17
6
8
8
-8
-26
-27
-12
-13
-5
6
25
28
9
12
3
-17
3
22
30
10
11
19
15
24
0
15
12
-9
-28
-10
-2
-12
-17
-9
-4
-1
-16
-35
-18
-16
-19
-26
-18
-12
-11
-19
-19
5
17
19
17
19
11
5
-2
2
22
17
-1
-3
6
9
18
28
25
18
8
1
8
22
12
3
-14
-23
-31
-17
-3
-5
1
-5
9
-9
-13
-23
-15
-16
-16
13
13
26
13
9
-4
-26
-20
-4
5
-5
2
27
6
-16
2
5
8
-1
18
24
12
9
0
11
3
1
9
-2
-11
-6
-8
-5
-12
4
-4
-12
0
-6
-4
-20
-14
-23
-25
7
20
15
7
7
5
-7
1
12
20
21
10
5
-5
-18
-8
4
10
7
1
-2
-21
-16
-8
-3
-7
-8
-13
-22
-8
-3
-9
-2
14
9
-10
-14
-13
-12
-8
3
27
22
3
-12
-3
-7
-6
5
18
22
24
12
11
9
11
18
14
2
-15
-9
-13
3
18
11
-8
-4
-16
-27
-23
-10
-9
-5
11
2
13
6
5
0
0
-9
-2
21
21
18
23
24
7
8
-10
-25
-22
4
9
7
15
8
-7
-20
-23
-20
-12
-12
-11
-3
1
-15
-15
-2
15
15
2
-9
-4
3
-4
-15
-5
-1
-1
-7
10
15
16
11
5
9
-1
0
-11
1
8
12
0
-8
-3
-1
3
0
8
12
11
-2
-5
-13
-12
-3
14
9
-6
-6
-5
-5
-12
-7
2
1
-8
-18
-6
-5
-3
7
8
8
-1
2
-12
-7
9
23
24
16
17
7
4
-1
4
10
7
16
17
6
-17
-8
6
12
2
-1
-9
-17
-27
-23
-21
-11
-8
-8
-9
-7
-3
-9
-5
-11
-7
-8
6
7
1
-4
-7
1
-9
-9
-4
11
7
0
7
12
10
9
10
16
10
9
9
16
19
7
14
3
1
-10
4
8
11
13
-1
-16
-32
-25
-9
-1
0
-3
-9
-19
-22
0
4
1
2
8
5
-8
1
-4
-6
-10
0
7
11
20
20
14
1
-1
-5
-6
-7
10
11
5
-5
-2
-16
-28
-12
4
3
-10
-4
-7
-10
-10
-2
7
12
12
8
9
10
17
17
6
-8
0
-1
-4
0
14
12
4
6
0
-2
-9
-6
-2
4
-7
-17
-12
-7
-10
-13
0
12
15
-3
-12
-7
-6
-13
-8
3
2
-7
-5
2
3
4
5
4
1
8
9
8
2
5
1
-5
-4
1
6
-1
3
8
7
1
0
9
-5
-17
-18
-8
0
5
12
-3
-4
-11
-1
0
14
10
9
5
3
14
10
4
-15
-7
-9
-1
9
6
0
-2
0
-18
-21
-16
-3
2
2
-2
6
4
-3
-2
9
6
1
7
-1
0
6
10
11
11
8
-3
-1
-2
-7
-2
-2
0
0
3
-3
-7
-11
-19
-13
-8
-12
-6
2
3
-6
-5
-2
-8
-5
0
16
19
13
1
-3
-6
-8
-4
2
14
19
18
14
15
11
3
-2
-1
-6
-5
-4
1
-1
-5
-3
7
8
-2
-6
-6
-8
-6
-4
-2
-1
12
19
10
1
