-1
0
-1
-1
-1
-2
-1
-2
-1
0
0
0
0
2
1
0
-1
1
-2
2
-1
2
1
0
0
-2
1
-2
1
-1
0
1
1
1
-1
-2
-4
-2
0
1
0
0
0
-1
1
2
-1
-2
1
2
4
4
-1
-2
-3
0
2
-1
-1
0
3
5
2
-1
-3
-2
1
2
1
-2
0
-2
1
0
-4
1
-3
3
0
1
1
-3
1
-3
-3
-3
-4
-2
1
4
1
4
0
1
3
-3
0
-1
-1
3
6
2
2
1
2
1
0
0
-1
-5
4
-2
2
-1
0
-1
-2
-4
-3
-1
-3
2
0
1
2
5
-1
-1
0
-2
3
1
2
1
2
6
1
0
-2
-6
0
-1
-2
-4
-1
-1
4
1
-3
-2
-1
3
0
3
-1
-1
1
1
1
-1
-3
1
-2
1
0
0
1
-2
-2
-3
-1
0
3
1
1
0
-1
-2
-4
-4
2
0
6
0
-3
2
-2
3
0
0
-2
2
1
1
-3
-5
-1
-4
5
1
3
-3
1
-4
-2
0
-4
-2
4
-1
8
0
0
0
-3
0
-3
2
-2
-1
-1
4
-2
3
-2
2
-3
2
3
2
2
4
0
-1
2
-3
3
0
2
1
-4
-2
-7
-3
2
4
1
2
-5
-2
2
-2
3
-5
3
1
4
6
2
-5
2
-3
1
4
2
-4
-1
-2
1
-2
-5
1
-3
-1
5
0
1
0
4
-1
2
-4
-9
-2
-3
7
4
5
3
7
-3
8
-1
-7
-1
-3
-3
1
4
-9
2
-7
6
2
-4
1
-4
2
-3
3
-5
1
-3
4
-1
9
-4
0
-5
-1
5
2
7
3
0
0
12
-11
3
0
-8
3
0
0
4
-3
8
-2
-9
3
-4
2
-3
-1
-6
-1
4
2
1
-8
-8
-2
-12
6
2
2
4
5
7
-11
3
-4
-4
2
-2
10
-5
12
1
-5
-5
-10
4
5
14
-2
1
-10
-2
1
6
-3
1
4
4
5
-2
-5
-12
-1
7
10
-10
-3
-13
7
4
10
-4
-5
-2
6
-2
-12
10
-9
9
2
1
1
-2
1
18
5
-3
4
-4
-7
4
-5
-5
4
0
4
9
-4
2
-2
-11
6
-11
5
18
-4
2
1
-4
2
-8
-4
2
-8
2
12
-4
-1
14
2
-13
-3
-7
5
6
-2
0
-11
-2
10
-6
0
-3
0
6
8
4
-15
6
-12
7
-6
-14
14
-14
5
9
-1
4
5
-4
-1
-3
-2
-4
-2
-5
-1
6
-1
12
10
3
3
-5
-7
-1
2
2
1
0
4
-6
0
-2
-9
8
-6
8
-10
-3
5
-1
-4
5
-15
-1
18
-11
17
-2
-11
11
-1
8
-2
6
-2
-2
-4
1
-1
-18
14
-9
0
6
4
-11
10
-10
-6
-1
-5
-2
0
3
-1
8
-5
17
-3
8
-11
15
-25
12
2
-12
3
7
-2
13
13
-7
7
-14
1
-1
-20
-6
17
-13
33
-21
3
2
-22
24
-5
1
1
-12
5
-8
13
-5
14
8
-10
5
-7
-8
23
-18
17
-16
4
4
-6
-14
8
-4
1
17
-7
1
-1
-5
20
-11
-9
17
-26
2
20
-4
-1
0
-1
8
-16
13
-6
-6
17
12
-6
-4
-8
-9
9
-2
5
-18
11
-7
15
0
-17
-16
17
-1
23
5
-7
0
-6
1
-15
-6
-4
4
-2
32
-18
30
-22
20
-13
-17
-31
1
0
4
40
-5
12
-10
12
-20
8
-19
5
-9
8
-6
9
1
1
10
-22
2
-9
4
3
15
6
-1
11
-20
6
-9
-20
42
-30
27
-12
1
-7
5
1
-11
8
4
17
-4
7
-18
-10
2
3
-9
3
27
-13
7
-9
-5
-6
-5
24
-29
28
-14
35
-23
1
-16
-16
22
-2
16
-16
11
5
-21
20
-24
-2
0
-1
37
-21
41
-17
-4
-14
-15
6
-1
26
8
-5
-5
-6
-4
-5
4
4
-8
18
-37
39
-56
31
-31
8
-5
7
-8
-13
32
-30
27
-16
19
-25
37
-35
29
-13
47
3
-4
-3
-23
-16
20
-5
-3
26
-20
14
-14
-4
-8
-33
18
0
31
0
30
-41
-2
9
-6
6
-8
-13
16
-6
-5
27
-25
29
-8
11
-17
-7
-40
3
-5
19
20
17
-9
27
-25
25
-51
-7
-9
30
11
33
-18
7
-30
-6
-20
0
-10
-17
4
1
2
-3
15
1
-15
40
19
-3
15
-5
13
-5
-16
2
-12
46
7
18
-14
1
-23
-42
-21
-30
-6
43
25
-5
-26
7
-35
14
0
20
29
-33
-15
8
12
36
25
1
-22
18
28
-35
27
14
-2
9
3
-60
-48
-16
12
-27
17
25
-46
27
19
55
-10
82
6
14
-51
35
-62
-61
-25
-53
-18
45
26
35
-20
2
42
-42
18
15
-42
7
3
17
23
16
-3
0
13
34
-21
17
-23
-46
13
-85
7
-28
1
38
20
20
1
56
35
-3
-10
-57
-55
-24
5
27
-7
11
39
-39
11
-10
17
30
69
-16
-24
-3
-50
-25
-58
37
-46
54
59
26
-9
28
-3
-17
3
-71
-3
-21
4
9
-9
22
11
22
50
-13
43
17
-12
24
-79
-64
-25
-23
-9
57
-30
58
0
4
48
-69
66
-89
29
-16
-8
28
-9
20
-40
4
16
-10
82
-25
67
-49
2
-7
-110
52
-68
11
63
-9
62
12
43
23
-58
-62
-95
-29
-55
49
16
99
39
36
-1
28
-51
49
-38
-4
-35
10
-20
-77
-7
-33
48
56
102
4
-8
-23
-36
-56
-19
-36
55
53
13
-16
-58
-5
9
15
-29
23
-13
75
-64
55
-124
249
309
-37
-130
-213
-225
-142
24
47
-2
148
267
-51
-26
-244
-122
-102
180
193
68
89
-32
-95
-15
-19
-15
24
32
27
-19
-20
3
-31
52
64
-15
-62
-9
-115
-66
-2
-28
50
99
7
1
39
-99
33
-75
15
25
24
54
2
24
-4
-16
56
5
-36
-62
-83
66
-33
80
10
-4
13
-103
24
-66
46
-6
15
10
51
-35
-58
86
-63
75
21
38
-15
-22
52
-44
-80
54
-37
-36
68
-19
39
-19
-36
-19
-51
11
37
6
4
58
-33
-24
13
59
-23
5
44
31
1
-22
-38
50
-128
24
-56
-37
14
23
107
48
56
-11
-61
-64
65
-51
27
-32
42
-8
-59
-20
-73
-32
12
49
33
77
16
84
-5
20
-45
-9
-35
-35
0
-50
20
-31
45
46
3
-28
52
-73
2
-32
43
-90
-59
84
-9
53
42
-9
-42
-30
14
-50
-58
108
49
-118
124
-144
-128
46
-51
134
51
197
142
1
-28
-22
-197
-12
-20
36
41
92
-5
-101
-11
-98
-110
-43
194
-8
52
2
-99
-89
-15
64
-80
180
31
103
-40
-111
52
-121
0
94
24
20
28
-14
-23
-34
42
-33
-9
0
11
-15
-30
-14
-45
-68
55
109
-43
77
-3
29
35
-12
81
-47
-113
58
-118
-14
9
-70
67
-3
-44
1
-80
30
44
78
108
142
-84
-10
-121
-87
-131
119
-37
51
89
-14
78
-10
13
-52
-81
60
-16
141
-49
49
-5
-71
-40
-51
-59
50
13
31
520
0
-152
-159
-420
-211
31
-121
153
64
465
-27
-12
-147
-229
-119
124
127
68
62
100
-61
-84
26
63
-106
118
67
29
4
40
6
0
15
34
-78
-124
38
-145
-28
-136
-29
-89
-38
108
94
-18
222
-69
-39
86
40
40
-25
95
-95
19
26
76
-37
35
0
-57
-72
11
-152
-141
-89
92
26
74
29
32
-38
2
-33
-66
5
71
114
116
150
-105
-56
71
-72
-78
17
-23
-46
7
62
50
-54
26
0
-37
13
-91
17
-42
-60
25
33
70
-26
55
-95
11
45
52
-124
73
-17
-21
-51
107
-163
-19
115
43
-86
49
-20
41
37
57
87
-42
98
-26
-90
-70
-5
-1
-105
-75
34
-129
162
231
-29
39
-30
-149
69
-56
21
-110
32
106
-24
29
-29
-154
47
-47
87
38
-30
109
-26
11
87
-53
33
-19
9
-21
-40
115
109
-112
31
-44
-174
-49
-9
-6
-204
178
41
59
94
97
43
-208
71
-17
-132
49
35
-65
102
38
104
-183
2
17
-118
-21
-25
85
27
173
-78
56
-123
13
-47
-171
80
61
-18
166
-4
-140
-4
47
125
-195
65
19
-4
290
134
-280
-36
5
-166
25
-205
-28
7
225
131
-115
-112
151
-70
230
-35
-157
7
135
69
-119
76
-67
31
77
69
-272
62
-20
78
-35
67
-92
-107
38
-73
24
-32
50
-75
-51
112
47
-19
-151
183
-53
-44
47
47
21
109
89
-27
-89
-35
-134
-115
68
-10
114
-48
-96
87
-103
164
75
51
43
-148
19
-100
-45
85
-130
174
10
-75
109
-20
34
50
12
39
-110
-116
12
-72
51
185
-141
-31
-26
-60
-66
99
80
-129
108
247
-30
-33
-30
-116
9
67
60
-175
64
117
56
0
69
-156
-63
22
4
-93
-129
141
-5
116
-110
-150
13
20
-3
25
-44
131
82
-91
90
87
141
207
226
-292
-173
-28
-231
-171
-93
167
109
34
208
-176
-103
45
105
-315
23
27
47
60
83
33
-159
78
10
-144
-45
205
-65
86
109
54
-326
-77
28
-97
45
70
74
64
28
8
-209
-21
81
88
-114
40
108
-126
-48
215
31
-42
259
14
-167
-62
94
-206
103
141
60
151
-80
-109
-202
-190
-25
-36
-6
-52
33
2
-57
62
102
9
124
18
-193
-8
5
-13
86
242
274
119
77
38
-415
-52
-138
-47
-14
16
184
-237
83
147
-287
-12
101
115
152
-1
25
-251
-3
-126
-167
-102
193
249
172
51
-225
-135
-98
-148
-60
-32
196
184
83
55
-53
-129
47
110
173
114
26
228
-151
-225
-121
-87
87
-26
-127
3
44
56
3
-189
-45
-4
-117
-133
45
-27
49
250
106
19
-183
104
-62
232
-25
160
71
108
92
-189
-222
61
-104
-45
-18
154
108
-91
223
-362
5
42
-32
-113
-129
231
-88
-82
269
-103
-103
178
-94
-110
-139
176
18
-21
267
-44
-135
-201
-43
-168
84
120
357
75
203
130
-193
-249
-167
-221
-162
18
144
-46
-32
27
-33
63
23
-84
-22
-56
352
3
100
208
119
135
11
-36
-160
55
-85
12
30
75
60
-23
-100
-149
-119
-59
-302
3
-111
-121
170
-68
-12
21
-170
109
-49
192
90
19
205
0
105
-35
-37
50
56
366
65
109
41
-105
-83
-264
-111
-121
31
-47
-42
-98
79
104
-106
9
-47
-26
-42
-129
-51
-192
163
217
193
136
-18
-42
-107
-101
-102
-91
-38
116
63
129
-27
27
-62
77
30
-70
6
-105
90
-43
120
159
94
199
111
35
-4
-53
-109
-67
-72
-154
-49
-5
-54
-93
-172
-63
-38
-183
373
77
55
-17
-70
-206
-276
55
-95
1
249
396
72
133
27
-254
-101
54
-92
-46
60
155
54
249
153
17
129
-100
-28
-97
48
45
-89
135
-121
-126
-37
-87
-114
-127
-32
-17
-91
5
49
-30
3
22
57
-65
11
-14
-148
-13
49
37
-32
48
48
-21
37
70
-193
-114
-98
-139
-125
14
82
21
102
-6
71
-26
4
19
-71
-72
86
106
124
17
134
64
-17
270
1
38
134
152
5
18
50
-90
-35
48
-4
-115
97
47
1
-23
-63
-103
-112
-23
-155
-86
10
74
-5
-43
-38
-63
-64
-11
79
42
183
144
105
42
-62
-137
-82
-90
-40
-23
57
33
2
74
3
1
-15
-80
27
-18
-46
-67
-140
13
13
143
5
-7
-52
-50
-60
-79
-99
-42
55
25
64
7
-51
24
34
-15
9
109
34
41
192
-3
-47
10
26
81
-42
49
18
-20
2
-98
0
-57
-26
-54
23
51
-37
-34
-14
-20
-95
-2
119
77
71
101
82
46
62
-66
-71
-32
-9
-39
-6
16
-62
37
-53
-113
-110
-22
-8
-82
53
73
19
71
-11
7
-188
-142
-111
-175
-25
16
78
42
76
-34
-70
-92
-130
-158
-97
-53
-8
33
-15
-8
-54
-139
-105
-64
-104
16
-3
13
11
-32
-10
4
-29
-61
13
78
52
116
168
179
179
227
277
75
85
35
57
74
100
156
154
198
181
118
142
188
146
221
255
298
262
216
228
155
135
139
168
140
196
125
132
121
144
64
10
104
43
32
78
23
2
-21
-15
-87
-102
-81
-170
-133
-131
-233
-228
-248
-266
-334
-299
-227
-237
-234
-249
-160
-235
-84
-84
-77
34
50
58
-17
0
30
-20
-2
107
80
101
96
101
16
16
-55
-47
-102
-183
-226
-378
-363
-533
-587
-677
-712
-708
-747
-671
-695
-615
-575
-472
-453
-432
-412
-332
-258
-199
-124
-87
7
79
27
74
160
171
180
224
182
125
171
177
120
71
156
150
165
141
179
152
182
281
289
319
394
469
577
566
561
596
563
618
530
527
711
745
804
778
812
821
743
788
657
608
738
725
653
662
700
545
411
345
220
122
35
6
-96
-136
-139
-173
-154
-5
263
561
938
1246
1347
1398
1462
1371
1064
658
255
-202
-611
-1084
-1638
-1948
-2126
-2385
-2568
-2507
-2412
-2409
-2422
-2331
-2270
-2269
-2250
-2162
-2195
-2081
-1818
-1618
-1279
-744
-278
106
625
1031
1279
1466
1536
1438
1276
1067
739
403
108
-70
-294
-462
-493
-463
-409
-294
-178
-218
-197
-165
-250
-397
-390
-259
-206
51
425
831
1241
1675
2118
2399
2781
3006
3043
2901
2689
2380
2027
1645
1220
785
444
154
-43
-134
-212
-257
-386
-388
-457
-539
-667
-803
-908
-987
-1004
-1048
-942
-801
-697
-498
-261
-132
-38
65
88
98
-36
-168
-378
-569
-706
-730
-813
-886
-824
-796
-707
-713
-692
-679
-587
-668
-722
-653
-632
-645
-645
-462
-352
-269
-216
-72
-76
-92
43
116
129
435
1154
1739
1909
2149
2440
2526
2401
2228
1889
1234
938
572
-234
-926
-1101
-1490
-2216
-2426
-2221
-2273
-2444
-2182
-2042
-2164
-1950
-1689
-1850
-1912
-1541
-1447
-1562
-1083
-354
52
442
1140
1603
1886
2355
2574
2342
2158
2043
1602
907
536
264
-278
-702
-839
-876
-898
-729
-728
-847
-766
-632
-806
-1021
-1070
-1073
-1145
-1113
-824
-490
10
580
1150
1711
2308
2976
3416
3647
3817
3855
3664
3306
2885
2437
1980
1421
891
525
251
-8
-295
-492
-635
-801
-954
-1103
-1251
-1341
-1445
-1500
-1484
-1316
-1037
-851
-621
-302
69
390
547
686
798
856
763
541
336
157
-57
-281
-547
-683
-739
-830
-911
-885
-792
-722
-742
-841
-944
-919
-937
-1015
-1072
-1059
-972
-879
-797
-630
-507
-374
-163
-121
-8
295
983
1840
2179
2431
2761
2951
2814
2433
2071
1276
492
50
-783
-1757
-2189
-2395
-3167
-3719
-3517
-3443
-3581
-3352
-2885
-2927
-2785
-2176
-2033
-2119
-1812
-1441
-1522
-1320
-431
98
401
1111
1827
2117
2483
2940
2786
2392
2277
1902
1121
529
299
-212
-817
-1005
-938
-821
-685
-541
-553
-550
-348
-341
-506
-662
-607
-614
-665
-359
130
730
1224
1797
2365
3000
3676
4100
4258
4296
4260
4081
3748
3306
2924
2548
2211
1784
1364
1163
935
566
127
-243
-648
-1095
-1521
-1831
-2150
-2267
-2250
-2239
-2048
-1684
-1301
-952
-511
-117
196
478
685
731
704
748
598
257
-27
-214
-465
-659
-670
-762
-890
-863
-834
-944
-990
-1049
-1184
-1309
-1367
-1473
-1543
-1459
-1385
-1352
-1282
-1001
-764
-641
-478
-432
-364
-221
-102
-148
-151
359
1257
1832
2077
2387
2794
2973
2662
2265
1614
773
207
-413
-1469
-2276
-2452
-2931
-3747
-3791
-3357
-3313
-3413
-3056
-2731
-2804
-2372
-1944
-2138
-2151
-1645
-1383
-1573
-1014
-53
416
820
1555
2189
2377
2740
3041
2626
2163
1886
1242
387
-45
-265
-817
-1326
-1445
-1415
-1338
-1155
-1047
-1080
-977
-797
-791
-903
-811
-662
-665
-574
-250
242
776
1377
1923
2432
3112
3832
4256
4458
4567
4508
4267
3983
3683
3205
2766
2345
1900
1482
1241
961
554
269
86
-174
-529
-766
-985
-1232
-1405
-1437
-1393
-1277
-1045
-823
-517
-59
452
851
1061
1325
1581
1645
1489
1364
1084
757
446
122
-196
-411
-470
-636
-841
-913
-878
-856
-922
-1069
-1146
-1177
-1220
-1332
-1424
-1367
-1321
-1340
-1227
-991
-763
-552
-391
-299
-249
-191
-280
-486
-668
-678
-183
629
1045
1173
1547
1961
1878
1490
1255
619
-243
-765
-1384
-2352
-2895
-2901
-3441
-4076
-3765
-3311
-3428
-3302
-2764
-2691
-2890
-2454
-2234
-2526
-2375
-1983
-2051
-1959
-904
68
519
1201
2078
2513
2761
3210
3133
2524
2164
1681
766
25
-174
-428
-1020
-1291
-1209
-1112
-880
-617
-637
-793
-699
-687
-967
-1164
-1043
-959
-1046
-780
-172
597
1422
2197
2961
3672
4378
4927
5113
5178
5141
4890
4410
3871
3442
2975
2463
2006
1597
1249
1056
849
423
99
-104
-438
-847
-1133
-1398
-1742
-1899
-1834
-1744
-1448
-934
-505
-149
482
1083
1373
1574
1767
1699
1522
1369
1110
701
438
208
-226
-437
-372
-424
-617
-653
-645
-866
-1011
-1080
-1356
-1636
-1705
-1803
-1967
-1916
-1710
-1572
-1400
-1055
-756
-502
-220
-88
-212
-233
-271
-534
-845
-1006
-1072
-790
258
1068
1292
1678
2285
2487
2135
1958
1519
531
-11
-450
-1467
-2237
-2172
-2433
-3310
-3297
-2760
-2843
-3018
-2651
-2604
-3056
-2830
-2550
-3024
-3182
-2644
-2491
-2562
-1661
-371
248
894
1901
2493
2704
3211
3404
2765
2310
1999
1170
227
-69
-168
-706
-1045
-1064
-1034
-856
-638
-767
-1155
-1303
-1430
-1857
-2110
-2058
-1991
-1953
-1645
-1014
-168
948
1950
2759
3483
4236
4844
5022
5022
4943
4678
4208
3630
3203
2849
2505
2102
1683
1370
1186
988
570
120
-274
-709
-1233
-1666
-1977
-2273
-2447
-2421
-2210
-1698
-991
-398
102
696
1369
1841
2093
2208
2150
2074
1974
1672
1250
948
759
427
172
144
132
42
-70
-205
-457
-612
-730
-1040
-1362
-1487
-1575
-1731
-1740
-1567
-1473
-1290
-983
-776
-549
-262
-1
-37
-195
-286
-521
-842
-1199
-1501
-1717
-1629
-631
565
1124
1581
2258
2841
2809
2602
2377
1448
602
161
-734
-1856
-2169
-2120
-3051
-3702
-3173
-2942
-3367
-3400
-3070
-3534
-3888
-3326
-3471
-4018
-3646
-3012
-3057
-2687
-1041
139
593
1619
2763
3158
3460
4086
3878
3079
2813
2410
1357
588
557
214
-530
-776
-748
-836
-863
-892
-1303
-1843
-1995
-2241
-2773
-2968
-2800
-2604
-2343
-1625
-638
313
1372
2365
3109
3848
4693
5175
5181
5099
4940
4575
4055
3591
3197
2865
2551
2186
1779
1488
1258
759
44
-629
-1172
-1762
-2323
-2728
-3024
-3131
-2921
-2450
-1826
-1069
-241
421
1006
1607
2058
2239
2193
2048
1818
1589
1370
1127
964
944
927
820
841
913
789
567
297
-84
-519
-819
-1077
-1437
-1602
-1561
-1487
-1363
-1023
-726
-594
-334
-102
-99
-187
-237
-452
-850
-1030
-1187
-1574
-1853
-1853
-1873
-1938
-1478
-139
1212
1873
2384
2979
3417
3395
3063
2574
1435
604
254
-646
-1697
-1847
-1686
-2520
-3125
-2533
-2337
-2867
-2943
-2826
-3519
-3982
-3484
-3698
-4287
-3707
-2868
-2900
-2504
-751
496
972
2023
3012
3126
3191
3717
3330
2305
1940
1529
405
-337
-223
-439
-1049
-1049
-846
-995
-1062
-1100
-1670
-2402
-2556
-2853
-3466
-3630
-3364
-3120
-2860
-1953
-809
334
1555
2575
3376
4135
4934
5213
5019
4924
4750
4296
3753
3385
3142
2893
2681
2244
1812
1566
1264
560
-287
-867
-1495
-2138
-2671
-3029
-3154
-3039
-2657
-2260
-1645
-665
205
752
1264
1863
2289
2486
2577
2516
2443
2484
2456
2273
2210
2320
2282
2067
1863
1675
1322
794
219
-339
-807
-1184
-1552
-1800
-1834
-1849
-1845
-1703
-1472
-1304
-1130
-927
-798
-802
-918
-1069
-1277
-1404
-1442
-1487
-1577
-1557
-1416
-1390
-1399
-1300
-559
1004
2071
2286
2586
3152
3373
3017
2656
1903
650
132
-247
-1354
-1960
-1472
-1699
-2900
-2927
-2252
-2617
-3216
-3147
-3617
-4613
-4351
-3802
-4381
-4301
-3054
-2577
-2703
-1363
534
1227
1908
3083
3500
3347
3823
3906
2786
2081
1955
1049
-92
-139
89
-439
-882
-808
-990
-1292
-1246
-1644
-2616
-3145
-3289
-3798
-4249
-3923
-3301
-2952
-2308
-1092
221
1497
2721
3611
4219
4857
5356
5309
5048
4861
4594
4091
3583
3273
3036
2872
2606
2115
1655
1314
749
-139
-1025
-1794
-2513
-2996
-3257
-3470
-3439
-2951
-2405
-1891
-876
274
988
1608
2311
2769
3007
3330
3403
3102
2954
2970
2723
2543
2637
2440
1958
1685
1360
769
210
-339
-1098
-1791
-2085
-2456
-2929
-2946
-2715
-2684
-2624
-2207
-1836
-1593
-1201
-860
-628
-394
-187
-244
-368
-225
-219
-428
-462
-452
-544
-774
-884
-1061
-1102
-36
1243
1595
1813
2569
3181
2978
2682
2510
1426
539
490
-190
-1306
-1387
-1051
-2013
-2854
-2231
-2103
-2966
-3251
-3141
-3950
-4495
-3807
-3927
-4416
-3642
-2694
-2787
-2366
-477
687
1065
2126
3046
3042
3100
3520
2893
1838
1739
1329
74
-484
-39
-179
-856
-855
-786
-1101
-1248
-1366
-2078
-2859
-2952
-3287
-3955
-3883
-3206
-2791
-2468
-1438
-109
999
2167
3196
3789
4165
4600
4731
4362
4157
4127
3785
3245
3063
3103
3073
3151
2988
2456
1951
1467
642
-463
-1299
-2023
-2812
-3191
-3167
-2888
-2272
-1386
-731
46
1296
2208
2608
2959
3305
3276
3125
3071
2795
2574
2643
2513
2190
2299
2477
2106
1624
1240
667
-135
-848
-1620
-2562
-3126
-3430
-3863
-4013
-3625
-3214
-3031
-2640
-2065
-1666
-1242
-849
-688
-617
-497
-508
-736
-709
-515
-676
-882
-885
-967
-1022
-1043
-1014
-1356
-1238
364
1446
1471
1896
2748
2954
2361
2297
1993
767
388
431
-606
-1547
-931
-878
-2274
-2459
-1753
-2212
-3155
-3107
-3232
-4351
-4318
-3721
-4286
-4294
-3029
-2402
-2671
-1552
464
1195
1767
2929
3385
3108
3350
3557
2658
2121
2147
1286
163
196
697
367
23
76
-253
-669
-815
-1286
-2284
-2834
-3044
-3789
-4260
-3834
-3139
-2787
-2156
-998
62
1169
2331
3123
3489
3865
4208
4120
3989
4151
4165
3890
3764
3901
3926
3893
3811
3347
2683
2040
1214
51
-904
-1523
-2291
-2982
-2992
-2460
-2012
-1481
-678
64
786
1634
2249
2371
2558
2798
2551
2250
2409
2564
2386
2325
2381
2312
2293
2234
1670
847
320
-331
-1404
-2180
-2542
-3091
-3610
-3685
-3575
-3344
-2820
-2347
-2117
-1675
-1021
-689
-568
-278
-85
-183
-314
-325
-429
-448
-422
-763
-1156
-1237
-1242
-1481
-1806
-1914
-2144
-1977
-630
522
812
1333
2163
2390
2057
2206
2189
1088
561
732
51
-806
-509
-443
-1608
-2048
-1667
-2342
-3502
-3673
-3854
-5018
-5308
-4606
-4743
-4740
-3626
-2779
-2633
-1551
392
1312
1812
2761
3231
3059
3135
3354
2844
2349
2347
1859
1261
1457
1913
1675
1194
925
363
-255
-793
-1559
-2556
-3283
-3666
-4139
-4298
-3812
-3050
-2458
-1772
-775
316
1448
2408
2921
3138
3404
3756
3939
4093
4409
4708
4865
4953
5083
5103
5081
4733
3806
2762
1842
893
-311
-1364
-2002
-2601
-2987
-2754
-2278
-1786
-1006
-250
137
543
1201
1527
1448
1569
1649
1450
1575
2031
2142
2149
2428
2374
1990
1876
1755
915
-130
-768
-1479
-2313
-2775
-3090
-3472
-3465
-3142
-2975
-2884
-2448
-2008
-1912
-1785
-1464
-1290
-1174
-938
-867
-905
-698
-533
-618
-693
-701
-830
-1239
-1532
-1620
-1915
-2107
-2143
-2142
-2381
-2292
-643
1042
1606
2244
3268
3863
3544
3453
3463
2161
1302
1409
523
-803
-660
-301
-1727
-2667
-2047
-2485
-3878
-3983
-3764
-5139
-5638
-4398
-4405
-4801
-3404
-1989
-2122
-1451
823
1863
1941
3045
3838
3304
3264
3969
3523
2775
3170
3137
2132
1865
2425
2007
891
439
-127
-1251
-2095
-2671
-3619
-4403
-4430
-4525
-4709
-4120
-2973
-2248
-1697
-578
570
1395
2106
2713
3098
3516
4142
4457
4651
5213
5818
6018
6031
6188
6005
5472
4838
3878
2643
1499
513
-761
-1807
-2135
-2431
-2821
-2699
-2036
-1520
-1029
-374
-24
245
742
1087
1042
1104
1428
1549
1778
2238
2407
2518
2800
2691
2196
1973
1625
571
-453
-1001
-1785
-2689
-3061
-3335
-3843
-3928
-3633
-3667
-3499
-2848
-2571
-2714
-2426
-1861
-1811
-1768
-1327
-1135
-1222
-1081
-844
-959
-1088
-934
-1136
-1592
-1714
-1649
-1849
-2110
-2064
-2176
-2290
-2257
-1469
365
1610
2202
2937
3764
4078
3508
3316
2812
1440
1017
871
-164
-956
-543
-861
-2358
-2487
-2032
-3051
-4151
-3759
-3968
-5316
-4841
-3596
-3743
-3406
-1682
-718
-848
551
2374
2415
2636
3794
3947
3088
3410
4078
3374
2947
3282
2928
2042
1973
2072
1092
179
-373
-1336
-2423
-2858
-3036
-3691
-3963
-3658
-3457
-3204
-2514
-1631
-1097
-433
475
1072
1608
2397
3302
3869
4368
5110
5616
5947
6350
6583
6444
6008
5474
4724
3828
2878
1805
768
-166
-1001
-1773
-2087
-2104
-2339
-2427
-2199
-1937
-1765
-1367
-827
-440
33
544
894
1221
1735
2126
2158
2267
2386
2177
1927
1762
1382
631
-94
-640
-1238
-1810
-2273
-2652
-3022
-3240
-3271
-3359
-3332
-3176
-3042
-2910
-2723
-2373
-2025
-1759
-1493
-1268
-1049
-816
-642
-498
-367
-301
-453
-696
-915
-1146
-1375
-1661
-1959
-2126
-2214
-2189
-2146
-2017
-1814
-1756
-399
1737
2769
3277
4092
4668
3963
2971
2833
1770
429
212
-330
-1438
-1287
-434
-1375
-2364
-1554
-1507
-3078
-3683
-3101
-4002
-5094
-4243
-3665
-3716
-2605
-1290
-1357
-908
1203
2088
1707
2533
3606
3144
2563
3179
3341
2821
2981
2952
2045
1701
2160
1675
455
27
-345
-1396
-2193
-2278
-2528
-3109
-3183
-3065
-3163
-2758
-1755
-1067
-725
7
995
1740
2457
3418
4197
4582
5006
5419
5606
5848
6165
6183
5762
5209
4782
4306
3717
2981
1956
886
71
-706
-1455
-1840
-2106
-2497
-2596
-2373
-2081
-1600
-899
-451
-289
169
690
847
1021
1349
1385
1187
1190
1155
996
1027
850
394
84
-116
-566
-1165
-1470
-1868
-2535
-2911
-3037
-3220
-3232
-3091
-3077
-2979
-2518
-2101
-2011
-1875
-1601
-1532
-1623
-1495
-1221
-1088
-1097
-1144
-1322
-1381
-1294
-1482
-1899
-2106
-2100
-2219
-2374
-2141
-1865
-1618
-1334
-1097
-920
-544
1323
3168
3476
3580
4194
4403
3297
2362
2362
1458
516
483
62
-588
75
715
-696
-1914
-1397
-1860
-3829
-4547
-4206
-5030
-5531
-4337
-3516
-3123
-1634
-298
-366
98
1723
2199
1813
2581
3396
2968
2756
3460
3689
3585
3916
3812
3009
2705
2626
1551
243
-264
-761
-1785
-2560
-2764
-2966
-3237
-3267
-3272
-3122
-2539
-1954
-1581
-952
37
901
1481
2236
3259
3970
4385
4948
5419
5594
5702
5715
5658
5549
5196
4538
3740
3171
2520
1417
486
-96
-885
-1614
-1947
-2128
-2282
-2113
-1790
-1713
-1489
-878
-529
-525
-161
186
46
24
334
484
571
873
1075
1150
1377
1363
898
530
258
-527
-1425
-1836
-2199
-2743
-2915
-2680
-2565
-2474
-2214
-2166
-2304
-2263
-2300
-2724
-3062
-3095
-3218
-3358
-3085
-2529
-2114
-1809
-1428
-1217
-1117
-952
-955
-1133
-1236
-1226
-1342
-1444
-1059
-576
-382
-282
-96
-15
-62
1289
3269
3728
3460
3721
3875
2740
1615
1557
740
-211
49
-26
-854
-256
977
-34
-1652
-1394
-1539
-3486
-4166
-3235
-3749
-4470
-3276
-2104
-1962
-928
411
28
-91
1414
2131
1714
2510
3918
3823
3490
4286
4763
4511
4583
4365
3006
1920
1617
738
-593
-1209
-1459
-2269
-3050
-3121
-3195
-3549
-3751
-3799
-3785
-3357
-2586
-1903
-1092
90
1291
2083
2869
3954
4705
4968
5295
5670
5751
5716
5829
5841
5502
5009
4419
3639
2788
2013
1061
99
-623
-1334
-1972
-2309
-2359
-2257
-2142
-2076
-1962
-1801
-1551
-1295
-1020
-578
-223
27
326
651
959
1318
1636
1651
1497
1401
1163
561
48
-278
-857
-1413
-1616
-1812
-2146
-2223
-2201
-2612
-3045
-3143
-3442
-3950
-3969
-3757
-3840
-3780
-3314
-2917
-2668
-2156
-1685
-1574
-1385
-1075
-1028
-1216
-1220
-1174
-1225
-1093
-900
-727
-588
-469
-248
-76
102
171
113
64
-216
483
2532
3721
3512
3484
4038
3460
2112
1838
1576
604
531
875
44
-117
1274
1017
-918
-1401
-1194
-2852
-4138
-3003
-2640
-3591
-3011
-1548
-1235
-563
1066
993
148
1034
2024
1510
1686
3383
3869
3221
3472
3960
3485
2988
2775
1512
-47
-658
-1290
-2306
-2723
-2437
-2693
-3481
-3579
-3307
-3313
-3337
-3076
-2875
-2662
-2009
-1082
-53
1104
2322
3212
3873
4706
5351
5458
5457
5574
5467
5134
4986
4901
4573
4153
3641
2946
2251
1711
892
-43
-606
-1136
-1779
-2142
-2014
-1953
-1836
-1392
-1101
-1047
-731
-320
-350
-217
289
586
544
746
1140
1078
963
1010
888
538
206
-164
-704
-1081
-1290
-1613
-2063
-2462
-2805
-3159
-3441
-3761
-4034
-4186
-4241
-4118
-3823
-3455
-3113
-2754
-2513
-2461
-2387
-2176
-1981
-1860
-1730
-1604
-1558
-1336
-950
-688
-491
-293
-283
-507
-424
-95
-5
-67
143
366
474
673
970
1029
1453
3138
4487
4401
4183
4573
4307
2937
2116
1730
889
774
1394
1100
373
797
708
-986
-1905
-1717
-2811
-4418
-3937
-3027
-3338
-2917
-1449
-915
-758
420
723
-212
197
1454
1411
1359
2893
3764
2978
2849
3463
2915
1857
1406
396
-1090
-1471
-1554
-2455
-2842
-2084
-1994
-2933
-3027
-2408
-2531
-2901
-2550
-2051
-1732
-934
69
1020
2320
3630
4155
4124
4545
4938
4646
4437
4623
4593
4298
4283
4412
4307
4030
3397
2399
1515
881
-19
-1022
-1310
-1281
-1460
-1451
-918
-527
-472
-376
-434
-718
-853
-778
-925
-893
-380
-1
77
400
752
696
632
579
126
-473
-832
-1266
-1931
-2158
-2185
-2575
-2942
-3051
-3204
-3499
-3494
-3463
-3659
-3651
-3379
-3257
-3089
-2625
-2372
-2348
-2123
-1795
-1726
-1582
-1183
-931
-758
-451
-138
-36
134
407
332
212
350
501
504
687
1227
1653
1822
1977
2006
1885
1707
1426
989
619
1227
2697
3709
3887
4005
4296
3831
2621
1711
1047
298
-45
14
-207
-314
-86
-490
-1493
-1752
-1682
-2726
-3710
-3284
-2843
-3131
-2899
-1930
-1508
-1266
-494
-254
-389
177
901
867
1142
2265
2634
2084
1893
1971
1380
697
393
-372
-1197
-1247
-1207
-1566
-1498
-971
-1078
-1496
-1422
-1352
-1637
-1678
-1442
-1343
-882
108
933
1555
2505
3405
3650
3746
3969
3893
3623
3652
3713
3643
3925
4307
4179
3838
3725
3330
2442
1790
1373
647
-62
-341
-510
-711
-723
-834
-1374
-1777
-1608
-1578
-1913
-2028
-1821
-1732
-1650
-1345
-1026
-921
-759
-697
-1009
-1260
-1248
-1393
-1727
-1852
-1862
-2035
-2231
-2303
-2445
-2638
-2770
-3052
-3326
-3207
-2964
-2916
-2791
-2424
-2139
-2020
-1785
-1573
-1593
-1519
-1335
-1262
-1149
-709
-197
70
319
587
808
1032
1245
1252
1116
1236
1588
1822
1836
1942
2053
1882
1539
1276
1202
1150
956
705
479
694
1789
2984
3401
3279
3248
2822
1658
609
152
-78
-93
161
329
470
838
756
-109
-820
-1088
-1895
-3066
-3404
-3159
-3026
-2611
-1807
-1321
-1193
-932
-965
-1442
-1483
-1165
-1130
-969
-97
807
1344
1865
2157
1842
1423
1239
693
-30
-262
-262
-256
33
520
754
736
656
311
-268
-649
-792
-988
-927
-473
-21
461
1183
1973
2473
2696
2929
3058
3090
3228
3445
3650
3759
3867
3832
3584
3270
2931
2471
1893
1338
863
467
238
78
-328
-930
-1505
-2030
-2547
-2916
-3038
-3011
-2964
-2795
-2390
-1842
-1407
-1222
-1225
-1311
-1489
-1753
-1853
-1782
-1623
-1549
-1619
-1668
-1478
-1144
-1096
-1318
-1538
-1682
-1923
-2220
-2270
-2220
-2261
-2362
-2431
-2352
-2124
-1811
-1612
-1541
-1314
-895
-599
-322
165
571
715
745
938
1128
1084
1084
1231
1385
1458
1604
1760
1851
1894
1828
1678
1454
1302
1128
787
544
564
627
396
401
1153
2075
2545
2624
2539
2158
1641
1316
816
177
47
556
984
979
814
275
-556
-1108
-1434
-2122
-2937
-3129
-3073
-3202
-3059
-2351
-1717
-1526
-1469
-1672
-1983
-1792
-1149
-545
-60
659
1296
1600
1976
2346
2285
1924
1709
1439
946
725
886
1160
1382
1394
1108
620
364
149
-323
-699
-658
-448
-405
-214
250
782
1227
1523
1623
1510
1441
1497
1656
1997
2363
2578
2760
3024
3174
3066
2675
2096
1548
1052
518
44
-106
-166
-485
-836
-999
-1191
-1548
-1899
-2315
-2856
-3217
-3201
-3082
-2982
-2821
-2647
-2557
-2435
-2187
-2024
-1978
-1844
-1626
-1491
-1300
-965
-729
-718
-720
-734
-904
-1067
-1056
-990
-914
-687
-370
-140
35
130
14
-148
-191
-293
-462
-424
-187
20
221
548
841
888
803
774
747
742
826
931
1044
1300
1715
1984
2018
2011
2010
1739
1281
1048
959
759
516
503
594
544
453
395
371
440
585
616
537
523
479
265
31
-43
-44
-71
-18
7
-190
-559
-971
-1340
-1630
-1765
-1828
-2020
-2316
-2410
-2298
-2243
-2199
-2053
-1831
-1720
-1627
-1420
-1120
-689
-187
311
770
1168
1433
1465
1375
1358
1443
1526
1551
1625
1774
1865
1754
1539
1361
1158
910
629
360
145
89
191
296
447
645
697
561
459
446
301
38
-7
256
556
840
1209
1514
1597
1549
1459
1286
1075
833
564
339
230
220
198
141
64
-96
-412
-795
-1127
-1413
-1720
-2019
-2303
-2579
-2736
-2693
-2537
-2319
-2060
-1838
-1739
-1778
-1905
-2009
-2011
-1855
-1607
-1309
-950
-602
-371
-242
-99
-35
-58
-46
63
230
399
563
656
731
902
1027
1026
1030
1049
983
966
1084
1134
1083
1089
1098
996
941
990
937
818
827
870
810
763
722
563
386
286
127
-107
-203
-165
-213
-240
-190
-194
-241
-220
-222
-313
-312
-194
-121
-113
13
171
148
4
-88
-99
-159
-199
-233
-344
-505
-695
-940
-1228
-1331
-1287
-1242
-1127
-822
-517
-390
-360
-323
-296
-278
-162
23
164
281
472
640
730
807
801
676
581
516
329
172
313
488
463
436
513
534
442
347
247
175
185
237
293
446
599
569
449
456
516
459
390
345
255
112
31
24
-17
-15
-3
-55
-99
-40
-1
-69
-105
-104
-185
-300
-349
-357
-436
-526
-572
-617
-606
-494
-348
-235
-123
-4
81
119
37
-216
-514
-768
-960
-1060
-927
-634
-340
-57
252
406
321
162
-15
-278
-443
-285
20
307
628
973
1207
1283
1246
1154
1049
993
916
786
734
803
837
723
617
547
432
227
11
-122
-168
-194
-217
-206
-198
-298
-521
-693
-782
-816
-843
-867
-820
-709
-530
-378
-352
-330
-237
-213
-289
-375
-380
-425
-522
-508
-455
-476
-543
-514
-423
-382
-498
-660
-709
-577
-384
-268
-114
178
461
554
541
570
625
622
596
684
950
1240
1323
1154
841
496
127
-209
-422
-498
-514
-584
-689
-716
-659
-628
-684
-710
-706
-743
-705
-502
-231
46
381
694
862
944
1020
995
815
645
586
529
490
486
433
304
192
68
-178
-412
-511
-538
-656
-759
-717
-665
-687
-707
-681
-634
-594
-566
-559
-522
-383
-160
41
224
467
645
645
537
435
362
271
252
324
384
411
498
630
674
671
663
550
338
213
213
173
120
185
244
231
347
572
678
672
670
574
330
133
114
130
188
364
527
570
587
629
564
322
2
-247
-383
-411
-321
-245
-228
-182
-175
-225
-267
-266
-339
-580
-853
-990
-950
-825
-724
-683
-746
-846
-942
-1031
-1116
-1198
-1176
-1068
-969
-881
-741
-532
-270
-30
28
-58
-115
-45
41
13
-10
49
147
306
493
600
548
449
415
402
371
289
185
160
283
406
433
422
394
260
57
-75
-146
-153
-54
145
284
307
209
23
-104
-93
-55
-44
36
153
215
231
259
253
213
146
51
-47
-95
-99
-117
-82
67
182
143
63
14
-60
-191
-331
-435
-411
-239
-81
-26
47
83
-35
-185
-215
-172
-171
-140
-104
-135
-137
-94
-65
-37
26
31
-70
-141
-88
-15
23
127
275
366
448
572
658
647
637
681
676
616
586
600
660
801
949
971
921
894
745
440
276
264
153
8
16
64
33
3
-66
-215
-380
-470
-515
-480
-296
-152
-179
-214
-180
-189
-284
-333
-321
-332
-337
-270
-231
-249
-236
-264
-380
-523
-658
-815
-948
-947
-856
-779
-694
-580
-526
-530
-525
-539
-579
-558
-478
-428
-372
-235
-82
-24
-66
-153
-238
-269
-239
-202
-151
-45
38
49
43
80
118
145
180
150
115
100
146
226
271
230
185
194
255
369
453
491
558
687
747
682
602
554
550
530
501
510
540
556
531
468
371
321
316
322
265
62
-267
-582
-721
-726
-677
-565
-422
-287
-244
-382
-632
-831
-933
-906
-713
-442
-251
-170
-83
-20
-29
-23
12
43
88
172
190
169
219
360
510
585
587
502
373
272
161
82
146
281
369
423
459
380
255
268
424
554
647
777
874
924
1030
1071
968
907
940
909
800
772
713
526
337
254
216
158
91
-33
-185
-284
-386
-576
-745
-785
-780
-816
-829
-763
-686
-658
-662
-692
-747
-771
-754
-759
-730
-579
-419
-407
-432
-378
-341
-450
-597
-658
-713
-785
-773
-749
-763
-710
-646
-677
-764
-782
-787
-850
-846
-658
-474
-422
-306
-117
-20
-10
-2
-1
36
59
45
119
340
544
609
647
721
744
661
534
427
359
299
261
319
472
648
738
767
792
771
667
558
536
508
455
461
483
458
499
582
525
432
454
496
505
514
462
281
71
-70
-209
-308
-294
-262
-287
-353
-408
-455
-511
-598
-678
-737
-682
-547
-479
-442
-371
-301
-358
-471
-447
-346
-294
-236
-171
-122
-46
69
131
188
246
192
63
25
112
177
216
347
541
715
873
967
947
880
853
857
881
915
902
854
767
705
636
555
470
354
167
-45
-198
-325
-449
-492
-477
-542
-625
-653
-653
-642
-542
-436
-374
-318
-261
-199
-100
-9
29
32
30
23
9
31
43
-30
-150
-260
-368
-465
-544
-655
-766
-774
-792
-856
-854
-824
-826
-803
-771
-822
-822
-725
-677
-649
-531
-387
-339
-268
-103
51
135
205
271
297
311
304
310
340
374
354
330
325
284
178
79
70
74
80
130
206
220
213
223
208
200
190
165
154
209
299
359
467
607
669
614
511
425
368
289
151
71
102
184
255
316
359
337
253
127
-10
-79
-114
-170
-167
-110
-124
-189
-241
-238
-166
-90
-87
-79
-41
-21
-15
-43
-95
-141
-154
-159
-150
-115
-123
-136
-121
-87
-70
-81
-98
-78
-61
-61
10
151
305
457
583
642
661
650
607
582
602
590
573
605
631
622
585
498
333
141
-23
-159
-277
-343
-437
-552
-584
-550
-537
-569
-537
-510
-548
-522
-401
-304
-218
-88
-42
-97
-70
7
-38
-121
-106
-93
-164
-176
-128
-138
-176
-169
-228
-328
-325
-324
-453
-559
-493
-421
-443
-442
-398
-383
-350
-290
-275
-249
-141
-43
-12
46
124
131
77
80
152
161
113
93
123
114
75
63
83
123
125
40
-32
0
42
80
135
176
146
161
204
224
240
273
304
267
204
169
155
109
77
62
30
-29
-61
-53
-54
-54
-49
-71
-101
-47
-1
2
60
156
182
141
125
150
169
169
182
239
348
423
394
356
339
270
163
107
78
44
65
118
121
107
126
119
25
-96
-189
-291
-362
-348
-325
-318
-248
-116
-50
-7
62
95
86
108
188
244
309
388
441
458
507
578
577
526
460
327
180
129
100
3
-88
-123
-198
-282
-324
-370
-451
-509
-512
-541
-565
-514
-421
-373
-328
-287
-282
-276
-255
-245
-260
-253
-221
-187
-141
-93
-53
-35
-62
-110
-157
-187
-187
-182
-178
-172
-166
-165
-146
-106
-78
-53
-53
-61
-45
-32
-48
-52
-45
-42
-34
-30
-31
-5
35
49
57
61
61
54
62
86
102
129
153
186
262
353
404
448
539
585
550
534
537
519
479
448
416
381
347
288
184
107
79
3
-111
-191
-233
-331
-453
-513
-523
-552
-567
-553
-537
-526
-491
-454
-456
-417
-319
-264
-263
-199
-99
7
126
235
316
383
443
438
381
337
301
231
185
204
262
262
208
172
167
128
63
-9
-87
-147
-197
-247
-249
-226
-228
-222
-156
-71
-8
51
103
157
221
272
295
333
390
398
341
315
347
357
305
270
263
206
123
78
25
-68
-165
-277
-370
-381
-361
-363
-360
-303
-224
-199
-192
-170
-155
-153
-150
-126
-83
-34
-11
9
55
91
83
41
-4
-43
-89
-156
-179
-163
-145
-152
-135
-107
-149
-205
-252
-279
-320
-354
-350
-313
-266
-229
-188
-155
-120
-92
-64
-40
-19
13
40
58
74
129
190
248
310
367
411
433
404
345
313
295
262
222
218
249
254
256
284
269
207
154
112
56
-15
-56
-65
-73
-100
-118
-120
-123
-131
-137
-131
-113
-104
-129
-142
-138
-154
-171
-157
-123
-86
-47
-24
-19
-9
15
20
5
5
30
33
15
31
59
52
51
73
92
88
82
86
73
44
43
53
33
20
33
35
40
61
84
73
63
70
66
53
55
62
37
16
13
2
-16
-35
-47
-64
-77
-101
-134
-162
-166
-161
-149
-123
-101
-89
-83
-63
-47
-39
-12
20
18
24
51
68
81
99
109
95
76
50
24
6
24
44
27
-2
-9
-6
-32
-42
-49
-65
-81
-74
-61
-55
-44
-34
-19
-8
5
-14
-35
-14
-10
-44
-58
-50
-59
-64
-63
-68
-72
-67
-67
-53
-42
-36
-20
-3
11
17
8
1
34
45
11
-14
5
12
4
27
102
160
173
174
161
135
89
40
-4
-21
-4
-7
-40
-34
6
11
-40
-75
-79
-103
-136
-133
-99
-85
-88
-69
-42
-23
4
23
11
23
69
85
85
115
138
124
88
60
33
27
43
60
48
49
74
64
25
5
9
-10
-45
-28
21
52
58
59
54
55
63
72
85
85
73
52
38
35
33
25
-6
-9
8
-5
-35
-38
-31
-49
-82
-115
-139
-143
-148
-168
-159
-110
-78
-84
-70
-28
-14
-12
16
33
19
24
50
61
72
90
95
73
44
43
38
16
-10
-33
-52
-58
-43
-54
-61
-58
-47
-39
-36
-42
-46
-42
-69
-82
-72
-38
-21
-10
2
6
-6
-21
-16
-4
3
9
20
18
14
1
-18
-32
-39
-49
-43
-10
21
32
43
55
50
55
88
101
74
53
51
57
59
69
72
66
55
38
22
-2
-42
-67
-78
-87
-83
-71
-72
-68
-54
-61
-50
-16
15
35
25
13
28
34
17
18
50
78
54
23
36
65
53
23
15
4
2
2
-14
-38
-36
-51
-78
-58
-18
-13
-20
-13
-2
6
8
15
12
3
-6
-20
-20
2
19
31
69
99
92
74
81
74
36
4
-12
-34
-46
-38
-31
-31
-11
-1
-33
-55
-38
-20
-19
-9
19
19
-14
-9
15
8
8
37
61
74
107
118
117
114
87
51
11
-1
-15
-33
-27
-4
18
22
20
11
-30
-70
-93
-120
-164
-179
-151
-130
-112
-84
-48
-18
-3
-14
-23
-23
-17
-17
-32
-17
7
1
-8
0
7
4
-2
-2
9
27
12
-14
-10
4
-7
-26
-24
-8
12
11
1
-13
-17
-21
-33
-23
12
25
12
22
37
35
23
16
12
7
-3
-14
1
11
18
31
38
34
32
40
41
45
54
53
46
40
30
27
16
-8
-4
9
3
1
-6
-5
19
22
10
28
59
50
18
8
10
-3
-4
13
20
17
12
5
6
6
-7
-14
-2
7
7
7
3
14
18
7
-9
-27
-34
-47
-57
-63
-66
-70
-70
-62
-53
-43
-47
-48
-65
-88
-93
-76
-59
-48
-1
50
80
104
132
143
117
73
60
61
48
30
35
64
67
50
37
42
31
4
-21
-29
-18
-20
-37
-57
-58
-71
-91
-89
-85
-87
-75
-38
-19
-6
17
19
0
-14
-21
-28
-33
-20
11
37
58
71
67
52
41
19
3
-5
-7
-12
-10
11
17
5
-19
-30
-40
-52
-55
-63
-48
-20
-4
7
26
38
33
14
-7
-13
-15
-16
-1
12
15
19
25
26
27
28
16
0
-3
-8
-19
-27
-28
-28
-22
-5
12
21
28
27
6
-16
-24
-25
-29
-19
-7
9
35
47
41
28
23
18
9
-1
-3
4
5
5
13
4
20
37
20
8
21
26
7
3
17
21
4
-8
0
11
17
10
-16
-26
-26
-32
-51
-47
-23
-28
-42
-25
-11
-25
-40
-32
-26
-23
-1
23
44
57
61
56
56
64
58
44
31
44
52
36
15
22
37
22
0
-1
11
-14
-43
-28
-17
-33
-32
-22
-23
-28
-29
-33
-39
-57
-70
-82
-99
-106
-96
-73
-44
-31
-17
11
24
24
29
35
34
31
27
38
45
43
47
58
53
38
29
23
8
-7
-11
-17
-23
-28
-18
-21
-21
-10
-11
2
3
5
6
4
7
11
15
17
28
33
24
27
31
20
-2
-8
-6
-15
-21
-30
-45
-29
-12
-22
-31
-29
-25
-27
-28
-21
-7
0
-7
0
13
19
24
21
13
5
-11
-31
-21
6
5
-3
8
22
5
-17
-11
-13
-22
-17
8
20
33
54
46
34
29
20
8
7
13
10
2
5
17
18
15
11
11
6
-8
-10
-14
-32
-35
-15
4
6
10
16
18
19
13
14
23
20
22
35
40
47
40
25
18
13
10
2
2
11
12
7
4
-1
-3
-20
-41
-52
-57
-53
-54
-46
-40
-43
-37
-41
-47
-45
-45
-45
-38
-26
-15
-13
-3
3
5
10
8
12
22
27
31
35
46
52
43
26
18
10
7
6
-2
-6
-12
-17
-15
-11
-8
-14
-15
-15
-18
-16
-18
-20
-29
-45
-43
-33
-18
-8
7
17
23
30
24
15
20
18
7
13
37
44
39
40
38
32
15
-3
-15
-16
-22
-32
-28
-17
-14
-6
4
5
3
-5
-8
-3
-11
-19
-16
-22
-30
-24
-7
9
18
11
11
18
26
23
10
2
1
7
9
6
14
30
19
11
7
7
8
9
1
-17
-13
-9
-9
-9
1
4
-4
-6
-5
1
6
5
3
14
17
5
2
12
10
2
5
-1
-2
1
-1
-1
2
-1
-8
-12
-10
-2
-7
-11
-8
-3
-4
1
4
-7
-14
-5
5
7
4
-8
-6
-2
-12
-14
-2
0
1
6
11
16
23
26
13
10
10
10
2
-3
1
-4
-6
-3
-1
-2
-8
-8
2
4
2
-3
-3
-7
-10
-20
-27
-27
-35
-38
-29
-28
-22
-16
-19
-20
-12
3
2
-10
-6
9
4
-4
9
27
28
17
12
18
16
12
19
25
19
4
-5
-4
-2
-12
-15
-5
2
-2
4
13
14
5
-4
-13
-20
-20
-22
-19
-15
-2
13
19
17
8
11
16
8
-3
-3
4
13
11
8
21
23
15
6
3
-2
-12
-18
-16
-8
-11
-16
-8
-2
-3
-10
-15
-1
4
-5
1
12
23
29
27
31
43
41
35
29
27
22
12
1
-2
6
3
-6
-9
-8
-13
-21
-26
-26
-25
-17
-18
-23
-17
-21
-23
-22
-26
-24
-16
-12
-14
-20
-14
-3
-3
-5
6
15
14
-1
-6
5
7
-3
-3
8
20
20
14
17
28
27
13
15
20
13
10
11
8
4
0
4
3
1
-4
-18
-18
-12
-17
-24
-21
-2
-4
-15
-15
-6
-8
-25
-24
-13
-1
-8
-9
5
9
2
2
3
5
15
15
9
16
18
8
-2
10
19
3
-6
-2
-3
-10
-8
-5
-8
-6
-2
-2
-2
2
-1
-11
-22
-22
-23
-25
-17
-3
6
5
1
8
7
-1
-11
-6
-2
2
9
16
21
9
6
10
7
-2
-3
5
7
2
3
11
14
9
5
10
16
18
19
17
15
17
11
9
5
5
1
-5
1
5
13
21
20
15
15
9
-7
-13
-7
-10
-18
-16
-10
-8
-7
-5
-7
-10
-12
-19
-21
-15
-15
-11
-8
-4
-7
-8
7
9
-3
3
1
-8
-10
-7
-6
-2
1
0
2
3
1
6
7
9
8
6
0
-5
-1
0
-1
5
10
3
4
4
-8
-16
-17
-18
-14
-11
-8
-8
-8
1
4
8
18
12
4
4
8
7
3
3
-2
4
6
5
7
9
6
3
-1
3
2
2
7
2
2
-5
-14
-15
-9
-12
-15
-6
-5
-8
-7
1
-4
-5
-7
-11
-2
1
3
4
-1
8
9
9
17
18
13
8
5
2
-2
-6
-3
0
-2
-6
-4
-1
-2
-7
-6
-8
-11
-11
0
2
-4
-5
-6
-7
-1
2
3
12
11
3
7
17
14
17
14
10
8
10
10
7
10
13
3
-1
9
6
-2
3
5
2
11
18
17
5
-1
-5
-6
-4
-5
-5
-11
-21
-21
-10
-12
-21
-21
-14
-16
-18
-15
-10
-5
-9
-17
-7
1
0
5
0
-6
0
5
3
13
11
2
12
17
12
9
10
5
2
9
0
-11
2
16
12
-2
0
1
-7
-7
-2
-6
-1
1
-3
-1
0
4
0
4
3
-4
-6
-3
1
1
3
-4
-6
1
4
0
-5
1
