-3
-5
-6
-6
-6
-6
-7
-8
-9
-9
-9
-8
-8
-8
-7
-9
-8
-7
-7
-6
-7
-7
-7
-9
-9
-9
-10
-9
-9
-7
-7
-6
-4
-3
-2
0
1
2
3
3
3
3
2
2
3
3
2
2
2
2
3
1
1
2
2
2
3
3
3
4
5
5
6
5
4
6
5
6
6
7
8
7
7
8
8
7
6
6
7
5
6
4
6
5
4
3
3
2
1
1
-1
-1
-3
-4
-5
-4
-5
-5
-3
-4
-4
-4
-3
-3
-3
-4
-4
-5
-4
-6
-5
-6
-7
-6
-6
-6
-5
-4
-3
-3
-2
-2
-2
-2
-2
-3
-3
1
2
2
3
3
2
0
1
0
0
0
-1
-2
-2
-2
0
0
1
2
2
3
5
5
5
6
5
6
4
5
6
5
4
3
2
3
2
1
2
1
1
1
2
1
0
0
-1
-1
-2
-2
-4
-4
-2
-4
-4
-3
-3
-4
-5
-5
-4
-4
-5
-4
-4
-4
-2
-3
-2
-1
0
1
1
2
3
1
1
0
0
1
2
3
4
4
4
4
4
5
3
3
3
3
3
4
3
4
3
3
4
5
5
4
4
3
1
1
-1
-3
-5
-6
-8
-9
-8
-9
-9
-10
-9
-7
-7
-5
-6
-6
-2
-2
1
0
0
-1
-1
0
0
1
2
1
1
1
1
-1
-1
-1
-2
-1
-3
-1
-2
-1
0
0
1
1
3
3
3
3
2
2
1
1
3
1
0
-1
-2
-3
-4
-3
-4
-3
-3
-3
-2
-1
-1
-1
-1
-1
0
0
2
3
4
5
4
5
6
5
5
5
4
4
6
6
6
6
5
3
3
2
1
0
-1
-2
-1
-1
0
1
2
3
2
5
4
3
4
4
4
6
7
6
5
5
4
2
3
2
0
0
-3
-3
-3
-3
-4
-3
-3
-4
-4
-3
-4
-5
-5
-4
-4
-1
-1
0
0
0
0
0
2
0
1
3
1
1
2
1
-1
0
0
-1
0
1
0
-1
-1
-2
-1
1
0
0
1
1
0
0
1
1
3
2
-1
-1
-3
-3
-4
-5
-7
-6
-4
-4
-3
-3
-4
-6
-4
-5
-4
-4
-3
-4
-5
-3
-4
-4
-4
-6
-4
-4
-4
-4
-3
-3
-4
-4
-5
-5
-7
-7
-7
-8
-6
-7
-5
-6
-6
-5
-5
-4
-3
-3
-3
-4
-3
-2
0
2
4
5
5
6
5
5
6
7
9
8
9
9
8
8
8
7
7
8
9
9
9
8
8
10
9
11
11
10
8
8
9
10
13
13
13
15
14
14
13
13
11
10
7
5
5
5
5
6
6
5
4
4
3
3
3
5
5
5
5
7
5
7
5
4
2
0
-3
-6
-8
-11
-11
-13
-16
-16
-19
-21
-21
-20
-21
-22
-20
-19
-19
-18
-18
-18
-17
-17
-17
-18
-18
-17
-16
-14
-14
-13
-11
-13
-13
-14
-15
-13
-11
-9
-6
-4
-3
-4
-3
-1
1
4
6
6
5
6
6
6
9
10
11
10
11
11
10
10
11
10
9
9
6
6
3
2
2
1
1
1
2
2
3
6
6
7
8
7
7
8
9
9
11
11
11
13
15
14
13
12
10
9
6
4
3
2
2
0
0
0
-1
1
3
4
5
6
6
5
4
1
0
0
-1
2
2
2
-2
-4
-7
-11
-12
-14
-16
-16
-15
-14
-13
-11
-10
-9
-7
-4
-1
-2
-2
-2
-3
-4
-5
-2
-3
0
3
4
4
3
3
4
6
11
13
15
15
15
13
13
15
18
20
23
22
22
20
19
18
16
15
13
12
12
11
10
9
8
8
7
5
3
3
2
-1
-4
-6
-7
-10
-11
-13
-14
-16
-20
-21
-22
-25
-26
-28
-28
-28
-26
-22
-19
-19
-20
-22
-26
-30
-31
-33
-33
-34
-35
-36
-36
-36
-35
-37
-35
-36
-38
-39
-41
-41
-39
-35
-31
-27
-22
-17
-14
-9
-5
0
7
11
15
19
23
25
27
29
29
31
32
37
42
48
55
62
68
71
72
72
71
70
70
68
66
65
64
63
64
66
66
68
66
65
59
53
45
35
25
13
5
-4
-11
-18
-24
-27
-31
-36
-41
-46
-50
-60
-70
-79
-89
-98
-105
-109
-107
-103
-98
-91
-86
-82
-80
-78
-76
-76
-77
-76
-76
-74
-70
-63
-54
-41
-28
-13
2
16
30
42
52
60
66
69
73
76
78
82
83
86
89
90
91
92
93
95
97
98
98
98
96
95
95
94
94
93
91
87
86
86
86
88
87
84
79
71
58
41
25
5
-14
-33
-53
-70
-89
-104
-119
-132
-144
-158
-171
-185
-203
-219
-235
-249
-258
-261
-258
-251
-241
-231
-222
-214
-209
-204
-202
-196
-192
-185
-173
-154
-129
-98
-59
-17
26
70
112
148
177
197
207
210
209
204
203
205
212
226
244
267
288
307
324
335
340
338
330
316
303
288
276
270
267
271
274
277
279
274
263
242
212
174
128
76
23
-30
-82
-127
-167
-201
-232
-259
-283
-307
-330
-354
-375
-397
-416
-433
-445
-453
-456
-454
-447
-438
-428
-419
-413
-409
-408
-410
-410
-407
-393
-373
-343
-303
-254
-197
-136
-70
-2
60
119
169
212
245
271
292
308
323
333
345
355
364
372
380
387
392
395
394
390
379
363
342
322
307
299
301
310
330
354
379
405
428
443
448
439
415
376
324
261
190
117
44
-26
-89
-147
-198
-244
-283
-317
-347
-374
-399
-421
-442
-464
-484
-502
-516
-525
-527
-520
-506
-487
-470
-455
-444
-435
-433
-432
-437
-444
-452
-455
-454
-440
-410
-366
-309
-241
-163
-81
2
82
157
222
274
315
345
369
389
408
430
453
473
490
501
508
512
510
502
483
455
418
373
327
289
265
255
268
293
332
377
423
465
497
515
512
489
443
376
295
204
113
26
-52
-118
-173
-219
-263
-301
-342
-383
-428
-471
-514
-552
-583
-610
-625
-627
-616
-592
-558
-514
-472
-432
-402
-386
-382
-392
-412
-437
-464
-484
-494
-491
-470
-434
-383
-321
-249
-170
-84
1
83
154
214
260
296
326
352
382
412
449
481
509
527
537
540
537
526
506
473
429
373
314
265
232
220
235
272
326
388
451
510
558
590
601
591
559
505
435
352
265
179
100
31
-28
-81
-128
-175
-228
-280
-336
-390
-443
-490
-529
-560
-578
-587
-584
-572
-551
-528
-503
-484
-471
-467
-475
-490
-513
-542
-571
-595
-612
-615
-598
-564
-511
-443
-363
-274
-179
-79
20
112
193
258
303
330
349
364
381
402
425
446
461
469
472
470
466
455
435
400
350
289
225
175
149
156
193
254
333
416
498
564
615
644
645
617
563
484
388
284
182
90
17
-41
-83
-118
-149
-182
-222
-265
-314
-363
-408
-447
-473
-487
-485
-466
-438
-402
-367
-336
-322
-323
-339
-366
-402
-447
-493
-538
-576
-600
-605
-587
-547
-491
-430
-368
-305
-236
-163
-92
-15
62
130
183
224
261
293
330
370
408
434
441
430
404
373
346
323
300
270
232
185
140
110
109
140
203
292
391
484
565
628
675
701
704
681
635
563
466
357
249
149
60
-16
-74
-124
-174
-226
-279
-328
-372
-411
-440
-459
-464
-459
-440
-406
-363
-321
-286
-260
-247
-246
-262
-288
-325
-380
-443
-509
-569
-617
-640
-631
-600
-549
-487
-419
-345
-264
-170
-70
37
136
217
271
303
333
360
389
426
461
481
468
433
388
341
293
250
206
150
80
3
-66
-101
-88
-22
84
221
370
507
622
711
774
802
790
740
652
526
376
225
85
-29
-117
-180
-221
-253
-285
-316
-345
-372
-397
-419
-431
-426
-405
-367
-310
-236
-155
-89
-45
-23
-32
-69
-128
-201
-288
-389
-492
-585
-660
-699
-698
-659
-589
-499
-403
-310
-215
-110
-5
99
201
288
347
378
397
413
423
434
439
423
375
297
207
116
42
-12
-52
-91
-134
-180
-218
-218
-168
-69
74
242
417
576
704
808
886
925
917
863
761
615
435
241
60
-93
-222
-323
-390
-430
-448
-455
-449
-431
-407
-389
-371
-345
-306
-258
-200
-130
-54
14
59
76
67
28
-41
-135
-240
-355
-481
-600
-690
-730
-721
-662
-559
-431
-301
-172
-40
94
227
357
477
561
601
609
594
569
550
536
503
435
338
214
61
-83
-186
-264
-341
-410
-469
-514
-523
-464
-328
-136
94
331
546
729
880
984
1034
1031
966
834
639
409
168
-68
-280
-459
-596
-688
-749
-777
-773
-731
-663
-579
-489
-400
-318
-242
-166
-81
16
111
196
259
285
270
219
132
14
-139
-312
-489
-657
-797
-881
-886
-818
-684
-498
-285
-68
142
352
543
716
867
969
1005
986
933
866
805
739
643
499
319
112
-107
-284
-411
-518
-617
-707
-779
-804
-746
-599
-374
-80
251
562
831
1062
1234
1322
1329
1258
1111
884
589
258
-70
-364
-616
-816
-957
-1052
-1111
-1127
-1083
-976
-834
-678
-526
-382
-242
-117
-6
106
210
271
296
302
276
208
104
-22
-181
-363
-549
-732
-902
-1020
-1059
-1016
-883
-658
-391
-121
161
458
731
980
1208
1383
1451
1416
1323
1203
1078
923
719
483
234
-37
-313
-525
-654
-746
-826
-875
-889
-857
-761
-601
-368
-52
311
651
954
1227
1426
1504
1495
1424
1263
995
638
242
-154
-521
-841
-1095
-1266
-1372
-1433
-1426
-1329
-1168
-968
-750
-527
-299
-77
120
282
417
496
498
455
405
323
185
16
-165
-366
-576
-768
-937
-1076
-1169
-1194
-1137
-974
-718
-429
-129
206
563
892
1192
1480
1703
1775
1724
1611
1473
1291
1018
696
370
39
-316
-647
-871
-1000
-1093
-1143
-1120
-1015
-834
-620
-393
-104
276
658
982
1302
1609
1782
1799
1757
1644
1403
1036
592
118
-350
-776
-1155
-1445
-1620
-1731
-1786
-1729
-1548
-1307
-1054
-786
-491
-200
62
297
498
646
688
629
559
469
299
62
-187
-428
-688
-931
-1119
-1257
-1337
-1362
-1327
-1184
-917
-597
-281
78
484
868
1192
1500
1789
1947
1947
1851
1727
1564
1272
877
490
124
-263
-639
-915
-1066
-1169
-1243
-1233
-1102
-851
-554
-269
49
430
790
1087
1356
1623
1793
1789
1711
1590
1366
1005
543
69
-406
-871
-1276
-1569
-1753
-1858
-1909
-1854
-1652
-1374
-1080
-773
-436
-93
193
432
660
832
888
823
723
627
447
177
-116
-394
-674
-976
-1215
-1363
-1452
-1495
-1462
-1313
-1027
-658
-298
96
541
982
1319
1625
1955
2147
2130
1987
1817
1604
1260
798
361
-27
-426
-832
-1128
-1253
-1331
-1405
-1395
-1241
-950
-601
-259
130
599
1036
1353
1634
1930
2098
2039
1882
1694
1395
959
435
-82
-561
-1028
-1446
-1740
-1893
-1976
-2037
-1989
-1770
-1472
-1159
-825
-456
-71
241
477
712
899
929
829
686
549
329
16
-284
-576
-880
-1190
-1453
-1606
-1677
-1735
-1708
-1526
-1214
-807
-412
50
575
1045
1452
1819
2189
2450
2449
2264
2051
1774
1346
800
290
-118
-568
-1007
-1277
-1373
-1393
-1412
-1349
-1123
-770
-370
44
487
1003
1473
1800
2092
2369
2502
2386
2113
1816
1421
864
246
-328
-845
-1346
-1778
-2044
-2150
-2192
-2194
-2093
-1836
-1466
-1094
-708
-282
127
449
686
910
1078
1072
906
704
492
200
-150
-492
-811
-1146
-1490
-1749
-1893
-1946
-1939
-1860
-1621
-1205
-700
-218
298
884
1407
1783
2104
2473
2691
2603
2314
1996
1652
1140
503
-75
-532
-997
-1449
-1734
-1788
-1736
-1699
-1572
-1264
-773
-217
303
853
1477
2040
2412
2688
2940
3012
2748
2291
1816
1266
591
-145
-798
-1334
-1822
-2222
-2419
-2428
-2360
-2271
-2073
-1702
-1226
-766
-319
144
555
852
1023
1164
1220
1072
777
468
190
-133
-506
-875
-1199
-1541
-1885
-2116
-2225
-2194
-2147
-2003
-1640
-1135
-525
70
683
1320
1860
2253
2592
2885
2983
2758
2306
1900
1435
801
124
-463
-916
-1399
-1798
-1926
-1878
-1775
-1647
-1415
-990
-418
195
797
1398
2035
2579
2910
3169
3334
3211
2763
2152
1550
862
61
-702
-1359
-1901
-2353
-2649
-2730
-2665
-2554
-2388
-2077
-1581
-995
-442
94
609
1005
1235
1344
1387
1286
977
563
193
-122
-461
-827
-1172
-1505
-1842
-2165
-2349
-2385
-2334
-2191
-1921
-1408
-743
-42
643
1300
1908
2386
2689
2932
3120
3017
2614
2058
1557
1023
291
-414
-974
-1467
-1917
-2224
-2241
-2066
-1867
-1600
-1202
-628
110
819
1464
2106
2687
3115
3322
3420
3419
3080
2462
1779
1089
358
-452
-1194
-1784
-2294
-2677
-2860
-2842
-2693
-2505
-2234
-1780
-1180
-534
71
607
1069
1364
1494
1524
1461
1232
806
335
-51
-395
-786
-1185
-1556
-1939
-2354
-2670
-2780
-2727
-2579
-2302
-1791
-1089
-274
512
1208
1870
2386
2688
2853
3008
3049
2754
2213
1722
1258
637
-89
-750
-1273
-1793
-2246
-2416
-2314
-2076
-1796
-1442
-891
-146
628
1332
1977
2602
3086
3322
3447
3510
3310
2776
2074
1384
657
-165
-946
-1606
-2163
-2609
-2875
-2895
-2730
-2515
-2261
-1886
-1352
-724
-144
376
862
1213
1385
1452
1484
1397
1098
676
280
-68
-458
-885
-1309
-1724
-2147
-2533
-2744
-2745
-2604
-2349
-1903
-1236
-386
451
1173
1851
2376
2668
2818
2948
2984
2727
2207
1684
1164
548
-132
-781
-1317
-1820
-2263
-2455
-2363
-2093
-1775
-1427
-892
-190
534
1219
1860
2483
2964
3211
3352
3421
3246
2751
2065
1372
669
-131
-911
-1555
-2076
-2504
-2785
-2807
-2619
-2380
-2108
-1730
-1190
-562
9
500
927
1219
1330
1322
1295
1196
929
542
163
-151
-473
-850
-1246
-1646
-2048
-2437
-2724
-2758
-2591
-2320
-1880
-1227
-412
397
1077
1707
2227
2522
2679
2774
2798
2594
2112
1583
1080
511
-153
-829
-1387
-1859
-2276
-2436
-2287
-1958
-1562
-1178
-697
-70
600
1245
1815
2344
2784
3007
3100
3137
3001
2587
1948
1280
619
-115
-843
-1455
-1946
-2328
-2569
-2600
-2437
-2206
-1928
-1551
-1056
-462
111
592
970
1204
1285
1254
1171
1010
727
362
-6
-304
-581
-883
-1224
-1601
-1976
-2308
-2508
-2517
-2350
-2050
-1576
-920
-131
658
1325
1884
2279
2506
2637
2738
2750
2519
2027
1448
890
270
-413
-1067
-1592
-2046
-2411
-2489
-2245
-1849
-1449
-1029
-531
61
701
1333
1896
2387
2768
2953
3005
2980
2789
2330
1690
1043
418
-253
-926
-1496
-1964
-2355
-2578
-2551
-2362
-2117
-1815
-1401
-869
-280
290
777
1117
1273
1291
1247
1160
975
669
282
-89
-387
-690
-993
-1312
-1675
-2050
-2365
-2472
-2404
-2230
-1912
-1432
-797
-32
734
1369
1890
2258
2459
2585
2732
2806
2539
1975
1380
809
179
-502
-1116
-1618
-2088
-2452
-2471
-2153
-1712
-1308
-947
-486
89
710
1335
1916
2417
2738
2842
2851
2817
2593
2075
1407
801
240
-381
-982
-1473
-1913
-2327
-2586
-2546
-2314
-2056
-1744
-1295
-712
-86
466
899
1193
1285
1216
1117
1058
939
629
228
-119
-412
-723
-1058
-1385
-1717
-2057
-2310
-2336
-2153
-1899
-1631
-1212
-617
103
845
1470
1985
2331
2495
2548
2643
2735
2498
1884
1205
629
-1
-705
-1318
-1748
-2137
-2468
-2459
-2094
-1610
-1201
-842
-417
145
783
1402
1954
2423
2725
2764
2686
2608
2364
1834
1138
521
24
-511
-1059
-1490
-1869
-2277
-2561
-2525
-2236
-1910
-1558
-1088
-517
82
620
1030
1308
1408
1326
1203
1121
1000
699
240
-180
-505
-844
-1182
-1466
-1744
-2029
-2246
-2248
-2032
-1742
-1449
-1055
-482
238
951
1557
2050
2350
2439
2442
2485
2560
2382
1789
1083
473
-133
-800
-1402
-1796
-2104
-2409
-2432
-2055
-1531
-1100
-790
-446
36
621
1255
1835
2318
2662
2715
2587
2493
2313
1851
1188
583
124
-370
-920
-1385
-1792
-2206
-2523
-2541
-2250
-1893
-1553
-1141
-643
-92
443
864
1154
1317
1322
1224
1158
1097
838
342
-165
-522
-820
-1123
-1356
-1543
-1778
-2016
-2116
-1994
-1756
-1490
-1119
-593
116
892
1500
1926
2198
2279
2270
2320
2461
2442
1985
1289
644
35
-598
-1213
-1666
-1988
-2288
-2369
-2080
-1584
-1134
-842
-598
-225
311
935
1536
2041
2438
2578
2472
2364
2242
1900
1313
739
330
-69
-562
-1043
-1493
-1960
-2349
-2495
-2333
-2013
-1699
-1368
-974
-480
74
540
878
1132
1279
1289
1252
1220
1042
596
48
-351
-630
-894
-1131
-1335
-1556
-1795
-1949
-1927
-1753
-1501
-1140
-649
0
772
1409
1758
1938
2042
2080
2158
2383
2539
2258
1615
955
349
-259
-844
-1340
-1724
-2043
-2193
-2043
-1673
-1275
-999
-826
-577
-102
553
1208
1736
2130
2322
2267
2141
2036
1795
1349
864
474
113
-312
-752
-1221
-1743
-2158
-2327
-2248
-2014
-1725
-1429
-1124
-767
-316
148
519
801
993
1098
1162
1175
1038
673
209
-165
-442
-676
-840
-990
-1235
-1520
-1692
-1700
-1591
-1401
-1081
-612
-37
619
1185
1533
1700
1757
1782
1893
2174
2415
2244
1687
1092
542
-25
-554
-979
-1329
-1659
-1858
-1792
-1515
-1204
-1025
-966
-822
-449
120
756
1326
1744
1935
1918
1852
1807
1659
1357
1013
728
443
82
-330
-793
-1322
-1801
-2045
-2007
-1814
-1612
-1430
-1235
-988
-663
-277
101
402
600
723
833
912
848
579
203
-128
-352
-497
-607
-711
-895
-1166
-1404
-1487
-1410
-1255
-1000
-580
-50
499
976
1295
1432
1453
1491
1655
1959
2248
2239
1827
1241
710
236
-227
-620
-892
-1130
-1350
-1397
-1227
-1032
-989
-1026
-950
-676
-212
378
943
1327
1498
1500
1454
1464
1465
1340
1109
910
723
400
-46
-509
-975
-1439
-1740
-1747
-1579
-1448
-1390
-1317
-1189
-967
-624
-218
135
387
561
662
697
647
462
174
-72
-173
-203
-273
-396
-593
-888
-1186
-1327
-1262
-1102
-877
-528
-113
259
572
803
912
939
1054
1340
1721
2069
2177
1868
1273
721
342
47
-206
-366
-511
-760
-979
-1015
-966
-995
-1055
-990
-759
-376
127
602
891
1002
1013
992
1037
1174
1262
1196
1060
914
640
194
-273
-674
-1035
-1287
-1308
-1199
-1179
-1279
-1378
-1400
-1305
-1014
-582
-175
119
311
399
396
356
265
87
-69
-85
-38
-60
-145
-287
-537
-837
-1003
-972
-841
-644
-340
4
276
483
628
674
676
804
1112
1491
1849
2038
1845
1311
768
438
254
123
60
-8
-209
-475
-635
-692
-767
-868
-889
-768
-499
-112
261
485
564
564
529
560
735
945
1014
943
821
608
244
-170
-518
-797
-1004
-1073
-1029
-1027
-1159
-1349
-1488
-1493
-1292
-926
-532
-223
-31
42
23
-19
-49
-90
-113
-57
41
85
58
-30
-196
-388
-497
-479
-385
-250
-54
173
365
524
628
641
590
602
763
1030
1325
1548
1529
1204
745
385
235
253
330
363
266
48
-205
-404
-486
-480
-440
-377
-269
-107
60
169
209
215
205
211
269
369
467
505
476
375
200
-35
-294
-515
-648
-687
-675
-674
-737
-879
-1038
-1127
-1072
-872
-593
-346
-214
-193
-245
-330
-401
-410
-340
-230
-137
-87
-76
-109
-176
-227
-207
-130
-51
3
57
150
296
477
654
770
768
662
563
585
741
948
1073
1024
767
378
40
-69
66
291
430
394
193
-85
-296
-307
-119
137
293
272
139
11
-37
5
104
203
217
109
-43
-120
-83
3
54
4
-155
-373
-554
-612
-544
-427
-363
-396
-509
-626
-675
-612
-444
-247
-127
-129
-212
-318
-411
-459
-443
-384
-336
-308
-285
-257
-236
-231
-230
-216
-161
-57
81
218
322
380
420
480
578
674
728
724
673
602
556
569
619
615
495
274
49
-80
-48
107
276
334
223
10
-171
-180
-3
254
452
478
322
79
-110
-145
-29
143
235
176
-3
-208
-333
-334
-239
-141
-127
-228
-397
-527
-552
-463
-317
-210
-202
-276
-349
-353
-268
-132
-30
-35
-163
-339
-453
-445
-348
-237
-173
-184
-257
-337
-362
-320
-234
-133
-39
38
98
140
172
209
267
344
434
510
548
521
446
361
303
298
323
341
320
247
149
70
54
101
165
203
201
170
131
115
150
224
287
283
210
93
-20
-80
-61
11
64
43
-60
-211
-334
-364
-291
-166
-65
-45
-115
-222
-295
-282
-198
-96
-16
5
-46
-132
-203
-234
-241
-232
-220
-215
-228
-259
-283
-287
-271
-258
-256
-265
-280
-281
-248
-163
-55
33
81
85
75
76
114
189
274
323
313
245
157
95
83
120
188
257
290
261
192
129
106
133
198
274
317
296
231
172
150
167
208
233
216
166
106
69
53
48
22
-38
-120
-188
-208
-176
-111
-46
-17
-31
-74
-111
-116
-84
-29
22
39
10
-56
-136
-208
-241
-224
-173
-120
-92
-106
-150
-192
-217
-221
-207
-198
-203
-217
-214
-180
-130
-70
-11
35
60
74
89
106
115
118
112
94
60
26
4
8
48
120
189
230
230
187
124
92
122
183
225
217
148
53
-24
-36
19
95
149
148
95
19
-42
-72
-83
-87
-102
-128
-154
-165
-148
-114
-73
-37
-17
-14
-24
-26
-18
-7
-1
-13
-54
-119
-177
-199
-174
-109
-33
19
30
11
-17
-40
-43
-38
-36
-46
-57
-50
-34
-9
26
61
87
101
114
120
115
87
47
5
-32
-49
-55
-56
-55
-45
-14
30
86
131
149
137
106
82
63
60
57
38
-1
-48
-68
-64
-31
17
58
81
71
40
2
-33
-56
-69
-70
-73
-79
-87
-89
-74
-44
0
32
49
50
32
15
-1
-15
-41
-78
-108
-116
-95
-48
11
60
88
102
105
103
98
87
72
53
44
43
46
53
57
59
55
54
57
61
51
28
-5
-55
-106
-139
-145
-127
-100
-68
-43
-29
-12
16
54
95
122
122
86
32
-20
-48
-48
-33
-19
-21
-38
-45
-33
-12
8
25
14
-21
-62
-94
-109
-115
-113
-112
-113
-107
-90
-63
-31
-7
2
-9
-31
-50
-65
-73
-71
-59
-38
-8
31
77
118
149
176
194
203
205
203
193
179
163
140
115
95
84
77
68
58
41
7
-29
-58
-83
-116
-154
-191
-223
-235
-214
-165
-108
-66
-43
-41
-40
-19
17
51
62
51
16
-32
-64
-68
-44
-14
13
28
26
18
16
23
32
37
31
6
-36
-78
-101
-109
-102
-86
-79
-82
-89
-93
-95
-92
-86
-84
-87
-82
-63
-33
0
33
66
100
132
169
207
231
242
245
245
248
256
262
257
243
221
196
166
140
117
86
51
14
-22
-60
-98
-127
-153
-174
-188
-189
-181
-164
-143
-130
-129
-135
-141
-141
-129
-106
-78
-55
-46
-47
-63
-84
-93
-75
-36
0
26
26
2
-25
-38
-32
-15
-3
-2
-21
-44
-62
-68
-65
-62
-63
-70
-82
-95
-102
-102
-92
-61
-15
40
97
148
186
207
222
237
251
265
278
293
309
326
336
336
327
312
296
277
258
233
193
136
72
12
-45
-96
-145
-190
-232
-265
-285
-298
-308
-326
-350
-375
-390
-391
-378
-360
-337
-317
-300
-276
-238
-191
-140
-93
-57
-44
-44
-44
-38
-23
-8
2
5
-2
-5
7
38
79
116
139
136
109
68
25
-7
-27
-32
-34
-33
-23
2
43
100
168
223
257
269
264
257
250
249
255
271
296
325
356
375
385
378
361
342
327
308
280
239
184
118
50
-13
-71
-121
-163
-194
-220
-244
-273
-309
-355
-401
-437
-462
-471
-467
-453
-435
-414
-388
-362
-327
-285
-229
-163
-107
-76
-78
-110
-162
-208
-221
-203
-160
-109
-57
-13
23
60
102
142
173
183
171
138
93
53
28
30
58
103
154
206
255
297
328
347
362
369
374
381
396
416
431
441
445
440
436
434
437
439
432
409
371
319
251
178
101
34
-26
-90
-155
-221
-284
-344
-402
-454
-504
-552
-597
-632
-661
-682
-694
-696
-684
-650
-598
-536
-470
-404
-349
-313
-283
-266
-258
-255
-253
-243
-229
-207
-170
-113
-41
35
113
177
221
246
259
266
275
291
308
315
317
311
304
301
308
320
331
338
346
354
364
381
405
433
461
484
499
498
482
463
444
434
429
421
404
380
348
305
254
197
138
79
20
-37
-97
-163
-238
-319
-397
-468
-529
-580
-626
-663
-692
-712
-717
-707
-686
-658
-624
-582
-541
-505
-478
-464
-465
-478
-486
-479
-452
-406
-343
-274
-207
-146
-89
-35
16
70
121
167
203
232
256
282
321
372
427
473
506
517
504
481
461
452
453
462
479
497
513
534
559
585
607
628
644
655
654
635
599
545
484
419
357
307
266
227
185
133
72
-4
-87
-173
-261
-347
-431
-514
-595
-669
-731
-781
-813
-823
-816
-798
-777
-757
-743
-743
-749
-755
-762
-760
-748
-719
-679
-630
-574
-515
-453
-385
-306
-225
-146
-74
-14
33
72
116
163
222
292
366
436
490
529
553
566
580
595
614
627
630
624
607
585
569
562
572
594
624
653
675
688
686
670
645
616
579
534
482
425
362
300
242
192
144
99
49
-6
-68
-136
-209
-288
-367
-444
-514
-575
-619
-647
-668
-686
-698
-710
-725
-743
-759
-774
-789
-801
-810
-816
-814
-798
-770
-727
-673
-613
-554
-503
-458
-414
-369
-319
-259
-189
-116
-39
42
120
195
266
336
401
459
515
559
590
610
624
634
646
665
690
716
737
750
759
762
762
754
744
723
693
663
631
601
570
541
509
472
434
389
339
284
225
160
92
26
-44
-111
-173
-235
-292
-345
-395
-448
-505
-560
-614
-662
-706
-745
-778
-805
-824
-829
-823
-810
-793
-774
-753
-728
-702
-673
-645
-617
-587
-551
-512
-463
-404
-341
-275
-209
-144
-76
-8
65
137
209
279
348
407
453
488
519
545
574
606
637
665
685
703
719
734
744
743
727
698
658
613
564
517
469
423
382
346
318
292
268
243
216
184
146
113
80
51
23
-9
-43
-80
-120
-165
-218
-271
-330
-389
-447
-498
-545
-586
-619
-641
-650
-649
-636
-620
-606
-595
-587
-584
-580
-571
-559
-542
-520
-494
-467
-439
-409
-373
-332
-279
-220
-157
-97
-45
6
50
98
149
200
256
312
365
418
469
514
550
590
628
661
688
701
700
685
665
641
618
599
576
547
510
464
410
353
298
247
203
169
143
126
115
107
95
81
62
39
12
-22
-64
-116
-178
-244
-310
-369
-418
-451
-474
-491
-502
-511
-519
-523
-525
-525
-524
-521
-517
-510
-501
-489
-475
-457
-434
-403
-363
-321
-274
-228
-182
-140
-102
-69
-42
-15
10
37
64
92
123
156
195
236
278
321
360
399
426
443
444
436
424
412
407
399
396
387
371
349
317
285
250
217
183
154
126
96
72
49
33
22
15
12
9
3
-6
-18
-32
-49
-63
-74
-89
-104
-114
-120
-127
-129
-135
-141
-154
-168
-179
-188
-192
-196
-201
-208
-215
-219
-224
-225
-222
-215
-201
-184
-165
-148
-132
-115
-100
-89
-80
-72
-64
-53
-37
-21
2
26
52
75
98
119
137
153
162
165
164
164
165
167
169
172
177
180
179
171
159
144
131
118
108
96
83
73
63
55
44
34
19
0
-16
-35
-54
-76
-98
-119
-134
-144
-146
-141
-135
-126
-113
-103
-94
-86
-82
-82
-83
-82
-81
-74
-66
-57
-48
-41
-30
-19
-3
15
32
48
56
61
62
59
56
54
54
54
60
70
85
100
113
124
131
136
139
139
134
126
109
90
70
51
33
15
-3
-19
-37
-58
-76
-96
-112
-125
-134
-139
-143
-149
-154
-158
-159
-156
-151
-144
-141
-138
-136
-130
-121
-111
-103
-99
-93
-88
-77
-65
-52
-41
-31
-25
-18
-5
8
26
48
70
92
114
136
157
177
197
215
231
246
256
262
262
258
248
234
219
205
190
175
164
154
147
141
132
127
116
104
92
79
64
47
30
11
-10
-30
-52
-76
-100
-123
-147
-171
-194
-219
-241
-264
-282
-296
-309
-317
-324
-330
-332
-332
-327
-319
-307
-298
-286
-276
-263
-246
-226
-204
-184
-162
-141
-121
-101
-87
-76
-65
-54
-42
-31
-19
-5
14
37
64
93
126
159
194
232
270
307
340
368
388
404
417
426
431
437
440
442
444
445
444
439
432
424
412
399
384
365
339
311
278
242
204
165
122
80
35
-12
-54
-98
-142
-183
-226
-271
-312
-355
-395
-434
-470
-502
-531
-554
-572
-584
-593
-599
-598
-594
-585
-569
-550
-530
-505
-479
-451
-420
-386
-357
-325
-293
-262
-230
-193
-153
-114
-71
-29
13
59
106
155
206
255
301
345
382
414
446
475
502
528
551
571
591
610
627
640
649
651
648
640
631
617
601
580
553
522
489
451
411
369
325
277
227
173
117
61
3
-53
-110
-165
-221
-275
-327
-376
-423
-470
-514
-557
-595
-631
-663
-690
-714
-732
-744
-746
-741
-730
-717
-704
-689
-673
-649
-624
-591
-561
-531
-499
-464
-423
-379
-327
-274
-217
-159
-101
-39
25
89
153
212
266
317
369
418
465
512
557
597
633
671
706
736
767
794
818
836
849
855
854
847
832
811
782
748
708
664
619
571
518
464
404
345
281
213
139
63
-17
-97
-175
-253
-331
-406
-477
-547
-609
-670
-722
-770
-811
-847
-878
-905
-924
-937
-943
-942
-936
-924
-910
-891
-864
-835
-799
-759
-712
-662
-605
-545
-483
-418
-350
-278
-204
-130
-58
12
80
147
217
287
353
418
480
539
593
645
691
731
766
798
827
850
871
889
902
910
915
911
902
887
868
846
819
786
747
703
655
605
554
501
447
391
331
268
201
130
58
-15
-90
-164
-239
-313
-384
-458
-527
-593
-651
-703
-745
-781
-815
-846
-877
-903
-923
-936
-941
-940
-932
-921
-906
-887
-864
-835
-797
-753
-703
-647
-587
-530
-470
-409
-348
-284
-215
-145
-73
1
70
135
204
268
329
391
449
504
558
610
656
699
737
766
788
807
820
832
843
847
842
834
818
799
777
753
727
695
659
619
573
523
469
414
356
298
237
172
108
41
-26
-93
-161
-229
-295
-357
-417
-468
-519
-565
-609
-651
-689
-721
-746
-767
-785
-798
-806
-807
-802
-789
-770
-745
-716
-683
-643
-600
-551
-499
-449
-393
-337
-278
-217
-155
-93
-29
36
97
156
216
271
322
370
415
455
493
526
553
581
603
618
630
639
644
645
644
639
631
616
597
576
556
535
511
486
457
424
390
350
311
270
228
186
139
92
47
-1
-48
-94
-138
-183
-226
-269
-309
-347
-385
-422
-459
-494
-529
-560
-588
-612
-631
-646
-655
-660
-661
-658
-651
-639
-622
-601
-576
-545
-512
-478
-440
-397
-349
-299
-246
-187
-127
-67
-6
51
106
160
211
259
307
352
396
436
471
500
527
548
565
581
591
596
599
598
590
582
566
546
525
499
472
442
412
376
342
304
265
226
186
142
103
63
24
-13
-45
-77
-107
-136
-164
-191
-214
-236
-256
-275
-299
-320
-341
-361
-377
-392
-405
-417
-425
-431
-435
-435
-433
-428
-424
-417
-408
-397
-383
-364
-339
-311
-280
-247
-211
-174
-134
-95
-57
-20
15
50
85
118
149
180
210
238
262
286
304
322
337
352
365
378
384
390
390
385
379
370
356
342
328
308
285
260
233
206
180
155
131
107
82
55
30
6
-17
-37
-58
-77
-92
-106
-117
-125
-133
-141
-149
-159
-167
-170
-173
-175
-175
-176
-179
-181
-182
-180
-179
-177
-176
-176
-176
-174
-172
-168
-165
-160
-155
-149
-141
-132
-122
-111
-100
-92
-82
-73
-61
-49
-37
-24
-10
4
16
28
43
57
73
87
100
110
119
125
129
133
135
133
131
125
116
106
97
86
74
65
52
42
29
19
8
-1
-8
-15
-18
-19
-20
-22
-23
-23
-24
-21
-18
-16
-13
-9
-3
2
9
16
23
27
33
41
48
55
61
68
74
83
92
100
107
111
114
116
116
112
108
100
90
82
73
63
52
38
25
12
0
-11
-24
-35
-45
-55
-64
-71
-76
-81
-84
-83
-84
-81
-79
-80
-79
-80
-83
-85
-86
-89
-92
-93
-96
-97
-100
-102
-105
-107
-110
-108
-105
-103
-97
-93
-90
-86
-83
-78
-74
-66
-61
-57
-52
-47
-42
-35
-28
-21
-15
-5
4
14
23
32
40
47
57
72
88
104
119
132
144
154
165
174
180
183
186
187
187
185
180
171
161
152
141
131
121
112
100
88
75
64
53
41
31
22
14
6
-2
-14
-27
-41
-54
-66
-78
-89
-104
-118
-130
-142
-153
-163
-170
-175
-177
-176
-173
-171
-169
-165
-161
-155
-151
-144
-137
-131
-124
-118
-111
-104
-97
-89
-81
-74
-65
-56
-47
-34
-23
-9
5
22
39
57
73
91
109
126
139
152
163
174
182
188
191
191
191
189
186
178
170
159
148
136
125
113
100
89
80
73
63
55
45
34
21
7
-4
-17
-26
-34
-45
-55
-64
-73
-82
-87
-90
-93
-94
-98
-98
-99
-98
-96
-94
-89
-87
-82
-78
-73
-69
-65
-62
-58
-54
-53
-50
-51
-52
-56
-60
-64
-70
-72
-76
-76
-74
-68
-60
-51
-39
-25
-10
4
21
37
53
69
85
98
111
120
125
128
129
130
133
131
129
122
116
107
99
92
83
74
67
60
53
45
36
24
13
1
-14
-25
-39
-53
-67
-82
-100
-117
-129
-142
-152
-160
-164
-165
-160
-156
-150
-141
-131
-121
-107
-93
-79
-63
-48
-31
-13
2
15
28
39
48
57
62
63
64
60
58
58
61
62
65
66
70
72
79
88
96
103
108
113
116
123
128
131
134
132
128
122
115
107
98
90
80
72
66
59
53
48
43
37
31
23
14
7
-2
-12
-22
-34
-49
-63
-77
-92
-108
-124
-141
-159
-176
-193
-205
-216
-224
-232
-236
-237
-235
-227
-215
-201
-183
-164
-143
-122
-98
-76
-53
-32
-12
7
24
37
47
54
61
65
70
73
73
75
75
75
77
80
83
90
96
101
105
109
114
119
122
126
128
127
125
122
119
115
111
106
104
101
99
97
94
92
89
86
81
77
75
74
72
71
68
64
58
52
42
32
19
5
-10
-28
-48
-69
-91
-112
-132
-149
-165
-181
-191
-202
-207
-206
-205
-201
-194
-186
-177
-164
-151
-135
-118
-100
-82
-63
-46
-28
-13
2
14
25
34
42
51
60
68
75
82
87
94
99
105
111
115
117
117
116
112
104
99
90
83
74
65
55
45
33
22
12
3
-7
-14
-25
-33
-40
-45
-51
-53
-53
-53
-48
-44
-37
-32
-27
-23
-20
-15
-13
-13
-15
-19
-25
-30
-34
-38
-43
-48
-54
-56
-58
-59
-60
-58
-57
-56
-52
-48
-42
-36
-27
-17
-6
7
18
30
41
49
59
69
78
85
93
98
100
105
107
109
109
108
104
101
99
96
91
85
78
72
65
59
53
49
42
35
27
16
4
-8
-22
-35
-48
-60
-69
-79
-88
-97
-102
-107
-110
-113
-116
-117
-116
-116
-113
-111
-109
-105
-101
-96
-88
-78
-70
-62
-55
-48
-42
-36
-31
-28
-26
-22
-21
-18
-14
-10
-6
0
5
11
17
24
31
39
46
57
68
77
86
93
98
102
108
115
119
123
124
123
120
118
116
113
108
105
99
92
85
79
72
63
54
42
31
19
5
-7
-21
-33
-46
-60
-74
-83
-93
-101
-107
-113
-117
-120
-123
-124
-121
-119
-116
-113
-111
-106
-103
-95
-89
-81
-74
-64
-53
-44
-34
-26
-18
-14
-8
0
5
11
16
21
26
33
42
50
59
68
76
83
87
93
97
99
98
96
92
87
83
78
71
64
55
48
41
37
33
29
25
22
18
16
13
11
10
7
4
0
-5
-11
-17
-23
-28
-35
-39
-46
-52
-56
-61
-65
-69
-74
-78
-81
-82
-82
-82
-83
-81
-78
-73
-66
-58
-50
-41
-33
-26
-19
-12
-5
1
5
8
14
16
21
23
26
28
29
33
36
40
44
47
51
57
63
68
71
73
74
74
74
73
72
67
63
57
51
43
37
30
25
19
13
6
2
-4
-9
-12
-19
-23
-29
-35
-41
-43
-48
-50
-52
-56
-58
-60
-63
-63
-62
-60
-61
-62
-63
-63
-62
-61
-58
-56
-52
-49
-41
-34
-27
-19
-11
-3
6
11
19
24
28
32
35
39
42
45
47
50
54
58
62
65
69
71
73
74
76
77
76
75
72
69
63
59
56
50
46
40
35
29
23
17
12
5
0
-4
-10
-14
-19
-23
-25
-28
-32
-36
-40
-46
-52
-56
-59
-63
-67
-72
-78
-81
-83
-86
-87
-90
-91
-92
-94
-94
-94
-92
-90
-85
-79
-72
-64
-57
-47
-38
-29
-19
-11
-3
4
13
19
26
31
36
41
44
48
51
56
60
66
71
76
81
85
88
91
94
96
96
96
96
94
91
87
82
76
70
62
55
49
44
36
29
22
14
9
3
-3
-8
-10
-13
-16
-20
-22
-24
-26
-28
-31
-33
-35
-37
-40
-41
-44
-46
-48
-50
-52
-54
-56
-59
-64
-67
-70
-70
-70
-68
-66
-66
-63
-58
-52
-47
-42
-37
-32
-27
-22
-18
-13
-11
-6
-3
1
6
12
17
23
31
36
41
48
53
57
61
64
66
67
65
64
62
61
59
56
52
49
46
43
38
34
30
25
21
16
12
9
7
4
1
-1
-4
-7
-9
-11
-14
-16
-16
-17
-18
-18
-21
-23
-25
-26
-29
-30
-31
-31
-33
-34
-34
-34
-32
-31
-30
-29
-28
-27
-29
-29
-28
-29
-30
-31
-31
-32
-32
-33
-34
-34
-32
-29
-26
-21
-15
-8
-1
6
13
22
28
33
40
47
51
54
55
56
54
53
53
51
48
45
40
34
28
22
17
11
7
2
-1
-4
-6
-9
-12
-12
-13
-13
-13
-12
-11
-12
-13
-16
-19
-22
-23
-26
-27
-29
-29
-30
-29
-26
-21
-17
-15
-11
-8
-6
-1
0
4
7
10
13
15
17
19
19
20
20
19
20
19
19
16
13
10
9
9
10
9
8
7
6
9
13
17
21
27
30
32
33
35
34
34
34
33
32
30
28
25
22
18
13
9
7
4
-1
-4
-7
-11
-15
-18
-20
-24
-25
-25
-27
-31
-34
-38
-43
-46
-49
-52
-54
-56
-59
-57
-56
-53
-48
-46
-42
-38
-34
-31
-29
-26
-25
-23
-20
-19
-15
-14
-11
-8
-8
-5
-3
-2
1
2
4
5
10
12
13
15
17
18
20
23
23
24
25
25
26
27
29
28
28
27
27
26
26
26
26
26
27
27
28
26
25
23
21
18
16
14
14
13
11
8
7
5
3
0
-4
-7
-10
-13
-16
-17
-19
-18
-17
-15
-10
-7
-3
2
7
15
19
23
24
25
25
23
22
20
18
17
15
14
15
15
15
14
13
10
7
5
1
-2
-4
-7
-11
-11
-13
-14
-14
-17
-18
-16
-16
-17
-18
-19
-20
-21
-23
-26
-26
-26
-28
-27
-27
-26
-24
-23
-23
-21
-18
-14
-11
-9
-6
-2
0
1
1
2
1
-1
-3
-6
-10
-10
-12
-14
-15
-17
-16
-16
-15
-13
-12
-11
-11
-10
-8
-5
-2
1
5
10
12
16
19
22
24
25
26
28
30
29
30
29
27
26
25
24
22
21
19
18
17
15
12
9
8
6
4
1
-2
-4
-9
-11
-14
-15
-16
-18
-18
-17
-17
-16
-15
-14
-12
-10
-8
-6
-6
-8
-9
-8
-8
-9
-10
-12
-13
-15
-16
-15
-14
-13
-12
-12
-9
-8
-3
-1
-1
3
4
7
7
8
10
13
14
15
17
19
20
22
24
26
28
27
29
29
31
31
32
32
32
34
35
35
36
36
36
36
35
34
31
27
22
17
12
7
1
-5
-12
-18
-23
-26
-30
-33
-38
-40
-42
-43
-45
-45
-44
-45
-43
-41
-41
-38
-37
-36
-37
-37
-37
-36
-36
-35
-34
-33
-32
-30
-29
-24
-21
-16
-13
-10
-7
-4
-1
1
4
6
6
7
6
6
6
6
6
6
8
9
10
11
14
14
15
17
19
22
23
26
28
31
33
33
36
37
38
39
39
39
37
35
33
32
29
27
23
20
20
17
17
14
12
10
6
4
2
1
-1
-5
-7
-11
-13
-17
-21
-24
-25
-28
-31
-35
-37
-40
-42
-43
-44
-43
-41
-37
-34
-31
-28
-25
-22
-19
-15
-13
-8
-4
-2
2
7
10
13
15
19
22
25
27
30
31
31
31
30
29
28
28
28
28
28
29
27
28
27
26
25
23
20
18
15
12
7
2
-2
-5
-8
-12
-15
-18
-20
-23
-24
-24
-24
-25
-23
-22
-20
-19
-19
-19
-19
-18
-18
-17
-19
-20
-21
-24
-25
-27
-29
-29
-30
-28
-27
-24
-22
-20
-18
-18
-17
-16
-13
-10
-6
-4
-2
-1
2
5
6
8
11
12
14
15
16
16
18
19
19
21
24
26
27
29
32
34
36
37
38
37
37
38
36
34
32
31
29
26
26
26
25
22
20
17
15
12
10
6
4
1
-3
-5
-7
-9
-12
-14
-16
-16
-17
-19
-20
-22
-23
-24
-26
-28
-30
-32
-35
-35
-36
-38
-38
-40
-42
-40
-42
-42
-41
-39
-36
-34
-33
-29
-26
-24
-20
-14
-10
-6
-2
2
6
9
12
14
17
20
22
25
25
26
26
27
28
28
30
32
32
31
30
28
28
27
24
24
22
22
21
20
20
18
16
15
12
10
7
5
3
1
-3
-5
-9
-14
-15
-17
-18
-19
-19
-19
-19
-18
-19
-16
-13
-10
-7
-5
-2
0
2
4
5
5
6
6
5
4
4
1
-1
-4
-7
-11
-13
-14
-16
-16
-15
-17
-17
-15
-12
-10
-7
-5
-3
0
2
3
6
8
10
11
13
14
14
13
11
11
