6
5
4
3
3
2
4
7
7
8
7
6
5
5
4
4
5
7
7
6
5
2
2
1
3
4
5
6
5
4
3
3
4
4
4
5
4
5
5
3
2
2
3
2
2
3
3
3
2
1
0
1
2
4
5
4
3
1
1
1
2
4
6
4
5
6
5
4
4
5
7
8
9
9
8
7
6
5
4
3
2
1
0
-2
-3
-4
-5
-5
-7
-7
-8
-9
-11
-13
-14
-13
-13
-12
-12
-13
-14
-14
-17
-20
-21
-22
-22
-22
-22
-23
-24
-23
-24
-23
-21
-20
-19
-17
-15
-13
-10
-9
-7
-6
-5
-5
-2
-1
-1
-1
-1
0
0
1
1
0
0
0
1
2
1
1
2
2
3
4
5
6
8
9
11
13
15
15
16
15
15
16
17
18
17
17
18
19
19
20
20
21
20
20
20
17
16
14
13
13
13
13
14
12
11
7
7
7
6
6
6
4
2
0
-1
-4
-3
-3
-2
-1
-2
-1
-3
-4
-4
-3
-2
-1
0
1
1
1
1
0
1
1
3
3
2
2
2
3
5
5
5
5
5
5
5
4
3
1
0
-3
-3
-3
-3
-3
-4
-7
-9
-10
-9
-11
-11
-12
-12
-12
-13
-16
-18
-20
-19
-19
-19
-21
-23
-24
-26
-25
-24
-20
-18
-19
-18
-16
-14
-13
-9
-7
-5
-3
-2
-3
-4
-5
-4
-4
-2
-1
1
1
-1
-2
-1
1
3
6
6
7
8
7
7
7
7
7
5
6
6
5
5
5
6
6
5
8
8
10
11
10
7
6
6
4
4
4
3
3
1
0
1
1
1
4
5
5
5
4
3
3
2
1
0
1
3
3
3
2
0
-1
-1
-1
0
1
2
3
3
2
0
0
0
0
2
3
3
3
2
4
8
11
14
16
17
17
15
15
14
13
12
10
7
5
2
0
0
1
2
4
3
3
5
7
12
14
16
16
15
15
14
12
10
7
5
2
-1
-4
-8
-12
-15
-18
-19
-19
-21
-20
-20
-21
-21
-19
-18
-17
-16
-15
-14
-14
-13
-14
-15
-15
-14
-14
-15
-16
-16
-18
-19
-19
-19
-16
-15
-12
-10
-9
-9
-7
-6
-6
-4
-2
1
4
5
6
5
5
5
5
7
11
14
15
15
14
14
13
14
17
20
20
21
20
18
19
18
17
17
16
17
16
12
9
4
1
0
1
1
-1
-3
-6
-7
-9
-10
-11
-10
-9
-8
-7
-8
-9
-10
-11
-11
-10
-8
-6
-5
-4
-6
-6
-7
-8
-7
-6
-4
-2
-2
-2
-4
-4
-3
-2
0
2
4
6
7
7
7
8
10
11
12
13
14
13
13
12
11
12
11
10
10
10
7
4
3
3
5
8
9
10
9
9
7
5
3
2
0
-2
-3
-4
-5
-9
-11
-14
-13
-13
-11
-10
-10
-9
-10
-10
-11
-10
-8
-7
-5
-5
-6
-9
-11
-13
-14
-15
-15
-15
-15
-17
-15
-17
-15
-13
-11
-7
-4
-2
-1
0
1
2
5
6
8
10
10
11
10
11
11
12
15
15
16
16
15
15
14
13
13
12
11
11
11
9
7
5
3
2
1
2
3
4
4
3
0
-2
-4
-4
-4
-3
-4
-6
-8
-11
-12
-12
-11
-11
-11
-9
-8
-8
-9
-8
-6
-4
-2
1
2
1
-1
-1
-2
0
0
2
3
3
4
3
3
3
4
4
6
7
7
7
5
2
0
-1
-1
-2
-2
-2
-3
-3
-4
-5
-4
-4
-2
-1
0
0
0
0
2
2
4
3
3
3
2
-1
-4
-6
-4
-2
-2
-2
-3
-5
-9
-10
-10
-9
-8
-7
-5
-6
-5
-5
-5
-4
-1
2
6
7
9
7
7
8
9
12
13
14
14
12
11
8
6
8
8
10
9
10
10
7
5
3
6
7
9
11
10
10
7
4
3
2
1
2
0
-2
-5
-7
-8
-9
-8
-7
-7
-6
-7
-7
-9
-10
-11
-10
-12
-13
-12
-11
-11
-12
-12
-12
-11
-7
-5
-3
-1
0
0
0
0
1
3
4
7
7
6
4
4
3
5
6
8
8
7
7
5
4
3
2
2
3
3
2
2
1
-2
-2
-2
-2
-1
1
2
0
-3
-4
-6
-6
-6
-7
-7
-10
-13
-15
-17
-18
-19
-16
-15
-15
-14
-16
-18
-19
-18
-15
-12
-9
-8
-7
-8
-8
-7
-2
1
2
5
9
9
10
10
10
10
10
13
16
17
16
15
13
13
15
14
16
17
17
18
16
13
11
9
9
12
13
14
12
10
8
7
8
9
11
12
11
10
5
1
0
-2
-3
-3
-2
-3
-4
-6
-8
-8
-7
-7
-8
-5
-3
-1
-2
-3
-4
-4
-3
-1
3
4
4
4
2
1
3
4
4
5
4
3
0
-3
-3
-2
-2
-3
-1
-1
-1
-2
-4
-5
-5
-7
-9
-9
-9
-10
-12
-10
-10
-10
-9
-11
-8
-7
-7
-8
-10
-10
-10
-9
-8
-10
-11
-12
-12
-13
-15
-14
-14
-11
-11
-10
-8
-9
-10
-11
-11
-8
-4
-1
1
2
0
1
2
5
8
11
12
13
12
10
10
11
12
12
13
11
12
12
11
13
13
15
17
20
21
21
19
20
20
21
22
19
19
17
14
12
11
10
10
9
8
6
5
3
1
2
1
1
-1
-3
-5
-7
-8
-9
-10
-12
-14
-15
-17
-17
-19
-20
-21
-23
-24
-21
-20
-19
-17
-15
-15
-14
-13
-14
-14
-13
-12
-12
-12
-14
-15
-16
-14
-12
-10
-9
-8
-9
-7
-7
-4
-2
0
2
5
7
7
8
8
10
9
10
13
12
12
11
9
8
7
9
9
10
10
11
10
10
10
13
13
14
14
12
11
8
7
3
2
0
1
0
2
2
0
0
-2
-1
-1
-1
2
2
2
1
0
-4
-5
-4
-5
-5
-2
-2
-3
-6
-7
-5
-4
0
4
7
7
8
7
7
9
11
13
13
13
11
10
9
8
7
7
8
6
5
2
0
-1
-1
-1
-1
0
2
2
2
2
0
-1
-3
-2
-2
-1
0
-1
-3
-3
-4
-5
-5
-5
-5
-6
-6
-8
-8
-8
-9
-9
-10
-10
-8
-8
-11
-11
-13
-12
-11
-9
-7
-7
-10
-9
-9
-9
-8
-9
-8
-8
-8
-7
-6
-5
-5
-5
-3
-2
-3
-1
-1
-1
-2
0
-1
1
0
0
1
1
2
3
3
4
2
0
0
0
0
2
1
1
0
-2
-4
-4
-2
-2
-1
-1
0
0
0
2
5
6
9
9
7
6
5
4
4
4
6
7
6
7
6
6
8
9
11
11
10
9
9
10
9
8
7
8
8
7
8
7
5
6
6
7
6
7
7
6
6
9
10
10
9
8
7
5
6
3
3
2
1
-1
-2
-3
-3
-4
-3
-3
-2
-3
-3
-5
-4
-3
-2
-2
-5
-8
-11
-14
-14
-17
-18
-18
-18
-20
-21
-18
-16
-15
-11
-8
-6
-4
-1
0
-4
-1
0
2
3
2
2
0
-1
-1
-2
-1
-2
-3
-2
-4
-4
-1
2
3
4
7
6
7
9
9
12
10
10
8
7
5
2
1
-1
-2
-2
-3
-6
-9
-9
-9
-8
-7
-6
-6
-6
-6
-7
-7
-5
-4
-5
-4
-3
-4
-4
-3
-2
-2
-2
-2
-1
-2
-1
-2
-3
-3
-3
-1
1
2
3
3
2
1
1
0
0
-1
0
1
0
1
1
3
2
5
9
11
12
14
16
16
16
19
18
17
17
16
15
13
10
9
5
4
4
6
7
6
6
3
1
0
-1
0
-2
-2
-3
-7
-9
-11
-11
-10
-9
-7
-7
-7
-7
-9
-11
-11
-9
-8
-8
-7
-8
-7
-6
-6
-7
-8
-7
-5
-5
-2
-1
0
0
-1
1
2
4
6
7
8
7
6
8
9
11
14
16
14
15
15
13
12
12
12
9
7
7
7
2
-3
-5
-4
-5
-7
-6
-7
-11
-13
-14
-17
-18
-18
-16
-15
-12
-8
-10
-12
-14
-14
-13
-11
-10
-7
-7
-8
-10
-12
-11
-8
-6
-4
-3
-4
-6
-5
-4
-3
-2
0
2
5
7
8
10
9
9
12
14
16
19
21
22
20
17
15
14
12
12
13
11
9
6
2
1
-1
-2
-1
1
0
0
-2
-4
-6
-6
-7
-7
-7
-8
-10
-14
-17
-19
-19
-18
-14
-13
-11
-11
-11
-14
-12
-9
-6
-2
0
1
0
-4
-3
-5
-5
-2
0
1
-1
0
0
-2
0
3
7
11
12
15
16
17
17
18
20
16
18
18
17
17
14
13
10
8
9
10
13
14
15
15
14
13
10
11
12
10
12
12
8
6
2
4
1
2
2
-2
-5
-7
-9
-12
-12
-11
-13
-13
-14
-14
-16
-17
-15
-16
-17
-15
-10
-9
-10
-9
-9
-9
-8
-7
-6
-7
-4
-3
-3
-3
-2
0
0
2
4
6
7
6
6
5
5
4
3
3
2
-1
-3
-6
-9
-9
-9
-9
-7
-5
-7
-6
-6
-6
-7
-8
-7
-10
-12
-15
-15
-18
-19
-20
-21
-20
-18
-17
-16
-19
-19
-20
-19
-19
-17
-15
-13
-12
-8
-7
-5
-4
-2
3
6
9
10
11
13
15
15
16
17
22
23
24
24
24
22
19
19
17
16
15
13
12
9
9
9
8
11
12
17
22
22
28
29
30
31
32
35
32
33
31
28
26
22
21
20
18
19
17
16
13
10
7
4
2
0
-2
-3
-6
-8
-13
-18
-19
-22
-25
-25
-25
-30
-35
-39
-41
-44
-43
-37
-35
-33
-30
-27
-24
-21
-15
-10
-4
-1
4
7
10
10
12
14
14
16
17
17
18
15
15
13
13
13
11
12
15
16
15
17
18
18
20
24
23
23
22
19
15
9
7
3
0
-1
-2
-5
-11
-12
-13
-17
-20
-23
-29
-33
-41
-48
-55
-60
-64
-68
-71
-75
-77
-81
-84
-87
-88
-89
-88
-86
-86
-87
-84
-81
-78
-72
-67
-61
-54
-47
-40
-32
-21
-9
4
15
24
34
42
54
68
81
95
106
117
124
131
137
144
150
157
164
167
167
169
172
172
172
171
170
167
162
157
146
136
121
110
100
89
83
74
64
54
44
35
25
21
18
14
8
-5
-20
-40
-61
-80
-99
-118
-140
-164
-190
-220
-246
-268
-285
-297
-309
-321
-331
-342
-350
-356
-360
-362
-358
-351
-344
-334
-319
-302
-278
-245
-208
-168
-130
-88
-44
-8
29
64
97
133
169
206
237
267
294
316
340
361
383
402
421
438
448
451
449
442
435
425
419
413
406
398
382
361
338
312
290
273
261
246
229
208
177
142
112
87
70
55
36
8
-29
-76
-128
-178
-220
-256
-289
-325
-368
-421
-474
-524
-567
-601
-625
-643
-663
-688
-715
-738
-754
-755
-744
-725
-704
-678
-649
-622
-589
-546
-486
-414
-330
-243
-160
-85
-13
55
123
195
273
355
432
498
550
584
607
633
670
716
763
800
814
802
771
741
719
709
712
716
702
666
611
549
491
453
436
422
406
378
336
276
217
169
134
108
86
61
27
-24
-84
-151
-221
-279
-322
-354
-388
-428
-480
-545
-614
-679
-728
-764
-786
-800
-822
-857
-901
-942
-969
-974
-955
-924
-894
-866
-837
-801
-757
-692
-603
-494
-378
-268
-171
-87
-12
67
157
254
350
442
528
610
674
719
753
783
827
884
936
965
974
968
939
894
858
840
838
835
817
766
689
601
519
463
437
434
428
398
352
290
230
185
157
144
133
120
91
43
-15
-81
-155
-223
-269
-302
-346
-401
-460
-529
-609
-696
-766
-819
-859
-886
-911
-946
-999
-1058
-1103
-1119
-1113
-1092
-1066
-1045
-1023
-1001
-970
-917
-837
-721
-587
-449
-324
-226
-134
-29
94
221
325
414
506
598
670
705
721
740
788
856
915
967
1004
1016
986
927
884
862
864
874
862
811
727
640
560
503
493
509
521
498
442
376
307
263
242
237
226
196
167
134
87
37
-12
-56
-113
-169
-220
-281
-354
-435
-518
-607
-694
-773
-842
-898
-938
-969
-1005
-1053
-1101
-1133
-1145
-1146
-1137
-1119
-1088
-1054
-1025
-988
-931
-843
-721
-577
-426
-302
-200
-78
65
205
320
416
511
606
687
744
765
779
821
896
967
1014
1053
1078
1074
1035
996
970
952
950
933
880
787
683
597
539
505
493
499
502
468
393
313
260
232
216
201
171
127
87
43
-8
-57
-93
-126
-173
-227
-290
-367
-454
-538
-619
-709
-803
-882
-938
-974
-997
-1015
-1039
-1064
-1086
-1105
-1112
-1109
-1111
-1102
-1069
-1024
-993
-951
-882
-799
-698
-571
-426
-291
-155
-10
132
254
366
468
552
618
683
732
750
764
801
861
913
941
950
951
942
910
883
884
898
881
826
742
642
549
476
426
393
376
378
370
330
265
209
178
159
149
143
114
72
43
31
1
-45
-84
-115
-142
-161
-180
-227
-301
-372
-448
-545
-648
-726
-772
-796
-808
-843
-892
-912
-921
-934
-933
-901
-878
-875
-842
-798
-786
-778
-721
-637
-539
-392
-221
-102
-36
58
191
323
435
518
582
651
703
726
723
713
723
771
846
883
876
860
833
794
758
742
749
745
714
646
549
467
398
337
260
194
198
221
206
165
152
168
144
88
56
46
34
29
40
29
-1
-44
-113
-180
-224
-243
-257
-289
-394
-449
-333
-370
-702
-1022
-1056
-997
-1076
-1178
-1192
-1034
-892
-1144
-1550
-1551
-1138
-865
-925
-934
-796
-653
-652
-626
-288
250
626
699
722
915
1124
1114
1000
1029
1123
1038
791
600
523
485
410
295
248
365
463
327
109
77
174
179
156
277
450
518
522
519
521
602
795
940
1010
1088
1057
893
727
598
415
186
62
-61
-240
-364
-445
-578
-771
-916
-1028
-1108
-1075
-998
-981
-933
-787
-700
-744
-704
-528
-413
-426
-399
-293
-274
-369
-478
-565
-712
-875
-906
-898
-943
-946
-871
-766
-641
-454
-275
-87
189
382
657
1333
2103
2383
2265
2099
1602
822
399
371
404
609
907
625
-127
-619
-980
-1432
-1438
-856
-329
106
754
1106
916
727
773
827
1001
1509
2008
2223
2121
1652
879
40
-598
-964
-1047
-970
-879
-899
-1159
-1573
-1879
-1872
-1656
-1280
-732
-216
63
114
82
-77
-281
-283
-186
-136
-118
-178
-460
-843
-1125
-1399
-1572
-1542
-1349
-1081
-907
-904
-977
-916
-875
-667
-43
501
863
1368
1651
1268
1307
2489
3363
3228
2768
1995
713
-326
-758
-1180
-935
302
748
-247
-1044
-1042
-1412
-1716
-986
-52
633
1622
2533
2426
1898
1591
1175
968
1330
1765
1871
1951
1640
579
-532
-1333
-1884
-2034
-1720
-1345
-1091
-941
-1062
-1247
-1314
-1314
-1130
-588
39
340
524
562
103
-568
-834
-770
-827
-779
-524
-548
-890
-1251
-1498
-1723
-1692
-1260
-815
-451
-245
-360
-675
-964
-1167
-1146
-661
197
903
1265
1365
1343
1639
2297
2861
2877
2479
1766
685
-238
-724
-684
-117
469
483
-78
-606
-1026
-1268
-1100
-717
-189
626
1590
2089
2061
1854
1448
1093
1122
1415
1638
1910
2086
1534
491
-509
-1369
-1972
-1938
-1520
-1227
-881
-605
-819
-1224
-1352
-1339
-1189
-688
-94
387
703
659
216
-331
-669
-930
-913
-675
-497
-496
-657
-1010
-1591
-1878
-1848
-1623
-1226
-765
-575
-849
-1115
-1360
-1421
-709
358
1161
1535
1732
1536
1295
1837
2109
2133
2677
2984
1764
114
-425
-1084
-1454
-802
-447
-433
247
656
-424
-924
-332
-452
-398
898
2165
2463
2793
2894
2082
1473
1289
886
607
841
843
417
184
-313
-1120
-1533
-1634
-1830
-1673
-917
-454
-257
-87
-277
-653
-813
-779
-582
2
311
120
52
-68
-523
-1009
-1137
-1192
-1123
-802
-596
-581
-879
-1313
-1538
-1577
-1559
-1398
-953
-738
-987
-1233
-1445
-1169
-590
-198
247
707
737
545
1444
2721
3435
3886
3486
1844
55
-866
-1713
-1924
-496
818
1024
854
388
-733
-1559
-1612
-1661
-1080
708
2703
3788
3987
3534
2327
1136
600
481
806
1513
1855
1446
891
107
-1048
-1893
-2184
-2166
-1680
-772
-201
153
386
-31
-734
-938
-841
-616
111
715
739
496
82
-557
-1242
-1513
-1591
-1491
-1094
-773
-756
-1026
-1319
-1588
-1833
-1847
-1626
-1354
-1148
-1096
-1307
-1108
-516
-99
146
452
660
689
1451
2141
2427
3221
3575
2183
20
-1008
-1666
-2103
-1232
-188
427
1086
1130
-88
-1094
-1062
-1140
-884
498
2348
3596
4039
3956
3100
1831
947
646
520
637
1076
1092
672
132
-542
-1241
-1687
-1789
-1540
-706
-18
163
205
89
-270
-636
-710
-595
-137
371
293
74
-204
-715
-1263
-1535
-1331
-1222
-1107
-904
-732
-895
-1224
-1313
-1423
-1564
-1546
-1383
-1488
-1737
-2127
-2018
-1140
-456
-198
82
518
221
230
1467
2306
3145
4173
3810
1650
-207
-1132
-2371
-2381
-872
83
705
1710
1688
109
-1036
-1214
-1522
-1144
618
2762
4013
4420
4333
3338
1973
1169
640
198
276
623
754
845
633
-100
-803
-1365
-1834
-1645
-806
-223
263
639
363
-149
-361
-648
-947
-577
-222
-248
-268
-362
-673
-1152
-1380
-1510
-1621
-1680
-1585
-1213
-980
-964
-1023
-1054
-1340
-1652
-1783
-1967
-2192
-2287
-1786
-883
112
672
631
321
-253
145
1357
2280
3347
4270
3753
1444
-445
-1437
-2489
-2346
-1132
-120
882
1970
1917
643
-287
-827
-1264
-706
1015
2993
4264
4774
4609
3647
2498
1639
737
-109
-368
-148
195
530
494
85
-277
-810
-1442
-1366
-736
-258
96
425
441
240
93
-248
-502
-483
-585
-757
-944
-1170
-1560
-1852
-1849
-1834
-1799
-1759
-1517
-1176
-1104
-1139
-1166
-1330
-1617
-1772
-1823
-1944
-2209
-2172
-1566
-780
-134
178
422
164
-87
660
1757
2877
3631
3492
2074
161
-1033
-1979
-2341
-1503
-266
908
1874
2142
1421
386
-398
-1068
-1021
177
2053
3789
4654
4693
4110
3159
2187
1085
95
-358
-253
44
392
731
647
272
-222
-844
-1207
-987
-563
-276
147
564
614
474
145
-488
-1026
-1287
-1352
-1205
-1039
-1094
-1346
-1571
-1839
-2093
-2124
-1997
-1516
-934
-601
-399
-542
-1191
-1946
-2418
-2667
-2806
-2503
-1591
-557
284
548
252
-175
-83
904
1930
2946
3861
3679
2194
356
-1056
-2085
-2225
-1434
-560
534
1843
2354
1671
515
-471
-1144
-1104
60
1979
3697
4626
4786
4301
3370
2357
1332
201
-500
-418
-19
298
470
558
338
-173
-676
-956
-863
-585
-276
-4
301
641
712
374
-196
-644
-1110
-1576
-1817
-1946
-2027
-1978
-1720
-1516
-1484
-1579
-1648
-1544
-1358
-1153
-1032
-1154
-1392
-1578
-1772
-2096
-2313
-2058
-1607
-1193
-877
-626
-256
522
1843
3046
3762
3851
2872
954
-804
-1726
-2100
-1674
-527
477
1202
1734
1706
920
-253
-1314
-1756
-1094
547
2626
4367
5088
4842
4025
3060
2146
1272
553
198
260
468
658
599
221
-306
-814
-1099
-1038
-614
-147
238
583
763
827
741
475
74
-260
-481
-927
-1333
-1769
-2341
-2538
-2349
-2139
-2081
-1935
-1766
-1652
-1395
-1173
-1164
-1483
-1692
-1686
-1771
-1812
-1723
-1237
-804
-369
-8
91
82
62
613
1416
2130
2554
2099
819
-529
-1280
-1610
-1656
-1013
-115
462
817
1110
1144
703
182
-192
-152
867
2494
3778
4184
4075
3709
3179
2650
2017
1416
823
329
-36
-192
-193
-256
-271
-310
-357
-302
-166
-61
-39
117
447
679
697
597
438
210
-52
-356
-852
-1516
-2177
-2585
-2674
-2537
-2257
-2000
-1740
-1633
-1545
-1428
-1672
-1884
-2036
-2216
-2103
-1769
-1152
-701
-196
142
61
85
41
546
1385
1984
2338
2340
1433
-385
-1468
-1873
-2179
-1593
-572
99
723
1164
910
338
-127
-471
-449
406
1976
3602
4489
4339
3787
3046
2401
2052
1734
1382
1093
840
357
-87
-459
-815
-881
-820
-645
-121
475
615
348
272
226
191
493
667
708
695
361
-351
-1175
-1982
-2668
-2803
-2655
-2291
-1927
-1797
-1706
-1869
-1925
-2137
-2339
-2232
-1878
-1237
-1061
-750
-158
57
19
-238
-379
-274
705
2141
2691
2661
2216
674
-1619
-2939
-3076
-2719
-1516
-5
792
1096
1231
805
-178
-1042
-1248
-638
712
2694
4518
5150
4584
3556
2386
1431
1243
1372
1466
1706
1715
1284
668
-269
-1300
-1746
-1597
-1148
-330
625
1052
1108
1034
589
222
117
-32
109
647
802
405
-239
-1267
-2154
-2509
-2441
-2268
-2066
-1890
-1951
-2018
-2143
-2265
-2326
-2176
-1909
-1551
-1335
-748
49
140
328
532
425
591
1629
2828
3017
2623
1264
-922
-2476
-3228
-3240
-2347
-977
-52
155
24
-298
-530
-812
-1296
-1025
176
1952
3903
5087
4881
3679
2423
1414
1137
1695
2252
2517
2525
1960
954
-85
-1233
-2174
-2332
-1696
-689
325
993
937
536
234
-17
53
288
587
1136
1428
1219
627
-252
-1419
-2195
-2218
-2102
-1798
-1460
-1515
-1903
-2322
-2521
-2835
-2800
-2675
-2372
-1753
-1227
-91
536
875
1153
1066
656
465
1781
2928
3085
2633
1146
-924
-2381
-2876
-3083
-2350
-940
-646
-1184
-1318
-1001
-879
-1017
-1030
-541
635
2380
4161
4850
4219
3020
1738
1118
1572
2335
2552
2570
2129
1072
310
-390
-1249
-1939
-1891
-1401
-580
397
572
434
180
-115
-149
171
717
1110
1455
1309
813
24
-1072
-1634
-1559
-1161
-771
-462
-723
-1546
-2311
-2927
-3126
-3140
-2885
-2377
-2105
-1664
-557
560
573
237
125
-62
711
2938
4829
4779
3448
1260
-1377
-2901
-2890
-2356
-1275
394
803
-691
-2154
-2526
-2785
-3170
-2767
-1266
847
3170
4976
5130
3696
2000
871
677
1718
3187
3875
3641
2677
1158
-98
-711
-1193
-1480
-1315
-908
-377
70
-127
-669
-848
-907
-760
47
1057
1518
1546
1307
637
-197
-822
-1142
-977
-600
-239
-187
-679
-1342
-2165
-2529
-2629
-2657
-2439
-2369
-2463
-2472
-1621
-722
-409
139
713
883
1673
3680
4825
3898
1826
-572
-2345
-2567
-1507
-518
383
1491
1007
-1635
-3788
-3888
-3353
-3001
-2000
-375
1360
3092
4013
3272
1701
724
514
1125
2581
4009
4279
3293
1541
-467
-1534
-1394
-701
142
729
772
309
-465
-1436
-1945
-1598
-1043
-335
885
1816
1844
1408
561
-611
-1096
-1027
-650
203
697
381
-397
-955
-1765
-2195
-1489
-1011
-718
-698
-1653
-2766
-2558
-1683
-1030
128
1250
1329
1139
2448
4189
4307
2450
-489
-2536
-2498
-1056
211
1140
2181
1966
-692
-3600
-4056
-2848
-1844
-1101
-259
693
1938
2800
2113
464
-422
-260
721
2491
3991
4265
3176
1133
-1075
-2086
-1601
-598
362
940
1079
615
-360
-1506
-2012
-1403
-674
-130
504
872
530
-50
-383
-792
-870
-638
-295
10
10
-498
-1335
-1619
-1905
-1842
-949
-193
2
-146
-957
-2101
-1724
-814
-426
423
1316
795
520
3043
4970
3923
1315
-1924
-3788
-3061
-1155
-62
1067
2869
2612
-853
-3965
-3593
-1858
-914
-68
706
1527
2937
3562
1604
-704
-763
53
1153
2754
3469
2609
1141
-742
-2584
-2370
-617
662
1185
1245
619
-346
-1082
-1787
-1345
203
1050
1201
1258
621
-681
-1427
-1635
-1612
-1123
-572
-129
34
-351
-1287
-2028
-2095
-1849
-1114
-293
326
207
-765
-1378
-1616
-1018
127
1248
2048
2087
1835
1889
3552
4660
2507
-969
-2823
-2833
-1633
-70
418
969
2012
681
-2742
-3962
-2265
-476
571
1137
1280
1970
2849
2409
1011
431
905
1475
2233
2922
2650
1400
-439
-2191
-2803
-1838
-616
-27
210
-33
-661
-1385
-1971
-1855
-470
911
1135
1010
668
-16
-782
-1040
-824
-842
-870
-975
-1087
-1345
-1920
-2459
-2508
-2121
-1626
-804
-244
-389
-1155
-1739
-2107
-1426
463
1412
1629
2096
2440
2710
4837
6785
4894
859
-2136
-3507
-3042
-917
348
630
1441
777
-2548
-4588
-3089
-692
624
1269
1559
1880
2682
2778
1536
672
1619
3102
3814
3837
3082
1473
-552
-2097
-2821
-2175
-781
-209
-494
-1021
-1424
-1946
-2270
-1845
-555
924
1329
852
214
-221
-556
-325
422
574
-101
-1079
-1681
-2125
-2562
-2904
-2857
-2374
-2013
-1625
-1244
-1220
-1268
-1675
-2293
-1923
-296
1250
2013
2576
2549
2775
4887
6666
5370
2310
-537
-1985
-1340
-159
-84
-52
460
-623
-3307
-4591
-3046
-227
1640
1701
1022
951
1556
1958
1645
1578
2614
3569
3731
3759
3213
1938
731
-562
-1634
-1471
-778
-1078
-1836
-2151
-2449
-2417
-1948
-1663
-765
550
523
-305
-752
-852
-524
368
812
456
-169
-948
-1657
-1806
-1827
-2414
-2638
-2668
-2886
-2752
-2209
-1896
-1721
-1607
-1999
-1839
-644
558
1275
2001
2581
3816
6464
7470
4669
757
-1306
-1240
342
1725
1314
615
316
-1968
-5409
-5521
-2001
1369
2474
1761
625
707
1869
2154
1784
2490
3956
4409
3844
3044
2188
1462
691
-107
-248
217
-116
-1419
-2503
-3030
-2752
-1985
-1734
-1610
-761
117
65
-232
-406
-467
-104
373
195
-645
-1657
-2273
-2059
-1644
-1566
-1847
-2597
-3542
-3876
-3460
-2726
-2106
-1721
-1734
-1626
-1142
-705
-297
334
1464
3683
7055
8474
5621
785
-2103
-1628
997
3082
2666
1141
214
-2071
-5700
-5887
-1734
2177
2883
1346
-595
-601
1653
3117
2820
3338
4992
5188
4002
3025
2322
1941
1647
948
342
584
335
-1481
-3014
-2982
-1909
-867
-827
-1696
-1990
-1526
-1280
-904
-74
686
914
731
134
-832
-1635
-2092
-2094
-1821
-1839
-2207
-2815
-3746
-4180
-3507
-2726
-2460
-2404
-2575
-2468
-1372
-513
-742
-488
489
1347
3771
6938
6296
2407
-693
-1385
598
3701
3728
808
-395
-943
-3935
-5633
-2507
1836
3424
1914
-1251
-2630
-7
3384
4086
3723
4382
4772
3919
3019
2832
3202
3495
2819
1277
177
-154
-741
-1757
-2323
-1994
-1288
-1008
-1428
-1765
-1495
-1119
-646
232
848
635
184
-114
-535
-804
-651
-648
-1154
-1879
-2754
-3610
-4093
-4288
-4123
-3661
-3270
-3024
-2861
-2649
-2053
-1155
-508
-338
27
757
2709
5792
6003
2225
-1290
-1213
1394
3967
3700
402
-1404
-1003
-2688
-4986
-2761
1741
3108
953
-2239
-3149
309
4491
4743
3210
3512
4182
3522
2826
3143
4251
5151
4124
1854
767
563
-286
-1208
-1262
-928
-920
-1789
-3078
-2911
-1205
-269
-440
-239
256
347
126
-5
-36
49
48
-396
-829
-1348
-2134
-2624
-2749
-2986
-3418
-3986
-4540
-4323
-3473
-3209
-2805
-1846
-1696
-1812
-887
185
1824
5003
5566
1738
-1240
-803
1097
3639
4343
1143
-1529
-1228
-2426
-4578
-2443
1756
2678
387
-2892
-4447
-1308
3775
5235
3833
3259
3245
2874
3166
4149
5118
5556
4336
2051
1188
1590
1324
632
166
-439
-1227
-2135
-3072
-2852
-1097
-65
-632
-1164
-885
-236
432
981
1057
650
162
-500
-1163
-1523
-1595
-1747
-2084
-2338
-2882
-3914
-4596
-4296
-3694
-2959
-2307
-2318
-2790
-2565
-1700
-431
2782
5746
4226
94
-1973
-744
2652
5127
3124
-1158
-2108
-1377
-3119
-4297
-1472
2157
2364
-1191
-5350
-5104
348
4887
4424
2306
2146
2950
3284
3898
5233
6456
5931
3417
1252
1299
2610
2962
1770
199
-1016
-2064
-2859
-2592
-1137
-126
-553
-1375
-1612
-1154
-330
485
1073
1198
828
168
-292
-272
-339
-720
-1119
-1719
-2459
-3129
-3647
-3551
-3073
-2773
-2864
-2627
-2204
-2698
-3087
-2485
-723
2529
4494
2305
-1400
-1845
738
3333
4278
2037
-1180
-1625
-1367
-3067
-3121
298
2481
564
-3161
-5261
-3118
1827
4006
2037
221
572
1538
2632
4246
5703
5903
4339
2127
1675
3085
4019
3556
2292
629
-1009
-2103
-2464
-1559
-7
-11
-1667
-2909
-2583
-1325
30
1079
1190
442
-367
-423
367
972
814
-30
-1087
-1693
-1812
-2076
-2427
-2613
-2894
-2959
-2749
-2443
-2435
-2821
-2863
-2223
-421
2162
3092
1067
-1923
-2110
773
3614
3994
1539
-1027
-1148
-853
-2111
-2102
635
2247
74
-3532
-4824
-1883
2703
3810
813
-1479
-700
1158
2819
4318
5092
4325
2402
1203
2036
4011
5085
4213
2238
652
-93
-494
-488
192
521
-697
-2407
-3005
-2276
-948
-60
48
-236
-668
-965
-637
314
941
661
-57
-749
-1172
-1194
-1342
-1668
-1851
-2230
-2545
-2365
-1753
-1616
-2410
-2944
-2335
48
2465
1667
-1233
-2647
-1095
1556
2913
1995
-186
-802
-677
-2224
-2959
-616
1926
1295
-1645
-3944
-3084
845
3313
1791
-657
-1123
-134
1438
3359
4353
3936
2547
870
786
2690
4133
3849
2778
1463
336
57
372
693
1161
989
-498
-1657
-1589
-1005
-241
163
-319
-1131
-1410
-1033
-236
398
116
-538
-822
-955
-945
-813
-1000
-1457
-1526
-1678
-1775
-911
-640
-1596
-2059
-1842
-1063
989
2305
307
-2265
-1775
-136
1008
1757
361
-1555
-928
-621
-2383
-2190
390
916
-1066
-2854
-3266
-960
2625
2839
180
-1072
-327
928
2511
3691
3569
2770
1660
1001
1980
3370
3277
2325
1520
728
488
738
513
490
850
324
-609
-699
-344
-52
410
472
-288
-788
-670
-463
-150
-225
-871
-1144
-832
-544
-550
-986
-1724
-2132
-1718
-1171
-759
-398
-898
-1735
-1857
-1021
1071
2544
1110
-1858
-2663
-471
1698
1753
-444
-2459
-1538
-377
-1652
-2323
-644
479
-948
-3301
-4124
-1785
1976
2473
-255
-1667
-733
674
2125
3185
2955
2240
1611
1153
2078
3796
3883
2461
1450
916
675
1107
1086
396
171
-87
-562
-429
66
46
-84
236
71
-237
-19
72
155
76
-416
-682
-431
-39
-19
-433
-1241
-1974
-1647
-921
-527
-150
-487
-1571
-1915
-996
566
1791
1357
-942
-2317
-561
1543
1239
-493
-1809
-1571
-738
-1204
-2002
-1083
245
-700
-2928
-3445
-1570
784
1186
-653
-2101
-1289
330
1303
1991
2339
1857
1067
1053
2028
3002
3211
2487
1391
926
1087
1299
1308
1044
508
-256
-533
-20
265
-101
-544
-467
-56
191
412
361
22
-131
-388
-607
-321
-13
-73
-320
-679
-1212
-1325
-560
211
317
15
-650
-1037
111
1714
1423
-186
-1008
-509
621
1119
36
-1662
-1787
-867
-1404
-2327
-1431
-217
-711
-2289
-3178
-2234
9
1000
-533
-2076
-1599
-342
618
1378
1569
1132
714
633
1219
2385
2682
1638
793
891
1192
1310
1172
564
27
-44
-106
55
637
754
60
-619
-638
-237
405
983
695
-132
-655
-783
-520
-65
102
-147
-417
-654
-899
-644
-105
199
411
521
453
919
2341
2810
1292
2
152
984
1461
563
-1329
-2146
-963
-600
-2262
-2516
-1063
-989
-2287
-3156
-2722
-840
934
60
-2249
-2134
-208
775
1138
1314
726
175
470
1180
2057
2463
1194
-515
-550
355
808
793
173
-743
-934
-705
-591
-42
569
472
134
49
-221
-491
110
854
784
340
-284
-747
-621
-399
-439
-578
-582
-712
-967
-637
26
461
889
1194
1616
2613
2896
1568
694
1799
2991
2584
1126
-646
-1452
-366
160
-1497
-2340
-1263
-1235
-2552
-2918
-2189
-1070
-105
-705
-2275
-2138
-481
447
762
1149
863
219
363
1254
2279
2528
1343
-236
-717
-256
156
130
-398
-1038
-1221
-1219
-1169
-857
-614
-536
-275
162
264
-123
-353
-77
490
817
385
-378
-789
-745
-396
-52
-96
-459
-667
-530
-177
276
634
923
1888
3345
3271
1513
944
2431
3655
3163
1461
-341
-701
214
-74
-1313
-826
124
-1247
-3075
-2636
-923
231
-23
-1805
-2903
-1487
257
449
487
808
234
-496
50
1224
1966
1824
599
-482
-308
104
-248
-805
-1072
-1469
-1925
-1852
-1395
-952
-965
-1420
-1366
-589
-13
-182
-636
-815
-672
-211
222
62
-568
-1196
-1258
-648
-234
-358
-379
-83
275
698
1106
1768
3206
3886
2326
1157
2702
4302
3725
2327
1048
379
961
641
-1404
-1411
798
390
-2519
-3372
-1735
191
1235
133
-2099
-2248
-565
412
911
1610
1103
-387
-644
709
2261
2534
1121
-436
-752
-341
-189
-543
-1192
-1838
-2286
-2564
-2337
-1397
-930
-1598
-2023
-1542
-1116
-1030
-753
-497
-670
-987
-1150
-946
-386
-311
-971
-1389
-1056
-399
33
23
-3
577
1308
1956
3208
3785
2296
1317
2898
4468
4174
3056
1463
387
1223
1399
-581
-780
1228
531
-2371
-2870
-1310
58
1011
371
-1698
-1795
102
803
956
2130
2119
321
-222
1160
2365
2630
2001
445
-903
-953
-516
-556
-796
-1393
-2900
-4255
-3851
-2309
-1594
-2107
-2739
-2766
-2262
-1590
-1051
-859
-1063
-1510
-1780
-1546
-1073
-806
-934
-1376
-1454
-711
-13
-49
-11
453
799
1805
3501
3373
1500
1436
3347
4246
3802
2887
1384
933
1963
1225
-680
381
2209
375
-2262
-1959
-473
762
1624
260
-2049
-1390
790
1210
1533
2619
1870
176
581
1999
2550
2840
2535
950
-222
-57
-43
-410
-416
-1026
-2752
-3921
-3512
-2564
-2127
-2315
-2961
-3497
-3390
-2715
-1815
-1312
-1664
-2289
-2222
-1601
-1100
-842
-1066
-1671
-1498
-491
53
120
528
800
979
2192
3149
2118
1298
2564
3592
2949
2153
1588
1218
1902
1907
-146
-768
1341
1638
-798
-1786
-794
49
954
1233
-296
-974
680
1655
1467
2277
2571
1035
621
2151
2868
2549
2394
1610
486
500
667
-38
-342
-275
-1332
-2747
-2921
-2376
-2115
-2146
-2535
-3133
-3297
-3038
-2680
-2265
-2298
-3039
-3450
-2915
-2241
-1854
-1705
-2040
-2093
-1112
-354
-381
196
1100
1194
1786
2964
2366
1122
2093
3536
3188
2407
1641
563
986
1933
362
-1077
602
1329
-1072
-2151
-705
344
949
1187
-312
-1171
762
2201
1670
2009
2728
1734
1247
2683
3390
2801
2602
2144
973
650
868
254
-207
37
-585
-2032
-2455
-1799
-1377
-1562
-2111
-2791
-3131
-2900
-2471
-2322
-2696
-3267
-3294
-2813
-2523
-2503
-2614
-2779
-2303
-1148
-554
-647
-169
689
1216
2297
3345
2461
1290
2352
3723
3219
2130
1278
606
1244
1854
35
-1320
456
1258
-1115
-2382
-1070
98
753
920
-565
-1516
244
1961
2112
2709
2980
1439
847
2592
3709
3197
2605
1744
594
541
997
591
117
-35
-933
-2056
-1942
-1150
-1032
-1557
-2110
-2375
-2317
-2228
-2218
-2209
-2579
-3337
-3601
-3254
-3065
-2996
-2858
-2959
-2695
-1591
-860
-858
-205
897
1447
2319
3235
2396
1333
2482
3859
3254
2146
1445
804
1083
1285
-490
-1556
306
1061
-1393
-2831
-1549
-192
552
815
-311
-1144
228
1725
2057
2847
3362
2121
1476
2932
3926
3357
2765
2188
1183
673
508
-173
-570
-318
-802
-2046
-2366
-1643
-1149
-1140
-1266
-1537
-1882
-1946
-1665
-1513
-1967
-2793
-3201
-3007
-2799
-2913
-3262
-3433
-2847
-1807
-1312
-1313
-934
-200
716
2072
2842
2143
1700
2807
3772
3367
2499
1740
1424
1893
1647
-85
-793
304
160
-1689
-2322
-1496
-975
-701
-564
-1060
-1035
224
1220
1669
2682
3396
2903
2820
3851
4287
3761
3438
3100
2178
1291
662
-76
-555
-687
-1350
-2491
-2899
-2439
-2045
-1961
-1935
-2028
-2243
-2179
-1688
-1379
-1736
-2336
-2505
-2334
-2308
-2489
-2674
-2616
-2181
-1707
-1602
-1424
-654
197
730
1177
1260
970
1423
2653
2968
2052
1396
1472
1765
1932
1366
361
416
1092
292
-1305
-1419
-602
-499
-756
-977
-1466
-1371
-175
909
1365
1798
1956
1862
2712
4151
4389
3661
3418
3359
2758
2155
1742
1059
363
-159
-1022
-1910
-1973
-1769
-2124
-2485
-2471
-2640
-2879
-2580
-2131
-2211
-2618
-2890
-2851
-2486
-2207
-2389
-2436
-1767
-1020
-901
-1005
-643
182
1127
1656
1259
573
892
1997
2366
1586
672
412
770
1095
673
-6
160
592
-50
-1010
-785
25
105
-304
-523
-595
-514
-122
475
1172
1713
1643
1327
1801
3007
3715
3472
3025
2855
2685
2261
1741
1371
1128
715
-27
-772
-1048
-1008
-1194
-1560
-1704
-1811
-2257
-2607
-2424
-2274
-2675
-3121
-3114
-2857
-2577
-2445
-2591
-2491
-1678
-822
-562
-330
268
789
1293
1908
1885
1277
1307
1903
1863
1240
807
471
96
-148
-480
-674
-194
41
-997
-1950
-1277
-7
363
-14
-503
-710
-202
748
1357
1616
1804
1746
1679
2212
2972
3127
2752
2338
2003
1817
1752
1420
819
385
47
-520
-922
-788
-687
-987
-1227
-1295
-1536
-1791
-1730
-1647
-1915
-2419
-2824
-2881
-2611
-2421
-2525
-2487
-2004
-1365
-849
-380
181
820
1412
1738
1796
1906
2171
2265
1978
1485
1046
730
447
27
-502
-782
-697
-759
-1316
-1841
-1755
-1266
-885
-722
-656
-600
-361
205
936
1557
1938
2088
2144
2298
2589
2864
2969
2790
2236
1532
1127
1030
836
418
-57
-563
-1036
-1165
-989
-922
-1070
-1286
-1578
-1837
-1758
-1474
-1449
-1756
-2106
-2332
-2364
-2194
-1981
-1788
-1577
-1431
-1309
-871
-70
712
1268
1529
1390
1215
1601
2304
2502
2040
1407
936
716
634
410
96
-68
-374
-1151
-1820
-1654
-1000
-711
-977
-1363
-1420
-948
-94
738
1248
1416
1469
1730
2346
3016
3313
3167
2781
2320
1931
1765
1682
1306
602
-79
-567
-935
-1133
-1174
-1297
-1582
-1843
-2062
-2286
-2319
-2072
-1847
-1899
-2096
-2221
-2162
-1876
-1463
-1123
-949
-887
-842
-610
-60
550
833
768
628
622
853
1226
1384
1147
814
648
543
376
247
228
228
122
-187
-577
-697
-421
-126
-189
-488
-644
-494
-118
324
663
799
879
1138
1541
1856
2041
2181
2231
2122
1941
1779
1600
1344
1029
715
442
148
-268
-694
-938
-1103
-1380
-1693
-1935
-2174
-2375
-2401
-2314
-2258
-2224
-2205
-2171
-1914
-1355
-774
-434
-335
-305
-91
436
1015
1236
1051
757
609
691
859
823
515
165
-43
-128
-96
54
168
82
-147
-294
-204
119
445
518
386
336
473
687
897
1060
1094
1018
983
1057
1180
1284
1319
1251
1097
960
964
1098
1188
1067
790
564
491
487
407
194
-114
-438
-724
-963
-1204
-1506
-1848
-2117
-2267
-2340
-2374
-2400
-2410
-2290
-1952
-1516
-1204
-1033
-859
-577
-221
57
123
59
71
193
285
255
140
3
-85
-98
-69
-22
24
27
7
69
244
446
597
691
766
883
1081
1270
1352
1376
1421
1462
1462
1441
1398
1301
1157
993
847
765
740
719
661
585
520
517
586
662
675
608
474
301
140
-10
-216
-509
-816
-1066
-1263
-1452
-1664
-1876
-2031
-2092
-2082
-2030
-1961
-1874
-1757
-1580
-1347
-1103
-902
-755
-624
-453
-244
-79
-10
3
31
98
196
274
307
309
321
352
381
408
445
494
539
576
647
760
847
884
937
1032
1103
1136
1168
1213
1234
1207
1129
1029
960
930
901
867
832
788
731
670
610
559
526
478
374
220
40
-155
-346
-515
-711
-968
-1233
-1431
-1565
-1664
-1728
-1762
-1785
-1798
-1753
-1611
-1410
-1247
-1168
-1099
-952
-732
-517
-356
-251
-169
-83
46
237
437
544
525
467
470
525
541
487
399
310
242
224
269
326
332
304
328
454
633
785
885
933
953
963
976
1030
1111
1122
1020
895
828
802
775
719
622
505
398
294
170
32
-161
-414
-629
-738
-822
-961
-1113
-1224
-1291
-1306
-1265
-1203
-1134
-1060
-1006
-929
-772
-593
-502
-492
-485
-437
-335
-201
-100
-57
-22
47
147
274
392
454
460
443
434
459
500
486
384
253
166
135
132
119
103
106
129
183
294
428
500
499
477
485
558
676
738
681
578
516
501
502
477
370
204
73
-33
-178
-350
-514
-679
-830
-947
-1051
-1146
-1202
-1225
-1237
-1190
-1063
-914
-772
-609
-436
-285
-143
11
162
292
369
385
400
454
510
519
507
512
530
553
586
619
625
598
552
515
480
430
365
306
253
185
105
50
42
59
47
9
13
73
132
155
153
151
168
217
269
280
243
174
101
66
75
56
-45
-195
-341
-462
-566
-667
-801
-967
-1124
-1240
-1314
-1346
-1345
-1334
-1290
-1187
-1032
-833
-599
-359
-143
46
221
400
573
713
798
849
894
924
947
973
990
997
988
955
904
860
826
793
751
680
581
495
449
417
364
294
225
174
155
163
173
158
103
30
-20
-39
-58
-93
-130
-165
-200
-249
-302
-342
-377
-423
-488
-570
-669
-787
-908
-1009
-1082
-1151
-1244
-1352
-1443
-1506
-1529
-1509
-1445
-1352
-1239
-1100
-920
-696
-454
-224
-8
217
448
656
839
993
1111
1195
1255
1305
1350
1390
1404
1387
1346
1290
1225
1169
1116
1036
922
808
735
693
647
581
514
470
450
438
426
405
353
266
189
157
137
78
-33
-158
-251
-308
-366
-454
-557
-659
-754
-833
-905
-996
-1110
-1224
-1314
-1365
-1393
-1428
-1489
-1562
-1610
-1598
-1516
-1400
-1296
-1205
-1086
-908
-676
-434
-240
-85
82
273
475
665
813
907
982
1073
1177
1278
1350
1372
1347
1311
1290
1283
1263
1214
1122
1009
925
889
879
866
822
753
687
663
678
695
682
622
528
446
405
378
324
231
104
-35
-161
-262
-358
-478
-623
-775
-905
-1004
-1094
-1204
-1332
-1445
-1523
-1559
-1576
-1605
-1668
-1729
-1732
-1649
-1509
-1366
-1258
-1169
-1043
-854
-639
-446
-278
-128
14
163
325
469
578
664
738
816
910
1003
1049
1047
1029
1008
1001
1007
1018
1001
968
945
929
924
924
915
895
893
918
947
950
927
874
805
753
726
693
623
516
380
235
112
16
-86
-216
-372
-538
-693
-828
-949
-1069
-1191
-1313
-1419
-1498
-1554
-1602
-1647
-1670
-1650
-1580
-1483
-1372
-1263
-1149
-1012
-849
-673
-500
-338
-195
-65
58
176
283
378
463
537
610
692
773
819
832
831
847
887
932
950
917
865
831
840
885
927
936
922
920
947
993
1036
1048
1013
952
899
873
857
816
727
598
462
338
223
102
-43
-203
-376
-552
-714
-853
-979
-1103
-1229
-1332
-1409
-1470
-1531
-1591
-1628
-1624
-1572
-1490
-1404
-1313
-1213
-1089
-941
-783
-635
-500
-386
-284
-181
-79
14
96
170
230
285
353
425
478
521
561
594
623
665
712
749
785
823
846
864
888
916
946
981
997
994
995
1001
983
940
896
861
833
798
730
613
485
378
284
184
66
-73
-234
-390
-519
-625
-733
-851
-975
-1090
-1179
-1237
-1286
-1335
-1372
-1382
-1351
-1281
-1192
-1110
-1034
-946
-837
-710
-580
-456
-352
-258
-159
-58
33
109
177
239
307
384
452
491
515
542
579
622
665
702
728
754
784
812
839
866
897
931
969
999
1004
992
975
944
901
853
804
746
676
587
476
352
228
110
1
-105
-219
-359
-514
-652
-760
-855
-948
-1036
-1119
-1191
-1250
-1306
-1361
-1393
-1384
-1334
-1252
-1169
-1100
-1032
-946
-837
-716
-592
-471
-361
-257
-161
-64
35
128
210
287
360
439
511
561
586
599
624
658
692
725
744
753
765
778
787
787
792
808
838
871
876
853
821
793
777
772
753
695
603
497
399
309
215
100
-24
-142
-260
-382
-505
-620
-727
-830
-925
-1008
-1073
-1123
-1159
-1195
-1221
-1223
-1192
-1130
-1046
-958
-886
-826
-756
-668
-572
-459
-335
-222
-130
-44
43
133
230
329
414
493
575
650
704
736
753
769
792
821
845
854
845
824
797
779
770
767
769
776
776
759
725
673
621
580
558
533
487
417
330
227
116
8
-96
-199
-303
-412
-533
-665
-793
-903
-998
-1073
-1137
-1198
-1249
-1283
-1308
-1324
-1317
-1275
-1204
-1116
-1014
-911
-814
-721
-629
-539
-436
-316
-198
-97
-10
72
148
221
308
404
493
581
658
719
764
798
831
867
905
937
958
966
956
930
900
872
859
861
865
851
816
769
719
670
636
610
575
526
465
377
271
164
62
-35
-127
-222
-333
-455
-587
-717
-833
-937
-1026
-1100
-1157
-1207
-1245
-1282
-1313
-1312
-1268
-1193
-1102
-998
-894
-802
-722
-636
-543
-437
-316
-204
-115
-47
13
74
149
236
321
396
472
544
601
644
671
696
732
782
832
868
884
876
853
832
819
816
823
823
808
780
736
680
620
572
529
491
454
406
332
242
148
56
-28
-100
-176
-269
-377
-489
-600
-702
-797
-883
-957
-1019
-1062
-1098
-1131
-1161
-1165
-1138
-1086
-1021
-935
-841
-754
-675
-593
-515
-429
-329
-221
-122
-39
28
84
143
213
285
351
413
475
526
569
596
618
648
688
732
771
803
822
823
819
817
821
837
858
868
857
821
766
709
665
625
578
524
462
389
304
213
110
6
-85
-171
-256
-351
-457
-573
-690
-790
-875
-943
-1005
-1062
-1110
-1149
-1179
-1194
-1181
-1139
-1077
-993
-903
-826
-750
-674
-598
-522
-432
-332
-231
-136
-48
24
87
149
226
303
380
451
501
535
552
568
589
618
654
686
717
743
750
747
747
752
772
800
820
816
789
743
686
631
588
550
506
451
378
290
195
94
-12
-116
-216
-310
-399
-489
-589
-695
-798
-880
-940
-986
-1020
-1046
-1069
-1089
-1094
-1076
-1038
-978
-897
-804
-713
-629
-550
-480
-408
-323
-224
-124
-30
59
142
218
295
377
463
547
630
700
750
783
800
818
842
866
889
909
927
935
933
926
917
918
932
940
928
894
843
774
708
655
604
541
464
370
258
132
-7
-161
-322
-478
-622
-756
-894
-1036
-1175
-1293
-1387
-1456
-1506
-1543
-1567
-1577
-1571
-1550
-1499
-1414
-1304
-1176
-1033
-888
-753
-629
-524
-437
-347
-247
-141
-28
83
180
261
350
456
569
671
761
833
897
956
997
1019
1035
1058
1087
1121
1154
1164
1151
1132
1113
1107
1113
1116
1104
1077
1036
978
914
861
810
749
679
597
495
373
235
79
-99
-286
-466
-635
-796
-954
-1112
-1269
-1412
-1524
-1604
-1665
-1708
-1733
-1740
-1724
-1674
-1590
-1474
-1327
-1162
-996
-839
-697
-570
-461
-367
-278
-186
-92
3
97
190
285
377
461
545
628
707
777
835
879
908
934
967
1011
1070
1129
1163
1171
1164
1154
1149
1147
1142
1126
1102
1073
1035
989
935
871
801
735
672
599
500
373
217
43
-135
-309
-482
-655
-827
-1000
-1168
-1322
-1456
-1573
-1676
-1760
-1816
-1845
-1849
-1831
-1788
-1718
-1607
-1455
-1278
-1093
-920
-769
-641
-525
-421
-318
-217
-119
-22
78
178
267
349
430
510
592
680
762
826
873
913
954
1007
1079
1156
1225
1275
1305
1314
1314
1306
1289
1269
1244
1214
1166
1106
1039
969
900
830
759
691
623
539
426
281
112
-61
-223
-373
-518
-670
-833
-994
-1146
-1291
-1435
-1571
-1689
-1779
-1838
-1868
-1876
-1864
-1822
-1736
-1609
-1447
-1270
-1105
-960
-832
-726
-633
-535
-427
-314
-195
-72
47
160
269
370
454
536
628
721
803
874
935
993
1064
1155
1250
1339
1413
1467
1498
1500
1480
1453
1429
1411
1393
1362
1314
1246
1156
1055
948
843
746
653
553
436
302
150
-11
-172
-330
-491
-651
-803
-953
-1109
-1269
-1425
-1567
-1686
-1775
-1838
-1876
-1899
-1907
-1889
-1833
-1732
-1605
-1469
-1337
-1216
-1098
-985
-880
-787
-695
-592
-474
-339
-197
-62
62
175
291
409
525
633
732
828
922
1017
1110
1196
1285
1381
1478
1563
1617
1643
1646
1639
1624
1606
1588
1565
1523
1458
1370
1260
1137
1007
872
734
594
449
297
139
-26
-199
-371
-523
-650
-769
-890
-1018
-1147
-1269
-1374
-1461
-1534
-1595
-1650
-1693
-1713
-1708
-1681
-1632
-1562
-1475
-1375
-1268
-1164
-1072
-992
-923
-852
-759
-640
-508
-377
-255
-144
-38
76
193
312
430
543
656
772
886
985
1069
1152
1238
1321
1394
1449
1474
1474
1460
1439
1417
1394
1369
1340
1304
1259
1193
1103
990
867
746
633
526
415
289
144
-17
-177
-324
-453
-569
-679
-784
-887
-984
-1070
-1142
-1207
-1268
-1323
-1366
-1390
-1396
-1385
-1360
-1325
-1282
-1225
-1152
-1074
-999
-934
-875
-820
-754
-673
-580
-483
-383
-280
-172
-53
70
186
295
403
515
628
739
844
941
1034
1126
1207
1268
1311
1333
1339
1335
1324
1301
1265
1223
1183
1151
1119
1077
1016
935
841
742
635
528
419
302
174
39
-103
-248
-387
-521
-645
-755
-852
-935
-1009
-1077
-1137
-1197
-1245
-1279
-1299
-1311
-1314
-1305
-1284
-1246
-1187
-1114
-1039
-962
-889
-823
-758
-690
-621
-549
-464
-366
-263
-155
-43
65
177
293
408
513
614
716
811
900
976
1036
1081
1123
1162
1188
1200
1199
1180
1149
1109
1062
1010
960
912
869
824
771
704
624
534
444
350
244
131
9
-114
-239
-358
-470
-577
-671
-744
-799
-841
-879
-922
-967
-1011
-1043
-1067
-1081
-1084
-1082
-1070
-1046
-1009
-958
-890
-812
-729
-647
-567
-493
-425
-357
-286
-210
-120
-17
89
194
297
395
483
569
652
731
804
871
926
962
984
990
989
980
968
950
919
880
835
787
737
691
654
622
587
545
495
434
365
292
204
108
9
-94
-200
-301
-397
-489
-577
-654
-719
-771
-808
-840
-872
-900
-929
-954
-977
-995
-1007
-1009
-998
-981
-960
-933
-892
-829
-743
-649
-556
-476
-406
-338
-269
-193
-109
-15
86
191
297
404
509
610
706
796
881
961
1026
1072
1096
1100
1092
1080
1063
1041
1007
962
910
853
791
726
660
602
554
514
470
414
346
268
183
94
3
-91
-186
-281
-371
-459
-538
-610
-674
-731
-777
-812
-837
-855
-872
-894
-920
-941
-951
-946
-931
-914
-898
-883
-862
-827
-780
-723
-657
-584
-500
-410
-319
-230
-144
-57
33
129
230
330
428
519
604
683
754
812
855
886
904
907
896
875
846
810
771
732
690
650
603
553
498
442
391
341
294
252
213
177
144
111
77
38
-6
-52
-93
-128
-159
-188
-221
-254
-289
-325
-363
-402
-441
-480
-514
-546
-577
-606
-634
-665
-692
-710
-722
-725
-716
-701
-685
-663
-628
-579
-516
-441
-359
-275
-185
-95
-8
76
161
246
325
401
471
533
584
624
649
666
678
685
686
681
669
647
621
592
558
521
482
442
396
344
292
241
192
147
105
66
33
8
-11
-31
-55
-83
-111
-139
-161
-183
-206
-231
-258
-287
-322
-355
-385
-411
-432
-453
-479
-510
-537
-561
-583
-597
-602
-602
-591
-569
-539
-502
-459
-401
-328
-244
-155
-69
10
90
163
229
285
335
381
425
467
500
523
534
535
530
524
520
515
503
485
459
423
383
344
304
260
217
172
132
102
77
54
31
9
-5
-9
-9
-9
-10
-17
-27
-37
-47
-57
-67
-76
-88
-99
-107
-118
-139
-162
-186
-210
-233
-258
-291
-324
-357
-394
-427
-447
-455
-454
-440
-417
-390
-354
-310
-259
-206
-152
-104
-63
-24
14
44
70
90
112
138
168
199
224
240
249
257
264
274
277
270
259
242
227
212
194
173
152
133
120
117
121
129
140
152
163
176
190
202
209
215
216
214
206
198
186
173
163
150
133
114
88
57
15
-34
-87
-139
-188
-236
-281
-323
-358
-383
-396
-396
-388
-376
-356
-330
-303
-274
-253
-243
-240
-238
-234
-228
-224
-223
-221
-214
-198
-177
-156
-135
-113
-89
-62
-37
-17
-4
9
23
33
44
54
64
73
84
101
120
142
165
187
213
243
275
298
316
332
341
346
352
351
346
340
334
327
318
311
300
281
259
231
197
160
115
64
16
-25
-64
-98
-126
-145
-157
-159
-152
-144
-136
-124
-109
-100
-97
-101
-112
-131
-149
-163
-178
-189
-196
-203
-210
-214
-213
-210
-207
-202
-197
-195
-194
-194
-192
-187
-179
-170
-158
-140
-118
-96
-76
-50
-22
7
40
71
96
115
136
155
168
180
187
191
196
208
219
225
228
225
220
217
212
199
177
149
119
87
56
25
-10
-40
-61
-72
-76
-75
-71
-63
-55
-46
-41
-40
-45
-51
-59
-69
-80
-91
-106
-119
-127
-132
-135
-130
-124
-122
-119
-119
-121
-119
-114
-108
-99
-91
-79
-62
-43
-24
-6
10
32
58
84
107
130
145
158
171
181
185
188
190
189
188
191
189
182
172
165
157
154
152
144
130
113
95
77
58
39
24
9
-1
-5
-11
-21
-31
-40
-49
-53
-57
-63
-74
-88
-104
-121
-133
-141
-146
-150
-157
-169
-183
-195
-207
-221
-234
-246
-257
-265
-268
-270
-276
-280
-279
-275
-260
-236
-212
-188
-158
-126
-93
-56
-20
13
42
71
100
126
149
170
187
206
226
247
266
280
294
305
312
323
327
320
310
297
283
274
264
251
233
217
206
200
191
181
171
157
144
126
102
73
44
17
-7
-28
-48
-69
-90
-108
-124
-141
-158
-174
-193
-210
-230
-253
-275
-298
-315
-329
-337
-338
-334
-327
-316
-304
-289
-272
-251
-224
-201
-172
-144
-120
-97
-74
-52
-32
-11
11
35
59
82
102
115
129
141
153
169
185
196
201
203
206
205
205
206
206
213
222
232
236
236
234
233
228
223
214
197
176
152
126
102
80
62
43
29
18
9
-2
-12
-26
-44
-63
-83
-103
-124
-145
-169
-193
-210
-219
-226
-231
-234
-232
-225
-211
-196
-185
-180
-175
-174
-172
-164
-155
-146
-139
-129
-123
-115
-103
-87
-75
-61
-45
-29
-11
3
13
19
26
38
52
68
82
96
107
123
142
158
172
187
198
210
219
225
225
218
206
191
177
165
157
147
138
129
119
111
100
88
71
57
48
36
21
1
-24
-49
-68
-83
-91
-97
-103
-110
-115
-116
-117
-120
-123
-126
-126
-124
-123
-122
-124
-125
-127
-130
-130
-127
-119
-112
-105
-98
-89
-79
-71
-63
-55
-46
-37
-28
-18
-7
5
14
22
34
43
53
61
69
75
80
81
82
82
84
84
84
83
82
80
80
80
77
78
80
82
85
87
88
83
77
68
61
52
45
35
26
19
12
6
1
-3
-5
-9
-15
-23
-31
-39
-46
-56
-65
-75
-86
-96
-104
-113
-123
-131
-138
-141
-139
-135
-129
-123
-115
-105
-91
-78
-66
-52
-37
-19
-2
13
24
32
42
52
63
74
83
90
95
98
101
102
102
100
98
98
97
93
89
86
83
81
80
76
74
69
61
54
46
38
36
30
24
21
16
12
10
7
-2
-6
-4
-5
-4
-2
-2
-3
-7
-12
-16
-24
-34
-41
-52
-61
-69
-75
-80
-83
-85
-84
-86
-84
-81
-80
-77
-72
-70
-70
-67
-65
-64
-63
-68
-78
-87
-88
-86
-82
-77
-73
-67
-59
-47
-37
-26
-17
-7
4
17
32
45
60
69
75
79
88
97
106
112
117
126
133
137
137
133
129
123
112
98
85
74
68
65
56
47
36
21
12
6
2
-3
-8
-13
-18
-25
-33
-45
-54
-57
-57
-59
-61
-64
-70
-73
-72
-76
-85
-89
-86
-85
-84
-91
-102
-108
-106
-100
-98
-97
-91
-78
-63
-47
-36
-33
-20
-3
14
27
38
49
58
70
81
85
91
100
107
115
122
124
122
125
129
131
131
128
121
113
104
96
88
85
79
66
51
39
24
12
5
-3
-15
-26
-33
-38
-42
-49
-60
-65
-66
-65
-64
-63
-66
-69
-73
-77
-82
-88
-97
-104
-115
-124
-129
-134
-136
-139
-138
-135
-128
-116
-106
-98
-90
-78
-66
-54
-38
-22
-13
-7
0
8
17
29
48
66
76
88
100
105
116
124
128
133
140
145
137
124
113
108
102
94
83
71
65
62
56
47
43
38
29
20
15
11
6
3
0
-4
-7
-6
-10
-14
-15
-19
-29
-36
-42
-50
-57
-63
-69
-76
-83
-91
-101
-113
-123
-126
-122
-115
-111
-109
-106
-101
-93
-83
-71
-62
-55
-40
-25
-17
-7
5
19
36
52
66
77
87
100
109
113
123
133
135
134
138
138
134
128
119
109
106
104
98
92
85
77
69
59
46
36
24
9
-3
-16
-23
-29
-36
-40
-40
-42
-47
-52
-58
-64
-69
-78
-91
-100
-108
-120
-132
-140
-142
-143
-143
-138
-130
-123
-107
-88
-80
-77
-77
-75
-72
-63
-51
-42
-33
-20
-5
7
18
31
43
58
78
98
112
119
126
134
139
139
135
129
124
121
120
114
105
96
86
74
60
48
32
22
12
0
-8
-11
-14
-16
-22
-27
-30
-30
-28
-28
-29
-35
-42
-48
-56
-64
-69
-72
-78
-78
-76
-74
-71
-71
-73
-73
-67
-63
-59
-53
-46
-44
-46
-45
-42
-35
-26
-13
-1
10
22
35
46
54
58
60
63
67
69
70
71
70
65
60
52
43
35
31
27
23
20
14
12
8
9
10
10
8
6
6
7
8
11
8
4
-4
-6
-6
-7
-5
-9
-10
-11
-9
-6
-6
-7
-11
-14
-13
-7
-4
-3
-3
-7
-12
-16
-17
-20
-22
-21
-21
-22
-22
-21
-21
-20
-18
-17
-19
-17
-17
-18
-16
-12
-12
-7
-2
-2
-3
-5
-5
-8
-6
-3
-5
-3
1
5
6
8
7
5
6
6
6
7
14
24
30
33
35
40
46
52
55
56
61
65
67
66
67
67
66
64
62
60
60
59
59
58
53
43
32
21
8
-2
-8
-14
-26
-40
-49
-58
-67
-78
-88
-101
-113
-121
-126
-131
-140
-146
-147
-149
-148
-145
-142
-135
-127
-117
-110
-105
-100
-92
-86
-83
-82
-81
-76
-68
-56
-44
-31
-21
-13
0
11
21
33
47
61
77
92
108
121
134
144
150
159
166
172
177
182
184
186
189
192
195
198
199
200
196
188
179
169
154
136
124
111
95
82
67
49
31
17
3
-14
-34
-55
-75
-96
-118
-141
-160
-172
-179
-182
-189
-196
-202
-209
-213
-216
-219
-222
-220
-217
-215
-209
-200
-187
-174
-160
-144
-124
-105
-81
-55
-26
-3
11
26
44
63
79
95
109
119
128
137
144
153
163
170
172
177
179
181
185
186
183
175
165
156
144
131
117
100
84
71
58
46
33
20
7
-2
-13
-29
-42
-53
-67
-80
-96
-111
-126
-133
-136
-140
-148
-155
-162
-164
-162
-160
-157
-154
-148
-142
-135
-129
-122
-113
-105
-89
-76
-61
-48
-35
-19
-3
14
27
39
51
66
79
89
98
107
118
128
137
143
147
151
152
155
162
166
166
164
157
147
136
125
114
96
79
61
48
34
20
5
-9
-21
-33
-45
-57
-70
-83
-96
-111
-123
-131
-136
-137
-139
-145
-148
-149
-152
-156
-158
-158
-159
-156
-151
-144
-139
-134
-126
-112
-93
-73
-52
-33
-15
2
19
36
53
70
89
110
128
146
160
167
175
185
198
208
214
219
224
223
221
216
206
196
186
175
159
146
132
120
105
91
77
65
53
41
28
13
-3
-19
-34
-54
-75
-99
-119
-136
-151
-167
-182
-193
-206
-215
-223
-233
-244
-251
-256
-259
-261
-262
-260
-259
-253
-249
-242
-233
-218
-200
-176
-154
-132
-108
-82
-57
-34
-10
16
44
73
102
127
148
168
187
203
213
223
232
240
251
260
264
264
263
260
255
249
241
228
217
205
192
179
165
150
136
121
109
99
88
75
57
36
15
-5
-26
-47
-69
-87
-105
-123
-139
-153
-163
-175
-189
-205
-217
-228
-236
-241
-241
-239
-235
-227
-215
-201
-189
-179
-171
-162
-146
-130
-117
-104
-87
-69
-52
-35
-22
-8
12
32
46
58
68
81
97
111
123
132
141
151
160
165
170
170
169
169
169
171
172
174
175
172
168
161
151
139
125
111
92
70
48
23
5
-10
-25
-40
-58
-68
-76
-85
-96
-106
-113
-115
-117
-118
-122
-120
-120
-120
-115
-108
-103
-99
-96
-96
-90
-83
-74
-65
-57
-51
-45
-34
-26
-18
-10
1
15
27
36
46
56
67
76
83
88
93
98
101
102
102
98
96
94
90
83
73
65
58
49
42
36
27
20
14
8
-1
-13
-28
-38
-47
-59
-66
-73
-77
-81
-86
-90
-93
-96
-100
-101
-102
-104
-106
-108
-106
-102
-95
-91
-90
-87
-81
-75
-68
-62
-57
-45
-33
-19
-7
3
9
13
21
30
37
43
53
65
76
86
96
101
107
114
120
125
127
128
128
129
129
125
121
117
112
108
104
99
96
91
84
72
58
44
31
17
8
-4
-15
-28
-39
-47
-55
-65
-76
-85
-93
-99
-102
-102
-103
-104
-104
-103
-103
-102
-97
-91
-85
-77
-72
-66
-60
-55
-50
-46
-37
-31
-23
-16
-10
-2
4
12
20
25
27
26
27
31
35
33
29
30
30
31
32
30
33
34
37
37
39
38
36
32
29
28
28
30
25
20
18
18
18
16
12
4
-6
-15
-23
-31
-38
-42
-47
-51
-50
-45
-41
-36
-31
-28
-24
-21
-13
-9
-5
-2
-1
0
4
7
5
3
3
3
4
2
3
9
13
18
22
28
33
34
39
48
53
58
62
64
67
72
78
84
87
90
92
94
94
93
88
82
70
58
49
40
32
21
11
2
-4
-9
-13
-20
-30
-40
-44
-50
-54
-62
-68
-75
-83
-89
-96
-102
-108
-110
-111
-112
-112
-114
-119
-121
-121
-119
-119
-118
-116
-113
-107
-101
-97
-95
-91
-86
-80
-73
-63
-53
-45
-37
-29
-20
-11
-3
4
15
25
33
40
49
55
59
63
65
66
72
80
89
92
97
104
108
114
119
122
122
125
127
131
131
128
124
122
119
116
110
101
87
74
62
52
44
31
18
7
-2
-10
-20
-27
-34
-39
-44
-49
-53
-56
-56
-55
-51
-47
-44
-39
-37
-34
-32
-29
-26
-21
-19
-16
-13
-5
1
5
7
5
5
5
6
6
2
-3
-8
-9
-8
-9
-13
-17
-21
-26
-31
-35
-38
-44
-49
-53
-60
-66
-69
-72
-76
-81
-83
-83
-82
-79
-80
-80
-79
-77
-77
-76
-71
-67
-62
-60
-54
-47
-37
-29
-19
-9
1
10
19
25
29
39
48
59
71
79
86
94
104
111
114
116
115
115
117
119
121
118
115
112
109
105
98
90
81
75
69
67
63
57
53
48
43
37
27
15
4
-5
-14
-23
-34
-44
-52
-60
-65
-73
-80
-87
-92
-98
-103
-106
-109
-113
-112
-114
-115
-115
-114
-111
-109
-104
-94
-84
-77
-72
-66
-59
-52
-47
-42
-34
-23
-10
1
11
20
31
41
51
61
68
76
83
90
97
100
103
108
112
113
114
111
107
102
99
96
94
89
82
73
65
58
54
47
40
31
24
16
4
-10
-24
-38
-51
-61
-73
-84
-92
-97
-102
-104
-104
-104
-104
-104
-102
-103
-99
-96
-92
-87
-83
-79
-75
-70
-69
-63
-59
-56
-52
-50
-44
-38
-33
-24
-16
-9
-3
3
10
17
25
32
40
45
51
56
64
73
80
88
98
106
109
114
122
128
132
133
129
123
117
113
108
101
93
86
77
69
60
51
40
30
19
7
-4
-10
-17
-24
-28
-35
-41
-45
-47
-51
-56
-61
-65
-70
-72
-73
-75
-74
-74
-74
-73
-71
-68
-63
-59
-54
-50
-46
-44
-40
-35
-29
-21
-16
-14
-13
-10
-7
-5
-3
-2
-4
-4
-4
-4
-5
-5
-7
-8
-9
-9
-11
-11
-13
-18
-19
-21
-24
-29
-35
-40
-47
-52
-56
-58
-63
-63
-60
-55
-47
-39
-31
-22
-14
-8
-2
5
13
17
24
30
33
37
43
49
53
55
55
57
63
70
78
82
86
92
98
103
107
109
110
110
110
107
100
92
86
80
74
69
63
54
45
37
32
28
21
15
11
4
-1
-3
-6
-12
-21
-28
-35
-39
-42
-49
-56
-60
-64
-65
-65
-67
-68
-67
-67
-65
-64
-66
-68
-70
-68
-65
-64
-65
-65
-60
-56
-52
-49
-47
-42
-37
-32
-26
-22
-22
-23
-22
-21
-21
-21
-22
-21
-20
-20
-19
-18
-18
-17
-14
-12
-12
-11
-9
-7
-4
1
8
15
19
25
30
34
35
39
45
48
51
54
55
54
56
58
62
63
62
60
58
57
52
46
39
35
33
28
23
21
16
12
7
5
4
3
1
-3
-5
-6
-5
-4
-6
-9
-8
-7
-5
-2
-2
-2
-2
-3
-3
-6
-10
-14
-20
-24
-29
-35
-40
-44
-48
-51
-57
-61
-61
-58
-55
-50
-45
-40
-38
-34
-30
-27
-24
-22
-20
-21
-20
-20
-19
-18
-17
-15
-12
-10
-7
-2
3
5
10
15
20
29
37
44
50
55
58
61
65
68
71
75
76
78
80
80
79
79
79
77
73
67
61
56
51
46
40
36
29
21
16
11
3
-3
-7
-11
-17
-22
-27
-33
-37
-39
-38
-38
-39
-40
-41
-43
-43
-46
-48
-51
-55
-59
-62
-65
-67
-69
-68
-69
-71
-72
-73
-73
-73
-70
-68
-64
-61
-56
-51
-48
-47
-45
-42
-38
-33
-31
-27
-23
-16
-9
0
7
14
21
29
34
40
45
50
53
55
58
61
64
68
68
70
70
70
68
65
65
64
65
62
58
53
49
45
41
38
36
32
25
22
17
10
6
0
-5
-11
-15
-18
-20
-22
-24
-27
-29
-31
-33
-37
-35
-31
-27
-25
-24
-23
-23
-21
-16
-15
-14
-13
-12
-9
-6
-3
-1
0
1
3
3
1
2
2
-1
-4
-5
-5
-4
-4
-3
-1
-2
-4
-5
-8
-12
-15
-16
-19
-20
-22
-25
-27
-28
-30
-32
-31
-29
-23
-20
-17
-15
-11
-4
2
9
14
17
23
30
36
36
37
41
43
43
42
39
36
35
36
35
33
29
25
23
20
16
12
9
5
1
-4
-6
-7
-10
-9
-10
-10
-9
-7
-7
-9
-10
-8
-6
-5
-6
-7
-8
-9
-4
0
3
5
2
-1
0
3
4
3
0
-5
-7
-10
-12
-16
-18
-20
-19
-19
-24
-29
-34
-39
-39
-37
-35
-35
-34
-30
-26
-24
-24
-21
-19
-14
-12
-9
-7
-6
-4
-1
3
6
10
13
15
20
23
27
32
35
38
35
33
