11
8
7
7
5
4
3
1
0
-2
-3
-4
-5
-5
-7
-7
-8
-10
-9
-9
-11
-12
-12
-12
-14
-14
-14
-14
-15
-14
-14
-13
-13
-11
-10
-9
-8
-8
-7
-7
-5
-4
-2
-1
-1
0
2
3
4
6
7
7
9
11
13
14
15
16
17
16
16
16
16
15
15
15
14
13
12
12
12
12
10
10
10
7
6
5
2
0
-1
-2
-4
-5
-7
-8
-11
-12
-12
-14
-16
-16
-17
-16
-16
-17
-17
-17
-17
-17
-18
-17
-18
-17
-17
-17
-16
-15
-13
-11
-11
-10
-8
-7
-7
-5
-2
0
2
4
6
9
10
11
15
15
15
15
17
17
16
17
15
15
15
14
12
13
12
12
12
10
10
8
9
9
8
9
7
6
6
7
5
2
2
0
-2
-3
-5
-6
-6
-8
-10
-11
-11
-11
-11
-11
-11
-10
-9
-9
-9
-8
-9
-8
-7
-7
-6
-6
-5
-6
-6
-6
-5
-4
-4
-3
-2
-2
-1
-1
1
1
2
5
7
6
7
8
8
9
10
11
10
10
11
12
12
11
9
10
9
9
8
7
5
4
2
2
1
0
-2
-5
-7
-8
-10
-11
-8
-9
-9
-10
-11
-11
-10
-10
-7
-8
-9
-9
-8
-8
-8
-8
-8
-8
-8
-5
-6
-5
-4
-2
-1
0
0
2
5
5
6
6
7
8
9
9
9
10
11
11
11
13
13
13
14
14
14
15
14
14
14
13
12
11
9
7
8
7
5
2
1
0
-2
-3
-4
-7
-9
-10
-11
-12
-12
-13
-15
-14
-15
-16
-15
-15
-16
-16
-15
-15
-14
-14
-14
-13
-12
-12
-10
-9
-8
-8
-8
-6
-5
-5
-5
-4
-3
-4
-3
-2
-3
1
0
2
4
6
7
8
9
12
13
13
12
12
11
9
9
9
8
8
7
6
6
6
5
6
5
4
2
1
2
0
0
-1
-1
1
0
-1
-2
-2
-4
-2
-3
-2
-3
-3
-3
-3
-3
-2
-1
-1
-2
0
1
3
3
4
4
4
5
5
6
7
10
10
11
12
11
9
9
7
8
8
10
9
10
9
8
7
6
6
5
5
5
4
4
4
4
2
2
2
0
-2
-3
-6
-7
-8
-9
-12
-14
-16
-17
-16
-18
-19
-18
-19
-18
-19
-19
-18
-16
-16
-15
-13
-12
-11
-11
-11
-10
-9
-9
-9
-8
-6
-5
-3
-1
-1
0
2
3
5
6
8
9
12
14
15
17
18
18
17
17
17
16
15
14
12
12
11
11
9
7
6
3
2
-2
-2
-3
-5
-6
-7
-9
-10
-9
-10
-10
-10
-9
-11
-11
-11
-11
-12
-12
-11
-11
-11
-11
-11
-11
-12
-12
-10
-8
-9
-8
-5
-2
0
2
4
3
4
6
7
9
11
11
12
13
15
16
17
17
18
20
19
20
20
23
24
24
24
24
25
25
23
21
19
19
16
13
9
8
5
2
0
-1
-3
-3
-5
-6
-7
-8
-8
-9
-9
-11
-12
-13
-15
-15
-17
-18
-19
-21
-21
-22
-23
-24
-25
-24
-24
-25
-24
-25
-23
-22
-19
-17
-14
-11
-9
-7
-3
0
2
4
5
8
9
11
11
11
12
10
10
9
8
8
7
3
3
3
1
1
2
2
4
3
6
7
8
11
12
15
15
17
16
17
16
15
13
12
9
6
3
-1
-5
-8
-11
-14
-17
-18
-20
-22
-22
-22
-22
-23
-23
-20
-21
-19
-18
-17
-15
-14
-13
-12
-11
-11
-10
-9
-7
-7
-4
-2
-2
1
3
5
8
10
11
12
13
16
17
19
20
19
21
21
21
21
20
19
19
19
19
21
21
22
23
24
25
25
24
24
24
23
22
20
19
17
13
9
6
2
-1
-4
-5
-7
-8
-8
-8
-8
-9
-8
-8
-9
-9
-9
-11
-11
-13
-13
-13
-13
-13
-15
-15
-15
-16
-16
-14
-14
-13
-13
-13
-13
-14
-15
-16
-16
-18
-21
-20
-19
-19
-18
-16
-12
-9
-7
-4
-3
-2
1
4
5
5
4
5
6
5
6
5
4
2
3
2
2
3
5
5
6
9
9
10
11
11
10
10
9
8
6
5
3
2
0
-2
-4
-6
-6
-6
-4
-3
-3
-3
-3
-2
-1
0
0
1
2
3
3
3
1
1
0
-1
-1
-1
-4
-5
-5
-6
-6
-6
-7
-7
-5
-4
-3
-1
3
5
8
10
10
12
12
13
14
12
11
9
7
6
5
3
2
0
-2
-2
-2
-2
-1
0
1
2
1
3
4
3
3
4
4
3
3
4
3
2
1
1
-1
-2
-4
-4
-4
-5
-6
-7
-8
-7
-8
-8
-8
-9
-9
-9
-10
-10
-10
-8
-6
-5
-2
-2
-1
0
0
1
2
2
2
4
4
4
4
5
5
5
6
5
4
3
5
4
6
7
9
10
11
12
12
13
11
10
7
7
6
5
4
3
4
4
5
6
7
6
7
8
8
9
8
7
4
2
1
-1
-2
-4
-7
-9
-11
-13
-14
-14
-16
-18
-19
-19
-19
-19
-16
-17
-16
-14
-13
-12
-11
-10
-11
-9
-9
-7
-7
-8
-8
-8
-9
-10
-11
-11
-11
-11
-10
-9
-8
-5
-3
0
3
5
7
10
12
14
14
14
14
14
14
14
12
9
9
9
7
7
8
6
6
6
8
7
7
7
7
7
6
5
4
4
3
2
3
3
3
3
4
3
2
2
1
-2
-2
-5
-6
-7
-8
-8
-9
-8
-8
-8
-6
-7
-7
-7
-6
-5
-4
-3
-1
0
2
2
0
1
0
-1
-1
-1
0
1
1
2
2
5
6
5
6
6
7
9
10
11
12
13
14
16
17
16
16
14
13
12
9
8
5
4
3
2
1
1
0
0
-1
-1
-1
-2
-1
-2
-2
-2
-4
-4
-6
-8
-9
-11
-14
-16
-17
-19
-20
-20
-20
-21
-18
-17
-16
-14
-12
-10
-8
-5
-4
-3
2
2
3
4
4
3
4
2
1
0
-1
-2
-2
-1
-2
-1
0
0
0
3
4
4
6
7
8
9
12
11
11
12
11
9
9
8
7
4
2
0
-2
-4
-6
-6
-6
-4
-4
-2
-2
-2
0
0
0
0
0
1
-1
-1
-1
-3
-4
-4
-6
-6
-8
-8
-10
-9
-7
-8
-8
-7
-6
-6
-4
-4
-4
-3
-4
-4
-3
-4
-5
-3
-1
0
2
0
2
3
6
7
9
8
9
9
9
9
8
8
7
8
8
7
8
8
8
10
10
10
11
10
11
12
10
9
7
7
6
5
5
4
6
6
7
8
9
9
10
9
8
7
7
5
4
2
1
0
-2
-5
-8
-11
-11
-14
-15
-16
-17
-18
-16
-15
-15
-15
-14
-14
-14
-14
-13
-13
-12
-12
-9
-6
-6
-2
0
1
2
3
3
3
3
2
2
0
0
-1
-1
0
0
-2
-1
0
1
2
2
3
2
3
3
3
4
5
5
5
5
5
6
4
5
5
4
4
3
4
4
5
5
4
4
3
3
3
2
1
1
-1
-1
-3
-3
-4
-6
-7
-8
-7
-7
-7
-8
-7
-7
-6
-5
-3
-4
-2
0
1
1
0
-1
-2
-1
-2
-1
-1
-2
-2
-3
-2
-3
-3
-4
-4
-4
-4
-4
-3
-2
-2
-1
-1
0
0
2
2
2
3
4
6
7
6
6
6
6
5
5
5
4
3
2
1
1
0
2
2
3
4
4
6
6
6
6
6
5
5
5
5
6
5
4
4
2
3
1
0
-1
-1
-1
0
-2
-1
-1
-1
1
1
2
2
4
4
4
5
6
7
6
7
8
8
7
6
5
4
2
1
1
-1
-3
-4
-5
-7
-7
-8
-9
-10
-9
-8
-7
-7
-6
-7
-5
-6
-6
-6
-6
-5
-5
-5
-5
-6
-6
-6
-7
-8
-6
-6
-5
-3
-2
-2
-2
-4
-5
-5
-6
-7
-7
-8
-9
-8
-7
-6
-5
-2
-1
0
0
1
2
2
4
8
8
10
11
9
8
7
5
4
3
4
5
6
4
4
3
3
2
2
2
3
4
6
5
6
5
2
2
1
0
2
1
1
0
0
1
-1
-2
-1
-1
1
2
2
2
-1
0
0
-2
-3
-5
-4
-4
-6
-5
-7
-6
-5
-3
-1
1
3
5
5
7
8
8
7
7
6
7
5
3
2
1
1
-1
-1
-1
-2
-3
-2
-1
-1
2
2
3
3
3
4
5
3
5
4
3
3
2
5
3
1
0
-3
-5
-8
-10
-9
-9
-8
-9
-8
-6
-6
-5
-5
-4
-4
-3
-1
-3
-3
-3
-5
-5
-3
-1
0
1
3
4
5
6
7
7
7
7
6
5
3
-1
-2
-3
-4
-5
-4
-3
0
3
6
7
8
8
10
8
8
8
7
4
4
2
-2
-3
-6
-5
-6
-5
-4
-4
-6
-6
-6
-6
-7
-8
-7
-8
-7
-6
-6
-7
-8
-9
-10
-9
-8
-7
-7
-5
-4
-5
-4
-4
-3
-3
-1
-1
-2
-2
-2
-1
-2
-4
-5
-6
-5
-3
1
1
4
5
4
5
7
9
10
13
13
12
11
8
4
2
1
0
-1
0
3
2
2
1
0
0
1
5
8
11
13
11
10
8
7
6
4
2
1
1
-1
-4
-6
-9
-10
-10
-10
-8
-6
-2
1
5
5
6
8
9
8
10
8
9
10
8
7
7
6
4
2
0
-2
-3
-3
-3
-4
-1
-1
-1
0
-1
-2
-1
0
-1
0
-1
-2
0
-1
0
2
5
6
8
10
11
10
9
8
5
2
-2
-4
-6
-8
-10
-12
-11
-10
-10
-9
-6
-4
-2
1
2
4
6
6
7
7
6
3
0
0
-3
-6
-6
-7
-9
-12
-13
-15
-17
-18
-17
-16
-14
-12
-9
-8
-7
-5
-6
-5
-6
-7
-9
-10
-12
-13
-11
-12
-8
-7
-6
-5
-4
-4
-4
-3
-2
-2
-4
-3
-5
-6
-8
-7
-5
-6
-5
-4
-4
-6
-4
-3
0
3
8
11
11
13
12
14
13
14
15
14
15
15
16
15
15
15
17
15
13
13
11
10
9
8
8
8
8
11
12
11
12
10
10
8
5
3
3
4
5
7
9
9
9
9
8
7
3
-1
-6
-10
-15
-18
-20
-23
-22
-20
-18
-18
-17
-15
-12
-9
-5
-1
2
8
11
14
15
15
15
13
15
17
17
18
16
12
7
1
-1
-3
-2
1
6
9
13
15
18
18
21
23
24
27
29
28
26
22
15
11
4
1
0
-1
1
2
1
-3
-8
-11
-16
-19
-21
-20
-23
-21
-19
-23
-28
-35
-43
-47
-51
-52
-48
-48
-47
-44
-42
-42
-37
-34
-28
-22
-17
-14
-15
-16
-19
-20
-21
-22
-21
-19
-17
-15
-12
-9
-6
-4
-1
0
0
1
6
10
13
19
20
20
20
19
19
20
26
33
39
45
51
52
50
48
45
42
39
35
32
29
24
22
14
6
2
-3
-5
-4
0
7
9
10
9
5
0
-2
-2
-1
1
4
3
-2
-8
-15
-22
-29
-30
-29
-27
-23
-20
-15
-14
-12
-11
-12
-13
-11
-11
-8
-5
-2
-1
-2
0
1
1
1
2
5
7
15
18
21
24
23
22
21
24
25
30
31
32
35
34
31
30
30
26
26
23
21
18
11
7
1
-5
-9
-10
-11
-12
-11
-8
-7
-8
-7
-7
-12
-16
-16
-20
-21
-20
-19
-16
-18
-18
-17
-21
-24
-26
-32
-38
-43
-48
-51
-55
-53
-49
-47
-44
-39
-33
-28
-20
-15
-4
3
7
13
15
14
16
15
14
13
15
18
19
19
19
15
12
13
12
11
13
15
17
16
15
14
9
4
5
2
1
2
5
4
-1
-5
-10
-14
-17
-14
-7
1
11
19
23
24
22
17
12
9
10
9
11
10
7
3
-3
-6
-8
-11
-10
-8
-6
-8
-6
-7
-11
-12
-13
-16
-18
-15
-13
-11
-8
-2
3
4
7
8
8
7
9
9
11
12
12
12
10
10
8
6
5
5
4
2
-1
-6
-11
-17
-22
-25
-22
-20
-18
-14
-9
-5
0
3
6
5
4
2
2
2
3
5
6
5
5
6
6
9
16
19
23
27
29
26
24
23
22
26
31
36
38
42
44
47
50
53
54
56
57
54
49
43
36
31
33
39
44
50
56
53
43
31
14
2
-8
-12
-8
-7
-7
-13
-29
-50
-71
-85
-91
-85
-73
-64
-61
-70
-92
-121
-151
-171
-178
-173
-161
-147
-141
-145
-159
-179
-193
-200
-194
-181
-167
-155
-150
-150
-150
-145
-131
-105
-72
-38
-3
26
47
65
78
93
107
120
136
152
166
181
197
215
231
242
250
253
252
252
254
259
264
274
284
286
285
282
272
261
252
247
245
248
247
242
230
209
180
145
112
84
62
47
31
10
-19
-54
-96
-140
-181
-217
-248
-277
-309
-347
-387
-428
-462
-482
-492
-497
-501
-512
-526
-541
-552
-551
-536
-517
-492
-468
-453
-440
-422
-390
-340
-272
-190
-106
-29
34
85
126
164
204
247
285
320
346
370
393
418
453
498
545
577
593
586
561
540
533
542
561
583
593
577
537
489
441
409
401
408
414
403
370
314
244
176
116
73
50
38
25
7
-24
-73
-133
-194
-257
-310
-351
-382
-411
-446
-489
-545
-610
-673
-721
-743
-743
-726
-708
-701
-706
-727
-751
-768
-769
-749
-717
-678
-638
-604
-564
-509
-434
-340
-236
-137
-55
7
46
81
126
195
285
386
480
547
571
569
554
555
591
659
744
810
839
817
753
675
614
592
609
648
682
684
649
577
490
413
353
323
315
317
315
296
265
223
176
136
103
82
66
51
24
-21
-83
-163
-246
-325
-391
-437
-475
-505
-542
-591
-649
-710
-762
-793
-806
-806
-799
-802
-811
-823
-832
-827
-797
-753
-697
-646
-611
-587
-559
-512
-431
-322
-195
-76
15
79
125
158
204
287
398
521
619
670
657
600
548
533
571
662
776
871
913
886
804
705
628
598
617
659
690
682
624
527
411
310
251
235
264
305
337
341
302
235
151
79
36
26
42
63
64
26
-46
-143
-247
-336
-397
-432
-450
-475
-522
-596
-694
-792
-871
-919
-929
-914
-888
-872
-874
-890
-911
-927
-926
-902
-872
-839
-814
-787
-745
-674
-566
-432
-287
-155
-53
27
92
153
234
344
473
591
665
689
656
601
562
576
643
749
874
964
987
942
847
743
663
637
661
703
736
732
678
584
469
369
311
304
338
393
441
450
409
327
222
125
62
44
67
98
119
101
33
-70
-190
-299
-372
-410
-423
-436
-476
-547
-652
-769
-872
-936
-952
-927
-884
-850
-842
-858
-886
-911
-922
-910
-874
-831
-793
-759
-724
-667
-584
-473
-341
-208
-93
8
95
165
226
300
398
491
557
592
588
553
525
540
593
681
792
897
947
929
862
769
683
636
625
640
655
645
605
531
438
354
298
290
312
349
395
413
387
322
238
154
83
61
81
122
163
185
165
100
2
-103
-194
-260
-300
-334
-381
-455
-557
-669
-777
-858
-892
-886
-856
-819
-798
-799
-817
-846
-874
-899
-904
-889
-871
-847
-809
-755
-669
-557
-429
-294
-176
-62
50
141
209
268
345
438
507
545
545
509
471
465
501
563
654
756
822
819
764
687
607
558
547
560
574
565
523
452
365
281
220
199
209
231
273
308
308
273
215
155
96
64
75
106
146
183
197
165
92
-1
-81
-147
-189
-222
-260
-317
-400
-503
-609
-697
-757
-777
-771
-745
-718
-710
-714
-732
-752
-768
-783
-789
-785
-776
-739
-690
-617
-513
-401
-275
-173
-75
43
160
262
346
426
511
565
571
549
495
453
457
502
562
635
711
762
761
711
655
598
564
553
544
530
487
412
321
231
160
111
93
111
139
185
231
246
228
183
128
69
21
16
44
79
117
141
127
81
5
-73
-127
-171
-197
-234
-300
-374
-462
-554
-648
-731
-784
-805
-798
-769
-740
-714
-684
-670
-682
-715
-748
-768
-766
-728
-647
-551
-450
-339
-243
-176
-112
-15
113
240
367
472
553
608
609
561
487
425
414
455
517
569
623
685
700
653
595
543
498
491
509
496
443
377
303
208
107
33
-4
22
76
121
184
235
230
192
157
123
78
66
104
137
166
214
230
187
129
70
14
-31
-69
-102
-147
-205
-282
-391
-508
-615
-710
-769
-781
-745
-707
-682
-657
-664
-696
-731
-753
-757
-742
-689
-626
-570
-503
-436
-384
-329
-243
-121
41
237
384
457
502
551
532
437
386
362
346
390
487
546
542
568
592
518
438
415
400
401
459
507
459
371
270
147
50
-8
-25
7
105
193
241
304
314
257
212
200
190
150
148
197
216
214
224
207
142
53
0
-34
-62
-64
-80
-129
-195
-278
-413
-563
-679
-770
-818
-791
-718
-679
-672
-649
-648
-705
-756
-758
-742
-711
-615
-508
-440
-392
-364
-303
-230
-138
11
223
401
484
601
606
448
398
546
592
419
405
603
729
690
495
435
638
675
362
-34
-71
118
129
2
-61
119
286
207
62
20
85
226
330
396
547
730
752
641
572
469
288
159
128
106
87
134
99
-66
-236
-368
-495
-645
-673
-554
-443
-349
-315
-375
-471
-595
-700
-768
-778
-717
-589
-478
-548
-718
-810
-891
-1078
-1196
-1119
-916
-636
-393
-208
2
205
299
339
558
1011
1389
1543
1657
1783
1607
966
367
-19
-387
-609
-597
-557
-514
-319
-321
-689
-880
-742
-663
-579
-73
677
1168
1464
1770
1956
1830
1526
1372
1260
1053
925
898
722
310
-24
-305
-784
-1235
-1377
-1291
-1212
-1034
-659
-309
-132
-118
-101
-66
-102
-72
89
262
309
206
85
-110
-435
-728
-918
-967
-952
-893
-817
-797
-833
-920
-1076
-1217
-1179
-1089
-1016
-747
-253
44
138
414
629
671
1131
1895
1954
1741
2108
2082
985
35
-143
-609
-1011
-575
-365
-540
-148
148
-631
-1132
-561
-413
-522
340
1312
1485
1657
2036
1751
1412
1451
1209
885
989
1080
596
213
-76
-625
-962
-1056
-1237
-1331
-917
-507
-511
-425
-157
-103
-265
-187
13
-37
-50
118
115
-217
-507
-690
-1015
-1237
-1200
-1089
-1062
-912
-729
-729
-728
-658
-574
-675
-682
-637
-737
-844
-826
-495
-241
-35
282
396
356
455
1240
1819
1728
2138
2592
2116
819
61
-415
-1082
-753
-314
-382
120
1033
523
-848
-772
-550
-1103
-697
599
1299
1637
2408
2382
1706
1662
1436
833
760
1110
882
535
508
-87
-777
-937
-1190
-1711
-1553
-895
-636
-544
-270
-148
-384
-527
-491
-424
-293
3
278
269
20
-369
-793
-1247
-1494
-1534
-1381
-1063
-816
-694
-666
-773
-925
-1015
-1090
-1083
-959
-775
-783
-706
-259
127
429
639
561
577
1136
2094
2239
2009
2632
2964
1996
459
-269
-781
-1142
-777
-819
-689
516
1204
113
-739
-318
-613
-933
81
1089
1554
2307
2882
2307
1828
1730
999
472
575
501
109
93
-84
-747
-971
-1073
-1501
-1727
-1283
-819
-570
-243
-90
-19
-166
-447
-568
-465
-435
-408
92
255
-209
-708
-1044
-1492
-1935
-1859
-1642
-1293
-721
-395
-336
-407
-453
-832
-1238
-1137
-1129
-1038
-791
-238
220
379
765
656
498
440
819
1758
2098
2088
2460
3204
2776
1267
260
-430
-720
-727
-985
-854
441
1453
611
-221
-151
-482
-859
-406
366
908
1756
2452
2403
2213
1826
1133
528
279
-64
-273
-175
-282
-548
-700
-759
-1141
-1511
-1449
-1165
-938
-908
-704
-332
-258
-466
-651
-529
-505
-468
-242
-113
-239
-724
-1037
-1301
-1538
-1624
-1448
-1022
-832
-613
-449
-498
-679
-899
-1087
-1263
-1213
-1066
-911
-501
224
792
1070
1279
1238
1055
1279
2139
2191
1864
2608
3440
3005
1689
772
-154
-691
-811
-1395
-1270
394
1520
861
401
653
164
-327
-57
254
737
1645
2301
2361
2453
2094
1066
347
-184
-803
-1120
-937
-851
-801
-458
-511
-914
-1244
-1379
-1474
-1481
-1323
-993
-334
14
-115
-201
-241
-517
-874
-905
-894
-1005
-1120
-1154
-1182
-1360
-1445
-1321
-1140
-997
-705
-510
-543
-571
-603
-1061
-1266
-1108
-1073
-906
-445
230
494
855
845
596
951
1817
2555
2272
2322
3003
3327
2571
1320
549
-18
-147
-502
-1134
-479
1032
1267
399
191
223
-193
-158
96
277
855
1672
2141
2289
2343
1708
951
462
-151
-616
-713
-671
-881
-748
-534
-757
-1078
-1348
-1383
-1382
-1396
-1419
-1003
-348
-291
-401
-382
-392
-550
-672
-603
-610
-780
-1004
-1032
-1117
-1369
-1330
-1085
-902
-644
-462
-566
-668
-752
-1057
-1376
-1477
-1340
-1088
-712
-115
495
955
811
564
690
1118
2022
2670
2861
3495
4207
3569
1775
559
-241
-1015
-1128
-1138
-777
632
1735
1083
238
221
-263
-790
-568
-47
572
1541
2496
2787
2769
2256
1397
694
-8
-655
-938
-702
-577
-501
-276
-328
-734
-1250
-1508
-1622
-1727
-1745
-1371
-701
-437
-482
-470
-375
-432
-659
-807
-865
-955
-1147
-1114
-950
-1058
-1156
-932
-703
-675
-613
-583
-610
-685
-1030
-1400
-1589
-1524
-1312
-1009
-368
187
640
752
543
661
1125
2133
2662
2683
3198
3812
3465
1978
837
40
-544
-592
-879
-861
424
1464
827
19
74
-209
-543
-217
114
576
1426
2268
2557
2603
2229
1316
716
240
-371
-712
-498
-434
-567
-383
-367
-720
-1155
-1403
-1609
-1623
-1582
-1395
-791
-512
-658
-689
-495
-530
-754
-840
-852
-779
-820
-854
-678
-723
-950
-967
-696
-617
-717
-588
-507
-523
-804
-1287
-1650
-1826
-1850
-1689
-918
16
713
1135
1142
1073
1279
2169
2519
2442
3151
3924
3512
2051
1010
24
-815
-963
-1231
-1260
-32
989
470
-63
41
-361
-678
-178
285
764
1770
2694
2970
2993
2562
1660
857
187
-503
-832
-673
-588
-455
-200
-278
-724
-1169
-1495
-1799
-1879
-1808
-1433
-650
-242
-277
-345
-203
-213
-541
-708
-775
-812
-983
-995
-795
-811
-814
-860
-771
-634
-742
-822
-789
-834
-1219
-1495
-1544
-1654
-1766
-1396
-584
293
1052
1116
848
779
1356
2171
2249
2501
3243
3555
2802
1585
518
-565
-893
-920
-1351
-886
602
1158
483
97
-213
-843
-664
45
526
1224
2329
3125
3355
3204
2333
1191
330
-390
-886
-796
-482
-308
24
312
125
-422
-965
-1474
-1764
-1818
-1790
-1247
-455
-212
-317
-289
-328
-600
-870
-1005
-1096
-1098
-1132
-992
-794
-810
-789
-797
-590
-523
-518
-598
-669
-999
-1686
-1911
-2125
-2320
-2176
-1413
-489
487
1105
792
438
863
1883
2320
2485
3207
3926
3471
1961
750
-191
-896
-990
-959
-762
457
1436
723
-112
-427
-1081
-1354
-462
470
1179
2420
3498
3827
3604
2875
1860
923
22
-717
-695
-305
-152
6
282
354
1
-588
-1155
-1504
-1709
-1776
-1415
-692
-341
-439
-377
-311
-538
-953
-1158
-1179
-1281
-1382
-1281
-935
-885
-957
-862
-671
-622
-739
-692
-721
-1070
-1582
-1858
-2074
-2231
-2178
-1530
-922
-241
545
424
377
986
2186
2489
2539
3387
3534
2866
1764
597
-400
-541
-232
-606
-352
1105
1558
529
-312
-616
-1161
-1094
-19
758
1564
2846
3774
3798
3468
2782
1690
1006
357
-454
-622
-321
-385
-438
-155
-194
-398
-504
-816
-1096
-1119
-1216
-1151
-567
-350
-622
-601
-416
-598
-987
-1132
-1167
-1224
-1498
-1623
-1402
-1273
-1236
-1127
-785
-526
-596
-667
-651
-945
-1442
-1794
-2037
-2413
-2441
-1640
-966
-393
117
91
169
929
2134
2196
2263
3172
3460
2726
1587
673
-327
-502
-146
-395
-82
1316
1787
741
-193
-703
-1312
-1096
-143
591
1602
2954
3797
3869
3519
2707
1801
1168
364
-287
-239
-55
-320
-396
-274
-493
-675
-804
-894
-859
-734
-709
-517
-154
-262
-513
-517
-506
-651
-899
-1030
-1034
-1112
-1370
-1516
-1446
-1584
-1573
-1332
-1111
-832
-647
-653
-924
-1224
-1431
-1678
-1855
-2187
-2030
-1264
-591
-113
-284
-295
192
1323
2282
2417
3101
3490
2868
1603
465
-338
-767
-336
-182
-118
993
1940
1401
215
-477
-1076
-1222
-356
474
1274
2588
3797
4066
3646
3016
2206
1509
849
174
-47
151
55
-399
-630
-764
-942
-1142
-1245
-1038
-713
-439
-228
26
46
-201
-329
-371
-539
-901
-1118
-1228
-1418
-1703
-1763
-1436
-1478
-1577
-1422
-1266
-1146
-1098
-990
-1246
-1431
-1485
-1610
-1680
-1888
-1591
-1303
-929
-298
-313
-482
-90
1302
1902
1717
2525
2908
2251
1304
430
-369
-353
272
-100
-213
1033
1657
911
69
-288
-749
-551
480
1131
1653
2562
3309
3189
2969
2696
2100
1829
1531
875
619
930
492
-411
-676
-846
-1037
-1030
-985
-842
-429
-256
-325
15
124
-329
-382
-14
-109
-293
-547
-989
-1476
-1988
-2155
-2020
-1640
-1369
-1111
-697
-554
-786
-1207
-1642
-1827
-1903
-1903
-1674
-1426
-1139
-766
-349
-603
-1100
-960
-301
905
1872
2230
2546
2725
1626
-226
-805
-690
-543
268
771
803
1505
1687
287
-1029
-1328
-1305
-498
1034
2046
2829
3616
3506
2573
1836
1498
1374
1501
1622
1593
1626
1405
537
-519
-1112
-1291
-1276
-1023
-562
-124
15
-76
-306
-513
-626
-508
-184
121
420
422
64
-589
-1464
-2222
-2390
-2122
-1924
-1550
-898
-523
-675
-740
-1066
-1838
-2064
-1978
-1920
-1793
-1150
-478
-382
127
-165
-1134
-1058
232
1305
1455
2185
2512
1587
189
-996
-1633
-1362
-100
528
423
1298
2068
1115
-363
-1109
-1564
-1320
383
1865
2619
3535
3868
3126
2188
1602
1205
1263
1541
1453
1551
1699
1171
8
-978
-1495
-1497
-1043
-709
-215
258
244
-83
-191
-326
-732
-630
-45
476
734
815
526
-356
-1377
-2005
-2150
-2184
-2000
-1720
-1326
-905
-938
-1264
-1703
-1742
-1938
-1899
-1398
-1078
-466
-8
238
69
-373
-380
-97
1112
1897
1826
2152
1843
151
-1588
-1922
-1985
-1635
-378
100
382
1435
1370
-89
-943
-1001
-1051
-70
1578
2460
3149
3655
3287
2219
1559
1521
1656
1936
2057
1918
1582
921
-178
-1263
-1658
-1501
-987
-376
267
610
476
32
-424
-563
-599
-239
305
943
1151
735
167
-757
-1540
-2055
-1945
-1512
-1361
-1141
-1266
-1540
-1819
-2015
-2171
-2114
-1609
-1270
-1060
-779
-259
-102
131
304
-163
-254
707
2066
2315
2077
1765
684
-853
-1999
-2381
-2075
-924
-182
-645
-620
207
53
-919
-1078
-804
-301
1154
2519
2784
2836
2802
2026
1440
1599
2037
2584
3049
2770
1978
1331
400
-846
-1699
-1840
-1374
-541
76
294
380
100
-446
-490
-181
-1
276
648
1024
1004
530
-117
-796
-1230
-1411
-1021
-736
-963
-1294
-1704
-2021
-2178
-1979
-2135
-2027
-1482
-1398
-1376
-994
-303
-183
52
632
512
532
1766
2600
2202
1951
1725
379
-1067
-1488
-1856
-1655
-529
-544
-1828
-1607
-581
-1065
-1665
-1084
-598
53
1648
2485
2288
2543
2642
1836
1538
2038
2315
2521
2697
2185
1588
1359
689
-400
-987
-1262
-1341
-1068
-770
-581
-403
-249
-275
3
364
382
416
487
657
588
260
97
-247
-607
-639
-553
-872
-1234
-1412
-1767
-1952
-1848
-1730
-1992
-1968
-1889
-1869
-1659
-1373
-698
-311
332
697
738
920
1719
2605
2289
2215
2213
1297
-74
-755
-1149
-1325
-662
-776
-2012
-1926
-919
-1273
-1934
-1425
-868
-279
1042
1677
1638
2149
2526
1912
1538
2098
2539
2642
2479
1986
1590
1320
738
-207
-783
-1013
-998
-913
-978
-870
-813
-856
-590
30
486
366
408
602
576
616
473
240
-111
-328
-354
-341
-479
-767
-1086
-1442
-1652
-1543
-1509
-1927
-2097
-2132
-2151
-1983
-1092
-478
-272
447
554
313
593
1534
2113
2254
2782
2511
1302
193
-557
-1033
-753
-49
-642
-1778
-1670
-1283
-1972
-2310
-1596
-1154
-445
779
1179
1144
1600
1686
1049
1269
2220
2841
3089
2791
2005
1284
956
405
-209
-417
-449
-477
-730
-1051
-1090
-1187
-1220
-755
-148
308
290
258
311
323
436
313
205
88
-37
99
77
-242
-368
-543
-887
-976
-916
-956
-1489
-1890
-2026
-2185
-1889
-1352
-774
-576
-117
282
-8
418
1818
2354
2303
2717
2229
652
-65
-46
-211
548
1100
-408
-1978
-1706
-1738
-2557
-2223
-1402
-1081
-264
519
308
400
1060
887
440
1275
2481
3047
3059
2481
1637
1237
1173
827
407
69
-288
-781
-1367
-1634
-1522
-1455
-1279
-757
-261
-105
-162
5
218
535
787
739
606
215
-50
65
68
-58
36
-158
-492
-531
-715
-1021
-1552
-1710
-1916
-2088
-1488
-1177
-915
-669
-299
-3
160
1511
2646
2298
1981
2196
1627
413
157
67
195
1089
709
-1499
-2290
-1268
-1547
-2253
-1680
-1050
-691
82
16
-660
166
1372
1020
779
1648
2347
2338
2115
1503
982
1209
1182
653
251
-72
-582
-1131
-1538
-1579
-1331
-1211
-1100
-626
-450
-466
-325
138
664
949
1034
671
353
-27
-262
-327
-364
-315
-114
-423
-667
-470
-795
-929
-970
-1098
-1307
-1463
-1218
-954
-268
22
-132
322
926
2181
2911
2258
1619
1864
1203
-307
-317
299
724
919
-386
-2492
-2201
-800
-1108
-1498
-754
-415
-333
-157
-529
-495
817
1491
942
1121
1833
2108
1708
1155
635
523
861
777
396
-36
-600
-1142
-1467
-1386
-1058
-889
-958
-915
-778
-862
-892
-376
360
627
801
646
155
-123
-191
-130
-159
-26
-105
-654
-804
-679
-722
-586
-620
-717
-640
-645
-610
-652
-525
-259
-234
5
759
1959
3103
2768
2006
1778
1482
736
167
422
842
1056
203
-1865
-2684
-1331
-807
-1280
-781
-164
-186
-186
-491
-832
174
1454
1175
908
1565
1918
1796
1559
1071
776
1049
801
107
-385
-882
-1445
-1734
-1671
-1372
-1115
-1107
-1217
-1368
-1404
-1398
-972
-66
491
469
142
-181
-385
-499
-96
210
155
191
-283
-920
-993
-782
-548
-573
-823
-924
-1070
-1008
-432
195
170
-15
119
244
1419
3354
3539
2523
2317
1700
465
644
1352
1361
1587
694
-2017
-3017
-1591
-860
-866
-380
-492
-862
-414
-314
-458
610
1640
1216
949
1378
1785
2063
1987
1508
1145
1168
946
319
-412
-1089
-1557
-1790
-1915
-1738
-1622
-1766
-1734
-1668
-1691
-1486
-955
-410
153
348
-29
-358
-415
-326
42
335
158
-106
-476
-867
-999
-671
-582
-848
-779
-972
-1274
-937
-505
-138
63
-33
209
836
2343
3665
3393
2467
1900
1602
1382
1632
1932
1782
1414
135
-2025
-2511
-1109
-392
-510
-614
-1097
-1423
-880
-372
-7
1052
1637
952
690
1255
1712
2100
2365
2007
1585
1476
824
-66
-478
-844
-1388
-1668
-1776
-1923
-1914
-2039
-2238
-2187
-1984
-1623
-1249
-814
-439
-357
-380
-543
-499
-216
-132
-17
-145
-612
-811
-834
-637
-334
-469
-863
-1249
-1340
-1002
-506
124
404
291
21
-146
872
2630
3365
2980
2298
1695
1555
1840
2107
2147
2168
1489
-582
-2113
-1389
-129
134
-148
-767
-1368
-1103
-543
-329
433
1522
1354
401
348
891
1516
2249
2258
1678
1568
1531
1066
634
328
-364
-1165
-1691
-2115
-2205
-2011
-1874
-1874
-1898
-2026
-2054
-1764
-1427
-1198
-1099
-991
-663
-452
-474
-236
-115
-337
-478
-522
-592
-592
-378
-436
-1056
-1212
-1058
-1238
-862
-93
149
-2
-17
221
988
2652
3075
1749
1471
2130
1968
1925
2559
2550
2376
1919
-246
-1584
-10
1182
196
-770
-1142
-1517
-940
-277
-380
359
1443
757
-305
174
1070
1685
2149
1901
1299
1442
1668
1223
1164
1142
180
-822
-1291
-1560
-1706
-1612
-1820
-2185
-2189
-2271
-2262
-1872
-1490
-1353
-1389
-1310
-1228
-1167
-940
-697
-628
-702
-723
-735
-702
-519
-318
-478
-604
-781
-1200
-1130
-532
76
335
243
-32
306
1943
2899
2201
1713
1609
1446
1580
1933
2001
2322
2400
583
-1171
-277
1382
1365
411
-483
-1219
-969
-254
-322
-19
1005
966
16
26
826
1444
1936
1839
1140
1025
1331
1162
1157
1336
802
-44
-673
-1212
-1498
-1389
-1446
-1769
-1895
-2096
-2339
-2179
-1805
-1626
-1663
-1711
-1750
-1521
-1091
-853
-768
-956
-1016
-1010
-1012
-772
-783
-738
-661
-883
-1079
-891
-333
-66
-14
-36
-164
752
2354
2693
1831
1334
1385
1521
1743
1796
1774
1992
1749
283
-914
103
1845
1860
612
-344
-606
-145
567
591
489
707
466
-177
-6
1070
1860
2053
1664
990
988
1230
1177
1170
1048
585
-6
-318
-521
-730
-837
-1147
-1530
-1695
-2001
-2190
-1829
-1526
-1576
-1790
-1969
-2047
-1884
-1324
-1044
-1004
-1020
-1320
-1397
-1229
-821
-774
-959
-944
-1323
-1349
-975
-581
-299
-368
-305
-30
1222
2765
2513
1552
1102
1300
1693
1917
1845
1320
1346
1040
-462
-865
801
2053
1441
259
-537
-595
436
1224
866
700
904
268
-181
568
1507
1873
1836
1414
822
1059
1509
1397
1313
982
205
-429
-508
-455
-567
-528
-904
-1384
-1549
-1848
-1910
-1561
-1345
-1683
-2172
-2237
-2165
-1841
-1243
-1109
-1230
-1348
-1577
-1597
-1181
-667
-640
-1089
-1357
-1574
-1551
-815
-236
-327
-707
-678
-37
1296
2747
2350
1176
1588
2108
1856
1973
2132
1731
1437
649
-1114
-881
1510
2034
515
-297
-303
104
1043
1181
498
603
796
100
69
1236
1899
1814
1645
1183
1104
1613
1668
1386
1289
830
46
-359
-431
-463
-459
-758
-1304
-1405
-1336
-1460
-1334
-1219
-1461
-1854
-2243
-2462
-2382
-1940
-1630
-1594
-1545
-1692
-1636
-1264
-876
-842
-1149
-1332
-1529
-1329
-682
-369
-404
-706
-845
-216
1269
2655
2410
1655
1561
1644
1842
2029
2088
1929
1632
754
-643
-461
1226
1738
635
-492
-769
-252
784
1347
997
742
551
77
270
1211
1862
1853
1480
1038
1139
1904
2264
1986
1545
743
-61
-329
-421
-578
-631
-891
-1563
-1858
-1614
-1500
-1408
-1259
-1468
-1891
-2092
-2120
-2195
-2073
-1912
-2093
-2284
-2243
-1846
-1329
-964
-858
-1183
-1486
-1725
-1626
-942
-346
-177
-615
-1022
-482
1010
2440
2261
1451
1497
1854
2065
2160
2053
1701
1463
717
-684
-474
1376
1986
866
-70
-81
483
1410
1592
959
697
664
335
507
1559
2164
1928
1400
959
1212
1912
2218
2029
1676
1011
253
-15
-140
-272
-429
-911
-1484
-1602
-1484
-1561
-1325
-1095
-1434
-1860
-2124
-2082
-1939
-1787
-1791
-2224
-2465
-2529
-2352
-1855
-1470
-1278
-1541
-1863
-1769
-1540
-1154
-822
-862
-1195
-971
323
1645
2003
1524
1105
1372
2147
2565
2201
1684
1474
1093
118
-312
718
1714
1249
-129
-843
-135
1420
2384
1891
988
672
598
792
1542
2175
2105
1416
751
806
1669
2553
2452
1704
958
425
448
527
346
-4
-731
-1383
-1647
-1474
-1228
-1285
-1263
-1416
-1758
-1928
-2021
-1904
-1802
-1837
-1995
-2280
-2306
-2331
-2361
-2058
-1902
-1927
-1957
-1988
-1803
-1484
-1049
-1070
-1485
-1172
-384
817
1714
1187
534
894
2036
2644
2383
2035
1238
676
393
-147
402
1710
1725
148
-891
-304
912
2092
2376
1487
692
611
928
1659
2644
2858
2008
1102
956
1666
2566
2857
2309
1229
319
223
633
805
481
-286
-1214
-1769
-1610
-1163
-978
-1046
-1513
-2051
-1958
-1527
-1271
-1402
-1802
-2035
-2109
-2119
-2182
-2174
-1877
-2011
-2374
-2419
-2392
-2023
-1585
-1439
-1477
-1528
-1103
-420
759
1496
616
53
706
1565
2051
2100
1761
1191
859
81
-612
665
2075
1247
-417
-867
-225
960
2070
1879
1159
1150
1098
1053
2032
3153
3013
2102
1263
990
1838
2995
3136
2344
1346
456
308
853
1000
540
-321
-1341
-1788
-1344
-753
-781
-1179
-1702
-2125
-1958
-1484
-1242
-1380
-1769
-2116
-2180
-2050
-2002
-1987
-2107
-2432
-2558
-2542
-2272
-1711
-1550
-1841
-1973
-1536
-714
341
989
343
-211
450
1150
1434
1569
1442
1019
696
131
-595
242
1802
1470
-191
-1091
-765
382
1740
2007
1122
536
481
826
1965
3234
3394
2561
1822
1702
2389
3331
3434
2790
1925
1017
699
1124
1410
1092
362
-525
-1305
-1393
-892
-777
-897
-1048
-1607
-2003
-1798
-1351
-1196
-1460
-1739
-2025
-2245
-2111
-1867
-1849
-2075
-2408
-2682
-2570
-1961
-1412
-1491
-1802
-1703
-1165
63
1018
316
-636
-379
461
977
1087
879
241
-91
-380
-1062
-330
1403
1331
-304
-1247
-956
32
1334
1792
947
425
658
865
1622
2942
3294
2514
1957
1960
2431
3461
4010
3363
2275
1556
1287
1296
1550
1433
676
-130
-731
-762
-481
-505
-662
-992
-1414
-1560
-1385
-1164
-1233
-1409
-1523
-1776
-1974
-1959
-2045
-2070
-1993
-2294
-2550
-2252
-1786
-1676
-1756
-1529
-1119
-231
682
94
-866
-373
548
609
244
4
-235
-195
-295
-1358
-1574
131
896
-430
-1428
-1136
-360
674
1277
722
81
316
642
1039
2179
2941
2463
1867
1926
2423
3137
3551
3212
2490
2030
1973
2054
2114
1953
1389
660
-13
-238
43
82
-216
-477
-832
-1190
-1183
-939
-979
-1272
-1365
-1508
-1842
-1806
-1606
-1624
-1674
-1906
-2140
-1985
-1641
-1392
-1273
-1113
-854
-264
474
174
-496
-102
396
229
-95
-638
-1270
-1215
-1015
-1871
-2306
-976
-261
-1226
-1792
-1420
-827
55
560
-14
-378
328
849
1041
1812
2397
2116
1801
1911
2307
2978
3399
3084
2465
2060
1873
1779
1769
1720
1468
964
397
400
776
748
506
260
-205
-667
-741
-593
-575
-627
-770
-1130
-1306
-1102
-992
-1108
-1280
-1543
-1665
-1461
-1133
-903
-873
-798
-372
485
1081
537
-239
-51
505
518
17
-620
-1214
-1460
-1731
-2625
-2732
-1363
-888
-2184
-3080
-2527
-1438
-480
-72
-548
-890
-453
-113
325
1479
2166
1682
1191
1406
2074
2911
3325
2805
1898
1384
1162
1103
1347
1456
1123
494
-36
90
500
664
777
775
466
-21
-230
-25
122
139
-90
-640
-974
-1019
-1024
-960
-854
-754
-719
-746
-674
-475
-113
422
1106
1633
1235
377
542
1426
1674
1105
262
-563
-1168
-1478
-2014
-2482
-1936
-1430
-2337
-3356
-3040
-2021
-1291
-1086
-1325
-1586
-1364
-909
-408
483
1256
1104
609
639
1274
2165
2633
2345
1752
1319
1036
886
1001
1077
696
35
-539
-605
-105
219
145
81
104
134
166
304
373
209
117
102
28
-47
-181
-298
-371
-445
-329
-121
-5
5
-11
289
1024
1895
2137
1433
1049
1748
2222
1700
998
609
192
-431
-1263
-1991
-1755
-921
-1287
-2721
-3220
-2491
-1740
-1422
-1422
-1567
-1515
-1332
-1210
-702
265
712
265
-154
115
865
1564
1731
1294
707
407
328
275
301
256
-159
-777
-1023
-664
-235
-172
-220
-286
-525
-646
-319
116
106
-152
-271
-279
-125
146
147
-146
-282
-73
252
560
772
747
818
1482
2512
2896
2227
1632
2041
2661
2533
1956
1483
973
282
-536
-1214
-938
-9
-309
-2018
-2973
-2320
-1341
-930
-961
-1242
-1501
-1520
-1341
-770
231
771
257
-523
-588
140
1016
1390
1087
408
-203
-478
-396
-72
146
-271
-1253
-1892
-1638
-1040
-709
-643
-819
-1210
-1424
-1180
-711
-376
-342
-603
-951
-991
-604
-195
-124
-245
-204
156
725
1226
1409
1490
2047
2887
3046
2452
2182
2689
3122
2791
2055
1535
1311
945
54
-768
-541
173
-177
-1530
-2276
-1721
-742
-281
-428
-786
-906
-732
-427
94
742
944
428
-239
-278
356
1014
1080
476
-319
-760
-821
-764
-623
-538
-892
-1646
-2099
-1876
-1460
-1240
-1207
-1446
-1872
-2047
-1784
-1392
-1149
-1053
-1166
-1432
-1449
-1106
-734
-548
-400
-85
360
782
988
1033
1440
2477
3351
3196
2515
2403
2877
3102
2777
2289
1910
1539
877
-31
-371
274
800
147
-1056
-1507
-963
-152
269
126
-194
-278
-197
100
813
1504
1511
941
441
385
754
1162
997
222
-527
-935
-1163
-1220
-1090
-1114
-1596
-2183
-2352
-2157
-1900
-1739
-1771
-1971
-2140
-2106
-1950
-1809
-1667
-1588
-1701
-1831
-1708
-1397
-1100
-859
-631
-338
110
579
791
917
1521
2504
2987
2652
2185
2263
2731
2892
2497
1992
1710
1454
912
340
340
788
856
182
-571
-586
39
596
688
465
342
457
642
865
1203
1453
1351
1028
801
788
950
1063
783
220
-208
-468
-743
-957
-1044
-1248
-1654
-1959
-2033
-2054
-2087
-2102
-2125
-2191
-2280
-2366
-2462
-2505
-2375
-2157
-2027
-1965
-1859
-1719
-1566
-1273
-790
-256
182
455
576
813
1459
2200
2426
2181
2016
2116
2242
2191
1958
1637
1327
991
580
356
538
790
655
214
-59
137
622
1007
1077
965
949
1097
1295
1479
1634
1684
1592
1440
1295
1190
1131
961
560
102
-190
-379
-591
-752
-855
-1039
-1277
-1422
-1485
-1526
-1575
-1693
-1896
-2095
-2246
-2401
-2541
-2582
-2553
-2528
-2519
-2528
-2542
-2448
-2159
-1746
-1316
-917
-553
-202
200
764
1380
1734
1787
1805
1942
2067
2025
1855
1632
1350
1041
756
629
723
826
720
444
227
277
564
896
1084
1107
1128
1259
1498
1753
1896
1904
1871
1824
1728
1603
1473
1283
966
575
224
-6
-128
-212
-369
-641
-930
-1092
-1099
-1030
-989
-1044
-1201
-1394
-1566
-1734
-1919
-2097
-2248
-2404
-2573
-2715
-2832
-2903
-2835
-2597
-2261
-1940
-1649
-1330
-971
-525
-22
365
585
776
1060
1358
1500
1497
1461
1439
1415
1314
1162
1121
1202
1235
1119
918
781
816
1009
1224
1307
1280
1251
1279
1406
1580
1670
1663
1632
1586
1503
1401
1294
1127
865
567
305
120
32
-2
-96
-283
-473
-564
-543
-464
-420
-514
-776
-1101
-1383
-1605
-1787
-1980
-2200
-2420
-2602
-2740
-2873
-2953
-2905
-2772
-2616
-2431
-2175
-1855
-1480
-1045
-636
-340
-111
137
447
777
1014
1107
1118
1139
1195
1275
1393
1532
1625
1648
1625
1597
1584
1570
1550
1530
1517
1514
1495
1470
1466
1475
1450
1387
1312
1244
1181
1096
973
826
695
571
442
361
349
351
320
240
134
45
-4
-27
-99
-262
-493
-762
-1040
-1302
-1562
-1868
-2208
-2484
-2654
-2814
-3011
-3160
-3174
-3028
-2775
-2478
-2164
-1845
-1515
-1178
-845
-511
-226
-12
186
384
576
735
849
929
984
1089
1261
1422
1527
1587
1604
1577
1520
1476
1466
1468
1459
1421
1364
1327
1322
1339
1360
1358
1331
1303
1276
1216
1102
961
813
657
535
471
419
359
301
258
231
204
150
63
-68
-238
-461
-748
-1085
-1420
-1716
-1982
-2241
-2455
-2615
-2765
-2886
-2930
-2866
-2708
-2489
-2245
-1997
-1732
-1432
-1127
-814
-507
-270
-104
36
197
395
598
755
817
836
927
1101
1280
1395
1415
1365
1275
1206
1205
1251
1283
1250
1169
1122
1164
1274
1389
1448
1454
1431
1420
1412
1349
1218
1059
912
787
700
636
560
461
375
321
288
252
188
67
-122
-348
-581
-816
-1070
-1354
-1661
-1956
-2187
-2335
-2436
-2516
-2568
-2556
-2441
-2214
-1925
-1650
-1404
-1179
-973
-772
-556
-355
-198
-94
-17
66
176
329
476
571
653
754
873
978
1047
1087
1076
1016
946
921
955
987
953
884
844
883
1003
1142
1233
1270
1281
1278
1257
1226
1173
1079
953
829
726
650
590
518
439
381
330
262
170
45
-134
-369
-641
-947
-1271
-1568
-1815
-2018
-2176
-2277
-2314
-2281
-2182
-2026
-1815
-1540
-1250
-985
-752
-554
-384
-239
-123
-37
29
90
139
169
215
277
334
391
465
560
644
680
687
679
656
626
593
581
588
597
610
629
679
768
861
936
993
1035
1056
1045
1003
948
875
788
710
642
589
538
484
425
371
327
271
177
56
-95
-299
-537
-784
-1033
-1290
-1538
-1740
-1889
-1984
-2016
-1978
-1872
-1710
-1497
-1236
-950
-658
-392
-174
-3
130
236
322
374
403
418
418
419
428
470
530
560
566
572
554
507
448
397
351
316
310
316
323
349
397
455
538
640
721
768
807
840
831
769
686
587
488
407
330
253
187
131
74
11
-34
-62
-103
-167
-268
-411
-584
-769
-956
-1137
-1313
-1481
-1627
-1732
-1777
-1747
-1651
-1515
-1346
-1139
-890
-621
-366
-140
63
250
410
546
657
745
807
858
905
942
969
997
1017
1013
983
935
863
763
653
553
465
388
324
276
242
223
233
287
374
476
566
632
669
670
645
604
539
454
347
234
128
28
-69
-171
-286
-403
-504
-592
-673
-772
-899
-1039
-1189
-1323
-1431
-1521
-1593
-1656
-1699
-1696
-1636
-1511
-1344
-1162
-970
-764
-545
-323
-121
61
218
334
424
505
586
669
750
818
872
943
1052
1170
1266
1331
1350
1329
1288
1244
1184
1104
1013
900
772
659
577
525
493
479
478
481
489
486
466
438
396
341
283
228
166
82
-26
-142
-258
-373
-494
-639
-792
-939
-1092
-1262
-1435
-1595
-1741
-1867
-1960
-2015
-2037
-2023
-1954
-1838
-1673
-1459
-1213
-952
-688
-418
-164
45
220
376
503
603
680
746
796
834
876
920
973
1048
1131
1197
1237
1265
1291
1303
1307
1298
1281
1251
1206
1154
1094
1028
967
925
898
876
857
833
780
697
615
544
469
382
273
144
5
-136
-272
-402
-535
-676
-828
-981
-1123
-1252
-1379
-1520
-1680
-1830
-1944
-2024
-2080
-2128
-2160
-2154
-2094
-1975
-1795
-1566
-1318
-1068
-818
-568
-330
-111
81
229
346
458
562
647
715
770
820
883
976
1084
1175
1236
1269
1295
1330
1364
1369
1351
1326
1287
1242
1202
1171
1142
1120
1120
1122
1125
1133
1115
1057
987
915
842
762
672
560
425
285
141
-22
-196
-380
-577
-784
-987
-1177
-1356
-1523
-1683
-1846
-1999
-2108
-2168
-2212
-2244
-2239
-2187
-2081
-1925
-1732
-1514
-1285
-1058
-848
-655
-453
-252
-81
58
172
277
384
484
573
649
726
818
907
988
1057
1099
1113
1131
1168
1211
1247
1270
1273
1254
1245
1251
1255
1259
1259
1246
1226
1205
1173
1117
1038
952
867
793
735
672
587
477
349
215
72
-87
-259
-441
-631
-822
-1002
-1170
-1337
-1505
-1667
-1814
-1927
-2008
-2062
-2083
-2061
-2003
-1913
-1794
-1648
-1477
-1285
-1095
-930
-772
-602
-436
-280
-137
-16
86
183
283
381
488
598
683
740
788
830
852
871
901
931
957
979
992
996
998
1017
1052
1105
1162
1210
1251
1274
1273
1257
1222
1167
1097
1033
981
928
859
770
652
509
354
189
19
-164
-358
-558
-753
-933
-1096
-1240
-1371
-1492
-1596
-1669
-1696
-1682
-1643
-1587
-1512
-1418
-1309
-1182
-1046
-929
-829
-725
-615
-509
-411
-334
-281
-231
-154
-60
34
136
245
338
407
453
493
522
549
583
617
659
698
713
706
701
721
771
836
896
940
978
1001
992
967
947
929
904
890
887
875
844
785
688
564
427
283
132
-27
-189
-358
-535
-711
-872
-1009
-1120
-1203
-1259
-1296
-1304
-1278
-1223
-1144
-1042
-926
-800
-673
-554
-465
-400
-336
-283
-244
-216
-186
-168
-156
-126
-91
-61
-20
43
105
155
188
214
233
263
303
339
372
412
444
464
474
484
519
585
655
707
743
764
754
728
715
707
691
675
653
621
588
546
475
373
255
134
15
-104
-235
-386
-551
-710
-853
-967
-1047
-1101
-1135
-1148
-1123
-1053
-953
-833
-700
-561
-419
-278
-150
-50
23
84
137
174
202
214
204
179
158
140
128
135
152
158
155
147
140
134
144
174
207
241
273
296
314
329
345
371
410
450
482
511
519
495
463
449
447
452
471
481
468
434
389
327
244
135
2
-143
-287
-425
-567
-720
-873
-1011
-1118
-1178
-1201
-1196
-1174
-1129
-1045
-929
-786
-620
-451
-282
-109
67
215
327
424
502
548
574
587
565
523
485
450
416
404
405
387
350
312
276
241
224
224
221
219
220
219
214
214
221
234
256
286
313
334
333
310
277
255
247
251
270
280
273
247
200
135
53
-53
-180
-322
-469
-611
-752
-897
-1045
-1184
-1296
-1368
-1396
-1384
-1347
-1282
-1185
-1056
-903
-730
-549
-364
-171
21
190
334
460
560
634
691
727
739
732
732
734
733
746
763
758
720
669
629
594
578
578
571
550
522
489
447
398
358
327
310
296
279
268
256
224
179
147
132
137
162
183
184
168
133
77
2
-91
-201
-322
-452
-593
-742
-895
-1046
-1182
-1299
-1379
-1420
-1423
-1394
-1331
-1235
-1118
-981
-826
-657
-476
-292
-112
47
184
319
439
532
601
648
671
678
692
710
719
740
773
787
768
732
694
662
656
673
690
688
667
626
577
529
490
459
440
422
395
363
321
258
177
98
34
-8
-21
-18
-15
-31
-69
-122
-189
-267
-355
-449
-555
-673
-805
-952
-1108
-1257
-1383
-1474
-1522
-1528
-1504
-1438
-1335
-1204
-1053
-882
-701
-514
-325
-134
27
154
269
370
449
509
553
572
575
583
603
618
639
671
691
688
671
659
656
673
720
776
817
837
826
796
764
744
733
730
729
706
662
603
526
442
359
288
234
200
182
159
122
66
-18
-118
-229
-342
-455
-570
-689
-824
-966
-1109
-1244
-1356
-1434
-1470
-1469
-1443
-1387
-1298
-1180
-1042
-886
-719
-553
-385
-217
-62
64
173
277
364
434
484
505
498
487
489
492
495
510
520
517
505
491
485
502
552
618
685
738
757
753
744
743
758
787
812
811
783
736
668
589
517
450
384
331
285
235
169
80
-27
-142
-260
-378
-492
-601
-714
-840
-987
-1142
-1286
-1410
-1500
-1544
-1549
-1529
-1485
-1405
-1292
-1158
-996
-815
-636
-458
-282
-123
14
128
233
318
380
427
449
449
443
446
454
468
489
507
506
492
475
461
468
498
548
604
663
702
724
742
759
784
822
862
887
886
864
818
752
680
613
558
506
455
393
313
218
110
-12
-140
-267
-396
-527
-658
-794
-940
-1091
-1233
-1363
-1466
-1527
-1551
-1549
-1522
-1465
-1378
-1267
-1133
-975
-801
-625
-447
-277
-124
13
137
242
325
389
432
454
459
464
470
478
487
493
486
470
448
437
445
483
543
615
685
741
778
803
819
840
875
912
938
942
923
882
823
764
707
655
607
559
504
434
349
244
123
-5
-134
-268
-409
-554
-704
-864
-1029
-1190
-1338
-1461
-1545
-1588
-1599
-1588
-1550
-1481
-1382
-1251
-1096
-930
-761
-595
-433
-287
-157
-35
77
178
268
343
398
431
452
469
480
496
509
506
492
472
456
460
489
536
597
664
725
770
804
826
836
845
857
871
876
866
833
779
716
659
609
566
529
487
429
353
261
150
27
-104
-238
-376
-515
-654
-798
-946
-1096
-1242
-1373
-1473
-1540
-1570
-1570
-1545
-1494
-1415
-1308
-1181
-1037
-885
-735
-589
-452
-327
-210
-98
8
109
205
287
354
409
459
504
548
596
631
651
656
653
650
659
689
729
774
819
853
876
889
892
891
891
890
882
868
842
799
743
689
641
600
567
538
500
440
357
250
126
-9
-144
-276
-410
-543
-677
-815
-954
-1085
-1205
-1311
-1391
-1441
-1463
-1455
-1421
-1361
-1279
-1174
-1052
-921
-788
-666
-551
-445
-348
-257
-170
-88
-13
56
126
190
246
304
365
429
493
550
590
610
624
639
661
698
749
808
865
909
934
938
926
907
888
874
862
843
809
756
689
617
547
485
437
399
355
299
221
125
5
-129
-266
-403
-533
-657
-777
-895
-1009
-1118
-1219
-1301
-1359
-1391
-1399
-1379
-1334
-1259
-1157
-1036
-901
-768
-645
-536
-433
-335
-248
-163
-85
-18
41
96
146
191
230
268
309
359
421
478
532
574
604
624
650
686
731
785
843
891
923
936
930
905
879
861
847
833
809
765
702
622
531
438
355
289
238
192
135
60
-38
-154
-277
-397
-512
-616
-707
-794
-879
-966
-1053
-1136
-1205
-1247
-1263
-1255
-1219
-1156
-1067
-958
-839
-712
-584
-457
-335
-228
-136
-59
5
57
102
147
188
223
252
278
304
329
359
403
452
504
549
586
615
642
673
714
763
816
861
885
886
859
816
772
735
706
680
651
606
542
465
380
295
220
161
109
54
-12
-90
-183
-293
-408
-524
-632
-724
-801
-869
-934
-1000
-1064
-1118
-1156
-1172
-1168
-1144
-1104
-1040
-953
-843
-716
-584
-451
-324
-206
-103
-17
56
118
173
220
263
297
321
341
365
390
420
459
507
560
614
663
699
723
740
751
756
759
764
770
766
744
707
656
600
541
485
437
392
339
279
206
124
44
-29
-90
-140
-187
-237
-292
-355
-423
-496
-571
-645
-711
-767
-812
-854
-890
-929
-967
-995
-1010
-1006
-987
-954
-905
-837
-748
-635
-514
-396
-277
-167
-66
28
113
182
239
294
338
375
410
445
483
529
583
636
686
739
787
825
851
868
872
871
867
859
842
817
783
736
679
613
536
455
383
318
261
205
141
64
-17
-95
-169
-233
-287
-335
-380
-428
-479
-529
-584
-641
-697
-746
-785
-814
-836
-860
-885
-909
-926
-935
-930
-919
-894
-853
-796
-719
-626
-523
-411
-299
-184
-70
26
112
192
261
326
390
452
513
575
636
694
751
810
863
907
945
972
987
985
973
949
915
874
825
772
717
659
595
522
439
346
249
151
62
-16
-87
-160
-228
-294
-360
-427
-487
-540
-584
-618
-642
-662
-680
-699
-729
-760
-791
-822
-845
-861
-879
-893
-902
-904
-900
-885
-856
-820
-771
-709
-636
-547
-442
-325
-203
-85
27
126
211
288
361
435
517
608
697
782
860
922
980
1031
1074
1108
1128
1133
1121
1094
1055
1003
942
876
807
737
668
593
509
418
320
216
114
20
-67
-142
-204
-261
-315
-373
-437
-501
-561
-612
-651
-681
-707
-728
-751
-777
-804
-833
-857
-878
-891
-897
-899
-898
-893
-879
-856
-827
-793
-749
-690
-617
-531
-438
-339
-236
-134
-29
76
177
275
375
474
571
662
743
819
887
951
1011
1066
1109
1142
1158
1156
1135
1099
1055
1002
944
884
822
759
691
613
527
437
344
252
164
77
-8
-92
-171
-246
-316
-379
-439
-497
-556
-616
-673
-721
-761
-795
-825
-854
-885
-912
-935
-953
-963
-969
-966
-953
-933
-904
-873
-841
-803
-760
-705
-638
-562
-482
-402
-319
-235
-145
-49
53
159
270
381
487
585
675
756
834
908
977
1035
1082
1116
1129
1127
1114
1092
1060
1023
982
935
884
827
759
685
609
534
458
387
321
254
183
110
29
-53
-136
-216
-293
-365
-430
-495
-554
-613
-670
-723
-770
-810
-846
-874
-892
-905
-913
-919
-921
-916
-904
-881
-851
-816
-778
-737
-695
-648
-592
-531
-458
-381
-300
-219
-136
-49
44
144
247
344
435
520
598
671
738
797
845
882
910
929
940
941
929
905
872
832
788
743
694
641
584
524
465
407
355
302
250
199
145
93
40
-15
-74
-140
-208
-274
-337
-395
-448
-498
-548
-596
-639
-675
-704
-725
-738
-748
-753
-753
-749
-741
-730
-711
-684
-650
-613
-570
-529
-484
-436
-385
-328
-267
-203
-127
-48
31
108
179
246
311
379
447
511
568
614
651
683
711
727
737
739
730
714
694
668
637
601
562
517
469
427
385
345
307
268
227
187
147
108
71
36
-2
-42
-86
-131
-176
-221
-267
-314
-359
-400
-435
-469
-500
-526
-547
-564
-579
-586
-589
-583
-573
-562
-549
-532
-511
-484
-449
-408
-366
-324
-277
-225
-169
-110
-53
-1
50
95
136
172
211
248
284
318
350
380
404
422
436
448
453
451
445
434
419
398
371
340
307
276
244
214
188
167
150
134
117
101
88
75
61
45
27
3
-20
-44
-71
-101
-130
-160
-186
-207
-223
-237
-249
-260
-271
-285
-296
-301
-303
-301
-297
-297
-294
-286
-278
-265
-246
-223
-194
-156
-115
-71
-32
6
38
65
90
110
128
145
159
170
178
183
184
186
187
187
185
179
174
163
152
136
117
100
85
73
61
49
40
34
30
27
24
19
13
11
10
6
1
-9
-19
-31
-43
-52
-65
-74
-77
-79
-78
-74
-71
-70
-69
-71
-70
-66
-60
-57
-54
-51
-47
-40
-29
-16
-4
8
27
45
64
84
101
114
124
131
138
144
150
152
152
148
140
132
120
106
87
64
42
20
-4
-29
-53
-77
-100
-119
-134
-145
-153
-161
-167
-171
-172
-170
-166
-155
-144
-134
-121
-109
-103
-96
-91
-90
-88
-86
-82
-74
-68
-66
-59
-48
-34
-17
-5
6
16
27
36
45
51
55
61
68
78
92
106
121
138
152
168
181
194
204
211
210
206
204
203
202
197
187
172
155
136
117
95
70
44
14
-14
-42
-69
-95
-120
-143
-160
-173
-181
-187
-192
-197
-200
-200
-201
-198
-190
-180
-170
-163
-161
-159
-157
-157
-153
-151
-146
-135
-124
-112
-102
-91
-76
-57
-39
-22
-7
5
17
33
47
60
75
85
97
111
124
143
162
178
194
207
217
228
234
238
237
235
237
242
243
239
227
206
185
165
144
123
101
77
53
34
10
-15
-39
-65
-86
-102
-114
-123
-134
-144
-153
-164
-174
-180
-183
-177
-173
-171
-169
-167
-168
-167
-167
-168
-168
-167
-161
-157
-152
-145
-137
-127
-114
-99
-83
-70
-57
-43
-31
-18
-8
4
20
35
55
74
96
118
137
156
173
188
203
214
218
221
222
220
218
212
203
195
184
171
151
129
105
82
59
38
20
7
-3
-14
-23
-34
-45
-54
-61
-69
-73
-80
-86
-91
-98
-103
-109
-118
-125
-134
-142
-149
-156
-163
-171
-179
-184
-187
-183
-180
-176
-170
-162
-152
-141
-129
-116
-103
-86
-66
-47
-28
-9
10
25
43
59
73
91
108
126
140
151
159
166
172
178
184
187
186
183
178
171
161
152
144
136
129
120
104
90
78
68
59
53
48
47
50
52
50
44
39
35
31
27
20
10
1
-11
-25
-44
-66
-86
-102
-116
-128
-139
-150
-158
-166
-173
-181
-182
-179
-171
-162
-152
-141
-126
-108
-90
-76
-66
-51
-35
-20
-5
5
14
26
35
42
48
53
64
74
85
86
85
83
83
82
81
80
77
78
80
78
74
68
60
56
54
49
48
47
47
47
47
46
41
37
35
34
29
19
8
-3
-13
-25
-35
-47
-62
-72
-81
-90
-100
-110
-119
-128
-135
-142
-148
-148
-149
-148
-143
-136
-124
-109
-92
-75
-62
-49
-36
-24
-14
-5
2
10
20
26
35
44
53
60
65
68
71
74
78
84
87
89
87
89
91
97
100
101
103
103
104
105
101
95
92
92
96
99
101
104
106
109
104
93
79
61
46
35
22
6
-10
-24
-35
-45
-54
-62
-74
-85
-93
-103
-112
-119
-126
-131
-133
-132
-127
-121
-116
-106
-98
-91
-84
-78
-73
-66
-60
-54
-54
-51
-47
-42
-32
-23
-16
-9
-1
5
13
23
31
40
50
58
63
71
79
86
92
95
96
98
95
95
97
97
98
104
112
120
125
123
114
104
91
78
65
51
37
22
8
-6
-19
-29
-42
-51
-61
-67
-77
-89
-104
-122
-138
-149
-155
-153
-150
-144
-137
-129
-123
-118
-112
-107
-102
-97
-91
-85
-80
-74
-69
-64
-56
-48
-40
-31
-23
-18
-9
-1
7
18
33
48
65
80
94
104
112
117
119
120
122
124
126
128
129
130
132
133
135
136
134
129
123
113
104
94
80
65
52
39
29
16
5
-6
-18
-29
-39
-49
-61
-73
-84
-91
-94
-97
-99
-104
-108
-111
-112
-112
-111
-111
-112
-113
-112
-111
-106
-103
-101
-97
-92
-84
-75
-70
-66
-59
-53
-45
-34
-22
-8
5
18
31
45
56
67
75
82
89
96
104
110
117
124
128
133
135
137
138
137
133
127
120
111
102
94
84
76
64
51
40
32
26
16
6
-5
-16
-26
-35
-44
-56
-65
-71
-76
-78
-81
-86
-92
-96
-100
-104
-108
-113
-115
-115
-114
-112
-113
-110
-106
-104
-100
-96
-92
-84
-76
-70
-59
-48
-38
-25
-11
2
15
30
41
51
60
66
74
82
89
98
104
112
118
123
128
129
129
125
122
116
112
109
104
98
91
82
71
61
51
42
31
18
6
-5
-12
-18
-26
-36
-47
-55
-63
-69
-73
-78
-85
-92
-99
-105
-108
-111
-114
-116
-118
-119
-121
-124
-126
-126
-123
-119
-114
-108
-101
-93
-84
-72
-59
-47
-34
-22
-8
5
16
24
34
44
56
69
79
91
99
110
119
127
131
134
134
135
136
136
133
129
125
122
117
112
107
99
91
84
77
69
59
48
39
32
27
23
16
6
-4
-14
-23
-30
-37
-46
-55
-64
-73
-81
-89
-97
-101
-106
-109
-112
-115
-116
-117
-117
-116
-116
-115
-111
-103
-94
-86
-79
-73
-64
-54
-46
-39
-32
-24
-17
-5
4
16
25
34
42
50
57
64
70
76
80
85
90
97
102
107
111
111
111
112
109
105
98
92
83
74
68
61
55
49
44
37
32
25
17
10
2
-5
-14
-24
-34
-43
-50
-58
-65
-72
-80
-87
-94
-98
-103
-105
-108
-110
-112
-113
-112
-110
-106
-101
-95
-91
-88
-82
-77
-70
-64
-56
-49
-43
-34
-24
-14
-5
6
15
23
33
40
49
55
63
70
77
85
91
95
99
103
106
109
111
113
110
110
108
105
105
102
97
92
86
80
71
63
54
45
36
28
19
10
1
-7
-16
-23
-30
-37
-46
-54
-64
-70
-76
-80
-84
-88
-91
-92
-92
-93
-94
-96
-99
-99
-99
-99
-96
-93
-89
-86
-81
-74
-66
-57
-47
-39
-32
-25
-15
-6
4
13
23
32
43
52
61
69
76
81
85
89
91
93
95
97
98
100
103
106
105
104
103
100
96
89
84
77
69
61
52
42
32
24
16
8
-3
-11
-19
-28
-35
-43
-49
-55
-62
-68
-74
-79
-86
-93
-98
-104
-110
-115
-121
-124
-124
-122
-119
-116
-115
-111
-104
-95
-87
-78
-73
-68
-59
-50
-40
-30
-19
-9
2
17
28
39
49
59
67
74
82
87
92
94
99
105
108
111
114
115
114
115
116
117
116
115
111
106
102
94
86
76
67
57
47
37
27
15
6
-2
-9
-15
-22
-27
-32
-38
-43
-48
-55
-64
-76
-87
-97
-105
-112
-119
-124
-129
-134
-139
-138
-137
-133
-130
-126
-120
-115
-106
-96
-86
-76
-63
-51
-41
-26
-14
-2
7
20
29
38
49
57
64
72
80
89
97
103
108
114
118
122
125
128
128
130
131
132
131
130
130
127
124
118
111
105
98
92
85
76
65
53
42
30
18
7
-5
-19
-34
-48
-62
-74
-85
-92
-98
-103
-110
-117
-123
-128
-132
-133
-136
-139
-142
-144
-144
-144
-141
-136
-132
-126
-119
-113
-106
-100
-94
-88
-80
-70
-59
-52
-43
-35
-27
-17
-7
5
18
30
41
52
63
74
85
95
103
112
121
129
134
139
140
141
142
143
144
142
140
137
131
127
121
114
106
96
87
78
66
54
40
26
15
5
-6
-19
-29
-43
-55
-69
-79
-90
-99
-107
-113
-119
-125
-127
-126
-122
-115
-111
-107
-103
-99
-93
-87
-85
-81
-76
-70
-64
-57
-50
-45
-38
-32
-25
-19
-12
-5
3
11
18
25
34
44
52
61
68
75
81
86
89
92
94
96
96
96
93
89
85
82
79
75
71
66
61
56
52
45
40
35
29
22
16
9
4
-3
-10
-17
-25
-31
-35
-39
-43
-48
-52
-56
-58
-58
-61
-62
-63
-65
-65
-64
-64
-64
-63
-62
-57
-52
-47
-43
-38
-34
-29
-26
-21
-17
-15
-12
-10
-9
-7
-4
0
4
9
13
16
21
24
28
33
37
43
47
49
53
52
53
53
53
50
45
39
34
28
24
19
15
9
5
2
-1
-4
-7
-8
-11
-11
-12
-12
-14
-15
-16
-17
-16
-17
-17
-17
-18
-19
-18
-19
-20
-22
-21
-22
-24
-23
-22
-21
-19
-18
-15
-13
-11
-9
-7
-6
-4
-2
-1
-3
-3
0
1
3
6
7
7
9
11
14
16
16
20
20
21
20
20
20
19
17
17
16
15
12
10
8
8
8
8
6
2
-2
-2
-3
-4
-3
-3
-2
-2
-1
0
1
2
1
1
0
-2
-3
-5
-4
-5
-5
-4
-4
-5
-5
-5
-3
-1
0
1
-1
1
1
0
-1
-1
-1
-2
-2
-2
-4
-2
-2
-2
0
2
1
2
2
3
2
2
3
2
1
0
-1
-3
-5
-7
-9
-10
-13
-14
-15
-16
-17
-16
-16
-16
-14
-10
-6
-3
0
2
4
6
8
11
11
11
11
11
9
10
10
9
10
11
13
13
13
13
16
17
19
20
19
19
19
19
17
16
14
14
11
9
5
3
1
-4
-6
-7
-9
-10
-10
-11
-11
-11
-12
-14
-16
-17
-17
-19
-22
-24
-27
-30
-32
-32
-34
-33
-32
-31
-31
-28
-28
-27
-24
-20
-17
-14
-12
-9
-5
0
3
6
10
13
16
17
19
21
22
23
25
26
29
32
32
33
34
36
37
38
40
39
38
37
37
35
33
29
26
23
21
19
16
12
7
3
0
-2
-4
-8
-11
-13
-18
-20
-23
-24
-26
-29
-33
-37
-38
-40
-43
-47
-49
-51
-52
-53
-53
-53
-53
-51
-48
-44
-41
-37
-33
-28
-24
-18
-13
-7
-1
4
7
11
15
19
25
30
34
37
38
39
42
43
46
49
51
52
54
54
55
54
53
50
49
48
47
45
42
39
33
30
26
22
18
12
6
1
-5
-10
-16
-20
-25
-29
-33
-37
-40
-44
-48
-50
-51
-52
-53
-53
-53
-52
-52
-51
-49
-46
-44
-41
-35
-31
-27
-25
-21
-18
-16
-11
-7
-4
-1
2
5
8
11
16
21
25
31
36
38
43
47
50
55
59
61
61
61
60
60
59
57
54
53
50
46
42
38
34
28
24
19
14
9
5
0
-6
-11
-14
-17
-21
-27
-32
-35
-40
-44
-49
-53
-58
-62
-68
-72
-76
-80
-82
-82
-79
-78
-74
-71
-68
-64
-60
-53
-47
-40
-35
-31
-27
-22
-17
-12
-7
0
6
12
17
22
28
34
39
45
50
53
58
60
61
63
66
68
68
67
65
63
63
63
63
62
61
61
58
55
52
49
45
39
32
25
20
14
6
-1
-9
-14
-21
-27
-32
-38
-43
-47
-51
-55
-57
-58
-58
-58
-57
-56
-54
-53
-50
-48
-45
-43
-39
-37
-36
-33
-31
-29
-26
-24
-21
-17
-12
-5
0
5
10
15
23
29
36
41
47
51
55
59
63
64
65
66
66
64
62
60
56
53
50
46
41
37
33
28
25
21
14
9
4
-2
-7
-11
-15
-23
-29
-34
-39
-43
-48
-53
-58
-60
-62
-65
-68
-69
-71
-74
-73
-72
-70
-69
-65
-61
-58
-53
-49
-44
-41
-35
-31
-26
-20
-16
-10
-4
3
7
12
16
21
25
32
35
39
44
47
51
55
59
61
61
62
62
62
63
62
60
58
56
53
50
48
46
42
39
35
31
28
26
22
17
13
8
3
-3
-8
-13
-18
-22
-27
-31
-36
-39
-42
-45
-48
-50
-51
-52
-52
-50
-50
-49
-48
-47
-44
-41
-37
-33
-29
-26
-23
-23
-20
-17
-13
-11
-9
-6
-3
1
6
9
12
14
19
24
27
30
33
36
38
40
41
43
44
44
44
44
43
42
40
38
37
35
32
28
24
21
16
13
9
4
-1
-5
-9
-13
-15
-18
-20
-23
-24
-23
-25
-24
-24
-24
-24
-24
-24
-23
-22
-22
-22
-23
-23
-22
-24
-24
-25
-26
-26
-26
-25
-25
-23
-23
-20
-17
-13
-10
-6
-4
0
4
9
11
15
18
20
22
25
25
25
28
27
27
28
27
25
23
24
23
22
21
20
18
16
14
12
11
10
9
8
5
5
4
2
1
-1
-2
-3
-6
-9
-11
-14
-16
-19
-22
-26
-28
-29
-31
-31
-32
-33
-33
-31
-29
-26
-24
-22
-19
-18
-14
-12
-9
-8
-6
-4
-2
0
0
-2
-1
1
1
4
6
7
8
10
12
14
15
16
16
15
15
14
15
13
13
13
12
14
16
15
14
14
15
14
15
14
12
12
11
10
11
9
9
9
10
10
10
11
11
9
10
9
9
8
6
5
4
3
1
0
1
0
1
1
0
-2
-5
-5
-5
-3
-3
-3
-4
-4
-4
-3
-4
-5
-8
-9
-11
-12
-11
-11
-12
-12
-11
-10
-7
-5
-4
-3
-2
-2
1
3
2
1
2
1
0
-1
-2
-3
-4
-5
-8
-9
-9
-8
-7
-6
-5
-4
-1
0
1
2
3
3
3
3
2
-1
-3
-3
-3
-3
-5
-6
-6
-7
-7
-5
-7
-5
-5
-4
-4
-3
-4
-5
-6
-5
-6
-4
-5
-6
-7
-7
-6
-7
-7
-6
-4
-6
-7
-7
-6
-7
-6
-5
-4
-3
-3
-2
-3
-3
-4
-3
-2
-1
-1
0
-1
1
2
6
10
13
15
18
19
21
21
20
18
17
16
14
11
8
6
4
4
2
3
4
4
5
7
11
12
13
14
13
14
15
15
16
15
13
12
10
11
10
8
5
5
2
1
0
-2
-4
-4
-6
-7
-7
-6
-6
-6
-6
-5
-3
-2
-1
-2
-3
-6
-7
-8
-12
-14
-14
-15
-15
-14
-12
-11
-12
-11
-9
-7
-5
-5
-3
-3
-2
0
0
-1
-2
-2
-2
0
1
1
0
-1
0
-2
-1
-2
-2
-2
-4
-3
-1
0
0
-1
0
-2
-2
0
-1
-3
-2
-3
-4
-5
-4
-6
-7
-6
-6
-4
-4
-2
-3
-2
-2
-2
-2
-3
-2
-2
-2
-3
-4
-5
-4
-4
-6
-7
-7
-6
-5
-4
-2
-1
-1
1
2
3
5
6
6
9
9
11
10
10
9
9
10
11
9
8
8
10
9
9
8
9
7
6
4
4
4
4
5
7
6
6
8
7
6
4
3
2
1
2
1
2
0
0
2
0
1
1
2
4
4
4
2
1
0
-2
-4
-6
-10
-10
-8
-8
-6
-5
-4
-4
-4
-3
-2
-1
0
-1
-1
-1
1
1
1
1
1
1
0
1
0
0
0
-2
-3
-4
-4
-6
-7
-8
-7
-7
-8
-7
