SAMPLES:	7995
BITSPERSAMPLE:	16
CHANNELS:	1
SAMPLERATE:	16000
NORMALIZED:	FALSE
-2
-2
1
-3
3
0
0
0
0
1
-1
1
-1
-2
0
-1
0
1
-1
0
1
0
0
-1
-1
0
-1
1
0
-2
0
0
-1
3
-1
0
0
-1
-1
0
-1
-1
0
-1
1
1
-1
1
0
0
0
0
0
0
2
-1
1
0
-1
1
0
1
-1
1
-2
1
1
-3
4
-2
0
2
-2
2
-1
-1
1
1
-1
1
-1
-1
2
-2
0
0
-1
2
1
0
1
0
-1
2
-2
1
-1
0
0
1
1
1
-1
1
0
0
1
-3
1
0
1
1
1
0
0
0
-2
1
0
-2
1
-2
2
0
-1
1
0
-1
1
-1
-2
2
-2
3
-2
2
-1
1
0
-2
1
-1
1
-1
1
-1
0
-1
-1
1
-3
1
-1
-2
2
-2
2
0
-3
0
-2
1
-2
2
-1
-1
-1
-2
2
1
1
0
1
0
2
1
0
0
0
0
2
-1
3
3
-1
0
0
-5
1
0
-2
6
-4
0
1
-1
0
0
-1
1
1
-1
1
0
-2
1
2
1
3
-3
-2
-2
1
2
-3
-1
-4
3
-5
2
-1
-2
4
-7
1
-1
0
2
3
2
-3
0
-2
-1
5
0
5
0
0
0
1
3
-1
6
2
2
0
1
0
-2
8
-1
5
-2
-5
5
3
4
-3
-1
-8
-3
5
4
4
-5
-5
-6
-2
1
2
2
0
-4
2
-6
-2
3
6
9
-2
-6
0
-4
3
6
3
4
-6
0
-5
-7
-2
4
3
-1
-7
-7
-6
0
7
-2
-2
-3
-5
6
-5
-4
1
2
3
-5
1
1
1
2
-1
-10
-6
-1
6
11
-4
-5
-4
4
3
-3
6
-5
8
11
5
1
-9
0
-2
7
1
2
-4
-6
3
-6
-5
-10
-7
3
-13
2
-6
1
5
-9
-4
-8
2
-1
22
8
9
4
-13
12
8
11
17
5
-1
3
2
6
15
-3
0
5
-15
5
1
-2
6
-4
-6
-10
-7
-6
8
8
-8
-1
-14
-10
7
4
15
3
0
-8
-5
2
1
15
-2
3
-3
-6
-8
0
3
7
5
-9
-5
-15
-9
7
9
-2
-3
-7
-8
0
-8
-3
5
-7
0
2
-4
-6
8
2
0
2
-4
7
0
6
7
2
5
2
6
5
8
0
-1
4
-10
2
16
8
3
-8
-10
-5
1
4
7
15
-12
0
-6
-16
10
2
9
2
-9
-3
-5
-3
-5
-1
-19
2
13
-12
8
-10
-21
0
-5
-9
5
3
-1
-4
-3
-3
-6
-4
-3
-1
4
8
4
0
6
-7
11
19
16
23
-3
9
12
19
13
4
20
-3
2
-3
4
3
-1
-7
-15
-4
-12
-9
-11
-2
-1
-1
-1
-3
2
-4
12
9
7
2
-2
13
14
20
23
18
4
-4
6
13
15
10
17
12
-2
-2
-9
7
-3
-12
-5
-10
-5
-20
-23
-16
-14
-20
-40
-35
-35
-34
-5
-28
-27
-42
-37
-38
-49
-13
-36
11
-1
-8
-2
-22
-5
-35
7
8
10
44
22
52
15
2
11
-26
30
27
64
46
-4
-2
-43
-6
-27
0
10
-13
17
-48
-3
-23
-23
18
-9
30
-3
13
-14
15
33
17
52
8
40
21
29
29
12
28
-5
40
21
36
38
15
31
0
15
-8
26
37
21
30
-7
15
-28
-11
8
-12
11
-25
-21
-46
-32
5
11
8
-47
-35
-42
-15
33
33
49
0
-20
-8
-18
-7
10
32
45
16
-16
-39
-45
-40
-32
-20
-38
-32
-35
-44
-43
-80
-102
-80
-57
-41
-14
-27
-31
-19
-75
-52
-31
-7
25
1
12
-27
-37
-25
-12
17
-3
-6
-41
-33
-15
-41
5
8
6
15
-16
-10
-13
-6
16
42
72
44
37
-3
-12
5
9
29
0
12
-3
-26
-22
-40
-8
-51
-57
-53
-66
-45
-29
-12
-46
-27
-43
-51
-35
-35
47
52
18
11
9
6
8
46
44
49
68
32
27
11
-3
22
50
64
37
8
9
27
74
94
108
108
85
73
78
110
127
156
186
175
146
133
113
117
153
164
164
157
129
111
115
115
97
107
98
80
71
46
57
76
85
99
64
29
-5
-16
1
21
80
83
38
-16
-83
-92
-73
-45
-18
-5
-17
-90
-148
-187
-193
-148
-79
-50
-81
-92
-170
-227
-207
-186
-102
-41
-48
-85
-141
-179
-170
-102
-79
-69
-60
-94
-107
-101
-78
-55
-54
-45
-51
-77
-70
-59
-55
-44
-33
-30
-48
-80
-138
-142
-109
-85
-44
-56
-103
-128
-152
-156
-121
-115
-114
-87
-75
-110
-148
-123
-74
-66
-79
-69
-56
-30
4
-6
-46
-45
-9
31
68
83
93
89
73
95
116
134
161
198
220
189
198
193
168
190
209
222
203
177
167
126
101
104
116
133
103
54
58
58
65
105
134
143
121
126
105
57
109
199
302
358
265
112
32
36
57
97
145
125
43
-85
-289
-422
-398
-280
-178
-173
-271
-443
-566
-543
-407
-281
-157
-62
-56
-71
-78
-50
16
125
257
333
369
301
179
123
123
183
207
189
146
64
-31
-156
-213
-202
-176
-111
-102
-119
-165
-244
-230
-122
19
100
137
172
168
195
255
269
316
386
446
466
389
305
209
152
180
217
187
97
-57
-205
-319
-378
-357
-311
-283
-302
-335
-400
-470
-515
-448
-310
-193
-112
-87
-99
-98
-92
-94
-85
-48
40
54
21
9
24
90
40
30
-44
-112
-178
-241
-105
253
782
876
345
-294
-492
-315
-54
334
725
813
388
-333
-1044
-1416
-1068
-303
254
180
-460
-1278
-1800
-1606
-1017
-498
-218
-156
-331
-699
-895
-830
-460
185
806
1027
759
330
54
84
485
1009
1299
1183
816
478
219
135
192
275
382
361
171
-145
-408
-507
-537
-407
-186
-14
55
28
-18
-62
10
234
474
732
1011
1191
1156
1022
926
888
1064
1367
1539
1419
1086
759
508
329
295
339
351
221
-87
-405
-655
-770
-778
-683
-537
-503
-552
-635
-672
-653
-506
-245
-36
91
163
173
88
93
235
355
429
448
344
162
19
15
3
3
-25
-194
-436
-621
-705
-702
-644
-604
-663
-769
-814
-822
-822
-782
-711
-553
-411
-359
-352
-338
-270
-196
-203
-169
-33
104
66
-45
-5
57
161
225
290
200
61
-52
-323
-368
417
1378
1419
459
-210
-172
-186
-82
377
911
1141
828
1
-1119
-1643
-1075
-207
269
242
-469
-1519
-2004
-1735
-1158
-731
-285
-135
-570
-914
-986
-883
-482
353
1164
1209
946
583
237
346
887
1521
1676
1459
1161
674
387
306
266
350
424
377
-21
-436
-650
-765
-672
-451
-298
-296
-232
-57
-27
-31
117
361
677
993
1317
1499
1582
1606
1456
1419
1596
1871
1959
1795
1516
1113
805
643
544
479
362
198
-108
-550
-882
-1086
-1048
-782
-643
-713
-926
-975
-966
-943
-639
-313
-124
-94
-86
-69
-153
26
251
320
406
373
244
-63
-189
-171
-239
-235
-444
-727
-1003
-1070
-946
-1054
-1090
-1167
-1207
-1227
-1352
-1299
-1227
-1092
-970
-962
-835
-762
-630
-633
-679
-494
-392
-240
-97
39
45
-117
-112
-286
-85
1217
2442
2342
663
-230
-117
339
841
1368
1889
1789
1095
-398
-1950
-2239
-1116
265
671
98
-1477
-3080
-3540
-2872
-1710
-963
-536
-853
-1682
-2067
-1938
-1386
-561
689
1529
1395
963
437
357
953
1983
2818
2825
2407
1705
1036
920
1068
1241
1270
1145
721
-6
-538
-881
-943
-826
-696
-693
-931
-1036
-928
-817
-660
-414
-21
483
974
1426
1670
1712
1742
1859
2270
2704
3016
3224
3131
2689
2073
1850
1882
1797
1729
1421
923
157
-473
-834
-1129
-1035
-856
-934
-1410
-1771
-1824
-1871
-1558
-1081
-737
-648
-635
-560
-665
-482
24
512
687
626
534
235
178
386
500
537
437
224
-249
-700
-879
-879
-894
-1015
-1209
-1525
-1707
-1829
-1905
-1873
-1652
-1496
-1473
-1438
-1457
-1351
-1134
-925
-884
-826
-587
-349
-341
-407
-340
-307
-377
-209
0
-43
-26
-49
-14
261
1484
2865
2451
768
-258
185
835
1194
1781
2205
1998
1024
-719
-2480
-2748
-1182
314
366
-711
-2358
-4005
-4484
-3371
-1971
-1112
-940
-1557
-2545
-2892
-2238
-1268
-69
1434
2301
1876
1040
693
967
1937
3352
4190
3940
3070
2097
1469
1320
1617
1867
1771
1375
597
-443
-1245
-1403
-1252
-996
-750
-891
-1343
-1573
-1324
-923
-572
-200
339
1010
1636
2130
2365
2453
2538
2929
3520
4024
4379
4296
3859
3198
2716
2527
2397
2325
2001
1401
501
-444
-1109
-1425
-1452
-1437
-1455
-1888
-2403
-2616
-2457
-2104
-1767
-1247
-1005
-982
-1066
-1014
-651
-239
353
724
796
693
426
341
343
515
629
520
311
-264
-775
-1128
-1224
-1258
-1546
-1729
-1958
-2135
-2408
-2813
-2939
-2824
-2506
-2273
-2180
-2081
-1974
-1865
-1816
-1752
-1421
-1111
-682
-327
-272
-77
-109
13
-24
257
652
761
1056
1010
1551
2745
3714
2948
969
256
1015
1895
2150
2446
2376
1519
178
-1699
-2998
-2607
-846
241
-614
-2130
-3857
-5032
-4870
-3383
-1720
-1115
-1151
-2167
-3253
-3163
-1996
-468
968
2375
2729
1801
905
843
1650
2955
4107
4505
3811
2746
1784
1215
1359
1765
1927
1431
618
-382
-1318
-1824
-1860
-1531
-1216
-1146
-1516
-1975
-2002
-1467
-1048
-627
-43
627
1335
1853
2335
2617
2957
3324
3844
4479
4902
5108
4904
4350
3741
3352
3175
2960
2499
1994
1199
177
-740
-1356
-1601
-1753
-1768
-2018
-2511
-3016
-3164
-2894
-2476
-2003
-1535
-1290
-1316
-1220
-875
-342
161
660
889
855
933
978
879
807
1011
1113
841
330
-245
-582
-847
-1027
-1241
-1710
-2116
-2472
-2719
-3049
-3271
-3113
-3046
-3029
-3002
-2826
-2680
-2647
-2497
-2386
-2193
-1788
-1282
-877
-733
-562
-231
-154
95
261
623
907
1204
1495
1729
3303
4716
4136
1719
305
1103
2068
2545
2756
2696
1901
354
-1778
-3773
-3723
-1756
-255
-835
-2670
-4591
-6053
-5930
-4506
-2767
-1525
-1448
-2301
-3524
-3492
-2397
-968
920
2718
3558
2801
1760
1366
1857
3321
4763
5292
4824
3715
2376
1334
1274
1757
1858
1481
548
-674
-1782
-2434
-2636
-2617
-2263
-1857
-1913
-2286
-2399
-2056
-1447
-821
-48
925
1984
2694
3025
3409
3843
4472
5202
5905
6385
6385
6155
5642
5021
4561
4424
4195
3546
2761
1783
606
-323
-809
-1199
-1727
-2203
-2492
-2919
-3406
-3393
-3023
-2833
-2671
-2352
-1964
-1706
-1458
-992
-431
216
711
851
767
881
1173
1239
1152
1157
1194
816
179
-389
-781
-1008
-1293
-1523
-1974
-2564
-3019
-3376
-3642
-3890
-3744
-3455
-3358
-3486
-3593
-3399
-3130
-2898
-2678
-2301
-1750
-1116
-834
-783
-561
82
674
954
1025
1092
1477
1680
1903
2231
3755
5606
5155
2591
357
719
1958
2636
3122
3158
2432
448
-2469
-4608
-4503
-2165
-129
-664
-2697
-4965
-6678
-6828
-5370
-3199
-1593
-1479
-2584
-4046
-4303
-3121
-1451
536
2230
3166
2580
1518
1201
1751
3283
4572
5083
4898
4076
2798
1460
1083
1700
2105
1797
718
-593
-1687
-2405
-2609
-2856
-2652
-2271
-2259
-2385
-2452
-2072
-1771
-1478
-718
487
1895
2889
3378
3625
3880
4380
5356
6562
7314
7453
7110
6528
5842
5488
5294
5061
4734
4067
2927
1437
291
-336
-581
-883
-1455
-2102
-2847
-3324
-3433
-3042
-2600
-2546
-2316
-2078
-1822
-1675
-1272
-498
29
571
843
887
851
950
1253
1190
1166
1131
747
73
-625
-1004
-1340
-1749
-2110
-2605
-3101
-3541
-3913
-4303
-4758
-4705
-4415
-4292
-4248
-4162
-3738
-3496
-3429
-3206
-2854
-2039
-1265
-869
-900
-798
-74
563
886
956
1168
1338
1315
1425
1880
4091
6361
5896
2482
-341
287
1706
2478
2959
3341
2859
441
-3244
-6168
-5939
-2817
-86
-683
-3264
-5776
-7961
-8238
-6520
-3528
-1081
-1059
-2527
-4577
-4903
-3457
-1534
970
3082
4088
3009
1407
1141
1998
3912
5355
5696
5397
4357
2954
1425
1117
2125
2524
2038
823
-538
-1735
-2523
-2606
-2604
-2418
-2094
-1999
-2160
-2197
-1685
-1148
-829
-41
1292
2745
3718
4129
4586
4840
5247
6065
7093
7986
8140
7822
7052
6223
5670
5320
5050
4546
3940
2840
1131
-443
-1189
-1205
-1446
-1994
-2579
-3218
-3779
-4055
-3718
-3207
-2839
-2256
-1792
-1743
-1773
-1430
-515
345
1046
1556
1456
1145
976
1189
1261
1159
1370
1047
135
-942
-1610
-1935
-2338
-2416
-2646
-3290
-3970
-4592
-5136
-5592
-5219
-4511
-4335
-4418
-4436
-4124
-3996
-3860
-3440
-2903
-2150
-1240
-811
-867
-808
-149
558
786
940
1088
1494
1747
1764
1875
3939
6511
6306
2769
-511
373
2068
2725
3004
3340
3072
817
-3039
-6004
-5957
-2849
214
-526
-3230
-5789
-7769
-8094
-6470
-3329
-859
-930
-2565
-4356
-4544
-3078
-1170
1306
3309
4561
3638
1769
1442
2332
4327
5563
5796
5619
4610
3097
1402
931
1921
2277
1630
379
-1014
-2129
-2993
-3151
-3342
-3224
-2787
-2632
-2633
-2692
-2038
-1567
-1407
-453
1294
3132
3934
4264
4866
5334
5745
6634
7959
8841
8832
8415
7610
6844
6363
6079
5762
4937
4278
3240
1314
-395
-1255
-1187
-1505
-2124
-2703
-3382
-3916
-4179
-3765
-3364
-3014
-2046
-1307
-1283
-1479
-1110
-220
547
1489
2205
2299
1827
1490
1529
1235
1248
1706
1426
183
-865
-1511
-2340
-3081
-3228
-3034
-3497
-4414
-5248
-5941
-6498
-6107
-5243
-5088
-5068
-4862
-4554
-4581
-4741
-4108
-2948
-2063
-1211
-954
-1057
-974
-144
834
986
1179
1590
1657
1372
1494
2447
5126
6993
6032
2080
-521
732
2230
2613
2849
3837
3336
-233
-4475
-6650
-5693
-2103
475
-800
-3767
-6452
-8260
-8178
-6176
-2511
-424
-1403
-3068
-4571
-4462
-2975
-794
1852
3452
4247
2900
1463
1481
2706
4547
5095
5220
5183
4031
2358
719
668
1713
1960
1341
-80
-1290
-2269
-2981
-3113
-3338
-3103
-2769
-2609
-2520
-2372
-1747
-1563
-1386
-199
1817
3480
3972
4238
4921
5302
5699
6725
8131
9018
9002
8536
7681
6913
6420
6243
5798
5136
4639
3304
1209
-524
-995
-831
-1146
-1793
-2293
-3058
-3752
-3915
-3485
-2913
-2417
-1389
-1070
-1379
-1425
-978
165
991
1916
2610
2228
1843
1478
1363
1236
1451
1927
1186
22
-1144
-2012
-2780
-3642
-3380
-3196
-3753
-4609
-5819
-6738
-7086
-6446
-5645
-5582
-5444
-5067
-4853
-5204
-5306
-4304
-3285
-2282
-1483
-1108
-1053
-831
-150
391
705
1221
1618
1548
1287
1524
4059
6877
6986
3575
-68
384
1991
2644
2981
3807
4280
1744
-2924
-6460
-6742
-3342
203
8
-2731
-5565
-7949
-8882
-7468
-3824
-746
-1018
-2757
-4412
-5056
-3955
-1686
1259
3227
4229
3307
1479
1284
2608
4554
5314
5421
5641
4774
3252
1775
1144
1710
2092
1795
610
-818
-1906
-2848
-3237
-3346
-3184
-3057
-3089
-2860
-2627
-2106
-1776
-1600
-637
1176
3045
4057
4446
5066
5632
5877
6591
7967
9341
9596
9005
8225
7585
7029
6389
5937
5449
5018
4074
1956
-235
-1401
-1319
-1125
-1591
-2045
-2710
-3762
-4388
-4121
-3132
-2297
-1329
-487
-717
-1067
-885
-152
877
1816
2813
2882
2072
1539
1197
988
1086
1565
1434
180
-959
-2104
-3183
-4048
-4299
-3785
-3946
-4468
-5262
-6532
-7274
-6982
-5994
-5462
-5178
-4530
-4338
-4771
-5045
-4369
-3215
-2080
-1228
-690
-672
-621
2
540
1083
1437
1785
1706
1480
1581
3980
6962
7145
3611
105
525
1983
2608
3213
4199
4644
2185
-2459
-6113
-6634
-3088
619
537
-2002
-4909
-7802
-9192
-7623
-3577
-468
-840
-3028
-4777
-5334
-4394
-2166
846
3083
4241
2891
746
574
2243
4273
4842
5001
5470
4694
2921
1317
885
1208
1350
1268
485
-726
-1984
-3181
-3807
-3779
-3210
-2944
-3223
-3137
-2728
-2254
-2093
-1801
-711
1064
2878
3988
4529
5250
6042
6301
6562
7668
9281
10058
9559
8662
7938
7319
6801
6335
5604
4816
3973
2507
486
-985
-1478
-1673
-2019
-2278
-2463
-3564
-4506
-4180
-3352
-2706
-2003
-1039
-692
-845
-506
157
633
1275
2353
2865
2653
2587
2283
1249
718
1074
1444
902
-90
-782
-2144
-3589
-4232
-4281
-4367
-4482
-4592
-5688
-7078
-7394
-6738
-6213
-6053
-5256
-4303
-4343
-4798
-4690
-3772
-2550
-1562
-977
-858
-494
156
625
722
957
1490
1629
1615
1826
4057
6938
6906
3358
-291
-2
1874
2685
3129
3990
4083
1506
-2937
-6369
-6650
-3350
375
401
-2128
-4693
-7445
-9071
-7879
-3494
137
-498
-2851
-4651
-5151
-4197
-2121
970
3112
4351
3274
881
559
2232
4513
4929
4607
5211
4807
3276
1423
773
1243
1326
1120
319
-589
-1560
-2855
-3664
-3868
-3458
-3186
-3316
-3104
-2863
-2451
-2305
-2062
-1031
670
2548
3558
4086
4923
5572
5648
5738
6927
8688
9524
9305
8502
7439
6409
6079
6132
5717
5043
3933
2313
424
-933
-868
-903
-1347
-1682
-2215
-3288
-4000
-3099
-1961
-1650
-1304
-666
-351
-526
-60
1001
1287
1344
2188
2584
2236
2160
2336
1852
676
305
355
-61
-564
-906
-1873
-3694
-4696
-4718
-4867
-4791
-4713
-5006
-5945
-7008
-6963
-6531
-5937
-4961
-4168
-4085
-4608
-4498
-3759
-2832
-2082
-1397
-700
-420
-343
-118
197
497
640
1051
1056
2713
6560
7991
4538
-745
-917
1578
2466
3372
5115
5748
2587
-1955
-5337
-6886
-4220
873
2432
-691
-3751
-6080
-8580
-8800
-4271
1056
958
-1899
-3741
-5076
-4916
-2747
944
3309
4464
4217
1574
-190
842
3869
5281
4851
5574
5225
3208
1247
854
1543
1386
1109
858
-22
-1328
-2888
-3890
-4315
-3808
-2721
-2737
-3150
-3187
-2871
-2761
-2806
-1646
338
2035
2858
3068
3779
4832
5476
5791
6413
7518
8460
8690
8494
7925
6854
6045
5816
5551
5061
4375
2857
800
-587
-861
-1080
-1637
-1652
-1459
-2738
-4228
-3858
-2496
-1779
-1444
-713
-308
-630
-312
579
970
1214
2069
2721
2537
2333
2518
2046
1111
829
547
-36
-417
-451
-1272
-3027
-4044
-4379
-4810
-5212
-4989
-4726
-5540
-6284
-6551
-6831
-6505
-5283
-4095
-4039
-4415
-4221
-3656
-3146
-2458
-1612
-922
-572
-234
-31
-50
406
834
1286
1208
2691
6400
7979
5332
294
-653
1246
2236
3592
5575
6628
3878
-1110
-5088
-6891
-4487
806
3033
605
-2679
-5680
-8592
-8927
-4680
656
1470
-793
-2932
-4776
-5338
-3571
44
2737
4626
4769
2077
-91
168
2464
3729
4252
5811
5735
3504
900
235
660
746
901
832
423
-738
-2490
-4107
-5069
-4515
-3212
-2598
-2605
-3001
-3104
-3512
-3817
-2801
-820
1509
2693
3023
3224
3435
3914
4601
5876
7035
7917
8472
8146
7470
6673
6035
5608
5256
5405
5350
3900
1658
-204
-827
-897
-1023
-893
-869
-1523
-3007
-3684
-3198
-2450
-1321
-352
264
-87
-331
436
1115
1459
1808
2076
2086
2288
2792
2639
1678
972
711
95
-517
-363
-451
-1680
-2951
-3745
-4469
-5096
-4992
-4512
-4861
-5835
-6108
-6074
-6335
-6152
-5227
-4230
-3995
-4077
-4117
-4160
-3627
-2432
-1382
-1391
-1343
-712
-605
-502
-140
575
794
622
1072
1480
3759
6670
6636
2587
-943
318
2302
2983
4072
6049
5733
1346
-3011
-5310
-4803
-1166
2758
2771
-685
-4133
-6929
-8342
-6573
-1140
2396
363
-2753
-4275
-4675
-4078
-1392
2355
3824
3525
2207
826
156
1465
4064
4410
4142
4658
4416
2626
674
870
1018
275
96
557
167
-1716
-3107
-3857
-4551
-4344
-3300
-2143
-2191
-2768
-2807
-3245
-3220
-1666
942
2729
2890
3395
4078
3943
3826
5002
6807
7520
7819
8408
8204
6803
5564
5245
5224
5095
5357
4723
2413
307
-670
-999
-1517
-1344
-456
-936
-2710
-3755
-3298
-2781
-2274
-1067
-15
-165
-589
-124
228
14
449
1734
2405
2191
2070
1664
524
-303
-114
177
-224
-536
-879
-2367
-4055
-4520
-3934
-3670
-3985
-4040
-4569
-5878
-6690
-6260
-5127
-4413
-3921
-3313
-3708
-4503
-4392
-3475
-2718
-2080
-726
72
-644
-1104
-504
246
472
897
1575
1302
1038
1284
2942
5197
6240
4541
883
-150
1212
2757
3569
4639
5370
2798
-1455
-4479
-4600
-2289
941
2378
382
-3083
-5832
-6343
-5369
-2699
492
1049
-688
-2942
-3710
-3081
-1926
453
2599
3516
2643
1450
1050
1009
2215
3101
3457
3602
3510
3418
1781
551
220
40
-308
-485
346
-74
-1676
-3258
-4350
-4447
-3887
-2390
-1360
-1712
-1994
-2342
-2721
-2338
-478
2095
3125
3369
3910
4148
3790
3680
4969
6732
7909
8297
7876
6695
5174
4216
4163
4397
4703
4701
3400
1055
-1055
-1609
-1315
-1308
-1084
-870
-1593
-3084
-3489
-2778
-2156
-1439
-464
156
-310
-666
-295
-155
195
1238
2127
1853
1205
1091
643
-101
-170
292
216
-686
-1618
-2336
-3067
-3155
-2798
-3085
-4004
-4723
-4806
-5085
-5446
-5157
-4883
-4785
-4679
-4238
-3877
-3943
-3675
-3419
-3195
-2495
-1554
-769
-580
-258
172
289
298
522
933
1327
1474
1529
1547
2038
4008
5807
5545
2364
-205
33
1459
2731
3739
4844
3901
603
-2799
-4724
-3925
-1266
1888
2477
42
-3187
-5503
-5733
-4146
-784
1757
1105
-1002
-2827
-3256
-2877
-1478
1165
3293
3786
2524
988
228
415
1633
2707
3612
3877
3168
1841
298
-660
-810
-288
377
624
66
-1256
-2969
-4349
-4425
-3412
-1987
-1067
-1131
-1812
-2533
-2428
-1646
-410
1182
2679
3561
3530
3533
3999
4565
5021
5648
6600
7178
7296
6769
5685
4409
3647
3908
4040
3751
3105
2091
736
-744
-1341
-1373
-1046
-492
-671
-1474
-2330
-2295
-1977
-1794
-991
-183
-209
-928
-1237
-797
-113
680
878
410
-124
-223
-111
-220
-315
-524
-1330
-2130
-2369
-2420
-2438
-2422
-2714
-3674
-4804
-5074
-4594
-4267
-4144
-4113
-4468
-5093
-5373
-4729
-3757
-2862
-2495
-2656
-3049
-3351
-2673
-1427
68
1161
1211
369
-556
-322
584
1381
2112
2566
2851
2252
1870
3454
5384
5589
2959
905
1028
1937
2833
3716
4802
4003
1213
-1939
-3847
-3233
-432
2586
2969
713
-2812
-5359
-5491
-3196
303
1967
1113
-1336
-3637
-4243
-3433
-1198
1373
3443
3321
615
-1450
-1464
258
1866
2787
3548
3074
2022
841
77
-122
54
775
1040
917
228
-1092
-2455
-3440
-3175
-2122
-1146
-819
-1133
-1544
-1904
-2294
-2100
-628
1386
2771
3214
3364
3338
3098
3317
4268
5555
6617
7031
6575
5445
4570
4392
4378
4229
4046
4050
3451
2000
758
-70
-433
-594
-487
-132
-427
-1138
-1893
-2323
-2446
-2479
-2031
-1542
-1323
-1488
-1888
-2036
-2000
-1692
-1256
-788
-392
-713
-1372
-1848
-1914
-1574
-1419
-1344
-1488
-1832
-2347
-2934
-3183
-3178
-2897
-2761
-3074
-3647
-4225
-4274
-4004
-3802
-3673
-3388
-3256
-3450
-3393
-2808
-2182
-1920
-1638
-1194
-978
-748
-296
53
59
328
1048
1742
2056
2281
2308
2055
1903
2131
2505
3251
5030
6374
5432
2499
555
818
2181
3514
4645
5235
4120
1573
-1412
-2944
-2097
371
2940
3368
1277
-2295
-4794
-4738
-2888
-486
788
506
-1378
-3420
-4055
-3477
-1925
-52
1371
1247
-259
-1498
-1752
-798
653
1805
2162
1611
1094
598
205
18
-51
2
180
532
404
-263
-879
-1075
-1228
-1423
-962
-205
327
481
415
-67
-648
-93
1361
2589
3111
3514
3417
2456
1763
2346
3699
4559
4854
4603
3882
2964
2350
2440
2890
3343
3102
2235
1476
912
503
292
508
667
165
-515
-1119
-1464
-1641
-1756
-1703
-1739
-1796
-2033
-2516
-2855
-2787
-2534
-2666
-2838
-2768
-2564
-2795
-3214
-3183
-2901
-2745
-2803
-2527
-2245
-2364
-2626
-2896
-2687
-2254
-1832
-1642
-1919
-2202
-2316
-2184
-1926
-1556
-1164
-1183
-1438
-1602
-1479
-1280
-1096
-892
-808
-803
-718
-340
6
171
319
388
360
461
1071
1822
1988
1732
1617
1836
2118
2395
2629
2589
2452
2384
2625
3468
4519
4837
3525
1714
784
1274
2482
3611
4358
4035
2378
-312
-2306
-2251
-208
1976
2494
1294
-1280
-3741
-4930
-4101
-1723
184
362
-1282
-3305
-4541
-4609
-3422
-1573
374
1185
83
-2084
-3550
-2870
-990
635
1632
1941
1259
-128
-778
-161
1005
2012
2666
2702
1988
1278
1029
1077
1413
1963
2376
2102
1439
1174
1149
1086
786
454
480
782
1359
1758
1473
780
-8
-176
415
1378
2294
2553
2361
1610
649
285
767
1967
2810
2724
1736
428
-409
-548
-97
607
952
274
-1275
-2643
-3087
-2810
-2338
-2006
-2126
-2899
-4162
-5156
-5247
-4444
-3318
-2721
-2959
-3739
-4424
-4462
-3816
-2677
-1492
-834
-936
-1549
-1930
-1773
-988
188
1042
1218
755
294
36
56
599
1208
1526
1295
941
830
631
462
398
589
863
885
659
312
169
142
-19
-49
133
511
768
713
679
534
571
746
1097
1590
1880
1821
1498
1363
1432
1799
2262
2363
1923
1400
1076
967
1372
2295
2903
2307
1019
-33
-644
-695
131
1299
1785
1110
-504
-2298
-3266
-2767
-1180
186
719
291
-1200
-3039
-3998
-3201
-1336
368
1112
433
-1079
-2394
-2569
-1680
-254
1340
2113
1592
152
-1146
-1349
-615
848
2420
2972
2166
640
-445
-600
-36
883
1839
2288
1866
805
-229
-732
-478
349
1283
1675
1234
481
-55
-447
-459
83
935
1499
1430
1033
368
-155
-139
197
645
909
925
517
-38
-211
-359
-598
-788
-862
-920
-1188
-1319
-1498
-1987
-2440
-2643
-2685
-2672
-2361
-1898
-1867
-2291
-2835
-2852
-2305
-1529
-867
-619
-738
-1120
-1348
-1011
-175
794
1236
976
369
-49
195
882
1480
1653
1467
1137
829
828
1081
1274
1123
849
642
450
435
510
561
350
-15
-170
-59
175
180
19
-174
-213
14
92
9
7
200
256
-74
-168
185
626
756
674
636
524
534
675
721
720
696
598
336
177
357
419
167
-95
-277
-491
-714
-795
-645
-472
-462
-833
-1260
-1354
-1136
-723
-479
-350
-506
-774
-757
-459
100
579
852
611
119
79
337
760
1215
1564
1536
926
430
531
928
1171
1158
1014
659
280
60
49
295
575
659
299
-316
-633
-624
-411
-160
-127
-300
-534
-696
-752
-734
-530
-167
30
-81
-444
-734
-767
-632
-441
-324
-139
-118
-432
-835
-1198
-1249
-1071
-777
-520
-557
-812
-1261
-1643
-1643
-1342
-977
-757
-590
-607
-840
-951
-822
-620
-479
-123
424
593
338
77
166
476
812
1225
1467
1389
1118
926
1008
1271
1795
2275
2286
1841
1327
1351
1612
1891
2247
2349
1978
1266
969
1327
1745
1869
1639
1243
747
231
-17
-93
10
82
-256
-958
-1595
-1704
-1382
-1132
-1136
-1308
-1619
-1863
-1884
-1489
-861
-583
-756
-1149
-1234
-966
-616
-309
-237
-301
-451
-578
-636
-713
-642
-420
-291
-426
-668
-836
-952
-950
-876
-684
-478
-397
-361
-447
-578
-662
-454
-69
189
378
279
-54
-320
-191
315
754
985
921
539
214
260
643
984
1167
1265
1096
842
869
1178
1309
1174
1067
931
729
680
820
837
561
316
189
53
-1
103
175
-67
-535
-847
-880
-624
-297
-185
-378
-822
-1118
-1190
-1116
-787
-537
-519
-737
-1034
-1142
-1136
-888
-514
-347
-368
-526
-536
-406
-180
195
326
259
98
67
245
411
667
677
359
72
20
219
387
531
493
163
-207
-372
-210
198
696
1018
861
446
246
414
871
1398
1882
2155
2065
1814
1661
1890
2381
2702
2727
2576
2383
2103
1794
1577
1446
1463
1421
1103
554
-3
-418
-657
-705
-599
-589
-825
-1274
-1773
-2000
-1881
-1526
-1257
-1183
-1240
-1488
-1688
-1721
-1528
-1179
-1008
-1042
-1169
-1229
-1233
-1361
-1307
-1030
-905
-1152
-1512
-1514
-1330
-1209
-1204
-1238
-1256
-1306
-1313
-1324
-1325
-1256
-1258
-1386
-1437
-1247
-878
-651
-582
-571
-783
-910
-616
-201
-65
-101
-45
55
122
273
462
546
554
724
850
681
592
751
843
756
804
1085
1278
1168
958
783
491
312
451
707
751
452
47
-279
-364
-155
193
329
97
-129
-179
-208
-242
-167
-1
32
-63
-55
89
222
353
531
534
383
403
748
1184
1363
1358
1243
1096
891
783
987
1292
1500
1365
1006
728
581
451
260
279
522
633
442
166
132
151
61
48
176
472
736
872
875
714
646
766
929
1093
1327
1485
1276
861
632
687
735
656
572
464
188
-183
-416
-523
-561
-567
-651
-861
-1178
-1425
-1532
-1549
-1464
-1321
-1126
-1089
-1331
-1585
-1566
-1276
-1010
-922
-971
-1076
-1176
-1194
-1040
-830
-722
-777
-947
-1083
-1062
-935
-858
-819
-795
-809
-827
-881
-915
-836
-710
-669
-800
-871
-782
-644
-585
-669
-773
-932
-1043
-1020
-1021
-1026
-979
-887
-918
-1055
-1045
-925
-831
-761
-715
-699
-710
-620
-378
-179
-26
27
2
72
247
503
646
635
633
659
666
685
788
982
1081
948
706
554
656
856
945
922
797
544
233
181
436
695
846
912
875
705
580
688
922
1082
1203
1307
1320
1260
1233
1461
1646
1503
1376
1589
1983
2073
1793
1521
1324
1197
1257
1563
1882
1906
1582
1100
792
861
1224
1588
1710
1556
1285
1056
982
1176
1449
1467
1249
959
729
624
567
597
579
288
-165
-549
-702
-681
-610
-605
-869
-1328
-1759
-1893
-1709
-1370
-1031
-1020
-1352
-1772
-1970
-1805
-1443
-1015
-751
-858
-1189
-1542
-1684
-1452
-973
-569
-649
-1094
-1437
-1516
-1451
-1295
-1018
-882
-1086
-1400
-1615
-1653
-1626
-1523
-1288
-1159
-1205
-1347
-1425
-1394
-1286
-1035
-875
-849
-861
-848
-800
-815
-795
-791
-818
-761
-682
-633
-675
-734
-666
-576
-464
-424
-456
-418
-269
-116
-105
-35
208
376
326
197
163
228
296
394
510
636
692
528
316
275
438
649
811
997
1096
1004
864
776
864
1136
1409
1600
1649
1623
1562
1412
1329
1459
1732
1933
1929
1798
1585
1326
1186
1256
1437
1402
1168
1035
1045
1018
826
651
580
562
590
608
660
652
516
331
248
495
860
1110
1111
935
833
810
951
1328
1791
2060
1931
1670
1492
1453
1500
1518
1500
1355
1103
808
540
388
296
160
-118
-390
-628
-883
-1103
-1232
-1201
-1127
-1215
-1442
-1603
-1677
-1805
-1942
-1840
-1499
-1264
-1266
-1384
-1524
-1563
-1493
-1357
-1257
-1276
-1283
-1304
-1409
-1506
-1436
-1264
-1230
-1345
-1547
-1752
-1859
-1859
-1719
-1553
-1432
-1419
-1523
-1673
-1778
-1669
-1415
-1175
-1030
-1028
-1171
-1359
-1418
-1325
-1105
-826
-656
-720
-964
-1147
-1087
-825
-506
-258
-184
-210
-267
-308
-281
-216
-43
184
301
200
-33
-211
-246
-82
166
372
335
91
-31
13
77
176
424
727
861
785
689
715
947
1293
1511
1481
1381
1378
1454
1647
1873
2055
2067
1932
1789
1752
1853
1978
2086
2064
1930
1777
1603
1515
1540
1548
1478
1310
1047
842
778
798
734
566
447
411
417
449
565
646
609
582
577
640
802
1028
1264
1360
1321
1227
1139
1106
1153
1248
1277
1200
1001
750
469
196
47
30
31
-88
-386
-712
-904
-939
-903
-933
-1013
-1172
-1319
-1403
-1432
-1396
-1380
-1421
-1513
-1582
-1592
-1606
-1617
-1599
-1530
-1473
-1516
-1556
-1522
-1444
-1387
-1347
-1302
-1218
-1153
-1209
-1323
-1379
-1267
-1116
-1079
-1118
-1149
-1181
-1296
-1352
-1243
-1165
-1160
-1224
-1299
-1335
-1366
-1314
-1224
-1176
-1145
-1126
-1129
-1100
-950
-774
-702
-573
-357
-234
-243
-256
-113
66
210
424
597
577
364
215
251
390
532
600
593
449
180
-46
-85
47
266
411
429
325
145
59
156
476
818
955
875
750
765
848
1005
1221
1335
1269
1177
1234
1334
1379
1419
1438
1448
1474
1578
1651
1532
1353
1281
1369
1489
1546
1505
1364
1127
845
780
917
1018
1011
873
683
530
512
575
585
658
784
777
649
590
738
903
872
768
716
747
874
1052
1109
900
619
447
387
474
703
828
621
200
-106
-203
-185
-109
-11
-36
-306
-673
-998
-1097
-961
-819
-893
-1148
-1350
-1538
-1690
-1651
-1420
-1243
-1327
-1475
-1513
-1481
-1466
-1401
-1258
-1149
-1128
-1159
-1185
-1136
-987
-906
-1030
-1235
-1269
-1124
-1025
-994
-1028
-1147
-1315
-1452
-1372
-1149
-1007
-1028
-1155
-1270
-1276
-1157
-991
-889
-847
-766
-626
-490
-437
-477
-495
-416
-258
-67
92
142
103
61
75
137
245
395
502
515
443
372
347
448
616
738
770
684
609
615
681
806
897
929
912
846
772
756
789
856
919
959
961
969
993
1032
1035
1007
1049
1100
1131
1137
1129
1033
894
855
897
937
899
845
772
653
600
627
635
602
588
581
534
501
507
506
467
498
582
553
446
404
434
392
316
331
436
535
527
428
255
87
4
61
205
290
240
100
-43
-95
20
227
299
157
-13
-107
-130
-111
-29
77
13
-176
-383
-594
-754
-785
-696
-664
-753
-897
-1064
-1252
-1332
-1211
-1059
-981
-989
-1081
-1242
-1408
-1358
-1095
-783
-598
-653
-875
-1142
-1243
-1098
-837
-598
-519
-566
-737
-955
-1022
-877
-615
-471
-434
-471
-659
-863
-942
-811
-602
-507
-454
-469
-552
-653
-743
-704
-569
-428
-390
-462
-440
-404
-426
-456
-467
-366
-198
-30
27
-58
-174
-236
-130
107
354
482
426
345
337
394
519
725
946
997
899
825
844
934
1030
1079
1043
958
877
833
862
912
915
822
704
669
702
724
718
698
627
527
497
529
576
648
703
687
566
518
669
803
813
788
738
667
629
715
852
875
839
756
591
480
510
591
621
555
477
370
185
75
103
166
153
112
71
-26
-111
-159
-158
-105
-74
-59
-86
-177
-275
-317
-309
-274
-240
-254
-354
-485
-558
-559
-487
-444
-474
-582
-731
-806
-847
-849
-796
-721
-662
-712
-884
-1002
-988
-915
-783
-654
-624
-708
-817
-835
-850
-833
-679
-497
-442
-516
-594
-683
-731
-605
-338
-150
-195
-309
-383
-473
-448
-267
-118
-63
-111
-199
-285
-350
-311
-210
-127
-141
-179
-199
-259
-316
-313
-185
-52
-47
-124
-196
-223
-173
-31
139
244
275
228
129
85
162
346
548
685
688
577
469
479
573
697
803
855
818
657
552
557
608
667
707
691
593
486
460
448
393
356
358
388
423
440
417
355
299
268
336
480
597
629
552
457
405
475
618
699
720
684
621
538
484
533
623
607
475
298
241
342
481
531
415
295
206
140
166
335
490
442
238
56
51
109
195
249
229
134
-41
-176
-232
-119
30
-9
-148
-365
-525
-618
-623
-473
-345
-337
-532
-750
-861
-858
-757
-680
-668
-742
-868
-930
-871
-718
-598
-678
-839
-982
-1025
-956
-812
-631
-583
-640
-795
-907
-841
-682
-527
-484
-542
-606
-683
-748
-709
-584
-414
-364
-440
-502
-578
-572
-471
-251
-50
-21
-103
-232
-271
-231
-125
-26
57
108
82
47
6
36
146
244
371
457
469
402
339
352
436
586
707
721
627
540
489
484
514
597
658
578
442
368
341
350
377
384
332
188
105
60
88
172
253
293
229
105
-26
-3
140
312
419
406
337
274
285
395
550
659
665
575
452
323
287
335
428
524
537
426
228
163
214
270
339
361
339
249
160
123
69
37
116
224
232
127
39
-10
-52
-26
3
90
151
107
16
-133
-157
-73
29
22
-46
-130
-237
-297
-347
-303
-217
-152
-178
-287
-362
-377
-442
-469
-446
-338
-217
-247
-343
-533
-627
-585
-510
-340
-276
-304
-429
-650
-701
-648
-440
-260
-275
-394
-494
-581
-620
-608
-343
90
-99
-556
-908
-875
-441
-87
36
-165
-467
-750
-917
-1119
-1073
-502
283
487
-128
-830
-1078
-955
-595
-2
411
495
270
85
-325
-632
-516
239
1026
1194
1161
656
195
-142
-56
373
878
1501
1694
1176
339
-333
-521
-156
243
869
1065
817
333
-381
-839
-996
-569
-33
488
600
319
-68
-626
-813
-600
-129
413
879
930
748
361
-57
-103
76
640
1119
1257
1016
638
188
-115
-15
208
621
799
736
451
-40
-491
-653
-430
-67
339
442
291
-122
-517
-669
-576
-164
282
599
557
283
-39
-203
-148
45
369
600
669
479
218
29
-79
-63
-31
33
58
40
-36
-177
-333
-479
-590
-570
-417
-293
-226
-279
-364
-507
-647
-592
-357
-87
72
189
141
18
-140
-191
-78
92
378
534
475
245
-15
-192
-215
-31
226
455
441
160
-171
-454
-457
-302
-121
39
104
-24
-269
-432
-450
-341
-279
-206
-144
-127
-124
-133
-187
-241
-239
-191
-134
-61
-15
4
9
-13
14
79
151
232
259
250
282
319
295
164
84
1
71
57
107
223
214
124
-121
-252
-347
-271
-227
-25
-2
-105
-162
-281
-271
-333
-245
-214
-122
-108
9
73
-42
-111
-191
-84
40
297
410
443
304
139
76
45
217
380
502
460
346
73
-72
-83
2
183
245
236
57
-87
-179
-109
-79
-24
55
51
100
68
41
8
48
82
158
178
184
202
84
-14
-80
-20
25
103
122
70
-47
-185
-167
-127
-25
6
-2
-37
-75
-124
-143
-40
39
79
47
7
-40
-78
-73
23
107
61
-46
-99
-77
-5
70
121
141
84
-16
-50
28
123
167
113
21
-66
-101
-87
-48
17
67
72
26
-68
-148
-128
-82
-32
-17
-23
-39
-134
-188
-188
-132
-4
63
28
-41
-155
-212
-143
-8
132
208
187
38
-107
-167
-82
54
176
229
147
50
-29
-34
-22
8
99
174
168
76
-26
-97
-143
-164
-156
-147
-102
-104
-149
-209
-243
-222
-262
-248
-170
-98
-98
-172
-206
-189
-130
-36
44
55
-12
-60
-54
-36
5
51
125
132
76
11
-67
-46
15
61
115
169
191
108
8
-30
-10
16
54
130
159
97
-7
-86
-90
-40
46
133
126
60
-18
-99
-131
-114
-14
72
96
118
82
-5
-93
-94
-9
37
96
139
103
70
64
76
59
39
27
14
4
25
70
74
-12
-105
-123
-88
-12
83
140
83
-5
-60
-67
1
82
160
198
157
39
-10
24
46
59
40
16
-29
-47
-47
-24
-16
-37
-60
-98
-126
-137
-83
-32
-8
-4
-65
-89
-32
28
33
10
15
56
100
94
57
15
-5
34
68
80
71
43
-1
-24
-50
-73
-57
23
100
92
1
-111
-148
-149
-109
-54
-17
-23
-78
-148
-228
-247
-186
-61
60
95
67
-3
-65
-82
-55
39
118
168
168
102
-2
-76
-51
51
147
127
46
-28
-40
-23
-17
-28
-29
-7
-26
-45
-48
-27
-32
-78
-127
-136
-86
6
94
104
5
-113
-144
-121
-1
152
215
150
17
-67
-81
-10
124
200
155
61
-29
-87
-95
-19
62
45
3
-6
-17
-27
-8
5
-25
-54
-15
66
105
70
51
35
-37
-65
-8
95
120
97
97
63
-4
-70
-56
-3
61
107
114
89
31
-45
-105
-92
3
124
152
95
-13
-114
-165
-143
-58
25
73
41
-63
-151
-148
-122
-82
-37
34
45
-26
-52
-47
-31
-15
36
83
86
42
19
62
84
98
99
66
58
81
91
60
40
66
74
35
-17
-44
-43
-40
-55
-86
-125
-138
-114
-106
-99
-89
-66
-59
-88
-105
-81
-51
-31
-15
-10
-9
-8
24
65
91
75
47
39
26
30
52
81
59
-3
-45
-57
-35
-11
-5
-15
-37
-69
-73
-61
-38
-7
1
-31
-49
-31
-23
1
34
51
25
-15
-12
-23
-3
49
80
76
53
47
19
6
20
46
72
71
84
88
40
3
-21
-13
1
20
46
9
-41
-57
-68
-82
-85
-81
-61
-40
-28
2
41
38
3
-6
11
55
69
75
91
95
77
55
45
36
73
103
88
76
63
17
-45
-67
-54
-41
-14
9
-26
-99
-165
-170
-129
-95
-64
-40
-26
-56
-88
-89
-91
-40
22
63
79
64
39
9
-1
10
45
116
148
116
62
1
9
47
100
140
126
81
-7
-107
-148
-73
37
82
39
-51
-148
-235
-237
-142
-8
71
59
-20
-116
-171
-140
-36
52
79
59
9
-42
-60
-21
55
142
179
137
67
18
3
10
62
121
108
55
5
-29
-45
-34
28
48
15
-34
-77
-103
-106
-70
-30
-31
-71
-113
-123
-103
-87
-61
-42
-41
-60
-82
-56
8
66
86
77
49
39
33
78
143
145
106
93
99
64
11
-10
21
44
25
-8
-41
-65
-93
-98
-67
-50
-35
-39
-45
-49
-54
-35
-13
20
40
61
76
83
78
80
100
90
70
72
87
95
92
55
11
-21
-5
14
2
-26
-33
-37
-81
-106
-103
-61
-52
-29
16
-21
-96
-158
-153
-88
-9
53
55
16
-42
-64
-34
4
66
125
115
59
36
37
26
45
77
83
46
-2
-15
8
25
40
13
-49
-88
-92
-57
-43
-6
18
-42
-124
-161
-104
-17
41
21
-54
-97
-98
-58
-9
31
35
9
0
18
32
33
50
48
57
61
50
70
78
60
32
19
26
54
82
82
18
-64
-92
-40
30
49
25
-6
-45
-83
-96
-83
-45
-16
-17
-65
-97
-83
-44
-20
-26
-17
4
26
28
34
39
39
23
13
47
74
77
63
47
34
13
-6
-11
7
37
42
36
16
-32
-63
-65
-44
-11
16
42
24
-5
-34
-49
-30
-13
8
28
19
-11
-4
17
38
36
0
-32
-38
-13
23
50
49
49
30
-9
-32
-42
-22
23
52
38
17
-8
-33
-30
-19
-16
-15
3
11
5
-1
-17
-33
-43
-57
-39
10
37
19
-13
-40
-54
-47
-18
15
54
75
36
-18
-39
-29
-5
51
85
65
14
-32
-44
-34
9
49
50
31
4
-41
-65
-54
-11
22
11
-4
-23
-39
-56
-39
4
41
34
-19
-38
-47
-44
-11
38
66
37
17
3
-18
-17
20
64
73
50
17
-16
-44
-45
-2
36
24
4
-22
-56
-84
-82
-37
-3
9
22
8
-31
-47
-42
-11
13
33
50
28
-17
-30
-3
18
51
56
42
12
-21
-7
8
22
39
48
45
0
-32
-31
-29
-14
11
56
62
39
2
-37
-48
-32
18
73
104
85
24
-46
-71
-49
0
21
23
24
-20
-79
-104
-67
-34
-20
-3
4
-17
-41
-54
-63
-46
-18
7
26
51
69
50
0
-21
-11
31
79
113
116
58
-7
-45
-51
-26
30
64
43
9
-30
-66
-86
-67
-21
4
9
-13
-36
-49
-51
-18
-4
0
-5
-3
-14
-6
18
19
21
5
2
-6
3
27
47
44
24
2
-5
3
18
32
28
22
-7
-22
-36
-26
7
38
58
12
-63
-114
-99
-22
48
76
51
6
-43
-67
-52
-19
26
55
59
34
-1
-33
-32
-7
5
15
13
5
-4
-9
-8
-6
-7
-24
-31
-16
2
9
7
5
0
-27
-36
-23
7
16
13
12
-13
-26
-16
4
14
16
32
45
33
4
-5
17
23
27
34
30
39
32
19
-1
-4
11
26
19
3
-9
-27
-28
-18
-8
-14
-18
-8
-8
-20
-28
-16
-19
-46
-44
-30
-5
14
26
19
-1
-11
-7
8
6
13
35
42
36
28
13
-5
-7
13
26
31
31
12
-11
-15
-19
-35
-27
-8
11
14
4
-32
-64
-70
-57
-22
-4
5
7
10
-11
-36
-27
-15
2
29
52
47
5
-35
-39
-19
21
52
70
50
6
-32
-38
-23
-5
32
58
49
5
-35
-46
-30
-20
10
25
8
-15
-19
-17
-35
-22
3
17
7
-3
6
11
0
-21
-9
10
33
29
10
-6
-26
-31
-13
21
39
38
17
-29
-43
-35
-8
24
15
7
-3
-19
-20
-13
-3
8
13
6
-6
-10
1
17
12
9
17
6
-4
-6
0
36
38
13
7
-7
-11
-7
22
41
22
-11
-29
-15
-2
10
22
16
-6
-15
-25
-27
-12
1
6
-4
-12
-20
-15
-22
-15
4
-2
12
1
-8
-8
-9
16
15
28
28
6
-6
-14
4
11
16
23
6
-14
-25
-18
2
9
1
2
-9
-24
-25
-13
10
23
16
2
-13
-12
1
12
18
12
5
-8
-22
-22
-4
20
14
-8
-20
-31
-26
-9
2
12
8
-2
-14
-19
-10
4
21
40
33
-5
-25
-18
-4
22
32
22
11
-10
-25
-34
-21
11
28
15
-5
-22
-36
-31
-20
1
12
6
-9
-10
-8
-11
2
12
21
13
-5
-2
-2
13
27
17
14
13
10
5
0
9
13
15
12
-3
-17
-23
-9
-1
12
7
-10
-9
-11
-11
-8
5
2
-9
-3
8
6
1
-4
-7
3
5
17
17
20
7
-10
-13
-10
8
11
19
15
5
-6
-14
-7
-1
6
6
13
2
-3
-6
-17
-12
-1
13
11
-1
-7
-15
-11
-5
4
1
-4
-8
-10
-4
-12
-6
-6
-7
-6
-9
-5
-8
-3
5
-3
-8
-4
13
24
13
3
-3
-7
-2
10
18
23
20
10
-13
-17
-5
1
-1
-6
4
2
-10
-11
-12
-12
-7
-5
-7
-6
6
14
8
0
-13
-9
1
2
9
12
14
13
-8
-13
-8
1
12
11
14
5
-12
-13
-3
2
8
8
5
-11
-25
-21
-3
4
11
11
2
-4
-18
-16
-10
-1
6
10
10
9
-5
-4
9
13
10
0
0
-5
6
17
21
16
-10
-15
-18
-12
4
11
13
-9
-17
-7
-4
5
11
13
2
-13
-10
-6
0
5
14
6
-6
-5
6
8
-2
-1
1
-4
-2
8
16
13
3
-7
-6
1
-4
3
2
0
-1
-5
-4
-7
-6
-6
-4
-4
0
-5
-3
1
-4
1
-1
-7
-3
6
14
11
7
0
2
10
7
10
7
12
7
-3
-6
-8
-2
-1
1
-9
-13
-8
-4
-6
-16
-6
2
1
5
-5
-9
-7
-7
-5
-3
-3
3
7
6
5
-1
-2
