0
-2
1
0
-3
-6
1
3
-1
2
1
-3
-3
-2
0
-1
0
2
1
-2
-2
-3
-3
1
0
2
2
-1
1
0
-2
0
0
0
1
0
-1
0
-1
-4
-4
0
0
1
1
4
1
-1
1
-5
-4
2
2
3
4
0
-1
-1
-1
-5
-1
2
2
3
4
4
-3
-2
-2
-2
1
-1
0
2
2
1
3
2
-1
-1
-5
-3
-3
-2
3
2
2
-1
2
1
-2
0
0
1
1
5
3
0
-1
2
-2
0
3
0
5
4
3
1
-1
0
-5
-1
1
1
-2
2
0
0
-1
-5
1
-3
-4
-2
3
-1
0
4
3
1
-2
-2
-5
-5
-6
0
3
3
6
6
8
-1
-1
-1
-3
-3
-4
1
2
3
3
0
-1
1
-1
-1
-5
-10
-2
-1
1
3
2
2
-3
-2
1
-5
2
4
7
3
-3
-1
-7
-5
-3
-1
3
2
2
5
2
0
-5
-4
-1
1
2
3
3
4
4
2
-4
-5
-2
-3
2
0
2
2
0
-4
-2
0
-3
-1
3
3
1
2
6
2
-4
-3
-2
-6
-4
1
1
0
-2
4
1
-1
0
-5
-4
-2
3
-1
-4
3
0
-1
3
5
-1
-2
0
-1
-3
4
6
3
4
1
-1
2
2
-1
-1
0
2
-1
0
-3
2
-1
-4
-3
0
-3
-1
4
4
4
3
1
-1
1
-2
0
1
-1
-3
-1
3
-2
2
-2
0
1
-3
1
0
2
-2
-6
0
4
-1
0
6
6
0
0
2
1
-3
0
6
1
-1
2
2
0
-6
-2
0
-7
-5
1
2
-3
-1
5
0
-5
-2
3
-3
-2
5
0
0
-1
2
3
0
5
4
1
-2
-3
1
0
1
4
3
-1
-2
-3
-3
-6
-4
1
0
1
-3
0
-1
-1
-4
-7
-2
-3
0
1
5
2
3
4
0
2
-3
-2
-2
4
4
0
5
5
2
-7
-2
1
-2
-2
0
2
0
-1
-1
-3
-2
0
2
2
-1
-1
2
2
0
0
-2
1
0
4
1
0
4
1
-1
-2
0
-2
-2
0
4
-1
-5
1
-3
0
2
2
3
0
2
-4
-1
0
-3
-3
3
2
-2
0
1
-1
-5
0
0
0
0
2
0
-2
0
-2
0
1
3
3
3
3
1
1
-1
-2
3
0
1
1
1
-1
-3
1
-1
-1
2
-1
0
-1
-3
-1
-2
1
-2
-1
0
-2
1
0
-1
2
2
-2
1
0
1
-2
4
3
-4
0
1
0
0
1
3
3
3
-1
-3
-3
-2
-2
3
-1
1
3
4
2
0
-1
-3
-4
0
1
-2
2
2
3
0
-1
0
-4
-4
0
2
1
-2
4
1
-3
2
2
-2
-2
-1
-3
-5
-1
1
2
3
1
2
2
0
0
2
0
2
1
1
0
2
-3
-2
4
-1
-1
0
-2
-8
-4
2
-1
-5
1
5
4
-2
-4
-1
-3
0
0
5
1
-2
-2
1
1
0
1
5
2
-3
-1
3
1
-2
5
5
0
-4
-2
1
-1
-1
1
-2
-1
-1
-1
2
-1
-2
-3
-2
2
0
-3
1
0
2
5
3
-3
-4
0
-1
-2
-2
3
0
6
4
2
-7
-4
1
1
-3
-3
4
-3
5
4
1
-2
0
0
-1
-1
-1
-2
-1
5
3
-3
-4
2
-1
-3
-1
-2
2
3
5
1
-3
-1
-1
-1
1
2
-3
0
1
3
0
-2
-1
-2
1
-2
1
-2
-2
2
4
2
-5
-3
2
7
5
0
-1
0
1
1
1
-3
-3
-3
-2
-5
1
0
-1
5
0
0
-5
-5
1
2
-3
0
-3
1
6
9
5
-3
-5
-9
-1
1
5
4
-2
-3
-3
-4
-2
5
2
0
3
7
-2
-4
-3
1
4
3
2
-4
-5
4
10
4
0
-5
-2
-1
0
-1
-1
0
-3
4
-2
-1
-4
-3
0
2
-8
-4
-1
3
5
7
4
-8
-7
-4
7
1
-2
1
-1
-4
-1
-2
7
2
-4
0
-2
-4
-4
-8
6
2
3
2
0
2
6
7
-1
3
-3
-6
-1
9
1
2
2
0
6
-3
-5
-2
-6
3
-5
-8
2
4
9
7
2
-3
-12
-12
-5
-2
9
13
3
6
6
-7
2
-1
0
8
0
1
3
10
5
-6
8
-8
-16
-7
2
5
-6
13
1
0
-7
-12
-2
-5
1
-4
8
2
-9
3
6
1
-5
-10
-12
-4
0
5
21
9
-4
-4
-16
-7
0
-11
14
10
3
-10
-11
2
-5
-5
6
1
3
3
-2
8
-19
-5
14
8
7
-53
16
-39
89
94
-131
16
-49
-11
21
-22
58
-61
64
54
-47
-17
-89
-46
142
139
-86
-30
-33
-13
-83
24
66
-76
130
72
2
-59
-109
5
-39
73
43
-18
44
23
-63
-14
-21
-14
19
23
67
0
-16
-13
-16
-8
22
-8
-11
28
-9
-3
34
29
-6
-43
4
-11
-29
5
11
11
-4
-2
3
17
-1
-17
1
8
16
-14
26
7
-37
-30
-26
8
-2
-7
6
71
33
-12
-32
-12
-52
-47
-11
58
20
-4
56
-24
24
-39
-40
-20
-23
38
18
73
34
-68
-8
-9
-4
-33
1
42
36
32
27
4
-59
-53
-44
1
17
-3
-33
21
38
7
3
2
6
32
13
-39
-53
-25
-38
-15
-4
27
77
10
10
15
-54
-27
7
12
-27
-14
15
-3
-36
-31
8
18
-10
118
55
14
9
11
-85
-31
-153
-91
-99
-212
784
132
-167
140
-143
21
-349
-36
-25
-338
410
72
166
-102
-108
78
-61
141
-24
-75
-101
-29
-99
97
154
-101
284
162
61
-24
-248
70
-304
42
196
-72
149
-50
203
-50
-208
151
-225
-44
-18
20
-96
-61
426
-23
289
-144
-14
-135
-218
101
-267
264
120
-181
433
-399
-18
-205
-118
249
-92
709
-141
-49
-110
-239
17
-162
374
-37
175
316
-340
-41
-541
-117
91
71
426
68
23
-81
-494
-147
-128
-115
351
323
413
-65
-138
-100
-527
-43
89
313
508
186
21
-392
-305
-415
-39
279
77
247
289
-252
-258
-406
-337
125
173
504
58
179
-70
-449
-119
-249
106
232
132
425
-72
-160
-111
38
-107
-251
419
-39
65
89
-5
-109
-72
-32
-95
48
-5
-181
125
87
57
-46
-56
-27
-53
-37
60
107
71
-29
140
-2
-132
68
187
-237
251
41
-236
248
-112
-32
-215
365
-84
-117
189
-279
-186
197
-82
276
-250
286
-294
246
-202
160
100
-292
433
-255
401
-377
85
-81
-340
425
-65
48
225
-25
-17
-434
134
-417
-85
440
-184
263
268
-159
-256
91
-491
-242
323
64
150
313
-11
-177
-167
88
-189
-106
416
-16
212
70
-30
-221
-341
241
-77
55
232
109
-9
-125
-131
-293
99
178
-145
415
28
-71
-203
-219
-11
-449
560
187
243
341
-363
-177
-457
81
1
-64
582
-34
121
-173
-49
-465
-65
274
77
417
-30
-105
-230
-145
51
4
349
86
-117
89
-28
-400
-86
112
-69
280
388
33
-315
-54
-361
-137
185
138
10
333
188
-253
-23
-85
-474
-88
422
197
69
141
-176
-394
-107
35
-121
237
136
76
255
-189
-124
-202
56
159
117
184
-90
-236
-160
-127
-27
96
128
76
-98
-207
-210
-293
-166
69
291
382
302
75
-231
-339
-269
-109
351
384
399
196
20
-304
-442
-326
-153
260
400
427
211
-36
-410
-451
-112
-78
137
462
455
-17
-101
-474
-563
-118
232
215
462
531
2
-455
-157
-317
-513
230
162
431
222
18
-371
-271
-92
-75
301
434
151
16
31
-166
-295
-105
62
318
135
-12
-112
-356
-140
-208
72
134
227
38
-93
-137
-208
-233
-72
147
173
378
158
38
126
-202
-67
28
15
70
54
132
57
-31
-279
-81
-8
36
-129
-6
-22
-136
115
-27
-33
7
-184
-109
-14
9
-123
63
113
264
144
24
-43
-187
-107
39
315
289
48
54
2
-114
-153
-41
-240
-104
151
167
162
-84
-215
-356
-164
-129
86
142
154
180
19
-14
-160
-113
5
57
192
176
106
58
-36
-107
-162
-51
-55
81
21
-129
-46
-22
30
94
60
-164
-1
-36
-15
-4
-6
25
73
245
197
35
-191
-236
-256
1
5
138
219
161
84
84
-50
-205
-239
-116
2
133
241
22
-50
-17
-84
-134
3
-50
22
50
177
119
6
-93
-111
-71
-21
-31
41
158
199
109
-55
-151
-222
-63
-140
133
250
149
185
68
-42
-144
-123
49
91
165
124
22
1
6
3
-95
-66
-7
52
-68
-13
-57
-230
-30
65
50
45
-63
-88
8
19
-96
-121
-37
26
-70
64
-24
-208
-129
20
-49
-27
44
-6
16
138
0
-118
141
91
66
227
76
-124
-104
13
-64
-14
214
65
111
40
-161
-212
-244
-96
-103
165
163
91
76
-16
-125
-212
-139
-74
31
140
174
171
55
-53
-45
-105
-20
131
48
-9
26
-46
-199
-63
-15
-105
31
56
-53
-43
26
-91
-74
77
-64
-23
157
200
101
126
127
1
-42
13
60
98
121
199
194
64
22
-40
-99
-102
-111
11
-4
197
227
69
42
-37
-168
-143
16
-3
146
143
249
116
-32
-16
-48
-60
17
80
53
164
84
21
-100
7
-169
-171
28
57
17
-19
83
-197
-147
-92
-173
-50
-41
-28
-65
12
-91
-283
-172
-143
-207
-50
57
-50
-70
-86
-252
-113
23
-38
-63
47
18
-118
-63
10
-109
-116
2
-6
30
-31
-137
-96
-108
-6
-20
0
80
-50
-44
59
-79
-157
-39
29
35
14
-20
-113
-78
66
18
-1
89
124
34
5
79
-81
-147
92
314
294
242
196
221
145
183
233
133
130
245
250
94
187
104
6
82
89
-19
-67
87
-63
80
95
67
172
157
100
-148
103
115
124
233
113
38
26
57
101
-169
-57
-282
-104
165
109
-226
-360
12
-206
-378
-291
-65
-223
-115
21
-279
-212
-333
-524
-273
-97
18
-189
-185
-265
-324
-220
-428
-267
-111
-89
71
-192
-315
-338
-187
17
32
155
125
211
134
57
32
11
233
104
281
125
-11
-32
-146
-22
-152
-114
-102
-70
-90
-335
-306
-322
-455
-343
-302
-246
-134
-164
-350
-346
-192
-203
-127
-5
124
248
128
285
321
416
382
356
384
250
614
285
415
621
666
574
263
386
-3
107
573
344
306
496
569
420
193
303
233
412
600
479
372
695
820
641
771
685
826
435
699
499
265
460
592
870
447
480
165
-235
59
7
-141
-286
-53
-107
-397
-217
-730
-672
-685
-461
-528
-491
-542
-772
-720
-822
-652
-792
-710
-703
-622
-523
-571
-612
-798
-631
-610
-600
-729
-728
-541
-521
-396
-479
-591
-565
-523
-463
-533
-579
-430
-302
-228
-300
-393
-304
-336
-271
-170
-262
-178
-92
-8
-36
-62
-173
-125
-21
31
180
131
185
288
262
306
337
403
433
418
524
526
566
532
544
578
643
604
618
638
544
597
496
527
421
486
542
499
525
506
399
336
333
454
441
356
284
172
192
149
163
70
150
275
225
172
76
38
91
131
154
16
347
271
143
139
-26
-27
-136
-32
19
57
209
61
-176
-113
-165
-41
-241
-181
63
103
-38
-301
-150
20
-173
25
-58
37
208
44
-70
-410
-5
-120
72
117
-200
37
-52
121
-140
-265
310
70
175
-10
5
-264
-165
-73
-478
29
-94
-76
200
-172
-555
-114
-114
-281
-465
-87
-131
-348
-234
-492
-75
-657
-889
-344
-417
-130
-772
-474
-323
-459
-537
-937
-136
-337
-643
-508
-516
-327
-462
-693
-871
-249
-273
-184
-574
-769
-617
-454
-225
-824
-459
105
35
-123
-415
-361
-191
-158
-126
-359
216
264
-40
6
31
87
81
112
291
453
377
374
631
747
610
615
539
663
603
583
420
748
872
663
818
508
442
246
219
236
374
638
490
355
63
-92
0
5
80
170
394
505
262
285
179
342
91
65
582
814
737
265
500
638
461
199
279
561
520
456
467
605
544
121
-161
-45
524
339
-18
120
406
620
92
-286
-328
121
461
158
148
283
388
279
-242
-328
-35
134
166
127
-17
194
-25
-22
-288
-575
28
-382
-29
-342
-350
-81
-501
-679
-1073
-549
-405
-1236
-1028
-552
-93
-534
-1668
-1129
-726
-544
-1359
-1307
-384
-95
-1023
-1385
-1062
-570
-787
-1112
-975
-388
-490
-882
-879
-649
-816
-356
-195
-765
-528
-445
-205
-658
-740
-313
-80
7
136
-280
-246
-157
114
-144
-356
-7
251
358
232
-205
228
124
25
-55
230
626
686
956
792
404
287
376
440
378
551
901
1022
870
743
650
558
266
92
298
459
542
507
472
223
-157
-293
-43
21
125
285
355
388
333
280
378
480
355
532
967
1126
897
867
1027
1063
1089
962
960
1138
1162
986
649
971
1041
688
516
535
751
653
584
610
570
663
762
612
486
532
590
641
476
444
559
561
427
105
257
254
239
245
134
146
141
45
-227
-161
-164
-307
-391
-552
-511
-443
-725
-851
-832
-948
-1277
-1114
-974
-1098
-1053
-1276
-1108
-1190
-1266
-1453
-1459
-1287
-1047
-1144
-1507
-1503
-770
-1042
-1368
-1959
-1413
-737
-906
-1359
-1305
-952
-1170
-962
-1038
-1144
-1150
-899
-364
-667
-811
-366
-606
-196
-437
-701
-409
107
-270
-678
-282
93
-295
-33
-100
30
209
-30
10
33
286
356
319
726
1025
1427
1210
737
618
634
780
833
906
1199
1621
1516
1154
745
372
53
18
290
808
1041
842
245
-238
-442
-808
-717
-357
171
267
111
70
-22
-244
-444
-60
417
645
815
1128
1204
854
450
668
1045
1191
1196
1279
1384
1178
812
656
754
891
808
631
719
712
428
361
477
469
418
476
672
681
574
430
448
538
693
728
698
926
921
791
584
568
693
684
574
502
526
471
301
161
-55
-101
-74
-284
-347
-289
-323
-594
-718
-899
-791
-1038
-1209
-1316
-1400
-1116
-1199
-1363
-1608
-1502
-1421
-1663
-1827
-1586
-1380
-1272
-1214
-1762
-1516
-1290
-1498
-1782
-1797
-1286
-1158
-1210
-1354
-1182
-1016
-1532
-1668
-1283
-738
-841
-1040
-731
-623
-740
-1170
-1160
-1103
-794
-552
-656
-677
-434
-480
-698
-1040
-929
-533
-233
-156
-65
713
1658
1162
152
-280
78
596
516
888
1577
1981
1689
824
252
1
-282
-276
136
876
970
509
-87
-691
-1220
-1540
-1180
-482
13
74
-78
-96
-365
-766
-427
189
837
1208
1614
1945
1534
1243
1055
1328
1777
2006
2393
2755
2681
1989
1532
1543
1664
1553
1468
1721
1862
1556
1067
839
1002
1052
874
804
1212
1505
1327
1149
1144
1259
1375
1475
1511
1518
1556
1681
1539
1527
1569
1684
1585
1231
1031
851
853
669
508
430
359
86
-366
-560
-552
-801
-1126
-1169
-1069
-1277
-1573
-1664
-1749
-1734
-1798
-1884
-1937
-1806
-1758
-1961
-1766
-1756
-1989
-2171
-1975
-1686
-1929
-1798
-1645
-1751
-1706
-1606
-1573
-1721
-1696
-1463
-1365
-1421
-1498
-1420
-1160
-1326
-1570
-1378
-1258
-1128
-1224
-1470
-1160
-1022
-1125
-1334
-1284
-1028
-879
-927
-1050
-874
-544
-405
10
870
1621
1405
469
-68
66
625
878
1289
1850
2227
1830
888
30
-490
-645
-299
366
857
916
174
-867
-1826
-2385
-2311
-1581
-777
-403
-439
-675
-1007
-1452
-1440
-864
145
950
1497
1751
1753
1598
1242
1204
1724
2445
2995
3282
3405
3213
2446
1927
1924
2146
2332
2303
2296
2127
1656
1131
775
888
1082
1133
1349
1426
1187
1041
1033
1162
1258
1493
1933
2256
2407
2297
2204
2214
2172
2303
2635
2926
2903
2684
2307
1904
1634
1308
1225
1062
865
738
483
105
-501
-1175
-1498
-1458
-1590
-1836
-1773
-1789
-2201
-2615
-2719
-2550
-2575
-2546
-2328
-2085
-1938
-2224
-2447
-2281
-2088
-1991
-2010
-1705
-1324
-1629
-1952
-1977
-1991
-1903
-1950
-1806
-1818
-1818
-1847
-1958
-2132
-2339
-2176
-2165
-2188
-2100
-2028
-1987
-2052
-2110
-2196
-2109
-1789
-1724
-1644
-1415
-1277
-1003
-530
355
1124
1367
754
-144
-55
505
881
1025
1573
2232
2040
1178
118
-419
-701
-887
-470
175
438
-316
-1373
-2237
-2806
-2900
-2488
-1625
-1054
-1235
-1566
-1858
-1785
-1695
-1301
-268
590
1174
1202
1395
1509
1365
1534
2000
2704
3089
3266
3436
3256
3015
2583
2443
2721
2847
2781
2417
2224
1987
1589
1312
1205
1305
1356
1473
1472
1362
1230
1217
1425
1585
1826
2146
2512
2654
2522
2507
2523
2751
2890
3162
3450
3445
3313
2870
2518
2191
1999
1844
1710
1565
1188
814
308
-220
-798
-1187
-1248
-1384
-1630
-1909
-2050
-2213
-2545
-2713
-2564
-2357
-2321
-2224
-2005
-1968
-2167
-2215
-2007
-1752
-1615
-1457
-1251
-1197
-1408
-1573
-1630
-1549
-1637
-1808
-1708
-1619
-1679
-1928
-2091
-2289
-2564
-2598
-2373
-2282
-2492
-2625
-2589
-2534
-2495
-2710
-2624
-2363
-2193
-1903
-1613
-1311
-1175
-728
419
1338
1275
222
-226
281
562
756
1068
2028
2339
1547
519
-301
-547
-1057
-1056
-427
11
-251
-1533
-2515
-3107
-3350
-3114
-2685
-1903
-1836
-2191
-2540
-2603
-2209
-1845
-1000
-146
424
687
629
902
1035
1329
1942
2534
2951
2950
3058
2948
2637
2584
2617
2872
2702
2499
2412
2081
1670
1153
1197
1326
1316
1212
1253
1481
1233
1018
1126
1465
1907
2180
2531
2921
3182
3146
3137
3341
3503
3746
4164
4634
4750
4453
4152
3877
3480
3075
2994
3133
2959
2347
1710
1345
859
258
-130
-227
-343
-738
-1174
-1529
-1789
-2009
-2105
-1922
-1756
-1627
-1526
-1504
-1593
-1709
-1620
-1501
-1350
-1304
-1114
-940
-1023
-1234
-1345
-1461
-1628
-1735
-1828
-1824
-1907
-2026
-2183
-2240
-2390
-2730
-2936
-2885
-2850
-2946
-3036
-2916
-2718
-2612
-2709
-2926
-2983
-2861
-2562
-2256
-1935
-1542
-1204
-702
117
828
813
-127
-546
-172
436
829
877
1407
1504
997
262
-512
-721
-1112
-1066
-673
-512
-751
-1929
-2719
-3309
-3428
-2987
-2612
-1940
-2148
-2592
-2960
-3037
-2374
-1837
-1005
-297
129
214
-96
26
381
1014
1652
1975
2423
2476
2429
2204
1991
2157
2212
2398
2365
2230
2056
1626
1246
870
835
939
982
1077
1093
1262
1160
972
968
1291
1868
2173
2574
2826
3116
3298
3235
3426
3522
4009
4462
4747
5003
4866
4753
4180
3710
3563
3485
3496
3032
2781
2403
1866
1240
494
391
150
-72
-411
-807
-878
-1307
-1537
-1700
-1488
-1223
-1212
-1051
-1071
-939
-1046
-1047
-881
-784
-484
-412
-296
-402
-605
-675
-933
-1106
-1351
-1344
-1251
-1426
-1736
-2107
-2293
-2569
-2843
-3055
-2946
-2921
-3272
-3527
-3570
-3305
-3395
-3493
-3482
-3357
-3126
-3115
-2756
-2586
-2303
-1891
-1220
12
798
876
-125
-728
-145
450
898
989
1594
1736
940
427
-388
-823
-1327
-1272
-717
-986
-1202
-2277
-3298
-3942
-4097
-3332
-3194
-2775
-2824
-3281
-3532
-3710
-2742
-2072
-1360
-583
-356
14
-169
112
580
1078
1808
1962
2334
2344
2315
2312
2058
2345
2286
2250
2048
1780
1746
1221
928
663
600
583
356
476
484
534
420
344
588
789
1274
1615
1977
2334
2583
2962
3147
3319
3533
3980
4585
4773
4730
4651
4657
4493
4193
4111
4162
3978
3347
2736
2512
2284
1827
1353
1126
989
593
25
-498
-736
-824
-876
-877
-829
-676
-662
-691
-732
-640
-466
-390
-340
-349
-174
28
55
-16
-133
-231
-453
-780
-953
-998
-972
-1137
-1498
-1850
-2016
-2245
-2490
-2671
-2734
-2758
-2939
-3139
-3273
-3257
-3151
-3172
-3191
-3244
-3024
-2807
-2513
-2306
-1988
-1657
-1290
-126
919
1198
262
-448
228
768
1081
1125
1611
1924
1082
660
-42
-491
-1045
-1361
-847
-1047
-1195
-2179
-3255
-3690
-3947
-3403
-3402
-3081
-2913
-3495
-3745
-3887
-3031
-2408
-1974
-1198
-861
-430
-581
-422
62
510
1221
1358
1633
1763
1735
1830
1582
1817
1862
1730
1506
1186
1265
936
599
316
198
238
-74
-102
-4
167
206
-8
178
558
1080
1306
1509
1936
2172
2432
2681
3235
3774
4008
4294
4552
4870
4773
4605
4672
4563
4673
4640
4619
4124
3369
2928
2521
2466
2178
1967
1627
1127
724
102
-239
-600
-689
-626
-564
-322
-417
-489
-725
-800
-617
-547
-305
-152
56
131
50
133
12
-82
-374
-571
-560
-599
-616
-933
-1325
-1669
-1934
-1899
-2110
-2342
-2592
-2751
-2878
-3269
-3319
-3239
-3148
-3270
-3295
-2949
-2945
-2896
-2875
-2605
-2198
-1900
-1187
-520
745
1441
911
42
-174
1021
1360
1441
1811
2259
2239
1070
761
174
-475
-890
-1006
-314
-820
-1472
-2676
-3695
-3733
-3870
-3364
-3439
-3373
-3504
-4274
-4185
-3855
-2876
-2325
-2049
-1325
-1129
-802
-782
-569
129
604
1231
1278
1420
1624
1449
1460
1290
1669
1768
1406
1137
860
1007
629
250
126
16
40
-326
-250
-28
23
-59
-384
-89
333
766
1062
1234
1633
1632
1796
2134
2660
3222
3586
4219
4381
4296
4120
4132
4210
4136
4471
4525
4305
3762
3232
2922
2468
2388
2216
2114
1863
1421
988
218
-78
-250
-251
-189
-133
-61
-427
-662
-707
-551
-522
-611
-558
-484
-289
-215
-197
-336
-556
-698
-910
-968
-881
-761
-955
-1450
-1737
-1726
-1641
-1838
-2055
-2174
-2194
-2418
-2759
-2935
-2958
-2855
-2862
-2750
-2627
-2548
-2493
-2676
-2546
-2309
-1957
-1620
-1427
-796
-382
550
1625
1881
1283
211
661
1289
1606
2167
2412
2722
1745
1114
515
-499
-685
-922
-435
-508
-932
-1724
-3407
-3817
-3812
-3355
-3194
-3390
-3228
-3944
-3963
-3556
-3059
-2337
-2112
-1442
-1214
-861
-367
-390
19
429
1106
1462
1420
1715
1599
1607
1596
1611
1802
1563
1360
885
689
827
557
198
-275
-335
-284
-338
-110
-165
-218
-380
-438
-55
261
709
886
1160
1567
1801
2169
2387
2753
3117
3520
4091
4221
4261
4089
3957
3977
4016
4222
4051
3807
3473
3202
2983
2541
2252
1770
1444
1162
783
554
101
-150
-485
-626
-601
-755
-814
-1073
-1109
-1217
-1229
-1035
-969
-917
-1044
-968
-946
-1047
-1059
-1149
-1047
-1062
-1066
-1167
-1339
-1425
-1598
-1667
-1773
-1829
-1872
-2056
-2053
-2103
-2199
-2422
-2635
-2581
-2601
-2469
-2404
-2319
-2255
-2150
-1936
-1808
-1593
-1271
-1047
-761
-300
334
1020
1997
2540
2032
1059
1135
2072
2437
2554
2625
2754
2282
1465
993
194
-240
-383
-273
-64
-399
-957
-2416
-3340
-3219
-2906
-2646
-2699
-2497
-2856
-3490
-3322
-2925
-2355
-1987
-1415
-860
-760
-443
-406
-292
120
608
1161
1236
1391
1401
1156
1186
1202
1370
1337
1195
1107
840
727
329
-52
-190
-241
-117
-122
39
62
-245
-451
-515
-164
207
562
1000
1314
1686
1742
1772
2054
2507
3058
3423
3851
4038
3934
3668
3473
3660
3826
4069
4071
3852
3484
2974
2649
2204
1860
1510
1365
1301
1007
672
-57
-566
-907
-899
-795
-1090
-1263
-1593
-1494
-1493
-1563
-1623
-1868
-1768
-1864
-1676
-1533
-1423
-1331
-1609
-1629
-1669
-1385
-1265
-1423
-1464
-1671
-1652
-1820
-1848
-1934
-2131
-2076
-2092
-2046
-2226
-2284
-2441
-2618
-2527
-2311
-2020
-1925
-1862
-1733
-1533
-1244
-1001
-728
-376
-276
-25
359
1098
2092
2869
2865
1858
1284
1815
2227
2226
2167
2648
2528
1766
1300
675
71
-381
-169
172
3
-395
-1575
-2728
-2826
-2214
-1819
-2110
-2286
-2584
-3120
-3070
-2511
-1870
-1588
-1260
-898
-766
-540
-379
-268
42
724
1353
1368
1231
1169
1121
1220
1493
1744
1595
1241
927
769
792
793
540
258
184
180
49
-59
-37
-42
-38
69
264
477
698
863
1120
1486
1923
2205
2410
2731
2880
2976
3132
3348
3459
3523
3791
3981
3892
3684
3343
2988
2673
2571
2464
2076
1781
1349
881
456
170
-43
-706
-1108
-1383
-1463
-1645
-1956
-1995
-2307
-2470
-2702
-2785
-2727
-2798
-2608
-2649
-2507
-2490
-2639
-2633
-2603
-2173
-1928
-1794
-1846
-1989
-1990
-2138
-2078
-2026
-1799
-1631
-1742
-1841
-1981
-1948
-2114
-2204
-2128
-1947
-1688
-1678
-1626
-1655
-1522
-1250
-931
-596
-507
-342
-270
-45
325
652
1078
1326
1772
2425
3194
3206
2306
1752
2269
2999
2944
2879
3019
2857
2279
1791
1505
831
533
571
670
533
21
-815
-1931
-2111
-1701
-1675
-2036
-2336
-2414
-2756
-2743
-2291
-1979
-1772
-1681
-1355
-1027
-642
-361
-402
-65
616
1168
1248
1167
1241
1222
1287
1560
1848
1873
1555
1205
977
1027
994
648
414
381
392
262
276
466
366
107
26
303
702
958
1146
1424
1753
1813
1712
1893
2376
2638
2732
3072
3571
3616
3235
3008
3127
3303
3198
2978
2754
2593
2212
1808
1522
1180
805
192
-43
-303
-720
-1208
-1768
-1884
-2343
-2544
-2871
-3061
-3195
-3589
-3467
-3667
-3558
-3706
-3813
-3547
-3516
-3095
-3235
-3065
-2883
-2809
-2553
-2649
-2201
-2057
-1850
-1752
-1809
-1689
-1874
-1613
-1553
-1511
-1479
-1494
-1329
-1417
-1161
-1097
-1159
-1128
-970
-695
-740
-602
-314
-85
122
272
515
656
756
951
1091
1433
1943
2413
2779
3271
3816
3417
2525
2373
3051
3501
3353
3426
3381
2840
2130
1669
1285
839
775
674
393
-43
-623
-1618
-2457
-2312
-2089
-2257
-2598
-2541
-2601
-3040
-2910
-2485
-2007
-1691
-1298
-869
-715
-377
-125
91
577
1279
1820
1702
1581
1692
1771
1837
1856
1963
1879
1640
1455
1395
1496
1414
1039
558
285
387
592
759
760
596
481
305
396
740
1140
1435
1548
1789
1816
1744
1805
1970
2226
2514
2976
3105
2740
2406
2335
2410
2403
2433
2300
1891
1549
1269
939
519
197
-152
-700
-1201
-1481
-1782
-2219
-2572
-2780
-3070
-3431
-3722
-4039
-4265
-4344
-4315
-4253
-4201
-4150
-4250
-4351
-4175
-3830
-3418
-3145
-2961
-2882
-2763
-2500
-2204
-1805
-1489
-1239
-1157
-1160
-983
-811
-534
-361
-328
-374
-541
-437
-360
-228
-144
-45
76
-75
-54
-123
-40
121
387
670
724
800
784
1002
1279
1495
1708
2015
2565
2862
3466
3753
3402
2653
2496
3309
3382
3295
3157
3076
2702
1984
1890
1250
754
657
515
507
-64
-472
-1512
-2332
-2057
-1893
-1776
-2065
-2066
-2291
-2824
-2411
-1983
-1524
-1221
-940
-577
-490
129
392
342
735
1182
1486
1291
1516
1988
1949
2036
1972
1918
1741
1654
1839
1712
1764
1603
1158
801
730
1000
928
897
968
811
543
259
427
613
769
1020
1132
1223
1089
1077
1197
1310
1589
1792
1946
1905
1801
1788
1661
1669
1646
1519
1227
875
601
244
32
-181
-653
-1291
-1746
-1944
-2232
-2609
-3013
-3360
-3661
-3957
-4222
-4546
-4675
-4685
-4689
-4714
-4728
-4643
-4683
-4645
-4331
-3876
-3453
-3192
-2969
-2697
-2360
-1895
-1459
-1086
-800
-563
-340
-71
307
549
646
618
682
860
910
878
726
647
691
682
664
676
738
731
634
724
780
793
821
943
1047
1131
1288
1332
1311
1337
1628
1691
1718
1877
2283
3001
3132
2754
1855
1559
2147
2356
2591
2403
2388
1959
1300
1382
941
738
377
321
520
-74
-464
-1369
-1760
-1447
-1333
-1131
-1628
-1707
-1935
-2212
-1811
-1552
-1146
-1104
-892
-419
-349
-86
-102
122
638
936
1331
1265
1336
1348
1305
1642
1826
2082
1992
1715
1607
1492
1614
1428
1189
1204
1076
1029
885
891
805
483
483
503
670
778
719
741
639
729
647
551
777
876
914
815
867
908
639
553
463
346
67
-192
-278
-576
-759
-1017
-1281
-1653
-2112
-2372
-2682
-2840
-3069
-3291
-3486
-3813
-3977
-4188
-4188
-4208
-4138
-3979
-3927
-3829
-3869
-3688
-3443
-3076
-2641
-2283
-1976
-1762
-1454
-1116
-779
-410
-63
224
465
749
932
1055
1163
1297
1444
1539
1649
1642
1594
1488
1410
1369
1323
1378
1380
1370
1245
1109
989
874
730
659
794
896
911
661
550
468
434
561
552
810
708
690
799
1012
1971
2233
1951
1101
971
1789
1825
1966
1978
2239
2150
1427
1390
826
539
404
355
687
146
-302
-1352
-1894
-1338
-1094
-1001
-1611
-1832
-1865
-2151
-1678
-1370
-1035
-1040
-1069
-553
-255
332
449
372
710
969
1419
1341
1390
1673
1735
2072
2021
2054
1922
1556
1558
1596
1976
1870
1375
1042
747
811
794
871
765
382
184
-63
15
207
164
0
-227
-70
-58
-181
-42
-21
-131
-412
-300
-65
-171
-337
-535
-475
-516
-746
-1019
-1367
-1359
-1339
-1326
-1406
-1712
-2021
-2518
-2590
-2374
-2180
-2250
-2620
-2759
-2946
-2902
-2771
-2626
-2383
-2399
-2313
-2371
-2162
-1926
-1904
-1618
-1319
-870
-717
-568
-316
-165
253
561
957
1126
1151
1302
1365
1685
1872
1989
1982
1871
1879
1711
1732
1768
1761
1641
1351
1243
1007
773
564
430
435
214
-55
-382
-455
-526
-577
-477
-373
-318
-580
-614
-609
-388
10
196
484
757
1599
1874
1200
686
691
1569
1768
1950
2172
2017
1786
1199
1185
977
765
801
652
792
484
-120
-885
-1263
-732
-551
-629
-852
-1020
-1283
-1670
-1478
-1069
-778
-621
-585
-431
-280
-125
-40
35
476
868
984
949
979
1222
1276
1330
1461
1530
1556
1266
1184
1261
1245
1177
868
701
519
374
295
169
197
48
-260
-536
-608
-458
-534
-612
-557
-507
-663
-881
-837
-833
-845
-708
-483
-359
-551
-688
-801
-801
-679
-643
-578
-621
-700
-809
-942
-802
-725
-896
-1152
-1301
-1113
-1197
-1342
-1463
-1563
-1491
-1602
-1442
-1400
-1394
-1365
-1583
-1379
-1328
-1037
-810
-705
-416
-443
-147
18
378
606
575
791
934
1282
1312
1456
1615
1581
1620
1484
1592
1473
1403
1255
1007
951
703
565
271
167
-21
-457
-679
-839
-830
-1025
-1156
-1228
-1445
-1441
-1378
-1193
-1113
-1184
-1137
-1134
-873
-667
-440
-253
-61
41
241
1405
2220
1922
760
738
1801
2012
2092
2092
2405
2249
1727
2033
1441
1322
989
744
1004
817
940
-455
-1157
-796
-709
-596
-1197
-1112
-1495
-2052
-1751
-1709
-1230
-1198
-1302
-1233
-1162
-549
-712
-711
-178
233
475
233
399
646
744
998
964
1183
1298
995
680
637
1186
1106
607
482
417
361
38
155
392
237
88
-295
-256
-55
-87
-199
-342
-95
-158
-426
-326
-261
-183
-186
46
256
58
55
-35
74
146
182
291
144
235
45
78
226
61
-268
-658
-299
-209
-333
-533
-721
-661
-868
-575
-522
-587
-687
-883
-610
-566
-204
-216
-349
-208
-147
283
293
408
457
383
611
607
835
896
921
908
687
777
741
625
425
278
381
247
56
-236
-547
-710
-966
-1047
-1105
-1230
-1404
-1643
-1608
-1570
-1636
-1608
-1617
-1515
-1574
-1479
-1186
-1120
-966
-817
-452
-268
-215
118
111
346
389
639
680
1425
2939
2717
1468
373
1500
2252
1881
2290
2131
2218
1270
1342
1334
198
547
-6
371
384
290
-378
-2431
-1816
-1330
-1142
-1353
-1821
-1596
-2719
-2292
-1609
-1399
-1022
-1460
-1178
-1147
-519
158
-328
139
569
918
812
539
1113
1087
1444
1665
1595
1773
1404
1317
1221
1590
2032
1460
1081
793
856
970
827
1024
780
594
285
-1
204
181
181
98
215
364
101
232
360
406
491
537
777
603
512
621
661
1055
1006
820
547
463
772
677
753
506
184
-17
4
315
116
-25
-216
-229
-224
-388
-392
-676
-552
-496
-421
-483
-729
-678
-888
-685
-527
-453
-549
-783
-575
-522
-370
-382
-578
-645
-832
-667
-677
-704
-609
-738
-879
-1203
-1160
-1056
-1191
-1255
-1483
-1497
-1579
-1629
-1622
-1776
-1725
-1763
-1781
-1731
-1761
-1668
-1628
-1410
-1099
-1038
-858
-841
-698
-506
-351
-39
61
331
453
412
523
605
829
1047
2087
2493
1664
464
630
1537
1407
1392
1390
1381
915
504
716
-52
-132
-232
-341
-169
-403
-283
-1552
-1656
-1010
-893
-842
-1324
-1113
-1560
-1535
-630
-467
-169
-330
-263
-144
60
888
676
735
1152
1456
1574
1263
1638
1686
1726
2104
2090
2050
1739
1592
1580
1538
1859
1636
1225
1019
907
978
826
877
814
440
245
42
206
348
420
621
667
775
501
384
550
764
1043
1079
1142
1008
914
1037
991
1032
1024
889
780
832
971
571
98
80
242
189
-30
-124
-329
-620
-817
-851
-889
-992
-1190
-1352
-1354
-1306
-1390
-1671
-1770
-1679
-1595
-1632
-1614
-1490
-1465
-1485
-1450
-1298
-1277
-1319
-1341
-1309
-1231
-1258
-1295
-1397
-1429
-1425
-1524
-1574
-1652
-1639
-1650
-1744
-1759
-1877
-1927
-2024
-2042
-1884
-1817
-1717
-1723
-1701
-1673
-1585
-1344
-1251
-1174
-1119
-989
-850
-787
-568
-390
-154
-13
63
130
184
257
215
291
595
1341
1910
1579
738
289
871
1300
1410
1543
1448
1368
872
1011
1122
897
764
362
775
1049
1008
522
-153
224
387
627
681
490
492
91
426
731
1051
1243
849
908
1090
1578
1673
1476
1785
1786
1714
1636
1854
2232
2151
2178
2028
1930
1971
1861
1815
1820
1947
1889
1458
1332
1284
1161
1162
1152
1279
1081
875
798
649
759
723
702
674
617
690
569
749
828
721
647
557
680
706
848
870
671
497
327
234
139
237
227
-43
-273
-359
-429
-727
-929
-1033
-1168
-1299
-1399
-1441
-1729
-1946
-2014
-2050
-2047
-2172
-2252
-2362
-2341
-2197
-2201
-2229
-2241
-2221
-2262
-2302
-2102
-1991
-2022
-2095
-2151
-2150
-2220
-2120
-2063
-2118
-2131
-2098
-2055
-2133
-2092
-2002
-1951
-1941
-1997
-2048
-2146
-2105
-1979
-1777
-1539
-1371
-1403
-1620
-1577
-1280
-937
-748
-534
-381
-388
-331
-118
224
508
750
883
890
1013
1187
1261
1273
1520
2184
2763
2730
2241
1764
2000
2406
2592
2683
2565
2610
2320
2224
2301
2119
2028
1601
1722
1933
1879
1668
1095
1117
1093
1191
1224
949
961
796
978
1080
1046
1209
955
974
1143
1489
1693
1462
1643
1715
1767
1786
1783
1938
1875
2015
2043
1961
1866
1581
1411
1451
1678
1658
1260
1032
961
786
665
633
679
555
376
363
283
240
145
87
206
354
414
200
154
251
244
261
310
427
293
96
2
-88
-27
-71
-264
-541
-779
-801
-1024
-1186
-1303
-1521
-1752
-2071
-2167
-2426
-2652
-2709
-2809
-2817
-3018
-3097
-3278
-3470
-3389
-3349
-3193
-3211
-3175
-3147
-3240
-3081
-3033
-2869
-2727
-2605
-2473
-2657
-2594
-2550
-2429
-2435
-2414
-2164
-2163
-2111
-2201
-2204
-2154
-2041
-1747
-1676
-1578
-1563
-1532
-1491
-1361
-978
-872
-813
-729
-513
-359
-342
-45
189
390
415
472
639
785
1102
1237
1486
1799
1948
1970
1853
2119
2242
2313
2452
2613
3181
3292
3131
2608
2445
2935
2849
2857
2787
2856
2866
2406
2645
2303
1972
1842
1786
2227
1987
1900
1421
950
1131
1084
1344
1129
892
782
536
919
886
984
971
832
1019
990
1284
1251
1134
1276
1255
1439
1291
1206
1286
1253
1449
1341
1287
1164
841
805
816
916
791
491
492
420
367
216
87
159
72
139
65
46
35
-114
-64
45
213
133
-34
-32
-145
-247
-289
-233
-213
-525
-742
-977
-1005
-956
-1219
-1470
-1841
-1903
-2180
-2463
-2429
-2616
-2685
-2999
-3103
-3199
-3607
-3598
-3777
-3573
-3589
-3710
-3646
-3980
-3850
-3925
-3639
-3453
-3471
-3234
-3361
-3112
-3057
-2896
-2701
-2609
-2227
-2260
-2095
-1957
-1804
-1679
-1702
-1358
-1302
-1178
-1087
-1022
-887
-868
-563
-521
-457
-370
-344
-275
-311
-7
156
249
347
402
567
597
849
1099
1342
1542
1606
1748
1840
2106
2256
2399
2532
2684
2859
2847
3073
3100
3075
3007
3089
3328
3128
3419
3638
3564
3147
2711
3060
2933
2993
2942
2770
2840
2478
2523
2072
1887
1996
1658
1836
1754
1799
1349
814
1160
1061
1131
935
847
942
615
825
724
815
950
748
836
730
912
858
630
831
808
856
702
659
873
820
832
614
469
517
410
414
350
394
391
140
9
-147
-114
-58
-88
-42
-139
-271
-539
-632
-418
-385
-453
-613
-679
-774
-998
-1035
-1117
-1155
-1228
-1379
-1479
-1665
-1760
-1982
-2195
-2278
-2426
-2574
-2778
-2932
-3068
-3244
-3266
-3265
-3305
-3440
-3629
-3711
-3667
-3555
-3520
-3490
-3399
-3349
-3331
-3221
-2926
-2675
-2582
-2514
-2378
-2134
-1914
-1691
-1464
-1253
-1118
-1135
-1075
-886
-696
-620
-624
-423
-246
-227
-250
-177
17
11
34
168
309
419
437
498
513
532
676
840
1048
1222
1329
1348
1440
1688
1874
1980
2053
2235
2402
2507
2644
2667
2679
2784
2902
2954
2898
2935
2928
2908
2984
2958
2875
2638
2534
2494
2590
2914
2878
2507
1998
2023
2162
2057
2140
2061
2028
1810
1782
1881
1533
1511
1322
1433
1537
1487
1421
859
865
858
914
960
760
721
328
386
510
402
383
107
126
25
42
138
-99
-90
-221
-187
-127
-183
-155
-413
-468
-457
-481
-460
-662
-659
-710
-735
-718
-854
-893
-1048
-1019
-900
-927
-982
-1180
-1301
-1395
-1437
-1289
-1293
-1370
-1615
-1878
-1971
-1985
-1877
-2029
-2254
-2387
-2500
-2539
-2616
-2550
-2506
-2613
-2718
-2821
-2792
-2708
-2731
-2750
-2701
-2491
-2402
-2533
-2508
-2389
-2211
-2186
-2159
-1955
-1939
-1926
-1954
-1790
-1551
-1495
-1468
-1536
-1352
-1192
-1103
-981
-886
-767
-851
-817
-638
-522
-444
-447
-327
-198
-96
32
106
247
351
431
568
736
874
897
947
1124
1287
1375
1441
1552
1659
1700
1759
1857
1928
1991
2044
2133
2181
2206
2193
2133
2126
2211
2275
2259
2193
2186
2194
2135
2143
2164
2193
2068
2022
2002
1989
1950
1933
1975
2072
2415
2512
2239
1897
1869
2061
2051
2193
2270
2181
1947
1693
1721
1540
1650
1579
1436
1350
1107
1044
691
637
586
363
327
102
-50
-333
-465
-488
-769
-792
-876
-988
-1079
-1141
-1086
-1238
-1237
-1233
-1343
-1336
-1329
-1266
-1265
-1234
-1144
-1217
-1210
-1155
-1158
-1172
-1252
-1239
-1199
-1182
-1205
-1328
-1343
-1377
-1455
-1496
-1483
-1424
-1522
-1620
-1690
-1731
-1689
-1762
-1789
-1778
-1733
-1749
-1901
-1825
-1743
-1726
-1817
-1858
-1684
-1690
-1666
-1669
-1545
-1462
-1529
-1457
-1437
-1268
-1192
-1232
-1235
-1179
-1000
-1052
-1049
-971
-880
-816
-858
-669
-619
-616
-618
-589
-409
-382
-241
-237
-194
-132
-141
-24
14
221
299
317
349
393
581
668
770
867
924
938
928
1077
1219
1277
1293
1374
1451
1469
1544
1651
1712
1735
1825
1866
1831
1815
1850
1865
1881
1930
1927
1881
1858
1880
1873
1927
2018
2014
1939
1868
1921
1994
2059
2121
2144
2147
2112
2056
2076
2101
2159
2292
2308
2167
1930
1837
1905
1853
1889
1811
1726
1610
1456
1456
1158
1038
870
771
803
523
355
-58
-235
-365
-639
-645
-940
-1086
-1377
-1543
-1573
-1874
-1853
-2013
-2042
-2022
-2075
-1969
-2178
-2089
-1958
-1876
-1703
-1719
-1543
-1525
-1425
-1225
-1178
-1008
-1032
-1008
-950
-876
-726
-788
-840
-907
-920
-862
-883
-890
-966
-1038
-1113
-1185
-1141
-1167
-1207
-1285
-1337
-1295
-1290
-1227
-1205
-1291
-1360
-1331
-1150
-1085
-1147
-1143
-1105
-1021
-1074
-1022
-923
-877
-779
-792
-689
-718
-757
-827
-822
-539
-409
-389
-525
-538
-466
-571
-448
-349
-255
-303
-407
-309
-371
-287
-249
-202
-53
21
101
-58
-72
114
249
349
392
510
465
401
523
662
833
929
1041
1066
1097
1227
1280
1361
1447
1591
1583
1498
1561
1607
1618
1589
1626
1681
1662
1675
1609
1589
1599
1611
1586
1513
1524
1477
1442
1419
1440
1491
1486
1445
1402
1393
1364
1323
1318
1366
1354
1227
1202
1357
1537
1438
1141
944
1039
1099
1032
975
842
662
412
337
304
93
-112
-322
-370
-393
-568
-811
-1157
-1220
-1304
-1427
-1450
-1536
-1604
-1851
-1891
-1789
-1759
-1722
-1810
-1747
-1686
-1651
-1560
-1523
-1318
-1204
-1123
-1044
-1041
-976
-935
-834
-733
-673
-617
-652
-644
-619
-586
-566
-636
-674
-761
-839
-839
-817
-870
-995
-1059
-1086
-1119
-1131
-1132
-1154
-1182
-1143
-1153
-1185
-1151
-1082
-1040
-974
-837
-801
-828
-868
-737
-610
-574
-552
-625
-578
-506
-447
-381
-393
-371
-466
-504
-397
-316
-303
-418
-406
-381
-366
-334
-396
-376
-396
-351
-226
-172
-136
-253
-234
-69
101
170
200
336
403
441
489
605
751
838
883
967
1104
1215
1228
1224
1318
1453
1497
1464
1519
1558
1533
1497
1444
1408
1325
1331
1356
1299
1265
1220
1205
1161
1149
1151
1091
1113
1098
1127
1161
1214
1261
1130
1143
1171
1254
1315
1258
1298
1225
1244
1213
1110
1119
1081
1150
1170
1264
1265
994
827
740
839
845
763
698
498
395
274
150
26
-113
-171
-277
-351
-432
-675
-864
-992
-977
-1002
-1085
-1141
-1292
-1333
-1366
-1331
-1301
-1344
-1343
-1372
-1332
-1279
-1296
-1248
-1216
-1128
-1050
-999
-962
-989
-906
-785
-702
-684
-712
-708
-677
-571
-457
-459
-509
-608
-668
-680
-661
-628
-604
-616
-727
-858
-895
-810
-778
-762
-754
-737
-755
-798
-789
-753
-635
-616
-598
-577
-534
-543
-586
-513
-480
-441
-475
-505
-457
-422
-356
-393
-359
-332
-367
-388
-373
-249
-182
-151
-163
-105
7
39
60
78
119
156
193
313
440
487
457
472
556
642
711
709
701
779
909
968
958
951
984
1006
1037
1120
1155
1096
1081
1124
1149
1138
1125
1150
1091
1043
1061
1091
1113
1080
1088
1041
1034
1069
1088
1136
1119
1169
1165
1187
1240
1251
1303
1305
1374
1392
1400
1439
1434
1454
1483
1515
1475
1424
1411
1383
1363
1373
1402
1309
1126
1014
957
904
786
668
526
355
169
-58
-177
-325
-453
-598
-760
-891
-1110
-1303
-1476
-1547
-1561
-1609
-1684
-1839
-1943
-2024
-1982
-1854
-1785
-1770
-1809
-1772
-1692
-1616
-1497
-1395
-1281
-1185
-1131
-1072
-1063
-980
-890
-782
-705
-686
-680
-735
-743
-746
-726
-717
-791
-821
-848
-874
-941
-1022
-1015
-1047
-1066
-1041
-991
-972
-1036
-1063
-1021
-909
-766
-732
-787
-800
-751
-654
-603
-543
-531
-569
-551
-513
-388
-331
-354
-351
-312
-202
-242
-304
-246
-180
-101
-84
-15
20
44
39
6
88
151
191
168
190
284
305
315
355
413
483
438
451
494
606
676
682
744
762
826
831
876
923
892
896
915
1021
1066
1039
1066
1105
1173
1228
1262
1290
1308
1325
1319
1337
1371
1375
1330
1300
1351
1417
1437
1440
1413
1406
1401
1391
1381
1341
1371
1362
1339
1317
1267
1237
1125
1099
1093
1013
1015
860
825
701
655
663
515
428
248
162
82
-43
-112
-263
-289
-440
-592
-692
-830
-871
-1053
-1083
-1199
-1277
-1365
-1475
-1481
-1563
-1611
-1681
-1743
-1725
-1760
-1698
-1696
-1651
-1643
-1659
-1605
-1561
-1428
-1371
-1279
-1215
-1224
-1191
-1195
-1074
-985
-953
-920
-952
-959
-1010
-1006
-1010
-996
-962
-1008
-1047
-1074
-1075
-1100
-1136
-1086
-1059
-1055
-1064
-1045
-973
-966
-903
-861
-821
-730
-689
-639
-623
-522
-375
-363
-320
-300
-213
-156
-60
87
80
90
8
27
155
221
291
191
183
190
189
241
233
293
275
294
367
411
454
420
507
577
652
740
774
876
939
1092
1197
1239
1295
1352
1443
1515
1599
1649
1604
1592
1610
1655
1667
1660
1656
1612
1606
1602
1596
1556
1510
1470
1419
1389
1374
1349
1340
1310
1292
1281
1226
1156
1072
1026
1029
1037
1045
984
890
848
802
794
759
765
774
680
609
537
543
536
451
375
254
214
163
86
57
-50
-109
-238
-342
-384
-466
-537
-670
-726
-757
-865
-949
-1075
-1113
-1149
-1214
-1234
-1347
-1397
-1476
-1548
-1520
-1484
-1393
-1476
-1547
-1546
-1513
-1414
-1419
-1395
-1413
-1405
-1337
-1314
-1243
-1249
-1283
-1275
-1205
-1103
-1104
-1114
-1131
-1111
-1067
-1045
-1017
-1012
-995
-1004
-992
-953
-924
-900
-869
-823
-786
-755
-692
-619
-523
-468
-421
-399
-371
-297
-242
-159
-109
-40
27
17
17
27
64
117
130
143
131
110
69
83
115
150
168
164
213
251
261
315
401
515
568
608
728
875
978
1052
1136
1212
1263
1364
1489
1606
1701
1771
1783
1727
1750
1797
1831
1836
1798
1751
1646
1580
1564
1499
1442
1379
1310
1216
1127
1051
962
880
851
871
845
800
715
652
618
610
641
653
648
582
527
512
544
535
473
427
414
358
311
295
258
226
103
42
29
-30
-69
-135
-119
-153
-253
-290
-352
-348
-413
-469
-461
-535
-498
-554
-570
-587
-680
-662
-773
-748
-818
-891
-914
-1007
-998
-1090
-1096
-1156
-1243
-1235
-1329
-1308
-1370
-1384
-1394
-1483
-1416
-1435
-1403
-1412
-1391
-1354
-1381
-1335
-1324
-1303
-1270
-1230
-1183
-1185
-1163
-1133
-1106
-1065
-1022
-999
-999
-971
-937
-903
-881
-844
-792
-793
-777
-698
-637
-588
-537
-483
-435
-392
-352
-310
-274
-237
-200
-171
-94
-30
-8
22
40
81
116
170
235
272
315
327
350
420
526
618
667
746
810
845
928
1013
1108
1152
1232
1334
1413
1498
1578
1641
1657
1700
1750
1818
1852
1856
1831
1814
1793
1748
1711
1693
1675
1619
1521
1409
1335
1251
1165
1024
917
832
705
593
506
487
433
343
250
159
104
50
17
-12
-73
-113
-141
-141
-120
-129
-156
-222
-222
-241
-249
-231
-228
-231
-267
33
113
-108
-488
-547
-276
-334
-312
-514
-599
-573
-696
-469
-760
-679
-922
-1024
-715
-792
-651
-1064
-980
-894
-902
-673
-961
-840
-949
-904
-797
-910
-670
-927
-852
-877
-822
-721
-906
-817
-997
-892
-864
-898
-854
-907
-770
-838
-774
-722
-730
-646
-668
-543
-520
-477
-454
-495
-393
-331
-272
-265
-205
-160
-182
-172
-90
-51
-44
-17
43
61
25
26
18
31
36
69
94
68
38
11
32
32
-4
-31
-41
-3
5
10
15
26
57
82
169
227
242
233
287
385
446
497
533
572
624
697
759
793
814
878
940
1007
1061
1098
1115
1114
1143
1172
1220
1242
1227
1234
1223
1213
1166
1129
1158
1103
1046
1003
965
912
802
746
692
645
612
531
470
417
371
290
192
187
176
126
60
30
3
-32
-40
-38
-50
-77
-69
-116
-107
-95
-80
-92
-162
-146
-204
-200
-214
-238
-235
-316
-326
-397
-439
-432
-446
-417
-487
-500
-523
-521
-489
-531
-503
-535
-498
-484
-488
-463
-514
-503
-538
-506
-514
-541
-536
-546
-531
-562
-549
-569
-598
-611
-638
-648
-681
-674
-650
-676
-680
-725
-710
-689
-656
-624
-646
-641
-632
-581
-555
-508
-470
-461
-412
-372
-298
-266
-249
-196
-174
-133
-108
-78
-49
-39
-11
22
65
78
57
84
124
172
190
165
153
154
204
230
241
264
246
225
224
303
362
335
286
294
358
374
361
355
362
387
391
427
471
488
459
422
471
534
574
532
565
617
622
621
616
680
687
630
604
616
653
628
590
606
624
609
548
522
482
443
410
381
372
358
325
270
212
215
191
148
124
85
64
13
3
13
-3
0
-27
-55
-76
-104
-99
-152
-143
-145
-175
-194
-240
-233
-262
-270
-297
-333
-326
-344
-375
-428
-437
-418
-427
-429
-434
-445
-479
-474
-426
-409
-392
-374
-363
-367
-361
-295
-286
-276
-239
-238
-225
-243
-197
-168
-149
-132
-173
-171
-186
-151
-123
-98
-115
-199
-213
-214
-194
-206
-214
-237
-281
-271
-281
-284
-303
-307
-297
-306
-296
-297
-308
-316
-289
-249
-220
-222
-262
-268
-244
-187
-154
-134
-105
-120
-117
-120
-88
-70
-99
-91
-102
-84
-61
-51
-36
-48
-30
-21
-3
17
0
-18
-44
-35
4
30
1
-7
-12
-13
4
-1
12
24
62
73
53
77
102
138
149
179
215
194
216
263
353
363
378
411
430
471
464
472
491
506
564
538
577
562
506
484
508
595
508
427
372
360
363
317
334
274
228
166
133
145
86
90
26
39
38
-9
-9
-40
8
-15
-9
-25
-60
-66
-127
-82
-68
-26
-54
-100
-67
-93
-87
-120
-78
-74
-103
-98
-104
-65
-96
-100
-96
-45
-2
-18
-13
-24
32
24
16
40
91
117
90
118
171
195
162
149
187
215
234
217
188
191
158
149
145
127
115
50
0
-39
-57
-68
-128
-170
-221
-262
-299
-319
-316
-367
-402
-426
-431
-443
-475
-449
-457
-441
-409
-412
-401
-436
-391
-359
-368
-357
-345
-298
-330
-324
-289
-255
-230
-257
-244
-256
-260
-241
-216
-177
-193
-221
-223
-192
-172
-185
-184
-181
-155
-165
-159
-117
-98
-86
-99
-75
-44
-42
-1
59
98
96
73
75
128
215
255
266
269
300
319
348
409
446
421
409
414
447
481
479
477
440
427
438
426
409
397
393
374
353
369
349
327
294
284
291
262
260
241
257
268
283
290
274
298
298
303
310
319
335
325
327
341
355
360
322
309
303
304
292
280
287
245
210
180
178
194
181
173
128
97
114
115
120
103
84
88
83
78
61
90
103
71
53
54
60
61
41
31
8
-20
-30
-42
-22
-47
-110
-162
-164
-150
-195
-239
-285
-320
-339
-390
-387
-400
-457
-525
-570
-557
-555
-579
-631
-668
-693
-710
-731
-741
-734
-740
-764
-768
-759
-734
-731
-739
-720
-696
-670
-648
-642
-607
-578
-564
-550
-516
-461
-426
-402
-408
-384
-371
-338
-320
-294
-272
-258
-234
-210
-175
-185
-182
-152
-93
-47
-53
-58
-26
12
58
87
107
118
127
141
181
253
271
287
303
320
331
336
384
405
419
412
408
432
435
462
455
486
513
500
501
498
512
524
551
572
592
594
576
581
594
631
641
623
605
612
634
635
645
637
603
552
553
593
598
570
535
515
498
478
464
412
381
357
367
360
314
249
186
168
147
151
130
82
37
1
27
40
25
-30
-72
-64
-51
-49
-84
-101
-113
-139
-135
-148
-152
-186
-214
-204
-215
-237
-279
-316
-344
-359
-355
-382
-415
-446
-481
-501
-548
-585
-625
-656
-670
-691
-722
-778
-797
-822
-835
-850
-871
-868
-910
-941
-937
-921
-906
-907
-888
-885
-867
-838
-809
-772
-731
-691
-663
-625
-586
-539
-506
-461
-413
-367
-332
-303
-259
-234
-183
-145
-123
-108
-70
-30
5
24
23
51
76
93
117
118
150
172
181
193
193
231
230
258
269
289
304
290
330
338
356
350
347
390
415
432
417
435
445
454
463
485
517
515
522
538
572
603
610
614
625
669
701
715
740
763
800
799
825
858
874
915
919
949
954
946
964
979
1001
987
965
928
908
895
876
854
802
742
697
659
595
539
494
432
371
315
262
224
140
64
22
-24
-67
-116
-166
-220
-273
-309
-353
-386
-407
-432
-477
-502
-512
-529
-564
-593
-587
-607
-622
-646
-657
-654
-687
-709
-712
-699
-722
-750
-750
-756
-763
-776
-783
-760
-769
-788
-790
-798
-802
-808
-795
-760
-768
-786
-791
-772
-748
-751
-749
-721
-708
-726
-720
-692
-669
-651
-660
-648
-611
-582
-578
-574
-546
-509
-473
-451
-417
-393
-359
-319
-261
-223
-201
-179
-136
-80
-37
4
29
65
111
150
190
218
249
288
304
342
373
395
408
429
467
499
530
548
583
612
629
640
667
716
746
756
780
785
813
820
830
856
874
899
884
900
919
929
927
933
962
961
947
933
938
953
947
962
978
963
951
934
935
948
943
916
868
843
833
812
785
782
750
671
614
580
530
469
407
357
284
212
154
90
32
-62
-136
-197
-266
-330
-393
-456
-509
-561
-607
-654
-710
-752
-787
-821
-843
-865
-910
-914
-924
-933
-938
-953
-938
-961
-962
-927
-911
-894
-893
-899
-883
-854
-828
-833
-834
-795
-765
-759
-754
-737
-729
-720
-715
-698
-671
-684
-687
-682
-654
-646
-652
-646
-629
-598
-604
-605
-604
-600
-586
-548
-517
-504
-505
-499
-469
-432
-408
-388
-362
-327
-284
-257
-213
-173
-145
-102
-63
-23
8
32
73
110
154
171
179
214
251
286
304
330
364
359
363
407
428
447
460
476
494
511
537
545
566
578
603
636
664
694
699
715
740
757
765
783
821
848
859
873
911
916
916
923
923
954
971
977
980
964
969
959
954
966
951
940
909
885
878
851
810
775
756
745
703
644
592
550
508
468
438
390
311
221
178
156
112
37
-30
-103
-171
-225
-286
-349
-430
-497
-567
-611
-650
-726
-781
-828
-869
-913
-965
-999
-1030
-1048
-1073
-1090
-1088
-1098
-1115
-1120
-1110
-1092
-1063
-1038
-1043
-1019
-980
-956
-919
-890
-848
-826
-794
-752
-710
-674
-661
-629
-593
-544
-538
-539
-519
-473
-439
-425
-413
-407
-391
-375
-355
-332
-324
-322
-317
-292
-284
-284
-271
-264
-242
-227
-216
-208
-193
-164
-139
-134
-124
-96
-68
-42
-35
-18
6
29
65
105
155
177
197
223
257
299
339
357
363
393
446
483
506
523
566
594
626
663
678
698
721
772
782
796
825
851
866
867
895
914
923
919
938
945
933
931
925
939
948
931
910
895
900
889
869
849
825
803
776
756
738
721
677
628
609
584
548
512
472
455
416
378
357
333
286
225
182
156
129
77
36
3
-35
-68
-118
-174
-216
-270
-309
-351
-398
-448
-490
-534
-575
-611
-652
-683
-742
-781
-791
-821
-855
-894
-899
-901
-931
-961
-963
-957
-951
-963
-973
-952
-945
-942
-920
-905
-893
-879
-842
-809
-799
-780
-755
-718
-672
-642
-621
-585
-551
-522
-503
-479
-438
-412
-388
-365
-337
-302
-287
-256
-221
-199
-182
-164
-154
-128
-106
-82
-44
-19
-12
-15
-8
11
35
64
88
110
119
120
139
173
196
200
202
215
248
267
280
298
307
328
352
385
417
430
432
444
488
525
539
546
571
587
596
609
632
654
660
668
671
687
701
696
687
700
708
696
676
680
690
695
689
663
663
647
636
626
630
629
613
593
565
543
528
517
496
459
440
425
384
352
333
311
283
240
202
169
129
80
40
6
-16
-51
-88
-117
-150
-187
-219
-243
-285
-326
-372
-379
-391
-410
-437
-468
-496
-525
-540
-562
-570
-601
-607
-609
-636
-668
-680
-682
-681
-677
-675
-689
-705
-712
-713
-716
-698
-687
-704
-701
-687
-664
-662
-642
-633
-626
-607
-601
-567
-555
-549
-520
-501
-471
-456
-446
-418
-401
-371
-357
-336
-301
-281
-272
-252
-227
-196
-206
-186
-159
-138
-105
-96
-63
-45
-26
-28
-5
29
40
46
57
88
100
99
111
144
177
173
170
187
204
208
217
241
268
297
314
323
341
346
359
374
389
417
432
450
471
483
501
508
520
533
549
574
583
588
577
579
581
589
593
595
590
574
571
579
577
550
533
525
526
516
500
488
461
446
422
395
373
365
354
331
308
295
270
223
202
187
164
152
126
102
80
49
7
-4
-23
-46
-77
-99
-112
-146
-175
-182
-203
-221
-252
-280
-290
-299
-312
-325
-337
-352
-349
-359
-372
-388
-399
-401
-407
-405
-411
-411
-423
-430
-430
-441
-443
-426
-427
-441
-441
-432
-428
-446
-445
-442
-438
-445
-447
-436
-423
-424
-418
-417
-418
-401
-384
-367
-359
-356
-347
-316
-299
-275
-251
-229
-233
-223
-187
-149
-120
-104
-83
-77
-61
-45
-13
20
38
56
72
97
99
104
131
137
150
167
191
209
203
200
205
224
233
232
236
248
254
257
271
274
280
281
291
304
307
311
325
335
342
336
350
364
370
362
369
387
393
399
396
398
383
386
396
395
397
391
399
398
394
386
372
359
344
335
322
298
282
272
260
242
218
210
197
202
184
155
140
115
101
80
63
63
58
46
50
26
0
-23
-50
-48
-54
-55
-67
-88
-106
-122
-132
-140
-141
-151
-167
-172
-186
-196
-210
-216
-208
-214
-219
-210
-204
-214
-223
-215
-188
-179
-185
-196
-187
-193
-200
-186
-175
-173
-184
-191
-183
-175
-184
-196
-203
-199
-193
-192
-202
-204
-217
-217
-213
-229
-233
-244
-238
-227
-212
-199
-204
-204
-222
-209
-204
-207
-212
-210
-186
-183
-175
-174
-168
-161
-157
-131
-121
-116
-118
-117
-103
-93
-72
-55
-49
-44
-42
-41
-29
-12
3
17
36
38
23
18
22
38
31
38
48
60
66
57
76
81
79
65
67
83
94
94
105
121
119
108
109
114
132
128
129
141
136
130
137
170
178
169
162
158
167
178
184
185
180
176
161
163
185
186
169
164
173
176
173
174
168
154
147
142
152
159
153
148
156
168
156
139
119
112
98
95
114
132
110
75
62
69
64
60
62
50
47
31
14
-1
-11
-13
-21
-34
-34
-45
-56
-65
-73
-88
-109
-113
-95
-93
-99
-113
-113
-118
-134
-144
-135
-128
-130
-124
-126
-136
-152
-146
-143
-149
-154
-146
-149
-161
-169
-177
-171
-170
-169
-174
-179
-185
-195
-201
-201
-192
-186
-179
-187
-190
-190
-189
-187
-196
-195
-199
-201
-203
-204
-206
-194
-190
-180
-179
-191
-204
-200
-191
-188
-180
-168
-160
-169
-170
-160
-150
-150
-145
-123
-102
-102
-119
-108
-84
-75
-76
-61
-39
-28
-37
-33
-18
-9
1
7
27
51
62
53
54
71
89
100
115
136
151
150
153
159
166
183
185
197
220
228
234
232
242
260
254
259
272
284
297
286
292
306
298
297
295
310
312
299
296
299
314
309
298
305
302
296
278
276
279
267
263
257
252
243
229
225
221
209
197
180
166
151
151
147
136
125
112
101
86
82
73
61
50
44
45
28
15
5
-1
-1
-13
-18
-25
-40
-49
-51
-48
-57
-70
-82
-92
-102
-113
-118
-133
-140
-145
-151
-162
-184
-189
-194
-208
-207
-219
-232
-243
-248
-248
-256
-258
-260
-261
-270
-273
-273
-282
-287
-297
-295
-292
-284
-287
-284
-281
-285
-290
-287
-281
-287
-287
-286
-277
-263
-262
-264
-265
-266
-261
-257
-251
-238
-231
-224
-219
-212
-202
-200
-192
-169
-149
-140
-123
-111
-101
-83
-79
-68
-62
-41
-28
-7
12
22
37
43
63
77
95
112
123
134
144
154
173
193
206
209
225
245
251
260
280
303
311
310
319
332
337
337
338
346
346
347
347
357
369
368
362
358
359
361
353
352
350
346
336
330
333
324
311
300
306
291
267
255
245
227
213
205
194
181
162
144
125
118
97
76
62
49
37
20
17
10
-12
-33
-51
-52
-61
-74
-82
-89
-96
-111
-112
-113
-120
-134
-143
-143
-155
-159
-166
-168
-174
-175
-180
-184
-186
-196
-201
-206
-207
-217
-223
-224
-231
-242
-246
-243
-246
-243
-244
-260
-265
-260
-259
-261
-261
-251
-251
-250
-247
-248
-242
-241
-238
-231
-224
-215
-207
-205
-203
-197
-195
-185
-171
-157
-156
-151
-139
-135
-134
-129
-111
-95
-82
-74
-71
-56
-44
-35
-30
-19
0
3
7
18
30
33
42
54
65
78
84
94
101
108
114
118
126
130
134
146
151
152
159
166
164
165
166
170
169
159
166
170
168
168
169
174
178
172
165
163
168
167
163
165
167
166
160
155
152
152
144
139
141
145
139
131
132
123
116
108
103
101
98
96
88
86
70
67
62
52
49
42
39
33
27
19
10
1
-7
-15
-17
-18
-24
-30
-42
-49
-51
-53
-60
-67
-67
-77
-80
-75
-80
-88
-94
-96
-100
-99
-99
-105
-110
-113
-116
-119
-124
-126
-126
-130
-133
-140
-144
-142
-144
-139
-142
-143
-143
-143
-142
-145
-144
-146
-145
-142
-143
-138
-134
-134
-133
-132
-124
-121
-119
-115
-113
-103
-98
-81
-79
-83
-74
-67
-55
-53
-46
-41
-41
-38
-38
-24
-24
-23
-11
-5
2
3
8
14
20
30
37
45
49
50
56
65
72
77
80
83
84
90
95
100
107
104
103
112
110
110
108
116
119
111
113
112
116
118
119
125
122
123
119
115
111
108
111
108
108
109
103
92
88
85
84
72
62
70
68
65
60
50
51
44
41
36
32
31
20
20
22
19
14
3
5
2
-4
-14
-17
-15
-19
-21
-24
-20
-22
-24
-27
-26
-31
-41
-41
-35
-34
-36
-35
-32
-33
-35
-35
-40
-46
-43
-40
-39
-40
-43
-44
-47
-44
-43
-46
-47
-43
-40
-40
-47
-52
-46
-43
-49
-49
-40
-38
-46
-48
-46
-39
-39
-42
-38
-35
-30
-34
-38
-40
-37
-28
-29
-28
-23
-20
-21
-20
-17
-16
-12
-12
-10
-9
-6
-2
-1
-3
-4
-4
-6
-2
6
10
9
6
5
7
12
11
10
8
9
8
11
16
20
19
13
16
18
14
14
21
25
22
19
23
25
26
22
20
24
28
27
26
23
21
23
27
27
19
19
26
31
27
20
20
20
19
22
24
29
24
18
23
20
12
11
16
19
16
12
12
11
11
10
12
6
7
3
2
2
-2
4
4
6
4
-1
-1
1
-3
-5
-3
-1
-1
-3
-6
-7
-8
-7
-4
-10
-13
-14
-16
-16
-17
-16
-20
-25
-23
-21
-25
-26
-27
-27
-35
-34
-29
-31
-33
-34
-32
-32
-31
-30
-30
-25
-23
-26
-26
-30
-33
-27
-27
-26
-27
-21
-21
-25
-27
-33
-26
-29
-28
-24
-27
-28
-29
-22
-21
-25
-20
-16
-16
-16
-18
-18
-13
-9
-8
-8
0
-2
-2
6
4
3
4
9
14
10
9
12
12
14
19
23
22
19
20
19
20
22
22
24
24
25
25
28
32
30
29
28
29
32
32
30
29
36
37
33
35
35
33
34
35
37
35
31
32
30
34
31
28
30
31
28
27
28
31
30
27
23
23
22
19
20
21
21
19
18
17
16
11
9
11
9
10
10
7
2
-3
-1
1
-3
-4
-3
-2
-6
-9
-6
-11
-16
-14
-10
-9
-11
-19
-20
-18
-17
-17
-20
-21
-19
-20
-25
-22
-25
-30
-32
-31
-29
-32
-33
-30
-34
-35
-36
-33
-33
-38
-39
-40
-41
-37
-37
-38
-38
-39
-35
-38
-39
-41
-40
-36
-37
-34
-35
-34
-34
-35
-29
-29
-26
-22
-24
-24
-21
-19
-16
-14
-12
-14
-14
-9
-6
-6
-4
-5
-2
3
2
9
12
10
8
9
15
17
18
16
17
23
22
26
26
28
27
24
26
30
34
34
34
35
33
36
37
41
38
37
37
37
40
38
38
40
40
41
37
36
33
30
28
29
34
31
25
27
29
31
26
19
22
24
22
22
20
24
19
19
17
13
14
12
13
12
8
7
9
7
3
2
0
-4
-2
-5
-7
-8
-8
-9
-7
-9
-14
-15
-17
-15
-15
-12
-16
-19
-20
-19
-23
-28
-26
-21
-21
-26
-25
-28
-30
-26
-24
-24
-26
-26
-27
-27
-27
-24
-21
-26
-22
-18
-17
-20
-23
-18
-17
-21
-17
-18
-14
-13
-12
-10
-14
-14
-14
-10
-8
-6
-8
-6
-6
-6
-8
-8
-7
-6
-4
-2
-2
-7
-3
-3
-1
-4
-5
0
1
3
3
3
0
0
-1
0
0
0
4
6
8
9
10
8
8
8
9
14
13
11
12
14
13
8
10
15
14
12
13
14
