SAMPLES:	9553
BITSPERSAMPLE:	16
CHANNELS:	1
SAMPLERATE:	16000
NORMALIZED:	FALSE
-16
-12
-2
4
11
11
5
-7
-9
1
-3
-12
0
15
18
2
-7
-5
-12
-7
7
20
11
-5
-7
-7
-9
1
12
8
-12
-10
5
6
-8
-15
-5
2
3
-1
-8
-14
-4
21
17
-11
-29
-3
28
30
6
-20
-18
-4
22
22
1
-14
-8
12
18
3
-6
-19
-12
1
13
12
-5
-1
3
0
-5
-8
-3
0
1
7
-4
-11
-5
8
8
-8
-15
-3
3
2
8
10
5
-11
-14
-3
1
4
2
2
0
-4
5
8
3
-5
-9
1
7
6
6
0
1
-2
3
1
4
6
2
-4
-15
-8
-1
3
2
0
2
3
1
-2
-7
-12
-1
6
16
7
-3
-3
-8
-1
2
5
2
-9
-9
4
7
9
-5
-9
-12
0
14
18
5
-17
-15
-7
17
13
10
-5
-8
-2
7
7
-1
-11
-6
3
5
1
-7
-11
-6
-3
2
1
-3
-2
6
11
5
-4
-14
-2
1
10
11
9
13
7
11
-2
-14
-16
-9
11
11
5
-1
-13
-6
-13
-3
-1
-6
-7
-5
8
15
9
-2
-12
-13
-6
4
20
16
5
-13
-12
-1
9
8
13
5
-1
-19
-14
5
9
13
-10
-8
-15
-6
8
11
12
-3
-11
-10
-3
-1
9
13
18
10
-15
-21
-18
8
24
13
6
-8
-13
-15
-4
9
10
0
7
15
5
-18
-23
-6
14
12
10
8
-5
-13
-15
5
5
-5
-11
3
11
-4
-13
-11
2
5
6
7
7
-3
-7
1
4
6
-5
3
7
8
-2
-4
-4
-7
-6
-2
9
10
5
-2
-6
-8
-4
-4
1
0
6
12
8
4
-10
-9
-7
2
7
6
-5
-7
-4
3
9
-1
1
-4
1
1
4
2
3
-4
1
-1
-5
-2
-7
1
-3
-4
-6
-1
5
13
7
1
-9
-9
-5
5
10
11
1
-2
-1
-1
2
-7
-3
-4
-2
6
3
7
-2
-4
-1
-6
2
0
6
4
1
-1
-8
-9
-4
6
9
5
-1
-4
-1
-3
1
-3
-6
-8
-1
14
16
2
-9
-17
-7
-1
8
15
6
-2
-12
-6
-1
2
1
6
5
5
-3
-2
-6
-3
-1
6
7
1
-3
-4
2
1
1
-4
-7
-11
-10
-1
7
8
10
4
2
-4
-6
-1
0
5
3
4
3
3
1
1
-7
-9
-11
1
9
10
5
-3
-8
-12
-7
0
5
5
2
4
4
0
0
-4
0
-5
-4
1
5
9
1
1
-2
-2
-2
-3
2
-2
1
1
5
3
-2
-8
-5
-7
-3
-1
8
9
4
2
-4
-3
-7
0
5
8
0
0
-4
-1
-5
-1
4
2
5
-6
3
-6
1
-2
4
4
-1
-1
-3
5
2
6
1
3
-10
-8
-5
6
7
3
3
-6
-7
-10
2
5
5
3
0
-1
-7
-6
2
6
8
-1
1
-1
-3
0
1
6
1
-1
-1
-3
-8
-9
-4
6
4
9
0
-1
-9
-10
-1
1
9
3
1
0
-1
1
1
3
4
1
4
3
2
-2
-10
-7
-5
2
5
4
4
-5
-7
-7
0
3
1
3
2
2
-1
-1
2
0
-2
0
2
6
3
6
1
1
-7
-7
-3
-3
0
1
7
0
-4
-8
-7
-4
-1
8
3
7
-2
-1
-1
-1
1
0
5
5
7
2
-3
-6
-7
-4
0
5
4
3
-2
-2
1
0
-2
-4
-5
-4
-1
5
8
4
-3
-8
-3
-5
3
3
6
-2
-8
-3
0
10
5
3
-2
-4
-2
1
7
0
-1
-5
0
3
3
8
0
-3
-9
-5
-2
3
1
-4
-3
-2
4
5
7
3
-4
-5
0
3
2
1
-2
-2
-6
-5
-4
-3
-1
1
3
1
-2
-7
-7
-4
1
7
13
11
4
-3
-3
-5
-1
4
10
11
5
5
-4
-10
-5
-1
0
1
0
-4
-4
-7
-3
-1
-2
3
1
0
-4
-7
-5
2
5
5
4
-1
-6
-4
1
12
5
6
-2
-7
-7
-1
4
3
-3
-7
-1
-1
0
-2
0
2
6
0
-2
-8
-5
3
10
11
1
3
-2
-1
1
5
6
-1
-3
0
3
-4
3
0
0
1
2
0
-2
-3
-6
-5
-5
0
2
3
-2
-5
-10
-9
-5
2
4
2
-11
-5
1
6
13
10
4
-3
-1
1
4
2
10
9
12
2
-11
-10
-1
12
17
4
-13
-26
-17
8
16
6
-1
-11
-15
-12
-1
13
9
3
-9
-18
0
18
16
1
-25
-13
-2
18
23
7
-5
-14
-8
-5
3
3
6
17
16
-2
-27
-26
3
26
22
7
-9
-18
-14
-6
-4
19
17
10
-5
-24
-19
-19
1
10
19
12
5
1
-15
-9
-16
-3
20
29
16
-15
-20
-16
6
23
12
12
-7
-8
-16
-10
8
13
32
12
-17
-45
-22
15
19
-6
-5
-7
10
17
7
-4
-38
-26
1
22
15
-1
3
9
5
-17
-13
14
19
-3
-14
-3
5
6
4
0
-10
-4
17
9
-20
-23
3
13
25
25
-10
-15
-29
-17
2
12
14
4
17
19
-5
-42
-47
-14
34
69
39
-17
-53
-51
-21
24
40
36
8
-9
-12
-25
-16
-5
5
18
26
1
-23
-39
-18
8
27
45
21
-14
-36
-24
-4
5
17
18
27
13
-18
-42
-35
3
37
30
5
-31
-44
-13
13
34
29
16
-31
-46
-22
21
40
45
31
-15
-53
-66
-16
59
87
37
-26
-47
-36
-7
-5
-3
14
25
8
-17
-33
-23
-6
-9
12
36
50
-11
-64
-62
-3
55
79
59
-8
-58
-58
-2
23
26
26
36
-12
-51
-61
-23
39
24
-19
-26
-2
23
27
7
5
-30
-43
-15
23
55
60
47
-5
-55
-67
-22
13
47
41
-1
-12
-27
-19
-18
-5
26
14
-1
-36
-41
13
66
86
-4
-73
-107
-52
0
56
94
52
12
-62
-113
-92
31
120
105
11
-51
-60
-16
55
57
25
-33
-63
3
65
65
-16
-74
-60
-27
25
48
18
-49
-36
38
29
-35
-70
-68
-35
66
136
79
-47
-75
-16
-2
-15
6
29
19
15
36
18
-34
-34
-12
-10
36
58
-7
-79
-9
120
61
-87
-97
-30
17
29
37
-37
-87
-28
10
31
21
35
30
7
-60
-90
49
138
88
-40
-79
10
54
61
15
-63
-116
-105
-35
81
153
127
-11
-148
-184
-69
61
85
77
23
-7
-22
-20
19
18
1
-11
-15
1
-1
-16
-40
-40
-51
-9
113
166
90
-103
-137
-61
-36
2
72
105
59
4
-14
-14
-40
-16
3
-60
-48
66
107
-18
-96
18
124
46
-110
-190
-114
-14
28
135
152
5
-87
-29
31
-16
-15
-31
-57
17
104
146
71
-75
-160
-108
21
124
123
77
-10
-79
-118
-84
-28
13
124
128
-20
-97
-16
11
-14
78
-20
-90
-3
58
82
-62
-83
6
78
75
-28
-111
-118
-53
59
108
34
-73
-20
31
38
35
-15
-49
-60
10
95
91
-89
-108
58
98
57
64
-53
-245
-178
96
234
111
-6
-25
-95
-81
-48
-35
1
0
46
138
123
51
-114
-198
-54
87
157
13
-56
6
35
71
29
-55
-125
-66
12
65
66
61
64
-10
-156
-155
5
43
-13
-17
103
120
-77
-215
-236
-12
240
248
134
-26
-153
-163
-77
29
138
194
187
-3
-176
-149
-82
-14
-9
-2
128
135
8
-156
-179
-108
-61
43
88
87
59
-2
-91
-73
37
122
161
19
-159
-95
75
153
61
-76
-83
-71
-45
51
149
99
-86
-166
-104
-20
50
171
196
119
-110
-291
-86
157
175
-27
-180
-28
138
147
63
-148
-217
-95
-36
5
13
9
87
145
124
-94
-225
-153
63
195
116
-7
-37
80
113
83
-15
-68
-45
-174
-125
55
159
174
75
5
-114
-209
-219
-59
61
14
-8
-7
19
45
95
49
-32
-18
-20
-62
-110
-70
29
220
271
100
-7
-178
-215
-152
-120
65
132
113
80
15
-43
-90
-107
-31
60
81
155
149
-59
-167
-38
86
86
-3
-73
-89
-112
-54
21
101
79
-38
-88
-116
-102
14
136
133
61
-34
-67
-65
-71
-63
-34
47
117
162
103
-35
-123
-128
-71
41
186
150
106
76
-31
31
4
-117
-165
-42
55
5
10
55
20
-108
-138
-112
-25
-3
111
186
108
-20
-147
-120
62
182
105
42
-24
-16
73
114
-4
-8
20
-146
-229
-27
206
236
54
-169
-217
-89
89
69
5
50
47
59
-51
-160
-18
115
54
-95
1
140
87
-53
-102
-41
-98
-87
-26
149
230
50
-151
-182
-73
45
56
21
5
-86
-47
-14
47
6
-80
-57
-94
-36
-56
-13
16
59
45
-17
-18
-26
-19
6
91
145
46
8
-33
-116
-106
-14
116
17
31
-45
-146
-160
-175
-82
-54
49
-57
-116
-20
-7
-128
-156
-35
-70
-3
137
181
-42
-163
-43
190
156
-18
-26
54
155
144
111
29
-24
-75
-8
61
158
126
10
5
-169
-225
-218
-97
17
51
-16
-198
-188
-147
-58
-146
-152
7
175
175
-30
-4
46
51
59
135
257
293
235
90
16
-10
116
341
406
346
147
41
96
150
125
94
102
163
212
219
185
11
-186
-224
-152
-73
62
153
85
-92
-191
-195
-212
-191
-26
106
16
-151
-143
-54
-48
-29
-26
-38
-48
-42
-27
9
45
88
30
-84
-45
3
-37
-134
-230
-178
-113
-50
-52
-193
-94
-70
-127
-371
-409
-101
97
121
-22
-117
-181
-84
25
59
105
72
-1
-51
111
286
258
148
-32
-55
-52
10
65
159
229
-1
-137
-218
-229
-174
15
96
-92
-209
-157
-15
-61
-146
-92
-53
12
26
94
166
107
62
-29
-55
19
129
238
152
-19
-126
-101
52
82
-28
-167
-127
68
109
21
-119
-153
-98
-13
67
78
62
4
-78
-113
-17
4
2
-3
43
5
-34
12
-26
-21
43
62
63
134
137
47
-15
63
186
178
183
216
174
122
185
293
330
282
159
173
314
389
323
243
191
169
107
88
174
318
470
433
226
-121
-179
17
399
706
642
422
0
-200
-201
-4
291
413
323
8
-363
-804
-963
-794
-395
-185
-493
-929
-1332
-1414
-1133
-820
-676
-636
-547
-529
-604
-691
-619
-329
-50
197
171
-23
-167
-240
-118
0
59
71
42
-14
-185
-276
-256
-242
-200
-145
-2
-19
-95
-194
-254
-165
-33
179
390
516
560
484
385
366
595
967
1318
1339
1057
805
694
735
732
848
976
913
638
273
-91
-229
-28
115
95
-156
-273
-297
-329
-348
-483
-404
-187
65
136
53
-65
-194
-83
98
201
166
175
204
38
-100
-210
-218
-160
-110
-145
-325
-513
-688
-723
-598
-353
-192
-225
-403
-650
-731
-551
-256
-45
130
213
81
-86
-86
-1
78
190
293
282
256
306
288
228
46
-102
-66
100
193
190
305
308
242
188
33
-76
111
323
248
424
914
1040
599
128
73
93
222
453
720
804
619
157
-597
-960
-704
-172
153
70
-290
-876
-1390
-1517
-1203
-618
-145
-139
-542
-795
-857
-931
-776
-259
323
449
268
101
-98
-229
-132
232
436
439
347
94
-81
-212
-226
-148
-136
-173
-335
-376
-367
-445
-528
-500
-306
-60
154
240
249
253
324
415
622
840
1127
1299
1341
1201
921
875
916
1107
1022
862
804
626
308
-141
-264
-200
9
87
-52
-261
-572
-708
-713
-511
-212
-8
129
50
-47
-222
-264
-62
236
401
222
68
-108
-223
-232
-260
-130
-199
-336
-504
-672
-836
-1035
-882
-647
-538
-582
-614
-605
-680
-683
-560
-422
-260
7
95
-105
-195
-14
130
81
171
297
353
292
239
122
98
767
1252
1329
811
503
469
162
465
815
1237
1119
742
9
-1029
-1322
-1139
-582
-298
-35
-425
-1482
-2148
-2434
-1902
-1208
-339
31
-515
-852
-1176
-1124
-782
-39
678
661
851
697
298
47
80
663
889
1082
838
308
7
-329
-292
-335
-204
-165
-511
-638
-820
-779
-863
-914
-713
-573
-112
116
119
108
119
458
722
1302
1914
2091
2146
1890
1727
1680
1946
2358
2416
2344
2070
1831
1576
1198
940
713
696
666
384
65
-464
-829
-990
-911
-622
-516
-545
-794
-960
-1058
-960
-581
-117
144
132
22
-142
-287
-310
55
398
503
304
-147
-434
-656
-669
-664
-766
-809
-1002
-1093
-1265
-1303
-1316
-1424
-1403
-1487
-1389
-1343
-1294
-1094
-911
-671
-483
-440
-505
-666
-599
-345
-43
122
187
260
90
70
114
182
270
209
296
288
283
323
444
403
222
257
298
429
323
306
386
298
442
761
1122
1030
584
373
288
242
259
470
704
756
486
-456
-1278
-1396
-1041
-562
-355
-267
-517
-1063
-1563
-1649
-1092
-356
106
95
-266
-576
-694
-546
-143
544
1141
1265
996
530
178
-42
112
542
979
1094
689
273
77
168
321
415
397
322
470
510
379
258
241
417
558
642
643
697
777
882
1089
1217
1381
1499
1504
1439
1459
1532
1420
1273
1316
1610
1624
1277
639
367
359
321
264
48
67
-120
-454
-996
-1307
-1094
-763
-593
-740
-847
-1063
-1125
-1057
-924
-576
-462
-355
-365
-429
-423
-543
-519
-570
-531
-522
-756
-972
-1119
-985
-1059
-1130
-1105
-1208
-1323
-1506
-1314
-1139
-1113
-1116
-1134
-1212
-1309
-1221
-1173
-1010
-663
-406
-413
-493
-376
-204
-204
-93
152
344
641
1324
1857
1946
1734
1364
789
365
866
1477
1832
1791
1534
586
-693
-1410
-1443
-834
-184
131
-578
-1864
-2770
-3204
-2990
-2100
-796
-250
-712
-1396
-2019
-2055
-1360
-81
851
1140
1214
911
476
360
749
1312
1588
1879
1822
1243
650
504
818
958
1006
794
278
-154
-418
-487
-665
-648
-486
-494
-497
-406
-255
-143
65
335
553
1032
1698
2157
2251
2184
2161
2138
2430
2924
3295
3357
3113
2858
2496
2046
1698
1596
1527
1327
1065
706
188
-347
-719
-934
-1009
-935
-851
-1211
-1780
-2001
-1657
-1171
-915
-844
-936
-977
-923
-858
-851
-678
-341
-46
-4
-258
-545
-921
-959
-682
-475
-498
-826
-1151
-1405
-1400
-1324
-1435
-1558
-1557
-1453
-1540
-1804
-1928
-1820
-1573
-1498
-1420
-1289
-1208
-1107
-1121
-997
-692
-292
-56
-304
-520
-644
-393
-85
88
198
157
319
366
588
472
260
2
-81
-158
1100
3931
4963
2509
-1010
-888
500
1188
1775
3387
4407
2659
-211
-3259
-4445
-2574
707
1997
744
-902
-3089
-5479
-6059
-3468
-418
445
-35
-1704
-3402
-4206
-3346
-1425
871
3439
3753
1321
-1055
-1138
260
1302
2890
4177
3754
2184
776
502
612
992
1401
1134
489
-47
-379
-1179
-1785
-1295
-825
-679
-493
-193
14
-310
-566
-433
231
1238
2189
2974
3146
3079
2822
2412
2492
3478
4671
4996
4537
3924
3020
1935
1601
2304
2971
2867
2117
1140
-35
-761
-1021
-1101
-767
-422
-330
-1143
-1597
-1517
-1503
-1553
-1517
-852
-538
-532
-717
-804
-641
-763
-399
-155
-39
-190
-575
-488
-632
-738
-997
-1199
-1231
-1339
-1444
-1893
-2532
-3022
-2844
-2286
-2212
-2539
-2985
-3276
-3315
-2953
-2368
-2117
-2088
-1870
-1610
-1560
-1376
-1071
-1169
-1144
-641
218
567
476
446
209
334
529
1100
1467
1685
1841
2251
3236
2982
1972
635
553
1513
2409
2992
2482
1789
408
-1004
-1774
-1572
-474
143
160
-923
-2330
-3406
-3923
-3123
-2007
-1043
-1034
-1923
-2953
-3365
-2393
-1079
107
978
1452
1147
272
187
811
1672
2438
2981
3179
2439
1622
1179
988
1191
1380
1371
758
29
-255
-771
-1163
-1238
-1048
-860
-979
-915
-924
-882
-638
-399
57
729
1894
2938
3181
2952
2723
3012
3541
4096
4716
5131
5278
4836
4045
3544
3413
3668
3680
3129
2432
1526
871
431
9
-579
-1234
-1168
-1308
-1565
-1936
-2020
-1829
-2036
-2040
-2022
-1549
-1298
-1324
-1322
-1256
-845
-611
-91
131
159
-52
-585
-681
-594
-137
-159
-475
-871
-1322
-1619
-2200
-2429
-2537
-2443
-2595
-3005
-3124
-3274
-3120
-3009
-2752
-2582
-2613
-2575
-2749
-2644
-2455
-2098
-1645
-1200
-620
-285
-128
-114
-246
-307
-150
433
1089
1478
1651
1801
2777
3531
3048
1676
770
1375
1698
1607
1376
1510
1168
-219
-1660
-3072
-3368
-2439
-1535
-1780
-2617
-3439
-4596
-5405
-4851
-2972
-1733
-1491
-1788
-2452
-2712
-2382
-946
496
1779
2746
2154
1147
990
1857
2711
3145
3955
4112
3250
2207
1665
1386
1153
1383
1452
890
79
-428
-970
-1692
-1565
-877
-579
-614
-496
-181
90
297
724
1328
2310
3507
3925
4088
4309
4580
4743
5034
5734
6162
6151
5853
5542
4939
4225
3830
3435
3205
2726
2053
1318
641
-195
-1307
-1724
-1753
-1605
-1888
-2259
-2292
-2352
-2396
-2617
-2523
-2101
-1474
-1259
-1204
-1088
-1061
-1092
-1066
-581
-192
-18
-230
-607
-747
-1218
-1479
-1708
-1852
-1807
-1980
-2218
-2839
-3196
-3309
-3424
-3375
-3331
-3138
-3229
-3411
-3576
-3560
-3265
-2790
-2302
-2090
-2074
-2175
-2130
-1968
-1384
-506
76
-14
-299
-428
-267
88
565
1078
1384
1704
1740
1554
1725
2965
3815
3141
1606
1177
1556
1572
1719
2098
2450
1459
-405
-2478
-3578
-2801
-1245
-595
-1367
-2496
-3752
-5034
-5060
-3340
-1310
-865
-1499
-2402
-2892
-2724
-1784
-319
913
2065
2357
1557
771
1171
2300
3144
3565
3810
3309
2223
1459
1289
1563
1824
1737
917
-22
-536
-844
-1057
-1134
-799
-696
-832
-730
-588
-260
286
824
1236
1575
2275
3217
4016
4602
4897
5005
5076
5297
5798
6237
6412
6352
6078
5418
4463
3735
3333
3105
2689
2394
1708
553
-505
-1025
-1104
-1268
-1205
-1226
-1659
-2224
-2560
-2718
-2624
-1944
-1045
-670
-783
-979
-1359
-1661
-1394
-553
170
81
-363
-908
-1298
-1413
-1485
-1579
-1933
-2247
-2647
-3270
-3664
-3874
-3933
-4087
-4022
-3758
-3768
-3987
-4314
-4370
-4175
-3722
-3153
-2699
-2462
-2368
-2387
-2248
-2053
-1434
-643
-22
295
273
419
352
588
1059
1792
2121
2092
1622
1243
1764
3271
4354
3528
1414
201
497
553
554
1097
1738
925
-1099
-3229
-4449
-4176
-2246
-953
-1486
-2875
-4224
-5134
-5295
-3425
-1124
-481
-1053
-2098
-2848
-2626
-1103
886
1827
2465
2726
1881
1041
1323
2468
3109
3239
3520
3020
2145
1756
1654
1546
1221
1112
629
70
-209
-519
-971
-1464
-1303
-858
-479
-2
500
679
787
1203
1830
2338
3283
4468
5269
5638
5819
5861
5831
5977
6346
6727
6718
6365
5681
4921
4238
3708
2928
2245
1844
1376
788
-241
-1107
-1663
-2223
-2558
-2444
-2069
-2293
-2789
-3016
-3177
-3096
-2524
-1628
-1158
-1073
-969
-1129
-1357
-1057
-399
91
13
-381
-706
-1091
-1383
-1602
-1783
-1916
-1971
-2281
-3138
-3771
-4014
-4116
-4134
-4173
-4151
-4263
-4377
-4413
-4495
-4278
-3831
-3223
-2756
-2503
-2290
-2286
-2296
-1936
-1263
-535
163
654
573
244
405
742
1074
1465
1890
1798
1470
1070
865
1327
3135
4674
4072
1262
-653
-606
-183
417
1312
2315
1563
-628
-3461
-5354
-4815
-1962
45
-301
-1796
-3372
-5016
-5667
-4189
-1546
117
-78
-1340
-2553
-2556
-1331
158
1235
2352
2759
1829
537
520
1506
2294
2668
2881
2771
2457
2161
1585
936
834
1017
832
414
336
255
-170
-690
-877
-557
1
632
1173
1583
1994
2063
1864
2065
3249
4744
5706
6054
6012
5925
5616
5470
5798
6461
7071
6834
5888
4794
3885
3373
3021
2842
2681
2170
1249
87
-754
-1220
-1573
-1661
-1508
-1492
-1894
-2421
-2724
-2753
-2544
-2111
-1615
-1436
-1406
-1409
-1634
-1732
-1386
-927
-899
-1264
-1668
-2009
-2191
-2172
-2238
-2353
-2594
-2956
-3560
-4159
-4146
-3916
-3821
-3955
-4089
-4221
-4334
-4223
-4079
-3789
-3325
-3106
-3144
-3093
-2694
-2052
-1598
-1302
-1046
-689
-174
312
507
511
746
1199
1333
1261
1234
1447
1519
1471
1623
1835
3181
4457
3816
1087
-683
-155
904
1356
1940
2710
2009
-207
-2847
-4716
-4501
-1959
317
294
-1419
-3236
-5010
-5791
-4334
-1351
377
-6
-1587
-3076
-3255
-2059
-116
1346
2395
2873
1931
553
492
1635
2548
2840
3082
2912
2282
1775
1403
1177
1040
1174
962
297
91
94
-245
-966
-1270
-790
-148
584
1169
1417
1575
1560
1612
1845
2966
4784
5960
6135
5903
5768
5476
5406
5957
6822
7389
7132
6261
4971
3864
3339
3009
2984
2973
2623
1260
-573
-1587
-1812
-1740
-1652
-1663
-1963
-2550
-2959
-2969
-2951
-2819
-2394
-1729
-1334
-1302
-1491
-1895
-1933
-1127
-336
-191
-763
-1368
-1761
-2240
-2358
-2220
-2033
-2174
-2669
-3347
-4029
-4262
-4321
-4429
-4236
-3702
-3485
-3845
-4374
-4643
-4350
-3679
-2988
-2597
-2470
-2206
-1942
-1774
-1523
-1182
-453
307
783
726
591
807
977
1185
1382
2035
2136
1808
1397
1690
3507
4734
4040
1313
-60
547
1017
900
1255
2386
1894
-512
-3505
-5591
-5103
-2548
-506
-1092
-2728
-4163
-6091
-6965
-5319
-1815
-111
-665
-2008
-3325
-3522
-2258
-313
1123
2554
3417
2211
352
325
1828
2630
2644
3020
2952
2344
1671
1180
676
252
429
275
-220
-179
-191
-792
-1681
-1714
-1052
-585
5
647
1137
1449
1667
1918
2356
3588
5190
6240
6546
6508
6226
5677
5709
6669
7650
7954
7697
6960
5673
4516
3953
3789
3565
3149
2541
1245
-196
-1120
-1680
-2105
-2067
-1654
-1683
-2490
-3267
-3365
-3225
-2965
-2322
-1402
-906
-877
-947
-1076
-1204
-1071
-751
-570
-512
-423
-692
-1455
-2127
-2412
-2501
-2660
-2800
-3068
-3756
-4375
-4601
-4816
-5014
-4733
-4108
-3970
-4303
-4561
-4400
-4294
-4184
-3386
-2367
-1814
-1771
-1880
-1969
-1868
-797
456
974
1138
1335
1406
940
877
1425
2229
2763
2945
2376
2048
3630
5145
4065
999
195
1309
1697
1297
1763
2545
1265
-1350
-4203
-6037
-5341
-2403
-628
-1578
-3341
-4683
-6259
-7141
-5090
-1736
-318
-1103
-2509
-3631
-3810
-2402
-443
1224
2629
3270
2030
197
291
1787
2679
2948
3544
3554
2462
1281
770
618
816
1151
905
282
84
-80
-1016
-1968
-1868
-894
-329
-55
434
948
1341
1435
1560
2175
3554
4972
5620
5963
6461
6644
6377
6193
6735
7544
7978
7996
7350
6242
5191
4470
3783
3338
3278
2764
1319
-312
-1188
-1521
-1781
-1830
-1624
-1759
-2253
-2846
-3249
-3294
-2714
-1643
-1142
-1224
-1101
-718
-711
-632
-226
-96
-290
-430
-466
-812
-1299
-1579
-1819
-2033
-2226
-2500
-3182
-4038
-4261
-4173
-4228
-4402
-4300
-4099
-4243
-4426
-4383
-4214
-4059
-3877
-3559
-3021
-2432
-2003
-2023
-2168
-1929
-1179
-264
383
832
911
658
436
741
1676
2647
2959
2952
2526
1953
3095
5527
6372
3758
1093
836
1353
1137
1449
2917
2965
775
-2806
-6000
-7140
-4896
-1763
-1143
-2660
-4479
-6515
-8361
-7767
-4282
-1274
-795
-1830
-3118
-3878
-3522
-1819
192
2247
3879
3403
1363
386
1479
2859
3169
3644
4097
3555
2298
1226
640
113
79
45
-305
-230
-377
-1265
-2902
-3570
-2665
-1644
-1024
-583
48
407
270
179
691
2238
4125
5392
5799
6101
6374
6215
6092
6566
7622
8488
8671
8051
6987
5949
5243
4617
4053
3946
3743
2778
1035
-353
-1009
-1563
-1807
-1675
-1552
-1909
-2439
-2837
-3189
-3310
-2510
-1550
-1047
-950
-810
-762
-1250
-1114
-568
-27
206
203
-132
-1055
-1526
-1451
-1585
-1964
-2137
-2182
-2828
-3536
-3754
-3921
-4271
-4374
-4219
-4305
-4431
-4249
-3993
-4207
-4368
-4020
-3556
-3275
-2857
-2310
-2069
-2069
-2046
-1873
-1263
-35
1069
1151
505
514
1038
1655
1884
2315
2829
2903
2524
1859
2927
5387
7010
4925
1507
544
1488
1739
1203
2184
3194
1771
-2093
-5774
-7039
-5266
-2130
-797
-2228
-4594
-6540
-7770
-7844
-5486
-2050
-824
-2228
-4168
-4506
-3753
-2383
-372
1726
2909
2299
753
-203
415
2181
3389
3435
3071
2865
2404
1298
650
743
728
261
-255
-467
-766
-1117
-1549
-2119
-2222
-1608
-793
-459
-301
378
827
812
1128
2297
3886
5009
5765
6040
5888
5793
5955
6444
7176
8094
8522
8003
6980
6060
5352
4645
4334
4329
4009
3177
1729
262
-580
-945
-1070
-971
-678
-1036
-2110
-2937
-3245
-3173
-2594
-1632
-1086
-1285
-1466
-1481
-1933
-2014
-1139
-74
-20
-579
-1090
-1759
-2154
-2018
-1610
-1422
-1363
-1594
-2584
-3838
-4119
-3502
-3207
-3435
-3503
-3429
-3783
-4162
-4136
-3856
-3492
-3052
-2601
-2511
-2417
-2157
-1941
-1874
-1727
-929
100
795
1077
1026
983
956
1281
2031
2596
2943
2782
2643
2301
1929
3586
6178
6834
3617
156
-458
490
1280
2085
3620
3564
752
-3604
-6936
-7088
-3781
-114
432
-2181
-5348
-7539
-8309
-7094
-3694
-540
-274
-2720
-5160
-5403
-3799
-1645
340
2028
2335
926
-586
-653
725
2407
3434
3459
2747
2264
2134
1574
853
681
923
698
232
256
248
-461
-1567
-2162
-1906
-1051
-137
50
-143
-76
195
354
794
2251
3959
4814
5022
5276
5466
5416
5478
6004
6876
7795
8260
7567
6254
5325
4883
4664
4500
4419
3824
2631
1390
494
-283
-922
-934
-685
-832
-1629
-2308
-2837
-3296
-3360
-2683
-1802
-1562
-1889
-2523
-2908
-2802
-2005
-992
-431
-519
-1067
-1786
-2358
-2231
-1471
-644
-376
-825
-1740
-2632
-2920
-2618
-2043
-1605
-1713
-2336
-3137
-3857
-3893
-3194
-2500
-2498
-2849
-2951
-2928
-2922
-2692
-2098
-1547
-1401
-1395
-1095
-381
390
706
744
1072
1735
2216
2376
2263
2355
2410
2568
2388
3028
5073
6738
5363
1420
-427
513
1953
2078
2651
3635
2569
-1237
-5321
-6777
-5016
-1597
544
-500
-3730
-6762
-8120
-7612
-5407
-2311
-725
-1766
-4342
-5968
-5593
-3885
-1765
210
1505
1114
-412
-1272
-589
835
2040
3029
3394
2708
1662
966
696
448
508
975
1099
781
191
-479
-1407
-1958
-1550
-803
-263
16
322
361
8
-167
175
1299
2740
3870
4372
4386
4279
4060
4142
4869
6001
6891
7109
6700
5771
5037
4870
4853
4685
4729
4691
3882
2354
974
415
294
289
212
-130
-1068
-1984
-2361
-2506
-2666
-2452
-1868
-1851
-2420
-2855
-2971
-2986
-2815
-2219
-1641
-1672
-1893
-2186
-2440
-2462
-2041
-1360
-993
-1014
-1311
-1705
-1912
-1804
-1426
-1029
-892
-1182
-1956
-2504
-2430
-1963
-1587
-1615
-1950
-2487
-2798
-2715
-2465
-2124
-1607
-1096
-993
-1212
-1166
-494
398
815
808
1146
1787
2105
2095
2172
2467
2562
2631
2471
3016
4614
6037
4864
1397
-541
296
1827
1929
2130
2905
2167
-1186
-4880
-6141
-4608
-1744
321
-31
-2930
-6326
-7826
-7081
-5084
-2909
-1512
-1822
-3983
-6084
-6427
-4993
-2808
-682
832
816
-500
-1972
-2069
-584
1269
2704
3489
3290
1972
617
421
1069
1728
2375
2895
2553
1149
-106
-549
-405
-31
556
1248
1218
616
140
61
190
412
1119
2144
2778
2785
2779
3047
3083
3076
3810
4904
5361
5125
4896
4826
4524
4196
4388
4926
5067
4552
3808
3006
2203
1677
1661
1800
1613
1081
261
-759
-1616
-1813
-1495
-1258
-1341
-1820
-2649
-3553
-4033
-3757
-2942
-2255
-2268
-2857
-3567
-3881
-3600
-2813
-1893
-1345
-1170
-1298
-1619
-1832
-1572
-757
33
285
125
-316
-743
-944
-730
-262
-144
-477
-1124
-1573
-1743
-1869
-1802
-1654
-1406
-1191
-1030
-886
-927
-979
-972
-664
-59
564
1078
1251
1226
1204
1354
1744
2078
2382
2446
2092
1547
1522
2457
3521
3227
1382
-511
-940
-62
959
1694
1981
1265
-724
-3045
-4156
-3239
-993
1122
1312
-1047
-4571
-6682
-6160
-3889
-1573
-614
-1405
-3665
-5950
-6843
-5612
-3007
-741
61
-823
-2266
-3310
-3307
-1990
-41
1570
1961
1310
301
-333
-16
1091
2236
2640
2407
1931
1393
1103
1269
1727
1936
1860
1952
2130
2082
1819
1558
1396
1341
1580
2082
2655
3078
3077
2623
2088
1873
2158
2916
3908
4559
4294
3454
2673
2389
2709
3545
4373
4388
3478
2179
1252
1120
1543
1919
1759
1086
257
-560
-1161
-1627
-1983
-2024
-1957
-2263
-2930
-3368
-3325
-3317
-3530
-3643
-3374
-3038
-2900
-2710
-2432
-2176
-2098
-2049
-1774
-1298
-717
-405
-271
-352
-479
-301
120
615
783
681
317
-151
-453
-276
68
393
441
254
-136
-478
-393
-177
166
233
243
-12
-353
-449
-255
98
264
248
57
-135
-411
-644
-681
-453
-67
-71
-624
-1327
-1607
-1164
-682
-447
-515
-785
-1081
-1062
-453
122
271
-101
-600
-973
-816
-68
362
74
-554
-1292
-2045
-2349
-1751
-622
27
-283
-1447
-2764
-3411
-2899
-1671
-549
-163
-751
-1904
-2867
-3001
-2170
-761
507
907
269
-763
-1466
-1358
-477
866
1979
2266
1744
780
93
353
1579
2804
3118
2773
2269
1779
1420
1514
2073
2670
2960
2800
2266
1620
1359
1518
1760
1907
2154
2409
2312
1945
1685
1733
1923
2090
2324
2637
2917
2812
2148
1554
1437
1675
1844
1871
1838
1493
788
50
-399
-671
-769
-603
-461
-692
-1240
-1836
-2269
-2520
-2511
-2074
-1481
-1198
-1458
-1991
-2346
-2247
-1719
-1138
-804
-809
-920
-929
-791
-509
-206
-70
-149
-207
-16
291
512
592
604
549
431
375
478
775
1091
1246
972
426
57
165
508
550
226
-244
-607
-890
-1141
-1275
-1344
-1362
-1463
-1744
-2020
-2246
-2277
-2119
-1896
-1681
-1510
-1331
-1345
-1405
-1160
-616
-86
100
53
-98
-318
-426
-242
165
396
245
-268
-764
-951
-896
-685
-420
-245
-405
-1079
-1827
-2061
-1704
-1179
-897
-767
-817
-1137
-1551
-1630
-1136
-348
349
598
361
-56
-216
120
721
1171
1396
1512
1431
1155
996
1275
1717
1908
1867
1956
2030
1834
1612
1612
1819
1932
1946
1938
1852
1646
1395
1178
1070
1124
1345
1434
1218
940
826
887
861
901
1197
1408
1150
591
421
617
850
1002
1151
1097
561
0
-159
66
381
525
444
82
-429
-715
-681
-506
-371
-283
-391
-797
-1114
-1024
-651
-394
-326
-343
-466
-640
-694
-461
6
528
749
524
201
211
671
1273
1672
1788
1814
1862
1813
1738
1946
2433
2774
2676
2242
1724
1319
1053
1034
1088
912
438
-188
-748
-1309
-1808
-2178
-2434
-2565
-2688
-2916
-3416
-4007
-4283
-4110
-3784
-3544
-3311
-3172
-3277
-3500
-3384
-2823
-2255
-2033
-1988
-1846
-1671
-1617
-1602
-1483
-1263
-1075
-991
-929
-860
-866
-967
-1114
-1165
-1025
-723
-522
-656
-980
-1149
-1100
-912
-706
-490
-271
-232
-421
-636
-607
-372
71
674
1089
1059
705
434
452
817
1417
1903
1990
1707
1400
1340
1537
1985
2451
2553
2323
2047
1963
2006
2191
2470
2546
2224
1787
1640
1763
1917
1829
1564
1295
1136
1049
924
758
717
753
603
378
337
377
254
21
-28
94
127
40
-102
-195
-237
-218
-126
4
105
175
117
-179
-427
-342
37
315
289
-17
-442
-765
-838
-592
-223
-30
-202
-578
-901
-956
-747
-420
-149
-17
61
159
233
272
534
1132
1642
1799
1753
1788
1951
2096
2164
2178
2214
2206
2097
1843
1609
1473
1272
910
582
283
-99
-455
-704
-952
-1376
-1908
-2331
-2540
-2644
-2680
-2723
-2808
-2932
-3104
-3293
-3302
-2986
-2567
-2378
-2440
-2518
-2465
-2367
-2302
-2226
-2062
-1898
-1839
-1892
-1929
-1888
-1858
-1831
-1758
-1717
-1817
-1996
-2051
-1963
-1851
-1752
-1664
-1577
-1540
-1559
-1583
-1536
-1316
-1001
-744
-618
-540
-381
-167
-50
33
280
657
850
830
855
952
1082
1360
1795
2123
2193
2103
1970
1961
2175
2563
2936
3040
2847
2478
2171
2156
2388
2656
2746
2514
2092
1769
1701
1787
1811
1755
1721
1567
1200
902
905
1001
999
905
775
607
438
408
451
416
349
376
452
477
529
695
786
636
361
304
583
911
944
761
643
565
402
337
527
706
590
267
84
103
122
91
152
315
425
428
323
193
239
526
816
946
924
913
964
938
860
882
1001
993
823
652
538
394
176
-105
-377
-558
-613
-609
-739
-1093
-1553
-1847
-1862
-1755
-1752
-1859
-1933
-2000
-2200
-2446
-2470
-2272
-2056
-1946
-1895
-1929
-2090
-2183
-2100
-1965
-1792
-1576
-1533
-1738
-1867
-1651
-1386
-1398
-1519
-1468
-1345
-1334
-1314
-1236
-1231
-1305
-1315
-1276
-1272
-1211
-1017
-908
-902
-869
-877
-998
-1134
-1139
-1027
-844
-617
-523
-560
-669
-848
-894
-621
-198
-40
-27
27
147
273
469
756
973
1150
1346
1507
1534
1543
1659
1862
2118
2364
2491
2410
2246
2094
2053
2161
2395
2621
2636
2372
1916
1634
1689
1888
1938
1756
1488
1240
993
864
955
1096
1017
672
403
434
623
749
793
800
713
575
614
860
1024
947
814
867
1120
1320
1359
1259
1104
1050
1151
1349
1534
1529
1338
1158
1172
1212
1184
1217
1339
1326
1100
936
1004
1209
1246
951
571
399
435
477
467
444
147
-458
-950
-1009
-811
-847
-1199
-1609
-1844
-1936
-2025
-2199
-2347
-2257
-2135
-2198
-2418
-2553
-2535
-2539
-2573
-2454
-2241
-2194
-2302
-2404
-2330
-2176
-2110
-2142
-2118
-1974
-1825
-1860
-2157
-2353
-2111
-1658
-1569
-1834
-2005
-2015
-2005
-1918
-1675
-1447
-1438
-1601
-1721
-1700
-1585
-1473
-1380
-1205
-958
-871
-945
-1029
-1005
-867
-657
-358
-146
-130
-199
-261
-299
-254
-50
278
506
510
452
485
589
621
577
628
931
1270
1284
1054
951
1072
1252
1420
1618
1761
1745
1613
1546
1618
1732
1797
1843
1898
1918
1873
1799
1732
1618
1560
1667
1875
1977
1773
1380
1103
1026
1160
1367
1450
1431
1304
1147
933
787
843
966
1045
1017
1000
1019
1038
950
797
776
933
1066
1064
1047
1019
915
882
1046
1289
1435
1494
1407
1262
1280
1510
1800
1944
1927
1732
1502
1388
1472
1562
1483
1199
808
473
174
80
96
14
-267
-687
-1154
-1576
-1777
-1742
-1537
-1503
-1817
-2322
-2640
-2628
-2432
-2253
-2234
-2442
-2761
-2828
-2590
-2348
-2320
-2248
-2049
-1972
-2094
-2165
-2100
-2048
-1892
-1616
-1511
-1621
-1765
-1819
-1885
-1923
-1835
-1797
-1791
-1778
-1757
-1664
-1653
-1819
-2105
-2155
-1866
-1505
-1367
-1468
-1643
-1805
-1801
-1488
-1066
-898
-946
-937
-815
-654
-534
-391
-247
-156
-94
57
265
399
486
539
565
574
615
736
891
1069
1180
1077
892
821
999
1286
1480
1508
1418
1395
1391
1345
1306
1442
1713
1874
1940
1946
1874
1814
1860
1949
1892
1822
1885
1959
1947
1929
2021
2009
1855
1722
1764
1889
1945
1917
1772
1591
1442
1391
1515
1746
1809
1621
1415
1422
1448
1324
1222
1308
1389
1341
1181
1031
939
891
966
1093
1234
1309
1244
1025
863
907
1095
1245
1251
1105
917
785
724
649
524
387
214
128
104
-73
-404
-714
-925
-1044
-1028
-1016
-1189
-1583
-1918
-2090
-2118
-2004
-1968
-2109
-2335
-2481
-2511
-2293
-2030
-1971
-2112
-2197
-2057
-1921
-1900
-1818
-1726
-1756
-1795
-1622
-1374
-1353
-1576
-1879
-2076
-2087
-1832
-1448
-1328
-1523
-1869
-2191
-2329
-2228
-1879
-1550
-1516
-1715
-1941
-2026
-1987
-1868
-1637
-1377
-1244
-1223
-1127
-993
-913
-835
-649
-380
-268
-292
-309
-101
259
524
634
659
734
756
660
641
937
1227
1212
1050
973
923
779
751
961
1150
1048
792
618
560
572
672
965
1180
1081
869
733
765
901
1080
1244
1309
1262
1162
1163
1301
1435
1500
1520
1564
1654
1695
1678
1743
1816
1790
1774
1798
1846
1887
1942
2002
2010
1973
1809
1576
1426
1473
1593
1654
1611
1423
1221
1131
1237
1304
1166
984
982
1093
1174
1128
949
753
700
804
970
993
812
506
248
195
349
493
444
254
-15
-361
-725
-917
-828
-710
-837
-1172
-1534
-1780
-2003
-2164
-2127
-1956
-1930
-2206
-2557
-2744
-2706
-2499
-2247
-2016
-1924
-2006
-2180
-2351
-2386
-2183
-1812
-1496
-1535
-1849
-2044
-2025
-1974
-1976
-1846
-1620
-1551
-1699
-1906
-1910
-1882
-1947
-1953
-1784
-1658
-1734
-1800
-1793
-1714
-1623
-1520
-1443
-1388
-1267
-1130
-1000
-908
-848
-837
-744
-488
-180
-22
4
22
90
234
426
655
785
785
834
988
1102
1164
1202
1291
1401
1462
1366
1085
853
846
1073
1357
1420
1173
772
569
679
868
950
944
971
1023
995
937
876
853
917
1140
1467
1567
1352
1151
1196
1419
1667
1831
1859
1795
1771
1819
1851
1804
1769
1778
1894
1905
1772
1551
1429
1522
1641
1606
1266
930
927
1112
1151
970
748
632
528
410
526
728
779
658
552
562
551
500
564
676
648
495
360
323
382
475
471
326
80
-28
42
64
-58
-314
-663
-925
-1000
-932
-823
-788
-972
-1259
-1474
-1539
-1492
-1486
-1422
-1387
-1495
-1526
-1476
-1478
-1669
-1850
-1724
-1415
-1303
-1482
-1698
-1668
-1562
-1563
-1544
-1532
-1633
-1811
-1843
-1641
-1472
-1534
-1706
-1773
-1745
-1781
-1742
-1592
-1435
-1487
-1685
-1843
-1880
-1731
-1467
-1235
-1123
-1137
-1222
-1265
-1226
-1055
-754
-459
-317
-305
-241
-65
139
332
441
591
769
929
1021
1079
1025
932
1065
1417
1714
1588
1224
941
956
1267
1545
1498
1174
914
855
884
971
1010
876
739
752
855
860
792
800
876
982
1041
1102
1197
1299
1304
1272
1424
1652
1718
1611
1543
1601
1747
1930
1994
1848
1563
1427
1549
1685
1584
1405
1340
1310
1236
1130
1029
925
878
881
894
855
746
511
288
313
487
615
668
575
332
86
-13
71
243
371
343
225
53
-115
-193
-226
-170
-175
-327
-486
-616
-653
-613
-579
-640
-744
-929
-1173
-1291
-1244
-1100
-998
-1015
-1048
-1163
-1361
-1449
-1411
-1294
-1204
-1117
-1114
-1232
-1359
-1401
-1325
-1260
-1202
-1191
-1246
-1225
-1196
-1150
-1166
-1314
-1394
-1395
-1318
-1204
-1200
-1299
-1330
-1254
-1226
-1307
-1379
-1357
-1222
-1048
-1012
-1140
-1205
-1191
-1143
-1046
-910
-690
-566
-564
-502
-476
-547
-486
-225
70
205
149
31
8
68
184
346
447
461
392
473
569
496
334
269
394
545
573
476
415
397
365
351
433
491
443
354
406
565
693
691
592
560
615
767
935
1101
1204
1191
1089
1036
1151
1227
1326
1520
1705
1691
1526
1357
1265
1226
1285
1422
1511
1481
1239
1075
1051
1106
1110
1058
1052
1044
990
860
728
623
586
647
765
906
921
802
593
354
307
488
665
617
425
338
403
462
329
92
-127
-185
-169
-163
-230
-361
-407
-430
-414
-496
-636
-820
-985
-1033
-1032
-917
-762
-768
-980
-1240
-1365
-1381
-1379
-1251
-1100
-1068
-1185
-1404
-1505
-1500
-1462
-1447
-1447
-1407
-1464
-1545
-1571
-1521
-1478
-1494
-1548
-1642
-1686
-1599
-1385
-1202
-1110
-1151
-1243
-1334
-1330
-1117
-888
-745
-684
-582
-461
-393
-343
-308
-246
-166
-119
-40
134
359
490
414
348
402
519
607
635
646
671
676
539
438
473
624
672
547
485
466
393
217
125
247
408
447
377
282
113
-58
-97
106
456
616
504
263
152
164
249
452
653
669
504
419
487
631
779
825
782
677
645
665
702
710
745
851
929
935
898
819
679
618
644
727
749
738
683
573
559
680
798
790
694
647
705
748
754
761
774
743
755
840
961
1012
908
774
641
615
634
627
586
512
508
578
610
490
232
50
121
248
226
-10
-282
-384
-325
-247
-280
-380
-524
-662
-740
-694
-620
-699
-799
-848
-845
-841
-855
-953
-1119
-1181
-1078
-996
-1115
-1350
-1471
-1384
-1285
-1255
-1342
-1468
-1504
-1404
-1223
-1146
-1173
-1215
-1189
-1131
-1112
-1038
-915
-701
-519
-485
-513
-529
-358
-225
-192
-334
-450
-390
-290
-106
-15
274
430
450
125
-161
-75
302
760
777
885
990
837
152
-450
-533
-269
59
250
520
580
294
-377
-878
-771
-120
589
841
583
156
-57
-65
23
212
600
963
1029
766
306
-100
-166
160
729
1265
1293
796
85
-218
-71
132
227
541
980
1090
646
-60
-305
51
646
874
726
441
396
530
622
632
552
491
540
593
537
408
372
546
647
375
168
277
487
624
574
556
589
517
299
106
257
612
845
673
380
302
326
162
43
201
384
320
186
252
299
106
-192
-283
-169
-13
-5
-2
-130
-226
-342
-409
-433
-410
-258
-160
-238
-605
-758
-699
-509
-447
-476
-593
-732
-791
-770
-691
-802
-949
-1029
-966
-1001
-1042
-1030
-1053
-1151
-1233
-1148
-1020
-915
-956
-1002
-921
-865
-859
-765
-598
-484
-410
-280
-246
-360
-422
-277
3
282
366
226
-67
-306
-278
-31
130
124
-11
-185
-271
-252
-223
-306
-314
-186
-33
40
-8
-48
-86
-119
-107
71
303
376
298
232
298
367
368
295
220
218
353
527
601
518
342
146
91
255
434
454
406
433
442
247
45
71
206
357
427
395
286
228
294
460
511
328
99
19
238
437
477
367
255
197
232
357
457
456
275
165
169
273
398
442
433
442
407
342
351
479
612
621
567
558
554
497
419
408
495
577
547
445
385
356
268
141
73
141
200
211
127
1
1
89
115
-9
-71
-98
-167
-269
-287
-223
-162
-206
-317
-445
-484
-376
-374
-515
-747
-828
-733
-613
-467
-377
-457
-608
-742
-789
-709
-599
-550
-618
-636
-608
-557
-422
-282
-190
-269
-476
-649
-613
-434
-313
-224
-106
89
187
-37
-432
-626
-517
-271
23
221
209
-90
-410
-471
-332
-148
-86
-82
-101
-150
-269
-284
-152
-49
-78
-196
-309
-327
-173
39
234
305
146
-83
-130
-37
113
275
295
185
111
133
175
120
91
166
269
313
308
181
-38
-149
-29
209
370
388
358
273
153
123
136
196
262
392
497
403
225
193
280
351
403
557
649
438
162
43
194
308
441
606
765
750
505
264
128
171
190
231
293
343
468
612
647
458
190
63
85
199
356
421
347
237
220
245
318
328
238
286
408
450
406
284
117
31
73
162
188
166
42
-150
-241
-208
-189
-354
-428
-329
-327
-455
-569
-592
-549
-444
-411
-419
-437
-407
-477
-551
-541
-515
-339
-239
-244
-343
-420
-420
-333
-226
-260
-241
-175
-145
-193
-311
-402
-422
-306
-193
-102
-40
-128
-339
-456
-312
-126
-50
-119
-154
-138
-166
-236
-315
-299
-271
-217
-135
-27
51
-52
-291
-425
-254
46
164
13
-158
-151
-80
22
91
119
72
-19
-65
-60
-34
-1
108
197
119
-129
-255
-117
121
157
18
-49
-57
-14
18
39
64
65
108
151
173
107
-9
-120
-37
115
229
195
150
144
124
167
181
235
214
242
328
405
378
276
275
379
430
393
377
362
334
246
215
286
333
342
298
209
145
180
271
269
99
-29
48
230
378
381
309
194
84
30
66
176
214
192
209
250
277
197
72
25
-2
-14
-28
-53
-85
-117
-92
-51
-99
-219
-310
-364
-366
-281
-192
-186
-205
-205
-143
-205
-356
-371
-228
-41
-28
-71
-102
-138
-177
-183
-169
-144
-158
-173
-208
-299
-291
-191
-37
-55
-228
-385
-439
-392
-337
-301
-328
-347
-367
-330
-302
-263
-261
-324
-337
-322
-249
-159
-50
-130
-336
-378
-195
-31
-81
-215
-210
-107
-63
-28
4
44
40
57
17
-48
-55
-16
-49
-54
34
152
175
42
-37
-51
30
78
32
17
47
58
25
-3
27
102
131
92
99
236
286
169
60
142
228
96
-58
31
342
556
495
289
123
130
345
476
408
185
60
106
320
460
401
247
118
143
203
310
292
157
40
22
122
245
276
158
113
257
412
381
247
194
186
98
15
147
308
216
64
27
18
5
45
137
136
22
-142
-253
-190
-47
-1
-20
-53
-138
-144
3
98
22
-154
-216
-219
-182
-89
-38
-88
-187
-228
-203
-103
-66
-124
-180
-192
-161
-96
-95
-173
-260
-293
-219
-107
-12
-4
-18
-45
-43
-98
-186
-194
-246
-296
-293
-190
-85
-54
-92
-206
-301
-269
-186
-114
-74
-150
-259
-357
-345
-286
-222
-173
-140
-64
-84
-106
-115
-106
-44
5
39
-16
-31
-60
-7
181
238
171
69
15
39
155
214
142
-29
-190
-194
-95
-26
-38
-78
-64
19
57
2
14
59
-8
-184
-214
40
295
374
213
74
96
197
269
251
232
236
235
139
92
186
337
326
243
248
197
92
82
255
390
383
321
258
163
50
100
330
493
401
225
104
128
188
184
173
136
82
11
17
90
162
129
49
81
152
142
68
29
-11
-53
-42
62
109
29
-123
-172
-101
-59
-93
-101
-55
-79
-178
-258
-201
-92
-96
-138
-217
-211
-139
-59
-54
-188
-258
-268
-174
-161
-246
-258
-162
-95
-162
-223
-201
-129
-111
-59
16
-18
-128
-242
-211
-160
-82
-2
-31
-165
-304
-255
-102
33
-17
-154
-187
-146
-121
-141
-133
-120
-166
-202
-119
13
37
-85
-215
-188
-104
-37
94
218
198
14
-115
-82
-9
134
259
227
10
-109
-5
56
-72
-188
-104
3
21
16
23
-75
-236
-253
-111
28
26
-25
0
68
41
-10
25
161
233
176
62
-49
-14
222
552
589
284
-68
-176
-5
236
325
261
191
142
167
247
220
116
72
179
285
250
190
105
67
23
-7
31
60
76
35
71
99
37
-9
15
98
110
87
35
19
75
74
40
117
260
298
198
90
36
13
-27
-76
-30
-17
-66
-78
-64
-3
-28
-98
-93
-68
-64
-150
-146
-41
66
39
-109
-198
-267
-197
-100
-88
-196
-226
-131
-96
-210
-376
-354
-207
6
5
-133
-239
-244
-201
-111
-35
-76
-70
-26
84
119
0
-215
-297
-247
-124
-79
-166
-229
-208
-65
48
66
-57
-236
-282
-168
-9
59
11
-121
-153
-67
94
220
152
-68
-224
-128
21
147
212
208
115
-29
-102
-139
-75
2
105
189
139
-46
-169
-57
111
126
34
-63
-76
-11
71
73
-52
-34
140
246
173
73
51
86
168
207
173
91
115
105
113
247
342
318
244
232
254
235
200
214
201
128
91
146
230
218
72
-82
-121
3
89
37
-96
-117
5
108
136
73
35
40
128
176
5
-144
-130
-7
72
31
-39
-97
-104
-8
82
81
-47
-156
-135
-33
145
247
139
-125
-122
113
280
236
-9
-153
-226
-247
-140
-41
-59
-128
-111
-35
-50
-183
-331
-326
-153
-63
-49
-33
-46
-119
-121
-31
7
17
-36
-93
-125
-44
68
66
-59
-230
-326
-267
-77
37
0
-158
-268
-249
-148
-88
-86
-176
-195
-102
23
102
-33
-145
-151
-94
1
85
90
-27
-142
-114
17
56
3
-38
-16
41
66
-23
-174
-291
-247
-38
126
79
-27
-75
-56
37
56
47
-28
-122
-110
16
128
154
99
32
21
64
159
195
149
89
128
268
340
210
-1
-19
89
178
198
220
244
172
127
171
239
231
201
194
104
59
121
197
188
64
8
37
112
142
109
67
57
109
132
87
-31
-69
-29
54
99
61
23
13
20
-16
-50
-71
-124
-115
-36
-3
20
83
158
80
22
10
2
-88
-128
25
104
11
-121
-83
14
-16
-122
-187
-188
-152
-141
-111
-92
-132
-179
-219
-213
-175
-140
-104
-110
-168
-170
-94
-18
-30
-90
-124
-101
-35
-19
-62
-108
-97
-14
84
49
-88
-228
-268
-182
-88
-40
-76
-95
-57
-3
1
-3
-3
26
53
8
-36
-94
-92
-40
64
175
147
103
79
40
-36
-69
-1
57
68
-11
-58
-78
-44
-27
-60
-47
-30
-68
-94
-48
-50
-92
-83
14
95
135
91
11
-36
-48
-49
-53
4
144
240
159
3
-51
99
216
135
21
-35
0
92
114
93
80
103
168
210
141
20
-4
80
148
147
128
97
42
34
99
114
99
36
-23
17
82
100
93
25
-2
58
100
70
7
1
35
73
75
68
22
-40
-76
-80
-42
24
21
-10
-21
-21
3
-11
-35
-65
-68
-2
63
47
-16
-56
-56
-35
-7
34
74
82
70
44
9
-13
-33
-68
-50
-24
-41
-82
-98
-51
-16
-66
-143
-181
-150
-120
-127
-86
-52
-75
-118
-119
-62
1
-14
-74
-109
-110
-117
-143
-142
-90
-16
-4
-45
-94
-81
-46
-31
-28
-28
-68
-98
-95
-43
18
-6
-56
-45
-3
29
11
-24
-31
-30
-9
-14
-55
-99
-80
-46
-40
-48
-22
31
93
101
66
14
3
44
78
59
32
47
103
162
205
165
83
68
99
113
112
127
147
120
77
35
25
45
109
155
98
-55
-109
-21
130
187
67
-89
-88
92
234
177
8
-80
13
138
194
133
-36
-140
-70
102
160
36
-139
-111
50
172
69
-68
-84
-16
44
75
56
-11
-24
33
71
7
-122
-149
-42
13
14
-73
-123
-110
-24
40
56
-22
-100
-97
-19
39
13
-67
-98
-22
72
25
-68
-160
-160
-72
37
33
-39
-106
-96
-1
77
36
15
0
-5
-25
21
71
41
-50
-86
-34
-41
-9
17
9
-83
-67
15
3
-61
-69
-34
-19
-11
-1
-44
-108
-101
-2
12
21
0
15
-10
-34
9
9
-49
-60
1
-12
-17
-40
-36
-76
-77
-4
33
6
-56
-75
-73
-78
-18
69
53
-33
-39
57
84
0
-9
17
64
17
41
31
0
-26
54
112
32
-30
11
-2
-11
57
103
32
-12
34
65
18
20
80
28
-5
83
139
71
23
63
74
24
25
34
22
0
35
48
13
-33
25
70
37
7
13
2
-24
19
64
21
-40
13
97
54
-43
-32
16
23
6
24
-7
-67
-48
23
1
-67
-77
-34
-36
-34
-10
-18
-93
-60
-7
-1
-47
-27
-5
-17
-20
35
-19
-50
19
46
-32
-67
-15
23
-30
-40
-18
-62
-81
-40
26
19
1
-17
3
6
17
-10
-49
-49
-13
11
21
17
7
-22
-65
-82
-11
24
-23
-49
9
26
-1
12
50
64
40
23
3
-21
-28
23
10
-51
-94
-6
31
42
3
-53
-144
-68
27
23
-82
-53
5
11
-11
17
38
-12
-30
29
32
-19
-10
47
87
46
21
55
82
27
-22
7
39
49
19
25
51
19
-2
2
-6
-18
-37
5
18
-39
-36
-10
-5
-37
-6
30
5
-40
-13
28
45
-9
-36
-27
-9
4
-11
3
7
25
28
24
34
25
18
94
113
43
-38
5
68
44
8
37
26
-2
9
56
21
-53
-58
19
47
5
-45
-38
-32
0
52
58
-5
-62
-34
9
10
-22
-37
-37
-45
-29
31
43
-29
-74
-18
53
58
17
-14
-28
-3
45
78
19
-65
-66
10
42
10
-21
-37
-61
-57
-2
48
15
-53
-66
-14
20
0
-28
-50
-59
-46
-22
-3
-6
-10
5
14
5
-22
-38
-29
-5
6
4
-4
-2
-8
-4
-3
-5
-4
-4
-9
-20
-22
12
49
62
38
-5
-20
-2
23
14
-23
-25
-3
16
1
-26
-31
-15
1
-5
-34
-50
-42
-22
12
38
48
5
-10
29
78
59
1
-14
19
39
35
16
2
7
27
35
-11
-41
-18
27
18
-29
-53
-36
-9
29
57
50
3
-17
14
37
15
-14
13
67
77
39
6
9
28
20
2
-4
10
35
36
13
-28
-50
-23
19
23
-19
-50
-27
9
14
-3
-14
-5
3
12
0
-26
-25
13
32
-2
-49
-26
29
53
12
-43
-56
-25
16
37
14
-35
-69
-41
27
55
10
-43
-36
16
40
17
-29
-56
-37
13
37
4
-41
-30
18
34
12
-2
3
-7
-20
-12
12
7
-14
-11
13
23
16
6
-7
-29
-33
-15
-9
-30
-43
-26
-8
-28
-64
-73
-43
-13
-8
-25
-48
-57
-44
-5
20
6
-28
-35
-11
16
33
45
31
-7
-26
12
64
69
28
5
19
46
53
48
26
7
11
35
43
19
-7
7
40
57
32
-16
-46
-30
16
28
-3
-37
-30
2
23
27
21
-6
-41
-57
-24
30
47
13
-38
-46
-9
35
46
24
-14
-38
-21
21
45
29
8
19
42
31
-8
-26
2
45
48
7
-46
-66
-26
42
69
17
-64
-86
-22
55
63
7
-40
-25
27
52
31
1
-5
-1
3
-1
-7
-15
-8
16
25
-9
-60
-75
-31
17
10
-44
-76
-47
8
33
13
-30
-60
-55
-15
28
37
7
-34
-42
-8
32
34
-5
-39
-30
5
23
2
-30
-23
20
54
33
-8
-20
11
50
58
32
3
-8
7
35
55
47
11
-27
-33
-14
6
2
-15
-29
-27
-16
-9
-17
-29
-28
-11
-4
-21
-53
-57
-16
35
40
-8
-56
-52
-2
49
58
17
-33
-43
-2
49
56
11
-44
-52
-6
46
52
13
-32
-38
-4
31
32
9
2
30
62
60
19
-24
-35
-4
39
55
28
-14
-31
-7
33
43
13
-23
-23
10
38
31
-1
-31
-37
-22
-7
-4
-14
-26
-32
-22
-4
6
-3
-22
-35
-29
-7
15
16
1
-14
-4
17
30
20
7
18
47
49
13
-28
-28
6
36
31
7
-12
-17
-15
-7
3
7
2
-1
4
6
-5
-23
-30
-16
6
15
9
-5
-12
-10
-5
-5
-9
-5
6
15
10
-5
-16
-13
2
17
22
13
-10
-28
-26
-6
10
10
-2
-8
-3
3
5
6
6
3
-10
-22
-18
-1
12
6
-10
-18
-13
-3
3
3
1
-3
-10
-7
9
26
29
14
-1
-7
-6
-3
0
3
3
-5
-13
-14
-7
-4
-11
-24
-31
-29
-22
-12
-1
4
0
-13
-22
-16
-1
11
13
10
16
26
29
20
7
4
10
12
7
-4
-8
-3
10
17
10
-6
-19
-21
-6
10
14
4
-9
-12
1
13
13
-1
-18
-24
-13
10
26
21
-1
-18
-12
9
22
15
-3
-11
0
17
25
21
11
4
6
13
23
26
14
-3
-12
-3
18
28
17
1
-4
3
10
3
-13
-19
-12
0
7
9
8
6
1
-5
-7
-6
-10
-17
-21
-10
8
19
12
-6
-16
-11
4
9
1
-9
-8
0
8
5
-6
-16
-17
-13
-9
-7
-5
-6
-8
-10
-9
-5
-6
-9
-16
-19
-13
-4
1
1
-2
-2
0
5
9
7
-3
-16
-23
-20
