-4
-5
-6
-7
-8
-9
-10
-11
-11
-12
-12
-11
-12
-12
-12
-13
-11
-12
-11
-10
-8
-7
-8
-6
-5
-5
-5
-4
-4
-4
-4
-3
-3
-3
-3
-3
-4
-5
-3
-3
-3
-3
-3
-2
-3
-3
-2
-1
-1
-1
-1
-2
-4
-5
-4
-3
-3
-3
-2
-2
-2
-1
-3
-2
-3
-3
-4
-6
-7
-6
-5
-5
-5
-3
-2
0
2
4
5
7
9
9
8
9
10
10
9
8
8
8
8
8
6
5
5
5
5
5
5
5
4
5
4
4
4
3
5
4
3
2
1
0
1
-1
0
1
-1
-1
0
1
1
3
2
3
3
2
1
1
1
-2
-1
-2
-3
-3
-3
-4
-3
-3
-1
-1
-1
-2
-2
-4
-3
-4
-5
-6
-8
-9
-9
-9
-8
-9
-9
-9
-8
-7
-7
-6
-6
-5
-6
-6
-6
-5
-5
-4
-4
-3
-2
-2
-1
1
1
2
3
2
2
3
5
5
8
8
10
11
10
12
12
13
13
13
13
12
12
10
10
10
9
7
8
8
8
7
7
7
7
7
6
4
4
3
3
2
0
-1
-1
-3
-4
-4
-3
-3
-3
-4
-5
-5
-7
-8
-8
-9
-11
-11
-11
-11
-12
-12
-10
-9
-10
-9
-9
-8
-8
-6
-6
-6
-5
-5
-4
-3
-4
-2
-2
0
0
1
2
2
3
4
4
5
5
6
6
6
5
7
6
6
5
4
3
1
3
2
1
1
3
3
2
2
1
-1
-1
-2
-3
-2
-2
-3
-4
-4
-5
-5
-6
-7
-6
-5
-6
-7
-7
-8
-8
-8
-8
-8
-6
-6
-7
-6
-5
-5
-4
-3
-2
-2
-4
-3
-3
-2
-2
-1
0
1
1
1
2
5
4
5
5
5
5
4
4
4
4
4
4
4
6
7
8
9
7
8
6
7
7
7
7
7
7
7
5
6
6
8
9
11
12
11
12
12
14
13
13
13
12
13
12
12
10
9
8
9
7
6
5
5
4
2
0
-3
-3
-5
-6
-9
-9
-10
-10
-11
-11
-11
-11
-12
-12
-13
-14
-14
-13
-13
-15
-13
-14
-12
-12
-12
-12
-10
-7
-9
-6
-6
-5
-5
-5
-4
-3
-3
-4
-2
-2
0
0
0
0
0
-1
-2
1
0
-1
-1
-2
-3
-3
-2
-3
-2
-2
-3
-2
-3
-1
-1
1
0
1
1
2
1
2
3
2
3
3
2
2
0
0
0
-1
-1
-3
-3
-4
-4
-3
-2
-4
-4
-3
-3
-2
-3
-3
-5
-5
-6
-6
-6
-5
-4
-2
-1
0
2
2
3
3
4
5
5
6
8
7
7
10
12
12
13
14
15
15
17
18
19
20
19
19
19
19
18
17
16
14
13
13
11
11
9
8
6
5
6
5
3
3
4
4
5
5
3
2
1
0
-1
-1
-3
-5
-6
-7
-7
-8
-8
-8
-8
-9
-9
-11
-11
-13
-13
-13
-14
-14
-14
-15
-15
-15
-14
-13
-10
-10
-9
-9
-8
-7
-6
-6
-6
-7
-7
-7
-7
-6
-6
-5
-5
-6
-6
-4
-5
-3
-3
-3
-4
-4
-2
-2
-3
-2
-2
-1
-1
-1
-1
-1
1
2
2
3
4
3
3
4
4
3
2
4
3
4
4
4
4
3
2
3
2
3
2
2
2
0
-1
-2
-3
-3
-3
-1
-1
0
3
2
3
2
-1
-1
-1
-3
-3
-2
-3
-2
-3
-3
-2
-2
-1
0
0
1
2
2
2
2
3
3
4
4
4
5
5
5
7
9
9
11
11
12
11
10
12
11
11
11
11
11
11
10
9
8
8
7
8
6
5
4
3
3
3
4
3
3
1
1
0
-1
-3
-4
-5
-8
-8
-7
-9
-10
-11
-12
-13
-14
-13
-13
-12
-13
-12
-11
-9
-10
-9
-8
-8
-6
-6
-6
-5
-4
-3
-2
-1
0
0
1
2
4
3
4
3
1
3
2
3
2
3
2
2
2
2
2
2
2
1
1
0
1
0
-1
0
0
0
-1
0
0
0
1
2
3
3
4
3
4
4
4
3
3
0
-2
-3
-3
-5
-6
-6
-7
-7
-6
-6
-5
-5
-4
-3
-4
-4
-3
-4
-4
-4
-4
-4
-4
-4
-3
-2
-2
-2
-1
1
1
2
1
3
4
4
5
6
6
6
7
7
7
7
7
9
8
8
8
8
8
9
9
8
6
7
6
4
5
5
4
4
3
2
1
-1
-1
0
-1
0
-1
-1
-1
-2
-3
-3
-5
-6
-6
-8
-8
-9
-11
-11
-11
-11
-11
-8
-8
-5
-4
-4
-4
-4
-3
-4
-5
-5
-5
-5
-4
-3
-1
-1
1
2
3
4
6
8
8
9
9
9
8
9
9
9
9
9
7
8
8
8
7
6
6
6
5
5
5
6
4
4
4
3
4
3
3
2
1
0
0
-2
-1
-2
-3
-2
-3
-2
-2
-2
-1
0
-1
-2
-2
-4
-4
-6
-7
-7
-7
-7
-8
-9
-11
-12
-12
-11
-10
-11
-12
-11
-12
-11
-12
-12
-12
-12
-11
-10
-10
-10
-10
-9
-8
-8
-8
-8
-7
-6
-6
-5
-5
-3
-3
-2
-1
0
0
2
4
5
6
7
7
9
10
11
13
14
16
15
15
16
18
18
22
21
20
19
21
19
19
17
18
16
14
14
12
11
11
12
10
9
7
7
6
6
6
6
5
4
3
3
1
1
0
-1
-2
-2
-3
-4
-5
-6
-8
-9
-10
-10
-12
-13
-13
-13
-14
-15
-14
-15
-15
-15
-16
-16
-17
-16
-16
-14
-13
-13
-13
-11
-11
-10
-9
-11
-11
-11
-12
-10
-9
-9
-9
-7
-5
-4
-3
-2
0
1
1
0
2
2
1
2
1
1
2
3
3
2
2
3
3
5
5
4
4
5
4
4
6
5
5
5
5
5
6
4
4
4
3
3
4
5
3
4
4
5
7
7
9
10
11
11
10
10
9
8
8
7
7
6
6
4
4
5
4
4
4
5
2
3
3
2
2
2
2
2
1
1
1
2
2
2
1
1
1
0
1
0
-1
-3
-4
-5
-5
-4
-3
-4
-5
-5
-4
-4
-3
-3
-4
-3
-1
0
0
1
1
2
3
2
3
4
4
4
2
2
2
2
2
2
2
1
2
2
2
2
0
-1
0
-1
-2
-1
-2
-2
-2
-1
-1
-1
-1
-3
-3
-4
-6
-7
-8
-9
-11
-12
-11
-13
-13
-13
-13
-13
-13
-12
-12
-12
-12
-13
-14
-14
-16
-17
-17
-16
-18
-17
-16
-14
-13
-11
-10
-9
-5
-4
-2
-1
0
1
0
2
3
4
5
6
6
6
8
9
10
9
10
11
12
13
14
15
16
17
16
17
17
17
18
21
21
22
22
22
20
20
21
20
18
16
14
12
12
10
9
8
8
7
7
6
5
4
4
4
4
2
1
0
-1
-1
-1
-2
-3
-5
-6
-8
-8
-10
-12
-13
-14
-16
-17
-17
-20
-20
-19
-20
-19
-21
-19
-18
-18
-16
-16
-14
-12
-10
-8
-6
-7
-5
-3
0
0
2
3
4
6
7
8
9
10
10
12
13
13
13
14
13
12
13
13
13
11
11
11
10
7
5
4
3
2
0
-1
-1
-3
-5
-5
-6
-8
-8
-10
-11
-12
-14
-14
-15
-16
-15
-15
-15
-15
-14
-13
-13
-11
-11
-9
-8
-7
-5
-4
-3
0
1
2
2
3
4
5
6
6
8
7
7
8
8
9
11
10
10
10
10
8
9
9
8
7
8
6
5
6
6
5
8
8
10
10
11
10
9
9
9
9
9
9
8
8
6
4
4
1
0
-1
-2
-4
-6
-7
-8
-9
-8
-8
-8
-8
-7
-8
-7
-6
-8
-7
-7
-9
-9
-9
-8
-7
-6
-6
-7
-6
-7
-5
-4
-3
-2
0
1
1
1
1
1
1
1
-1
1
0
0
0
-1
-1
-2
0
1
3
4
3
2
3
0
0
0
-2
-2
-1
-1
-2
-1
-1
0
-1
-2
-2
-2
-2
-3
-3
-4
-3
-3
-2
-4
-4
-4
-2
-2
-1
0
1
2
2
1
3
3
4
6
6
5
6
5
5
5
5
6
6
5
5
3
3
3
4
4
4
2
0
-1
-1
-1
0
-1
-1
-1
-2
-2
0
0
-1
1
1
1
-1
-1
-1
-2
-1
-2
-2
-4
-4
-5
-7
-7
-7
-5
-5
-4
-3
-4
-3
-3
0
0
-1
-1
0
2
4
6
7
7
7
9
8
7
6
8
9
8
6
5
3
4
5
6
5
3
1
-1
-2
1
2
4
5
3
3
2
3
2
0
-2
-2
-3
-3
-3
-3
-4
-7
-9
-10
-8
-5
-3
-1
-4
-9
-9
-9
-8
-8
-7
-10
-12
-14
-14
-13
-11
-8
-6
-5
-4
-6
-5
-4
-2
1
1
0
-1
0
0
2
1
4
5
8
12
14
13
8
9
10
8
8
8
7
7
3
-3
-8
-9
-7
-5
-4
-6
-6
-8
-6
-3
0
3
4
4
6
7
7
1
-4
-8
-8
-7
-6
-4
0
5
7
7
6
5
7
13
14
12
10
8
7
5
5
7
10
14
18
21
21
18
18
17
18
16
14
10
8
6
4
2
-3
-6
-11
-12
-14
-13
-12
-11
-8
-5
-2
-7
-14
-20
-25
-22
-18
-17
-18
-19
-21
-25
-26
-25
-22
-16
-14
-13
-15
-17
-15
-11
-5
-1
0
-2
-3
-4
-4
-4
-3
0
3
7
8
7
7
8
10
11
8
5
3
6
9
8
5
-1
0
5
9
10
12
15
19
20
24
27
29
26
21
12
7
9
13
19
21
16
10
-1
-6
-1
5
14
15
11
1
-5
-7
-2
1
1
-3
-7
-12
-18
-17
-16
-10
-6
-9
-14
-19
-15
-11
-8
-5
-6
-7
-13
-19
-19
-18
-16
-16
-16
-17
-12
-2
-11
-21
-23
-16
-5
-4
5
5
5
3
-10
-22
-19
-7
10
16
6
2
-1
-3
-1
8
15
18
20
22
9
-2
-4
1
7
7
21
24
10
-11
-14
-6
-6
3
11
9
15
8
-10
-27
-22
14
21
16
12
7
14
-3
0
15
9
14
14
9
9
17
26
20
7
16
8
-9
-17
-12
-2
6
10
11
-2
4
14
10
4
-11
0
7
19
20
11
8
-1
2
11
13
19
26
24
5
-3
-5
-18
-22
-3
17
16
4
-13
-19
-13
1
-2
-22
-9
-4
4
4
-14
-14
-30
-30
-20
-15
-17
-23
-17
-9
-14
-30
-41
-32
-21
10
5
-20
-25
-27
-12
-17
-16
-9
-13
-14
-7
7
26
23
3
11
14
8
9
1
5
-5
3
8
-29
-30
-6
25
15
12
-4
-16
-12
10
17
-11
-2
9
6
-2
-11
2
5
-11
-10
-15
27
9
23
20
-11
8
-9
0
3
27
58
16
8
2
-1
10
-19
1
-5
19
34
26
12
18
20
-5
-39
-10
9
18
17
4
-28
-33
-13
-42
-21
-22
16
18
0
-16
-13
14
47
31
8
-25
-20
30
6
-7
19
35
31
3
-32
-35
-9
36
19
8
18
24
-5
-28
-36
-11
36
37
43
17
-24
-9
-7
-6
4
12
34
25
23
-36
-48
-15
-4
12
-17
5
-4
-5
-7
-57
-15
-27
-31
15
-21
19
29
20
-28
-41
18
-20
-7
73
57
65
27
-24
-39
-42
11
23
-3
14
11
-9
-25
-69
-11
-7
0
-2
-65
-63
-53
-46
4
-18
8
-21
-19
-4
-81
-12
17
16
26
-20
-35
-32
45
67
-8
4
13
32
1
-40
1
-1
41
58
26
-1
-2
47
18
-25
-43
1
44
78
118
53
-2
14
8
0
-75
-26
66
57
54
-5
-39
-33
-15
61
10
-27
102
58
1
-33
-48
-14
-18
9
21
-76
-41
-10
-9
10
12
97
90
53
-13
-100
-124
-94
-48
-5
-60
66
67
19
-45
-152
-78
-55
-18
29
23
54
52
-41
-78
-138
-80
4
50
44
31
-27
-4
6
1
19
-43
26
46
-31
-55
-48
25
85
63
60
-9
21
28
-35
-51
-10
44
102
79
44
41
31
-1
-57
-17
13
26
83
101
56
16
-27
-59
-110
-44
-16
12
28
26
79
-6
-6
19
-43
-49
-45
-37
-26
-47
50
71
-6
-24
-76
-59
6
3
26
18
42
62
-43
-75
-55
16
48
20
-9
-1
21
7
9
17
-17
61
35
-5
-82
-110
-14
-23
23
-1
-13
6
30
-15
-66
-45
12
57
72
0
19
11
28
-5
-91
-12
-14
42
25
49
88
65
78
16
-60
-3
-10
-28
-29
-36
-19
-104
-75
-49
4
45
58
27
9
-4
-40
-52
-53
-7
17
7
27
9
-28
-32
-49
-50
-33
5
90
72
44
-47
-112
-93
-78
-28
17
63
96
103
9
-61
-102
-21
33
64
49
16
-15
-23
-30
-11
14
104
107
41
23
-18
-18
-10
36
88
65
69
18
-78
-80
-81
-22
16
73
68
69
38
6
-57
-90
-68
33
61
2
-65
-70
-12
20
44
25
70
82
43
-43
-19
-10
74
65
45
2
-91
-118
-128
-46
59
59
77
93
55
34
-52
-52
-46
-33
-10
-20
-33
-6
-3
-11
40
28
-38
-66
-33
62
22
1
14
-17
-6
-16
-74
-43
-27
-14
-51
-31
36
31
4
-21
9
-18
-25
-29
-44
-37
-64
-79
-68
-55
-33
-45
-26
12
36
14
38
34
47
60
-4
-3
27
17
-1
-50
-25
9
-27
-15
-111
-104
-18
16
71
49
72
69
28
29
52
89
164
156
87
25
-22
-36
-76
-80
-31
2
10
30
-9
9
12
30
59
74
75
47
13
1
-16
-54
-55
-39
-21
-17
-23
-30
-3
-1
32
42
39
55
31
6
-4
-44
-56
-58
-17
73
44
-16
-45
-24
-3
-41
-65
-24
-9
15
24
1
21
73
39
18
-40
-35
11
-31
57
49
36
17
-35
-29
-56
-92
-81
-86
-36
28
16
90
121
95
60
-12
-22
-29
-56
-29
-72
-26
37
-76
-153
-141
-7
80
81
57
29
38
92
52
-57
-81
-19
-62
-202
-193
-121
-31
-14
-24
-14
-23
16
82
53
111
126
96
108
51
75
-21
-108
-76
-105
-94
-99
-35
81
56
13
-48
-34
-20
1
32
115
189
156
114
66
62
0
-86
-19
50
70
62
-32
-23
-92
-131
-132
-138
-52
-13
31
75
120
86
-27
-60
1
30
-35
-53
14
-41
-40
22
122
216
129
110
50
42
96
-31
-68
-21
28
-18
-180
-147
-58
-31
-28
-12
25
98
151
112
38
6
55
8
-27
-36
-79
-65
-39
86
120
56
98
32
1
-97
-176
-147
-168
-71
-84
-108
-40
-27
-47
-166
-143
-45
27
146
221
317
343
258
116
-32
-84
-141
-229
-214
-166
-117
-123
-156
-169
-159
-144
-52
-77
42
160
198
293
257
265
150
24
4
-70
-64
-35
-80
-38
-91
-24
-49
-22
34
29
49
-21
32
14
66
1
-123
-122
-120
-2
-14
-80
-14
-54
9
22
15
184
175
240
165
29
5
-146
-98
-87
-106
-92
-152
-59
-48
-78
-86
-115
23
77
118
155
125
178
120
59
-8
-82
-51
-72
-34
60
39
45
26
21
23
-37
33
87
57
40
0
-17
-37
-26
-6
-38
-49
-7
53
101
176
210
153
109
27
-16
37
12
37
-72
-95
-86
-149
-162
-241
-188
-148
-98
-43
-34
-16
-4
21
69
106
79
27
16
-25
-70
-149
-113
-21
-3
30
-14
32
54
3
95
57
56
47
-107
-113
-213
-186
-166
-256
-79
-15
36
161
210
382
259
182
252
122
215
156
66
30
-177
-152
-244
-276
-124
-103
-2
67
78
90
50
52
94
20
-45
-52
-95
-75
-80
-55
72
87
86
24
34
133
184
210
67
-11
-71
-107
-176
-286
-200
-222
-205
-207
-185
-39
-44
56
70
102
225
253
247
201
129
24
-53
-69
-122
-164
-193
-145
-74
-23
179
150
140
131
13
61
-14
20
-23
-214
-95
-90
-130
-5
5
144
131
93
195
62
119
216
123
96
72
31
-32
-201
-264
-251
-261
-141
-103
-167
-54
12
-2
46
-21
-18
-4
-62
74
41
63
219
92
76
28
13
95
-24
-24
-96
-73
107
91
176
157
85
-39
-224
-159
-182
-93
37
87
224
121
93
-10
-133
-46
-154
-15
124
226
342
228
239
83
-86
-54
-60
2
0
-26
-35
-57
-102
-187
-229
-288
-169
-140
-42
95
-17
52
-36
-8
67
6
184
53
-24
-76
-205
-154
-247
-119
-30
21
153
45
50
-59
-70
-63
-132
12
11
-34
-45
-37
-76
-150
-209
-130
-17
-18
181
228
242
348
122
52
-60
-96
98
-14
-19
-29
-75
103
189
193
138
81
13
-8
-1
17
142
53
73
6
-58
25
-75
-15
-87
-24
90
19
174
9
7
62
-17
223
92
208
173
-132
-106
-368
-289
-169
-131
152
104
182
171
5
23
-104
-63
-56
-68
-76
-258
-217
-185
-37
185
245
443
367
197
127
-183
-194
-280
-376
-189
-245
-44
-15
-172
-100
-329
-301
-200
-166
63
-4
102
81
-18
-22
-199
-122
-190
-97
28
78
336
284
333
189
-52
-21
-197
-87
-35
-46
102
32
184
241
169
177
97
72
110
123
166
296
261
379
392
226
269
27
83
176
97
294
137
205
255
145
318
168
209
170
-46
-22
-117
24
56
-20
-24
-217
-262
-345
-363
-376
-463
-391
-458
-452
-412
-471
-468
-541
-505
-500
-596
-569
-629
-649
-621
-675
-602
-699
-722
-671
-803
-672
-601
-514
-136
121
519
843
867
1054
894
645
586
243
215
287
272
500
389
448
610
491
537
282
81
183
228
408
555
741
1022
1208
1363
1463
1463
1334
1276
1081
824
581
171
-58
-285
-402
-446
-504
-303
-265
-200
-58
35
152
11
-122
-294
-532
-688
-921
-1069
-1197
-1279
-1235
-1141
-919
-767
-681
-687
-711
-802
-917
-975
-1185
-1345
-1626
-1692
-1587
-1610
-1505
-1316
-605
381
1316
2240
2655
2667
2042
1021
203
-364
-156
52
55
-47
-413
-589
-806
-766
-452
-179
187
410
559
814
1210
1751
2200
2506
2572
2413
2076
1634
1125
583
143
-175
-329
-456
-451
-327
-263
-97
-113
-63
177
271
515
487
320
104
-431
-839
-1301
-1588
-1604
-1592
-1412
-1183
-834
-508
-245
-131
-271
-495
-814
-945
-1057
-1092
-1096
-1355
-1550
-1869
-1990
-2101
-2002
-1206
-433
751
1618
2268
3009
2792
2430
1333
482
596
247
107
-526
-1043
-993
-1368
-1210
-1047
-580
224
397
560
716
1137
1717
2284
2952
3307
3307
2920
2408
1592
585
-264
-954
-1143
-1152
-1011
-818
-619
-262
-135
115
432
735
1036
1048
1118
952
487
-152
-1031
-1717
-2275
-2572
-2489
-2206
-1690
-1150
-598
-123
145
246
167
-2
-328
-576
-752
-974
-1224
-1663
-1991
-2236
-2318
-1840
-1164
-303
662
1441
2214
2751
2862
2347
1291
676
519
215
-112
-475
-791
-1057
-1338
-1313
-1054
-520
190
437
447
637
1054
1646
2252
2910
3248
3095
2787
2229
1403
428
-542
-1173
-1405
-1278
-1050
-850
-595
-403
-199
71
476
892
1091
1197
1118
893
447
-381
-1296
-2060
-2539
-2740
-2601
-2131
-1540
-1007
-558
-115
142
273
306
113
-158
-467
-699
-991
-1359
-1713
-2102
-2326
-2322
-1758
-976
-287
641
1345
2125
2833
2977
2609
1520
958
760
313
75
-401
-661
-925
-1269
-1190
-1080
-451
222
299
221
236
740
1464
2318
3189
3510
3342
2981
2422
1615
649
-376
-1062
-1342
-1341
-1122
-959
-685
-536
-492
-131
315
934
1326
1466
1524
1109
592
-356
-1444
-2184
-2882
-3065
-2887
-2323
-1477
-862
-176
266
412
470
347
138
-285
-631
-880
-1157
-1487
-1962
-2367
-2726
-2492
-1643
-915
-57
723
1348
2109
2659
3064
2762
1855
1490
1031
395
-1
-515
-751
-1038
-1344
-1215
-1085
-467
253
164
5
153
761
1820
2895
3833
4148
3708
3086
2349
1416
413
-610
-1344
-1630
-1580
-1334
-1045
-747
-493
-266
105
658
1218
1632
1758
1545
1005
181
-853
-1880
-2654
-3246
-3490
-3243
-2630
-1861
-1159
-425
213
572
692
526
171
-391
-822
-1136
-1551
-1855
-2390
-2824
-3074
-2868
-1895
-1188
-264
624
1197
2208
2877
3351
2896
1802
1426
817
358
-14
-493
-669
-1058
-1190
-1197
-987
-145
443
385
103
273
972
2054
3275
4182
4367
3844
3280
2495
1526
530
-545
-1169
-1465
-1338
-1002
-703
-263
-97
47
332
861
1467
1787
1966
1719
1204
325
-806
-1825
-2818
-3362
-3613
-3368
-2655
-2052
-1228
-559
18
502
544
590
276
-179
-521
-1008
-1320
-1842
-2474
-2932
-3270
-2853
-2070
-1329
-463
129
785
1723
2516
2965
2419
1703
1429
859
513
167
-221
-336
-758
-1011
-1095
-922
-110
180
-128
-346
-133
713
1935
3312
4305
4416
3926
3321
2484
1445
490
-379
-876
-997
-900
-644
-439
-237
-167
-178
96
699
1322
1715
1929
1823
1370
537
-541
-1520
-2495
-3143
-3301
-3060
-2479
-2058
-1613
-1092
-660
-179
155
339
334
118
-191
-698
-1260
-1904
-2479
-3032
-3380
-2893
-2239
-1378
-500
-135
309
770
1487
2177
1898
1586
1579
1492
1540
1244
691
157
-612
-1101
-1339
-1395
-658
-131
-359
-608
-676
18
1349
2672
3879
4340
4072
3682
3082
2232
1323
403
-324
-712
-882
-761
-553
-504
-465
-454
-202
401
1051
1565
1817
1807
1537
904
-72
-1028
-1870
-2608
-2873
-2772
-2385
-1915
-1690
-1285
-928
-652
-203
16
107
-38
-455
-694
-1092
-1618
-2097
-2626
-2773
-2288
-1525
-793
-246
-86
6
278
885
1681
1828
1524
1434
1359
1384
1254
808
339
-339
-915
-1142
-1082
-462
152
1
-510
-741
-238
1034
2456
3663
4282
4022
3460
2844
2124
1374
562
-146
-583
-774
-711
-522
-530
-654
-765
-760
-318
382
1089
1784
2085
2029
1575
511
-574
-1529
-2324
-2629
-2651
-2243
-1873
-1772
-1529
-1482
-1172
-822
-583
-249
-384
-370
-469
-734
-974
-1694
-2072
-2522
-2360
-1421
-766
119
299
267
292
242
806
960
857
508
269
812
1355
1890
1708
942
127
-717
-1066
-984
-237
489
493
-73
-644
-454
385
1604
2592
3183
3292
2915
2620
2101
1617
1026
331
-43
-412
-500
-590
-697
-756
-906
-795
-556
-11
515
924
1340
1384
1170
497
-317
-946
-1437
-1665
-1803
-1784
-1769
-1793
-1656
-1561
-1390
-1188
-1070
-958
-948
-753
-494
-480
-594
-1128
-1653
-1858
-1892
-1203
-535
-32
329
80
117
250
524
854
695
592
488
836
1769
2346
2409
1731
649
-260
-843
-941
-493
281
640
284
-505
-963
-622
357
1666
2813
3550
3635
3313
2874
2251
1646
997
518
155
-230
-516
-834
-981
-1195
-1435
-1375
-1019
-235
578
1255
1572
1359
714
-238
-910
-1322
-1494
-1444
-1479
-1504
-1681
-1788
-1844
-1958
-1852
-1831
-1520
-1068
-680
-199
-118
-367
-1022
-1624
-1926
-2058
-1461
-708
99
717
621
429
-20
-185
-76
25
447
657
1223
2076
2472
2534
1828
666
-283
-958
-1138
-658
326
1193
1172
209
-836
-1375
-850
594
2241
3752
4326
4070
3491
2626
1907
1230
674
326
-57
-437
-822
-994
-1206
-1515
-1620
-1429
-725
104
891
1383
1235
786
-41
-786
-1141
-1330
-1245
-1141
-1119
-1348
-1820
-2114
-2396
-2496
-2280
-1913
-1246
-614
-222
-55
-279
-710
-1302
-1716
-1775
-1728
-1137
-386
201
677
472
109
-175
-378
26
547
1145
1566
1699
2245
2446
2148
1521
373
-359
-624
-622
-55
750
1400
1172
-121
-1412
-1901
-1194
559
2542
4165
4750
4211
3293
2274
1503
1062
768
630
363
-116
-761
-1302
-1696
-2032
-1987
-1604
-813
69
812
1267
1072
682
-83
-795
-1073
-1268
-1062
-987
-1094
-1451
-2236
-2660
-2948
-2832
-2224
-1585
-671
-26
205
285
-36
-656
-1291
-1772
-1881
-1717
-1210
-354
252
603
484
104
22
154
880
1554
1852
1854
1602
1781
1900
1859
1475
569
-11
-525
-697
-282
355
1066
866
-126
-1146
-1539
-745
886
2854
4330
4635
3954
2845
1769
985
598
454
366
69
-481
-1174
-1772
-2019
-2123
-1909
-1373
-648
168
615
783
491
-184
-860
-1370
-1291
-1090
-873
-745
-1133
-1722
-2414
-2678
-2409
-1962
-1267
-705
-213
37
-9
-154
-506
-867
-1386
-1621
-1588
-1464
-758
-192
425
889
768
805
635
900
1619
2081
2625
2530
1988
1560
979
526
181
-81
45
196
73
102
229
433
558
151
-269
-377
52
1267
2687
3796
3906
3014
1843
777
267
291
527
706
386
-490
-1521
-2215
-2363
-2160
-1662
-1022
-483
-45
125
31
-285
-754
-1204
-1473
-1364
-1125
-906
-882
-1237
-1717
-2124
-2108
-1750
-1187
-606
-270
-69
-211
-488
-758
-943
-1042
-1279
-1198
-1190
-1118
-788
-504
302
828
1337
1769
1810
1991
1985
2281
2367
1950
1479
984
993
1031
1018
813
372
99
-449
-585
-159
776
1596
1349
529
-416
-735
-118
1245
2854
3584
3218
1984
741
49
-129
133
360
420
21
-704
-1427
-1899
-2080
-2160
-1882
-1440
-844
-358
-320
-524
-1166
-1792
-2180
-2091
-1531
-1054
-634
-615
-867
-1192
-1436
-1259
-1033
-650
-293
-213
-224
-490
-723
-856
-1100
-1320
-1395
-1310
-934
-554
-23
843
1337
1769
1788
1510
1631
1700
2233
2749
2696
2288
1467
1012
614
332
477
539
667
532
259
67
249
590
403
108
-209
-184
272
1045
2035
2507
2324
1428
566
307
396
891
1234
1218
607
-471
-1431
-2156
-2272
-2005
-1582
-1171
-1016
-1051
-1384
-1674
-2007
-2133
-1893
-1484
-830
-400
-120
-138
-460
-804
-1115
-898
-553
-290
-44
-257
-582
-1082
-1371
-1336
-1253
-983
-881
-752
-706
-680
-440
-4
635
1094
1474
1627
1564
1416
1490
2033
2296
2136
1718
1417
1229
861
649
455
442
489
85
-148
-99
419
723
317
-165
-637
-650
-165
708
1717
2208
1964
1306
755
578
831
1295
1467
1181
390
-561
-1401
-1972
-2186
-2196
-1901
-1624
-1523
-1595
-1875
-2080
-2168
-2043
-1660
-976
-216
170
316
82
-277
-404
-377
-133
-18
15
-102
-530
-955
-1233
-1195
-909
-729
-698
-603
-646
-637
-514
-371
110
681
1217
1580
1649
1601
1625
2003
2540
2480
2225
2181
2049
1659
1043
503
174
118
52
-116
-47
496
713
93
-868
-1575
-1499
-705
410
1523
2069
1908
1208
521
474
1026
1897
2418
2196
1192
-198
-1394
-2190
-2534
-2387
-1967
-1584
-1467
-1778
-2354
-2866
-2999
-2581
-1747
-721
126
451
289
-157
-575
-675
-393
170
655
690
319
-319
-981
-1352
-1273
-916
-564
-415
-460
-756
-1069
-1129
-972
-395
333
900
1278
1345
1297
1183
1512
2235
2611
2469
1970
1782
1661
1241
784
446
410
434
230
-120
-296
-19
-52
-852
-1710
-2012
-1529
-536
466
1161
1362
1205
932
750
1081
1722
2287
2457
1909
794
-450
-1344
-1783
-1867
-1674
-1535
-1531
-1698
-2097
-2575
-2833
-2444
-1709
-918
-199
122
205
66
-76
57
335
828
1166
1142
798
190
-305
-699
-786
-555
-380
-323
-479
-691
-970
-1147
-984
-753
-235
288
636
909
1037
1074
1250
1768
2269
2177
1677
1668
1873
1965
1694
1093
739
538
210
-300
-746
-473
-170
-673
-1692
-2530
-2464
-1662
-607
306
808
835
662
531
713
1360
2053
2514
2430
1631
491
-576
-1061
-1158
-1135
-1083
-1240
-1498
-1940
-2399
-2659
-2599
-2075
-1464
-850
-374
-215
-160
-121
82
413
842
1334
1537
1359
873
267
-240
-505
-452
-190
-24
-65
-305
-724
-1076
-1306
-1212
-772
-327
170
357
300
274
231
671
1279
1958
2135
1719
1641
1666
1588
1276
1021
968
750
359
-353
-947
-899
-720
-1030
-1727
-2160
-2114
-1596
-921
-406
-69
141
290
421
836
1402
1842
2083
1983
1511
751
165
-107
-202
-162
-310
-665
-1137
-1636
-2001
-2239
-2162
-1770
-1404
-1064
-751
-453
-165
57
391
781
1153
1456
1447
1167
800
448
145
-10
96
230
261
-10
-391
-792
-1047
-1059
-931
-642
-419
-275
-218
-261
-225
-3
544
1215
1588
1411
1079
1386
1711
1605
1230
915
857
688
351
-209
-535
-236
-244
-908
-1717
-2099
-1956
-1489
-877
-541
-471
-476
-250
142
686
1209
1483
1692
1669
1443
1027
796
824
706
427
-81
-588
-1035
-1352
-1428
-1519
-1516
-1480
-1458
-1173
-790
-394
-155
24
243
432
705
868
829
681
611
507
343
249
273
334
203
-94
-467
-718
-768
-794
-593
-475
-401
-349
-602
-590
-496
-187
281
627
1008
699
380
713
967
1150
964
769
639
431
297
-81
-110
317
306
-455
-1374
-1846
-1697
-1138
-689
-574
-672
-735
-671
-369
311
823
1101
1354
1407
1215
893
780
820
825
687
221
-330
-675
-825
-855
-817
-815
-906
-1032
-979
-739
-489
-271
-131
-33
119
268
393
439
450
434
411
362
281
255
222
200
47
-151
-284
-419
-360
-89
-2
-131
-432
-663
-670
-474
-87
302
554
626
174
-194
170
617
900
874
758
666
474
335
175
330
868
759
-65
-956
-1395
-1267
-809
-295
-87
-232
-489
-663
-401
260
699
991
1148
1135
853
471
331
365
617
734
436
69
-245
-401
-308
-192
-209
-480
-685
-674
-585
-309
-136
-131
-70
-9
-1
-28
-39
19
24
10
-50
-210
-123
17
52
49
-79
-279
-492
-538
-310
-172
-162
-314
-692
-769
-577
-312
129
407
454
-36
-690
-580
-220
300
612
466
308
19
-184
-348
-257
451
800
386
-460
-1170
-1242
-781
-81
432
573
407
133
3
204
540
794
1040
1135
990
588
172
124
296
583
615
432
229
-48
-122
-139
-62
35
-33
-5
70
186
223
94
22
-50
-56
-2
5
-66
-204
-387
-526
-496
-392
-188
-89
-105
-233
-585
-762
-846
-637
-243
-149
-216
-545
-670
-598
-452
-93
106
298
80
-476
-669
-379
197
403
264
18
-215
-336
-513
-491
-64
532
561
-38
-619
-843
-499
113
765
1119
991
699
371
358
555
765
969
1027
1010
680
227
-2
117
422
515
524
401
253
210
203
301
356
444
460
452
514
392
208
31
-50
-64
-60
28
-12
-193
-423
-703
-794
-692
-529
-358
-330
-481
-696
-921
-1052
-949
-620
-248
-141
-249
-476
-703
-645
-393
-160
134
286
45
-494
-784
-598
-330
-171
-213
-384
-462
-522
-637
-584
-153
397
520
246
-95
-242
-21
419
889
1159
1079
781
416
289
363
418
505
612
668
502
186
13
46
224
435
603
736
780
710
559
442
442
452
469
523
548
454
247
0
-222
-277
-191
-100
-137
-354
-628
-867
-884
-745
-567
-399
-452
-581
-788
-955
-990
-907
-518
-265
-156
-163
-429
-573
-635
-438
-112
65
208
-196
-776
-959
-810
-451
-301
-217
-114
-103
-139
-332
-357
116
698
860
611
326
239
360
609
928
1085
996
722
358
240
257
295
385
494
652
612
490
422
395
532
717
934
1065
992
825
607
528
524
468
458
506
554
460
180
-135
-371
-481
-451
-416
-423
-494
-699
-853
-900
-832
-669
-643
-648
-817
-1012
-1001
-1090
-968
-735
-504
-293
-448
-574
-773
-838
-573
-532
-418
-381
-596
-881
-1118
-856
-469
-201
1
-49
-75
-157
-266
-190
182
742
933
745
476
294
292
469
764
980
1003
781
480
362
390
491
586
769
990
1018
951
840
761
782
820
919
1004
1009
922
738
669
637
552
493
462
452
323
89
-170
-460
-633
-684
-645
-511
-468
-562
-790
-961
-985
-976
-901
-850
-845
-844
-933
-1076
-1197
-1136
-937
-785
-722
-843
-990
-1080
-1100
-1074
-945
-644
-501
-593
-687
-588
-242
77
217
212
241
358
353
354
523
853
1092
1043
785
514
444
559
721
912
992
850
637
559
615
701
791
908
1024
1083
1057
961
923
948
947
950
1049
1145
1108
982
860
723
528
325
181
105
72
-35
-273
-543
-793
-928
-935
-845
-748
-783
-911
-1097
-1241
-1279
-1268
-1180
-1087
-1089
-1178
-1362
-1488
-1581
-1568
-1373
-1192
-1060
-1070
-1144
-1141
-1117
-963
-750
-503
-249
-206
-213
-171
-14
186
303
461
582
632
604
545
647
862
1052
1107
1063
1012
961
953
1005
1113
1182
1217
1172
1089
1060
1014
991
1002
1074
1161
1203
1263
1221
1081
979
934
989
1026
1002
867
661
498
277
29
-134
-223
-302
-424
-588
-776
-955
-1066
-1097
-1092
-1081
-1120
-1254
-1383
-1483
-1529
-1517
-1506
-1522
-1595
-1629
-1625
-1653
-1671
-1618
-1464
-1279
-1181
-1146
-1130
-1052
-901
-749
-562
-339
-132
-29
-43
-17
103
282
497
665
784
856
875
906
1046
1313
1535
1571
1480
1362
1271
1227
1232
1265
1316
1303
1210
1116
1034
974
941
1012
1137
1211
1232
1153
1038
975
954
955
942
933
843
659
491
306
96
-112
-275
-384
-466
-537
-658
-799
-927
-1048
-1167
-1273
-1338
-1405
-1478
-1545
-1620
-1661
-1681
-1705
-1719
-1716
-1692
-1688
-1692
-1677
-1625
-1496
-1327
-1197
-1117
-1020
-900
-787
-673
-534
-348
-129
51
141
192
324
509
665
825
1018
1181
1254
1274
1317
1404
1505
1565
1549
1498
1444
1370
1301
1289
1313
1315
1287
1230
1169
1114
1093
1112
1152
1170
1113
1020
972
948
897
809
693
569
425
275
140
16
-107
-253
-392
-489
-585
-721
-881
-1028
-1143
-1254
-1365
-1457
-1526
-1578
-1651
-1728
-1767
-1782
-1791
-1786
-1769
-1741
-1728
-1735
-1724
-1664
-1543
-1405
-1289
-1180
-1082
-985
-865
-726
-589
-440
-232
22
232
364
455
569
737
911
1055
1184
1330
1460
1535
1584
1656
1744
1795
1790
1744
1705
1679
1636
1569
1501
1434
1347
1258
1200
1171
1152
1126
1092
1023
937
854
776
712
628
520
412
333
258
130
-25
-167
-283
-386
-500
-614
-729
-848
-971
-1083
-1168
-1238
-1328
-1427
-1507
-1559
-1604
-1646
-1680
-1698
-1697
-1681
-1659
-1639
-1622
-1601
-1567
-1523
-1484
-1446
-1384
-1279
-1147
-1015
-870
-699
-513
-332
-175
-26
124
281
437
580
721
868
1018
1161
1294
1415
1506
1573
1633
1680
1713
1743
1771
1766
1709
1631
1557
1499
1436
1354
1268
1195
1136
1073
994
916
824
727
639
556
480
401
322
242
138
10
-123
-236
-319
-389
-465
-547
-625
-703
-773
-835
-895
-962
-1052
-1147
-1225
-1283
-1327
-1362
-1377
-1373
-1367
-1362
-1366
-1377
-1393
-1402
-1396
-1372
-1345
-1319
-1275
-1195
-1090
-980
-858
-713
-561
-427
-312
-200
-68
73
216
359
502
638
760
876
988
1095
1183
1249
1308
1369
1433
1487
1519
1523
1509
1482
1449
1422
1378
1312
1234
1161
1096
1024
948
871
789
713
638
555
457
351
237
129
35
-48
-122
-189
-248
-296
-346
-400
-459
-529
-608
-687
-751
-800
-843
-879
-916
-953
-992
-1019
-1030
-1039
-1048
-1065
-1094
-1118
-1143
-1161
-1156
-1122
-1066
-1015
-972
-925
-867
-796
-710
-618
-522
-423
-319
-216
-113
-5
110
221
318
400
474
549
635
725
801
864
925
980
1022
1052
1082
1105
1118
1127
1130
1128
1112
1072
1026
988
964
937
900
853
788
705
607
503
407
324
243
166
92
18
-59
-134
-204
-271
-334
-386
-437
-491
-547
-597
-635
-662
-687
-714
-739
-755
-774
-791
-809
-827
-841
-851
-856
-857
-854
-843
-821
-794
-766
-737
-704
-668
-623
-568
-497
-413
-329
-253
-183
-114
-42
31
106
189
269
338
390
429
468
512
559
605
645
668
680
690
703
721
732
737
744
753
759
757
749
738
725
703
677
644
599
539
474
415
363
311
252
187
112
37
-35
-90
-131
-164
-198
-234
-269
-307
-349
-384
-412
-436
-459
-485
-505
-522
-536
-550
-556
-554
-550
-549
-550
-557
-568
-577
-576
-562
-540
-513
-489
-466
-435
-395
-348
-296
-241
-187
-134
-75
-12
47
105
168
229
280
318
336
344
354
362
373
387
404
410
410
409
406
406
405
403
401
402
397
381
360
347
335
322
302
271
237
200
163
123
79
37
1
-31
-58
-84
-105
-120
-130
-145
-164
-190
-221
-256
-285
-297
-300
-293
-290
-296
-305
-309
-306
-302
-295
-287
-282
-279
-285
-293
-294
-283
-264
-241
-212
-184
-157
-131
-104
-73
-30
16
64
112
154
196
231
260
288
315
339
347
345
343
341
348
350
349
342
327
316
298
275
250
227
213
200
182
166
146
123
99
77
65
50
32
6
-27
-60
-91
-116
-137
-152
-158
-168
-175
-179
-184
-192
-204
-216
-233
-244
-248
-249
-247
-245
-240
-238
-240
-241
-238
-233
-224
-218
-214
-213
-213
-209
-202
-196
-187
-173
-157
-139
-120
-103
-84
-57
-23
13
49
86
122
162
204
242
267
285
304
321
337
346
355
359
356
348
335
324
311
295
277
258
241
227
213
193
174
151
125
99
73
51
34
16
-7
-36
-61
-82
-101
-114
-121
-127
-134
-143
-157
-173
-189
-202
-218
-235
-252
-264
-272
-276
-275
-271
-270
-272
-273
-272
-263
-254
-245
-245
-246
-245
-238
-226
-215
-208
-196
-184
-169
-157
-148
-137
-117
-90
-62
-34
0
38
78
118
157
201
242
281
317
356
397
428
447
462
468
468
469
471
470
461
440
415
387
363
345
323
298
266
228
187
150
127
112
95
66
30
-4
-25
-39
-46
-54
-63
-81
-107
-138
-173
-204
-230
-251
-270
-294
-315
-328
-336
-333
-326
-323
-320
-319
-315
-314
-314
-316
-321
-323
-325
-331
-336
-340
-340
-344
-358
-375
-386
-389
-377
-357
-326
-288
-246
-199
-147
-91
-26
41
102
160
221
283
341
394
438
480
515
548
570
585
593
597
590
572
544
509
470
430
397
368
343
313
281
256
236
218
203
181
159
143
132
117
96
74
48
15
-24
-73
-116
-151
-179
-209
-241
-275
-298
-302
-297
-292
-295
-292
-293
-297
-305
-322
-337
-357
-379
-400
-423
-446
-455
-467
-481
-500
-520
-528
-533
-520
-505
-482
-451
-423
-386
-344
-296
-240
-181
-120
-54
8
72
134
201
267
332
394
447
491
523
547
560
568
563
555
544
530
520
515
514
517
519
519
516
510
505
497
489
480
470
458
436
409
374
329
277
221
166
112
65
17
-29
-72
-110
-139
-160
-175
-186
-193
-202
-218
-238
-262
-285
-303
-322
-343
-368
-396
-424
-454
-486
-524
-566
-601
-629
-647
-660
-669
-672
-672
-665
-651
-629
-598
-557
-512
-459
-399
-336
-268
-198
-125
-54
16
82
143
200
243
277
303
323
344
369
401
438
471
496
512
528
546
567
585
596
606
612
609
603
594
583
569
546
515
474
427
380
332
288
243
200
156
118
83
52
26
3
-18
-43
-68
-99
-131
-163
-193
-222
-249
-273
-297
-322
-352
-385
-422
-458
-490
-517
-540
-560
-579
-599
-620
-635
-641
-635
-618
-594
-566
-535
-502
-464
-416
-361
-302
-244
-187
-133
-83
-40
0
35
69
102
133
165
198
232
271
313
354
393
428
462
495
527
551
573
589
598
601
597
594
589
579
564
543
513
481
446
411
372
333
293
255
217
179
143
107
73
37
1
-34
-70
-102
-131
-156
-177
-193
-209
-226
-245
-268
-295
-324
-352
-379
-404
-428
-453
-478
-499
-512
-517
-514
-507
-493
-475
-456
-437
-416
-390
-360
-327
-295
-265
-238
-215
-195
-175
-151
-125
-99
-66
-31
4
41
77
112
146
183
221
256
288
317
340
360
382
404
423
440
453
467
477
481
479
473
465
453
437
417
396
370
344
314
280
243
205
170
136
104
73
47
24
2
-22
-47
-72
-96
-118
-141
-168
-198
-232
-265
-294
-320
-341
-364
-385
-404
-416
-421
-424
-423
-420
-415
-403
-391
-375
-356
-339
-321
-305
-289
-272
-253
-235
-215
-195
-168
-138
-105
-72
-39
-11
15
39
62
90
121
151
177
200
219
243
269
296
326
354
381
404
423
435
439
437
432
426
416
402
384
361
336
306
274
244
215
190
167
144
120
94
70
43
17
-8
-31
-56
-82
-111
-142
-171
-198
-224
-247
-268
-287
-303
-317
-325
-330
-335
-339
-337
-335
-333
-327
-321
-310
-301
-291
-278
-265
-251
-237
-222
-204
-183
-160
-135
-112
-85
-56
-28
-2
22
46
66
85
104
123
144
166
189
212
236
259
284
308
329
343
351
352
347
340
333
325
318
304
287
266
246
224
201
178
159
139
120
98
74
49
24
1
-22
-44
-67
-88
-109
-131
-151
-171
-190
-204
-217
-231
-251
-269
-286
-302
-309
-315
-312
-307
-301
-292
-282
-272
-260
-246
-230
-214
-197
-179
-162
-140
-118
-97
-72
-50
-26
-5
15
34
49
63
73
86
100
114
127
143
160
178
197
214
230
242
252
261
262
261
256
251
246
243
239
233
222
209
198
187
177
166
155
139
122
105
89
72
54
34
13
-4
-20
-35
-49
-64
-81
-98
-114
-126
-139
-150
-161
-173
-189
-203
-213
-219
-222
-225
-230
-235
-238
-239
-237
-233
-226
-216
-205
-190
-174
-155
-137
-119
-101
-84
-66
-51
-38
-26
-15
-5
4
15
27
41
57
76
94
114
133
151
166
179
190
198
202
202
200
199
197
197
197
195
190
184
175
169
163
156
148
136
119
102
84
68
55
44
34
25
16
6
-2
-9
-16
-24
-32
-42
-52
-64
-76
-87
-101
-116
-130
-141
-152
-162
-171
-180
-187
-193
-196
-198
-196
-192
-185
-178
-170
-161
-148
-136
-123
-110
-101
-94
-85
-77
-67
-56
-43
-33
-21
-10
3
16
28
42
52
60
68
78
87
97
105
113
119
125
131
139
149
158
163
166
168
166
163
159
151
144
135
124
113
103
93
85
80
75
70
65
61
56
50
43
36
31
26
19
12
3
-8
-19
-32
-44
-54
-65
-78
-89
-101
-113
-120
-127
-131
-133
-135
-139
-143
-146
-144
-140
-134
-126
-117
-108
-100
-92
-86
-78
-71
-67
-62
-56
-50
-45
-38
-32
-24
-15
-5
6
14
26
38
48
58
66
73
78
83
86
88
92
93
93
94
93
91
90
86
81
74
69
64
58
53
50
47
43
39
36
35
35
33
33
34
34
34
33
31
26
20
13
6
-2
-10
-19
-31
-41
-50
-56
-62
-66
-68
-72
-75
-80
-84
-83
-81
-73
-67
-61
-57
-52
-49
-47
-46
-47
-48
-54
-55
-57
-58
-57
-56
-53
-48
-42
-33
-23
-13
-5
3
10
15
21
27
28
27
26
23
23
23
25
26
29
32
36
39
43
45
46
48
51
56
61
67
71
75
79
81
82
80
83
86
88
90
92
92
90
84
75
66
54
39
25
10
-4
-13
-23
-30
-37
-44
-49
-55
-57
-58
-55
-50
-44
-40
-39
-40
-45
-51
-61
-69
-79
-88
-93
-95
-96
-93
-89
-83
-76
-68
-59
-54
-46
-39
-33
-28
-24
-22
-20
-19
-18
-19
-20
-19
-17
-15
-12
-9
-5
-3
1
3
7
11
13
16
20
24
32
36
42
48
55
60
65
70
77
85
93
99
104
106
105
100
91
81
66
51
38
27
20
14
10
6
6
6
9
11
12
13
11
10
7
2
-2
-11
-21
-31
-41
-53
-62
-71
-77
-81
-81
-78
-73
-66
-59
-52
-47
-41
-36
-34
-31
-30
-30
-30
-30
-30
-31
-28
-27
-22
-19
-13
-7
-3
2
6
8
9
8
6
4
2
2
5
10
15
22
29
38
47
57
67
75
80
85
84
82
77
72
63
53
41
32
23
17
14
11
11
11
12
9
11
12
10
8
6
3
-1
-8
-14
-22
-31
-39
-46
-54
-61
-68
-74
-79
-84
-87
-87
-87
-85
-84
-83
-81
-78
-76
-71
-68
-64
-61
-58
-53
-48
-43
-38
-32
-29
-24
-20
-15
-11
-8
-5
-2
0
3
8
14
22
30
42
51
62
74
85
97
107
114
118
118
117
114
111
106
101
94
89
84
80
78
77
77
76
73
67
61
57
52
49
44
38
30
22
15
6
-3
-13
-23
-34
-45
-54
-63
-71
-79
-85
-91
-96
-101
-103
-106
-103
-101
-98
-94
-90
-85
-80
-77
-76
-74
-72
-68
-62
-56
-50
-46
-42
-39
-36
-34
-31
-26
-22
-16
-8
2
12
24
36
50
58
67
73
78
81
83
83
80
77
73
70
68
67
66
65
64
65
66
66
67
67
68
65
59
52
45
36
28
20
13
6
-2
-9
-15
-21
-25
-32
-39
-46
-54
-61
-70
-78
-86
-91
-95
-97
-99
-98
-97
-95
-92
-89
-84
-79
-75
-70
-65
-60
-55
-50
-42
-35
-31
-27
-23
-19
-14
-9
-5
4
12
22
32
41
52
61
69
77
86
90
92
91
92
91
89
86
82
78
75
73
73
71
70
70
68
68
67
64
62
57
51
44
38
28
21
15
9
4
-1
-6
-12
-18
-23
-28
-34
-42
-50
-59
-69
-77
-85
-91
-96
-101
-103
-105
-105
-103
-99
-95
-91
-87
-84
-79
-74
-71
-67
-63
-60
-55
-52
-50
-45
-40
-34
-27
-18
-8
2
13
23
33
42
51
60
68
74
81
85
89
94
98
103
107
111
114
119
120
120
119
117
111
106
102
94
87
78
71
64
56
51
44
39
34
30
27
21
18
11
2
-6
-16
-27
-40
-53
-67
-80
-91
-101
-109
-115
-120
-122
-124
-127
-127
-126
-124
-123
-121
-119
-118
-117
-116
-115
-114
-113
-110
-105
-100
-93
-85
-74
-64
-54
-43
-33
-21
-11
0
9
18
24
33
41
50
60
69
78
84
93
99
106
115
123
128
131
131
131
128
124
119
115
112
108
103
99
94
90
87
83
80
75
71
66
62
56
51
44
35
27
16
4
-8
-19
-29
-39
-49
-58
-65
-73
-78
-83
-86
-90
-93
-97
-99
-101
-104
-106
-108
-108
-109
-107
-106
-101
-96
-89
-83
-78
-71
-63
-57
-48
-42
-36
-33
-27
-22
-15
-8
-2
4
12
20
30
41
51
60
68
76
82
88
95
99
100
100
98
96
94
92
88
84
79
76
72
70
66
64
62
58
54
50
47
40
34
28
22
15
7
0
-9
-18
-28
-34
-41
-48
-55
-63
-70
-78
-83
-88
-94
-99
-102
-105
-109
-111
-112
-112
-110
-108
-102
-94
-86
-80
-74
-68
-64
-58
-52
-48
-44
-40
-38
-32
-28
-22
-17
-12
-3
5
14
26
37
47
55
63
71
79
86
92
96
99
100
101
99
96
93
90
86
85
83
80
76
74
72
70
67
67
66
63
63
60
57
54
49
43
36
31
24
15
8
1
-10
-19
-27
-35
-42
-49
-56
-62
-67
-72
-75
-77
-78
-78
-78
-77
-75
-73
-72
-70
-70
-70
-70
-69
-69
-67
-66
-64
-63
-62
-58
-53
-47
-41
-32
-24
-16
-5
3
11
20
28
35
44
52
60
66
72
75
79
82
83
82
81
79
76
72
67
63
59
56
52
49
46
45
44
43
40
39
38
35
32
26
21
13
5
-2
-12
-21
-32
-41
-49
-59
-67
-74
-79
-84
-86
-88
-89
-90
-91
-91
-90
-87
-86
-85
-84
-83
-82
-82
-82
-79
-76
-73
-69
-66
-63
-58
-52
-43
-36
-26
-16
-6
4
16
27
39
50
61
73
86
97
108
117
123
128
131
134
136
135
131
128
123
117
111
105
99
92
88
82
79
75
70
67
61
56
51
45
37
30
21
10
2
-10
-20
-33
-44
-56
-67
-77
-84
-93
-100
-105
-111
-113
-115
-117
-118
-119
-119
-120
-118
-118
-117
-116
-116
-115
-112
-107
-101
-95
-89
-83
-75
-66
-57
-48
-39
-31
-23
-15
-6
4
16
30
42
54
68
80
94
105
115
123
132
138
144
148
149
148
146
142
138
134
128
123
116
111
105
98
92
87
78
73
67
58
48
38
28
18
5
-7
-19
-31
-43
-55
-66
-76
-86
-93
-101
-106
-112
-116
-119
-124
-126
-129
-131
-131
-129
-126
-124
-122
-120
-115
-111
-105
-98
-91
-83
-76
-71
-65
-59
-53
-47
-41
-37
-31
-26
-20
-11
-2
7
19
29
41
53
67
80
92
103
111
118
124
128
131
131
133
130
127
123
120
117
114
109
104
100
96
92
88
83
76
71
64
57
49
42
32
24
16
7
-3
-14
-23
-30
-40
-49
-58
-67
-76
-86
-94
-102
-109
-115
-119
-122
-125
-127
-126
-124
-121
-117
-113
-107
-103
-97
-91
-86
-81
-75
-70
-64
-59
-54
-49
-42
-34
-27
-20
-11
-2
7
17
26
34
45
56
64
74
84
91
98
104
106
108
112
113
116
116
115
112
110
106
104
101
99
98
94
90
85
79
73
67
61
56
50
45
39
32
26
19
11
5
-2
-12
-23
-30
-40
-48
-58
-65
-74
-82
-88
-93
-100
-104
-109
-112
-116
-117
-116
-115
-114
-111
-107
-104
-100
-98
-94
-91
-87
-83
-80
-75
-70
-65
-59
-54
-48
-40
-31
-23
-13
-2
5
14
23
32
40
48
55
61
65
70
76
80
83
86
87
89
89
90
91
91
93
93
92
90
91
91
91
92
90
90
88
85
80
76
72
67
62
55
47
39
30
20
10
1
-11
-20
-30
-40
-50
-58
-66
-73
-77
-83
-85
-88
-91
-92
-93
-94
-97
-98
-100
-101
-102
-103
-101
-102
-101
-99
-96
-93
-89
-84
-79
-73
-66
-57
-51
-41
-32
-24
-17
-10
-3
3
11
19
27
34
39
44
49
55
58
63
66
71
75
78
81
84
87
88
92
96
99
103
105
108
109
109
109
109
106
105
101
96
89
83
76
67
59
48
39
30
21
12
3
-6
-14
-21
-27
-31
-38
-44
-49
-56
-63
-70
-77
-83
-87
-92
-97
-101
-106
-109
-112
-113
-115
-113
-112
-110
-108
-104
-98
-92
-86
-80
-74
-67
-60
-54
-46
-38
-31
-24
-17
-11
-5
0
7
13
17
24
29
35
41
47
51
57
62
68
73
78
82
85
89
94
97
99
99
100
100
99
96
91
88
82
77
72
65
58
51
45
39
30
26
20
14
8
2
-4
-11
-17
-21
-27
-34
-40
-45
-52
-58
-66
-70
-74
-80
-84
-87
-91
-95
-97
-97
-95
-95
-93
-91
-87
-85
-81
-78
-72
-67
-63
-58
-54
-49
-44
-38
-33
-27
-22
-15
-9
-3
5
9
16
21
28
34
40
47
54
61
68
74
79
83
88
91
95
98
101
105
104
104
102
101
100
100
96
94
90
85
80
75
68
62
57
52
47
42
35
28
21
14
6
-4
-12
-23
-31
-39
-47
-55
-62
-68
-73
-81
-84
-87
-90
-91
-92
-92
-93
-95
-95
-95
-96
-94
-92
-91
-88
-85
-83
-81
-78
-76
-73
-69
-65
-62
-58
-54
-48
-44
-37
-31
-23
-16
-7
2
10
15
22
30
36
41
47
51
57
63
65
68
73
77
78
81
84
87
90
91
91
93
93
91
91
89
87
85
82
78
73
68
64
59
53
46
39
31
24
15
8
0
-9
-16
-24
-32
-39
-44
-52
-57
-62
-65
-67
-70
-72
-74
-75
-75
-76
-76
-78
-78
-78
-78
-77
-78
-77
-74
-71
-66
-63
-58
-51
-45
-39
-31
-23
-14
-7
2
11
16
24
32
37
42
46
51
53
54
57
60
63
64
66
66
67
69
71
72
72
71
72
71
67
64
62
60
56
53
48
44
39
33
26
19
13
7
0
-7
-14
-22
-29
-35
-41
-46
-50
-55
-59
-64
-67
-70
-73
-75
-75
-76
-77
-77
-77
-77
-77
-78
-77
-75
-74
-73
-69
-66
-62
-59
-54
-48
-41
-34
-26
-18
-8
0
9
17
25
30
35
43
48
52
55
59
62
66
70
71
73
75
74
74
73
71
70
68
67
63
60
58
56
54
51
47
44
42
37
34
30
25
21
16
10
5
-1
-6
-10
-16
-22
-26
-31
-36
-40
-43
-47
-49
-53
-55
-56
-57
-56
-57
-55
-55
-55
-55
-53
-53
-51
-49
-47
-47
-44
-42
-39
-37
-33
-28
-25
-21
-17
-12
-7
-1
5
10
17
23
28
33
38
42
47
50
53
56
58
59
61
61
60
60
59
58
56
53
50
50
49
47
45
40
38
35
29
27
21
18
13
8
4
-2
-7
-12
-18
-24
-28
-35
-40
-45
-50
-55
-58
-62
-64
-66
-67
-68
-68
-70
-71
-71
-72
-72
-71
-69
-67
-66
-65
-61
-57
-54
-49
-45
-41
-35
-29
-22
-15
-9
-3
6
14
23
29
36
44
50
56
62
69
71
76
79
80
83
85
87
87
87
87
86
84
83
80
78
74
70
65
59
54
49
45
39
31
26
20
15
10
5
-2
-10
-16
-23
-30
-38
-45
-52
-56
-62
-66
-72
-74
-75
-79
-80
-80
-81
-81
-79
-80
-77
-74
-71
-67
-65
-61
-59
-56
-51
-45
-40
-34
-30
-24
-18
-13
-7
-1
4
11
17
23
28
33
40
44
48
53
59
64
67
70
72
75
77
77
78
79
78
76
75
73
71
69
65
60
56
50
47
40
34
28
22
17
10
4
-1
-8
-15
-21
-29
-35
-42
-47
-53
-57
-61
-66
-70
-75
-77
-78
-80
-82
-81
-82
-81
-80
-80
-78
-76
-75
-72
-68
-66
-63
-59
-56
-51
-45
-41
-35
-28
-24
-17
-10
-5
1
9
16
23
29
34
40
45
51
56
60
66
70
73
77
79
80
82
83
84
84
84
84
84
82
80
79
76
73
70
68
65
60
54
49
44
38
33
27
20
12
5
-3
-11
-19
-26
-32
-40
-47
-53
-57
-62
-68
-71
-74
-77
-79
-78
-78
-78
-76
-74
-72
-70
-68
-66
-64
-60
-57
-53
-50
-47
-41
-36
-32
-28
-24
-18
-14
-10
-4
1
6
10
15
20
24
29
35
37
43
44
47
48
50
51
53
55
54
54
56
57
56
56
55
55
51
50
49
47
43
40
39
37
33
29
25
22
17
12
7
2
-2
-7
-12
-18
-24
-29
-33
-39
-44
-49
-55
-59
-63
-66
-70
-73
-74
-74
-74
-74
-72
-70
-67
-63
-60
-56
-53
-49
-46
-42
-38
-32
-28
-22
-16
-13
-8
-2
2
10
15
20
25
30
35
40
45
50
53
56
58
61
61
61
62
62
61
60
59
59
58
57
55
52
49
46
45
42
39
37
34
31
27
24
19
16
14
10
6
3
-1
-5
-10
-16
-19
-22
-27
-32
-35
-39
-43
-44
-47
-49
-51
-53
-53
-52
-53
-51
-51
-48
-44
-44
-40
-38
-36
-34
-32
-30
-28
-25
-21
-18
-15
-13
-9
-5
-3
0
4
8
11
14
19
23
26
29
33
37
39
42
45
48
48
49
51
51
50
49
49
47
45
42
41
39
35
33
30
26
23
21
20
17
14
12
8
3
0
-4
-9
-12
-15
-20
-25
-30
-35
-38
-43
-48
-52
-53
-56
-58
-60
-61
-63
-63
-63
-64
-64
-62
-59
-57
-55
-51
-48
-44
-38
-35
-30
-29
-25
-22
-18
-13
-9
-5
-1
3
8
12
16
19
22
26
30
36
38
41
46
51
55
57
58
61
63
64
64
63
61
60
58
56
54
51
50
46
43
40
37
32
29
27
23
21
18
14
10
7
4
-1
-6
-12
-15
-20
-25
-30
-33
-35
-40
-44
-47
-51
-53
-54
-55
-55
-54
-53
-54
-53
-53
-54
-52
-50
-48
-45
-42
-38
-35
-32
-29
-25
-21
-19
-15
-11
-8
-5
-2
2
6
9
12
17
23
26
31
34
36
41
43
45
49
52
55
55
55
56
54
53
54
53
51
48
46
45
43
40
37
36
33
31
27
25
23
19
15
11
7
0
-3
-7
-11
-15
-20
-23
-27
-30
-35
-38
-43
-45
-48
-51
-54
-56
-58
-58
-57
-57
-57
-56
-54
-52
-51
-48
-45
-42
-39
-37
-33
-30
-27
-24
-20
-18
-15
-13
-9
-6
-1
2
5
8
13
17
21
23
27
30
32
34
38
40
41
42
43
43
42
44
43
42
43
40
39
38
39
38
35
34
32
30
27
25
23
20
19
16
14
10
8
4
0
-4
-6
-10
-15
-19
-23
-26
-29
-30
-33
-34
-36
-37
-37
-40
-41
-42
-41
-41
-42
-40
-39
-39
-37
-36
-34
-32
-30
-28
-26
-25
-23
-22
-20
-17
-13
-12
-8
-4
-2
1
3
7
10
14
19
22
27
28
30
35
37
39
42
43
44
44
44
43
43
43
44
44
44
42
40
38
36
34
32
32
30
29
26
23
21
19
15
13
9
7
5
2
-1
-3
-8
-12
-15
-17
-20
-22
-24
-26
-26
-29
-32
-34
-33
-35
-36
-36
-37
-36
-37
-38
-38
-39
-38
-39
-39
-40
-38
-36
-36
-34
-32
-31
-28
-26
-25
-22
-20
-16
-13
-11
-9
-5
-2
0
2
6
10
12
13
15
17
18
20
21
23
23
23
25
25
26
25
26
25
25
25
25
25
24
23
22
23
22
21
20
19
17
16
15
12
11
9
6
6
4
2
1
0
-3
-4
-5
-5
-4
-6
-7
-8
-8
-8
-9
-9
-11
-11
-13
-14
-15
-15
-16
-16
-18
-17
-18
-18
-18
-18
-17
-15
-15
-12
-10
-8
-6
-2
1
3
5
10
12
15
17
19
21
22
22
24
25
24
24
24
24
24
23
22
21
22
21
19
19
18
18
18
17
18
18
16
15
13
11
9
7
5
2
-1
-2
-4
-5
-8
-11
-13
-16
-18
-20
-23
-26
-26
-27
-28
-29
-30
-30
-30
-30
-31
-31
-31
-31
-31
-30
-30
-30
-29
-28
-28
-28
-25
-25
-24
-24
-23
-21
-20
-21
-20
-19
-17
-16
-14
-12
-10
-6
-4
0
2
5
7
10
13
15
16
18
20
21
22
23
24
24
25
25
26
28
27
29
29
27
28
28
27
25
23
23
22
20
20
19
18
16
17
15
13
12
10
10
8
9
7
7
7
5
3
1
-1
-4
-4
-5
-6
-6
-7
-8
-8
-8
-7
-6
-7
-6
-5
-7
-8
-8
-9
-9
-9
-8
-7
-5
-5
-4
-4
-2
0
0
1
3
2
2
2
2
3
3
4
4
5
4
5
6
7
6
7
6
5
6
5
5
6
5
5
4
3
3
1
0
-1
-2
-4
-6
-7
-10
-10
-13
-15
-16
-19
-21
-23
-25
-26
-26
-27
-27
-27
-25
-25
-24
-22
-20
-20
-20
-20
-18
-17
-15
-15
-13
-13
-11
-8
-7
-3
-2
-1
2
3
6
8
10
13
15
16
18
18
20
21
22
22
23
23
24
25
25
26
25
26
26
24
24
24
23
23
23
23
23
21
20
18
17
15
12
9
6
4
2
1
-2
-3
-4
-6
-7
-10
-13
-15
-16
-19
-20
-23
-24
-25
-27
-28
-28
-28
-29
-28
-28
-27
-26
-25
-25
-24
-23
-21
-18
-16
-13
-12
-11
-10
-9
-7
-5
-3
0
2
5
6
8
11
14
16
18
20
22
24
25
26
25
26
26
25
26
24
24
23
23
22
21
19
18
16
15
14
12
10
8
5
4
3
2
1
1
-1
-1
-2
-1
-1
-2
-2
-4
-5
-6
-6
-7
-9
-10
-11
-11
-11
-12
-12
-13
-13
-15
-16
-16
-16
-17
-16
-15
-15
-16
-14
-13
-14
-13
-13
-11
-10
-12
-12
-12
-12
-9
-9
-7
-6
-5
-2
0
2
4
6
7
7
9
11
13
15
16
18
18
19
21
22
22
23
23
23
22
21
18
17
14
12
11
9
7
5
4
3
3
1
0
-1
-1
-4
-6
-7
-10
-12
-13
-16
-19
-19
-21
-22
-23
-24
-25
-25
-26
-26
-27
-27
-27
-27
-26
-26
-23
-22
-20
-18
-18
-15
-15
-15
-14
-13
-13
-10
-8
-7
-4
0
1
4
6
7
9
13
14
18
20
23
25
28
30
30
33
35
36
38
40
42
42
43
42
41
39
37
35
33
31
29
26
24
22
21
18
16
15
13
10
9
7
6
3
1
-1
-5
-6
-10
-16
-19
-23
-26
-28
-31
-34
-36
-38
-40
-41
-42
-44
-45
-44
-45
-43
-41
-40
-39
-35
-33
-34
-30
-28
-26
-24
-23
-21
-17
-15
-13
-8
-4
-1
2
3
5
8
12
14
17
19
22
24
27
30
30
31
33
33
35
35
35
34
35
36
34
33
32
30
30
30
28
26
23
22
21
20
18
14
12
7
4
2
1
-1
-3
-5
-7
-9
-11
-14
-16
-19
-20
-22
-24
-26
-27
-29
-30
-30
-31
-32
-31
-31
-30
-30
-30
-30
-28
-27
-26
-25
-23
-22
-20
-18
-15
-13
-12
-8
-8
-6
-5
-3
-1
0
2
3
5
7
8
9
11
13
14
14
15
16
17
18
19
20
22
22
22
24
25
25
26
28
28
28
27
26
27
28
26
25
24
21
21
18
17
14
11
9
6
4
1
-1
-4
-6
-8
-11
-13
-15
-18
-19
-20
-21
-22
-22
-21
-21
-22
-21
-21
-22
-21
-20
-20
-19
-19
-18
-19
-20
-18
-17
-16
-14
-14
-13
-12
-9
-8
-6
-4
-2
0
1
1
4
5
7
9
12
14
15
17
17
18
18
19
20
20
19
20
20
19
20
19
17
16
15
15
13
11
11
11
9
8
7
6
4
2
0
-2
-3
-6
-8
-9
-12
-13
-14
-16
-17
-19
-19
-21
-21
-21
-21
-20
-19
-20
-17
-16
-15
-13
-14
-13
-13
-11
-11
-11
-8
-8
-6
-5
-4
-3
-2
0
1
3
5
7
8
8
10
10
11
12
11
12
10
10
9
7
7
6
7
8
8
9
9
8
7
7
6
6
5
5
6
6
5
6
7
8
8
8
8
9
8
7
5
4
3
3
1
0
-2
-1
-1
-3
-3
-4
-3
-3
-2
-3
-3
-4
-6
-4
-4
-5
-5
-5
-5
-6
-5
-5
-4
-4
-3
0
0
0
-1
-1
0
0
1
1
2
0
1
0
2
2
3
3
2
2
2
2
2
1
0
2
1
-1
-1
0
1
1
1
1
1
1
2
1
1
1
2
2
1
2
1
1
0
0
1
0
-3
-3
-5
-5
-7
-9
-11
-13
-15
-15
-15
-15
-15
-15
-15
-17
-16
-15
-15
-14
-15
-13
-13
-12
-10
-9
-9
-8
-5
-3
-4
-2
-2
0
2
3
5
5
6
8
8
10
12
12
15
17
19
19
20
22
22
21
21
21
20
20
20
20
20
20
20
20
19
17
17
14
13
11
11
9
7
7
7
7
6
6
5
4
2
1
0
-4
-7
-11
-14
-16
-16
-17
-19
-21
-21
-22
-24
-25
-25
-25
-25
-26
-26
-25
-25
-24
-24
-24
-22
-21
-21
-19
-18
-16
-15
-14
-12
-11
-9
-6
-4
-1
1
2
4
7
9
10
13
14
16
15
17
18
18
18
20
21
20
20
19
19
19
18
18
16
15
14
15
14
13
14
13
12
11
10
9
8
6
4
2
-1
-3
-5
-6
-9
-9
-10
-10
-13
-12
-13
-12
-11
-12
-10
-10
-11
-11
-11
-12
-12
-11
-11
-11
-10
-10
-9
-9
-10
-8
-8
-6
-4
-3
-1
0
2
4
6
7
9
11
12
13
15
15
14
14
13
13
12
13
13
12
12
12
13
13
13
13
16
16
16
16
16
13
13
12
10
10
7
5
5
3
2
2
1
-1
-1
-3
-4
-5
-6
-7
-8
-10
-12
-13
-14
-15
-16
-16
-17
-17
-17
-19
-18
-18
-19
-21
-20
-20
-20
-20
-21
-19
-18
-18
-18
-17
-17
-17
-15
-15
-13
-12
-10
-11
-11
-9
-10
-10
-9
-9
-7
-6
-6
-5
-5
-3
-2
-1
0
3
5
5
9
10
11
13
13
12
13
11
11
10
10
10
10
12
13
13
13
15
18
19
20
21
22
21
22
21
20
19
17
16
13
13
10
9
8
8
7
5
4
2
0
-1
-2
-3
-3
-5
-5
-7
-9
-9
-10
-11
-12
-12
-12
-11
-10
-9
-7
-7
-3
-1
-1
0
2
3
3
3
2
1
2
3
1
1
0
1
1
2
2
4
5
6
7
9
11
12
12
12
12
14
14
16
16
16
16
17
17
17
17
14
13
13
11
10
8
5
4
2
0
-1
-4
-7
-8
-10
-12
-14
-13
-16
-19
-21
-24
-25
-26
-26
-27
-27
-27
-26
-26
-25
-25
-26
-25
-26
-26
-26
-26
-26
-26
-26
-27
-27
-28
-27
-26
-26
-26
-23
-24
-21
-20
-21
-18
-16
-14
-11
-8
-5
0
2
6
8
8
9
9
10
10
12
15
17
18
19
21
22
24
26
28
30
32
33
35
37
39
39
40
37
37
38
36
37
36
34
32
30
26
24
23
22
20
18
17
16
14
12
11
10
7
4
0
-2
-4
