23
21
19
18
14
13
15
12
14
14
14
10
6
5
-3
1
1
0
-2
-1
1
-5
-12
-12
-16
-15
-16
-13
-9
-15
-18
-21
-18
-15
-17
-16
-17
-11
-8
-9
-8
-7
-7
-11
-9
-2
4
9
5
6
9
7
3
1
5
4
2
8
9
8
0
2
-1
-8
-12
-14
-11
-20
-16
-16
-15
-19
-28
-27
-31
-28
-27
-29
-29
-28
-26
-25
-26
-24
-23
-23
-21
-11
-14
-15
-14
-14
-13
-15
-9
-4
-7
-8
-5
-9
-5
-7
-3
-6
-8
-2
-2
0
0
-4
2
7
13
14
7
12
12
19
22
27
27
26
28
30
34
29
26
25
25
21
21
22
24
14
11
14
14
10
8
11
7
0
-1
5
4
8
4
8
4
3
8
13
20
16
14
12
11
8
7
9
12
14
17
17
14
12
6
4
-4
3
2
7
8
7
9
-2
-1
0
2
1
1
2
10
9
12
12
11
14
15
20
21
15
10
6
9
11
12
15
10
9
3
-1
-4
-8
-7
-10
-14
-15
-24
-30
-36
-39
-38
-42
-41
-45
-52
-52
-56
-50
-55
-54
-53
-49
-47
-49
-49
-45
-45
-40
-32
-24
-19
-16
-9
-6
-6
-7
-7
-7
-2
4
14
16
11
11
13
13
7
7
5
7
5
5
10
4
2
-2
-5
-3
-1
0
3
-2
-9
-11
-11
-11
-11
-6
-4
-9
-7
-6
-5
-4
0
7
1
-8
-8
-3
7
3
4
6
1
2
-8
-7
-1
0
7
6
7
13
12
17
28
32
27
20
23
33
38
44
45
45
42
38
45
48
46
39
35
43
48
51
47
44
42
34
33
36
40
30
21
23
29
26
20
12
12
8
11
7
2
-2
-13
-5
-8
-5
-3
-14
-11
-9
-9
-11
-22
-17
-13
-16
-8
3
7
7
6
7
5
0
11
18
18
24
26
22
16
18
17
10
7
14
16
2
2
0
-5
-17
-23
-22
-26
-27
-26
-18
-27
-42
-46
-50
-46
-50
-55
-50
-63
-56
-44
-41
-42
-55
-57
-54
-52
-48
-46
-47
-52
-53
-48
-38
-39
-42
-35
-32
-28
-25
-22
-19
-23
-26
-25
-12
-12
-15
-14
-6
-3
-8
-3
1
-4
-6
-3
13
13
9
7
0
3
3
6
10
19
16
19
15
21
23
12
9
3
13
16
22
31
31
25
21
23
22
24
17
17
21
19
28
37
37
30
33
34
30
24
30
39
32
22
23
38
44
38
37
38
39
35
45
57
68
57
42
51
53
61
64
68
78
69
75
77
79
78
64
66
63
69
70
69
73
62
50
44
43
35
25
22
19
16
9
10
9
2
-9
-19
-23
-27
-34
-37
-37
-39
-39
-52
-64
-71
-72
-72
-81
-81
-74
-67
-72
-79
-69
-75
-89
-98
-85
-77
-82
-74
-65
-63
-76
-70
-56
-54
-57
-60
-48
-49
-52
-40
-31
-32
-47
-51
-44
-39
-47
-53
-48
-40
-40
-34
-27
-26
-40
-49
-48
-46
-45
-45
-44
-45
-40
-44
-42
-33
-31
-39
-48
-45
-32
-30
-28
-28
-28
-25
-27
-17
-15
-17
-18
-18
-11
4
11
7
3
2
11
13
11
14
25
29
27
29
38
39
30
27
37
38
44
47
55
61
52
55
62
64
56
60
63
72
68
72
76
72
71
75
79
77
80
77
82
84
95
97
95
90
90
96
97
101
103
100
91
87
98
96
79
78
74
67
55
50
51
42
39
45
37
24
16
6
7
0
2
9
4
3
-2
6
6
0
-8
-7
-6
-9
-7
-11
-15
-21
-28
-34
-28
-40
-51
-57
-52
-56
-65
-63
-67
-71
-83
-76
-73
-82
-94
-101
-106
-115
-110
-105
-102
-109
-107
-100
-100
-98
-102
-109
-114
-111
-110
-100
-104
-101
-101
-98
-89
-88
-88
-102
-98
-89
-86
-80
-77
-67
-70
-66
-52
-47
-52
-51
-40
-29
-24
-20
-17
-9
1
2
3
1
5
4
10
26
30
32
32
39
43
44
44
38
35
32
42
45
44
38
38
42
43
49
55
59
53
55
55
62
63
67
71
76
88
93
96
98
101
106
105
101
110
114
116
118
110
118
118
115
115
114
122
114
100
111
113
102
90
84
91
80
79
83
83
82
72
72
67
71
68
58
51
51
51
44
42
32
18
8
7
1
-2
-11
-12
-16
-22
-28
-35
-45
-50
-54
-56
-60
-62
-68
-72
-64
-64
-73
-84
-80
-82
-91
-97
-96
-90
-96
-94
-94
-86
-89
-100
-106
-107
-101
-110
-115
-121
-112
-109
-104
-103
-95
-96
-102
-101
-94
-85
-100
-108
-101
-81
-85
-86
-80
-71
-75
-71
-55
-58
-62
-72
-57
-58
-53
-54
-41
-46
-47
-37
-33
-39
-44
-27
-25
-29
-25
-14
-6
-2
-1
18
17
21
29
45
62
66
57
58
63
74
82
85
93
83
83
87
99
101
95
95
86
90
94
97
99
85
91
94
103
95
87
78
77
87
83
93
87
94
88
84
86
85
83
71
74
79
86
92
93
96
84
88
84
84
77
68
66
58
64
64
63
46
34
28
28
26
12
2
2
3
1
-3
-9
-18
-31
-36
-39
-39
-45
-52
-46
-45
-45
-51
-50
-51
-66
-73
-79
-77
-73
-86
-87
-94
-92
-98
-89
-85
-99
-106
-101
-89
-99
-102
-97
-93
-105
-96
-81
-75
-85
-83
-61
-55
-61
-64
-49
-49
-53
-51
-46
-50
-51
-42
-41
-38
-40
-46
-41
-26
-21
-28
-35
-28
-26
-35
-35
-31
-23
-34
-31
-17
-20
-17
-22
-13
-7
-16
-12
-11
-1
-3
0
-4
-4
-2
2
1
2
17
15
16
14
30
27
24
27
37
43
36
33
33
37
35
39
37
41
39
42
61
63
55
42
51
51
42
39
51
62
55
58
77
90
73
61
64
75
73
62
72
84
79
74
78
93
93
80
73
76
83
71
62
62
80
77
60
56
64
64
46
41
42
46
23
5
13
19
5
-14
-3
2
-11
-31
-24
-19
-31
-42
-44
-35
-48
-52
-44
-41
-49
-53
-45
-40
-50
-53
-46
-44
-47
-48
-48
-45
-51
-51
-48
-49
-60
-65
-63
-62
-65
-63
-61
-68
-71
-77
-71
-72
-80
-81
-76
-74
-81
-86
-71
-70
-67
-65
-63
-59
-66
-63
-62
-50
-53
-52
-54
-41
-29
-30
-23
-20
-17
-20
-17
-12
-9
-9
-4
4
10
11
15
13
21
21
24
29
24
29
26
34
40
46
52
45
49
49
53
55
43
48
57
58
52
44
57
49
44
49
45
45
36
52
61
66
63
63
65
59
61
65
70
67
67
69
78
73
73
62
64
59
53
60
60
57
56
66
66
64
62
57
56
57
43
41
41
39
39
35
39
36
24
33
19
16
-3
-7
2
-10
-8
-19
-12
-19
-18
-23
-28
-35
-39
-34
-41
-39
-42
-43
-48
-46
-46
-46
-46
-55
-47
-49
-52
-59
-58
-56
-70
-71
-64
-63
-70
-74
-71
-67
-63
-62
-61
-69
-69
-62
-63
-61
-64
-58
-63
-59
-56
-62
-55
-65
-47
-33
-48
-46
-39
-38
-47
-39
-37
-43
-45
-41
-26
-23
-31
-37
-21
-29
-20
-18
-22
-20
-20
-6
-3
-6
-3
-2
-6
7
3
5
4
10
15
15
16
18
33
24
28
33
37
30
35
37
39
33
30
43
46
45
46
43
53
63
55
50
55
57
45
46
59
63
48
59
62
63
61
55
55
60
58
47
50
50
49
49
43
50
54
45
45
43
48
35
36
31
39
23
27
29
33
38
26
44
23
31
18
17
21
29
37
-1
12
5
9
6
3
7
-12
-4
-6
-14
-17
-16
-18
-27
-21
-26
-49
-32
-29
-36
-42
-34
-33
-57
-52
-54
-52
-46
-54
-59
-58
-62
-60
-58
-59
-55
-53
-54
-50
-53
-62
-51
-47
-54
-56
-48
-33
-36
-45
-41
-58
-50
-52
-42
-30
-46
-38
-40
-34
-55
-44
-25
-40
-28
-37
-22
-21
-21
-21
-25
-15
-16
-28
-16
-8
-8
-6
-9
7
8
24
22
19
20
12
2
7
16
10
22
7
10
34
40
43
25
25
32
23
18
27
27
22
35
30
25
21
24
38
37
41
41
30
32
34
33
25
19
23
36
33
39
38
28
27
14
39
23
22
28
25
24
28
24
9
22
23
33
16
13
24
14
3
-1
11
15
21
11
33
35
-1
13
-5
-14
-9
2
-5
-14
7
12
23
14
20
23
-10
-15
-19
-26
-25
-32
0
5
8
5
-4
10
-3
-18
-24
-35
-29
-17
-16
-20
-14
1
3
-19
-7
-7
-20
-14
-19
-16
-4
-14
-11
-1
-15
-16
-25
-10
-8
8
-6
-11
-11
-12
-7
-2
-10
1
-10
-23
8
-8
11
-4
-6
-10
-42
-13
0
-1
-11
-10
-1
23
10
0
-10
-20
-1
-24
-14
-5
0
16
-13
-37
5
-8
-27
22
12
10
4
-14
-8
-11
22
-17
-41
-6
25
17
-7
17
22
-2
-31
-21
15
25
10
16
20
29
-2
-22
8
-9
27
33
4
20
10
46
-9
-53
-39
-15
37
43
61
42
20
9
-2
-33
32
-5
20
23
-45
-24
20
-13
-1
53
77
48
116
15
-4
-99
-80
-125
-29
-56
-32
47
-135
827
179
-193
53
-441
-12
-185
-12
48
-195
565
89
160
-70
-251
77
-127
259
21
-205
-37
-181
-94
15
-88
-2
-154
610
316
-202
-50
-130
-71
-287
34
62
-251
296
110
86
-141
-240
189
44
220
63
-122
3
-154
-212
56
-69
55
90
105
39
-295
-85
-22
-5
198
112
25
-122
-99
-66
-264
-85
-220
-33
111
311
806
-121
178
-192
-235
98
-426
143
-209
10
117
-531
-9
-624
23
128
197
590
-135
82
-335
-57
-90
219
476
141
339
-199
266
-465
-143
406
-192
578
312
232
-270
-186
-62
-972
201
-69
23
103
-41
-93
-305
163
-372
181
-83
333
7
136
140
-327
-98
-247
47
125
138
303
-274
256
-249
-128
105
-51
155
-25
467
-145
-206
-71
87
-391
304
-2
-185
112
187
-249
-268
132
122
-257
358
140
-394
-21
8
-53
133
121
156
81
151
31
-202
169
-271
352
28
113
329
-290
-86
-33
-20
91
115
304
64
-21
-135
71
-337
-99
-175
-72
410
-11
114
-195
156
-4
-333
232
-2
54
302
90
368
-352
55
-207
-192
-22
210
194
-25
256
0
-230
-282
1
-247
-16
280
221
-84
-214
-225
-312
-8
262
169
267
-236
-12
-534
-313
-61
-185
503
134
395
-166
-412
-252
-448
-61
271
322
188
124
11
-555
19
-178
-28
-27
500
284
-364
238
-376
-439
106
-99
-70
66
185
-64
-226
216
-219
-126
92
22
32
-31
-35
-13
-239
104
178
196
109
72
-72
-259
91
-88
72
53
241
106
-228
-34
-258
-20
32
226
332
15
115
-131
-169
-178
-37
360
38
367
28
8
-152
-82
-81
23
372
72
72
292
-236
-94
49
84
29
189
159
-133
142
-43
116
37
173
146
-165
43
56
-96
8
110
156
-91
183
-41
-203
189
-143
-94
52
301
-68
24
67
-238
-235
-94
59
130
257
246
-191
-99
-181
-229
-69
10
365
165
265
139
-90
-494
-248
-21
111
316
261
40
-124
-255
-339
-350
-66
83
123
253
136
58
-311
-231
13
-151
100
117
31
57
-95
-117
-210
-39
-80
-109
37
-62
-139
107
50
39
22
-271
-272
-143
-81
-56
165
259
76
54
43
-266
-305
-135
14
103
275
122
-140
-180
-60
-216
-185
27
73
6
72
19
-196
-188
-146
26
108
169
58
-131
-78
-176
-147
-3
207
66
31
95
-168
-82
-119
-24
4
283
196
-79
122
-167
-225
-31
120
52
134
192
7
119
103
19
-61
94
118
43
183
111
-55
59
242
65
48
71
-68
89
165
135
103
112
144
-28
46
-30
-67
85
148
292
225
2
21
-50
-80
-13
22
69
74
149
22
-65
-37
-131
12
124
211
99
126
71
-142
-64
23
23
58
40
59
7
8
-70
-203
-70
-2
24
95
-25
-173
-187
-246
-221
-169
-75
-43
88
64
-155
-209
-266
-174
-53
55
117
58
-54
-205
-280
-214
-122
-33
90
38
7
-82
-232
-211
-331
-122
-21
112
110
-210
-191
-188
-171
-110
-109
-20
-40
93
35
-97
-80
-92
-52
-22
100
-22
-18
24
-23
62
102
41
122
-10
12
-88
-162
-33
31
30
66
24
-138
-162
-182
-116
-158
-8
48
-14
11
-128
-154
-124
-46
-6
6
105
71
-14
25
70
-4
-5
64
23
71
-6
101
128
16
152
142
90
165
155
74
83
292
220
162
256
277
156
185
259
188
230
289
296
227
212
144
140
200
292
398
397
346
275
214
217
191
280
330
178
333
320
127
140
126
48
74
142
196
5
18
-36
-212
-31
1
-18
-92
-25
-115
-149
-106
-36
-27
45
66
-163
-96
-185
-167
-85
-133
57
-48
-34
-149
-404
-394
-482
-312
-235
-227
-241
-378
-411
-437
-436
-449
-368
-274
-253
-248
-340
-387
-514
-409
-311
-267
-95
-100
-149
-167
-186
-183
-242
-124
-47
-36
61
4
-35
-158
-154
-227
-198
-46
-4
-43
-82
-98
-312
-379
-309
-341
-204
-194
-195
-219
-260
-283
-377
-333
-232
-134
-26
19
58
64
77
150
232
298
261
393
448
432
361
327
404
353
471
478
431
438
409
353
345
325
318
341
460
562
452
467
345
412
418
525
561
465
501
525
568
535
541
481
456
518
457
355
347
391
370
360
390
302
202
73
20
-26
-3
-73
-34
-137
-239
-362
-341
-357
-413
-480
-504
-397
-469
-400
-535
-672
-561
-619
-620
-657
-507
-337
-390
-343
-421
-526
-560
-551
-516
-446
-76
344
471
243
-99
-266
-399
-284
-47
164
349
229
100
-244
-654
-995
-1165
-874
-712
-627
-679
-926
-1127
-1503
-1583
-1408
-1171
-842
-743
-661
-772
-704
-679
-547
-120
98
369
521
602
640
568
603
665
898
1059
1087
1144
1081
945
827
899
903
979
941
882
786
606
520
465
505
438
434
453
458
417
288
269
384
564
779
806
771
709
773
803
750
840
903
1072
1137
1054
847
535
537
539
531
507
405
283
158
138
-329
-597
-618
-578
-452
-373
-416
-860
-827
-631
-960
-771
-924
-678
-462
-143
-219
-950
-496
-541
-596
-219
-218
-251
90
463
-191
-438
-190
-611
78
-9
84
-241
-53
4
-519
-74
-657
-526
-238
-473
-147
-534
-436
-700
-737
-198
-665
-244
-671
-776
-707
-684
-622
-472
-454
-392
-43
7
-154
-225
-274
-330
105
403
358
157
254
180
196
326
-14
-88
-23
-24
-63
-283
-358
-483
-419
-340
-514
-715
-845
-662
-628
-527
-534
-611
-371
-226
-28
-97
54
185
286
603
711
703
697
781
933
1127
1116
1074
1032
939
786
855
907
781
646
798
743
666
635
517
611
884
725
656
635
799
896
873
913
633
761
850
1020
891
776
808
889
764
706
552
686
743
762
568
358
395
129
89
7
115
7
-51
32
-245
-433
-613
-828
-700
-502
-586
-851
-844
-858
-791
-936
-1067
-953
-980
-659
-764
-965
-1077
-904
-787
-1010
-708
-735
-615
-578
-732
-807
-904
-774
-762
-874
-710
-584
-615
-535
-826
-548
-559
-674
-752
-832
-535
-794
-662
-784
-817
-521
-547
-635
-953
-673
-521
-516
-377
-575
-231
-208
-93
-402
-359
-30
18
180
-61
133
197
382
353
184
269
351
462
358
451
382
456
715
745
697
531
486
409
430
530
575
619
678
662
646
539
388
244
271
371
398
442
437
419
305
136
113
9
166
213
198
274
228
349
175
96
137
94
422
435
296
404
667
645
389
361
649
910
769
617
642
1024
963
519
516
728
1020
974
505
585
784
908
627
164
347
631
912
630
203
392
839
1016
356
336
632
512
467
-125
-194
291
498
225
-97
-148
-271
-425
-593
-869
-628
-401
-435
-633
-694
-1057
-1100
-1206
-1288
-991
-817
-1022
-1316
-1314
-1205
-1224
-1370
-1306
-866
-1053
-1101
-1239
-1451
-1323
-1048
-721
-1120
-1162
-1043
-667
-1025
-1454
-1271
-956
-395
-637
-1175
-1151
-740
-479
-862
-1045
-1106
-307
50
-577
-1250
-799
57
-20
-428
-621
-107
281
100
-172
-282
-230
201
325
172
-178
125
372
245
225
65
73
510
627
586
985
1533
1424
907
672
616
950
1139
1150
1350
1653
1669
1350
1056
796
638
729
839
1031
1023
856
554
257
16
-230
-44
370
542
412
283
242
246
141
129
381
745
784
881
987
1021
957
650
690
1001
1351
1353
1287
1302
1114
924
800
725
659
722
769
696
519
342
280
535
518
94
94
425
411
63
-18
186
404
416
332
377
426
389
-7
-50
60
113
157
11
3
-16
114
15
-565
-772
-787
-977
-1179
-1136
-849
-766
-1036
-1332
-1725
-1589
-1568
-2101
-1946
-1750
-975
-1008
-1896
-2071
-1549
-1628
-2295
-2013
-965
-1114
-1465
-1460
-1417
-1092
-1071
-1493
-1322
-935
-570
-702
-887
-556
-571
-490
-868
-881
-565
-482
-155
-466
-363
-322
-298
-29
-636
-546
-376
225
301
-287
-110
-219
97
173
-150
85
177
677
461
394
562
354
734
734
851
723
770
1058
1295
1635
1818
1767
1602
1331
1129
1097
1285
1421
1637
1854
1804
1583
1003
600
301
372
628
852
805
522
425
-4
-428
-629
-519
-115
155
218
148
6
-41
-252
-213
-4
291
635
804
846
753
687
594
554
532
788
1087
1084
1068
1040
920
841
654
524
671
785
774
665
596
521
423
519
395
235
429
615
524
301
319
294
321
342
188
175
464
559
236
-168
-188
120
236
100
19
169
70
-305
-696
-816
-669
-676
-858
-1154
-1257
-1079
-1121
-1621
-2091
-1984
-1738
-1849
-2254
-2306
-2102
-2143
-2152
-2107
-2083
-2146
-2037
-1989
-1902
-1755
-1575
-1481
-1665
-1505
-1242
-996
-1027
-1114
-995
-979
-879
-972
-1123
-690
-334
-392
-746
-886
-468
-408
-778
-1017
-385
195
-132
-595
-553
8
-34
-468
-574
-54
707
399
-210
-306
318
723
511
318
545
1154
1047
667
489
760
1126
1297
1685
2152
2434
1910
1085
845
1130
1452
1448
1804
2350
2614
1982
901
529
405
694
792
1113
1517
1345
801
-149
-573
-759
-617
-55
408
669
442
27
-216
-420
-331
27
700
1228
1141
1130
1024
932
649
506
958
1382
1660
1485
1399
1317
943
674
523
656
914
984
834
589
478
373
276
284
316
341
356
433
335
176
26
145
297
185
114
164
373
296
75
-16
86
305
374
267
161
134
33
-204
-337
-328
-370
-480
-632
-702
-737
-1020
-1326
-1408
-1491
-1530
-1624
-1750
-1960
-2067
-2221
-2304
-2268
-2167
-2043
-2166
-2125
-2065
-2123
-2301
-2361
-2014
-1693
-1585
-1728
-1671
-1260
-1250
-1458
-1551
-1174
-698
-898
-1141
-1117
-597
-553
-1002
-1042
-741
-298
-525
-1045
-1074
-368
2
-330
-687
-548
-19
-7
-426
-735
-68
657
457
-115
-42
816
1020
567
297
701
1223
1249
1024
1165
2048
2963
3155
2394
1567
1549
1936
2225
2031
2411
3285
3457
2759
1552
1072
1041
909
1011
1380
2076
2077
1123
32
-644
-548
-608
-398
236
621
668
60
-355
-451
-400
-21
420
1209
1554
1399
1268
1079
923
742
1078
1812
2100
2124
1864
1690
1449
883
787
941
1306
1279
951
583
328
383
181
-19
31
132
226
10
-197
-273
-273
-143
-66
-29
-58
35
152
11
-200
-197
6
182
226
207
153
63
-175
-432
-601
-396
-198
-342
-657
-1081
-1350
-1686
-1958
-1951
-1900
-1888
-2249
-2444
-2436
-2750
-3170
-3449
-3259
-2819
-2565
-2513
-2605
-2645
-2759
-2879
-2763
-2334
-1761
-1668
-1702
-1483
-1221
-1056
-1184
-1183
-1062
-793
-297
-266
-389
-255
-36
-113
-629
-654
-89
168
-155
-366
-272
14
251
-28
-357
-300
124
171
-38
-30
315
865
653
302
381
710
971
879
889
1064
1563
1775
1705
2148
2887
3292
2664
1678
1422
1978
2385
2243
2333
2940
3185
2489
1167
467
458
430
539
793
1435
1198
-69
-1162
-1755
-1606
-1442
-1068
-380
-92
-427
-1208
-1411
-1171
-983
-498
129
995
1329
910
627
478
745
894
1182
1840
2245
2433
1992
1392
1100
948
1190
1370
1443
1409
1080
881
326
46
117
282
483
208
52
45
27
-132
-374
-140
188
360
305
197
264
234
134
-136
68
595
762
577
310
268
154
-152
-364
-257
-24
-31
-248
-528
-887
-1282
-1721
-1880
-1959
-1908
-2021
-2138
-2232
-2559
-2901
-3296
-3376
-3325
-3141
-2813
-2618
-2586
-2808
-3040
-3008
-2826
-2441
-1992
-1502
-1205
-1147
-1100
-1190
-1166
-1024
-701
-363
-210
-169
-128
-28
-77
-338
-521
-443
-406
-492
-620
-490
-373
-576
-833
-783
-597
-543
-685
-726
-409
-157
-59
-123
54
467
569
628
872
1205
1383
1487
1734
2257
3062
3720
3664
2728
2010
2055
2555
2848
2864
3294
3602
3234
2117
918
442
170
281
670
985
1076
100
-1049
-1935
-2286
-1941
-1533
-782
-497
-666
-1082
-1573
-1407
-1245
-799
30
739
1293
1089
1028
1032
976
1147
1227
1944
2550
2611
2502
1997
1760
1488
1434
1670
1672
1796
1397
914
630
360
501
461
468
444
285
303
81
46
34
210
516
536
640
746
854
803
562
741
1088
1230
1097
992
1123
1108
934
754
744
700
465
129
-124
82
233
-74
-771
-1364
-1496
-1642
-1849
-2035
-2047
-2050
-2371
-2667
-3021
-3116
-3292
-3386
-3146
-2843
-2434
-2633
-2963
-3122
-2982
-2484
-2143
-1708
-1365
-1223
-1272
-1447
-1277
-961
-621
-392
-373
-246
-218
-279
-514
-678
-623
-557
-550
-704
-825
-845
-898
-1045
-1122
-947
-751
-721
-845
-943
-809
-631
-429
-216
27
181
215
320
539
824
1178
1417
2036
3054
3685
3441
2231
1592
1927
2486
2973
2922
3368
3570
2826
1880
863
771
467
181
635
867
1053
-172
-1506
-1948
-2275
-1818
-1752
-930
-287
-823
-1235
-1879
-1328
-691
-373
493
845
1380
1233
1139
1644
1577
1952
2090
2486
3060
2798
2903
2554
2383
2209
1912
2408
2316
2134
1550
992
997
733
855
880
817
650
93
82
128
283
418
359
601
606
670
746
818
999
945
1088
1291
1533
1546
1185
1058
1171
1259
1085
897
908
747
266
-285
-518
-311
-275
-705
-1284
-1811
-2087
-2412
-2714
-2878
-2999
-3032
-3288
-3454
-3603
-3796
-3874
-3882
-3519
-3149
-2908
-2844
-3063
-3057
-2848
-2317
-1692
-1373
-1108
-1050
-1091
-1133
-969
-489
-242
-284
-409
-340
-234
-457
-800
-961
-896
-925
-1260
-1555
-1636
-1676
-1769
-1919
-1863
-1663
-1646
-1904
-2038
-1946
-1687
-1545
-1335
-951
-599
-463
-585
-474
-159
317
674
989
1551
2456
3533
3596
2524
1453
1571
2499
2824
2792
3085
3742
3306
1929
838
460
487
173
319
960
1029
137
-1550
-2281
-2154
-1812
-1301
-918
-342
-593
-1244
-1511
-1273
-305
314
966
1485
1596
1755
1609
1928
2160
2421
2912
3089
3287
3203
3057
2934
2556
2542
2722
2914
2757
2057
1613
1298
1144
1028
1068
1361
1140
690
282
307
557
550
619
800
1161
1245
1020
1102
1271
1393
1391
1487
1779
1878
1766
1511
1317
1282
1291
1232
992
688
402
60
-428
-728
-769
-885
-1397
-1998
-2091
-2042
-2337
-3141
-3715
-3652
-3591
-3714
-3876
-3816
-3770
-3968
-3993
-3836
-3512
-3409
-3444
-3266
-3072
-2630
-2274
-1978
-1739
-1729
-1483
-1288
-1120
-985
-838
-591
-623
-752
-765
-682
-649
-906
-1144
-1168
-1239
-1487
-1827
-1964
-1913
-2041
-2173
-2125
-1956
-1953
-2236
-2309
-2149
-1886
-1687
-1422
-1015
-686
-483
-381
-161
161
407
659
1203
1873
2719
3685
4128
3613
2328
1958
2755
3358
3611
3476
3943
3756
2614
1699
842
787
488
561
1218
1039
447
-1097
-2072
-2002
-1915
-973
-578
-180
-476
-1431
-1243
-927
86
820
1259
2113
2031
2295
2373
2517
3097
3113
3790
4002
4057
4191
3728
3732
3151
3117
3566
3613
3486
2385
1795
1466
1164
1305
1192
1432
1054
381
124
-52
336
315
454
779
812
986
887
1149
1306
1199
1448
1651
2051
2002
1747
1745
1591
1627
1520
1451
1299
826
427
-66
-317
-524
-681
-836
-1305
-1905
-2591
-2970
-3167
-3435
-3605
-3814
-3964
-4224
-4385
-4471
-4634
-4623
-4437
-4013
-3692
-3508
-3497
-3478
-3411
-3157
-2553
-1927
-1539
-1456
-1455
-1349
-1311
-1199
-1011
-748
-607
-714
-800
-847
-939
-1232
-1433
-1413
-1515
-1761
-2096
-2174
-2126
-2271
-2366
-2326
-2166
-2184
-2319
-2268
-2089
-1912
-1725
-1478
-1106
-760
-549
-247
19
178
342
515
1087
1640
2114
3130
4052
4145
2832
1789
2377
3075
3441
3296
3612
4149
3239
2256
1035
652
844
669
1238
1230
1077
75
-1740
-1951
-1664
-594
-102
-301
-116
-847
-860
-834
-386
875
1410
2135
1941
1920
2509
2415
2849
2908
3649
4261
3915
3854
3407
3453
3280
2961
3454
3531
3512
2544
1481
1336
1105
1357
1220
1265
1269
563
164
-212
9
202
192
614
737
982
935
812
939
803
1155
1510
1767
1793
1483
1546
1440
1303
1248
1200
1168
631
133
-208
-412
-575
-1054
-1547
-1829
-1808
-2119
-2852
-3595
-3821
-3831
-4038
-4242
-4470
-4444
-4548
-4795
-4701
-4595
-4088
-4008
-3862
-3587
-3456
-3160
-3224
-2686
-2075
-1674
-1405
-1476
-1102
-1089
-1116
-1106
-980
-500
-585
-715
-876
-1039
-1203
-1732
-1871
-1941
-2015
-2188
-2585
-2624
-2707
-2763
-2881
-3027
-3004
-3035
-2906
-2700
-2534
-2376
-2135
-1812
-1495
-1154
-709
-328
-123
110
410
829
1304
1817
2412
3559
4571
4386
2933
2009
2758
3533
3626
3764
4226
4332
3001
1980
1320
944
1058
1157
1675
1445
811
-223
-1713
-1741
-1096
-231
80
-105
131
-631
-952
-516
324
1348
1627
2294
2541
2479
2755
2659
3209
3637
4279
4592
4138
4152
3920
3762
3647
3794
4342
3923
3188
2344
1839
1809
1629
1742
1562
1334
991
403
139
4
170
271
312
599
706
791
655
499
580
777
1245
1432
1333
1185
1073
1125
1011
1031
1222
1129
664
25
-265
-309
-521
-811
-1171
-1415
-1494
-1813
-2318
-2950
-3311
-3481
-3611
-3557
-3696
-3846
-4071
-4260
-4215
-4248
-3936
-3648
-3452
-3333
-3308
-3014
-3015
-2809
-2318
-1830
-1574
-1673
-1450
-1285
-1243
-1236
-1193
-1003
-1078
-1122
-1140
-1227
-1294
-1609
-1902
-2133
-2244
-2315
-2532
-2590
-2685
-2886
-3031
-3025
-2907
-2928
-2966
-2757
-2440
-2274
-2154
-1825
-1485
-1233
-964
-341
178
451
639
807
1282
1675
2423
2846
3643
4846
4880
3950
2565
3008
4012
4094
4527
4612
4774
3562
2367
2079
1329
1646
1690
2027
1853
790
166
-1225
-1412
-766
-184
463
-56
98
-402
-834
-341
156
1389
1743
2239
2694
2496
2758
2523
3056
3829
4301
4711
4177
4194
4055
3753
3853
3892
4346
3815
2895
2289
1976
2197
1822
1494
1307
996
649
15
-8
147
55
-27
-104
277
446
295
204
203
565
777
949
1155
1080
933
740
914
1250
1387
1419
1052
533
121
-50
-3
-307
-697
-1126
-1520
-1660
-2119
-2323
-2637
-3011
-3434
-4016
-3978
-4131
-4125
-4272
-4471
-4209
-4392
-4083
-3994
-3972
-3977
-4134
-3405
-3099
-2619
-2517
-2554
-2344
-2361
-1732
-1569
-1552
-1571
-1680
-1464
-1667
-1391
-1263
-1441
-1716
-2120
-2009
-2232
-2371
-2484
-2636
-2566
-2856
-3008
-3198
-3183
-3040
-3170
-2953
-2728
-2428
-2375
-2345
-1992
-1684
-1328
-1098
-628
-29
229
463
711
1125
1528
1738
2389
2678
3725
4786
4659
3555
2376
3192
3768
3908
4343
4327
4349
3043
2484
2069
1377
1878
1594
1816
1419
948
289
-1217
-791
-282
-26
84
-98
318
-534
-671
-56
468
1484
1787
2360
2385
2232
2654
2441
3121
3872
4319
4385
3841
4002
3718
3535
3849
3772
3732
3107
2780
2497
1965
2039
1731
1386
954
666
704
316
242
151
-75
-46
-131
38
-2
-14
147
76
243
272
298
332
194
276
351
689
893
656
356
-114
-243
-388
-529
-693
-966
-1131
-1584
-1915
-2106
-2149
-2467
-3104
-3453
-3643
-3699
-3924
-4019
-4100
-4345
-4264
-4233
-3970
-3968
-4081
-4228
-4321
-3674
-3216
-2880
-3039
-3138
-2880
-2707
-2169
-2044
-1927
-1954
-1975
-1737
-1786
-1522
-1589
-1749
-1947
-2085
-1804
-1942
-2170
-2445
-2492
-2445
-2733
-2859
-2981
-2989
-3028
-3071
-2849
-2690
-2439
-2298
-2247
-1956
-1696
-1353
-928
-400
240
539
750
994
1339
1751
2072
2604
3052
3448
3759
4717
5404
4906
3753
3346
4417
4805
4707
4540
4352
4230
3298
3265
2682
2170
2020
1455
1780
1446
1357
396
-612
-116
7
382
176
168
345
-282
160
673
1517
2118
2009
2418
2463
2908
3076
3018
3750
4107
4381
4136
3887
3962
3542
3467
3420
3542
3586
2912
2356
1808
1803
1761
1182
982
707
514
1
-352
-46
-74
-146
-469
-640
-433
-384
-228
-420
-408
-129
-155
-50
-103
111
235
305
550
349
256
96
-95
-262
-478
-413
-635
-860
-1048
-1420
-1825
-2281
-2492
-2541
-2504
-2689
-3083
-3478
-3671
-3884
-3907
-3602
-3503
-3526
-3735
-3670
-3718
-3817
-3471
-3245
-2910
-2987
-2788
-2513
-2421
-2219
-2346
-2013
-1910
-1781
-1610
-1536
-1242
-1639
-1829
-1840
-1598
-1470
-1859
-1792
-1846
-1977
-2335
-2535
-2247
-2367
-2538
-2661
-2516
-2226
-2298
-2211
-2141
-1793
-1395
-1238
-964
-580
-81
84
124
619
1288
1778
2056
2273
2507
2625
2799
3122
3445
3842
5012
5457
4951
3776
3516
4119
3910
4179
4443
4596
4304
3305
3217
2148
1598
1498
1404
2162
1915
1800
490
-524
-141
-102
515
635
808
588
-152
459
843
1369
1807
1910
2274
2210
2719
2971
2855
3312
3455
3571
3302
3142
3280
2871
2853
2899
2876
2699
2079
1770
1417
1323
1296
815
440
9
-241
-364
-390
-129
-404
-775
-905
-892
-829
-997
-838
-662
-594
-431
-420
-369
-469
-459
-210
-43
163
7
-191
-322
-554
-520
-505
-453
-771
-1317
-1578
-1830
-1870
-2052
-2270
-2302
-2664
-3038
-3522
-3542
-3438
-3650
-3616
-3780
-3698
-3927
-4079
-3960
-3982
-3643
-3687
-3442
-3310
-3273
-3089
-3135
-2736
-2592
-2247
-1999
-2138
-2092
-2126
-1820
-1827
-1873
-1786
-1888
-1834
-2035
-2058
-2035
-2068
-2097
-2366
-2423
-2469
-2474
-2472
-2476
-2243
-2078
-1931
-1814
-1677
-1376
-1125
-850
-681
-495
-58
488
1029
1286
1525
1752
1815
1999
2217
2805
3186
3404
3458
3638
4778
5004
4393
3201
3269
4205
4130
4395
4254
4238
3537
2668
2799
2101
2248
1969
1796
1924
1602
1559
204
-267
234
590
1021
852
1090
494
-243
290
896
1721
1997
2182
2271
1870
2142
2225
2375
2857
3074
3225
2725
2585
2630
2359
2458
2401
2503
2238
1789
1583
1056
974
876
539
232
-55
20
-238
-490
-446
-657
-876
-1119
-1013
-867
-968
-850
-798
-716
-656
-647
-519
-626
-546
-335
-205
-79
-242
-315
-476
-640
-529
-569
-703
-1109
-1400
-1436
-1768
-2037
-2329
-2483
-2519
-2806
-3030
-3342
-3439
-3588
-3875
-3820
-3790
-3786
-3969
-4022
-3832
-3797
-3727
-3724
-3587
-3348
-3098
-2828
-2670
-2386
-2229
-2181
-1995
-1778
-1613
-1587
-1445
-1312
-1460
-1587
-1497
-1382
-1517
-1667
-1594
-1617
-1744
-1803
-1884
-1934
-1875
-1714
-1581
-1517
-1371
-1316
-1356
-1091
-620
-198
-17
187
495
723
1064
1466
1794
2111
2277
2467
2589
2869
3382
3512
3475
3444
4045
5117
5149
4443
3537
3740
4244
4026
4123
4139
4144
3602
3055
3055
2373
2054
1695
1747
2047
1904
1500
283
6
551
806
900
712
781
331
38
736
1365
1868
1873
1683
1697
1823
2389
2462
2379
2718
2875
2838
2520
2537
2601
2232
2161
2261
2387
2167
1551
1114
768
824
830
527
253
-132
-422
-741
-745
-475
-570
-906
-1205
-1211
-1082
-1025
-892
-799
-726
-656
-667
-639
-567
-340
-75
57
60
22
-74
-234
-368
-406
-344
-491
-696
-1005
-1280
-1589
-1946
-2119
-2210
-2258
-2587
-2970
-3125
-3329
-3543
-3806
-3820
-3734
-3881
-3898
-3895
-3797
-3793
-3813
-3536
-3362
-3169
-3040
-2882
-2554
-2397
-2193
-2118
-1901
-1731
-1792
-1682
-1535
-1343
-1507
-1689
-1674
-1715
-1719
-1728
-1633
-1713
-1865
-1896
-1922
-1901
-1911
-1839
-1740
-1582
-1404
-1303
-1182
-939
-544
-282
-83
23
294
665
996
1360
1622
2057
2214
2302
2408
2654
3108
3159
3207
3165
3961
5024
4871
3935
3009
3581
3834
3711
3905
3993
3976
3062
2841
2632
2195
2107
1690
1835
1943
2027
1373
221
337
686
889
941
1132
1229
520
323
754
1229
1698
1807
1888
1840
1867
2123
1991
2234
2597
2635
2427
2108
2218
2073
1953
2172
2157
1930
1448
1113
929
812
851
491
27
-284
-456
-617
-821
-667
-599
-907
-1241
-1382
-1268
-1260
-1226
-1071
-941
-795
-856
-924
-959
-820
-472
-223
-129
-303
-533
-696
-718
-607
-547
-784
-1193
-1529
-1718
-1744
-2024
-2422
-2830
-3068
-3090
-3347
-3518
-3750
-4011
-4286
-4661
-4477
-4371
-4303
-4373
-4426
-4171
-4157
-3931
-3875
-3680
-3329
-3176
-2888
-2742
-2328
-2065
-1998
-1835
-1764
-1458
-1266
-1088
-1067
-1293
-1401
-1458
-1288
-1128
-1063
-1099
-1279
-1312
-1440
-1529
-1460
-1301
-1137
-1133
-964
-797
-774
-781
-630
-205
164
460
590
737
929
1333
1721
1975
2328
2463
2556
2616
2959
3342
3306
3277
3329
3301
4110
4930
4873
3602
2665
3469
3757
3707
3661
3444
3469
2675
2928
2510
1776
1878
1318
1849
1748
1924
1343
115
673
821
1356
1399
1124
1056
156
768
1318
1769
2159
1818
1876
1586
1922
2285
2018
2343
2333
2481
2464
2144
2167
1701
1900
2058
1859
1906
1427
1181
725
507
716
268
112
-129
-321
-416
-653
-406
-655
-888
-1014
-1085
-822
-879
-717
-719
-759
-616
-827
-679
-533
-356
-240
-380
-199
-397
-601
-758
-888
-817
-1033
-1238
-1600
-1887
-1952
-2355
-2628
-2833
-2922
-3063
-3398
-3500
-3738
-3918
-3990
-4128
-4111
-4157
-4078
-4100
-4127
-3807
-3607
-3445
-3469
-3358
-2957
-2654
-2375
-2266
-2016
-1767
-1684
-1480
-1334
-1128
-1133
-1195
-1175
-1233
-1125
-1175
-1144
-1082
-1046
-1022
-1222
-1193
-1059
-1048
-1041
-1028
-751
-597
-568
-460
-501
-313
-39
346
681
791
1039
1145
1415
1738
2075
2438
2573
2813
2831
3054
3343
3602
3744
3537
3676
3681
3807
3664
3953
5152
4970
3964
2551
3134
3916
3395
3399
3140
3549
2874
2303
2319
1472
1951
1606
1676
2058
2126
2094
399
548
1341
1608
1635
1134
1591
1190
1014
1520
1596
2085
1882
1710
1690
1796
2362
1833
1625
1926
2032
1891
1330
1639
1706
1296
1083
744
807
567
275
70
-195
15
-361
-877
-1098
-1131
-932
-1189
-1098
-1020
-1321
-1535
-1732
-1395
-1108
-973
-876
-1153
-1141
-1153
-973
-680
-757
-787
-1133
-1207
-1178
-1327
-1291
-1529
-1684
-1999
-2345
-2444
-2695
-2786
-3084
-3355
-3397
-3580
-3658
-3949
-4096
-4125
-4171
-4030
-4085
-3981
-3902
-4004
-3975
-3793
-3296
-3088
-3091
-2961
-2778
-2419
-2204
-1913
-1638
-1555
-1575
-1701
-1527
-1193
-935
-898
-1027
-1131
-1229
-1188
-997
-786
-736
-858
-1001
-1006
-920
-846
-731
-603
-485
-476
-451
-382
-282
-48
184
471
646
763
992
1136
1355
1636
2010
2354
2399
2558
2727
3005
3270
3340
3505
3526
3636
3524
3363
3483
3616
3550
3489
4047
4332
3684
2703
2516
2878
2870
2887
2819
2817
2662
2446
2272
1640
1630
1753
1880
2128
2228
2151
1201
816
1177
1462
1649
1506
1533
1194
972
1210
1254
1384
1308
1247
1107
1042
1303
1061
780
699
756
736
425
357
241
66
-52
-256
-309
-411
-674
-940
-1091
-928
-977
-1225
-1421
-1514
-1522
-1656
-1592
-1406
-1400
-1548
-1767
-1744
-1571
-1450
-1432
-1490
-1455
-1541
-1705
-1763
-1767
-1765
-1879
-1961
-2050
-2227
-2368
-2578
-2773
-2885
-2899
-2979
-3213
-3383
-3376
-3316
-3346
-3432
-3506
-3505
-3520
-3395
-3321
-3286
-3299
-3304
-3067
-2878
-2676
-2615
-2568
-2328
-2202
-1985
-1859
-1710
-1575
-1652
-1442
-1258
-1022
-1007
-1022
-907
-974
-874
-813
-628
-510
-564
-523
-513
-317
-284
-245
-97
12
194
199
280
322
383
645
854
1158
1305
1375
1448
1504
1831
2159
2471
2560
2532
2661
2852
3063
3250
3420
3461
3385
3376
3575
3644
3597
3517
3427
3477
3282
3245
3093
2923
3034
3319
3579
3294
2850
2651
2548
2639
2764
2884
2872
2737
2733
2561
2311
2416
2401
2397
2351
2393
2352
1828
1788
1670
1636
1624
1416
1352
981
1002
901
522
506
384
320
14
-101
-98
-465
-515
-640
-685
-663
-698
-696
-1109
-1192
-1040
-1084
-1074
-1127
-1022
-1117
-1244
-1204
-1390
-1398
-1317
-1189
-1142
-1208
-1223
-1503
-1693
-1668
-1567
-1495
-1604
-1688
-1932
-2155
-2255
-2370
-2350
-2390
-2471
-2638
-2846
-2876
-2939
-2963
-2975
-2974
-2918
-2914
-2933
-2952
-2935
-2822
-2670
-2485
-2314
-2285
-2252
-2265
-2220
-1954
-1650
-1435
-1538
-1764
-1835
-1777
-1479
-1241
-1109
-1105
-1206
-1284
-1302
-1006
-745
-758
-807
-763
-652
-694
-655
-545
-493
-431
-354
-234
-133
46
117
92
227
476
671
754
942
1188
1286
1366
1553
1810
1959
1985
2071
2175
2372
2542
2663
2788
2857
2941
2894
2908
3028
3157
3192
3046
3048
3089
3117
2975
2819
2911
2973
3032
2959
2821
2741
2582
2629
2624
2764
3137
3210
3009
2504
2457
2714
2751
2922
2850
2856
2708
2484
2520
2196
2207
2053
1912
1906
1726
1687
1016
696
684
585
562
167
92
-362
-769
-834
-1025
-939
-1327
-1554
-1690
-1786
-1586
-1856
-1929
-1951
-1974
-1886
-2019
-1786
-1741
-1824
-1765
-1716
-1391
-1430
-1563
-1616
-1585
-1324
-1343
-1306
-1385
-1553
-1583
-1731
-1686
-1723
-1831
-1989
-2333
-2416
-2440
-2440
-2468
-2594
-2625
-2847
-3040
-3080
-3093
-2940
-2896
-2735
-2605
-2653
-2656
-2848
-2759
-2456
-2203
-2039
-2102
-1968
-1914
-1883
-1769
-1810
-1743
-1806
-1658
-1410
-1339
-1260
-1485
-1589
-1512
-1309
-1104
-1091
-948
-940
-993
-987
-940
-791
-743
-623
-498
-449
-347
-346
-228
-39
147
287
348
546
708
776
898
1045
1199
1369
1564
1745
1831
1928
1997
2080
2288
2428
2479
2473
2544
2730
2801
2854
2853
2758
2699
2691
2787
2866
2878
2805
2626
2657
2740
2723
2663
2600
2730
2704
2675
2726
2716
2712
2605
2686
2742
2794
2767
2748
2772
2727
2664
2416
2347
2361
2431
2320
2080
1983
1704
1556
1296
1067
896
647
602
277
25
-231
-527
-690
-998
-1023
-1280
-1627
-1771
-1901
-1927
-2219
-2328
-2320
-2368
-2333
-2405
-2374
-2387
-2344
-2272
-2271
-2000
-1835
-1799
-1865
-1882
-1684
-1591
-1464
-1384
-1418
-1453
-1530
-1564
-1599
-1646
-1632
-1725
-1827
-1926
-1996
-2032
-2165
-2297
-2397
-2365
-2287
-2327
-2402
-2496
-2520
-2465
-2353
-2126
-2053
-2092
-2154
-2105
-1914
-1746
-1560
-1507
-1490
-1438
-1375
-1301
-1247
-1071
-961
-905
-829
-826
-746
-735
-644
-596
-596
-450
-405
-393
-428
-392
-290
-309
-238
-170
-152
-76
-52
71
137
248
392
411
505
582
753
864
947
1143
1252
1404
1451
1504
1655
1804
2020
2055
2114
2238
2329
2376
2397
2523
2657
2667
2658
2672
2663
2563
2492
2547
2678
2675
2509
2432
2423
2437
2390
2419
2516
2457
2335
2306
2412
2544
2523
2501
2455
2490
2570
2486
2418
2409
2476
2368
2150
2150
2193
2221
2031
1788
1646
1514
1476
1348
1238
1111
868
630
399
342
180
-124
-431
-668
-688
-853
-1060
-1349
-1618
-1783
-1988
-2035
-2055
-2130
-2357
-2622
-2622
-2523
-2455
-2550
-2608
-2451
-2377
-2356
-2378
-2245
-2030
-1994
-1930
-1837
-1712
-1683
-1722
-1609
-1509
-1441
-1467
-1555
-1553
-1505
-1414
-1476
-1568
-1657
-1766
-1851
-1902
-1776
-1721
-1789
-1837
-1840
-1786
-1834
-1831
-1735
-1632
-1542
-1562
-1557
-1484
-1377
-1273
-1231
-1134
-1073
-1067
-999
-919
-773
-723
-663
-536
-513
-492
-535
-456
-343
-256
-160
-177
-165
-200
-201
-116
20
169
179
103
85
152
246
399
538
597
572
625
729
810
955
1094
1201
1241
1347
1442
1485
1578
1696
1841
1908
1967
2036
2073
2098
2171
2272
2348
2369
2268
2196
2203
2243
2235
2199
2163
2081
1983
1910
1915
1951
1902
1850
1783
1795
1841
1765
1739
1727
1769
1749
1657
1682
1639
1610
1606
1590
1576
1420
1422
1438
1356
1298
1189
1221
1171
1085
913
694
676
544
399
243
174
34
-308
-513
-667
-841
-1111
-1353
-1362
-1457
-1634
-1907
-2173
-2255
-2409
-2465
-2488
-2433
-2406
-2607
-2695
-2683
-2565
-2441
-2347
-2201
-2190
-2149
-2045
-1919
-1833
-1831
-1742
-1615
-1445
-1341
-1359
-1407
-1444
-1393
-1307
-1181
-1150
-1240
-1367
-1444
-1399
-1335
-1340
-1443
-1500
-1468
-1488
-1518
-1491
-1488
-1544
-1563
-1424
-1299
-1281
-1298
-1315
-1215
-1047
-882
-840
-892
-836
-806
-699
-574
-431
-334
-485
-469
-466
-289
-155
-195
-111
-156
-67
-94
-46
45
-35
38
59
188
226
247
330
334
507
613
647
621
665
869
955
1117
1231
1263
1290
1389
1601
1655
1727
1773
1796
1876
1984
2138
2075
2068
2157
2181
2183
2135
2210
2209
2182
2161
2037
1999
1962
1914
1828
1835
1925
1888
1743
1637
1616
1591
1521
1515
1512
1483
1450
1403
1326
1273
1249
1217
1147
1096
1134
1128
1098
1033
955
870
759
745
682
692
636
531
438
245
228
-5
-143
-236
-372
-386
-633
-738
-932
-1147
-1204
-1366
-1358
-1508
-1634
-1746
-1867
-1795
-1940
-1986
-2090
-2076
-1958
-2023
-1935
-1967
-1938
-1907
-1889
-1683
-1667
-1622
-1619
-1531
-1346
-1354
-1215
-1174
-1148
-1143
-1160
-1035
-983
-901
-923
-1002
-1013
-1015
-921
-947
-956
-976
-1101
-1152
-1187
-1088
-1043
-1105
-1174
-1253
-1187
-1074
-1006
-920
-896
-840
-843
-867
-740
-572
-463
-448
-412
-307
-268
-303
-282
-120
74
113
50
47
98
117
65
136
319
402
381
266
285
359
402
469
585
802
854
801
763
858
1010
1087
1175
1299
1410
1404
1413
1452
1619
1728
1788
1837
1839
1902
1851
1873
1921
2025
2090
1962
1938
1916
1938
1916
1851
1894
1838
1798
1768
1777
1786
1660
1558
1499
1513
1541
1521
1504
1434
1349
1268
1211
1169
1085
1005
986
990
987
947
895
803
691
617
589
613
564
508
460
420
326
222
150
71
15
-38
-92
-266
-459
-584
-700
-788
-898
-1023
-1156
-1374
-1505
-1674
-1753
-1819
-1908
-1949
-2084
-2105
-2195
-2206
-2121
-2125
-2071
-2155
-2124
-2076
-1966
-1799
-1763
-1653
-1581
-1500
-1423
-1383
-1250
-1197
-1068
-968
-907
-870
-965
-996
-1036
-970
-862
-833
-814
-931
-1016
-1114
-1139
-1072
-1031
-956
-988
-1028
-1072
-1084
-1011
-928
-774
-697
-656
-658
-643
-481
-357
-257
-187
-119
-46
-12
23
45
83
97
154
170
150
91
-2
-62
-40
22
22
-16
-54
-69
-37
5
65
104
170
295
376
479
573
685
795
907
1020
1152
1257
1372
1457
1530
1632
1686
1779
1804
1842
1873
1876
1929
1909
1897
1793
1672
1639
1637
1669
1569
1424
1299
1226
1226
1201
1214
1142
1006
917
893
933
946
891
785
690
708
800
802
724
662
638
594
569
601
640
609
510
462
411
382
323
244
232
214
212
117
57
-2
-133
-213
-294
-247
-337
-493
-571
-679
-721
-904
-1010
-1111
-1227
-1286
-1421
-1435
-1510
-1569
-1616
-1714
-1698
-1793
-1833
-1794
-1755
-1665
-1731
-1729
-1708
-1676
-1593
-1564
-1510
-1523
-1478
-1390
-1325
-1258
-1259
-1246
-1224
-1202
-1137
-1095
-1102
-1133
-1131
-1092
-1045
-1004
-958
-954
-972
-954
-879
-804
-758
-732
-715
-639
-551
-484
-428
-359
-239
-159
-103
-78
-87
-32
28
67
104
111
106
46
27
99
87
40
-12
-23
-31
-51
26
60
100
103
77
97
102
193
315
434
546
627
672
706
775
849
976
1102
1229
1304
1351
1407
1428
1479
1542
1654
1719
1718
1673
1618
1654
1701
1689
1638
1598
1595
1582
1566
1508
1416
1379
1379
1361
1303
1254
1173
1077
1035
1045
1081
1012
908
836
780
825
826
799
747
653
631
572
602
599
585
565
477
458
403
375
332
279
266
164
96
-16
-96
-182
-254
-307
-393
-401
-513
-626
-728
-766
-762
-859
-911
-987
-1035
-1098
-1167
-1146
-1177
-1175
-1220
-1204
-1181
-1228
-1245
-1299
-1244
-1209
-1216
-1237
-1260
-1223
-1227
-1220
-1167
-1162
-1155
-1128
-1076
-1055
-1061
-1031
-997
-921
-833
-756
-755
-799
-786
-700
-608
-517
-507
-528
-551
-528
-437
-346
-303
-322
-350
-365
-329
-276
-241
-217
-247
-257
-256
-252
-189
-196
-212
-212
-191
-120
-122
-157
-196
-202
-158
-133
-69
-77
-85
-142
-143
-23
47
113
93
102
140
162
254
326
442
495
497
528
611
733
829
879
942
1027
1090
1186
1261
1364
1439
1459
1516
1587
1675
1677
1640
1660
1730
1776
1734
1700
1664
1617
1594
1564
1541
1463
1333
1275
1231
1193
1102
987
939
857
819
762
734
688
592
530
454
447
431
408
382
312
273
234
204
167
103
69
50
22
-53
-141
-188
-242
-257
-317
-358
-421
-485
-556
-645
-646
-667
-696
-771
-824
-839
-884
-929
-956
-934
-924
-970
-1016
-1042
-1002
-980
-997
-996
-1028
-1038
-1043
-1031
-992
-1014
-1042
-1043
-992
-947
-968
-970
-968
-937
-884
-850
-799
-815
-794
-775
-762
-733
-699
-681
-664
-623
-614
-618
-630
-595
-581
-582
-572
-574
-564
-593
-576
-541
-512
-495
-529
-518
-516
-492
-464
-444
-399
-391
-385
-384
-381
-343
-335
-337
-340
-334
-271
-274
-273
-310
-297
-240
-237
-206
-209
-191
-192
-189
-107
-27
10
30
61
180
253
358
444
504
564
617
746
906
1032
1120
1128
1125
1206
1274
1535
1663
1640
1444
1297
1500
1551
1592
1503
1396
1430
1260
1370
1202
1148
1088
964
1143
1016
1056
765
656
756
742
903
690
687
556
542
629
558
675
522
523
460
481
523
354
362
296
360
311
234
169
53
84
49
81
35
-32
-93
-174
-161
-175
-212
-298
-372
-421
-399
-362
-389
-493
-594
-596
-601
-614
-625
-625
-673
-749
-777
-763
-742
-796
-849
-903
-931
-927
-948
-948
-986
-996
-1014
-1044
-1041
-1058
-1069
-1088
-1086
-1061
-1062
-1083
-1115
-1107
-1065
-1040
-1053
-1077
-1075
-1070
-1031
-1003
-992
-1006
-1023
-984
-947
-865
-839
-831
-822
-793
-701
-633
-566
-540
-507
-405
-329
-262
-221
-207
-177
-162
-105
-23
48
104
92
83
93
118
148
189
246
242
224
197
228
286
321
321
319
392
436
485
523
556
630
638
720
776
857
927
946
1016
1020
1103
1143
1152
1191
1214
1305
1302
1302
1321
1324
1336
1326
1370
1400
1376
1310
1275
1290
1263
1220
1158
1115
1045
979
941
938
921
854
799
739
735
699
654
636
616
603
551
524
527
535
532
501
488
466
460
417
366
359
333
291
248
248
199
117
26
-21
-29
-78
-118
-204
-298
-371
-435
-461
-486
-514
-564
-633
-684
-713
-727
-746
-768
-795
-816
-829
-838
-841
-864
-869
-867
-862
-875
-890
-905
-917
-906
-952
-987
-1016
-1016
-1021
-1041
-1059
-1104
-1130
-1177
-1202
-1187
-1162
-1138
-1179
-1204
-1197
-1192
-1158
-1147
-1115
-1078
-1063
-1045
-1026
-957
-909
-887
-861
-824
-767
-742
-667
-607
-539
-482
-456
-400
-379
-301
-251
-207
-153
-117
-78
-67
-8
43
98
129
155
201
231
292
316
348
396
426
473
490
540
554
579
654
718
788
808
813
833
892
998
1082
1130
1149
1140
1183
1234
1293
1343
1348
1363
1385
1428
1454
1440
1426
1410
1408
1389
1360
1349
1317
1261
1180
1146
1132
1087
1042
980
932
859
809
792
769
717
637
587
557
517
481
461
438
398
350
328
300
275
235
192
151
117
89
34
-9
-60
-137
-193
-259
-305
-354
-400
-435
-507
-576
-650
-700
-736
-762
-780
-827
-877
-924
-967
-989
-992
-989
-979
-980
-990
-1014
-1018
-1006
-996
-961
-957
-950
-960
-987
-975
-974
-940
-910
-918
-947
-996
-1007
-1002
-974
-946
-957
-998
-1053
-1062
-1052
-1024
-1028
-1054
-1073
-1097
-1103
-1097
-1087
-1065
-1055
-1036
-1004
-982
-969
-967
-930
-846
-760
-703
-670
-645
-588
-520
-425
-353
-303
-240
-196
-130
-45
34
61
95
164
217
267
299
360
415
440
477
503
537
579
625
674
704
721
731
766
813
864
902
930
958
989
1030
1059
1092
1128
1176
1212
1236
1245
1256
1280
1299
1322
1350
1362
1346
1338
1355
1374
1381
1363
1331
1296
1285
1278
1246
1221
1191
1152
1097
1074
1066
1019
952
902
874
852
816
776
731
668
608
571
567
552
494
417
349
315
286
252
198
114
37
-40
-97
-130
-190
-260
-364
-449
-494
-538
-580
-659
-721
-786
-859
-914
-969
-1004
-1035
-1061
-1089
-1144
-1173
-1199
-1224
-1241
-1250
-1238
-1240
-1239
-1234
-1214
-1200
-1187
-1166
-1148
-1132
-1111
-1088
-1060
-1050
-1018
-1001
-1004
-989
-988
-971
-974
-968
-935
-930
-925
-926
-927
-915
-900
-853
-820
-806
-809
-800
-763
-728
-684
-644
-601
-549
-491
-438
-389
-327
-252
-185
-119
-53
11
54
102
166
235
311
361
412
451
487
528
591
649
687
705
713
753
801
838
857
864
890
892
919
952
945
937
934
958
984
987
980
960
937
934
965
997
987
960
944
949
967
980
988
993
985
988
1001
1015
1033
1029
1020
1020
1025
1051
1046
1031
1010
990
977
962
969
968
937
882
834
808
803
778
751
711
680
638
593
576
544
508
460
427
393
344
297
262
197
119
55
-13
-69
-142
-204
-268
-363
-448
-534
-612
-690
-778
-864
-952
-1021
-1087
-1150
-1214
-1287
-1343
-1378
-1412
-1439
-1452
-1468
-1494
-1510
-1485
-1451
-1416
-1395
-1368
-1335
-1308
-1271
-1237
-1182
-1128
-1078
-1049
-1015
-978
-952
-917
-877
-820
-794
-792
-774
-745
-700
-688
-676
-644
-636
-619
-610
-586
-556
-548
-536
-512
-487
-475
-467
-431
-390
-366
-343
-328
-300
-266
-217
-168
-121
-74
-37
-4
33
78
139
186
225
263
313
347
379
440
498
552
578
601
634
666
705
734
765
783
795
819
841
867
886
901
912
924
948
956
957
965
973
991
1013
1025
1022
1017
1026
1041
1060
1068
1056
1046
1040
1038
1038
1046
1043
1027
996
965
941
922
910
887
861
820
783
744
715
704
665
616
576
536
494
461
435
397
353
320
289
234
181
140
97
42
-23
-76
-128
-180
-264
-333
-393
-463
-537
-612
-678
-747
-823
-901
-980
-1046
-1122
-1185
-1231
-1291
-1355
-1419
-1457
-1491
-1522
-1533
-1534
-1536
-1542
-1538
-1513
-1477
-1436
-1387
-1336
-1282
-1222
-1162
-1097
-1040
-979
-906
-838
-764
-711
-664
-624
-565
-500
-462
-419
-381
-350
-333
-312
-288
-271
-245
-244
-241
-229
-209
-197
-209
-208
-195
-193
-194
-184
-169
-155
-161
-159
-125
-88
-47
-35
-29
-7
19
63
107
145
183
214
253
282
323
351
373
408
449
484
516
530
553
573
591
613
622
641
661
690
714
731
746
766
779
801
828
856
870
879
902
938
969
990
1000
1005
1019
1035
1053
1080
1084
1074
1064
1054
1066
1065
1041
1016
990
976
949
925
899
865
842
818
799
762
721
681
647
617
587
552
505
455
405
368
337
296
251
207
154
98
38
4
-53
-108
-145
-198
-250
-322
-375
-434
-490
-528
-609
-676
-742
-810
-855
-931
-990
-1046
-1124
-1178
-1232
-1267
-1316
-1377
-1423
-1447
-1449
-1460
-1476
-1490
-1482
-1467
-1447
-1407
-1355
-1338
-1314
-1261
-1189
-1109
-1049
-992
-923
-848
-772
-696
-622
-544
-480
-399
-318
-261
-202
-152
-90
-43
5
52
82
110
146
184
213
227
231
236
251
272
278
282
290
295
298
301
311
322
330
342
347
351
355
357
371
386
399
411
420
424
423
431
441
454
460
461
467
481
484
481
493
515
534
545
548
557
561
579
597
606
614
624
636
636
647
661
664
667
678
689
687
689
691
688
681
669
666
662
654
637
626
615
604
583
555
538
528
525
512
497
471
444
415
400
396
387
353
315
300
279
253
221
192
169
142
104
74
47
17
-33
-71
-92
-120
-145
-181
-225
-259
-291
-327
-369
-409
-433
-476
-518
-552
-590
-637
-681
-715
-763
-807
-844
-876
-921
-972
-1002
-1036
-1061
-1094
-1126
-1142
-1153
-1160
-1168
-1160
-1140
-1125
-1122
-1105
-1076
-1028
-983
-945
-892
-839
-789
-746
-689
-613
-549
-497
-436
-373
-311
-265
-218
-147
-89
-45
6
49
93
123
156
193
220
256
274
286
303
318
331
339
350
354
344
343
341
348
346
337
327
324
320
308
302
289
283
276
266
255
250
256
252
245
247
250
250
246
248
259
271
290
295
304
319
334
346
366
390
416
426
430
443
459
474
485
502
506
505
507
518
523
507
495
487
482
474
465
447
435
418
397
391
377
363
340
318
305
288
282
264
243
231
218
214
199
179
160
146
126
101
83
72
68
55
25
5
-11
-39
-56
-80
-103
-124
-155
-179
-201
-220
-241
-272
-291
-315
-345
-378
-394
-402
-426
-447
-462
-476
-504
-535
-545
-559
-581
-598
-610
-619
-638
-650
-658
-665
-665
-669
-671
-678
-679
-669
-663
-660
-647
-626
-608
-589
-570
-556
-531
-510
-487
-451
-414
-376
-354
-318
-287
-248
-209
-171
-139
-108
-71
-18
27
58
91
123
147
178
211
239
263
284
306
326
344
347
348
354
357
342
333
338
328
310
296
290
279
250
229
217
206
192
175
160
147
136
124
110
110
118
115
124
129
138
140
152
173
184
200
215
225
242
263
281
295
311
324
333
352
370
380
379
373
386
402
400
392
389
386
381
375
374
379
370
362
352
342
336
321
318
311
306
294
287
286
282
282
266
258
242
235
231
224
220
219
206
187
179
171
150
126
107
100
89
76
51
29
0
-25
-47
-69
-81
-103
-139
-172
-186
-206
-224
-251
-286
-308
-310
-313
-328
-347
-366
-387
-403
-404
-402
-425
-444
-450
-464
-458
-472
-487
-500
-514
-517
-521
-521
-523
-522
-538
-540
-525
-505
-494
-491
-475
-460
-443
-434
-409
-375
-358
-334
-310
-272
-226
-200
-174
-141
-115
-94
-62
-38
-15
14
38
59
75
84
100
109
118
127
136
130
122
131
120
108
108
102
82
68
63
48
32
18
14
13
-5
-9
-9
-14
-20
-24
-19
-20
-11
-6
5
18
28
61
74
90
106
129
154
175
198
224
248
273
296
313
335
366
376
385
395
402
400
416
428
432
429
419
425
418
412
413
413
400
398
399
395
376
362
367
356
358
342
337
330
318
311
292
293
285
271
253
235
230
215
198
180
159
151
120
93
69
49
25
-9
-16
-38
-73
-100
-123
-135
-157
-185
-208
-225
-232
-249
-277
-280
-282
-295
-322
-336
-339
-337
-350
-368
-364
-372
-386
-400
-409
-411
-425
-459
-467
-467
-471
-487
-505
-504
-509
-533
-549
-541
-543
-556
-562
-549
-535
-537
-535
-518
-494
-483
-473
-461
-436
-419
-402
-364
-335
-323
-316
-289
-253
-223
-209
-185
-155
-135
-124
-107
-77
-53
-40
-25
0
18
21
22
32
56
76
83
77
90
100
96
92
92
103
109
107
115
123
129
134
135
146
153
168
183
202
210
222
236
257
276
290
316
339
358
375
391
411
424
434
455
475
487
491
504
508
518
532
536
538
530
529
527
525
521
505
505
496
487
479
468
461
441
426
414
407
394
377
356
344
337
326
312
289
273
250
238
216
195
171
149
140
119
93
66
38
12
-9
-26
-50
-80
-102
-122
-138
-159
-187
-201
-221
-236
-266
-286
-294
-302
-313
-330
-343
-359
-376
-388
-384
-389
-402
-415
-420
-426
-434
-438
-449
-462
-464
-465
-466
-474
-479
-480
-481
-491
-496
-492
-502
-510
-507
-492
-493
-495
-489
-472
-469
-468
-452
-439
-426
-409
-390
-373
-352
-337
-314
-293
-264
-235
-213
-187
-170
-150
-123
-92
-68
-44
-33
-10
18
37
52
70
94
101
104
132
155
162
168
182
205
210
217
231
242
256
262
269
291
307
313
311
328
348
357
363
383
401
413
417
435
455
460
474
478
488
491
495
504
515
518
507
502
514
522
505
498
498
496
492
490
488
473
452
437
441
436
414
398
386
375
357
341
334
317
303
285
268
246
222
205
185
161
134
111
91
66
33
10
-16
-52
-77
-99
-117
-149
-176
-191
-212
-236
-267
-281
-294
-317
-343
-347
-350
-369
-392
-391
-390
-408
-421
-426
-425
-433
-441
-442
-432
-430
-435
-438
-432
-431
-432
-424
-420
-424
-437
-435
-418
-412
-419
-414
-403
-404
-413
-405
-392
-389
-391
-391
-377
-364
-362
-365
-353
-334
-326
-319
-312
-289
-283
-273
-261
-240
-224
-218
-205
-182
-164
-152
-137
-114
-92
-87
-75
-54
-24
-6
0
17
42
58
63
74
98
115
125
140
158
177
195
204
220
245
258
272
284
301
320
335
350
372
383
391
402
413
431
440
446
456
462
472
471
472
472
481
485
477
473
466
466
457
450
446
437
433
428
410
401
393
383
370
356
345
332
324
310
290
266
252
240
226
203
183
175
153
125
103
92
73
43
19
-5
-29
-47
-70
-94
-119
-145
-168
-192
-207
-231
-259
-277
-299
-315
-326
-351
-368
-384
-398
-413
-423
-429
-438
-445
-446
-448
-452
-455
-463
-458
-446
-442
-444
-435
-434
-429
-417
-406
-405
-401
-383
-372
-371
-366
-352
-351
-342
-333
-326
-313
-307
-300
-295
-280
-269
-261
-255
-252
-245
-230
-217
-212
-198
-182
-175
-167
-152
-135
-125
-112
-93
-79
-67
-50
-37
-22
-1
12
28
45
66
87
98
112
131
147
161
178
196
209
217
230
246
257
263
273
287
291
298
306
316
323
325
332
337
339
347
350
359
360
361
369
370
376
371
371
373
371
364
363
364
362
355
349
343
338
326
316
311
299
294
283
278
267
254
246
229
216
208
198
186
175
168
159
146
131
118
111
93
83
75
65
54
36
25
13
-4
-16
-28
-42
-57
-67
-79
-94
-108
-117
-134
-153
-161
-174
-191
-204
-211
-220
-234
-249
-259
-266
-277
-288
-296
-298
-307
-316
-321
-327
-333
-329
-334
-334
-339
-339
-335
-338
-335
-337
-333
-333
-328
-325
-324
-323
-312
-305
-307
-296
-287
-283
-277
-268
-259
-253
-235
-223
-215
-209
-198
-185
-174
-158
-145
-127
-118
-105
-91
-74
-60
-44
-28
-14
2
15
27
44
58
69
84
101
115
121
140
152
163
174
188
196
204
223
227
230
236
254
258
259
266
274
282
282
282
289
293
293
295
297
299
299
299
302
301
300
301
301
301
294
287
290
287
281
277
271
268
261
257
255
244
235
226
222
213
205
197
181
177
160
154
147
134
124
109
97
86
75
63
49
34
27
15
6
-4
-17
-25
-40
-47
-59
-66
-73
-85
-92
-103
-108
-117
-127
-133
-143
-155
-161
-168
-176
-185
-198
-204
-208
-217
-221
-228
-233
-242
-250
-253
-259
-259
-265
-270
-272
-271
-273
-277
-275
-275
-278
-277
-275
-269
-267
-268
-261
-255
-251
-249
-241
-238
-236
-231
-216
-210
-203
-196
-188
-177
-169
-161
-152
-144
-133
-117
-106
-100
-87
-74
-67
-55
-43
-30
-21
-13
-1
15
27
33
40
55
66
68
80
94
105
113
117
126
135
140
145
157
164
166
171
177
186
190
195
197
201
208
206
208
207
209
210
207
204
208
208
202
198
198
195
187
185
187
190
180
178
176
172
165
160
161
151
146
143
138
132
126
122
116
109
102
95
91
86
77
69
63
53
45
38
28
18
12
7
-4
-13
-18
-28
-39
-46
-45
-56
-64
-64
-70
-78
-88
-87
-89
-99
-106
-108
-108
-110
-116
-117
-121
-124
-128
-131
-131
-133
-139
-140
-140
-141
-142
-146
-151
-154
-153
-153
-151
-154
-153
-150
-155
-158
-157
-156
-151
-156
-157
-150
-145
-141
-140
-137
-130
-125
-128
-121
-116
-108
-101
-96
-83
-80
-77
-69
-60
-55
-51
-45
-36
-30
-23
-9
-7
-5
2
12
18
16
26
31
35
41
47
56
51
57
62
68
73
75
78
79
88
86
88
94
95
100
98
102
108
106
108
108
116
115
115
121
119
117
115
123
121
120
122
127
123
123
121
115
118
118
116
111
111
108
105
102
97
99
97
92
86
88
85
76
76
77
74
70
65
62
56
50
48
44
39
37
33
24
22
16
10
4
-2
-2
-9
-13
-17
-23
-23
-28
-31
-37
-42
-45
-46
-48
-52
-49
-56
-62
-59
-62
-65
-74
-71
-69
-76
-76
-76
-75
-80
-81
-77
-79
-80
-79
-76
-76
-80
-79
-77
-79
-80
-79
-77
-76
-80
-77
-72
-76
-79
-78
-79
-79
-76
-75
-76
-72
-69
-73
-68
-62
-62
-55
-51
-48
-42
-42
-33
-29
-27
-23
-23
-15
-13
-14
-6
-1
2
4
7
11
12
10
16
20
21
24
27
30
31
33
36
37
42
42
44
47
50
49
46
51
54
56
53
59
63
60
58
62
65
61
59
64
66
62
59
60
61
60
59
52
57
53
48
49
50
46
40
41
38
34
30
28
29
23
22
20
15
14
12
12
11
5
7
6
3
4
-4
-6
-8
-7
-6
-11
-10
-10
-12
-15
-17
-14
-16
-19
-23
-19
-21
-25
-25
-22
-22
-28
-28
-27
-28
-31
-34
-31
-29
-30
-31
-31
-32
-33
-35
-37
-37
-35
-35
-39
-40
-38
-41
-43
-42
-37
-42
-48
-46
-41
-39
-43
-40
-40
-39
-42
-42
-37
-35
-38
-39
-32
-33
-32
-33
-29
-31
-30
-27
-29
-28
-23
-19
-20
-17
-13
-12
-15
-14
-7
-5
-5
-2
3
-1
4
5
5
13
13
15
13
16
16
19
17
20
25
23
25
26
24
23
24
25
29
25
29
29
29
31
29
33
32
36
35
37
39
43
43
38
40
41
39
40
43
41
38
36
38
36
36
33
33
34
32
31
30
30
28
24
22
24
18
18
18
16
14
8
8
3
3
3
3
-1
-2
-3
-2
-5
-10
-6
-6
-15
-15
-7
-10
-12
-12
-10
-15
-16
-13
-14
-13
-16
-17
-18
-14
-17
-17
-20
-20
-14
-21
-20
-19
-20
-19
-22
-22
-21
-24
-23
-23
-23
-21
-27
-25
-21
-20
-26
-25
-18
-20
-24
-21
-17
-18
-19
-19
-18
-15
-18
-19
-13
-9
-10
-12
-12
-9
-7
-11
-9
-7
-4
-9
-8
-4
-4
-8
-6
-1
0
3
-1
3
5
5
1
1
10
9
5
8
10
9
6
9
11
11
10
10
8
12
13
10
15
14
13
7
11
15
14
10
12
16
16
15
13
14
16
16
12
15
18
13
12
13
16
16
16
15
15
20
19
18
17
15
16
16
17
13
11
16
18
14
10
11
9
7
4
8
8
2
1
2
5
-1
-6
0
2
-1
-5
-3
2
0
-1
0
0
-1
-3
-5
0
-1
-3
-5
0
5
-2
-4
-2
-3
-6
-6
-3
-6
-5
-2
-2
-5
-6
-5
-4
-6
-6
-3
-2
-4
-5
-4
-3
-5
-9
-3
1
-1
-2
-3
-4
-4
-4
-5
-4
-6
-4
-7
-3
-3
-8
-3
-8
-5
-5
-7
-6
-8
-7
-11
-11
-10
-13
-11
-13
-14
-16
-16
-15
-19
-18
-17
-18
-14
-16
-17
-17
-19
-21
-22
-17
-11
-15
-22
-18
-15
-19
-20
-17
-14
-19
-20
-13
-8
-11
-18
-15
-11
-12
-11
-9
-9
-8
-11
-10
-8
-7
-5
-5
-1
0
0
-1
-2
-2
3
8
8
7
10
11
9
10
12
13
15
14
17
17
19
21
22
26
23
23
24
24
24
26
29
28
24
27
19
18
21
24
27
20
22
20
19
15
19
23
20
15
14
20
18
15
14
17
15
13
13
16
16
12
15
17
18
12
10
13
18
10
7
13
13
12
5
7
8
7
4
3
9
1
-4
-1
3
4
-4
-5
-5
-13
-12
-10
-9
-11
-15
-18
-19
-15
-11
-16
-22
-19
-16
-17
-22
-18
-15
-21
-20
-19
-17
-19
-20
-24
-22
-19
-25
-21
-20
-17
-17
-20
-16
-18
-19
-18
-20
-18
-20
-24
-18
-13
-14
-15
-16
-15
-17
-18
-13
-11
-12
-14
-13
-8
-7
-17
-16
-12
-9
-8
-6
-6
-8
-9
-8
-2
-7
-6
-9
-3
0
1
-2
0
-3
-4
-2
-2
5
5
7
7
8
7
5
9
16
16
15
14
17
18
16
14
15
19
17
16
24
22
17
12
14
19
15
11
13
19
16
15
12
17
16
11
12
10
14
13
9
12
13
13
8
10
11
11
11
9
7
6
9
7
7
9
7
4
0
4
3
3
3
1
3
6
1
0
1
-1
-1
-3
2
-3
-4
-3
-1
-5
-6
-4
-4
-6
-10
-2
-3
-8
-6
-6
-4
-8
-7
-3
-3
-4
-9
-5
-2
-4
-7
-6
-2
-4
-5
-3
-3
-4
-5
-4
-3
-3
-6
-5
-3
-3
0
-2
-2
-8
-4
1
-1
2
-1
-1
-3
-3
-1
-1
1
1
-3
-5
-1
-2
-2
-3
2
4
-2
-2
0
4
0
-2
3
4
-2
-6
-2
3
-1
-3
2
3
-2
-5
4
3
0
-2
1
4
-2
-4
0
3
1
-3
0
3
1
0
-3
-2
0
2
3
1
3
0
-3
-4
2
-2
-1
4
3
7
-2
-1
-1
-1
-3
-5
0
-2
3
2
4
6
-2
0
-4
0
3
-4
0
-1
1
2
0
4
-1
-3
-4
0
2
2
4
3
1
-1
-1
-2
-3
0
1
-1
-2
1
4
3
-1
-1
-1
0
1
0
0
-3
-4
0
0
4
3
2
0
-1
-2
-2
-2
0
2
0
-1
-1
1
1
-1
1
-2
-1
1
1
-1
-4
2
2
-1
0
2
3
-1
0
1
-1
-6
-1
2
2
-1
-2
2
1
2
0
-1
0
-2
0
-1
1
0
-3
1
1
3
0
0
1
-1
-1
-2
1
2
0
0
3
-1
1
0
1
-1
0
0
3
1
2
-2
-6
1
-1
3
-1
0
1
-4
-1
1
1
1
-1
3
2
-2
0
0
4
-1
1
3
-1
-4
-3
1
-1
0
2
4
-1
-1
-1
0
-1
-3
-1
0
3
-1
2
2
0
1
0
3
-4
-4
1
1
3
0
0
3
-1
0
-2
0
0
0
4
1
3
1
-1
-2
-2
2
-1
-1
0
1
0
-2
-2
0
1
-2
1
4
1
-1
1
1
-3
0
0
1
2
2
1
0
-2
0
-3
-1
0
0
1
0
3
2
-2
0
-2
0
-3
0
3
2
1
-2
1
-1
-2
-1
2
6
2
1
1
1
-3
-5
-1
-1
0
-1
2
2
0
-3
-4
-2
-1
-1
-1
3
5
-1
-2
3
2
0
-4
0
3
-2
1
1
5
3
-2
0
-3
-3
-2
-2
1
1
0
-1
-1
2
0
-3
-3
2
1
-3
-1
4
4
-2
0
3
1
-2
-2
1
3
0
-2
1
1
0
-1
1
-1
-5
-2
1
2
0
-2
0
2
0
1
1
4
-1
-3
-1
1
0
0
-1
2
2
-1
-1
3
1
-3
-4
1
4
0
-1
1
4
1
-4
-2
2
-2
-3
-1
2
-1
-2
3
4
-1
-3
-2
0
0
-2
3
2
2
0
1
1
0
-2
-2
0
-1
1
1
2
1
0
-2
-1
-1
-1
0
1
4
2
-1
-1
1
1
-2
1
0
-3
-4
-1
1
1
1
1
2
1
1
-1
0
0
-1
0
-1
2
1
0
1
1
-1
-2
-3
-1
0
1
1
1
2
1
-1
-3
0
-1
1
0
1
1
1
2
-1
-1
0
-1
0
-1
-1
-3
-3
0
0
-1
1
2
1
0
0
-3
-3
-4
0
2
3
4
2
2
-2
-2
-1
-1
-1
-2
2
1
1
0
-2
-2
-2
-3
-3
3
4
1
1
3
4
-1
-1
-1
-3
-4
-1
4
3
1
0
2
