-22
-21
-19
-17
-16
-16
-14
-14
-13
-13
-12
-11
-9
-7
-5
-3
-1
1
2
5
5
7
9
10
11
10
12
10
10
11
13
14
17
18
19
19
19
19
21
21
21
21
21
21
20
20
18
17
17
15
15
14
13
12
11
12
9
10
9
7
4
3
1
0
-1
-2
-4
-5
-6
-5
-6
-5
-6
-8
-10
-10
-11
-12
-13
-14
-15
-15
-16
-16
-17
-16
-14
-14
-12
-12
-12
-10
-11
-11
-11
-10
-9
-10
-10
-9
-11
-10
-9
-10
-9
-8
-7
-6
-5
-3
-2
-1
1
2
3
5
5
6
7
7
7
8
9
10
9
9
10
12
13
15
16
18
19
20
23
25
25
25
24
25
25
23
24
24
23
22
20
19
17
17
16
14
12
10
9
6
4
3
0
-2
-4
-6
-9
-11
-12
-15
-15
-17
-18
-18
-19
-18
-18
-17
-17
-19
-19
-20
-22
-21
-22
-22
-21
-22
-23
-21
-20
-20
-19
-18
-17
-15
-14
-14
-13
-15
-13
-12
-13
-11
-11
-11
-8
-6
-4
-3
0
0
1
2
2
3
4
4
5
3
3
3
4
5
6
8
9
12
12
11
11
13
13
12
12
12
11
11
12
12
12
11
9
9
8
6
6
6
8
7
5
4
3
4
4
3
3
2
4
3
4
3
3
4
4
3
2
2
3
3
3
4
3
3
3
2
1
1
1
2
3
2
2
3
3
2
2
1
2
0
0
-1
-1
-3
-3
-3
-2
-1
1
1
0
3
3
2
5
6
4
4
5
5
5
4
3
4
4
5
4
2
1
1
-1
-2
-1
-1
-1
-2
-3
-4
-5
-7
-8
-8
-9
-10
-11
-11
-11
-12
-12
-11
-12
-12
-11
-11
-11
-12
-12
-13
-14
-15
-16
-19
-20
-21
-23
-21
-21
-21
-22
-21
-20
-19
-17
-18
-17
-15
-15
-14
-13
-12
-11
-8
-6
-3
-3
-1
1
4
7
8
10
11
14
16
20
23
26
27
28
29
32
33
34
33
34
33
34
34
34
32
31
32
30
29
28
29
28
27
25
24
22
19
19
18
17
16
14
12
10
9
5
3
0
-3
-5
-6
-7
-8
-9
-10
-10
-10
-11
-12
-13
-14
-14
-14
-14
-16
-16
-17
-17
-18
-19
-20
-21
-21
-20
-21
-21
-22
-24
-23
-23
-25
-25
-26
-26
-27
-26
-26
-26
-26
-26
-25
-22
-23
-20
-20
-19
-17
-16
-15
-13
-12
-10
-10
-8
-6
-5
-4
-3
-1
-1
0
1
1
4
5
7
9
12
15
16
16
17
18
19
20
22
22
23
25
26
27
26
26
25
26
24
22
20
20
19
17
16
13
12
11
8
7
7
5
3
2
1
1
2
1
1
3
4
5
9
9
10
10
9
8
8
6
6
7
6
6
4
3
2
0
-1
-2
-1
-3
-3
-3
-3
-3
-3
-3
-3
-4
-3
-4
-5
-4
-5
-6
-7
-9
-9
-12
-14
-14
-15
-16
-17
-18
-18
-20
-20
-21
-20
-20
-20
-20
-21
-20
-20
-18
-18
-16
-14
-12
-11
-10
-8
-8
-7
-6
-5
-6
-7
-6
-8
-8
-8
-7
-8
-5
-3
-2
-1
1
1
1
1
3
5
5
5
7
7
8
10
12
15
15
15
15
17
16
15
15
14
15
15
16
16
17
19
20
21
20
19
18
18
16
16
14
11
12
11
10
10
10
9
6
5
5
2
2
1
1
0
0
1
2
3
4
3
5
3
4
4
4
3
3
3
3
4
2
1
1
1
0
0
0
0
1
1
0
0
1
1
2
0
1
0
2
3
2
1
0
-2
-4
-7
-10
-13
-15
-18
-19
-21
-23
-22
-23
-23
-23
-27
-27
-28
-30
-31
-31
-31
-31
-30
-29
-28
-27
-26
-24
-24
-21
-21
-21
-21
-20
-21
-20
-19
-19
-18
-16
-13
-10
-8
-6
-4
1
5
7
12
15
20
24
27
29
31
34
36
36
36
37
37
37
37
37
36
35
34
33
31
28
27
26
26
26
26
25
24
24
23
21
20
17
15
13
12
9
8
7
6
5
5
3
2
0
-2
-4
-5
-6
-9
-10
-13
-14
-15
-14
-16
-16
-15
-15
-15
-16
-15
-15
-17
-18
-20
-22
-21
-21
-22
-22
-22
-23
-22
-22
-21
-21
-21
-22
-24
-24
-24
-23
-22
-21
-21
-20
-19
-18
-16
-14
-12
-10
-7
-4
-2
0
0
1
4
6
7
10
11
12
15
14
17
19
20
23
25
25
24
24
23
24
24
24
25
24
24
24
23
22
24
23
23
22
20
18
15
12
10
8
7
4
3
2
-1
-3
-4
-4
-6
-7
-6
-8
-10
-11
-13
-13
-14
-15
-14
-16
-16
-18
-17
-18
-18
-18
-17
-18
-18
-16
-17
-15
-15
-14
-14
-13
-12
-12
-10
-9
-7
-6
-6
-6
-4
-4
-3
-3
-1
0
1
2
3
4
6
6
7
8
8
9
8
9
11
12
12
12
13
14
13
12
13
13
12
13
13
11
10
9
8
6
6
2
0
-1
-2
-2
-2
-3
-3
-3
-2
-2
-1
-2
0
0
1
0
-1
-1
-4
-3
-3
-3
-3
-2
-1
-1
-1
-2
-4
-5
-6
-7
-7
-5
-7
-8
-8
-9
-11
-12
-13
-13
-12
-12
-11
-10
-8
-7
-7
-6
-5
-7
-5
-4
-3
-2
1
2
1
3
4
5
7
7
8
9
10
10
10
11
11
12
14
15
15
15
15
13
12
12
12
10
12
12
11
9
9
8
6
6
4
4
4
3
3
1
1
-2
-2
-4
-5
-7
-9
-10
-10
-9
-9
-9
-9
-8
-9
-9
-10
-11
-11
-13
-12
-14
-12
-13
-13
-14
-14
-14
-14
-12
-14
-12
-11
-11
-8
-8
-8
-7
-5
-4
-3
-1
-1
1
2
3
5
7
9
9
11
8
8
8
9
11
13
15
15
15
16
16
15
13
13
12
12
9
10
11
10
11
11
11
11
11
9
9
5
7
7
6
7
6
6
4
2
2
1
1
-1
0
0
1
-1
-1
-1
-2
-2
-3
-5
-8
-9
-11
-12
-13
-13
-15
-13
-14
-12
-13
-12
-12
-13
-13
-14
-14
-13
-11
-11
-9
-8
-9
-9
-9
-10
-10
-9
-9
-8
-7
-6
-6
-6
-7
-5
-6
-7
-8
-9
-8
-7
-6
-5
-3
-4
-2
-3
-3
-4
-2
-1
1
3
3
4
4
4
6
6
7
8
9
9
10
10
12
13
13
14
14
14
13
13
14
15
15
18
19
21
20
19
20
20
19
17
16
14
14
14
14
13
13
13
13
10
9
8
8
6
6
6
4
4
2
1
-2
-2
-4
-5
-5
-7
-8
-9
-11
-12
-10
-11
-11
-11
-12
-13
-14
-15
-17
-17
-16
-16
-15
-15
-16
-16
-15
-16
-16
-15
-15
-15
-15
-15
-15
-14
-15
-15
-15
-13
-12
-11
-8
-6
-5
-2
-2
-1
1
-1
-1
-2
-2
-3
-3
-5
-5
-4
-4
-2
0
2
3
4
4
5
6
5
6
5
7
7
6
5
4
5
5
5
7
8
7
8
8
8
8
8
9
8
8
10
10
9
10
12
12
13
11
12
12
11
10
9
8
10
11
11
12
12
10
11
9
6
4
3
2
2
2
2
4
2
2
1
-2
-4
-5
-7
-8
-7
-7
-5
-4
-4
-5
-6
-9
-10
-11
-10
-10
-9
-8
-7
-6
-5
-4
-5
-5
-5
-6
-5
-4
-2
-2
0
-1
-1
-2
-2
-2
-2
-3
-3
-3
-3
-2
-1
0
2
1
1
1
0
0
-1
0
-1
-1
0
0
-1
-1
-4
-5
-5
-7
-8
-7
-6
-7
-5
-4
-2
-2
-1
0
2
4
3
5
5
6
6
5
7
7
6
6
6
6
7
7
7
5
5
5
4
3
3
1
0
-1
-2
-5
-5
-6
-7
-4
-2
-2
0
0
0
0
1
1
3
5
7
8
8
9
6
4
1
-2
-4
-4
-4
-3
-4
-4
-1
-2
-5
-5
-6
-8
-8
-8
-5
-4
-2
0
0
1
-2
-3
-4
-2
-1
0
2
2
1
0
0
0
-2
-1
-1
-3
-3
-4
-4
-3
-2
-1
1
2
4
5
5
4
3
4
5
7
8
7
8
7
6
7
6
5
4
4
3
3
4
4
4
4
5
4
2
1
0
1
3
4
6
7
9
10
9
9
10
10
10
12
14
14
14
14
13
12
11
8
4
-1
-4
-7
-10
-11
-13
-14
-18
-20
-22
-25
-26
-25
-24
-23
-23
-23
-23
-22
-23
-23
-23
-26
-26
-24
-24
-23
-20
-20
-19
-17
-15
-16
-14
-11
-12
-10
-6
-5
-3
0
1
2
5
6
8
9
11
12
11
12
13
13
15
15
15
17
18
17
19
20
20
21
21
22
23
25
26
27
29
28
28
27
26
25
26
28
28
27
25
23
18
15
11
6
6
3
3
3
2
2
1
2
-1
-3
-6
-9
-11
-12
-12
-11
-10
-10
-6
-7
-7
-8
-9
-7
-8
-5
-4
-2
1
3
4
5
3
1
0
-2
-3
-4
-5
-7
-8
-8
-10
-10
-12
-13
-13
-13
-15
-16
-17
-18
-19
-19
-21
-21
-22
-22
-23
-24
-24
-23
-23
-24
-23
-23
-22
-21
-18
-16
-16
-14
-13
-12
-11
-12
-10
-9
-9
-9
-10
-13
-12
-10
-6
-3
0
2
3
5
4
6
6
8
9
12
13
14
18
19
21
20
20
18
19
19
19
20
20
22
22
24
24
25
24
24
22
22
21
19
18
17
16
16
17
15
16
14
12
11
8
8
9
8
8
9
10
9
10
11
10
9
9
8
8
8
8
6
5
6
6
5
5
2
2
-2
-5
-6
-7
-8
-11
-11
-10
-10
-11
-10
-11
-12
-13
-14
-15
-18
-18
-19
-19
-21
-22
-24
-25
-25
-25
-25
-24
-24
-24
-25
-24
-23
-22
-21
-21
-21
-19
-19
-17
-15
-13
-11
-9
-6
-3
1
3
5
4
5
6
7
8
8
9
8
10
12
11
12
11
10
9
10
12
13
13
13
11
10
8
8
7
5
4
4
3
2
0
-1
-1
-2
-4
-5
-7
-7
-7
-7
-7
-6
-6
-7
-6
-7
-9
-6
-3
-2
0
2
2
4
5
5
8
11
13
16
18
19
19
20
20
20
20
22
21
23
21
20
19
16
16
16
17
15
16
17
16
16
16
15
14
9
10
9
9
8
7
4
3
1
-2
-3
-5
-9
-13
-15
-16
-16
-17
-17
-17
-18
-19
-21
-23
-25
-25
-26
-24
-25
-24
-22
-19
-18
-19
-17
-18
-18
-18
-19
-17
-16
-15
-11
-10
-8
-6
-5
-5
-4
-4
-3
-3
-2
-1
2
3
2
1
1
1
1
3
3
2
3
3
3
2
2
1
1
0
-2
-3
-4
-3
-4
-2
-2
-1
-2
-2
-2
-2
-3
-4
-4
-4
-2
1
4
6
8
10
13
12
15
17
19
20
21
22
22
22
22
22
21
22
23
25
25
25
24
24
21
19
17
15
12
10
7
4
2
-1
-3
-6
-8
-9
-12
-14
-16
-16
-18
-20
-22
-23
-22
-24
-25
-25
-26
-26
-25
-24
-24
-22
-21
-21
-19
-17
-16
-15
-14
-13
-12
-9
-7
-4
-2
1
5
8
10
13
15
17
18
19
20
21
22
23
25
27
27
29
28
28
30
27
25
22
20
19
17
16
16
14
13
12
11
8
4
0
-3
-6
-9
-11
-12
-14
-16
-17
-19
-24
-28
-34
-38
-40
-41
-40
-39
-38
-37
-37
-37
-35
-33
-34
-33
-33
-29
-24
-20
-16
-13
-12
-10
-7
-6
-4
-1
1
5
9
15
18
22
25
26
28
27
28
30
32
34
35
36
37
37
37
34
34
32
31
28
28
26
26
25
25
23
22
19
17
14
12
10
11
13
11
11
10
5
4
1
-1
-4
-6
-8
-10
-9
-10
-12
-11
-11
-11
-12
-14
-16
-18
-20
-23
-23
-23
-23
-22
-22
-21
-22
-20
-20
-20
-18
-16
-15
-13
-14
-14
-14
-13
-14
-15
-14
-15
-14
-13
-12
-9
-9
-9
-10
-10
-12
-14
-17
-18
-18
-16
-15
-11
-9
-6
-4
-4
-3
-3
-2
-2
-2
-2
-2
-2
2
5
6
9
8
9
8
8
8
9
10
12
13
14
15
14
14
14
13
13
14
14
14
15
15
18
19
18
18
16
15
15
13
12
14
14
15
16
17
17
15
13
10
8
4
3
3
3
2
3
5
5
5
4
2
1
0
0
-1
2
3
5
7
5
5
5
5
6
4
3
4
4
4
5
4
2
0
-1
-3
-4
-5
-2
-2
-1
0
1
0
-1
-2
-4
-7
-9
-11
-11
-12
-11
-9
-9
-10
-11
-12
-16
-17
-19
-21
-21
-21
-20
-18
-17
-16
-16
-16
-17
-18
-18
-17
-16
-16
-16
-14
-12
-13
-11
-11
-12
-11
-11
-8
-9
-8
-6
-5
-2
-1
1
1
1
1
1
0
0
1
3
5
7
8
8
6
6
5
3
1
1
2
3
5
8
9
10
8
6
4
4
4
6
6
7
9
8
10
9
9
8
8
7
6
8
8
9
12
15
17
18
16
15
12
11
9
8
10
11
13
15
15
16
17
15
14
13
13
11
11
11
13
13
11
12
12
12
12
10
9
6
7
8
8
8
7
5
4
0
-4
-6
-10
-9
-11
-10
-8
-6
-6
-7
-10
-11
-15
-18
-21
-23
-20
-20
-18
-18
-15
-14
-13
-15
-18
-21
-21
-20
-20
-19
-18
-13
-11
-9
-11
-13
-15
-18
-17
-17
-15
-13
-10
-6
-4
-4
-5
-5
-5
-7
-9
-10
-8
-4
-2
-1
-3
-5
-9
-10
-11
-13
-14
-11
-4
-2
-2
-5
-5
-4
-3
-3
-5
-7
-5
-4
-2
1
4
8
11
15
11
6
3
2
6
10
13
15
17
17
16
15
18
19
21
22
21
16
16
15
15
16
20
23
26
26
22
18
12
15
18
23
25
25
23
25
22
15
11
12
12
10
8
5
4
6
8
3
-4
-5
-8
-16
-17
-15
-10
-1
3
3
-1
-5
-4
-2
-4
-6
-9
-6
-5
-6
-3
3
7
10
10
8
2
-3
-3
-5
-2
5
13
7
2
0
-3
-11
-13
-13
-10
-2
7
11
10
9
3
-1
-4
-2
-5
-8
-9
-14
-16
-19
-24
-28
-26
-23
-19
-17
-17
-22
-32
-34
-39
-43
-41
-33
-26
-23
-21
-20
-23
-23
-20
-19
-15
-9
-8
-9
-13
-17
-17
-12
-9
-10
-5
5
8
7
10
6
8
14
19
11
4
1
-2
1
5
11
16
22
27
24
19
13
8
8
8
10
11
21
30
32
29
26
20
12
5
4
8
12
21
16
10
9
10
6
10
12
13
18
20
19
15
6
3
2
6
8
6
4
5
-3
-7
-5
-8
-5
2
4
-2
-5
-3
-4
-6
-5
-3
-11
-12
-6
-9
-11
-7
-2
1
-6
-16
-20
-12
1
3
0
-7
-7
3
6
2
-3
2
8
-1
-11
-15
-12
-7
13
21
17
10
6
-6
-21
-22
-8
5
19
26
21
21
25
21
3
-2
6
16
30
31
18
14
32
35
28
32
26
9
1
15
29
22
16
-1
-18
-11
-13
-38
-42
-28
-13
-2
-22
-47
-49
-36
-10
-18
-34
-49
-79
-64
-48
-56
-48
-34
-11
-22
-54
-60
-87
-86
-50
-19
-6
4
6
-39
-64
-52
-39
-32
-8
25
37
19
-11
-30
-25
36
49
21
28
35
47
44
2
-3
16
63
82
22
13
22
43
75
67
42
30
42
59
44
40
32
46
66
54
53
40
22
42
57
73
70
48
32
34
42
38
32
27
25
14
12
-14
-39
-21
26
9
3
19
-5
-39
-65
-80
-68
-57
-41
-41
-43
-17
-46
-55
-34
-61
-62
-50
-74
-68
-24
1
-56
-72
-49
-52
-33
-34
-31
-23
-8
28
4
0
8
-20
-2
0
-28
-11
14
32
58
53
1
-64
-69
-16
31
48
18
-4
-16
-24
-42
-64
-13
53
107
95
-14
-43
-3
-12
-23
-34
0
55
58
42
-28
-16
40
24
8
1
6
25
16
22
7
-5
29
-4
-24
31
27
-16
-1
3
45
59
2
-44
-71
13
40
-7
33
21
-2
38
-15
-45
9
58
25
-48
19
61
23
22
6
-21
44
35
-100
-145
-31
116
142
88
-35
-132
-56
32
80
85
30
41
-25
-57
-109
-149
-11
83
134
128
-48
-167
-182
-8
150
110
99
-27
-76
-15
-50
-109
-100
62
245
156
-33
-132
-137
-4
96
21
-51
13
45
-3
-44
-89
-38
85
130
96
47
-16
-84
-135
-55
-5
-108
-27
3
-4
71
-51
-153
-108
-31
75
0
-81
-60
-23
31
-51
-163
-88
24
70
31
-72
-92
-2
48
11
34
45
54
19
-70
-145
-94
47
76
47
102
64
1
-5
-11
24
48
24
-10
-34
5
34
53
89
83
38
-16
-55
-57
44
112
113
132
82
22
-43
-130
-38
39
59
78
8
12
66
43
29
-55
-45
132
91
-2
-45
-96
12
46
-4
-32
-71
68
64
-47
-15
-74
32
88
29
22
-72
-55
-97
-122
27
-9
11
16
-84
43
24
36
-12
-113
33
30
-44
-112
-227
-16
135
105
68
-105
-51
63
16
-15
-119
-29
88
3
40
-29
-35
78
-4
2
-9
-58
-18
-58
66
86
26
67
-68
-46
3
-104
-91
-91
-6
91
69
96
-9
-40
36
-49
-50
-34
-50
37
81
111
37
-19
24
-31
-32
12
-18
14
46
44
8
-48
-20
-22
21
81
21
-1
5
-38
-6
-2
0
27
40
18
-70
-79
-52
-44
-5
30
43
50
30
8
-72
-34
-21
-44
-3
4
54
88
57
-8
-55
-28
4
7
41
7
5
3
-24
-48
-56
38
75
42
55
-3
-25
-4
-18
27
27
24
-11
-81
-43
-23
-31
-13
-28
31
87
79
19
-45
-3
25
-16
-63
-109
-54
33
32
9
-32
0
26
24
32
-10
11
22
-34
-33
-45
-29
-24
-51
3
-3
4
18
-18
23
36
35
45
9
36
10
-59
-70
-114
-82
-20
-9
33
42
23
-14
-69
-51
-32
-3
75
68
61
52
1
-15
-14
19
42
34
65
80
44
15
-40
-52
-10
-2
34
35
8
35
14
-9
-26
-27
34
40
56
68
22
34
8
-20
-19
-38
-7
3
9
29
22
25
16
-17
-22
-9
2
6
-3
-6
-2
-16
-26
-32
-8
33
34
31
15
-28
-18
-21
-72
-75
-63
-28
-8
-8
29
17
39
86
58
67
50
18
20
-48
-70
-106
-118
-73
-88
-34
-24
-58
1
20
63
92
43
40
12
17
2
-68
-39
-31
-26
5
-62
-48
-19
-2
42
9
38
40
38
75
33
36
42
0
21
-3
-1
-31
-64
-29
-86
-73
-37
-53
18
33
38
67
35
77
35
18
51
-36
-27
-22
-58
-39
-76
-59
-56
-69
0
-47
-64
-26
-40
8
15
-9
38
51
59
34
-32
-43
-69
-51
-17
-57
-57
-41
-50
-37
-54
-34
-11
-7
27
36
17
31
20
27
65
51
58
59
59
65
10
9
13
-24
46
57
62
114
106
132
121
138
175
127
158
162
93
100
30
-15
-22
-74
-78
-98
-52
-5
-19
41
22
13
96
44
17
23
16
17
-38
-36
-46
-70
-36
-93
-142
-136
-176
-150
-108
-90
-47
-1
27
-22
-48
5
-11
1
39
-10
-42
-53
-57
-78
-122
-106
-116
-108
-69
-113
-96
-37
-34
24
69
80
86
66
98
97
71
86
32
27
44
-24
-27
-61
-86
-36
-23
21
25
39
95
51
76
100
64
95
83
94
88
35
54
34
23
21
-30
-8
-18
-46
-25
-55
-43
-28
-58
-28
-59
-41
7
-22
15
-5
-35
-29
-84
-42
-38
-84
-35
-83
-95
-95
-168
-164
-173
-151
-116
-140
-87
-61
-78
-15
-4
13
46
18
27
30
34
39
4
77
111
93
139
112
130
136
141
161
118
212
212
149
195
142
144
115
73
80
14
93
102
87
178
162
180
188
171
168
118
138
108
60
45
-48
-92
-116
-126
-92
-54
8
23
36
56
-27
-112
-155
-228
-264
-265
-293
-306
-297
-280
-256
-208
-120
-84
-52
10
-61
-144
-209
-317
-353
-371
-335
-300
-257
-131
-112
-51
28
22
122
83
33
-6
-76
-33
-112
-30
61
63
223
231
297
341
316
415
337
409
360
208
264
89
77
81
48
189
172
317
353
304
414
281
276
256
155
179
45
28
-2
-63
-28
-79
1
68
79
155
138
103
15
-123
-240
-335
-398
-475
-545
-637
-730
-853
-899
-760
-639
-418
-246
-154
16
-136
-262
-351
-556
-515
-628
-650
-612
-685
-412
-396
-301
41
90
371
492
579
742
589
643
574
502
621
436
459
427
269
376
325
368
428
481
636
574
656
747
654
789
838
785
773
734
781
690
671
670
512
495
370
161
54
-85
-136
-193
-228
-231
-315
-307
-367
-475
-543
-673
-743
-793
-834
-916
-1033
-1047
-1074
-979
-871
-930
-921
-1062
-1214
-1317
-1469
-1400
-1413
-1290
-1089
-1086
-894
-842
-611
-1
500
1120
1500
1733
1925
1626
1316
824
364
286
44
-116
-289
-491
-384
-363
-250
58
352
773
1054
1219
1318
1253
1310
1436
1573
1809
1883
1826
1658
1287
847
348
-48
-333
-538
-555
-510
-437
-280
-119
29
172
190
87
-36
-212
-419
-650
-853
-1033
-1246
-1327
-1429
-1555
-1516
-1465
-1323
-1161
-1026
-811
-809
-823
-908
-1177
-1272
-1481
-1543
-1412
-1471
-1049
-508
79
998
1601
2351
2648
2468
2221
1144
399
59
-384
-429
-650
-651
-647
-867
-592
-528
-260
387
850
1333
1639
1892
2055
2039
2085
2019
1878
1743
1529
1201
830
414
-85
-363
-492
-559
-438
-334
-210
-105
-12
155
188
248
217
-30
-219
-530
-868
-1090
-1287
-1443
-1629
-1674
-1633
-1574
-1334
-1080
-779
-505
-362
-365
-507
-656
-858
-976
-1035
-1156
-1144
-1091
-1202
-1122
-794
-418
75
737
1527
2073
2247
2127
1426
880
741
303
5
-225
-412
-513
-760
-671
-605
-279
533
906
1295
1649
1699
1822
1779
1892
1941
1822
1863
1602
1266
905
228
-316
-644
-773
-682
-521
-259
-63
82
228
265
276
264
177
15
-162
-430
-765
-1020
-1343
-1676
-1893
-2045
-2025
-1860
-1522
-1087
-749
-425
-250
-256
-281
-431
-595
-727
-992
-1094
-1272
-1575
-1513
-1289
-874
-471
-76
734
1351
1981
2263
1536
1129
955
683
360
-173
-208
-473
-790
-678
-978
-721
50
585
1067
1206
1527
1873
1972
2231
2147
2026
1929
1619
1550
1288
782
312
-132
-383
-602
-523
-249
-158
120
326
376
439
451
552
486
309
102
-313
-622
-950
-1383
-1729
-2108
-2259
-2185
-1983
-1628
-1321
-943
-574
-319
-125
-150
-236
-331
-533
-881
-1200
-1458
-1904
-1829
-1270
-832
-344
111
712
1165
1563
1969
1385
1075
1372
1134
849
394
12
-400
-909
-901
-1149
-1037
-133
406
843
1183
1376
1646
1930
2353
2390
2216
2074
1748
1598
1411
923
268
-248
-457
-770
-841
-608
-434
-52
271
423
495
466
507
439
325
153
-266
-578
-901
-1354
-1735
-2070
-2287
-2292
-2040
-1693
-1343
-953
-600
-351
-197
-102
-187
-330
-505
-869
-1218
-1617
-2057
-2150
-1724
-1121
-643
-221
259
856
1455
1802
1509
1189
1498
1588
1297
885
310
-267
-846
-1136
-1386
-1339
-497
239
681
1045
1348
1580
1823
2421
2822
2748
2540
2284
2067
1828
1312
549
-120
-540
-787
-906
-765
-463
-126
292
595
716
745
779
758
707
636
216
-256
-634
-1143
-1615
-2052
-2401
-2516
-2348
-1925
-1480
-1132
-647
-279
-196
18
-34
-296
-487
-943
-1278
-1706
-2132
-2226
-2132
-1537
-937
-555
-105
93
463
1036
1023
843
1096
1620
1781
1356
804
8
-945
-1274
-1510
-1599
-828
139
816
1045
1203
1368
1315
1648
2222
2521
2670
2581
2392
2221
1873
1199
394
-207
-568
-727
-628
-424
-139
296
641
875
906
920
973
979
1021
807
342
-164
-765
-1411
-1996
-2519
-2796
-2704
-2345
-1856
-1383
-925
-487
-202
-10
50
-92
-332
-664
-1190
-1599
-2024
-2342
-2354
-2020
-1233
-711
-300
-84
-117
147
480
585
632
1254
2149
2311
1869
1069
15
-1017
-1537
-1519
-1337
-367
767
1287
1297
1063
957
670
952
1629
2028
2427
2598
2731
2638
2174
1428
417
-213
-521
-749
-541
-238
15
327
474
566
447
408
559
652
863
759
283
-282
-885
-1475
-2114
-2474
-2550
-2371
-1844
-1420
-1048
-791
-638
-443
-370
-235
-261
-321
-570
-1040
-1531
-2166
-2580
-2696
-2051
-1200
-463
300
399
345
401
544
533
531
1554
2576
2916
2579
1436
75
-1300
-1812
-1702
-1249
9
1080
1431
1105
647
315
73
452
1353
2393
3108
3406
3299
2732
1859
867
73
-339
-422
-310
-121
-58
-116
-187
-187
-74
-19
149
390
608
763
531
67
-639
-1251
-1661
-2026
-2087
-2048
-1812
-1519
-1324
-1126
-1116
-1061
-979
-776
-463
-235
-133
-399
-964
-1793
-2511
-3046
-3199
-2616
-1509
-359
654
1160
1240
1061
888
777
297
876
2167
3085
3333
2309
856
-783
-2106
-2243
-1962
-725
972
1843
1983
1109
269
-258
-349
609
1965
3321
4044
4078
3662
2482
1134
51
-623
-674
-437
-12
262
111
-124
-518
-771
-664
-426
102
611
902
923
440
-341
-1126
-1634
-1805
-1914
-1736
-1482
-1402
-1252
-1276
-1454
-1508
-1481
-1131
-673
-292
54
-368
-891
-1681
-2701
-3122
-3362
-2956
-1968
-694
549
1225
1457
1327
1059
1124
924
540
1152
2259
2970
2869
1816
221
-1369
-2189
-2125
-1555
21
1717
2251
1728
466
-576
-999
-416
1206
2959
4316
4688
4127
3065
1717
580
-117
-245
158
653
844
555
-200
-969
-1561
-1730
-1245
-540
300
910
1033
685
-125
-849
-1337
-1354
-1042
-874
-723
-954
-1314
-1714
-2168
-2339
-2295
-1847
-1232
-719
-340
-432
-986
-1675
-2485
-2968
-2982
-2613
-1887
-719
382
942
1138
986
741
736
1147
1219
897
1442
2364
2665
2348
1300
-93
-1393
-1811
-1423
-805
653
2063
2258
1412
14
-913
-1064
-147
1771
3592
4697
4575
3553
2359
1163
463
461
906
1538
1757
1251
77
-1282
-2100
-2345
-1938
-929
108
784
915
556
-251
-1025
-1375
-1266
-667
-149
-137
-714
-1566
-2302
-2821
-2854
-2372
-1704
-1131
-852
-825
-1082
-1493
-1878
-2205
-2236
-2133
-1870
-1555
-1239
-699
-274
-55
214
502
980
1472
1882
1947
1439
1420
1710
1909
1818
1267
484
-413
-790
-608
-337
478
1301
1341
720
-294
-830
-734
165
1824
3284
4047
3987
3176
2321
1606
1320
1616
1913
2149
1850
871
-297
-1576
-2211
-2186
-1746
-810
-186
134
59
-410
-784
-1073
-839
-359
0
189
-297
-1063
-1860
-2462
-2517
-2261
-1727
-1349
-1367
-1583
-1982
-2094
-2038
-1915
-1529
-1346
-1330
-1527
-1737
-1984
-2064
-1288
-474
354
1145
1468
1469
1317
1445
1131
857
1716
2459
2680
2348
1422
385
-525
-533
-214
228
1117
1397
891
-112
-1094
-1291
-708
783
2649
3945
4336
3627
2551
1851
1619
2107
2850
3245
2976
1840
230
-1477
-2558
-2609
-2098
-1260
-561
-437
-834
-1452
-1798
-1751
-1232
-375
223
337
-83
-880
-1762
-2495
-2565
-2127
-1553
-1149
-1204
-1562
-2269
-2623
-2354
-2007
-1311
-706
-550
-972
-1901
-2462
-2944
-2475
-838
413
1482
1905
1642
1235
839
1168
1347
2100
3695
4077
3649
2561
1028
-111
-698
-290
158
738
1500
931
-274
-1408
-2055
-1554
-210
1771
3427
4065
3869
2724
1764
1743
2274
3383
4149
3974
2800
852
-1034
-2542
-2966
-2288
-1538
-982
-987
-1667
-2456
-2842
-2536
-1793
-766
95
281
-143
-930
-1756
-2273
-2178
-1712
-1200
-955
-1221
-1755
-2467
-2762
-2309
-1648
-840
-500
-651
-1320
-2301
-2625
-2799
-2403
-1108
-12
824
988
727
719
737
1744
2415
2755
3785
4146
3865
2693
1386
754
256
656
954
765
912
375
-538
-1603
-1955
-1112
-25
1420
2484
2801
2706
2231
2115
2473
3127
3993
4350
3938
2724
1134
-165
-1102
-1394
-1206
-1123
-1253
-1664
-2376
-3166
-3485
-3018
-2171
-1341
-748
-730
-1191
-1756
-2075
-1940
-1606
-1133
-743
-868
-1226
-1746
-2084
-2068
-1741
-1004
-665
-721
-975
-1588
-2069
-2468
-2474
-2173
-2070
-1296
-513
-95
320
651
1164
1679
2571
3263
3128
3614
4326
3978
3210
2498
1855
1168
965
954
432
302
395
-256
-1027
-1232
-857
-129
818
1724
2022
1852
1709
1852
2103
2676
3300
3722
3582
2693
1614
381
-290
-369
-494
-735
-1265
-1950
-2638
-3312
-3464
-3262
-2747
-2190
-1975
-1981
-2385
-2745
-2603
-2154
-1666
-1117
-815
-779
-966
-1210
-1311
-1325
-890
-274
-77
-284
-743
-1321
-1821
-2231
-2174
-1983
-1988
-1444
-761
-421
-88
324
927
1465
2420
3420
3189
3231
3806
3852
3420
2886
2550
1948
1583
1629
992
509
789
813
315
-418
-820
-900
-639
85
508
582
776
842
1045
1476
1987
2557
2896
2942
2343
1538
1104
690
358
130
-465
-1371
-2124
-2605
-3062
-3267
-3003
-2916
-3054
-3042
-3161
-3294
-3001
-2440
-1829
-1334
-917
-778
-815
-666
-377
-85
212
462
471
162
-427
-916
-1248
-1342
-1325
-1394
-1515
-1626
-1409
-937
-428
-53
341
985
1484
1939
2469
2385
2435
3122
3547
3042
2419
2511
2352
2144
2275
1894
1429
1616
1398
190
-883
-995
-842
-645
-160
-3
-149
-309
-365
-41
637
1407
1953
2278
2243
1763
1452
1216
958
1035
932
181
-851
-1599
-2076
-2463
-2524
-2570
-3027
-3416
-3577
-3700
-3587
-3145
-2492
-1910
-1521
-1249
-1158
-929
-338
258
612
660
522
393
96
-204
-268
-239
-351
-696
-811
-1009
-1192
-770
-293
-143
-41
245
317
359
1126
1604
1404
1932
2748
2774
2415
2393
2426
2317
2600
2640
2039
1846
1914
1226
188
-400
-498
-348
-2
147
-153
-475
-947
-1260
-797
40
746
1214
1440
1161
688
574
500
561
985
1081
384
-570
-1282
-1839
-2115
-2020
-2055
-2438
-2724
-2917
-3105
-3071
-2731
-2274
-1881
-1432
-1227
-1233
-1030
-605
-96
225
350
243
46
122
253
367
461
262
-41
-219
-272
-286
-21
430
450
299
305
181
186
933
1804
1753
1503
1788
1799
1637
1865
2028
1929
2064
2246
1698
1249
1652
1769
1158
557
180
-112
-140
14
-122
-358
-570
-983
-1054
-564
-7
334
604
675
359
121
7
-145
50
409
289
-301
-902
-1401
-1824
-1883
-1694
-1681
-1823
-1921
-2077
-2221
-2105
-1744
-1340
-1066
-895
-812
-803
-677
-336
17
190
261
241
115
40
121
233
286
210
41
-35
-92
-54
164
430
533
499
576
511
392
791
1087
773
669
1154
1429
1258
1298
1305
1173
1437
1683
1269
915
1213
1165
418
-178
-425
-563
-452
-190
-260
-518
-695
-869
-796
-342
112
288
382
385
106
-213
-332
-310
-127
163
95
-430
-915
-1129
-1190
-1082
-847
-795
-943
-993
-1035
-1158
-1116
-895
-673
-469
-295
-286
-364
-310
-175
-44
129
196
143
111
123
142
225
343
332
311
326
148
31
306
607
666
673
596
215
94
525
708
476
631
1244
1452
1215
877
448
400
940
1226
810
549
793
670
91
-321
-468
-280
179
430
191
-114
-346
-694
-641
-142
113
15
-114
-243
-505
-665
-685
-740
-552
-228
-205
-476
-735
-828
-758
-489
-266
-305
-449
-534
-540
-509
-498
-483
-373
-183
-148
-263
-379
-496
-544
-491
-382
-346
-349
-262
-213
-142
44
182
191
109
65
22
-1
240
491
574
588
545
416
216
345
612
566
505
679
851
627
176
-63
-79
217
567
513
302
462
747
420
-176
-310
0
430
730
736
428
63
-221
-388
-322
-124
-20
-63
-174
-358
-620
-807
-770
-463
-32
217
148
-56
-211
-245
-80
195
378
396
374
390
329
216
141
93
46
-67
-305
-577
-695
-633
-564
-536
-497
-486
-493
-462
-394
-293
-158
-71
-121
-177
-118
-84
-3
230
414
400
323
191
-91
-182
88
196
-59
-140
103
186
-42
-277
-394
-198
243
382
122
86
515
704
394
76
61
323
639
761
570
224
-148
-511
-575
-288
-37
-28
-143
-255
-389
-546
-594
-393
94
561
649
438
223
171
361
753
1088
1117
937
750
538
289
83
-58
-136
-97
-97
-325
-596
-705
-697
-675
-612
-557
-616
-676
-616
-483
-323
-211
-229
-278
-284
-338
-426
-371
-229
-155
-124
-200
-467
-673
-570
-346
-334
-392
-287
-97
47
-25
-265
-352
-79
324
480
467
640
903
867
501
194
234
512
755
806
692
474
104
-257
-316
-91
123
177
150
96
48
12
-3
124
502
940
1136
1087
983
889
838
916
1035
993
808
643
507
306
62
-130
-271
-376
-474
-628
-794
-866
-896
-970
-1005
-934
-839
-795
-767
-721
-638
-602
-699
-868
-900
-809
-740
-652
-561
-569
-633
-706
-850
-992
-889
-603
-471
-488
-434
-247
-73
-47
-181
-242
13
419
578
536
679
1004
1101
837
565
597
889
1115
1085
907
706
385
0
-151
58
356
468
424
396
458
465
369
436
828
1268
1450
1408
1286
1135
1065
1094
1105
1034
941
793
515
183
-125
-406
-576
-575
-565
-695
-871
-967
-1077
-1261
-1374
-1316
-1166
-1060
-1025
-996
-962
-985
-1070
-1146
-1121
-1045
-1009
-1030
-1059
-1079
-1152
-1244
-1279
-1196
-1003
-803
-719
-750
-741
-540
-266
-106
-86
-31
252
670
934
993
1156
1504
1669
1429
1104
1040
1187
1279
1190
1022
891
714
389
118
167
420
563
578
676
853
890
808
873
1188
1528
1671
1630
1536
1462
1364
1204
998
822
659
453
243
69
-157
-489
-793
-936
-1004
-1118
-1208
-1224
-1237
-1350
-1496
-1553
-1483
-1339
-1215
-1130
-1069
-1075
-1224
-1448
-1556
-1535
-1524
-1508
-1425
-1302
-1265
-1350
-1485
-1563
-1453
-1159
-845
-596
-362
-82
200
379
463
561
819
1181
1429
1494
1525
1662
1730
1520
1156
938
971
1071
1056
969
884
747
510
337
418
669
894
1032
1133
1236
1292
1271
1253
1335
1456
1484
1431
1389
1316
1130
845
552
346
224
126
18
-112
-297
-552
-780
-913
-1013
-1145
-1258
-1288
-1271
-1293
-1389
-1513
-1603
-1634
-1639
-1642
-1621
-1605
-1655
-1757
-1854
-1912
-1974
-2043
-2010
-1852
-1643
-1487
-1404
-1317
-1174
-922
-597
-298
-49
206
522
818
993
1074
1148
1284
1441
1532
1555
1593
1694
1723
1559
1323
1185
1197
1297
1407
1479
1486
1430
1313
1199
1182
1236
1287
1313
1354
1386
1352
1246
1112
994
908
853
793
711
617
522
409
263
94
-69
-211
-320
-408
-518
-684
-866
-1027
-1182
-1348
-1489
-1586
-1673
-1793
-1940
-2067
-2145
-2184
-2239
-2319
-2375
-2366
-2327
-2327
-2328
-2274
-2177
-2067
-1898
-1621
-1285
-978
-759
-622
-459
-191
128
372
562
783
1048
1281
1430
1486
1498
1533
1581
1619
1681
1844
2066
2212
2211
2117
2031
2018
2054
2074
2072
2066
2019
1884
1714
1590
1495
1371
1217
1086
1011
938
807
641
518
431
332
204
72
-27
-91
-150
-238
-341
-437
-547
-675
-803
-946
-1125
-1318
-1475
-1603
-1746
-1903
-2051
-2192
-2343
-2500
-2609
-2651
-2659
-2665
-2672
-2635
-2532
-2373
-2201
-2031
-1848
-1662
-1492
-1304
-1049
-751
-477
-266
-99
60
240
431
593
702
797
910
1067
1263
1455
1606
1722
1843
1977
2105
2238
2396
2558
2670
2694
2640
2537
2433
2341
2252
2150
2015
1848
1663
1489
1336
1155
926
700
523
386
252
123
32
-30
-92
-180
-289
-387
-449
-484
-532
-615
-720
-830
-950
-1089
-1250
-1423
-1580
-1713
-1832
-1965
-2119
-2280
-2419
-2522
-2584
-2585
-2517
-2408
-2297
-2188
-2075
-1948
-1804
-1635
-1440
-1232
-1035
-863
-694
-509
-323
-158
-12
128
266
399
537
675
816
976
1140
1308
1497
1704
1894
2052
2187
2294
2370
2436
2507
2576
2639
2665
2621
2525
2416
2307
2168
1995
1799
1601
1406
1199
984
767
563
366
173
-5
-148
-250
-323
-398
-479
-562
-651
-744
-826
-889
-948
-1029
-1138
-1266
-1398
-1538
-1690
-1837
-1959
-2062
-2162
-2254
-2316
-2334
-2318
-2295
-2260
-2199
-2116
-2020
-1914
-1791
-1656
-1505
-1341
-1169
-1001
-841
-689
-539
-385
-225
-58
110
274
426
567
711
873
1042
1194
1322
1431
1532
1626
1725
1839
1974
2107
2215
2300
2366
2409
2437
2453
2448
2411
2340
2240
2102
1930
1734
1524
1311
1098
888
677
473
280
101
-65
-211
-340
-464
-591
-714
-824
-922
-1010
-1091
-1162
-1230
-1300
-1379
-1464
-1547
-1618
-1684
-1742
-1781
-1809
-1835
-1866
-1887
-1898
-1897
-1886
-1854
-1801
-1735
-1659
-1569
-1453
-1315
-1158
-985
-805
-629
-466
-307
-140
25
174
311
443
575
699
804
897
990
1074
1145
1207
1281
1372
1460
1532
1585
1635
1683
1725
1762
1792
1813
1825
1826
1801
1746
1667
1577
1476
1365
1247
1124
994
847
683
517
360
206
42
-124
-269
-388
-492
-595
-704
-799
-873
-938
-1003
-1056
-1088
-1117
-1155
-1195
-1222
-1233
-1243
-1259
-1286
-1315
-1337
-1353
-1367
-1372
-1365
-1354
-1339
-1311
-1262
-1199
-1123
-1035
-934
-822
-698
-565
-431
-302
-177
-49
80
204
320
425
520
599
670
739
800
853
894
921
943
968
994
1008
1021
1046
1079
1100
1101
1094
1084
1073
1060
1044
1023
997
958
901
826
748
674
595
505
404
295
185
75
-33
-137
-232
-315
-389
-465
-540
-604
-658
-699
-725
-736
-739
-742
-748
-755
-760
-757
-752
-750
-754
-758
-764
-781
-800
-808
-800
-783
-754
-715
-670
-621
-564
-502
-437
-364
-285
-195
-97
17
132
235
316
379
437
500
563
621
669
695
702
697
686
674
666
667
668
657
639
621
605
592
581
565
548
538
530
518
501
479
450
411
367
322
273
220
161
99
39
-21
-85
-151
-211
-263
-314
-360
-402
-437
-467
-490
-507
-521
-529
-532
-530
-524
-516
-514
-516
-521
-526
-533
-534
-531
-526
-524
-527
-527
-520
-508
-487
-455
-411
-360
-303
-244
-182
-119
-54
14
90
169
241
303
357
402
442
483
517
539
549
545
538
528
516
501
471
437
403
373
338
306
287
276
264
248
233
217
200
177
155
137
118
95
67
38
10
-11
-33
-59
-92
-124
-154
-183
-203
-220
-240
-260
-279
-293
-301
-297
-286
-278
-273
-266
-258
-252
-250
-251
-255
-265
-274
-277
-275
-267
-261
-256
-255
-250
-236
-214
-186
-152
-117
-76
-29
23
77
131
183
237
291
342
387
426
455
476
493
501
507
505
494
474
448
416
383
349
316
287
259
233
203
174
144
114
85
59
37
12
-20
-51
-82
-109
-135
-156
-173
-187
-203
-224
-251
-272
-292
-305
-311
-311
-311
-310
-305
-303
-299
-289
-280
-273
-269
-264
-259
-255
-251
-241
-232
-228
-227
-233
-241
-248
-247
-242
-234
-226
-216
-202
-183
-152
-116
-80
-42
1
48
102
160
218
270
316
354
389
419
448
473
491
500
498
488
471
454
436
421
405
390
371
348
324
294
260
227
191
156
120
80
40
-2
-42
-76
-106
-130
-156
-181
-208
-236
-261
-282
-300
-318
-327
-332
-335
-335
-334
-330
-322
-309
-291
-270
-248
-222
-194
-174
-155
-140
-127
-118
-111
-107
-105
-108
-115
-126
-137
-141
-139
-135
-128
-120
-105
-84
-55
-22
10
44
81
117
155
192
222
254
285
314
343
372
397
414
424
428
424
418
408
397
385
367
344
313
280
247
219
189
161
135
105
74
41
7
-26
-59
-94
-132
-172
-210
-245
-272
-296
-321
-343
-365
-377
-382
-385
-384
-378
-369
-353
-331
-306
-277
-251
-227
-206
-183
-162
-145
-131
-115
-102
-91
-82
-77
-74
-73
-74
-75
-75
-72
-69
-67
-67
-61
-50
-35
-15
8
28
48
69
96
127
162
199
231
260
289
316
344
374
404
427
439
446
447
447
444
436
426
411
393
367
334
300
263
232
207
184
160
127
88
46
2
-40
-81
-124
-166
-213
-257
-297
-330
-354
-368
-375
-377
-382
-385
-387
-390
-383
-371
-355
-335
-312
-289
-270
-253
-236
-217
-198
-175
-153
-135
-122
-113
-108
-106
-106
-109
-113
-115
-119
-120
-124
-130
-137
-140
-138
-125
-102
-74
-41
-8
27
60
96
130
164
199
235
268
299
327
347
363
379
397
413
426
431
431
430
428
426
423
417
402
378
352
324
301
288
283
279
271
252
221
179
130
76
21
-32
-79
-120
-162
-205
-247
-286
-321
-355
-384
-405
-422
-438
-447
-446
-435
-422
-405
-388
-375
-363
-348
-333
-319
-300
-281
-262
-244
-230
-226
-231
-245
-261
-269
-267
-260
-247
-230
-212
-195
-179
-163
-147
-123
-91
-52
-9
33
70
99
124
148
174
206
246
292
343
389
432
467
499
528
553
576
592
608
621
627
627
629
627
619
601
574
539
497
455
418
378
339
289
226
157
88
18
-44
-98
-147
-196
-244
-284
-316
-343
-366
-396
-428
-462
-497
-527
-547
-559
-561
-558
-557
-556
-562
-575
-586
-587
-576
-549
-517
-486
-455
-431
-411
-399
-391
-383
-372
-349
-311
-264
-217
-175
-142
-113
-89
-66
-40
-3
46
101
159
216
274
325
364
402
436
473
514
563
621
690
759
814
850
866
863
839
813
787
770
755
731
698
649
593
533
478
432
389
343
294
240
181
117
45
-35
-120
-199
-279
-350
-416
-473
-524
-575
-623
-671
-726
-780
-831
-865
-873
-877
-868
-854
-844
-834
-818
-801
-788
-765
-737
-705
-664
-609
-553
-498
-443
-394
-357
-324
-296
-274
-243
-197
-145
-78
-3
66
122
165
202
242
295
367
449
540
635
715
776
828
866
889
905
924
946
972
1006
1036
1052
1064
1067
1050
1024
988
937
886
844
806
768
716
656
588
510
423
326
227
130
34
-60
-160
-261
-358
-465
-574
-680
-781
-876
-947
-1007
-1049
-1075
-1101
-1125
-1142
-1156
-1174
-1196
-1215
-1222
-1218
-1182
-1122
-1053
-972
-891
-832
-797
-772
-760
-740
-682
-592
-487
-381
-286
-217
-162
-103
-47
22
115
219
311
406
498
576
643
707
755
798
847
888
926
973
1030
1078
1114
1145
1157
1153
1149
1148
1150
1164
1177
1175
1154
1119
1056
973
897
833
765
698
625
537
442
340
236
136
45
-37
-132
-246
-364
-490
-609
-713
-801
-872
-938
-1006
-1076
-1146
-1197
-1233
-1244
-1232
-1213
-1202
-1199
-1205
-1214
-1214
-1196
-1159
-1099
-1031
-975
-925
-881
-838
-778
-709
-624
-519
-401
-281
-167
-67
15
89
158
229
304
386
472
551
628
705
773
834
883
921
945
955
962
978
1000
1025
1059
1088
1105
1106
1094
1072
1044
1024
1008
981
953
928
895
859
823
772
696
601
490
361
234
134
47
-19
-72
-144
-245
-357
-482
-623
-743
-840
-909
-950
-968
-981
-1003
-1023
-1051
-1096
-1135
-1161
-1204
-1233
-1246
-1239
-1200
-1138
-1058
-987
-949
-917
-889
-871
-811
-715
-585
-435
-283
-166
-88
-46
-5
33
94
191
293
402
503
578
634
678
709
737
754
770
787
814
852
884
921
955
967
963
950
925
896
875
856
846
844
835
818
784
737
677
608
543
484
428
380
321
245
162
72
-16
-106
-190
-275
-360
-441
-525
-609
-683
-748
-795
-827
-859
-888
-924
-961
-983
-1000
-1003
-987
-960
-926
-893
-855
-814
-777
-729
-675
-632
-586
-538
-494
-441
-374
-293
-213
-133
-58
3
55
111
168
235
320
406
477
539
590
623
651
674
693
703
714
725
727
725
726
728
733
740
734
719
689
655
627
601
582
571
549
519
478
421
356
296
245
202
163
132
93
42
-13
-79
-142
-198
-240
-282
-327
-382
-442
-503
-563
-605
-641
-666
-685
-698
-713
-726
-741
-754
-762
-755
-732
-714
-682
-653
-627
-600
-562
-519
-467
-408
-342
-280
-215
-141
-78
-14
51
107
153
200
243
277
305
335
358
374
393
409
423
437
452
465
471
472
465
445
416
389
366
353
345
350
352
350
343
331
306
288
270
251
242
236
226
215
202
181
156
131
106
71
31
-9
-52
-89
-115
-143
-174
-198
-233
-271
-308
-339
-365
-384
-384
-373
-360
-347
-337
-334
-338
-345
-355
-363
-371
-372
-365
-353
-331
-302
-272
-243
-208
-172
-135
-96
-60
-19
24
67
109
144
171
187
196
199
201
201
203
205
203
202
195
188
182
176
174
170
171
174
178
184
189
192
192
193
193
194
189
182
170
160
151
141
137
130
122
114
103
92
83
70
55
46
39
29
17
0
-13
-26
-38
-47
-53
-55
-56
-58
-66
-76
-91
-109
-131
-156
-179
-203
-219
-229
-233
-231
-225
-218
-209
-202
-199
-196
-187
-174
-160
-144
-125
-109
-93
-77
-63
-48
-34
-21
-13
-2
7
10
11
7
2
-7
-15
-24
-30
-35
-32
-28
-15
-2
15
33
47
60
72
82
90
98
104
111
114
119
123
124
125
128
130
129
128
127
124
120
122
125
130
135
143
146
146
142
136
125
111
96
83
71
59
53
47
43
37
29
18
4
-11
-28
-44
-63
-79
-94
-106
-116
-124
-131
-137
-139
-138
-131
-122
-113
-101
-94
-89
-91
-98
-110
-120
-128
-134
-136
-133
-125
-118
-115
-112
-111
-112
-109
-104
-93
-80
-65
-52
-38
-24
-12
-1
9
19
29
40
52
63
72
81
85
90
91
87
82
76
72
71
72
73
75
74
75
77
78
80
86
91
99
106
109
112
113
111
106
100
94
85
71
58
42
26
10
-7
-17
-26
-32
-37
-44
-53
-61
-71
-77
-79
-75
-69
-65
-61
-61
-61
-62
-65
-66
-63
-59
-52
-44
-36
-30
-26
-25
-27
-27
-27
-27
-26
-22
-18
-15
-4
8
19
29
36
41
45
50
54
59
68
78
86
92
94
92
87
83
80
77
74
70
66
60
55
47
36
24
11
0
-11
-15
-17
-20
-20
-22
-27
-32
-40
-49
-56
-61
-65
-67
-69
-73
-80
-88
-95
-104
-115
-122
-129
-136
-138
-135
-133
-126
-118
-112
-107
-100
-93
-87
-76
-66
-54
-42
-31
-21
-13
-9
-5
-1
6
15
26
39
47
53
55
58
58
58
63
69
78
89
100
112
122
132
137
141
142
144
146
151
158
165
170
169
168
161
150
135
120
107
93
80
65
48
30
10
-12
-32
-47
-59
-67
-70
-67
-62
-60
-62
-70
-78
-90
-102
-111
-118
-127
-133
-139
-147
-155
-162
-171
-179
-185
-191
-191
-189
-180
-168
-152
-136
-121
-104
-87
-72
-59
-47
-35
-24
-9
10
25
37
46
55
60
68
76
84
94
103
112
120
123
124
122
125
134
148
164
182
200
213
223
230
233
231
228
221
213
206
193
177
160
140
117
92
65
39
15
-8
-27
-47
-64
-80
-96
-115
-134
-150
-163
-169
-172
-174
-180
-183
-191
-200
-210
-218
-225
-228
-229
-229
-229
-228
-231
-236
-240
-238
-232
-219
-200
-175
-146
-117
-90
-66
-49
-35
-24
-12
4
20
39
58
77
87
97
102
105
109
115
126
141
160
181
206
228
247
261
272
279
286
295
302
304
306
305
300
287
268
246
219
194
168
147
128
111
90
67
41
10
-21
-56
-86
-110
-128
-141
-153
-163
-178
-192
-205
-221
-232
-242
-252
-264
-274
-281
-290
-296
-300
-302
-302
-299
-293
-280
-264
-242
-217
-188
-155
-124
-94
-61
-30
-1
26
50
66
79
87
93
98
104
107
113
120
126
132
139
147
157
168
183
196
213
230
247
263
278
287
292
295
292
285
273
257
241
224
207
183
155
120
83
47
12
-19
-46
-69
-90
-106
-123
-139
-157
-174
-189
-203
-217
-231
-240
-250
-261
-273
-282
-288
-292
-298
-303
-308
-309
-307
-302
-295
-286
-274
-256
-235
-212
-184
-151
-116
-76
-36
0
34
66
96
123
146
168
186
201
213
221
226
230
232
236
242
248
251
254
256
257
260
263
267
273
279
284
285
283
278
269
257
241
222
201
178
156
133
106
81
55
28
2
-27
-53
-77
-96
-115
-131
-148
-167
-185
-205
-225
-245
-261
-275
-288
-299
-311
-323
-333
-341
-347
-351
-355
-353
-346
-335
-322
-306
-286
-264
-236
-206
-176
-146
-115
-85
-52
-19
16
48
75
101
129
152
178
203
225
246
260
271
278
283
283
282
282
281
283
282
285
285
286
286
284
284
280
277
271
263
251
236
217
191
163
130
96
61
28
-7
-43
-76
-107
-138
-164
-185
-205
-222
-239
-255
-265
-276
-284
-292
-300
-310
-319
-326
-331
-335
-337
-337
-336
-332
-325
-315
-302
-287
-269
-248
-227
-203
-176
-149
-121
-90
-60
-27
6
42
80
117
155
191
223
253
282
306
330
347
360
368
374
375
374
368
361
356
350
345
339
330
322
315
302
290
277
262
245
226
204
180
152
122
90
56
20
-16
-52
-89
-122
-154
-184
-212
-236
-257
-275
-294
-307
-319
-330
-338
-343
-345
-347
-349
-352
-352
-353
-352
-346
-342
-335
-326
-316
-303
-287
-271
-254
-236
-216
-194
-169
-143
-113
-79
-44
-5
34
75
113
152
188
222
253
283
309
330
349
363
372
378
379
380
379
376
374
371
364
357
349
342
332
323
313
297
281
262
240
217
194
167
138
106
68
30
-12
-52
-91
-130
-166
-200
-231
-259
-286
-310
-332
-351
-367
-380
-391
-397
-400
-401
-398
-392
-384
-373
-362
-348
-332
-317
-301
-287
-272
-258
-245
-233
-218
-202
-181
-156
-129
-101
-70
-38
-5
29
66
103
142
182
218
252
283
309
331
351
365
377
389
397
404
408
410
409
404
396
389
379
370
361
350
337
321
304
285
265
244
223
199
173
144
115
83
49
14
-21
-57
-95
-136
-173
-212
-245
-276
-302
-325
-344
-360
-374
-383
-387
-388
-386
-383
-378
-372
-365
-360
-355
-349
-345
-337
-331
-322
-312
-300
-286
-270
-251
-231
-208
-183
-158
-129
-97
-63
-28
8
45
81
115
148
181
214
244
272
302
328
350
367
379
386
390
390
387
383
380
375
368
362
355
348
341
332
322
310
298
284
270
253
234
210
182
152
116
79
40
-2
-43
-85
-126
-166
-202
-238
-267
-294
-317
-336
-347
-358
-365
-368
-370
-368
-367
-363
-359
-355
-350
-344
-339
-331
-323
-313
-302
-288
-275
-260
-240
-221
-198
-171
-141
-108
-76
-44
-12
19
49
79
109
140
170
197
219
240
259
277
294
306
316
323
331
335
339
339
339
336
332
329
325
321
314
308
302
293
283
271
257
238
218
196
171
143
114
85
54
22
-8
-40
-72
-102
-133
-160
-184
-207
-229
-251
-267
-282
-294
-306
-316
-327
-334
-339
-342
-343
-344
-344
-341
-334
-329
-320
-310
-301
-288
-275
-261
-245
-224
-203
-178
-155
-126
-95
-64
-31
-1
29
58
84
106
127
146
161
174
185
195
203
210
218
225
230
236
241
247
252
257
259
262
262
262
260
256
252
248
241
235
228
221
212
201
188
172
151
129
109
88
68
50
33
16
-4
-24
-43
-63
-80
-99
-117
-133
-149
-163
-174
-186
-195
-204
-212
-219
-224
-229
-232
-235
-235
-232
-228
-222
-215
-206
-199
-190
-179
-166
-152
-136
-122
-104
-89
-72
-56
-39
-23
-8
6
19
32
45
56
65
75
84
92
99
106
112
116
121
126
131
133
138
142
146
150
153
154
155
155
155
154
153
151
149
144
137
130
122
113
102
92
78
66
52
36
21
8
-6
-17
-30
-41
-55
-66
-77
-88
-98
-106
-114
-124
-133
-145
-154
-163
-171
-177
-181
-185
-186
-186
-183
-179
-172
-164
-152
-140
-129
-117
-104
-92
-77
-64
-51
-38
-24
-13
-2
6
14
22
28
34
40
47
54
61
68
73
80
85
92
97
102
107
113
118
124
130
136
142
147
150
153
154
153
152
150
149
145
141
136
131
123
114
103
92
82
70
60
50
40
29
16
6
-8
-20
-33
-45
-56
-67
-77
-88
-96
-108
-119
-127
-136
-145
-151
-155
-158
-159
-161
-160
-159
-158
-156
-153
-148
-143
-136
-128
-121
-113
-104
-97
-89
-80
-71
-63
-55
-47
-36
-26
-16
-4
6
16
24
35
44
54
62
70
79
85
96
104
109
115
120
125
128
130
133
134
135
134
131
128
126
124
122
120
116
112
107
103
96
89
82
75
67
59
48
39
28
15
1
-13
-26
-37
-48
-59
-69
-80
-90
-99
-108
-116
-123
-130
-135
-141
-143
-145
-144
-144
-142
-137
-134
-129
-124
-119
-113
-107
-100
-90
-83
-74
-63
-54
-44
-34
-21
-9
4
16
28
40
51
62
74
83
92
100
107
116
124
129
134
139
143
147
149
150
150
149
145
139
134
127
121
112
105
94
86
78
70
63
55
48
40
32
20
9
-4
-18
-31
-47
-60
-75
-90
-104
-116
-128
-139
-147
-155
-161
-166
-169
-173
-174
-176
-177
-178
-177
-174
-172
-168
-163
-159
-154
-147
-143
-137
-130
-121
-113
-102
-90
-80
-68
-53
-38
-21
-2
16
35
54
72
89
106
121
136
148
160
171
178
183
186
188
189
190
189
189
189
187
185
183
182
179
178
176
174
170
166
160
154
147
138
127
116
103
92
79
64
50
36
21
5
-11
-29
-44
-61
-76
-90
-101
-113
-124
-133
-141
-148
-155
-159
-162
-166
-169
-170
-174
-178
-181
-184
-186
-186
-186
-185
-182
-178
-174
-168
-162
-154
-143
-131
-117
-102
-86
-70
-54
-36
-22
-8
8
22
35
47
59
69
80
90
98
106
115
121
126
131
135
139
143
147
149
153
154
155
154
152
150
148
143
136
129
123
115
107
97
84
71
56
43
29
15
3
-9
-21
-32
-43
-51
-63
-71
-81
-90
-99
-106
-114
-122
-126
-133
-138
-139
-141
-142
-142
-141
-141
-142
-141
-139
-136
-130
-126
-120
-110
-101
-92
-80
-72
-59
-45
-31
-15
-1
14
27
41
53
65
74
82
90
98
105
109
113
116
119
123
126
130
135
138
142
146
148
150
150
151
149
148
144
139
133
125
116
108
97
85
74
60
48
33
19
4
-9
-22
-36
-48
-58
-68
-77
-83
-91
-96
-102
-107
-111
-117
-121
-124
-128
-131
-133
-136
-138
-140
-141
-140
-138
-135
-133
-128
-122
-115
-106
-97
-88
-78
-67
-55
-46
-35
-26
-14
-4
4
13
24
32
40
48
55
59
66
73
79
85
90
95
100
106
109
113
116
118
120
122
122
120
117
112
108
102
97
90
82
73
63
53
43
32
21
10
-1
-13
-23
-32
-40
-49
-56
-63
-69
-76
-80
-85
-89
-93
-98
-101
-103
-107
-109
-114
-117
-119
-119
-117
-116
-113
-110
-107
-102
-97
-90
-83
-76
-67
-58
-48
-39
-27
-16
-4
8
20
30
41
51
60
69
78
87
94
101
107
111
118
123
126
130
132
135
135
135
136
138
137
137
136
133
129
125
119
112
104
92
81
67
54
39
25
12
-2
-15
-27
-39
-50
-61
-70
-78
-85
-90
-95
-100
-103
-107
-109
-112
-115
-118
-120
-121
-122
-121
-121
-119
-118
-115
-111
-107
-101
-94
-86
-80
-71
-62
-53
-43
-35
-27
-18
-10
-1
7
12
20
27
33
39
45
50
56
61
65
68
69
70
72
74
76
76
77
78
78
78
76
74
72
71
67
64
60
54
49
44
37
30
24
17
10
1
-7
-14
-23
-32
-41
-48
-54
-60
-65
-70
-74
-75
-75
-76
-76
-77
-74
-72
-71
-68
-65
-61
-58
-54
-48
-44
-39
-32
-26
-20
-14
-4
4
12
19
26
33
38
44
49
54
58
62
66
68
70
72
74
75
75
74
72
71
69
68
66
65
63
61
59
57
55
53
50
48
46
42
38
33
29
23
17
12
4
-2
-7
-13
-19
-26
-34
-41
-49
-55
-63
-67
-72
-77
-81
-85
-89
-91
-91
-92
-93
-93
-93
-90
-87
-84
-80
-76
-70
-63
-58
-52
-43
-39
-34
-28
-23
-17
-10
-3
4
9
13
20
28
34
42
48
52
58
62
67
70
73
78
80
81
82
81
81
81
79
77
73
70
66
61
57
52
47
42
36
30
25
19
12
7
1
-4
-8
-13
-19
-25
-29
-34
-40
-45
-51
-54
-58
-62
-66
-69
-71
-73
-75
-76
-80
-79
-80
-81
-80
-77
-75
-73
-69
-67
-66
-61
-56
-51
-45
-38
-32
-25
-20
-15
-8
-1
6
15
24
33
40
48
57
65
72
77
83
89
92
97
100
102
106
105
104
103
102
101
97
93
90
85
79
74
69
64
57
51
45
38
30
23
16
9
2
-6
-12
-19
-26
-34
-42
-47
-56
-62
-70
-77
-84
-91
-96
-100
-105
-110
-110
-113
-114
-114
-114
-112
-110
-106
-103
-98
-93
-89
-81
-74
-68
-61
-52
-45
-38
-29
-23
-16
-9
-1
6
14
21
29
36
45
53
60
67
75
80
87
94
101
106
112
117
120
123
125
125
126
124
123
119
116
113
105
100
93
84
77
70
63
56
48
39
32
25
17
7
0
-10
-17
-26
-34
-42
-50
-58
-67
-73
-80
-86
-92
-99
-103
-108
-113
-116
-119
-120
-123
-123
-120
-119
-117
-115
-110
-106
-103
-97
-92
-87
-82
-78
-72
-65
-58
-51
-43
-36
-30
-23
-16
-9
0
9
18
26
33
41
48
57
64
72
79
84
91
95
97
101
102
102
103
102
101
97
95
92
91
88
85
82
79
75
71
67
63
56
50
47
41
36
29
23
18
13
5
0
-7
-14
-19
-26
-34
-41
-48
-54
-60
-65
-70
-74
-78
-80
-83
-84
-83
-83
-80
-78
-74
-69
-66
-63
-61
-57
-55
-52
-48
-47
-43
-41
-36
-31
-27
-20
-15
-9
-3
3
9
16
23
29
35
40
45
50
55
59
65
68
73
76
75
77
77
76
75
72
71
68
65
62
57
53
49
45
40
36
33
29
25
21
17
11
7
2
-4
-9
-15
-21
-26
-31
-37
-41
-45
-49
-52
-55
-58
-60
-61
-64
-65
-65
-65
-65
-65
-64
-64
-62
-60
-58
-56
-54
-52
-51
-49
-45
-43
-40
-35
-33
-29
-26
-23
-21
-17
-13
-8
-5
0
7
14
20
27
34
39
44
51
54
58
58
58
61
62
62
63
63
61
61
61
59
57
58
57
57
55
53
49
47
44
42
38
34
30
26
21
14
8
3
0
-6
-11
-16
-21
-25
-33
-39
-44
-50
-53
-55
-58
-60
-61
-63
-61
-61
-60
-59
-58
-54
-53
-51
-49
-47
-44
-41
-39
-36
-34
-32
-31
-30
-28
-27
-23
-20
-17
-15
-10
-6
1
5
10
16
23
28
33
38
41
45
47
50
52
53
53
53
54
55
54
54
55
54
52
50
47
46
45
44
43
41
39
38
36
32
31
27
23
21
16
12
8
2
-3
-7
-11
-15
-18
-22
-24
-27
-28
-30
-32
-30
-33
-34
-34
-34
-34
-33
-33
-32
-32
-32
-33
-35
-36
-38
-38
-38
-36
-35
-35
-34
-34
-33
-31
-29
-25
-21
-19
-16
-13
-11
-7
-5
-3
1
5
7
9
13
13
15
17
19
21
22
22
22
22
20
20
20
21
20
21
21
21
22
23
24
26
25
26
26
26
26
24
22
20
19
16
13
9
4
-1
-4
-7
-12
-16
-19
-22
-24
-27
-28
-29
-31
-32
-30
-31
-31
-28
-26
-25
-23
-22
-19
-17
-14
-13
-11
-10
-10
-9
-9
-8
-7
-7
-5
-4
-2
0
1
3
6
9
11
14
16
17
20
20
21
23
25
25
26
27
27
28
28
27
26
26
24
25
22
21
19
17
16
15
13
12
10
9
8
7
6
5
4
3
2
2
0
0
-2
-5
-7
-9
-10
-13
-15
-17
-18
-20
-22
-23
-25
-24
-23
-21
-19
-18
-19
-18
-17
-17
-16
-14
-14
-14
-14
-15
-17
-16
-16
-17
-18
-18
-15
-15
-13
-11
-8
-6
-4
-2
1
4
7
10
11
14
16
18
20
19
22
22
23
22
22
21
19
19
18
18
17
17
16
16
17
16
16
16
15
14
14
13
13
12
11
11
9
7
6
6
3
1
-2
-5
-7
-11
-15
-18
-21
-24
-26
-29
-31
-34
-35
-35
-34
-32
-34
-31
-31
-31
-30
-30
-28
-26
-26
-24
-23
-21
-19
-18
-15
-13
-11
-7
-5
-2
0
5
10
13
18
22
25
28
28
31
32
32
34
34
34
36
35
35
34
33
32
32
30
30
29
27
27
27
26
25
24
21
20
18
16
15
13
11
9
7
4
0
-2
-5
-9
-12
-16
-17
-20
-22
-22
-23
-26
-25
-25
-26
-26
-26
-26
-27
-28
-29
-30
-29
-30
-30
-28
-28
-27
-26
-25
-22
-20
-17
-16
-14
-13
-10
-8
-5
-5
-2
0
2
5
7
8
10
13
15
16
18
20
21
21
22
22
23
22
22
23
23
24
24
24
25
25
25
23
21
20
17
16
13
11
8
7
3
0
-3
-6
-8
-12
-15
-19
-21
-23
-28
-30
-29
-30
-30
-28
-28
-28
-27
-25
-24
-22
-21
-20
-19
-17
-15
-15
-13
-12
-12
-11
-10
-8
-6
-5
-4
0
2
3
5
6
7
8
11
12
14
15
18
18
17
19
18
18
20
19
20
18
19
19
19
19
18
17
18
19
21
21
20
20
20
22
23
23
23
22
22
19
16
15
13
11
10
8
7
5
4
1
0
-3
-3
-4
-5
-7
-10
-12
-13
-15
-15
-16
-18
-19
-22
-23
-24
-26
-25
-26
-26
-27
-26
-26
-25
-24
-22
-20
-21
-20
-22
-21
-21
-18
-17
-15
-13
-12
-10
-8
-7
-5
-2
1
2
4
6
8
11
12
13
14
15
16
17
18
19
20
21
22
22
23
22
22
22
22
22
21
19
18
17
15
14
12
9
6
3
1
-1
-3
-5
-9
-11
-13
-13
-15
-17
-18
-20
-20
-20
-20
-22
-22
-21
-21
-20
-20
-20
-20
-20
-20
-20
-18
-17
-16
-13
-13
-10
-7
-5
-2
0
4
8
10
12
15
17
19
20
21
23
24
24
26
26
25
25
25
24
23
20
19
18
17
17
17
15
13
13
11
8
5
4
1
-2
-5
-7
-9
-11
-12
-15
-16
-18
-22
-25
-25
-28
-28
-28
-28
-27
-27
-27
-27
-27
-25
-25
-24
-23
-21
-20
-17
-15
-12
-8
-6
-2
-1
2
4
6
8
9
12
12
13
15
16
18
19
21
22
24
25
25
26
28
29
29
31
33
32
34
34
35
34
33
33
33
32
31
30
30
28
26
26
23
21
18
15
13
12
9
6
3
-1
-3
-7
-11
-14
-17
-22
-27
-32
-36
-39
-40
-44
-46
-49
-50
-50
-52
-51
-50
-48
-48
-47
-45
-43
-42
-40
-38
-34
-31
-27
-25
-22
-19
-17
-12
-9
-6
-2
2
4
7
10
13
17
19
21
22
24
24
25
27
30
30
32
33
33
34
35
36
36
35
33
33
33
31
30
29
28
25
23
21
19
18
16
14
12
9
7
5
0
-2
-4
-8
-12
-16
-20
-23
-27
-29
-33
-36
-39
-39
-41
-43
-46
-46
-48
-50
-50
-50
-49
-49
-48
-46
-44
-42
-41
-37
-36
-32
-28
-23
-20
-14
-8
-3
2
7
11
15
18
22
27
29
33
36
38
42
46
47
50
52
54
54
55
56
56
56
56
57
55
55
54
52
51
51
49
48
46
44
42
38
37
35
33
30
28
25
22
20
17
13
10
5
1
-3
-8
-13
-17
-23
-30
-35
-39
-45
-49
-54
-56
-59
-62
-62
-64
-66
-65
-64
-63
-62
-61
-59
-57
-55
-51
-48
-46
-43
-40
-35
-33
-29
-25
-24
-20
-15
-12
-8
-4
-1
2
5
9
11
15
17
19
20
23
24
25
25
27
27
27
27
27
29
27
26
27
27
25
23
23
22
21
19
17
16
15
14
14
13
11
9
7
4
1
-1
-2
-5
-9
-12
-13
-17
-18
-20
-21
-22
-24
-26
-26
-26
-26
-25
-26
-26
-25
-24
-23
-22
-20
-17
-15
-14
-12
-10
-7
-4
-2
2
4
6
8
12
13
14
16
18
19
22
22
24
26
27
28
29
30
31
31
32
34
35
35
37
37
39
39
40
41
41
39
40
39
36
35
32
29
27
25
23
21
20
17
16
12
9
5
1
-2
-5
-10
-13
-16
-20
-22
-25
-27
-30
-33
-37
-39
-40
-41
-44
-47
-47
-48
-50
-51
-53
-52
-52
-51
-50
-48
-47
-45
-42
-40
-37
-35
-31
-28
-25
-23
-20
-17
-13
-10
-8
-4
-2
0
3
5
7
7
7
9
11
11
13
13
15
17
18
19
21
21
22
23
23
22
20
19
18
18
17
17
17
16
15
15
14
11
12
9
8
6
5
4
1
0
-1
-1
-2
-1
-2
-3
-2
-2
-3
-3
-4
-4
-1
-3
-2
-2
-2
0
1
3
5
5
7
8
10
11
12
12
14
15
15
15
17
16
16
16
16
15
14
16
15
14
13
13
11
11
9
10
9
8
8
8
8
8
8
9
8
8
8
9
9
9
8
9
9
9
8
5
4
3
1
0
-3
-5
-6
-8
-8
-10
-12
-14
-15
-18
-19
-21
-22
-24
-26
-27
-28
-28
-29
-29
-30
-30
-31
-30
-31
-29
-28
-28
-27
-28
-26
-26
-26
-23
-23
-21
-21
-19
-18
-15
-12
-12
-11
-9
-10
-8
-5
-3
-1
0
1
2
4
4
7
6
8
8
8
9
9
10
10
11
12
14
14
14
15
16
18
18
20
21
21
20
21
21
22
23
23
23
23
24
24
24
22
20
18
17
14
12
11
11
10
9
8
7
5
4
4
2
1
0
-1
-2
-2
-3
-4
-4
-5
-3
-5
-6
-7
-6
-7
-7
-9
-8
-8
-8
-8
-9
-7
-7
-6
-6
-4
-5
-5
-4
-4
-2
-1
0
-1
1
0
2
2
2
4
3
3
2
4
4
5
5
6
7
6
7
6
7
7
6
6
5
4
2
3
1
0
-1
-3
-3
-2
-1
-1
-2
-4
-7
-7
-9
-8
-9
-11
-12
-14
-13
-13
-14
-14
-13
-13
-14
-14
-15
-14
-13
-14
-14
-14
-14
-13
-12
-11
-11
-10
-8
-7
-4
-3
-2
-3
0
-2
0
1
2
2
2
4
4
6
4
7
8
9
10
11
10
11
10
11
10
11
10
8
9
9
9
11
10
9
8
7
6
6
5
3
3
2
0
-1
0
-1
-1
-1
-1
-3
-4
-4
-2
-2
-1
0
1
0
-1
-2
-1
-1
-2
-2
-2
-1
-2
0
0
1
2
2
1
1
2
4
6
6
6
7
7
6
6
7
7
8
7
7
6
5
6
6
4
5
6
6
6
5
5
5
5
4
4
5
4
4
3
2
2
1
0
0
1
2
2
2
0
0
-3
-5
-7
-8
-10
-10
-11
-12
-13
-14
-15
-14
-15
-14
-15
-15
-15
-15
-15
-16
-16
-15
-15
-14
-14
-15
-15
-17
-16
-17
-15
-16
-16
-15
-15
-14
-14
-15
-13
-13
-13
-10
-8
-6
-4
-3
-3
0
3
4
5
7
7
9
10
10
12
12
13
14
14
14
16
16
18
18
19
22
24
25
24
26
28
28
29
28
29
30
31
31
32
31
30
28
26
23
24
22
21
19
17
16
14
13
12
10
8
6
3
1
-1
-3
-6
-9
-11
-14
-16
-18
-18
-22
-25
-27
-27
-27
-29
-30
-30
-31
-32
-34
-35
-37
-36
-35
-35
-34
-32
-31
-29
-29
-27
-25
-22
-21
-18
-16
-15
-13
-12
-9
-7
-4
-3
0
3
4
8
10
11
14
17
18
20
20
21
22
22
23
24
24
24
23
21
21
21
20
20
19
15
14
13
10
8
7
4
4
2
0
-2
-2
-2
-3
-3
-3
-3
-3
-4
-6
-7
-7
-9
-10
-11
-11
-11
-11
-10
-12
-12
-12
-13
-14
-15
-14
-13
-12
-11
-9
-7
-8
-8
-8
-6
-6
-4
-3
-3
0
1
1
1
2
2
4
4
6
8
10
13
15
17
20
22
25
25
26
28
28
29
28
27
27
25
23
24
22
21
21
21
20
20
19
20
18
15
15
11
10
6
3
1
-1
-4
-6
-8
-10
-13
-14
-17
-19
-18
-21
-22
-23
-24
-27
-29
-30
-31
-33
-34
-34
-33
-31
-30
-29
-27
-25
-23
-23
-22
-21
-20
-19
-19
-18
-18
-16
-16
-15
-13
-12
-10
-8
-7
-4
-3
-3
-1
0
1
2
5
8
9
10
11
13
15
16
16
17
19
20
21
21
23
24
24
22
22
22
23
21
22
20
19
17
16
13
12
11
9
9
8
7
6
3
1
0
1
-1
-3
-3
-4
-3
-5
-5
-6
-6
-6
-6
-4
-3
-3
-1
-1
-1
-3
-2
-2
-3
-3
-4
-3
-4
-2
-2
-1
-2
-2
1
0
0
0
0
-2
-2
-2
-5
-5
-5
-5
-6
-5
-4
-3
-1
-2
-1
1
1
3
2
1
0
1
2
2
2
1
0
-1
-1
-3
-3
-4
-2
-3
-2
-2
-3
-2
-2
-3
-2
-4
-3
-4
-4
-2
-2
-4
-3
-3
-2
-2
-1
0
1
3
5
6
7
5
7
6
6
6
5
4
3
3
2
3
2
3
3
2
3
2
3
4
5
5
6
5
5
6
6
4
3
3
2
2
0
-1
-3
-5
-6
-9
-10
-11
-12
-14
-13
-15
-15
-14
-13
-13
-13
-11
-9
-7
-6
-5
-3
0
1
2
4
4
5
5
4
3
3
3
3
1
1
0
0
1
1
2
2
2
2
3
5
4
4
5
5
5
4
4
2
2
2
1
1
1
1
1
3
2
3
2
2
3
1
-1
-1
-1
-1
-3
-3
-4
-3
-2
0
-1
-2
-2
-3
-2
-3
-3
-3
-3
-3
-3
-4
-6
-7
-6
-4
-5
-7
-8
-7
-7
-7
-7
-9
-8
-7
-7
-7
-6
-7
-6
-5
-3
-1
-1
-1
0
1
2
2
3
3
2
4
4
4
3
3
4
5
7
6
8
8
11
12
14
16
16
18
19
21
20
22
21
21
21
21
20
20
21
20
18
18
17
14
15
15
15
14
13
12
12
10
10
9
8
5
5
3
1
-3
-4
-6
-8
-10
-13
-15
-16
-18
-20
-21
-24
-24
-25
-24
-25
-24
-22
-21
-20
-20
-20
-20
-18
-19
-18
-16
-13
-13
-12
-11
-12
-12
-10
-10
-8
-8
-8
-7
-6
-5
-4
-4
-3
0
-1
1
2
3
4
4
5
5
5
6
7
8
7
4
3
2
2
0
0
0
-1
-1
-1
-3
-2
-2
-1
-2
-2
0
0
0
2
3
2
4
4
3
3
1
1
-1
-1
-4
-5
-8
-9
-10
-11
-12
-13
-12
-12
-11
-11
-10
-11
-8
-7
-6
-4
-3
-2
-1
0
-1
-1
1
2
3
4
4
5
8
8
9
10
10
11
13
14
14
16
18
19
21
22
23
26
28
28
29
30
30
31
31
32
33
32
32
30
28
27
27
25
24
22
21
19
17
16
15
14
12
12
12
12
9
7
4
2
-1
-3
-6
-9
-12
-14
-15
-17
-21
-23
-25
-26
-28
-29
-32
-33
-34
-37
-37
-37
-37
-36
-35
-35
-37
-36
-37
-35
-35
-34
-35
-34
-34
-33
-33
-32
-31
-32
-31
-31
-29
-28
-26
-24
-20
-18
-15
-12
-10
-7
-4
1
3
5
6
6
9
9
11
11
14
15
16
17
19
19
21
21
22
22
22
22
22
21
20
22
22
22
22
23
22
22
23
21
21
20
20
20
17
15
13
11
10
9
9
7
7
7
7
7
7
6
6
5
5
6
5
5
5
4
4
2
2
2
1
1
2
2
2
3
2
2
2
3
4
4
4
3
5
5
6
6
7
8
9
9
9
9
9
7
7
6
3
1
-1
-3
-5
-5
-7
-7
-8
-9
-11
-11
-11
-11
-10
-9
-9
-9
-10
-9
-9
-10
-9
-8
-8
-8
-9
-9
-9
-10
-10
-11
-11
-10
-11
-11
-11
-11
-11
-12
-11
-11
-9
-10
-11
-10
-9
-9
-9
-10
-8
-8
-8
-8
-7
-7
-7
-6
-5
-6
-7
-8
-8
-9
-10
-11
-11
-11
-10
-9
-9
-9
-8
-5
-5
-4
-4
-3
-3
-3
-2
-2
-1
1
3
4
7
6
7
10
11
13
14
15
15
17
17
18
20
20
23
24
27
27
29
29
29
28
27
25
24
24
21
19
18
17
17
15
14
13
13
10
9
7
4
3
2
1
1
0
-1
-2
-2
-3
-4
-6
-7
-10
-12
-13
-15
-17
-17
-18
-19
-20
-21
-19
-19
-20
-19
-19
-19
-18
-18
-17
-16
-14
-15
-13
-14
-12
-11
-12
-9
-9
-8
-7
-7
-6
-5
-5
-6
-5
-6
-5
-6
-6
-5
-5
-2
0
3
5
8
11
14
17
18
19
21
20
24
22
24
24
22
22
19
18
18
16
13
11
10
9
7
7
6
4
4
3
3
2
1
0
-1
