7
6
6
4
4
3
1
1
-1
-3
-2
-3
-4
-3
-3
-4
-4
-3
-3
-3
-4
-4
-5
-4
-5
-4
-4
-4
-6
-7
-6
-8
-8
-9
-8
-8
-8
-7
-7
-6
-5
-5
-5
-5
-5
-4
-4
-2
-3
-3
-2
-1
-1
0
1
2
5
4
5
6
5
5
5
5
5
5
6
7
8
7
7
8
8
8
9
9
8
9
7
8
8
7
6
6
5
3
3
3
2
2
3
3
2
2
2
2
2
1
1
0
0
-1
-3
-4
-4
-5
-6
-6
-6
-7
-7
-5
-6
-6
-7
-8
-8
-8
-8
-8
-9
-9
-10
-11
-10
-11
-11
-11
-10
-11
-10
-8
-9
-9
-7
-8
-6
-7
-6
-7
-7
-6
-5
-4
-4
-5
-5
-3
-5
-4
-3
-3
-3
-2
-2
-1
-1
1
0
1
2
2
3
3
3
2
2
2
2
2
3
2
1
3
3
3
4
3
4
4
4
4
3
3
4
3
4
5
4
5
5
7
6
7
6
5
5
6
6
6
7
8
8
8
9
7
8
8
8
9
9
8
8
7
5
5
5
4
4
4
4
4
3
4
6
5
5
5
5
6
6
7
5
6
8
6
4
5
5
4
5
3
2
3
2
2
2
2
1
-1
-2
-2
-3
-2
-3
-3
-2
-1
-2
-2
-3
-3
-2
-3
-2
-2
-1
0
0
1
1
2
1
2
1
1
0
-2
-1
-1
-1
-2
-2
-2
-4
-4
-5
-6
-7
-8
-7
-8
-8
-8
-8
-8
-9
-9
-8
-9
-7
-6
-8
-6
-6
-7
-7
-6
-6
-7
-7
-8
-7
-6
-7
-7
-4
-4
-4
-5
-6
-7
-6
-6
-7
-6
-5
-5
-4
-4
-3
-2
0
0
1
0
0
1
1
1
2
2
3
3
2
3
3
3
2
1
2
2
2
2
3
2
3
4
5
5
6
6
7
8
8
8
8
8
8
7
6
5
4
4
3
2
3
3
2
1
1
1
1
1
0
1
1
-2
-2
-2
-3
-3
-4
-4
-3
-4
-4
-4
-4
-4
-3
-3
-3
-3
-3
-3
-1
-1
1
1
2
2
3
3
3
4
4
4
4
4
3
4
5
5
7
7
7
8
8
8
6
5
4
4
3
1
0
0
-1
0
-1
-1
-2
-2
-2
-3
-3
-3
-1
-2
-2
-2
-2
-3
-3
-3
-4
-4
-5
-5
-4
-5
-4
-4
-4
-3
-3
-2
-3
-3
-3
-3
-3
-4
-4
-5
-4
-3
-3
-2
-3
-2
-2
-1
-1
-1
0
-1
1
-1
-1
0
0
0
1
2
2
3
4
4
5
6
7
7
7
8
7
6
8
8
9
8
9
8
10
10
9
9
8
8
9
9
10
9
9
9
6
6
5
3
2
1
0
0
-1
-3
-4
-3
-5
-6
-7
-8
-8
-10
-11
-10
-12
-12
-13
-13
-13
-13
-13
-14
-14
-15
-15
-16
-15
-15
-14
-13
-14
-13
-15
-13
-14
-14
-14
-14
-13
-11
-11
-10
-11
-8
-8
-6
-5
-6
-5
-3
-2
-1
1
3
4
5
6
7
8
9
11
11
12
12
12
12
13
14
14
15
15
15
15
16
15
14
14
14
14
13
11
11
13
11
12
11
9
8
7
6
6
5
6
3
3
2
2
2
2
1
2
2
2
3
2
1
1
-1
-1
-1
-2
-2
-3
-4
-3
-3
-4
-4
-5
-4
-5
-4
-5
-4
-4
-4
-2
-3
-3
-2
-3
-1
-3
-3
-2
-3
-1
-3
-3
-2
-2
-2
0
-2
-1
-1
-2
-2
-2
-3
-3
-3
-4
-4
-4
-3
-4
-4
-4
-3
-4
-3
-3
-3
-2
-2
-3
-5
-5
-5
-5
-5
-6
-4
-6
-6
-7
-7
-6
-7
-5
-4
-5
-3
-4
-4
-3
-2
-3
-3
-2
-1
-2
-1
-1
-1
0
2
3
4
4
4
5
5
5
5
6
6
6
7
7
8
8
7
8
8
7
8
8
8
10
9
8
8
7
7
6
6
6
5
3
2
1
0
-2
-2
-2
-3
-3
-3
-4
-5
-5
-5
-5
-5
-5
-6
-6
-5
-7
-7
-6
-7
-6
-6
-5
-4
-3
-4
-2
-3
-2
-2
-2
-1
-1
0
0
0
0
0
0
1
1
0
3
3
3
4
2
3
3
4
4
5
6
5
5
6
6
7
6
7
6
7
7
8
7
7
7
7
6
6
6
6
6
7
5
3
3
1
1
1
-1
-1
0
0
-1
-2
-3
-3
-3
-3
-3
-2
-3
-3
-5
-5
-5
-4
-4
-5
-5
-5
-6
-7
-8
-7
-8
-9
-8
-9
-8
-8
-7
-6
-5
-4
-4
-2
-2
-2
1
0
0
1
1
3
3
2
2
3
4
4
3
3
3
2
1
2
2
2
2
1
2
1
-1
-2
-3
-3
-3
-6
-6
-6
-7
-7
-6
-6
-7
-7
-9
-7
-7
-8
-6
-6
-7
-6
-6
-7
-7
-7
-6
-6
-9
-11
-10
-12
-12
-12
-13
-12
-10
-11
-10
-11
-11
-8
-7
-8
-4
-1
0
1
-2
1
5
2
0
1
0
2
0
-3
3
7
6
5
4
10
15
17
17
21
24
26
26
26
34
40
40
40
39
39
46
46
46
50
49
48
45
39
37
42
39
35
32
27
28
23
18
18
17
14
10
1
-5
-7
-14
-23
-27
-30
-29
-31
-35
-33
-27
-26
-27
-29
-30
-26
-30
-37
-36
-38
-36
-40
-50
-50
-50
-55
-58
-61
-61
-54
-57
-67
-62
-56
-50
-45
-45
-36
-23
-23
-25
-14
-5
4
6
3
11
22
23
28
37
45
43
33
27
36
42
45
49
53
56
48
33
33
42
49
48
42
45
53
46
38
39
41
43
31
13
10
13
2
-13
-22
-26
-23
-35
-54
-50
-41
-45
-55
-64
-56
-41
-49
-62
-57
-41
-33
-47
-59
-44
-26
-32
-51
-43
-8
10
-8
-30
-19
3
-3
-20
-12
32
54
23
4
22
58
73
60
97
161
132
44
-16
16
63
20
-34
1
104
116
22
-34
10
117
120
26
22
85
125
94
18
45
144
177
118
28
16
34
20
-42
-85
-58
-52
-99
-185
-223
-176
-147
-146
-136
-131
-118
-146
-205
-190
-145
-83
-27
-25
-22
-3
-7
-41
-58
-36
-4
33
9
-58
-46
-42
-72
-84
-84
-30
2
-36
-45
-11
17
3
-17
23
89
100
65
67
108
133
121
113
143
186
168
112
110
147
174
156
129
140
141
107
62
49
76
87
41
18
29
25
1
-31
-35
0
8
-25
-37
-21
-22
-38
-52
-45
-19
-25
-57
-55
-30
-43
-76
-93
-85
-84
-113
-134
-110
-79
-86
-114
-115
-94
-98
-119
-123
-94
-57
-48
-47
-34
-35
-42
-40
-32
-12
9
15
33
56
49
39
50
63
70
75
78
81
76
55
51
66
68
67
69
77
93
84
66
64
74
75
58
64
86
99
103
95
101
109
93
63
38
34
24
1
-8
-13
-19
-42
-84
-106
-119
-146
-177
-204
-206
-197
-209
-232
-234
-222
-226
-233
-223
-200
-182
-171
-159
-135
-114
-102
-86
-58
-31
-16
7
46
80
96
100
122
154
167
157
155
178
193
189
181
191
208
203
176
167
167
158
148
144
156
174
182
184
189
184
171
163
169
177
172
169
177
189
182
164
153
141
117
76
25
-22
-59
-103
-158
-213
-258
-303
-360
-418
-468
-503
-532
-557
-572
-572
-566
-558
-544
-521
-489
-453
-417
-367
-314
-263
-209
-152
-85
-19
44
105
161
209
243
275
308
337
363
389
421
442
443
438
434
425
399
368
358
366
377
379
388
407
414
404
392
380
360
329
312
310
299
271
240
225
213
171
112
60
16
-41
-123
-205
-259
-309
-375
-447
-511
-570
-629
-699
-764
-805
-831
-845
-848
-827
-785
-742
-692
-637
-572
-497
-434
-366
-283
-185
-83
-3
87
194
293
378
437
503
575
616
641
651
663
667
632
585
548
517
488
454
426
409
383
351
315
294
280
260
253
253
257
255
245
242
238
222
205
186
161
123
71
17
-42
-105
-175
-251
-328
-410
-504
-597
-683
-767
-846
-916
-968
-1003
-1027
-1033
-1014
-973
-913
-845
-765
-672
-569
-467
-367
-259
-134
-2
127
246
358
472
572
647
717
784
842
884
899
898
883
852
805
748
699
648
594
540
492
453
412
379
363
350
339
325
315
307
286
269
252
237
217
184
147
108
59
0
-65
-125
-191
-269
-351
-427
-497
-580
-668
-744
-818
-900
-980
-1050
-1105
-1137
-1155
-1153
-1123
-1071
-1007
-938
-851
-747
-645
-537
-424
-303
-175
-56
62
187
312
433
538
632
727
806
862
896
920
932
926
903
868
828
788
736
672
612
562
507
449
402
370
340
310
289
276
256
229
199
171
148
115
75
43
16
-20
-72
-123
-169
-222
-285
-354
-421
-486
-557
-637
-717
-789
-855
-919
-973
-1011
-1035
-1045
-1037
-1009
-962
-892
-809
-714
-611
-500
-381
-261
-146
-28
94
215
330
441
551
656
751
843
924
988
1035
1063
1079
1069
1041
1009
971
931
877
810
751
698
644
584
529
488
450
407
362
319
282
243
193
148
111
71
25
-26
-75
-131
-191
-246
-298
-354
-418
-480
-541
-609
-680
-755
-830
-895
-957
-1016
-1070
-1113
-1145
-1170
-1176
-1167
-1142
-1093
-1034
-962
-874
-779
-681
-581
-471
-354
-241
-121
-7
119
249
364
477
583
685
775
842
900
941
970
985
972
955
924
884
844
790
744
699
648
610
572
537
497
458
426
387
351
310
266
232
189
141
98
50
5
-42
-93
-143
-197
-248
-309
-375
-438
-507
-578
-651
-716
-772
-832
-889
-931
-968
-999
-1022
-1027
-1015
-991
-949
-896
-821
-735
-651
-555
-452
-344
-230
-114
6
122
241
358
469
577
675
773
861
927
984
1023
1046
1055
1047
1026
998
965
922
874
829
784
736
693
646
603
559
511
468
422
372
315
263
220
171
116
59
11
-33
-87
-146
-200
-255
-314
-380
-445
-511
-578
-650
-725
-792
-856
-921
-980
-1032
-1075
-1100
-1112
-1117
-1105
-1074
-1027
-971
-904
-823
-736
-642
-535
-429
-321
-206
-91
21
130
240
345
442
545
638
714
781
841
885
911
925
926
918
908
884
846
813
779
738
691
652
619
578
532
489
442
393
343
291
240
193
145
90
34
-13
-67
-125
-180
-232
-289
-347
-403
-461
-525
-589
-657
-722
-785
-847
-912
-964
-1001
-1035
-1060
-1069
-1059
-1042
-1008
-960
-905
-832
-746
-659
-562
-458
-350
-233
-110
8
121
240
360
465
566
663
753
833
900
955
995
1019
1035
1030
1012
991
955
912
869
819
766
713
669
620
564
517
468
417
367
317
268
220
176
129
79
38
-1
-51
-93
-131
-173
-216
-260
-305
-356
-411
-464
-525
-589
-649
-717
-782
-837
-891
-941
-977
-998
-1007
-1008
-989
-962
-922
-867
-808
-739
-660
-573
-480
-383
-276
-171
-63
52
160
267
373
477
574
660
739
804
856
895
919
928
932
922
896
865
833
794
748
700
653
606
559
513
461
410
364
315
265
215
169
119
72
31
-12
-57
-96
-137
-182
-223
-266
-313
-367
-421
-477
-542
-608
-671
-739
-806
-863
-913
-954
-986
-1001
-1009
-1002
-976
-940
-892
-830
-758
-676
-583
-486
-384
-273
-159
-45
69
188
302
411
520
624
720
808
885
950
999
1034
1053
1058
1052
1037
1004
965
924
873
818
762
709
649
585
526
464
405
344
276
215
161
103
44
-13
-58
-105
-155
-199
-243
-285
-328
-375
-420
-469
-520
-578
-640
-696
-754
-820
-874
-920
-964
-996
-1015
-1023
-1017
-995
-961
-916
-855
-783
-711
-626
-531
-433
-330
-224
-115
-4
106
214
316
419
525
620
705
784
851
903
936
958
965
956
943
912
869
828
779
726
668
616
565
510
455
398
343
291
232
173
119
65
14
-41
-92
-136
-185
-227
-266
-306
-344
-385
-424
-466
-510
-557
-611
-665
-718
-779
-835
-887
-931
-966
-990
-999
-1001
-980
-945
-904
-843
-770
-692
-603
-506
-404
-298
-187
-70
44
162
280
393
505
613
720
816
902
982
1048
1098
1132
1150
1153
1143
1120
1079
1032
980
917
851
785
719
652
584
521
454
387
322
256
187
120
57
-10
-76
-136
-194
-253
-304
-354
-404
-443
-487
-532
-576
-620
-670
-722
-773
-828
-883
-933
-979
-1017
-1043
-1059
-1058
-1044
-1015
-967
-909
-834
-747
-654
-554
-447
-333
-219
-103
14
128
247
364
473
580
686
788
878
959
1029
1083
1126
1148
1157
1151
1128
1093
1044
986
923
854
780
705
634
562
489
420
352
287
222
154
86
26
-39
-111
-176
-235
-294
-351
-405
-455
-501
-544
-591
-639
-685
-735
-790
-848
-905
-960
-1018
-1070
-1111
-1147
-1172
-1179
-1171
-1149
-1103
-1044
-972
-878
-774
-666
-544
-418
-289
-161
-28
104
231
363
489
609
729
844
951
1046
1128
1202
1255
1293
1313
1312
1297
1266
1220
1160
1092
1020
937
851
770
689
605
529
454
382
314
244
174
106
37
-32
-103
-172
-240
-305
-366
-423
-474
-530
-577
-621
-673
-723
-774
-830
-887
-943
-1006
-1065
-1116
-1159
-1196
-1219
-1225
-1213
-1181
-1131
-1066
-979
-873
-761
-642
-517
-383
-250
-119
13
139
269
396
518
635
750
865
970
1065
1148
1217
1271
1308
1320
1311
1285
1243
1182
1106
1024
930
836
742
649
561
479
404
333
262
200
136
70
2
-63
-134
-207
-279
-349
-416
-478
-535
-590
-637
-675
-711
-748
-782
-819
-861
-901
-946
-999
-1048
-1090
-1135
-1168
-1187
-1186
-1162
-1122
-1058
-977
-872
-744
-617
-480
-335
-192
-47
90
220
347
468
590
702
809
920
1026
1132
1222
1300
1372
1424
1460
1468
1451
1421
1369
1294
1203
1102
999
894
789
691
601
523
455
389
330
276
217
154
89
15
-63
-148
-236
-323
-411
-491
-563
-628
-685
-733
-776
-815
-850
-889
-934
-982
-1036
-1103
-1169
-1231
-1287
-1331
-1362
-1373
-1353
-1304
-1231
-1135
-1015
-872
-723
-567
-409
-256
-106
31
154
273
384
493
599
698
801
906
1011
1108
1193
1273
1335
1374
1385
1372
1342
1287
1206
1112
1007
900
796
695
599
520
454
398
347
304
261
212
163
102
28
-54
-146
-239
-333
-431
-522
-598
-663
-720
-770
-811
-846
-876
-913
-962
-1008
-1058
-1120
-1182
-1240
-1293
-1330
-1351
-1352
-1326
-1272
-1187
-1081
-954
-807
-650
-486
-325
-168
-18
120
254
373
480
589
694
794
897
1000
1103
1201
1290
1367
1428
1472
1485
1473
1442
1386
1312
1220
1117
1015
915
814
721
639
573
517
462
412
366
321
269
204
130
49
-37
-132
-234
-335
-428
-517
-598
-671
-737
-790
-837
-881
-928
-977
-1027
-1079
-1134
-1190
-1247
-1293
-1327
-1345
-1343
-1317
-1263
-1186
-1086
-964
-824
-674
-518
-362
-210
-62
77
204
322
433
540
641
735
830
926
1019
1104
1179
1245
1297
1332
1341
1326
1294
1242
1172
1082
984
884
787
691
599
519
452
391
336
285
235
185
130
66
-1
-79
-165
-259
-356
-451
-543
-630
-708
-781
-844
-896
-943
-986
-1027
-1069
-1109
-1150
-1191
-1230
-1261
-1280
-1291
-1286
-1263
-1219
-1149
-1062
-952
-827
-688
-533
-376
-217
-59
95
242
377
507
627
736
843
943
1034
1124
1207
1284
1351
1404
1441
1461
1465
1446
1404
1349
1272
1183
1085
977
872
767
665
572
485
406
335
267
203
141
77
10
-61
-136
-218
-304
-392
-482
-570
-653
-731
-801
-864
-922
-970
-1012
-1051
-1084
-1117
-1150
-1177
-1203
-1227
-1243
-1246
-1240
-1217
-1177
-1121
-1042
-947
-834
-707
-573
-428
-282
-136
9
146
277
404
518
626
727
824
915
999
1080
1153
1221
1278
1320
1347
1359
1353
1326
1279
1218
1144
1055
957
853
748
648
549
458
375
298
232
169
106
47
-16
-81
-149
-225
-300
-380
-461
-541
-619
-692
-758
-817
-871
-916
-953
-987
-1015
-1041
-1067
-1088
-1109
-1127
-1139
-1146
-1143
-1127
-1098
-1054
-993
-914
-820
-710
-591
-462
-325
-190
-53
78
206
327
439
543
640
731
822
904
979
1048
1112
1174
1222
1258
1283
1295
1290
1265
1224
1172
1104
1022
932
837
744
653
562
480
404
337
277
217
162
107
48
-14
-80
-152
-227
-307
-389
-469
-547
-621
-692
-756
-813
-864
-907
-944
-977
-1007
-1034
-1056
-1073
-1089
-1100
-1107
-1103
-1087
-1060
-1019
-963
-892
-808
-711
-605
-487
-366
-243
-121
-3
113
224
331
434
526
616
702
787
863
933
998
1056
1107
1145
1171
1187
1188
1172
1140
1098
1044
977
904
825
746
667
590
518
454
394
338
284
233
181
125
66
3
-66
-139
-215
-292
-371
-448
-521
-592
-656
-714
-766
-812
-851
-884
-913
-938
-960
-975
-989
-1001
-1005
-1003
-994
-975
-946
-908
-853
-792
-719
-637
-548
-450
-351
-252
-152
-56
40
133
222
309
392
479
562
642
720
794
865
928
981
1028
1059
1080
1085
1071
1049
1014
963
907
844
779
714
644
579
518
458
405
349
295
241
186
126
60
-6
-76
-151
-226
-301
-374
-444
-508
-567
-620
-667
-708
-742
-772
-798
-822
-844
-860
-875
-889
-901
-906
-903
-897
-882
-857
-823
-780
-729
-669
-600
-523
-441
-357
-270
-183
-93
-6
84
173
261
350
436
523
607
688
766
840
905
962
1007
1040
1061
1068
1059
1036
1003
961
908
846
782
718
648
579
512
446
380
316
250
184
116
47
-24
-93
-163
-235
-303
-366
-426
-479
-528
-568
-600
-629
-652
-670
-682
-693
-704
-713
-722
-730
-737
-744
-747
-747
-745
-732
-718
-694
-664
-626
-578
-526
-467
-403
-334
-260
-186
-109
-28
55
141
227
310
396
484
568
648
720
789
853
907
946
975
995
996
985
964
929
884
828
765
697
628
554
481
407
337
266
196
128
64
-1
-65
-126
-183
-236
-288
-336
-376
-411
-439
-463
-483
-495
-507
-515
-520
-522
-525
-529
-532
-536
-540
-548
-555
-563
-567
-570
-570
-566
-558
-541
-522
-494
-458
-416
-367
-316
-258
-195
-127
-54
23
102
183
261
341
419
493
565
629
686
736
775
806
824
833
828
810
781
741
691
633
564
494
421
346
270
194
123
59
-3
-60
-111
-157
-201
-238
-269
-295
-316
-332
-345
-354
-362
-367
-369
-368
-368
-367
-364
-360
-357
-355
-357
-360
-366
-374
-386
-400
-417
-434
-451
-469
-482
-491
-497
-493
-482
-463
-436
-401
-358
-308
-250
-187
-116
-44
34
112
189
268
345
418
485
548
606
657
699
729
749
761
759
746
721
687
642
589
532
471
408
344
281
221
166
116
72
36
7
-18
-36
-48
-54
-56
-58
-57
-54
-50
-44
-38
-34
-30
-25
-25
-24
-27
-34
-45
-61
-83
-111
-148
-189
-236
-287
-339
-391
-442
-487
-528
-562
-585
-594
-596
-584
-561
-526
-481
-427
-365
-299
-227
-152
-78
-2
73
147
219
283
343
397
442
480
508
524
532
529
514
487
453
412
362
310
255
198
144
92
46
7
-25
-47
-63
-72
-73
-69
-59
-49
-33
-19
-6
7
21
30
38
45
50
54
56
52
46
35
17
-7
-38
-74
-115
-162
-213
-266
-319
-372
-419
-460
-495
-519
-531
-531
-518
-495
-460
-417
-365
-306
-243
-177
-109
-39
27
92
155
213
269
319
361
401
431
455
471
478
476
466
448
421
388
349
303
258
209
161
118
79
44
16
-2
-15
-20
-17
-12
1
12
26
41
55
65
73
80
84
86
85
82
75
66
52
33
12
-15
-47
-82
-124
-169
-218
-270
-321
-370
-414
-454
-488
-514
-529
-533
-525
-509
-481
-443
-398
-345
-290
-229
-167
-106
-45
13
70
123
170
215
257
291
321
347
367
382
387
387
381
367
349
321
292
259
224
191
158
128
104
83
69
61
62
65
74
86
100
113
127
138
148
155
156
156
150
143
131
116
97
75
51
23
-8
-41
-80
-121
-166
-213
-260
-307
-354
-398
-439
-473
-500
-517
-526
-525
-514
-492
-461
-424
-380
-332
-279
-224
-168
-114
-59
-10
38
83
126
164
199
230
257
279
298
311
321
327
326
323
313
300
285
266
249
230
213
199
187
178
175
174
177
182
192
204
213
225
235
241
246
246
244
236
224
206
184
159
131
98
61
22
-20
-62
-106
-154
-201
-247
-294
-337
-379
-418
-449
-477
-497
-510
-514
-512
-501
-485
-461
-431
-397
-358
-319
-276
-233
-190
-146
-105
-66
-27
8
43
74
103
130
157
180
199
218
237
251
263
274
279
287
291
293
294
296
297
299
299
301
302
303
304
305
306
309
307
304
298
290
278
261
242
217
186
152
115
72
30
-17
-64
-110
-158
-206
-252
-295
-335
-372
-406
-436
-461
-482
-499
-511
-517
-520
-517
-510
-500
-485
-468
-446
-420
-392
-361
-329
-296
-260
-228
-191
-157
-122
-89
-56
-25
6
38
69
99
130
162
189
219
249
279
308
333
358
381
401
418
431
442
453
458
464
468
468
466
464
458
452
442
429
414
393
368
340
307
270
230
185
141
93
47
-1
-47
-91
-132
-171
-207
-240
-270
-297
-320
-344
-364
-379
-397
-409
-421
-431
-439
-445
-448
-448
-446
-441
-433
-420
-406
-389
-370
-349
-326
-302
-278
-250
-220
-188
-154
-119
-81
-41
-2
39
81
124
165
205
246
284
320
352
382
410
432
452
465
479
487
493
495
495
490
482
472
455
436
413
386
356
324
286
247
208
166
124
81
38
-3
-43
-81
-121
-156
-189
-223
-254
-285
-314
-342
-368
-394
-420
-443
-466
-487
-505
-523
-538
-551
-560
-566
-568
-566
-561
-549
-535
-516
-492
-463
-433
-395
-355
-310
-260
-207
-149
-91
-30
31
92
155
212
270
326
377
425
469
508
543
575
603
625
645
658
664
666
664
654
641
623
601
577
546
516
484
450
414
378
343
306
268
231
193
157
119
79
39
1
-40
-82
-123
-165
-208
-249
-289
-327
-364
-398
-431
-462
-489
-519
-542
-564
-581
-595
-607
-616
-620
-620
-616
-604
-587
-563
-532
-497
-457
-410
-360
-309
-254
-197
-141
-84
-30
23
77
124
170
215
257
295
329
361
390
417
439
456
469
477
479
478
470
460
446
427
406
386
362
341
319
297
276
255
236
217
196
175
152
127
102
74
42
10
-24
-60
-96
-131
-166
-200
-232
-262
-292
-318
-344
-367
-387
-406
-424
-440
-452
-463
-471
-473
-472
-464
-454
-436
-412
-385
-352
-314
-273
-229
-184
-137
-90
-45
1
46
88
130
169
206
242
276
308
338
366
391
413
434
449
463
473
479
481
480
476
469
458
445
431
415
399
382
362
343
323
300
278
252
225
196
164
132
96
58
19
-21
-64
-108
-149
-192
-233
-272
-309
-346
-380
-413
-443
-470
-494
-516
-533
-548
-559
-566
-569
-567
-560
-551
-537
-518
-495
-469
-439
-405
-369
-331
-291
-249
-207
-164
-121
-77
-34
9
52
92
133
172
207
242
274
304
333
358
381
402
420
436
448
458
467
472
475
476
476
471
464
455
442
428
409
388
364
339
311
279
248
216
181
145
109
73
35
-3
-43
-82
-120
-156
-194
-231
-265
-299
-329
-357
-380
-402
-418
-431
-440
-445
-447
-445
-439
-431
-422
-412
-398
-383
-364
-345
-324
-298
-276
-246
-215
-185
-151
-117
-83
-48
-15
19
50
83
115
142
170
196
220
243
265
283
301
319
334
348
360
369
377
380
384
385
381
376
367
354
339
321
301
280
256
231
205
179
151
121
93
64
35
5
-23
-51
-80
-108
-137
-163
-187
-212
-232
-251
-267
-280
-289
-296
-301
-302
-304
-303
-298
-294
-286
-278
-269
-259
-248
-235
-224
-210
-195
-179
-161
-141
-123
-99
-77
-53
-29
-5
21
45
70
93
115
137
155
172
192
206
221
234
245
256
266
273
277
281
280
276
273
265
255
245
230
214
197
177
157
136
114
91
67
44
20
-6
-30
-54
-75
-98
-120
-141
-159
-176
-193
-209
-223
-237
-249
-259
-269
-277
-283
-288
-291
-291
-289
-285
-279
-271
-260
-247
-233
-219
-201
-184
-166
-147
-126
-105
-82
-59
-36
-10
16
40
65
92
118
143
166
190
211
230
249
265
279
291
301
309
312
314
316
314
312
306
298
289
278
264
250
233
212
192
170
145
120
94
67
38
10
-17
-45
-71
-99
-125
-148
-171
-193
-212
-230
-246
-262
-275
-286
-295
-302
-309
-311
-310
-310
-304
-296
-288
-275
-261
-243
-225
-204
-180
-156
-131
-104
-77
-48
-22
5
33
58
84
109
135
157
180
201
222
240
257
273
287
297
305
311
314
316
313
308
301
290
280
266
250
233
214
194
174
151
127
104
78
52
25
-1
-29
-55
-83
-109
-133
-159
-181
-201
-222
-241
-258
-273
-287
-298
-308
-314
-318
-318
-316
-312
-305
-295
-284
-269
-253
-234
-213
-192
-169
-142
-117
-88
-59
-29
0
29
59
89
118
147
174
198
223
243
260
277
290
299
307
312
313
313
311
307
302
295
284
271
258
242
223
203
180
156
129
101
72
44
13
-16
-45
-74
-99
-125
-148
-171
-192
-212
-232
-249
-264
-279
-293
-306
-315
-324
-330
-334
-336
-335
-332
-326
-318
-307
-293
-277
-261
-241
-219
-195
-170
-142
-115
-85
-56
-27
4
34
65
95
126
155
184
211
238
262
284
304
321
336
347
353
358
359
355
351
341
329
316
299
281
262
240
216
190
164
136
109
81
51
20
-10
-40
-69
-97
-126
-154
-178
-203
-223
-242
-259
-274
-287
-297
-305
-311
-315
-317
-318
-314
-311
-306
-297
-287
-274
-259
-242
-222
-199
-174
-149
-119
-89
-59
-27
6
41
73
107
141
173
205
236
264
292
319
343
365
383
398
409
419
426
430
428
426
418
408
396
379
359
337
311
283
252
219
183
144
106
66
24
-17
-59
-98
-137
-176
-212
-246
-278
-310
-338
-364
-389
-408
-427
-442
-455
-464
-471
-475
-475
-472
-467
-456
-442
-426
-408
-386
-362
-336
-307
-279
-248
-216
-184
-149
-115
-79
-43
-7
29
66
104
139
176
211
244
278
307
334
361
382
399
415
428
438
445
448
449
447
442
434
425
412
398
379
358
336
310
282
250
217
182
145
107
69
30
-11
-50
-88
-126
-161
-196
-227
-257
-285
-310
-333
-353
-372
-386
-399
-409
-414
-415
-413
-409
-400
-388
-374
-356
-337
-314
-289
-261
-235
-204
-174
-146
-114
-83
-53
-22
10
41
72
103
132
161
190
216
241
264
285
303
320
332
343
350
353
357
356
353
350
344
336
327
315
300
284
267
247
226
204
178
152
125
96
66
36
6
-25
-55
-86
-117
-145
-174
-200
-227
-252
-275
-297
-317
-336
-350
-363
-374
-383
-389
-392
-393
-390
-384
-376
-363
-349
-332
-311
-290
-266
-241
-213
-186
-159
-129
-101
-70
-40
-11
21
50
79
106
132
158
182
203
224
242
259
274
287
298
307
315
320
324
327
328
328
326
322
317
309
301
291
278
263
246
228
208
187
166
144
119
95
71
45
20
-6
-31
-54
-79
-102
-123
-144
-163
-181
-198
-212
-222
-235
-243
-250
-254
-256
-256
-254
-249
-244
-237
-228
-217
-205
-190
-174
-158
-140
-122
-104
-85
-64
-45
-25
-5
14
33
51
69
84
100
115
126
139
148
158
166
173
178
182
185
188
188
189
189
186
183
178
171
165
154
144
133
120
105
91
75
58
43
27
12
-4
-19
-34
-49
-65
-78
-92
-106
-119
-131
-145
-156
-164
-172
-180
-186
-190
-192
-193
-192
-190
-186
-180
-175
-168
-161
-153
-142
-132
-121
-108
-96
-84
-72
-59
-47
-34
-19
-9
4
13
23
31
40
48
56
64
70
79
85
91
98
104
108
113
116
121
122
123
122
122
121
118
114
110
104
99
92
86
79
71
63
56
46
38
29
21
13
5
-3
-12
-19
-27
-34
-41
-47
-53
-56
-61
-65
-67
-69
-71
-71
-70
-70
-69
-66
-63
-59
-55
-50
-45
-39
-32
-26
-19
-13
-6
2
6
12
19
25
30
35
39
43
46
47
50
53
54
56
58
59
60
60
60
60
60
59
58
58
55
52
49
46
42
36
34
29
23
17
13
8
4
-1
-7
-12
-16
-22
-28
-33
-40
-46
-52
-56
-62
-67
-74
-79
-82
-87
-90
-92
-92
-93
-93
-92
-91
-88
-87
-84
-78
-74
-68
-61
-54
-49
-41
-33
-25
-16
-10
-1
6
13
21
28
35
39
45
49
54
58
64
68
70
76
78
81
82
84
84
85
82
80
78
74
71
68
63
59
55
51
47
42
39
34
29
25
19
13
7
1
-6
-12
-20
-26
-33
-39
-46
-51
-56
-60
-64
-66
-70
-72
-73
-74
-75
-76
-77
-78
-78
-79
-78
-78
-77
-75
-72
-69
-65
-60
-55
-49
-42
-37
-28
-19
-12
-4
3
10
19
27
34
41
48
54
61
67
72
77
80
84
87
89
91
93
94
95
94
94
92
90
89
87
83
81
77
73
71
67
62
57
51
47
40
33
26
18
10
1
-9
-17
-26
-35
-42
-52
-59
-68
-75
-81
-88
-92
-98
-103
-108
-111
-114
-118
-119
-118
-118
-116
-114
-116
-112
-111
-108
-104
-98
-91
-85
-78
-71
-66
-56
-47
-40
-29
-23
-14
-5
1
10
18
25
33
41
48
56
64
71
80
86
93
99
104
108
111
113
114
116
117
118
120
120
119
120
118
115
114
112
108
104
98
92
85
77
70
60
50
38
29
18
8
0
-9
-17
-25
-35
-40
-49
-55
-63
-69
-74
-81
-87
-92
-96
-99
-102
-105
-106
-106
-107
-106
-106
-104
-101
-98
-95
-92
-89
-85
-83
-80
-77
-75
-71
-68
-63
-56
-50
-44
-35
-28
-21
-13
-5
4
12
19
27
35
42
49
57
63
69
75
82
85
90
94
97
100
103
105
108
107
107
105
101
99
94
88
83
75
67
60
51
42
34
25
17
9
2
-6
-14
-21
-28
-33
-39
-45
-50
-57
-63
-68
-74
-77
-80
-83
-83
-85
-87
-87
-88
-88
-89
-88
-87
-86
-83
-81
-77
-74
-71
-64
-61
-54
-47
-41
-34
-27
-20
-12
-3
6
14
24
36
44
54
61
71
80
87
95
102
106
112
117
119
122
123
124
125
126
124
121
120
113
108
103
95
88
80
70
59
49
38
26
17
6
-4
-13
-22
-32
-40
-48
-56
-63
-71
-79
-85
-93
-100
-105
-112
-115
-120
-124
-128
-129
-131
-134
-132
-131
-130
-128
-124
-122
-117
-112
-106
-100
-92
-86
-78
-68
-61
-53
-42
-32
-23
-11
-3
8
20
29
40
52
62
73
82
91
100
106
112
118
123
125
128
131
130
130
130
128
126
124
121
116
111
106
99
93
85
77
70
60
48
39
29
18
8
-4
-14
-24
-32
-41
-50
-58
-65
-75
-82
-90
-98
-104
-111
-116
-120
-124
-126
-127
-126
-124
-121
-119
-115
-110
-103
-97
-91
-84
-79
-70
-62
-55
-46
-39
-30
-21
-10
0
12
22
32
43
50
60
69
75
84
90
97
104
109
115
120
123
126
129
132
132
132
132
132
130
129
124
118
111
102
94
84
75
64
53
42
30
18
7
-5
-16
-28
-41
-54
-67
-77
-88
-96
-105
-114
-121
-127
-131
-136
-140
-141
-142
-141
-140
-138
-136
-133
-129
-126
-119
-114
-106
-99
-91
-81
-73
-61
-50
-38
-25
-13
0
11
23
36
46
57
66
76
85
94
103
110
117
122
125
130
135
139
141
142
142
140
137
134
130
125
119
113
106
98
90
81
72
63
52
40
28
16
3
-10
-24
-36
-48
-62
-73
-84
-94
-104
-112
-119
-125
-131
-134
-138
-140
-143
-144
-143
-143
-140
-135
-131
-125
-118
-111
-102
-92
-82
-71
-59
-49
-36
-23
-10
3
14
27
40
50
62
72
84
94
104
114
121
127
131
133
136
138
138
137
135
135
134
130
127
121
113
107
96
86
76
65
53
42
29
17
5
-9
-22
-34
-46
-58
-68
-80
-91
-100
-110
-119
-127
-135
-140
-145
-149
-154
-155
-154
-154
-151
-149
-145
-142
-135
-127
-122
-113
-104
-95
-85
-77
-65
-53
-44
-32
-21
-8
3
15
26
38
50
59
70
80
89
98
104
111
117
122
125
128
133
135
139
142
142
143
143
142
140
137
132
125
118
109
100
89
80
68
58
48
37
26
14
4
-8
-19
-30
-42
-50
-60
-70
-75
-84
-92
-96
-102
-104
-106
-106
-106
-103
-101
-99
-96
-94
-92
-88
-86
-82
-79
-75
-71
-66
-60
-54
-46
-39
-32
-24
-15
-8
-2
6
11
18
24
28
35
40
47
52
57
61
65
71
74
76
79
79
79
79
79
80
78
76
74
71
68
64
60
56
50
45
40
32
24
15
5
-2
-10
-19
-26
-32
-39
-45
-50
-56
-59
-63
-66
-69
-71
-72
-73
-74
-71
-72
-70
-66
-63
-60
-56
-52
-48
-45
-42
-37
-33
-28
-25
-18
-15
-10
-4
0
5
9
13
17
22
26
29
33
36
38
40
41
43
44
43
43
42
43
44
43
43
42
39
39
36
35
34
32
31
30
28
26
23
22
18
17
15
10
8
7
4
2
0
-3
-5
-8
-11
-15
-17
-21
-22
-23
-26
-27
-28
-30
-31
-32
-31
-32
-32
-31
-32
-30
-28
-27
-23
-21
-20
-19
-18
-16
-15
-14
-13
-10
-10
-7
-5
-4
-4
-2
-2
-4
-2
-4
-4
-5
-6
-7
-7
-7
-9
-6
-6
-5
-3
-4
-3
-3
-3
-4
-5
-6
-7
-6
-6
-5
-5
-3
-3
-3
-1
1
1
3
4
6
6
7
9
10
11
13
14
14
15
17
17
19
20
21
24
25
26
26
27
27
28
29
29
29
29
28
28
28
27
25
25
23
24
21
19
17
16
14
11
11
8
6
4
1
0
-2
-5
-7
-9
-11
-12
-13
-15
-16
-16
-16
-16
-13
-14
-15
-14
-17
-17
-18
-19
-21
-20
-21
-22
-23
-23
-21
-21
-20
-19
-17
-16
-15
-13
-11
-10
-9
-7
-7
-4
-2
-2
-1
3
5
8
12
12
15
17
17
18
19
17
17
18
17
18
17
15
15
13
11
10
8
7
6
5
3
2
0
-2
-4
-6
-9
-12
-13
-15
-17
-17
-19
-18
-19
-19
-18
-17
-17
-16
-16
-15
-14
-15
-14
-14
-14
-15
-15
-14
-14
-14
-13
-11
-11
-9
-8
-8
-7
-5
-5
-7
-6
-7
-8
-9
-9
-9
-9
-8
-8
-5
-2
1
3
7
8
11
11
12
14
15
17
19
20
20
20
21
20
21
19
21
21
20
19
19
18
18
17
16
15
14
13
11
10
9
10
9
11
11
12
14
14
17
19
20
20
19
20
18
19
19
19
19
18
19
18
18
18
18
16
15
15
14
12
9
7
5
2
0
-3
-6
-10
-12
-15
-17
-19
-19
-21
-22
-22
-24
-24
-26
-25
-26
-26
-27
-27
-28
-27
-27
-28
-27
-27
-27
-27
-26
-25
-25
-24
-25
-24
-25
-26
-25
-26
-25
-23
-22
-19
-18
-15
-12
-10
-9
-8
-7
-7
-4
-3
-1
1
2
5
6
8
8
11
12
13
14
15
14
14
15
14
15
14
13
12
11
10
9
7
5
3
3
2
0
-1
-3
-5
-7
-10
-13
-15
-17
-18
-20
-22
-23
-23
-23
-23
-20
-20
-20
-18
-19
-16
-14
-13
-11
-8
-8
-4
-2
1
4
8
10
14
16
18
21
23
25
27
29
31
32
34
36
36
38
39
40
42
43
44
44
47
47
49
48
47
48
45
44
41
38
36
32
30
28
26
23
22
19
18
15
11
8
4
0
-4
-7
-13
-18
-22
-28
-32
-34
-38
-40
-41
-44
-46
-47
-49
-50
-51
-51
-50
-48
-46
-45
-43
-40
-38
-34
-32
-29
-27
-24
-21
-18
-15
-13
-10
-7
-6
-3
0
1
6
9
12
14
16
18
20
21
23
24
26
26
26
28
28
30
27
28
27
25
22
19
16
13
10
6
3
0
-4
-7
-11
-14
-18
-20
-24
-27
-29
-31
-32
-34
-35
-36
-37
-38
-39
-40
-39
-39
-39
-37
-35
-34
-33
-31
-28
-26
-21
-18
-15
-11
-9
-5
-2
2
6
10
14
20
23
29
33
37
42
46
49
53
57
60
64
66
68
71
72
73
73
74
73
71
69
66
64
61
57
53
48
43
37
32
26
20
14
8
2
-3
-9
-15
-19
-25
-30
-35
-40
-45
-49
-53
-58
-61
-64
-67
-69
-68
-71
-71
-71
-72
-73
-73
-72
-70
-69
-67
-64
-60
-57
-53
-50
-44
-40
-36
-31
-26
-22
-17
-12
-7
-1
3
8
13
18
21
26
30
34
37
40
43
45
47
50
51
51
52
51
50
51
48
45
43
42
40
35
31
27
24
20
15
12
7
3
-1
-5
-8
-12
-15
-18
-23
-25
-28
-29
-31
-34
-35
-35
-35
-36
-37
-39
-38
-37
-37
-35
-34
-31
-29
-26
-24
-20
-17
-12
-9
-3
2
7
11
16
22
26
30
34
38
43
46
49
52
56
59
60
62
66
66
67
65
65
64
62
60
58
55
53
51
48
45
41
38
33
28
22
16
10
4
-3
-9
-15
-23
-30
-36
-42
-47
-52
-56
-61
-65
-68
-72
-75
-78
-79
-80
-81
-82
-82
-82
-80
-80
-78
-74
-72
-69
-64
-59
-55
-49
-44
-37
-31
-27
-21
-15
-10
-6
0
4
11
16
22
28
35
40
46
51
54
57
60
62
65
67
67
68
66
66
66
64
64
62
63
61
60
58
53
51
47
41
38
32
26
19
13
8
2
-4
-9
-15
-19
-23
-27
-31
-34
-37
-39
-44
-47
-49
-52
-54
-57
-57
-57
-57
-56
-55
-54
-52
-47
-45
-42
-38
-36
-32
-28
-24
-21
-19
-15
-11
-7
-3
2
6
12
16
21
24
28
31
32
35
35
37
37
38
38
38
37
38
36
36
36
35
33
31
31
28
26
24
22
18
14
13
9
6
2
-1
-4
-6
-8
-11
-13
-15
-17
-19
-21
-23
-25
-26
-28
-30
-33
-34
-36
-37
-37
-36
-36
-35
-32
-31
-27
-25
-22
-19
-17
-14
-11
-7
-4
-1
1
5
8
11
14
19
23
25
29
31
35
37
39
39
40
40
41
40
42
40
40
38
38
36
35
34
31
29
27
24
23
19
16
13
9
7
3
0
-3
-6
-9
-13
-16
-17
-20
-22
-25
-27
-29
-32
-33
-34
-37
-37
-37
-39
-39
-39
-39
-39
-38
-37
-34
-33
-30
-28
-27
-24
-22
-18
-16
-13
-9
-8
-4
-2
1
4
7
10
13
16
17
19
20
22
23
23
24
25
26
25
25
26
26
25
24
24
22
20
19
18
16
14
12
9
9
7
3
3
0
-2
-5
-7
-10
-11
-15
-16
-19
-20
-23
-23
-26
-28
-29
-28
-28
-27
-26
-25
-25
-24
-23
-22
-22
-20
-18
-16
-14
-12
-10
-7
-6
-4
-2
1
4
7
9
12
13
15
17
19
21
23
24
26
27
28
29
29
30
30
31
31
33
33
31
31
29
29
29
26
24
23
21
20
17
15
12
10
7
4
2
-1
-4
-6
-8
-10
-13
-14
-17
-19
-21
-22
-24
-25
-25
-26
-26
-26
-27
-28
-28
-26
-27
-25
-23
-20
-19
-17
-15
-13
-12
-9
-7
-5
-2
-1
1
4
6
8
11
13
14
14
13
14
15
16
14
15
15
15
15
14
14
12
11
10
10
7
6
5
4
3
2
1
-2
-4
-6
-7
-10
-11
-13
-15
-17
-18
-19
-22
-22
-22
-23
-24
-25
-26
-27
-27
-28
-27
-28
-28
-26
-25
-24
-23
-21
-18
-18
-16
-14
-11
-9
-7
-4
-2
1
4
7
8
12
16
19
23
25
27
28
31
32
34
35
35
36
36
35
34
35
33
33
32
30
28
27
27
25
23
22
20
20
18
17
16
14
10
8
6
4
1
-1
-3
-5
-7
-9
-11
-12
-15
-17
-19
-20
-21
-22
-22
-23
-23
-23
-23
-23
-24
-24
-23
-21
-20
-18
-17
-14
-13
-11
-9
-9
-7
-5
-4
-2
-1
0
3
4
6
8
9
11
14
14
16
18
20
20
22
23
25
24
23
23
22
21
19
19
17
16
16
14
13
11
9
8
5
5
4
2
1
-1
-3
-6
-9
-11
-12
-16
-18
-20
-23
-23
-26
-28
-30
-30
-30
-31
-32
-33
-33
-34
-33
-32
-31
-30
-27
-27
-24
-23
-20
-18
-16
-14
-11
-11
-9
-8
-6
-5
-1
0
1
2
3
5
6
7
9
12
14
15
17
20
20
23
25
25
26
28
28
29
