0
0
-1
0
0
0
0
0
1
0
0
0
0
1
0
0
0
1
1
0
0
0
0
0
-1
0
0
0
1
0
-1
0
0
0
0
-1
-1
0
-1
0
0
1
1
1
1
1
0
0
0
0
0
0
0
0
0
0
0
0
0
0
0
0
-1
0
-1
0
0
1
0
1
0
0
0
1
0
1
0
0
1
1
1
1
0
-1
0
1
-1
0
0
0
0
0
0
0
0
0
0
0
0
0
1
-1
0
0
0
0
0
0
0
-1
0
-1
0
0
0
0
0
-1
0
0
0
0
-1
1
0
0
0
0
0
-1
0
-1
0
0
0
0
0
0
1
0
1
0
-1
-1
-1
0
0
0
0
0
0
0
-1
0
0
1
-1
-1
0
0
0
0
0
0
0
0
-1
0
0
0
0
0
0
0
0
0
0
0
0
0
0
0
0
0
0
0
0
0
0
1
1
1
0
0
0
1
1
0
-1
1
0
0
0
0
0
0
1
0
0
0
0
0
0
1
1
0
0
0
1
0
0
1
-1
0
0
0
0
0
0
-1
0
1
0
0
0
1
-1
0
0
-1
0
0
0
-1
0
0
1
0
-1
0
0
0
-1
0
0
0
0
-1
-1
-1
0
0
0
0
0
0
0
0
-1
0
-1
-1
-1
0
0
0
0
0
-1
-1
0
0
0
0
0
-1
-1
0
0
0
0
0
0
0
-1
0
-1
0
0
-1
0
0
0
0
1
-1
0
-1
0
-1
1
-1
0
1
0
0
0
0
0
0
0
0
0
0
0
0
1
0
0
1
1
0
0
0
0
1
0
0
0
0
0
1
1
0
1
0
0
0
0
0
0
0
-1
0
0
1
1
0
0
0
0
-1
0
1
0
-1
0
0
0
0
-1
0
1
0
0
0
0
-1
0
1
0
0
1
1
1
0
0
0
0
0
0
1
0
0
0
0
0
0
-1
0
0
-1
0
-1
0
0
0
0
0
-1
-1
0
0
1
0
0
0
0
-1
-1
0
-1
-1
0
0
-1
0
-1
0
0
0
1
-1
0
-1
-1
-1
0
0
-1
0
0
-1
0
0
-1
1
-1
0
0
-1
0
0
0
0
0
0
0
1
0
0
-1
1
1
0
0
1
0
0
0
1
0
0
1
0
0
0
0
0
0
0
0
0
-1
0
0
1
1
0
1
0
0
0
1
0
1
0
0
0
0
1
-1
0
0
1
1
0
-1
0
0
0
1
0
0
0
1
0
0
1
1
0
0
0
0
0
0
0
-1
0
0
0
1
0
0
0
0
0
0
-1
1
-1
0
-1
0
-1
-1
0
-1
-1
0
0
0
0
-1
1
0
0
0
0
-1
0
0
0
0
-1
1
0
1
-1
0
1
1
0
0
1
0
0
-1
0
-1
0
-1
0
0
1
1
0
0
0
1
0
1
0
0
0
0
0
0
0
0
0
0
0
0
0
0
1
1
0
0
-1
0
0
1
0
0
-1
1
0
0
0
1
0
0
0
0
0
0
0
0
0
0
0
0
1
0
0
0
-1
1
1
1
0
1
-1
0
-1
-1
0
-1
0
0
0
0
0
0
-1
0
-1
1
-1
1
0
0
0
0
0
0
0
0
0
0
0
0
0
0
0
1
0
-1
0
0
0
0
0
0
-1
1
0
-1
0
0
0
0
0
0
0
1
1
0
0
0
0
0
0
0
-1
0
0
0
0
0
0
-1
-1
0
0
0
0
-1
1
0
2
-1
0
0
-1
0
0
0
0
0
0
0
0
0
0
0
1
0
1
0
0
0
-1
-1
0
0
0
0
1
0
0
0
0
0
0
1
0
-1
0
0
0
0
0
1
0
0
0
0
0
0
0
0
1
0
1
0
0
1
0
0
0
0
0
1
0
0
0
0
-1
-1
0
-1
-1
0
-1
-1
-1
0
0
-1
0
0
1
0
0
0
0
1
0
0
1
0
0
0
0
0
-1
-1
0
0
1
0
0
-1
1
0
0
0
0
0
1
0
0
0
0
0
1
1
0
-1
0
1
0
0
-1
-1
0
0
0
-1
-1
0
0
1
-1
0
-1
0
-1
-1
-1
0
1
2
1
-1
-1
0
1
1
1
-1
-1
0
0
0
-1
-1
0
0
0
0
-2
-1
0
0
0
0
0
1
0
0
0
0
0
-1
0
1
1
0
0
-1
0
1
0
1
0
0
0
-1
-1
-1
-1
0
-1
0
0
0
0
0
0
0
0
-1
1
1
0
1
0
1
1
0
0
1
0
0
-1
-1
0
-1
0
0
0
0
-1
0
-1
-1
0
0
0
1
0
0
0
0
0
1
1
1
0
0
-1
-1
1
-1
-3
2
-2
-3
2
-2
-1
0
-1
0
1
0
-1
-3
0
-2
1
3
1
2
1
2
1
0
0
-2
1
0
-1
6
-3
-2
8
-3
-1
2
-3
-1
0
3
1
-2
-1
4
7
-1
2
3
-9
3
5
-5
9
1
-6
10
4
-2
5
2
-2
-2
5
0
-1
3
1
7
0
0
3
-2
3
3
-4
3
1
1
5
3
6
-1
1
2
1
-1
0
2
-2
-2
12
1
0
9
-5
-4
-2
1
0
-4
5
0
3
9
-2
1
-4
-9
3
-4
6
6
-11
5
1
-7
3
0
-3
-8
-2
5
-6
-8
4
-5
-4
3
4
-16
-7
9
-4
-7
-1
-5
-9
-3
8
7
-11
-17
-2
4
-11
-1
-3
-13
1
0
6
4
-18
-4
-2
-18
6
1
-14
12
2
-6
2
0
-15
-7
7
-11
-11
4
5
-7
5
13
-3
-25
-1
6
-11
-15
6
12
-12
6
19
1
-10
-4
-8
-5
-1
9
-10
16
23
-20
9
21
-15
-5
-9
-1
10
-15
24
23
-16
-2
18
0
-9
-3
6
-3
12
14
13
-2
-13
23
0
-9
27
9
-20
33
6
-18
-1
6
-8
10
35
3
-1
24
11
-23
-4
8
-25
-10
55
2
21
53
-8
-42
29
31
-97
-24
121
-69
-77
227
20
-150
84
23
-129
-15
55
-25
-54
71
45
10
3
-30
-63
-50
8
-20
-9
44
13
-15
44
31
-43
-9
0
-53
-18
47
18
-6
29
34
-41
-31
-17
-84
-15
46
4
9
75
-34
-17
95
-44
-148
33
51
-175
246
284
-213
-90
167
-73
-333
50
77
-374
242
370
-170
-123
63
12
-245
83
-6
-346
67
79
-194
-15
45
-26
-17
182
-12
-181
-11
-35
-100
70
181
-35
145
264
-17
104
-126
-100
-17
20
311
131
83
101
-29
-20
-248
-44
-93
-22
195
169
111
-32
-121
-208
-228
-52
116
-8
125
199
-183
-93
39
-262
-394
-69
204
146
291
331
-161
-190
-50
-337
-89
201
281
229
417
179
-141
-226
-69
-228
-20
440
268
13
201
-227
-347
-290
-51
-29
-47
220
154
-188
-16
122
-318
-194
347
-21
170
334
-48
-260
65
56
-80
320
158
-118
114
-107
-145
7
-98
-63
251
378
-100
74
-1
-377
-172
108
180
-24
415
145
-241
-182
-101
-209
-103
210
-61
159
129
-143
-407
-216
-354
-119
-86
121
41
-188
-8
-175
-105
100
103
10
97
37
46
-47
67
93
138
223
226
-88
-29
-255
61
-66
38
89
-64
-147
-233
-33
-472
-52
-78
106
55
5
-98
-457
46
86
-134
145
59
159
-91
180
-11
84
204
236
296
107
140
-73
203
107
-18
211
26
101
-79
4
-85
-214
170
-140
-50
-170
61
-149
-237
198
-91
-151
-33
-76
41
-32
50
14
40
121
-69
175
159
62
86
309
43
46
-16
-19
-73
98
84
-148
-31
-113
-105
124
51
-119
20
-73
-100
34
-1
-106
0
-42
-76
-187
64
40
26
430
266
60
-162
-308
-358
-67
244
212
185
13
-219
-270
-169
-146
-12
224
156
-69
-137
-448
-373
-108
87
228
124
102
-94
-307
-245
-266
-31
151
24
146
22
-122
-125
-71
-68
60
197
189
164
-59
-107
-163
-127
-2
-44
1
50
7
77
-122
43
-72
-89
136
62
-137
-208
26
-92
-101
14
-175
-209
25
12
-37
47
6
6
33
47
-63
-20
-11
-18
247
151
49
14
51
29
-20
-17
-58
65
82
49
25
-47
-143
-72
47
40
-6
-22
-153
-25
80
59
16
78
74
-48
143
82
-52
96
76
160
311
313
120
6
23
-73
-34
115
348
216
172
24
-173
-214
-212
-13
257
403
453
402
193
-28
-294
-127
97
291
660
577
315
113
-203
-290
-111
130
361
376
412
188
-211
-285
-522
-487
-7
185
274
266
-95
-483
-499
-292
-100
233
370
382
128
-202
-372
-417
-372
-65
399
417
234
-7
-436
-734
-632
-297
9
219
354
-25
-458
-503
-509
-517
-150
239
313
189
195
-125
-488
-250
14
289
540
419
63
-203
-157
-173
-95
128
334
262
109
-9
-330
-344
-178
156
308
388
298
-147
-282
-321
-249
-118
217
289
196
171
-117
-133
-260
-238
33
191
248
-7
-4
-229
-466
-322
-351
-260
-203
-183
-372
-597
-612
-813
-858
-776
-575
-548
-647
-476
-661
-604
-536
-452
-282
-279
-98
10
105
82
157
247
304
402
548
725
640
663
674
579
652
649
705
637
643
685
634
577
555
518
261
251
420
453
499
485
461
388
363
479
464
458
539
568
551
702
765
687
762
735
622
587
542
598
477
350
245
139
131
-43
12
-4
-55
-224
-401
-502
-675
-790
-811
-690
-603
-519
-673
-811
-967
-1071
-949
-765
-767
-704
-677
-737
-813
-932
-927
-1066
-878
-798
-223
630
674
213
-297
-497
-746
-653
-93
13
269
171
19
-462
-1065
-1143
-1610
-1274
-966
-777
-784
-1152
-1362
-2097
-2075
-1757
-1346
-978
-984
-773
-909
-756
-669
-618
11
402
816
995
1220
1312
1076
1201
1257
1550
1645
1851
1873
1706
1583
1183
1306
1411
1582
1309
1094
964
703
405
253
430
545
644
710
593
487
140
263
409
773
1074
1246
1471
1240
1219
1057
1041
1146
1288
1449
1373
1424
1270
949
637
484
336
195
183
57
-1
-410
-687
-842
-924
-1015
-1172
-1205
-1180
-1275
-1292
-1233
-1355
-1393
-1333
-1231
-1122
-1250
-1050
-984
-852
-548
-517
-508
-489
-405
-110
-127
173
343
191
329
211
119
-33
-27
135
65
48
8
-100
-234
-390
-448
-525
-537
-643
-740
-829
-707
-831
-230
616
868
611
-55
-312
-707
-724
-71
431
938
872
774
296
-522
-848
-1441
-888
-497
-71
12
-710
-990
-1840
-2159
-1940
-1691
-1149
-1244
-959
-1095
-1536
-1493
-1532
-1003
-575
-107
137
220
343
182
406
686
924
1175
1290
1649
1547
1397
1141
1013
1257
1327
1494
1621
1463
1095
783
691
697
830
930
1086
1213
1165
962
688
589
643
882
1223
1522
1670
1543
1272
1107
1051
1083
1198
1319
1465
1545
1494
1191
874
704
455
488
563
768
567
-126
-203
-396
-498
-453
-308
-322
-542
-221
-330
-934
-1187
-1174
-867
-782
-293
-839
-1192
-1033
-494
-866
-1433
-1052
-872
-539
-329
-581
-1120
-1054
-661
-521
-685
-808
-1058
-730
-273
-340
-975
-1053
-945
-552
-460
-580
-968
-1052
-699
-701
-816
-1200
-1349
-1133
-687
-512
-813
-1473
-1474
-1409
-1231
-1120
-1005
-911
-695
-14
110
-239
-725
-775
-693
-438
71
60
242
452
526
486
21
-228
-426
-337
78
142
398
226
28
-43
-428
-481
-599
-339
-54
-53
147
27
11
41
194
471
441
610
741
880
1094
988
996
998
1151
1055
952
1031
1086
1136
1140
1136
1110
1050
886
782
864
889
977
1006
1024
1019
945
964
884
849
910
1025
1223
1340
1366
1296
1225
1224
1106
1123
1231
1344
1262
1134
1023
911
925
771
746
797
711
589
424
444
279
12
-241
-310
-137
-130
-228
-452
-663
-768
-822
-823
-1039
-1111
-961
-864
-973
-1179
-1163
-1155
-1236
-1400
-1493
-1202
-938
-1102
-1411
-1316
-1079
-1036
-1258
-1462
-1374
-1122
-1180
-1340
-1316
-1123
-1079
-1196
-1252
-1301
-1092
-1013
-1192
-1363
-1282
-1073
-899
-874
-905
-758
-798
-772
-742
-576
-523
-564
-431
-280
-34
-138
-214
-196
-178
-51
-116
-45
110
287
226
-10
38
134
252
448
825
871
420
-10
-108
39
-15
-29
294
737
920
501
-24
-394
-569
-379
-29
358
563
359
70
-294
-527
-542
-347
0
276
439
496
451
300
150
130
432
800
1146
1319
1558
1669
1385
1033
1160
1553
1559
1699
2028
2110
1803
1421
1223
1250
1406
1496
1539
1629
1706
1466
1140
1122
1173
1172
1168
1296
1465
1490
1295
1064
931
1139
1405
1514
1327
1098
1044
876
831
841
825
897
939
728
357
196
100
-260
-428
-290
-126
-354
-669
-836
-1068
-1347
-1606
-1501
-1530
-1492
-1624
-1868
-1793
-1994
-2055
-2251
-2345
-1823
-1863
-1930
-2050
-1793
-1971
-2553
-2321
-1618
-1563
-2079
-1910
-1567
-1927
-2157
-1807
-1551
-1425
-1575
-1238
-1237
-1238
-1502
-1453
-1189
-885
-669
-855
-693
-419
-517
-655
-753
-326
-282
20
-61
-320
-17
-10
-2
35
147
64
360
496
523
1203
1923
1675
501
165
444
713
674
635
1528
1926
1510
684
130
267
-137
-329
157
1027
1470
501
-244
-507
-812
-831
-766
118
609
378
131
-115
55
-143
84
713
1101
1485
1270
1261
1209
1043
1110
1137
1749
1980
1938
1996
1704
1345
990
1144
1483
1479
1429
1181
1056
745
431
476
737
954
884
876
900
875
725
678
981
1264
1411
1427
1431
1581
1678
1684
1422
1335
1575
1692
1651
1348
1268
1200
841
601
307
348
212
-186
-422
-574
-497
-898
-1304
-1466
-1526
-1602
-1880
-2071
-2119
-2085
-2097
-2237
-2325
-2390
-2424
-2239
-2171
-2228
-2259
-2102
-2058
-2175
-2027
-1770
-1788
-1855
-1768
-1801
-1787
-1663
-1578
-1533
-1445
-1489
-1515
-1346
-1188
-1291
-1390
-1350
-1269
-1051
-1183
-1162
-982
-1014
-1155
-1083
-854
-788
-830
-965
-1144
-905
-685
-678
-638
-315
427
1339
1820
1014
-29
-99
385
758
675
1296
2241
2122
1230
76
-102
-162
-487
-213
376
1192
694
-523
-1259
-1756
-1762
-1785
-1013
124
127
-338
-1194
-1310
-852
-583
282
1002
1720
1854
1564
1612
1349
1475
1734
2332
3216
3401
3463
3227
2592
1958
1755
2282
2718
2806
2647
2166
1482
715
582
1032
1445
1501
1284
1166
1071
844
578
708
1195
1622
1741
1788
1948
1953
1864
1790
1908
2211
2457
2604
2497
2102
1651
1423
1410
1270
1066
819
404
-56
-262
-333
-515
-1038
-1486
-1662
-1754
-1936
-2190
-2436
-2525
-2539
-2659
-2742
-2766
-2607
-2648
-2656
-2571
-2332
-2156
-2301
-2392
-2406
-2191
-1815
-1578
-1475
-1441
-1493
-1462
-1590
-1502
-1191
-1010
-1007
-1097
-919
-791
-915
-1127
-1219
-1168
-964
-793
-899
-973
-986
-1125
-1201
-1159
-964
-810
-766
-830
-909
-871
-756
-607
-368
543
1572
1985
963
-204
-361
116
580
596
1311
2213
1970
824
-518
-776
-826
-1211
-751
-75
702
-56
-1705
-2607
-3077
-2815
-2555
-1885
-836
-1007
-1648
-2485
-2487
-1821
-1364
-305
577
1271
1456
1006
1061
1007
1372
2133
2802
3571
3596
3508
3194
2427
2365
2582
3215
3524
3340
3126
2508
2071
1543
1571
2174
2490
2414
2110
2050
1862
1430
1324
1797
2467
2817
2854
2893
2804
2622
2577
2853
3263
3492
3592
3567
3325
2881
2564
2324
2225
2121
1924
1823
1409
893
369
-81
-382
-786
-1025
-1194
-1405
-1910
-2464
-2697
-2724
-2782
-3046
-3066
-2857
-2845
-2918
-2987
-2757
-2766
-2893
-2857
-2704
-2388
-2296
-2295
-2179
-2084
-2133
-2211
-2249
-2036
-1932
-2036
-2076
-2062
-1992
-2060
-2360
-2462
-2404
-2269
-2178
-2411
-2545
-2765
-2649
-2587
-2480
-2236
-2222
-2098
-2129
-2079
-1966
-1896
-1473
-1127
-467
828
1763
1902
430
-427
-27
674
1295
1422
2251
2578
1486
455
-596
-444
-735
-1013
-202
110
257
-1267
-2700
-2975
-3302
-2792
-2512
-1566
-936
-1862
-2293
-2791
-2278
-1347
-600
672
1001
1315
1446
1323
1732
1766
2571
3304
3757
4236
4073
4132
3746
3242
3396
3679
4095
3900
3416
3054
2504
2072
1702
1866
2249
2096
1838
1636
1660
1410
1015
1156
1574
1982
2230
2476
2704
2493
2316
2310
2702
3112
3351
3591
3465
3278
2984
2765
2589
2250
2183
2131
1967
1525
1063
758
187
-392
-748
-878
-1037
-1431
-1821
-2200
-2417
-2642
-2888
-2896
-2867
-2864
-2951
-2824
-2683
-2672
-2681
-2685
-2624
-2593
-2400
-2219
-2087
-1988
-2047
-2018
-2082
-2118
-2025
-1895
-1994
-2176
-2137
-2064
-2147
-2310
-2512
-2554
-2580
-2711
-2738
-2807
-2785
-2897
-2973
-2846
-2555
-2257
-2341
-2336
-2278
-2007
-1769
-1489
-835
-274
1065
1958
1870
679
-272
782
1482
1900
2052
2648
3251
1790
776
-51
-214
-402
-980
23
135
-447
-2021
-3493
-3442
-3816
-3371
-2845
-2453
-2164
-3173
-3311
-3408
-2960
-1795
-1146
12
309
544
1029
1082
1718
1919
2621
3394
3647
4222
4124
4134
3946
3548
3903
3968
4111
3836
3319
3163
2479
2106
1886
1783
1905
1627
1565
1436
1332
1302
1076
1250
1415
1876
2301
2428
2762
2890
3211
3315
3357
3684
4111
4583
4409
4213
4201
3999
3630
3189
3361
3313
2763
2114
1748
1689
869
7
-565
-608
-646
-1292
-1605
-1867
-2213
-2730
-3044
-2785
-2675
-2841
-3032
-2847
-2734
-2909
-2966
-2790
-2562
-2676
-2630
-2277
-2111
-2182
-2462
-2400
-2267
-2289
-2148
-2089
-1995
-2337
-2623
-2505
-2465
-2397
-2672
-2832
-2735
-2800
-2760
-2937
-2865
-2796
-2874
-2586
-2440
-1931
-1900
-1862
-1750
-1699
-1103
-903
-321
88
938
2457
2627
1980
531
909
1994
2035
2307
2371
3387
2618
1108
599
-29
12
-868
-562
229
-374
-1248
-3046
-3493
-3583
-3766
-2946
-2937
-2504
-3000
-3825
-3685
-3656
-2506
-1860
-1289
-432
-356
204
204
609
1396
1635
2373
2583
3110
3538
3252
3205
2801
2915
3089
3032
3158
2804
2613
2140
1662
1572
1352
1539
1521
1395
1415
1371
1471
1178
1130
1480
1878
2350
2436
2787
3156
3201
3241
3288
3917
4430
4643
4480
4123
4176
4159
4042
3682
3461
3448
3066
2663
2304
2077
1508
672
312
111
-95
-606
-1133
-1318
-1652
-1965
-2178
-2184
-2294
-2642
-2623
-2414
-2250
-2296
-2333
-2228
-2268
-2387
-2401
-2087
-1869
-1833
-1908
-1969
-2058
-2176
-2052
-2071
-2051
-2205
-2405
-2426
-2521
-2469
-2733
-2899
-2887
-2872
-2778
-3069
-3014
-3103
-3008
-2726
-2572
-2183
-2266
-2017
-1977
-1938
-1552
-1295
-701
-602
-188
373
1325
2338
2136
1314
446
909
1457
1600
1665
1816
2126
1231
562
-137
-711
-935
-1277
-552
-509
-951
-2005
-3499
-3617
-3562
-2910
-2514
-2534
-2367
-3224
-3522
-3276
-2508
-1404
-1116
-518
-134
130
412
174
605
1056
1778
2513
2661
2954
2689
2349
2030
1870
2562
2929
2829
2389
1954
1882
1353
1015
1048
1276
1523
1276
1275
1390
1313
1112
910
1361
1892
2211
2335
2442
2761
2771
3096
3472
3562
3581
3601
3954
4016
3760
3729
3694
3725
3524
3269
3098
2545
2211
1989
1862
1600
897
562
190
-47
-251
-824
-940
-1350
-1481
-1616
-2033
-2117
-2418
-2134
-1902
-1901
-1913
-2412
-2514
-2625
-2446
-2100
-1980
-1851
-2177
-2236
-2184
-2045
-1867
-2014
-1910
-1926
-1921
-1942
-1977
-1817
-2049
-2099
-2072
-1932
-1947
-2187
-1962
-1952
-1897
-1979
-1830
-1425
-1620
-1552
-1436
-1041
-818
-936
-618
-602
-474
-303
147
1501
2716
2887
1566
46
441
1380
1743
1761
1925
2379
1475
544
161
-433
-696
-1173
-538
-145
-731
-1622
-3253
-3712
-3457
-2811
-2247
-2827
-3134
-3802
-4204
-3781
-3067
-1826
-1486
-1495
-1155
-1063
-729
-730
-209
781
1258
1654
1666
1873
1910
1605
1758
2004
2474
2671
2375
2192
1845
1594
1272
1058
1391
1445
1402
1268
1254
1342
1058
1015
1138
1454
1857
2116
2525
2761
2913
2918
2980
3610
3866
3876
3978
4262
4503
4121
4058
4195
4036
3720
3321
3458
3392
2969
2521
1898
1680
1205
779
561
270
160
-349
-913
-1281
-1622
-1714
-2032
-2163
-2069
-2079
-2067
-2433
-2658
-2751
-2828
-2667
-2600
-2266
-2060
-2190
-2239
-2274
-2103
-2069
-2037
-1845
-1767
-1729
-1892
-1940
-1850
-1817
-1817
-2011
-2021
-1964
-1871
-1829
-2033
-1977
-1983
-1852
-1787
-1669
-1367
-1320
-1189
-1041
-655
-484
-665
-703
-421
214
663
1157
1298
1795
2812
2866
2103
891
1473
2345
2222
2361
2224
2600
1658
713
492
-438
-350
-681
-464
-504
-1564
-2182
-3657
-3654
-3120
-3306
-3458
-4241
-3929
-4157
-4521
-3743
-3342
-2739
-2781
-2494
-1546
-1366
-880
-836
-364
536
784
1209
1165
1395
1520
1261
1829
2170
2217
1853
1278
1334
1203
1348
1443
1225
1190
789
654
709
877
1249
1064
978
1063
1395
1937
2066
2398
2662
2823
2908
3024
3621
3865
3975
4079
4286
4569
4344
4268
4128
4146
4127
3818
3749
3441
3190
2630
2075
1886
1607
1372
819
404
-43
-745
-1078
-1441
-1585
-1959
-2225
-2274
-2647
-2863
-3195
-3270
-3325
-3424
-3178
-3081
-2850
-2775
-2825
-2898
-2986
-2654
-2413
-2158
-1937
-1783
-1655
-1853
-1914
-1822
-1553
-1314
-1276
-1272
-1391
-1463
-1660
-1705
-1481
-1227
-1226
-1457
-1397
-1292
-1196
-1218
-1042
-658
-528
-546
-584
-229
99
140
317
759
1438
1694
2543
3118
2480
1144
866
2325
2669
2351
2194
2209
2069
989
797
52
-781
-712
-848
-502
-1105
-1666
-2817
-4261
-3744
-3406
-3379
-3847
-4085
-3748
-4367
-4026
-3448
-3227
-2795
-2449
-1564
-1336
-1149
-599
-569
-45
666
1404
1682
1416
1630
1680
1767
2005
1957
2168
2121
2034
1951
1770
1933
1581
1161
1167
1304
1630
1583
1690
1788
1500
1395
1381
1824
2167
2268
2553
2658
2805
2806
2876
3116
3094
3381
3855
3944
3691
3270
3323
3368
3113
3094
3041
3041
2703
2176
1927
1461
1142
740
378
243
-263
-685
-1154
-1425
-1608
-2086
-2347
-2727
-2952
-2981
-3098
-3114
-3369
-3386
-3292
-3201
-3026
-3062
-3002
-2838
-2474
-2154
-2079
-1968
-1835
-1666
-1516
-1203
-746
-566
-645
-785
-678
-508
-379
-212
-157
-184
-336
-387
-456
-483
-351
-410
-404
-425
-397
-265
-351
-144
-76
-61
11
-14
302
447
611
838
903
1591
2373
2610
1852
595
885
1800
2048
1857
1347
1370
845
170
186
-486
-708
-998
-1174
-1006
-1525
-1783
-3109
-3944
-3394
-3128
-2849
-3502
-3598
-3525
-3965
-3352
-3119
-2503
-2042
-2002
-1568
-1738
-978
-446
-270
457
675
1066
799
801
1465
1549
1936
1995
2043
2114
1714
1807
1745
1881
2093
1690
1659
1629
1725
1656
1281
1493
1525
1530
1652
1719
1987
1881
1937
2186
2298
2393
2275
2503
2775
2862
3150
3334
3329
2909
2703
3044
3302
3358
3016
2676
2316
2056
1893
1563
1378
1103
853
380
-103
-423
-1013
-1415
-1781
-1785
-1839
-2275
-2679
-3263
-3317
-3328
-3330
-3359
-3504
-3290
-3347
-3244
-3041
-2916
-2717
-2657
-2264
-2005
-1810
-1547
-1304
-887
-766
-718
-701
-486
-114
111
190
6
-103
-149
-112
-103
-146
-139
-331
-358
-292
-226
-280
-507
-450
-397
-337
-194
-135
-71
-147
30
100
93
225
531
930
1347
2233
2287
1239
138
555
1571
1345
1170
1209
1245
711
125
269
-677
-1034
-845
-597
-483
-1331
-1826
-3064
-3444
-2547
-2496
-2541
-3003
-2898
-3305
-3931
-2975
-2521
-2251
-2195
-1796
-1132
-1310
-895
-724
-461
287
595
830
720
1181
1641
1476
1834
2020
1996
1884
1807
2235
2230
2201
1920
1383
1459
1597
1805
1728
1702
1811
1330
986
1057
1407
1735
1685
1887
1993
1916
1819
1682
1957
2162
2351
2583
2771
2880
2529
2244
2346
2590
2686
2381
2032
1784
1587
1414
1058
574
266
26
-99
-352
-818
-1369
-2008
-2109
-2110
-2270
-2603
-2978
-2931
-2964
-2965
-3049
-3312
-3287
-3235
-2855
-2520
-2352
-2212
-2284
-1964
-1555
-1198
-1006
-892
-573
-418
-344
-272
-41
269
264
298
321
389
405
361
465
486
549
398
175
38
145
314
195
186
180
141
-82
-179
24
-2
-74
-49
5
9
-169
-194
-46
181
772
1552
1442
436
-517
-12
888
883
925
815
779
292
26
307
-365
-636
-682
-472
-199
-774
-1379
-2670
-2862
-1946
-1917
-2184
-2737
-2689
-2913
-3250
-2371
-1955
-1922
-2003
-1827
-1041
-777
-407
-505
-500
400
932
1217
1264
1540
1792
1509
1739
2100
2156
2216
2152
2345
2391
2291
2021
1434
1433
1873
2059
1978
1766
1756
1403
905
1005
1349
1677
1632
1589
1674
1511
1303
1140
1350
1788
1933
2010
1920
1858
1796
1694
1723
1515
1399
1408
1372
1164
776
662
532
79
-535
-960
-848
-773
-1054
-1515
-1980
-2108
-2370
-2628
-2773
-2812
-2715
-2795
-2787
-2801
-2884
-2919
-2952
-2537
-1985
-1671
-1671
-1733
-1386
-1031
-674
-385
-92
119
202
531
793
1020
1247
1452
1527
1327
1403
1541
1496
1451
1480
1535
1203
951
1007
889
719
473
461
338
-2
-134
-383
-422
-578
-685
-742
-959
-898
-1058
-1070
-1047
-944
-613
-467
360
485
-86
-876
-657
608
598
480
464
739
729
124
329
-328
-668
-454
-371
-156
-876
-1273
-2265
-2934
-2085
-1846
-2054
-2728
-2817
-2699
-3243
-2685
-2294
-2147
-1871
-1628
-1107
-1156
-805
-520
-693
-49
622
993
829
847
1431
1423
1554
1771
1820
1916
1916
2189
2219
2115
2060
1570
1461
1753
1998
1942
1557
1674
1601
1339
1269
1216
1441
1399
1419
1506
1312
1226
985
1007
1283
1348
1491
1347
1303
1251
1083
1147
961
936
976
832
545
64
-39
-49
-243
-363
-683
-936
-1151
-1243
-1164
-1411
-1625
-1892
-2082
-2031
-2019
-1919
-2055
-1974
-1897
-2016
-1975
-1935
-1642
-1570
-1355
-1012
-906
-748
-686
-290
7
274
575
617
847
987
1232
1412
1419
1612
1571
1689
1737
1725
1714
1384
1287
1132
1132
1014
653
449
106
-110
-401
-567
-675
-1017
-1304
-1565
-1720
-1767
-1726
-1733
-1804
-1739
-1792
-1882
-1868
-1332
-966
-818
36
540
206
-974
-949
364
753
762
664
798
772
144
272
-272
-515
-263
-484
-416
-832
-925
-1757
-2647
-1896
-1487
-1557
-2083
-2394
-2284
-2789
-2325
-1934
-1850
-1528
-1496
-1111
-942
-602
-241
-476
59
611
761
948
1060
1513
1370
1467
1987
2007
2179
2168
2107
2089
2037
2292
1943
1713
1940
1868
1835
1607
1631
1497
1132
1225
1142
1170
1279
1295
1370
1151
1241
1194
1037
1145
1121
1295
1307
1330
1298
1003
1030
984
963
964
928
890
722
703
572
332
155
107
73
0
3
-180
-529
-855
-944
-905
-1030
-1012
-1105
-1195
-1236
-1296
-1294
-1461
-1336
-1108
-878
-635
-654
-643
-645
-335
115
265
377
408
520
664
922
1284
1225
1047
1027
1128
1162
980
884
676
453
366
163
-130
-419
-571
-854
-1263
-1398
-1459
-1781
-2214
-2384
-2359
-2351
-2387
-2297
-2382
-2532
-2610
-2509
-2154
-1880
-1688
-1661
-1478
-901
56
638
166
-611
-444
567
1067
1073
1251
1304
1117
725
882
723
438
529
446
458
151
-186
-940
-1652
-1146
-937
-1298
-1792
-1859
-1771
-2266
-2051
-1697
-1647
-1660
-1687
-1257
-1013
-706
-513
-630
-98
423
641
607
808
1333
1422
1579
1882
1986
2029
1980
2100
2187
2202
2224
1894
1722
1799
1955
1995
1815
1773
1679
1499
1425
1450
1572
1622
1602
1569
1393
1203
1112
1197
1341
1334
1389
1365
1255
1106
1021
1109
1065
1007
976
897
961
977
785
457
161
382
337
63
-61
-139
-58
-479
-676
-826
-1080
-888
-945
-662
-782
-1025
-1143
-1547
-1092
-817
-535
-553
-733
-339
-405
-139
-24
-4
195
129
565
538
529
503
293
422
282
417
275
30
8
-260
-354
-745
-1027
-1295
-1552
-1541
-1789
-1964
-2385
-2646
-2785
-2898
-2799
-2939
-3031
-3133
-2995
-2781
-2872
-2858
-2834
-2620
-2349
-2039
-1568
-1479
-1361
-1166
-412
820
1098
420
-417
190
1392
1436
1462
1528
1662
1289
847
1280
699
295
178
205
432
-147
-496
-1554
-2093
-1413
-1398
-1611
-2176
-2175
-2266
-2829
-2175
-1700
-1563
-1684
-1584
-800
-615
-261
-13
182
864
1173
1466
1614
1963
2468
2476
2762
3064
3074
3024
2907
3168
3353
3366
3235
2811
2718
2724
2672
2599
2526
2575
2297
1891
1797
1801
1785
1547
1330
1359
1261
1112
890
851
1026
998
1022
984
1022
908
717
838
929
1001
842
641
651
735
879
595
216
210
175
157
-44
-73
-267
-684
-690
-641
-527
-685
-887
-854
-1058
-1033
-1125
-1085
-943
-1065
-963
-1132
-1034
-966
-1013
-771
-799
-719
-884
-906
-654
-670
-594
-877
-975
-852
-855
-860
-1029
-875
-946
-1342
-1509
-1541
-1557
-1901
-2138
-2087
-2241
-2462
-2660
-2782
-2856
-2951
-2891
-2947
-2937
-2751
-2642
-2619
-2511
-2199
-2014
-1990
-1725
-1430
-1178
-988
-716
-531
-281
1000
1768
1286
188
393
1655
1727
1769
2053
2146
1941
1330
1783
1170
683
860
649
903
553
510
-475
-1497
-708
-534
-706
-1089
-1156
-1014
-1806
-1283
-889
-863
-562
-510
-68
27
564
1030
775
1343
1941
2217
2154
2135
2656
2674
2845
3134
3104
3152
2975
2906
3063
3265
3310
2648
2234
2319
2193
2111
2052
2197
1974
1451
1281
1129
1190
1206
1070
1118
1035
987
805
790
1051
1018
1084
1182
1229
1068
865
1119
1151
1013
939
867
813
564
596
672
517
272
-116
-139
-21
43
-125
-543
-617
-646
-836
-1000
-1072
-1027
-1178
-1316
-1313
-1437
-1540
-1744
-1814
-1660
-1564
-1567
-1779
-1841
-1693
-1630
-1653
-1697
-1628
-1612
-1611
-1620
-1683
-1753
-1735
-1693
-1723
-1744
-1753
-1828
-2002
-2165
-2233
-2235
-2316
-2397
-2455
-2409
-2432
-2521
-2612
-2621
-2548
-2475
-2283
-2181
-2142
-2159
-2081
-1831
-1648
-1309
-1119
-1094
-879
-642
-265
-164
-139
131
-55
946
2275
2284
1079
-134
1444
2163
1796
2004
1732
2209
1262
1558
1790
474
1018
608
1000
1094
740
820
-1233
-516
434
203
140
-700
64
-589
-593
456
76
590
389
532
883
868
1916
1263
1331
2161
2254
2318
1655
2289
2729
2520
2890
2443
2460
2438
2223
2572
2425
2773
2216
1340
1647
1822
1979
1592
1358
1592
1059
938
813
776
1019
741
947
908
868
898
531
773
763
809
940
655
706
478
715
902
655
578
110
81
148
236
385
23
37
-199
-472
-552
-714
-497
-813
-961
-1020
-1246
-1200
-1596
-1660
-1783
-1770
-1671
-2051
-2148
-2329
-2322
-2340
-2478
-2277
-2350
-2379
-2423
-2392
-2205
-2363
-2395
-2460
-2423
-2318
-2345
-2275
-2369
-2377
-2397
-2490
-2411
-2402
-2339
-2484
-2504
-2434
-2579
-2572
-2558
-2359
-2323
-2426
-2374
-2445
-2368
-2257
-2049
-1767
-1658
-1407
-1371
-1340
-1100
-765
-452
-357
10
259
345
443
597
857
1038
1346
1387
2217
2943
2476
1366
1009
2498
2765
2397
2513
2496
2810
1934
2343
2041
1342
1810
1454
1994
1806
1821
1387
-65
882
1235
1205
875
471
1125
324
682
1079
909
1250
950
1389
1447
1531
2057
1418
1746
2073
2140
2186
1907
2609
2591
2339
2367
2076
2366
2278
2078
2125
1991
2171
1583
1197
1433
1358
1306
1009
935
956
522
430
266
384
616
317
207
-37
40
189
287
636
410
213
153
271
519
384
555
459
226
12
-170
289
227
2
-332
-474
-222
-607
-715
-950
-1092
-1088
-1647
-1659
-1974
-1932
-2049
-2505
-2283
-2508
-2406
-2639
-2809
-2568
-2809
-2559
-2689
-2598
-2450
-2695
-2512
-2659
-2393
-2302
-2448
-2438
-2661
-2422
-2271
-2225
-2216
-2380
-2236
-2316
-2236
-2073
-2069
-2046
-2181
-2014
-1887
-1892
-1874
-1898
-1687
-1535
-1381
-1287
-1322
-1170
-1021
-846
-685
-496
-364
-329
-121
78
294
453
546
589
770
1212
1314
1383
1601
2045
1970
2060
3243
3380
2594
1661
2506
3558
3020
3140
2934
3095
2946
2768
3046
1803
2146
2355
2185
2481
2092
2220
724
689
1804
1480
1420
858
1187
930
535
1363
1003
1137
1174
1096
1302
1099
1857
1532
1273
1840
1956
2033
1618
1857
2185
1968
2139
1894
1721
1767
1515
1471
1300
1477
1316
590
461
563
609
527
378
515
209
-131
-147
-103
224
141
137
244
173
167
-73
166
442
400
422
207
246
112
-32
-56
-295
-306
-563
-704
-843
-1010
-1055
-1340
-1421
-1704
-2084
-2441
-2697
-2494
-2603
-2809
-3142
-3297
-3386
-3682
-3675
-3643
-3525
-3576
-3645
-3611
-3693
-3551
-3548
-3436
-3258
-3070
-2855
-2917
-2735
-2689
-2702
-2571
-2332
-1943
-1957
-2062
-1954
-1799
-1576
-1619
-1552
-1360
-1305
-1233
-1256
-1116
-1044
-1199
-1130
-944
-740
-709
-867
-707
-537
-294
-107
-118
81
161
396
611
746
1025
1109
1241
1441
1655
1994
2024
2131
2336
2636
2872
2774
2735
2778
3603
4262
3793
2792
2421
3285
3307
2981
3064
2990
2957
2255
2587
2224
1613
1828
1633
1910
1564
1469
917
-49
696
959
923
559
468
745
23
486
960
1048
976
686
1090
1081
1361
1551
1135
1365
1460
1585
1411
1406
1824
1481
1225
1181
1318
1396
936
752
765
838
823
257
6
-47
-9
122
13
52
-118
-384
-486
-606
-268
-156
-252
-390
-636
-626
-812
-614
-429
-661
-792
-897
-906
-1095
-1215
-1072
-1421
-1744
-1842
-1920
-2008
-2346
-2328
-2407
-2622
-2673
-2991
-3054
-3092
-3085
-3121
-3485
-3312
-3334
-3389
-3304
-3384
-3178
-3263
-3041
-2898
-2988
-2649
-2573
-2360
-2402
-2356
-2092
-2137
-1786
-1673
-1551
-1465
-1575
-1458
-1451
-1097
-980
-1110
-977
-823
-639
-727
-581
-434
-477
-348
-284
-206
-235
-62
177
116
265
402
537
632
785
1043
1067
1271
1463
1534
1645
1914
2180
2210
2266
2394
2458
2594
2788
2811
2677
2828
2994
2939
2801
2792
2804
2403
2628
3230
3459
3084
2351
2329
2264
2435
2750
2529
2464
2108
2119
1978
1687
1995
1710
1637
1626
1743
1857
1228
1145
1023
1088
1361
1153
1109
800
818
748
392
668
754
588
247
184
461
203
107
187
215
168
-32
-9
-9
28
48
-127
-113
4
-74
-230
-304
-42
-15
-178
-198
-237
-232
-266
-150
-134
-433
-573
-607
-572
-654
-847
-842
-934
-917
-1030
-1233
-1350
-1525
-1594
-1709
-1776
-1774
-1933
-2067
-2153
-2155
-2113
-2191
-2255
-2255
-2235
-2245
-2433
-2558
-2411
-2358
-2274
-2342
-2269
-2141
-2235
-2190
-2291
-2136
-1960
-1911
-1864
-1943
-1686
-1658
-1796
-1735
-1592
-1394
-1575
-1480
-1363
-1441
-1423
-1371
-1068
-1041
-1021
-948
-875
-654
-599
-525
-438
-177
12
-42
112
372
558
543
636
883
1024
1051
1097
1221
1345
1434
1434
1537
1670
1743
1676
1704
1981
2045
2038
1921
2000
2186
2227
2362
2202
2191
2251
2255
2367
2198
2264
2129
2043
2177
2096
2482
2571
2506
2189
1897
2312
2217
2310
2348
2285
2390
2011
2221
1915
1784
1880
1535
1683
1504
1633
1240
730
976
735
738
496
436
338
-245
-136
-305
-281
-323
-663
-661
-860
-606
-635
-836
-693
-802
-733
-872
-728
-447
-556
-609
-792
-632
-430
-490
-514
-549
-419
-370
-467
-426
-490
-515
-573
-646
-589
-611
-753
-1079
-1246
-1077
-992
-1099
-1340
-1546
-1687
-1781
-1699
-1661
-1727
-1909
-2144
-2203
-2120
-2046
-2105
-2115
-1983
-1991
-2130
-2214
-2132
-1927
-1847
-1792
-1847
-2043
-2068
-2028
-1757
-1627
-1707
-1793
-1908
-1743
-1588
-1472
-1406
-1444
-1374
-1476
-1482
-1416
-1317
-1091
-1011
-885
-1001
-1059
-945
-823
-564
-512
-479
-471
-462
-289
-203
-66
12
76
244
339
466
529
663
830
876
976
1050
1097
1147
1278
1448
1449
1469
1510
1537
1631
1758
1841
1793
1793
1861
1801
1861
1996
2025
1903
1854
2055
2065
2041
2095
2116
2211
2171
2190
2105
2062
2205
2056
2011
2304
2602
2387
1753
1691
2071
2131
2083
2012
1946
1771
1536
1708
1628
1601
1517
1162
1164
1152
1241
805
369
533
296
66
-194
-151
-218
-798
-862
-1005
-955
-961
-1175
-1209
-1377
-1172
-1151
-1291
-1085
-966
-804
-901
-808
-529
-545
-491
-505
-358
-260
-326
-311
-401
-361
-335
-444
-559
-726
-775
-876
-987
-1064
-1244
-1381
-1468
-1556
-1673
-1780
-1838
-1911
-1985
-1994
-2086
-2189
-2212
-2166
-2130
-2087
-1871
-1776
-1906
-1963
-1870
-1675
-1625
-1512
-1344
-1319
-1264
-1264
-1161
-1124
-1091
-962
-936
-762
-663
-628
-620
-672
-500
-477
-439
-442
-500
-413
-366
-208
-237
-331
-335
-352
-267
-259
-153
-41
-91
-92
-75
40
90
153
322
405
509
590
668
730
830
1046
1140
1236
1343
1376
1400
1467
1620
1619
1563
1688
1761
1698
1680
1744
1749
1604
1608
1678
1642
1661
1618
1605
1584
1681
1749
1617
1640
1749
1828
1771
1759
1822
1896
1967
2019
2024
1994
2050
2100
2262
2335
2182
1954
1851
1952
1931
1881
1851
1715
1587
1462
1317
1065
853
754
624
502
382
133
-232
-401
-456
-489
-582
-676
-799
-1081
-1115
-1127
-1131
-1039
-1026
-942
-1065
-1034
-956
-1019
-879
-888
-787
-763
-769
-687
-778
-652
-702
-838
-856
-877
-782
-955
-1057
-1133
-1306
-1390
-1587
-1614
-1619
-1703
-1808
-1934
-1845
-1927
-2135
-2131
-2009
-1858
-1948
-1943
-1831
-1792
-1717
-1794
-1763
-1697
-1560
-1341
-1248
-1178
-1283
-1378
-1257
-1108
-928
-896
-937
-919
-903
-807
-775
-841
-797
-862
-821
-764
-681
-608
-826
-873
-862
-707
-620
-730
-681
-739
-609
-502
-451
-315
-397
-277
-264
-34
218
212
322
318
560
696
767
973
969
1127
1184
1250
1327
1298
1429
1445
1587
1649
1518
1477
1488
1624
1568
1517
1616
1563
1366
1192
1308
1427
1377
1334
1357
1427
1384
1382
1368
1422
1537
1542
1523
1495
1628
1687
1674
1785
1904
1921
1753
1773
1927
1970
1970
1857
1833
1813
1849
1897
1706
1575
1402
1287
1167
1124
1130
875
645
529
481
339
74
-62
-194
-267
-358
-616
-831
-967
-1016
-1160
-1301
-1303
-1411
-1578
-1662
-1680
-1722
-1815
-1808
-1871
-1981
-1958
-1896
-1873
-1941
-1900
-1842
-1855
-1795
-1711
-1651
-1677
-1681
-1647
-1668
-1650
-1625
-1615
-1608
-1598
-1511
-1529
-1565
-1557
-1566
-1538
-1521
-1443
-1446
-1509
-1481
-1457
-1386
-1345
-1271
-1205
-1184
-1085
-1020
-959
-876
-834
-805
-799
-740
-649
-647
-563
-544
-523
-474
-472
-366
-410
-388
-377
-365
-210
-271
-264
-242
-142
-38
-152
-55
-65
-57
-33
27
211
164
229
263
306
395
433
550
599
713
785
772
847
927
1020
1030
1072
1149
1169
1212
1230
1231
1204
1241
1288
1307
1351
1344
1265
1181
1305
1459
1435
1313
1264
1313
1324
1381
1449
1509
1518
1467
1479
1561
1684
1742
1687
1696
1803
1883
1904
1900
1945
1971
1934
1915
1917
1980
2017
1941
1861
1772
1684
1511
1435
1462
1466
1361
1098
917
753
623
492
328
201
18
-148
-350
-511
-644
-811
-965
-1121
-1119
-1199
-1385
-1549
-1645
-1648
-1766
-1832
-1879
-1914
-1939
-2003
-1966
-1945
-1907
-1903
-1882
-1745
-1673
-1691
-1733
-1659
-1498
-1416
-1306
-1266
-1234
-1185
-1182
-1103
-1068
-992
-990
-1049
-963
-979
-1025
-1077
-1062
-977
-1021
-985
-1023
-1066
-1041
-1007
-925
-944
-877
-844
-876
-799
-702
-601
-629
-619
-543
-499
-442
-437
-373
-289
-244
-241
-257
-171
-68
-23
37
110
148
128
75
139
230
281
274
274
325
338
339
342
417
458
418
418
432
512
567
623
657
610
582
536
576
665
734
791
793
812
806
789
847
933
1019
1053
1086
1126
1152
1193
1241
1328
1428
1458
1400
1410
1498
1622
1631
1631
1730
1655
1592
1589
1735
1831
1802
2035
1995
1860
1589
1567
1810
1814
1994
1815
1646
1657
1536
1662
1382
1443
1347
1143
1257
1059
1124
760
613
587
387
431
81
-17
-191
-287
-206
-455
-480
-803
-888
-943
-1018
-940
-1169
-1230
-1443
-1501
-1472
-1530
-1473
-1630
-1664
-1707
-1691
-1630
-1720
-1665
-1686
-1627
-1579
-1584
-1575
-1691
-1671
-1620
-1511
-1411
-1402
-1450
-1530
-1483
-1385
-1348
-1371
-1345
-1299
-1328
-1335
-1328
-1307
-1354
-1366
-1321
-1261
-1210
-1242
-1263
-1285
-1224
-1196
-1224
-1185
-1155
-1098
-1093
-1056
-1002
-1008
-952
-917
-834
-746
-713
-686
-666
-547
-463
-451
-429
-343
-212
-165
-81
18
108
144
134
231
306
368
415
468
526
544
593
618
642
675
719
746
779
863
909
896
912
985
1063
1106
1141
1170
1124
1150
1236
1313
1333
1334
1381
1407
1444
1503
1549
1558
1530
1535
1591
1638
1685
1651
1601
1575
1589
1651
1665
1639
1593
1538
1504
1478
1492
1440
1324
1241
1197
1139
1100
1066
983
819
738
753
751
706
623
563
447
399
416
407
326
236
147
46
-12
-93
-198
-332
-418
-476
-621
-707
-787
-878
-1028
-1151
-1152
-1221
-1295
-1413
-1461
-1472
-1528
-1562
-1642
-1638
-1640
-1654
-1645
-1616
-1529
-1520
-1481
-1398
-1348
-1325
-1360
-1289
-1209
-1152
-1099
-1133
-1103
-1108
-1079
-1058
-1042
-980
-1034
-1078
-1077
-1013
-969
-1017
-1015
-1011
-1016
-1062
-1028
-915
-886
-907
-999
-970
-884
-836
-818
-838
-783
-762
-760
-696
-626
-582
-634
-664
-620
-551
-456
-455
-473
-440
-382
-356
-382
-309
-197
-159
-161
-101
3
52
62
89
158
248
319
374
493
625
680
690
761
920
1029
1071
1201
1338
1414
1425
1502
1632
1695
1778
1895
1964
1964
1941
1969
1993
2043
2076
2020
1985
1896
1855
1818
1794
1789
1669
1592
1476
1428
1414
1399
1400
1257
1189
1136
1097
1053
959
928
846
792
773
694
674
623
587
509
443
431
347
282
237
226
208
125
64
4
-27
-50
-112
-140
-214
-298
-374
-432
-429
-479
-536
-620
-685
-694
-740
-755
-824
-864
-891
-947
-972
-1008
-976
-981
-1025
-1029
-1021
-959
-967
-948
-908
-884
-885
-954
-925
-881
-854
-854
-838
-792
-842
-895
-897
-887
-866
-859
-857
-895
-938
-936
-957
-930
-917
-921
-946
-957
-880
-855
-865
-850
-859
-854
-849
-792
-743
-743
-716
-692
-696
-669
-634
-630
-668
-657
-621
-657
-675
-667
-674
-679
-679
-652
-684
-711
-682
-661
-597
-542
-492
-478
-440
-326
-246
-124
1
104
174
258
416
557
715
871
994
1107
1197
1317
1420
1535
1663
1740
1776
1832
1878
1898
1913
1946
1981
1937
1910
1905
1875
1841
1795
1786
1751
1657
1597
1556
1506
1445
1372
1309
1247
1176
1108
1074
1013
946
894
824
783
713
667
644
591
591
534
468
397
331
290
264
280
220
123
52
1
-59
-140
-160
-175
-244
-318
-403
-440
-477
-517
-517
-571
-608
-640
-651
-627
-661
-654
-670
-721
-735
-737
-706
-747
-766
-736
-779
-813
-828
-799
-810
-850
-815
-808
-851
-891
-908
-884
-886
-892
-915
-943
-939
-954
-962
-946
-931
-956
-1011
-1012
-1011
-1015
-983
-966
-962
-981
-972
-952
-960
-950
-939
-920
-910
-876
-860
-889
-887
-869
-841
-807
-779
-755
-785
-812
-770
-709
-666
-648
-633
-657
-665
-642
-599
-561
-529
-510
-513
-494
-445
-377
-326
-268
-223
-184
-119
-58
19
109
213
289
335
412
511
622
712
795
862
927
996
1071
1140
1215
1265
1301
1362
1413
1475
1489
1495
1519
1530
1558
1557
1565
1550
1502
1471
1445
1444
1397
1320
1267
1222
1154
1083
1065
1023
938
859
829
803
721
662
620
582
536
478
451
409
379
337
303
299
280
243
193
183
196
181
144
115
98
69
57
46
47
17
-16
-21
-43
-53
-106
-135
-170
-192
-189
-221
-220
-263
-287
-314
-349
-327
-338
-359
-415
-460
-463
-505
-504
-507
-513
-527
-599
-584
-597
-622
-656
-703
-691
-745
-780
-795
-838
-873
-947
-951
-973
-992
-991
-1034
-1050
-1093
-1075
-1074
-1083
-1053
-1054
-1047
-1063
-1037
-996
-977
-940
-936
-894
-870
-846
-813
-803
-755
-744
-721
-711
-679
-623
-625
-615
-595
-569
-550
-547
-513
-490
-479
-433
-405
-372
-342
-324
-299
-258
-187
-111
-78
-35
23
77
154
247
345
412
475
550
601
689
803
914
974
1017
1105
1153
1201
1256
1345
1403
1408
1448
1487
1520
1528
1508
1483
1485
1498
1482
1471
1456
1430
1372
1327
1316
1293
1221
1155
1131
1117
1078
998
953
904
849
803
761
746
685
631
589
543
533
478
434
376
342
320
269
258
226
197
159
126
117
71
47
30
15
11
1
-17
-60
-80
-71
-69
-90
-106
-99
-130
-163
-180
-171
-175
-217
-224
-220
-235
-290
-340
-342
-341
-346
-377
-425
-477
-522
-534
-532
-544
-595
-665
-733
-762
-767
-787
-818
-870
-919
-953
-975
-987
-1016
-1048
-1087
-1120
-1129
-1147
-1168
-1208
-1224
-1220
-1227
-1223
-1223
-1215
-1227
-1221
-1182
-1159
-1141
-1124
-1104
-1097
-1063
-1004
-956
-917
-888
-835
-779
-728
-689
-659
-615
-562
-506
-445
-387
-350
-333
-278
-213
-157
-98
-50
-15
20
95
170
219
270
324
383
434
490
563
607
649
689
738
795
855
910
955
1005
1050
1070
1103
1153
1190
1213
1232
1280
1306
1297
1284
1285
1289
1267
1275
1279
1258
1205
1150
1127
1103
1078
1027
973
931
873
829
799
781
735
673
628
593
560
517
493
467
429
385
347
318
313
286
268
232
210
189
136
129
110
89
53
13
9
-7
-14
-40
-52
-51
-80
-110
-138
-140
-146
-175
-186
-200
-219
-251
-281
-283
-298
-323
-350
-390
-418
-436
-462
-496
-540
-554
-585
-633
-667
-705
-733
-761
-783
-825
-882
-923
-958
-1005
-1042
-1054
-1083
-1133
-1184
-1205
-1215
-1246
-1267
-1280
-1296
-1322
-1328
-1323
-1316
-1311
-1321
-1307
-1269
-1238
-1217
-1198
-1150
-1098
-1060
-1003
-940
-878
-827
-771
-701
-631
-567
-507
-438
-354
-297
-245
-183
-128
-67
-33
11
71
131
171
197
224
269
305
328
369
408
431
449
484
517
551
564
596
635
674
713
739
770
812
844
876
909
938
975
990
1022
1050
1076
1094
1090
1111
1130
1153
1153
1145
1130
1106
1094
1083
1081
1053
1024
1004
978
957
939
918
878
840
818
800
768
741
726
701
687
657
632
609
593
588
578
580
559
515
485
484
476
447
419
397
366
337
307
280
237
180
139
103
76
40
9
-27
-82
-133
-168
-184
-212
-258
-291
-329
-362
-400
-418
-425
-463
-504
-540
-556
-572
-609
-634
-665
-694
-722
-744
-766
-812
-841
-874
-908
-930
-955
-969
-1006
-1039
-1067
-1090
-1099
-1137
-1157
-1175
-1189
-1201
-1215
-1219
-1246
-1255
-1237
-1203
-1179
-1179
-1158
-1143
-1122
-1076
-1013
-954
-918
-878
-827
-756
-691
-633
-575
-518
-444
-356
-283
-225
-182
-119
-48
27
102
142
168
206
258
321
374
414
454
477
509
547
595
622
642
669
699
730
743
772
812
838
853
863
881
896
910
927
950
973
975
982
990
1000
1013
1011
1010
1017
1024
1015
1012
1018
1019
1002
993
995
995
980
966
957
952
945
932
922
904
893
875
865
857
841
814
782
769
756
722
684
654
621
571
536
516
482
437
397
348
294
253
209
163
108
59
5
-56
-102
-149
-197
-233
-266
-307
-359
-413
-455
-481
-497
-513
-547
-589
-612
-630
-639
-653
-669
-689
-709
-717
-733
-749
-762
-774
-791
-812
-812
-821
-858
-878
-888
-891
-906
-932
-945
-969
-988
-1007
-1013
-1023
-1043
-1051
-1070
-1079
-1088
-1089
-1095
-1103
-1090
-1079
-1067
-1059
-1047
-1030
-1013
-986
-959
-937
-902
-865
-814
-774
-731
-682
-635
-589
-539
-479
-415
-360
-308
-250
-196
-144
-106
-55
1
63
112
156
198
234
271
307
352
403
432
466
506
542
571
599
631
661
692
711
740
775
796
806
821
849
878
879
887
907
921
915
909
926
928
905
902
913
915
899
894
896
883
876
870
872
859
843
836
819
817
809
795
780
766
764
753
744
748
742
724
696
679
683
676
655
627
591
555
532
507
465
420
370
318
269
221
170
98
25
-34
-87
-150
-216
-276
-340
-400
-460
-506
-549
-600
-655
-708
-732
-754
-791
-812
-836
-855
-868
-885
-892
-903
-900
-906
-907
-900
-901
-894
-901
-893
-888
-882
-880
-877
-858
-859
-853
-850
-857
-852
-852
-850
-836
-818
-812
-825
-830
-809
-799
-788
-774
-762
-751
-741
-726
-708
-691
-665
-645
-632
-616
-599
-572
-551
-532
-496
-459
-438
-414
-371
-322
-297
-278
-230
-186
-144
-117
-74
-28
11
49
81
127
161
198
232
269
316
340
373
408
446
490
518
545
564
594
624
651
679
705
729
751
777
798
809
813
826
851
867
872
882
893
903
910
918
936
933
929
932
942
943
937
940
947
951
944
933
928
933
925
914
909
901
890
875
866
849
831
810
792
771
749
718
680
649
616
579
539
496
450
406
357
299
238
183
122
63
-1
-65
-123
-185
-242
-306
-367
-430
-483
-540
-596
-639
-685
-724
-775
-812
-841
-864
-889
-910
-926
-945
-960
-966
-958
-960
-965
-950
-937
-917
-902
-886
-860
-838
-805
-777
-740
-708
-687
-653
-612
-579
-560
-541
-509
-490
-468
-440
-424
-417
-415
-401
-397
-389
-390
-389
-395
-408
-399
-388
-386
-392
-390
-388
-393
-399
-391
-379
-366
-357
-343
-334
-316
-303
-283
-254
-236
-208
-175
-152
-115
-76
-46
-7
22
52
86
122
155
184
221
259
287
314
348
378
396
423
456
492
519
532
556
577
595
615
638
665
677
684
709
731
757
772
778
795
809
825
833
838
842
839
848
856
860
862
847
842
842
837
828
818
802
789
779
763
745
727
711
692
669
653
637
611
585
556
528
501
478
438
399
366
333
299
252
217
169
112
62
12
-29
-84
-151
-209
-263
-311
-364
-421
-478
-533
-580
-635
-681
-714
-763
-811
-846
-864
-891
-926
-943
-953
-956
-963
-965
-962
-955
-946
-936
-920
-892
-867
-843
-811
-784
-753
-722
-683
-644
-614
-589
-556
-525
-498
-465
-444
-424
-396
-369
-351
-339
-312
-297
-298
-298
-288
-280
-276
-271
-267
-265
-269
-266
-268
-270
-269
-269
-261
-260
-262
-257
-250
-244
-230
-220
-213
-195
-181
-163
-151
-131
-110
-95
-73
-49
-16
-5
14
39
57
92
120
143
166
186
213
240
264
287
311
325
351
377
394
405
424
446
467
496
516
526
545
556
571
589
610
625
627
640
651
664
672
679
691
698
696
699
708
709
703
693
698
692
676
668
662
655
648
634
615
609
595
571
547
528
507
484
472
454
431
403
377
347
318
293
262
227
188
155
131
93
52
8
-31
-64
-103
-138
-186
-232
-264
-303
-339
-381
-416
-447
-480
-516
-557
-586
-619
-649
-668
-685
-701
-732
-741
-744
-760
-761
-766
-759
-756
-751
-733
-727
-720
-702
-682
-671
-663
-637
-612
-591
-576
-556
-526
-502
-489
-475
-446
-432
-424
-405
-370
-344
-349
-334
-307
-295
-283
-265
-252
-241
-235
-214
-199
-188
-170
-164
-160
-145
-133
-129
-120
-107
-89
-85
-78
-57
-47
-44
-23
7
28
42
52
73
97
113
133
152
181
215
234
258
280
306
334
355
379
400
420
441
457
480
510
528
538
552
567
575
584
598
610
618
620
627
627
639
640
633
634
637
632
629
624
620
622
605
590
586
579
562
549
546
539
518
506
488
467
460
444
424
399
384
379
361
333
316
297
281
254
233
220
201
172
141
121
101
76
42
20
0
-28
-66
-92
-112
-143
-173
-195
-211
-251
-281
-294
-321
-350
-379
-397
-411
-434
-455
-470
-486
-502
-518
-531
-538
-551
-564
-568
-574
-573
-578
-576
-569
-563
-566
-571
-559
-549
-540
-527
-512
-498
-486
-477
-465
-441
-421
-418
-403
-386
-364
-338
-325
-315
-304
-291
-284
-270
-247
-234
-234
-228
-211
-200
-194
-189
-183
-168
-164
-161
-158
-154
-142
-145
-139
-130
-121
-120
-121
-112
-101
-91
-89
-83
-73
-68
-56
-40
-25
-9
2
18
35
52
79
102
120
145
165
179
210
243
266
283
299
325
349
368
389
408
430
439
448
471
483
493
490
497
519
526
533
530
529
532
530
535
529
528
522
519
517
503
490
485
473
458
448
437
421
405
385
373
360
337
322
307
286
266
246
213
196
174
150
134
117
101
78
48
32
21
3
-18
-49
-59
-72
-90
-98
-116
-130
-145
-151
-163
-180
-187
-203
-221
-235
-250
-261
-275
-296
-312
-335
-346
-360
-375
-390
-408
-427
-445
-453
-464
-484
-494
-503
-516
-527
-543
-541
-547
-548
-540
-541
-542
-544
-531
-527
-516
-507
-507
-490
-469
-454
-448
-438
-417
-401
-389
-368
-354
-345
-330
-313
-295
-283
-263
-250
-242
-225
-218
-209
-199
-191
-184
-181
-168
-153
-144
-135
-128
-115
-107
-97
-80
-69
-68
-56
-45
-29
-10
3
24
39
56
75
95
113
127
151
179
202
225
251
278
303
327
343
366
390
411
427
445
476
489
505
520
530
539
551
567
577
590
594
598
600
602
606
615
613
597
593
590
586
581
576
568
556
549
538
523
509
492
477
458
444
430
404
385
364
347
320
296
274
246
223
202
178
155
128
101
75
52
25
-3
-18
-42
-61
-86
-112
-134
-166
-188
-205
-215
-238
-268
-290
-303
-321
-342
-354
-364
-381
-400
-410
-420
-435
-450
-458
-463
-474
-490
-494
-492
-503
-502
-507
-517
-517
-526
-523
-521
-515
-513
-514
-505
-500
-494
-497
-485
-469
-461
-451
-434
-424
-415
-405
-385
-373
-355
-331
-312
-304
-281
-255
-239
-223
-203
-181
-165
-134
-116
-99
-93
-73
-55
-54
-36
-15
5
8
25
39
55
63
77
95
108
123
129
150
172
183
191
213
231
246
268
295
315
323
338
357
373
382
389
404
418
434
441
455
466
472
477
483
497
503
504
501
505
509
504
500
497
501
497
485
482
477
475
468
456
442
434
420
411
396
384
371
351
330
317
315
296
263
251
243
216
187
168
159
141
116
83
64
55
30
4
-9
-24
-50
-70
-77
-89
-105
-127
-149
-164
-173
-185
-197
-206
-218
-226
-240
-254
-257
-270
-285
-300
-305
-306
-318
-336
-351
-349
-350
-366
-377
-384
-387
-396
-407
-407
-410
-414
-423
-423
-418
-413
-415
-418
-416
-420
-408
-406
-396
-398
-395
-381
-370
-358
-357
-353
-340
-326
-324
-313
-296
-285
-285
-272
-250
-240
-230
-219
-208
-195
-182
-167
-147
-132
-124
-118
-96
-77
-68
-57
-44
-20
-12
-2
12
30
38
54
72
82
103
112
129
148
165
174
188
207
228
238
248
258
274
291
299
314
322
336
343
353
364
373
377
381
391
392
393
396
399
403
400
395
393
389
387
380
374
374
366
363
356
347
336
324
316
304
293
278
266
255
233
219
211
198
175
161
150
132
119
103
80
62
52
38
16
0
-11
-28
-39
-55
-72
-87
-100
-117
-130
-143
-151
-161
-177
-189
-199
-203
-215
-222
-231
-240
-253
-264
-270
-281
-282
-284
-291
-294
-297
-300
-306
-313
-314
-319
-331
-327
-326
-337
-334
-333
-327
-330
-334
-327
-329
-327
-319
-304
-295
-293
-291
-284
-275
-265
-252
-246
-235
-230
-220
-209
-196
-186
-182
-170
-159
-147
-139
-124
-119
-117
-99
-87
-75
-68
-57
-48
-42
-33
-26
-12
3
10
12
23
34
46
53
65
78
83
97
106
120
127
135
145
155
163
179
189
192
194
203
219
224
227
235
241
243
248
255
259
262
264
266
265
273
269
266
264
260
265
264
263
263
259
256
253
248
247
244
239
237
233
231
227
222
217
214
211
201
197
193
185
180
170
165
155
145
141
129
122
117
104
93
84
75
63
51
42
28
18
9
-3
-15
-27
-38
-46
-56
-66
-82
-94
-105
-109
-112
-126
-134
-145
-151
-157
-162
-171
-178
-184
-188
-192
-201
-201
-202
-202
-212
-216
-215
-216
-213
-217
-218
-217
-219
-217
-219
-220
-224
-227
-222
-219
-216
-217
-214
-212
-209
-204
-201
-198
-194
-184
-182
-178
-169
-169
-157
-152
-147
-135
-127
-124
-120
-113
-99
-92
-85
-78
-70
-56
-51
-40
-33
-22
-14
-7
4
10
20
28
41
48
55
64
72
79
90
95
101
113
122
131
133
142
146
152
161
163
171
177
180
180
183
194
197
193
201
205
205
207
210
215
215
219
217
212
214
217
216
213
209
206
200
198
198
189
183
175
176
172
161
157
153
145
139
130
125
119
111
104
94
88
81
72
65
58
53
46
40
34
23
15
4
-3
-10
-18
-29
-37
-43
-52
-57
-66
-73
-77
-80
-85
-94
-104
-107
-112
-118
-122
-132
-136
-135
-141
-145
-147
-150
-154
-155
-159
-160
-162
-164
-168
-166
-166
-170
-172
-171
-176
-178
-174
-180
-179
-179
-182
-182
-185
-189
-190
-186
-192
-193
-192
-187
-189
-187
-185
-183
-178
-180
-175
-170
-166
-160
-158
-147
-143
-135
-127
-119
-111
-106
-97
-90
-78
-67
-65
-56
-47
-39
-26
-18
-11
-2
10
20
23
34
40
48
58
67
73
81
92
99
104
113
121
127
134
140
150
157
160
166
169
175
183
184
187
192
196
199
200
205
205
206
208
208
207
212
208
209
204
203
204
200
200
191
189
188
184
180
175
174
168
162
156
154
147
139
133
124
116
108
104
93
85
80
74
62
55
47
38
25
17
11
1
-6
-18
-27
-34
-42
-48
-63
-67
-74
-81
-86
-96
-102
-109
-115
-120
-126
-133
-133
-141
-145
-149
-156
-156
-165
-166
-167
-170
-172
-174
-171
-173
-174
-177
-175
-172
-175
-176
-174
-175
-175
-170
-168
-169
-168
-163
-164
-162
-157
-157
-154
-154
-149
-143
-141
-137
-133
-125
-120
-115
-108
-102
-94
-88
-87
-80
-70
-62
-58
-48
-42
-39
-30
-19
-11
-5
1
5
15
21
29
38
43
50
56
61
68
74
81
86
94
99
102
109
115
121
123
125
132
138
141
144
150
156
159
161
165
169
175
179
178
179
185
185
184
185
188
191
191
190
190
187
190
188
182
186
182
175
174
174
170
165
163
161
153
149
150
140
131
131
124
119
113
106
98
92
92
84
76
68
58
56
47
39
35
24
18
10
3
-5
-13
-19
-29
-34
-41
-48
-55
-64
-75
-83
-87
-95
-102
-110
-118
-124
-131
-135
-142
-150
-157
-160
-164
-171
-175
-178
-182
-186
-188
-192
-198
-197
-197
-199
-200
-202
-201
-200
-202
-198
-199
-201
-198
-195
-194
-192
-188
-187
-184
-181
-179
-174
-167
-164
-161
-159
-153
-144
-139
-131
-128
-121
-113
-106
-97
-88
-79
-72
-64
-55
-48
-41
-32
-20
-12
-4
6
17
23
30
41
46
52
62
72
78
85
93
98
103
109
117
124
125
128
132
136
141
142
148
151
152
158
160
162
165
167
167
169
170
171
172
172
173
176
175
177
176
174
175
174
170
165
164
164
158
154
155
152
146
141
136
133
127
120
114
106
101
97
90
83
77
71
63
57
50
42
32
25
18
11
5
-3
-8
-16
-21
-28
-35
-41
-45
-52
-57
-60
-67
-70
-77
-82
-85
-90
-92
-96
-96
-101
-104
-106
-108
-112
-116
-114
-116
-117
-119
-120
-120
-122
-121
-122
-124
-122
-125
-126
-125
-124
-124
-125
-125
-124
-122
-123
-123
-122
-121
-121
-120
-119
-118
-119
-118
-112
-111
-110
-107
-108
-104
-100
-98
-94
-91
-90
-85
-81
-77
-75
-71
-67
-65
-62
-56
-54
-48
-44
-40
-37
-34
-28
-27
-22
-15
-14
-10
-5
0
4
8
13
16
22
25
31
39
41
43
48
51
54
58
62
67
68
71
74
79
84
84
86
87
87
90
90
93
94
94
93
94
97
94
94
98
96
96
100
98
95
96
96
95
94
95
93
92
96
93
92
91
88
87
87
83
83
81
75
77
75
72
66
64
65
59
60
57
53
54
48
42
44
41
37
35
32
30
27
25
21
17
15
7
7
5
3
-3
-8
-11
-15
-17
-22
-25
-29
-34
-36
-38
-37
-43
-46
-47
-53
-54
-53
-57
-60
-60
-59
-64
-65
-66
-67
-67
-71
-69
-69
-72
-72
-71
-69
-71
-69
-68
-68
-69
-69
-65
-66
-64
-65
-65
-61
-64
-62
-58
-59
-58
-57
-58
-59
-53
-54
-51
-49
-46
-44
-45
-42
-42
-39
-36
-36
-33
-27
-28
-26
-24
-21
-17
-15
-14
-13
-12
-8
-2
-3
3
6
4
9
11
12
15
18
21
26
28
31
36
37
39
40
44
47
49
54
55
59
63
62
68
69
68
70
72
73
78
78
75
79
82
81
83
82
83
83
84
83
81
83
80
81
82
79
81
78
75
77
74
73
71
69
69
67
65
62
60
59
55
51
51
49
45
43
41
37
34
28
24
24
18
13
10
8
3
-1
-5
-10
-15
-20
-21
-28
-29
-30
-35
-39
-43
-46
-50
-53
-55
-58
-59
-61
-63
-66
-65
-68
-72
-73
-75
-74
-77
-77
-77
-80
-79
-79
-79
-78
-80
-80
-81
-80
-78
-80
-82
-81
-79
-78
-79
-76
-75
-77
-75
-74
-72
-73
-71
-71
-69
-65
-65
-61
-59
-55
-54
-53
-50
-44
-42
-38
-34
-30
-26
-21
-19
-16
-14
-10
-6
-4
1
4
6
8
11
15
17
18
20
21
24
28
30
30
31
34
35
35
36
38
41
40
45
47
45
48
49
54
55
55
57
61
63
65
66
67
70
71
73
72
74
75
73
75
77
74
76
75
77
75
74
75
71
69
69
66
64
62
61
59
54
55
54
48
45
48
43
38
36
35
30
26
24
21
19
14
10
7
4
1
-1
-5
-9
-13
-14
-19
-22
-25
-29
-33
-35
-36
-41
-42
-46
-47
-50
-53
-54
-57
-59
-60
-62
-65
-65
-67
-67
-68
-69
-68
-70
-69
-68
-69
-68
-67
-67
-68
-67
-65
-63
-63
-63
-62
-58
-58
-58
-54
-54
-53
-51
-50
-46
-46
-43
-41
-40
-37
-36
-33
-31
-28
-27
-24
-19
-20
-16
-13
-13
-10
-7
-2
-3
0
4
6
11
9
12
14
17
17
19
24
24
23
26
28
30
30
32
32
33
33
34
36
35
36
36
39
38
38
39
38
39
38
39
38
37
40
36
38
38
37
37
34
37
33
34
32
32
31
30
30
29
27
28
27
25
25
24
21
21
20
19
18
15
17
16
15
13
12
11
11
8
9
8
5
5
6
4
2
2
2
1
-2
-1
-2
-3
-3
-3
-3
-6
-4
-6
-6
-7
-5
-8
-8
-7
-8
-9
-10
-9
-11
-10
-11
-12
-12
-11
-12
-14
-12
-12
-13
-13
-13
-13
-13
-14
-13
-12
-13
-12
-13
-13
-11
-13
-14
-11
-13
-12
-13
-13
-13
-12
-11
-15
-12
-12
-13
-13
-12
-11
-14
-13
-12
-12
-13
-12
-13
-11
-12
-10
-10
-10
-10
-11
-9
-11
-10
-8
-8
-6
-6
-5
-3
-3
-4
-2
-3
-1
0
1
2
1
2
3
4
5
4
7
7
7
7
8
8
8
8
8
9
9
9
10
12
13
11
11
12
12
13
12
15
12
15
16
15
15
13
17
16
16
16
15
17
15
16
15
15
15
14
15
15
12
12
14
14
12
11
11
12
10
9
8
9
7
7
6
5
4
4
5
1
2
1
-1
-1
-2
-2
-5
-5
-4
-7
-7
-7
-8
-9
-10
-10
-11
-12
-10
-11
-12
-14
-11
-11
-15
-13
-13
-13
-15
-13
-12
-12
-12
-12
-12
-13
-12
-10
-12
-12
-10
-10
-11
-10
-9
-10
-10
-10
-9
-11
-10
-8
-9
-9
-10
-8
-9
-10
-9
-8
-8
-8
-6
-5
-6
-6
-5
-4
-7
-5
-3
-3
-3
-3
-1
-1
0
0
0
-1
0
1
1
1
3
2
2
3
3
3
4
5
4
4
4
5
4
7
7
7
7
8
9
8
8
9
8
9
9
9
9
10
10
10
9
10
9
9
10
10
10
10
10
10
9
10
9
9
10
9
8
10
10
7
7
8
7
5
6
6
4
4
5
4
2
2
3
0
0
2
1
-1
0
0
-2
-3
-2
-3
-3
-3
-3
-4
-3
-3
-4
-4
-4
-3
-4
-5
-4
-4
-5
-5
-4
-5
-5
-6
-5
-6
-6
-6
-6
-7
-7
-7
-7
-8
-7
-6
-7
-8
-7
-6
-7
-7
-6
-7
-8
-6
-6
-6
-6
-4
-5
-5
-4
-4
-5
-4
-4
-4
-4
-3
-3
-3
-2
-2
-1
-2
-1
0
-1
-1
0
0
0
0
1
0
1
1
1
2
1
2
3
3
2
1
2
3
2
3
3
2
3
3
2
2
3
4
3
2
4
3
2
3
4
2
3
3
4
2
3
3
3
4
3
4
4
4
4
4
4
5
4
6
6
5
5
6
6
6
6
5
5
6
6
6
5
5
6
5
5
5
5
4
3
4
4
3
2
3
2
1
1
1
1
0
0
1
0
-1
0
0
-1
-2
-1
-1
-1
-2
-1
-1
-2
-1
-2
-2
-3
-2
-3
-3
-3
-2
-3
-4
-2
-4
-4
-4
-4
-5
-4
-4
-5
-4
-4
-5
-4
-5
-5
-5
-5
-4
-4
-4
-4
-4
-4
-4
-4
-4
-3
-3
-3
-4
-3
-4
-3
-4
-3
-3
-4
-3
-2
-4
-3
-3
-3
-3
-3
-3
-3
-2
-3
-3
-3
-2
-3
-2
-1
-2
-2
-1
-1
0
-1
0
0
-1
1
0
0
0
2
1
1
2
2
2
2
2
3
1
2
3
2
2
3
3
3
3
4
4
3
4
5
4
4
4
4
5
5
5
5
5
5
6
6
6
6
6
6
5
6
6
5
5
5
6
5
5
5
4
4
4
4
3
4
3
2
2
2
1
1
1
0
0
0
1
-2
-1
-1
-1
-1
-1
-2
-2
-2
-2
-3
-3
-3
-3
-3
-2
-2
-3
-3
-3
-4
-4
-3
-4
-4
-5
-4
-5
-4
-4
-5
-5
-5
-5
-6
-5
-5
-5
-6
-5
-5
-6
-5
-4
-5
-5
-5
-4
-5
-5
-3
-3
-4
-4
-3
-4
-3
-3
-2
-2
-1
-1
-1
-1
0
-1
-1
0
0
0
1
0
1
1
2
1
2
2
2
2
2
2
2
2
2
2
3
3
2
2
2
2
2
2
3
3
2
3
3
2
2
2
3
2
2
3
3
2
2
3
3
2
2
3
3
3
3
3
2
3
2
3
3
3
3
2
3
4
2
3
2
2
2
2
3
2
2
2
2
2
2
1
1
1
1
1
1
1
0
0
0
-1
-1
0
-1
-1
-1
-1
-1
-1
-1
-1
-2
-2
