-6
-3
-1
2
5
5
9
9
12
14
16
18
19
19
19
19
20
19
16
17
17
16
16
15
14
12
12
10
9
8
9
10
10
9
8
6
4
3
2
0
-1
-4
-5
-7
-9
-10
-12
-14
-17
-17
-18
-17
-17
-19
-19
-19
-21
-20
-22
-21
-21
-21
-21
-21
-22
-22
-21
-23
-21
-22
-21
-21
-21
-20
-18
-16
-14
-13
-9
-8
-7
-5
-3
-1
0
0
2
3
4
5
6
8
10
11
11
12
13
12
13
13
12
11
11
10
11
11
11
12
14
15
15
15
15
13
12
12
11
10
10
8
7
5
3
4
4
3
2
1
1
2
2
0
-2
-2
-4
-5
-5
-6
-8
-8
-7
-7
-7
-7
-7
-6
-4
-1
0
2
4
4
4
6
5
5
6
8
10
12
13
14
13
12
12
13
14
13
14
14
14
14
13
13
12
11
11
9
8
6
5
4
2
2
-1
-2
-5
-8
-9
-10
-11
-11
-12
-13
-11
-10
-11
-11
-11
-10
-10
-11
-12
-13
-13
-14
-15
-15
-16
-17
-18
-18
-17
-17
-15
-14
-15
-15
-13
-12
-12
-10
-11
-9
-9
-7
-5
-5
-5
-6
-6
-4
-3
-3
-1
-1
1
2
4
3
4
5
6
6
7
6
6
8
7
7
6
6
5
5
5
6
6
6
7
6
7
6
6
6
7
7
8
7
8
8
8
6
4
2
2
3
3
3
3
4
4
5
4
2
1
2
2
3
6
5
6
6
6
4
4
4
4
5
5
4
3
4
1
2
2
1
2
2
3
3
4
4
5
5
4
4
3
2
1
1
1
1
2
2
2
1
-1
-3
-3
-3
-4
-4
-3
-5
-6
-7
-8
-10
-10
-9
-10
-10
-9
-8
-10
-10
-11
-12
-11
-11
-10
-9
-7
-4
-5
-4
-3
-3
-3
-3
-3
-2
-1
0
0
-1
-1
-2
-3
-3
-4
-2
-1
2
2
4
4
3
2
2
2
3
2
4
4
4
5
5
6
5
5
5
6
6
7
7
8
8
7
8
6
5
5
3
3
1
1
2
1
-2
-4
-4
-4
-3
-3
-2
-3
-3
-1
-1
0
0
0
-1
-4
-4
-4
-4
-2
-1
-2
-1
-1
-1
-2
-2
0
0
1
1
1
2
3
3
2
3
2
3
3
2
1
2
1
0
-1
-2
-3
-3
-2
-3
-3
-1
-2
-2
-2
-3
-3
-5
-3
0
-1
-1
0
-1
-2
-4
-3
-5
-3
-1
-1
-1
1
1
0
1
1
2
4
3
3
2
2
2
2
1
0
-1
-2
-3
-3
-2
-1
0
1
0
1
2
3
3
4
5
5
5
4
4
4
5
5
6
5
5
5
6
6
5
5
5
4
4
4
4
2
3
2
3
3
3
2
1
1
0
0
0
-1
-2
-2
-4
-4
-5
-5
-4
-4
-3
-3
-2
-2
-2
-2
-4
-5
-4
-4
-4
-4
-5
-5
-3
-4
-4
-3
-3
-3
-1
-1
-2
-1
-1
0
1
0
2
4
4
3
5
6
6
3
1
1
1
0
-1
-4
-4
-5
-4
-4
-4
-6
-6
-6
-5
-5
-5
-4
-4
-2
-2
-3
-3
-3
-4
-5
-5
-4
-3
-3
-3
-5
-3
-4
-4
-3
-3
-2
-1
0
1
3
4
3
3
5
3
3
3
2
4
3
4
4
4
4
4
4
5
6
7
7
7
7
9
9
7
6
5
5
4
4
3
2
1
0
-1
0
-1
-1
1
1
2
3
2
3
1
0
0
0
0
-1
-1
-2
-3
-1
-1
-2
-2
-2
-1
-1
-1
0
1
0
2
2
2
2
1
0
0
1
2
2
2
3
2
2
1
-1
-2
-1
-2
-2
-3
-2
0
1
1
1
1
2
2
1
-1
-2
-3
-5
-7
-9
-9
-11
-11
-13
-12
-11
-10
-9
-9
-7
-7
-3
1
2
5
6
6
7
6
7
8
7
8
7
6
4
4
3
3
2
2
1
2
3
4
4
4
3
3
1
0
-1
-2
-3
-4
-4
-6
-6
-6
-9
-9
-7
-7
-7
-8
-7
-7
-7
-5
-2
-1
0
-1
0
0
0
0
0
1
0
2
1
1
0
0
1
1
2
2
4
5
8
8
7
7
6
6
5
2
3
1
1
0
-2
-4
-4
-4
-5
-4
-2
0
0
0
-1
0
1
2
1
1
0
-1
-1
-1
-1
-3
-3
-4
-4
-4
-2
-3
-4
-3
-2
0
0
0
1
2
4
7
8
9
11
13
12
12
13
13
12
12
11
12
11
10
8
6
4
3
2
1
1
0
-1
-1
-1
-1
-3
-5
-6
-5
-5
-7
-6
-7
-6
-5
-5
-7
-7
-7
-7
-7
-8
-8
-7
-8
-7
-7
-8
-7
-9
-7
-8
-7
-6
-6
-5
-5
-7
-6
-4
-3
-2
-2
-1
1
3
4
5
4
4
5
5
7
6
5
5
4
4
5
6
5
3
2
4
3
2
0
0
-2
-2
-2
-3
-1
-2
1
4
4
6
6
5
4
4
2
0
-1
-2
-5
-5
-5
-7
-8
-7
-7
-7
-7
-6
-6
-5
-4
-2
-2
-1
-1
-2
-2
-1
1
0
2
3
2
3
2
1
2
0
-1
0
1
1
1
1
2
3
4
4
5
4
4
5
4
5
4
3
2
0
0
-1
0
-1
-1
0
1
2
2
2
2
3
5
5
5
6
6
5
6
5
6
4
4
3
3
3
3
3
2
0
0
-1
-1
-4
-3
-5
-5
-4
-5
-5
-6
-4
-3
-3
-3
-4
-4
-3
-4
-5
-6
-7
-9
-8
-8
-7
-7
-4
-3
-2
-1
1
2
3
4
4
3
2
2
-1
-3
-4
-7
-6
-7
-7
-7
-6
-5
-3
0
2
2
5
5
6
6
6
6
5
4
3
2
1
0
0
0
2
2
4
6
7
9
11
11
13
13
13
13
13
14
13
14
13
11
11
9
9
7
6
4
3
2
1
0
-1
-2
-4
-5
-5
-8
-8
-7
-9
-9
-10
-10
-11
-12
-11
-11
-12
-10
-9
-10
-9
-9
-7
-7
-8
-7
-6
-7
-6
-5
-5
-4
-4
-4
-5
-5
-5
-4
-4
-5
-6
-6
-6
-5
-7
-8
-10
-11
-9
-9
-9
-7
-7
-7
-7
-6
-5
-6
-6
-5
-5
-8
-8
-8
-6
-7
-7
-6
-6
-4
-1
1
2
4
7
9
13
14
16
17
19
20
21
20
19
17
18
19
18
17
16
16
16
16
18
18
18
18
18
18
16
16
15
14
13
12
11
8
6
4
3
3
2
2
1
0
0
-2
-3
-3
-3
-3
-4
-5
-4
-5
-4
-4
-3
-2
-3
-2
-2
-2
-2
-2
-3
-3
-3
-5
-6
-6
-8
-7
-8
-8
-9
-9
-9
-8
-6
-5
-3
-4
-3
-3
-2
-2
-1
-2
-2
-4
-6
-8
-10
-13
-15
-16
-17
-17
-17
-17
-16
-17
-17
-17
-16
-15
-14
-14
-14
-14
-13
-13
-13
-13
-14
-12
-12
-11
-12
-10
-10
-10
-9
-8
-7
-5
-4
-2
-1
1
3
3
5
6
5
6
6
6
5
6
7
8
7
6
8
9
9
10
12
15
16
15
18
19
18
19
20
21
21
21
20
20
19
17
18
18
17
17
17
18
19
19
22
23
22
23
24
23
24
22
21
19
16
13
9
7
4
1
-1
-2
-5
-6
-9
-10
-11
-12
-13
-14
-13
-14
-16
-16
-17
-18
-18
-19
-19
-19
-19
-17
-16
-16
-16
-15
-15
-16
-15
-14
-13
-14
-13
-13
-13
-13
-13
-13
-13
-13
-11
-10
-10
-6
-6
-4
-2
0
2
4
4
4
6
7
7
8
8
7
6
6
7
8
7
7
7
7
7
5
4
3
1
0
-1
-2
-2
-2
-2
-1
0
0
1
3
3
3
3
3
1
0
0
-1
-1
-3
-4
-5
-6
-8
-8
-8
-8
-8
-8
-8
-7
-7
-6
-5
-6
-4
-3
-3
-1
0
1
2
2
2
3
4
4
5
5
6
7
8
9
10
9
10
10
11
9
8
7
7
6
5
2
0
-1
-2
-3
-3
-3
-4
-4
-5
-4
-3
-3
-2
-2
0
0
0
0
-1
-2
-4
-4
-4
-6
-6
-8
-9
-9
-9
-10
-10
-8
-6
-3
-1
1
1
3
3
4
4
7
8
10
10
12
13
13
13
13
14
15
17
20
20
20
20
20
20
19
19
20
20
19
19
19
19
19
19
19
17
15
13
12
11
8
7
5
2
-1
-4
-6
-7
-9
-11
-12
-14
-16
-19
-20
-20
-22
-24
-27
-27
-28
-28
-28
-28
-27
-26
-26
-25
-26
-25
-24
-23
-21
-19
-17
-15
-17
-15
-14
-13
-12
-11
-9
-7
-6
-5
-7
-7
-6
-5
-3
-1
0
0
0
-1
-2
-2
0
2
4
4
5
4
3
3
3
4
5
6
7
6
5
2
1
1
1
1
2
1
1
1
1
0
0
-1
0
2
4
6
4
4
3
0
2
1
4
8
11
13
12
9
8
6
7
8
11
15
14
13
12
10
10
10
12
14
15
17
17
14
13
11
13
14
15
17
18
17
17
16
17
18
21
22
22
22
19
20
18
18
17
15
14
12
10
8
5
2
-3
-7
-10
-12
-12
-12
-13
-15
-16
-18
-19
-20
-19
-16
-14
-12
-11
-11
-15
-19
-20
-23
-23
-23
-22
-23
-25
-26
-27
-28
-27
-26
-21
-18
-16
-14
-12
-14
-13
-13
-12
-12
-10
-7
-7
-7
-9
-11
-12
-11
-9
-4
-1
3
5
3
4
4
6
7
9
10
11
9
5
1
-2
-4
-1
3
8
11
13
11
6
3
2
5
10
14
15
13
9
4
0
-1
1
5
11
14
14
12
8
4
2
5
7
10
11
11
8
2
-1
-2
-2
0
4
7
8
6
1
0
-2
0
5
9
12
13
12
6
2
-2
-3
-5
-2
0
0
-1
-3
-6
-8
-9
-7
-3
1
3
3
0
-4
-9
-9
-7
-6
-3
-2
-2
-4
-6
-7
-6
-3
1
6
10
10
9
6
3
1
0
2
3
5
3
0
-1
-4
-7
-6
-5
-1
2
6
8
7
6
6
5
7
10
16
16
15
12
9
5
2
1
2
4
2
3
0
-3
-6
-5
-3
-3
-1
0
1
-1
-3
-3
-5
-6
-6
-5
-5
-5
-4
-6
-10
-11
-11
-11
-11
-9
-8
-7
-7
-7
-10
-12
-13
-12
-10
-6
-5
-4
-4
-7
-10
-12
-12
-12
-11
-9
-11
-10
-8
-6
-4
-4
0
3
5
11
15
20
21
18
15
6
-1
-4
-7
-4
0
2
3
1
0
-1
0
2
3
1
0
-6
-10
-14
-17
-17
-18
-15
-12
-10
-8
-7
-5
-2
-3
-1
-1
0
-3
-7
-9
-14
-17
-14
-11
-6
1
4
5
3
0
-1
1
7
16
23
28
28
26
21
16
13
14
16
19
22
23
21
17
12
12
18
22
32
40
43
39
32
23
14
9
12
15
19
23
26
22
18
18
23
30
37
45
46
41
31
22
14
9
8
13
15
13
9
1
-7
-16
-21
-20
-18
-19
-23
-28
-35
-44
-49
-50
-51
-47
-44
-43
-45
-51
-56
-61
-62
-61
-58
-50
-46
-41
-39
-41
-44
-49
-51
-49
-45
-41
-39
-38
-38
-42
-47
-45
-38
-27
-15
-5
2
-1
-2
-1
-3
3
11
23
34
41
52
58
61
69
75
84
92
93
92
84
75
66
56
51
50
53
59
59
57
50
40
31
25
22
21
18
19
11
0
-12
-21
-26
-27
-22
-15
-18
-25
-36
-51
-63
-70
-70
-67
-64
-61
-58
-62
-73
-81
-87
-89
-88
-82
-75
-74
-73
-75
-82
-88
-87
-70
-46
-19
6
21
28
27
28
31
40
57
80
96
102
99
95
92
96
106
124
138
142
141
133
120
107
106
111
116
121
119
111
101
91
88
87
84
87
84
77
60
43
28
11
-1
-11
-19
-32
-45
-57
-74
-92
-110
-134
-155
-176
-190
-205
-226
-240
-252
-259
-263
-262
-256
-249
-244
-238
-231
-229
-227
-224
-219
-211
-194
-168
-139
-118
-94
-66
-34
-2
29
59
83
108
133
150
161
168
184
205
228
256
288
315
336
346
353
352
354
361
367
371
366
351
329
302
284
276
275
276
272
259
231
196
158
124
95
71
52
33
4
-35
-75
-113
-147
-177
-207
-244
-288
-333
-379
-427
-468
-493
-508
-520
-529
-541
-554
-569
-571
-563
-555
-549
-547
-545
-539
-524
-489
-444
-391
-327
-250
-169
-102
-46
7
57
106
150
193
228
264
324
388
426
448
477
526
582
639
682
683
650
625
606
580
554
548
550
534
498
456
412
385
397
431
443
413
359
290
212
148
114
107
100
85
65
19
-48
-112
-160
-199
-242
-288
-344
-419
-504
-582
-642
-695
-730
-744
-756
-773
-787
-798
-810
-825
-831
-829
-827
-815
-782
-733
-671
-593
-491
-371
-254
-136
-28
55
122
176
231
291
363
457
546
600
608
589
587
624
703
802
872
880
829
746
646
558
524
546
582
591
562
496
408
346
335
356
370
365
347
307
252
199
154
116
84
64
53
30
-4
-44
-93
-166
-259
-352
-437
-506
-556
-602
-660
-737
-816
-884
-930
-948
-941
-924
-914
-921
-945
-974
-990
-968
-912
-847
-770
-688
-595
-478
-342
-188
-33
100
210
279
314
365
457
595
723
788
788
738
697
703
758
848
931
990
1002
938
821
710
653
651
663
665
633
561
484
427
395
369
346
334
318
297
279
265
242
198
151
98
42
-3
-28
-44
-68
-117
-194
-298
-419
-524
-601
-667
-728
-794
-872
-962
-1049
-1113
-1148
-1158
-1142
-1115
-1096
-1102
-1116
-1108
-1083
-1031
-949
-838
-717
-593
-468
-343
-229
-97
75
239
360
446
539
658
767
845
868
835
812
841
899
950
981
1011
1018
973
899
817
759
752
782
796
747
642
536
450
404
402
428
459
466
448
417
386
354
334
322
305
270
217
151
73
-11
-93
-172
-255
-336
-417
-501
-582
-684
-793
-901
-1004
-1105
-1193
-1243
-1262
-1272
-1285
-1303
-1329
-1352
-1347
-1290
-1201
-1109
-1008
-905
-790
-686
-591
-483
-364
-194
34
239
383
503
645
800
899
947
938
884
897
986
1065
1071
1040
1038
990
893
839
821
850
903
952
930
786
616
472
384
350
348
421
472
446
412
382
366
328
320
363
352
321
277
196
73
-78
-178
-269
-368
-433
-489
-537
-625
-730
-837
-986
-1140
-1264
-1332
-1343
-1355
-1351
-1368
-1425
-1467
-1487
-1445
-1350
-1205
-1029
-884
-796
-761
-726
-659
-541
-319
8
321
539
674
792
931
1043
1144
1191
1159
1170
1225
1259
1219
1127
1091
1025
938
910
890
939
1012
1091
1103
935
715
501
353
290
277
359
423
391
336
299
292
273
255
311
337
312
272
194
81
-87
-234
-329
-413
-485
-531
-571
-620
-710
-809
-954
-1148
-1318
-1447
-1510
-1530
-1559
-1594
-1622
-1648
-1670
-1669
-1558
-1418
-1241
-1080
-976
-900
-863
-789
-668
-444
-161
168
470
671
813
980
1114
1169
1216
1229
1265
1309
1408
1451
1348
1253
1174
1052
916
909
1013
1138
1234
1294
1166
875
627
417
266
200
288
426
461
436
422
409
355
316
350
423
443
456
455
391
236
59
-49
-202
-345
-420
-438
-495
-603
-706
-890
-1136
-1394
-1593
-1722
-1802
-1835
-1836
-1865
-1897
-1910
-1901
-1798
-1621
-1413
-1245
-1114
-1006
-925
-898
-798
-601
-284
107
423
692
645
736
1215
1531
1443
1228
1362
1566
1454
1327
1241
1387
1571
1321
788
302
294
474
487
565
853
1032
808
420
194
40
91
556
1026
1204
1210
1271
1121
696
453
477
557
643
821
939
778
375
80
-180
-506
-735
-763
-692
-781
-930
-1140
-1560
-1945
-2160
-2371
-2391
-2143
-1861
-1879
-1955
-1946
-2051
-2139
-1865
-1470
-1350
-1197
-1043
-861
-907
-692
118
1104
2109
2578
2479
2098
1781
1475
1014
847
1116
1210
986
524
-59
-617
-986
-1035
-964
-696
-346
53
411
647
825
1095
1441
1694
1958
2106
2276
2548
2806
2661
2093
1640
1138
369
-256
-344
-393
-665
-771
-682
-814
-1022
-995
-821
-569
-403
-273
-225
-295
-537
-812
-866
-916
-1059
-1235
-1337
-1441
-1654
-1845
-1965
-1979
-1994
-2119
-2153
-1834
-1410
-1240
-1110
-887
-809
-829
-539
147
865
1604
2895
3570
2892
1737
1073
727
-355
-701
-147
142
506
612
244
-557
-903
-832
-1199
-703
320
886
1604
2483
2876
2418
2164
2130
1772
1598
1703
1907
2032
1655
699
28
-536
-1517
-1996
-1479
-875
-700
-312
166
182
98
126
198
380
495
328
203
55
-509
-1100
-1358
-1459
-1756
-1907
-1881
-2014
-2164
-2387
-2421
-2374
-2302
-2183
-1638
-825
-642
-753
-774
-687
-897
-796
145
1213
2381
3646
3845
2757
1603
703
-469
-1509
-985
-104
286
1066
1386
691
-253
-550
-910
-1502
-815
425
1116
1967
2819
2968
2373
1825
1494
1006
1004
1318
1824
2241
1776
932
185
-727
-1800
-2024
-1293
-654
-234
417
765
623
261
-113
-100
-7
45
52
75
-233
-925
-1421
-1804
-2054
-2137
-2005
-1778
-1617
-1623
-1943
-2206
-2255
-2395
-2400
-1834
-1125
-627
-566
-590
-703
-990
-930
-341
921
2234
3526
4147
3461
2282
960
-628
-2008
-1859
-670
344
1599
2453
1991
923
-152
-1271
-2052
-1480
-251
845
2401
3607
3707
3112
2322
1331
419
418
966
1566
2166
2062
1272
296
-848
-2015
-2480
-1775
-966
-294
612
1195
1115
459
-114
-412
-636
-646
-528
-278
-386
-954
-1416
-1824
-2244
-2474
-2179
-1693
-1517
-1568
-1835
-2134
-2396
-2601
-2306
-1871
-1149
-336
-420
-488
-509
-637
-667
129
1856
2774
3721
4415
3579
2177
519
-1192
-2390
-2342
-1320
-216
1370
2487
2239
1325
-39
-1300
-1869
-1542
-437
1156
2885
4023
4350
4161
3275
1636
512
239
258
520
1133
1668
1238
344
-796
-1918
-2393
-2387
-1770
-579
747
1466
1622
1374
530
-304
-917
-1283
-1201
-974
-910
-897
-974
-1488
-2080
-2319
-2305
-2217
-2152
-1905
-1825
-1968
-2057
-2130
-1917
-1648
-1136
-802
-856
-679
-581
-437
344
1540
2444
3385
3874
3174
1951
1056
11
-1414
-1403
-479
205
994
1683
1947
1320
272
-757
-1394
-1049
-416
451
1938
3271
3715
3508
3255
2516
1167
490
524
716
1283
1323
1048
792
-239
-1596
-2208
-1640
-1406
-1159
124
807
885
738
229
-307
-753
-1070
-1243
-903
-788
-1198
-1439
-1703
-2051
-2370
-2349
-2003
-1787
-1695
-1803
-1883
-2089
-2339
-2438
-2225
-1784
-1480
-658
-256
-286
-227
-207
219
790
1974
3194
3976
4672
3914
1943
-76
-1794
-2621
-2539
-1122
818
2083
2829
2760
1650
-160
-1434
-1511
-1210
-205
1746
3477
4527
4803
4246
2834
1144
285
-126
-147
370
851
1077
790
67
-794
-1410
-1775
-1820
-1249
-247
657
1253
1486
1009
113
-759
-1517
-1824
-1787
-1723
-1629
-1602
-1688
-1949
-2158
-2124
-1896
-1847
-1856
-1664
-1780
-1936
-1923
-1734
-1494
-1193
-852
-877
-856
-999
-1108
-295
1008
2044
2915
3634
3392
2684
2337
1453
-285
-1042
-555
-364
-6
1160
2180
2322
1756
592
-664
-1016
-755
-516
220
1570
2610
3016
3494
3646
2560
1041
392
385
272
457
860
1132
824
-473
-1460
-1513
-1517
-1678
-1203
-206
207
161
288
169
-287
-936
-1709
-1960
-1973
-2073
-1925
-1706
-1726
-1928
-1999
-1763
-1496
-1483
-1757
-1892
-2106
-2428
-2270
-1899
-1146
-655
-708
-864
-1002
-857
-715
112
1727
2893
4049
5057
4909
3835
2113
17
-2113
-2739
-1873
-804
1085
3051
3722
3062
1501
-96
-1313
-1644
-1033
-24
1626
3364
4530
5040
4671
3414
1511
252
-28
-160
80
597
810
477
-299
-1170
-1740
-1864
-1819
-1594
-794
123
566
847
816
243
-675
-1568
-1856
-1943
-2068
-1953
-1843
-1939
-2259
-2390
-2316
-2190
-2099
-2206
-2069
-1975
-2214
-2369
-2324
-1851
-1816
-1209
-147
-409
-718
-624
-507
129
1722
3047
3131
3667
4722
3698
1786
407
-955
-1665
-1750
-852
629
2231
3744
3509
1731
240
-436
-943
-1134
126
1694
2547
3916
5225
5044
3444
1477
254
-364
-825
-768
352
1390
991
-26
-576
-1017
-1583
-1772
-1503
-885
-156
346
784
1078
556
-581
-1499
-2062
-2499
-2732
-2610
-2436
-2458
-2580
-2645
-2362
-2046
-2042
-2138
-2222
-2250
-2491
-2629
-1984
-1425
-1163
-727
-752
-981
-973
-653
164
1409
3152
4609
5433
6002
4939
2462
-312
-2867
-3910
-3542
-1609
1173
3160
4641
4827
2836
296
-1026
-1477
-1743
-523
1712
3457
4937
5921
5598
3944
1859
170
-495
-214
138
511
1045
806
-471
-1538
-1901
-2170
-2001
-1196
-308
634
1269
1309
872
-3
-1195
-2266
-2449
-2238
-2208
-2134
-2304
-2752
-3102
-3247
-3025
-2634
-2343
-2118
-2006
-1913
-2110
-2466
-2651
-2507
-2298
-2085
-1328
-639
69
471
424
1009
2163
3322
3457
3550
4389
3462
1083
-895
-1890
-2001
-1562
171
1791
2824
4019
3518
1591
271
-112
-598
-728
1110
3073
3832
4868
5802
5104
3001
1223
499
394
460
325
767
1208
257
-1120
-1539
-1515
-1777
-1455
-644
18
619
757
464
34
-647
-1542
-1901
-1690
-1939
-2277
-2574
-3056
-3323
-3431
-3191
-2437
-1867
-1849
-2024
-2189
-2449
-3032
-3230
-3141
-2740
-2074
-2017
-1489
-638
-257
126
1144
2735
3733
4522
5300
4817
2789
-247
-2933
-3817
-3318
-1536
1355
3720
4799
4721
3172
666
-889
-1171
-1046
-7
2116
3978
5054
5699
5426
3818
1909
799
705
1136
1343
1210
842
136
-1032
-1822
-1756
-1462
-813
-18
531
884
992
655
-149
-803
-1417
-1939
-1794
-1517
-1568
-2053
-2715
-3320
-3849
-3967
-3564
-2696
-1966
-1778
-1805
-1918
-2402
-3044
-3209
-2984
-2993
-2958
-2369
-1910
-784
836
1569
2309
2717
2280
1870
2861
4059
2882
1367
503
-940
-1695
-1071
371
1705
2824
3388
2130
1094
1438
1302
434
345
1335
1949
2972
5215
6213
4938
3307
2283
1416
589
191
281
558
421
-263
-377
-149
-549
-1087
-1178
-1129
-838
44
802
931
456
-467
-1379
-1799
-2119
-2695
-2961
-3041
-3383
-3666
-3595
-3168
-2749
-2497
-2200
-1988
-2168
-2715
-2983
-2975
-2928
-3110
-2859
-2480
-2145
-1080
-78
900
1720
2284
2668
3324
4595
4645
2916
852
-1304
-2869
-2870
-1144
1069
2518
3850
3960
2205
745
572
427
-252
283
1884
3015
4404
5799
5743
4166
2425
1589
1339
1314
1215
1119
925
152
-700
-1000
-864
-841
-745
-382
49
533
709
728
502
-233
-1022
-1528
-1499
-1549
-2112
-2622
-3115
-3808
-4292
-4168
-3450
-2712
-2263
-1931
-1502
-1820
-2631
-2898
-2883
-2681
-2933
-3168
-3130
-2278
-640
536
1672
2542
2411
2450
3207
4209
3885
2194
194
-2306
-3458
-2532
-526
1496
2857
3804
3061
1122
592
1001
632
-38
710
2050
3022
4738
6084
5295
3438
2130
1676
1555
1675
1622
1013
351
-511
-1183
-1069
-718
-350
-46
270
638
820
821
458
38
-492
-1140
-1199
-975
-1334
-2308
-3207
-3891
-4492
-4895
-4310
-2884
-1990
-1721
-1585
-1706
-2593
-3760
-3807
-3343
-3120
-2925
-2995
-1657
-403
-599
-126
1138
2212
2418
3659
5209
4488
2964
346
-3353
-4685
-3297
-1019
845
2771
4357
3510
1459
130
-130
-374
-359
1442
3320
4265
5199
5628
4934
3300
2100
2158
2815
3220
2833
1973
666
-879
-1766
-2136
-1686
-261
899
1538
1796
1772
1155
132
-400
-747
-798
-584
-428
-350
-1147
-2529
-3517
-4299
-4727
-4465
-3307
-2023
-1913
-2187
-2393
-2921
-3699
-4124
-3515
-3095
-3153
-3159
-3215
-1932
-225
503
1109
1781
2412
3124
4636
4718
1784
-807
-2574
-4071
-3558
-1061
1551
2848
3094
1701
-723
-1263
-44
810
910
1863
3408
3721
3913
4601
4156
2812
2696
3906
4534
4247
3410
1660
-408
-1980
-2591
-1982
-480
854
1226
1367
1362
1082
698
233
169
357
481
305
-55
-492
-1620
-2875
-3351
-3536
-3574
-3362
-2666
-2080
-2432
-2853
-3177
-3489
-3732
-3647
-2859
-2633
-2879
-3304
-3205
-1690
-780
-55
1029
1686
2387
3407
4624
3688
1220
-833
-3423
-4369
-2509
141
1862
2400
2293
594
-1411
-1243
289
1252
1589
2571
3452
3560
3996
4083
3312
2734
2962
3897
5112
5301
3744
1655
-550
-2564
-3025
-2099
-945
208
1308
1413
903
1121
1186
806
853
933
770
378
-152
-750
-1696
-2768
-3461
-3380
-3012
-2612
-1981
-2005
-2865
-3776
-4168
-4317
-4238
-3470
-2682
-2449
-2755
-3357
-2921
-1873
-1327
-255
1426
2530
2760
3865
4533
2392
-333
-2565
-4274
-3666
-853
1426
1855
2008
1446
-1195
-3096
-1647
1085
2188
2812
3866
3472
2460
2617
2948
2658
2903
4204
5835
6673
5606
3159
643
-1551
-2705
-2159
-940
166
1108
967
-97
-164
621
1010
1430
2104
2120
1335
431
-419
-1191
-2122
-2830
-2581
-2126
-2209
-2086
-1737
-2270
-3343
-3868
-3902
-3908
-3716
-3156
-2898
-3126
-3492
-3605
-2422
-906
-419
270
1600
2151
1731
3085
4306
1876
-1020
-2703
-4140
-3566
-523
1204
629
1079
989
-1967
-3149
-255
2188
1970
2274
3133
2179
1745
3116
3664
2973
3243
4476
5191
5552
4881
2694
704
-741
-1658
-1472
-743
-140
161
-233
-774
-107
1181
1782
2219
2759
2261
1158
357
-407
-1162
-1849
-2445
-2447
-2284
-2352
-2073
-1752
-2216
-3074
-3338
-3731
-4187
-3975
-3493
-3207
-3389
-3429
-3214
-2052
-471
139
772
1610
1926
2655
4025
3153
-345
-2736
-3571
-4132
-2623
41
803
596
615
-1158
-3459
-1904
1654
2690
2395
2999
2775
1577
1838
2933
3038
3300
4534
5269
5209
4813
3560
1847
684
-164
-541
-158
118
-99
-773
-1428
-931
530
1814
2600
3271
3084
1853
715
84
-391
-903
-1360
-1876
-2148
-2529
-2754
-2209
-1860
-2066
-2321
-2603
-3102
-3589
-3580
-3610
-4023
-4471
-4281
-2675
-654
389
791
1192
1484
1780
2007
1839
896
-425
-2116
-3652
-3631
-2247
-1010
-754
-802
-809
-1270
-1453
29
1882
2099
1792
2059
1739
1525
2386
3188
3360
3741
4263
4319
4486
4236
3246
2106
917
120
-93
-216
-426
-369
-536
-966
-229
1297
2000
2409
2813
2399
1522
890
582
231
-451
-1261
-1826
-2135
-2463
-2408
-1811
-1585
-1944
-2270
-2482
-3017
-3529
-3410
-3310
-3893
-4189
-3605
-2301
-266
1166
1233
962
1585
1994
2007
1970
464
-1748
-2831
-3514
-4057
-2822
-1216
-1186
-1501
-1639
-2270
-1492
1112
2505
1921
1620
1751
1557
2043
3154
3741
3651
3775
4102
4264
3820
2847
1937
1048
571
741
874
366
-176
-589
-1285
-980
585
1789
2389
2928
2797
1850
1199
1032
856
480
-220
-991
-1487
-1936
-2362
-2285
-1872
-1821
-1986
-2164
-2628
-2951
-2929
-3004
-3275
-3765
-3925
-3232
-1301
118
206
451
1208
1924
2809
3193
1445
-923
-2198
-3291
-4074
-2977
-1660
-1879
-2249
-2445
-3255
-2639
269
2286
2012
1443
1283
1020
1606
2833
3749
4232
4203
3793
3613
3617
2788
1988
1696
1165
1078
1347
573
-675
-996
-1031
-1103
177
1825
2179
2382
2545
1916
1202
1267
1838
1823
857
-322
-1257
-1899
-2297
-2103
-1481
-1558
-2086
-2389
-2678
-3053
-3305
-3086
-3000
-3314
-3038
-2507
-1711
-636
218
281
96
1696
4134
4095
1221
-1380
-2173
-2400
-2467
-2505
-3261
-3245
-2254
-3508
-5650
-3883
441
2498
2068
1204
44
-31
1662
2937
3293
4046
4786
4318
3616
3303
2585
2106
2032
1226
520
787
634
-383
-1134
-1241
-756
333
1390
1758
2127
2375
1713
1465
2045
2531
2379
1298
-97
-1094
-1498
-1401
-1090
-980
-1640
-2553
-2798
-2857
-2869
-2520
-2009
-2179
-2814
-2596
-2065
-1414
-165
642
283
225
1933
3627
3058
862
-1319
-1971
-1175
-994
-2451
-3931
-3808
-3467
-4829
-5812
-3497
248
2052
1525
323
-339
366
2057
3007
3353
3897
4093
3661
3370
3142
2574
2404
2067
884
179
357
5
-857
-1105
-874
-509
450
1162
1244
1855
2327
1904
1738
2323
2620
2212
1568
704
-426
-894
-617
-441
-721
-1712
-2754
-2911
-2587
-2346
-2144
-2073
-2482
-2873
-2346
-1838
-1371
297
1615
979
48
852
2618
3076
1692
-679
-1901
-761
-190
-2455
-4614
-3976
-3053
-4473
-5916
-4520
-1553
519
608
-634
-1232
157
2337
3285
3108
2882
2811
2804
3025
3202
2979
2712
2097
765
-91
-78
-209
-657
-906
-996
-891
-125
690
1207
2125
2523
1760
1561
2390
2785
2448
1931
1171
326
-121
-38
-36
-680
-1708
-2257
-2293
-2454
-2204
-1756
-2026
-2453
-2369
-1988
-1131
-84
1018
2051
1680
422
834
2705
2903
1354
88
-920
-808
51
-2192
-5325
-4140
-2254
-4153
-5805
-4235
-2332
-1203
-396
-952
-1381
582
2606
2618
2290
2514
2629
2803
3108
3021
2668
2443
1703
459
-1
122
-88
-467
-983
-1442
-1282
-717
-227
538
1851
2424
1809
1665
2189
2431
2394
2055
1398
736
371
331
295
-246
-1297
-1899
-1809
-1963
-2021
-1686
-2129
-2741
-2252
-1447
-964
-124
862
1603
2529
2343
766
647
2021
2036
1048
360
-473
-1018
-1692
-3771
-5025
-3552
-2486
-3509
-4234
-3975
-3418
-1952
-329
34
255
1190
1596
1438
1906
2751
3162
3274
3099
2163
1332
1286
1015
422
234
110
-439
-1040
-1414
-1785
-1546
-553
186
851
1539
1544
1399
1883
2475
2465
2020
1551
1086
804
710
465
-37
-783
-1221
-1171
-1297
-1534
-1580
-1955
-2533
-2066
-988
-557
-190
579
971
1353
2727
3525
1854
11
259
1312
1845
1470
-610
-3314
-3577
-2495
-3363
-4035
-2328
-1600
-3246
-4654
-4433
-2442
832
2691
1299
-552
-148
1304
2732
3805
3631
2645
1638
806
653
1221
1593
1083
-20
-1151
-1700
-1258
-955
-1083
-513
-51
-206
23
657
1173
1840
2470
2232
1399
988
1013
1336
1473
592
-560
-1088
-982
-715
-620
-678
-1057
-1713
-2099
-1766
-1090
-887
-397
849
1294
950
1462
2671
2983
1997
481
-222
1241
2790
906
-2631
-3629
-2405
-1928
-2540
-2840
-2562
-2346
-2912
-4004
-3819
-1402
1359
1818
121
-1040
-71
2190
3731
3839
2902
1289
348
680
1314
1578
1405
507
-1042
-1763
-1250
-941
-742
-242
-179
-563
-911
-655
344
1456
1983
1724
1253
857
752
1191
1347
641
-479
-1251
-1160
-737
-449
-390
-819
-1186
-1246
-1083
-563
4
441
567
579
1145
2124
2523
1907
1145
1156
1447
1692
1483
-84
-1646
-1981
-2493
-3173
-2408
-1255
-1602
-2689
-3425
-3585
-2212
-73
576
43
-327
-525
-30
1728
3223
3329
2500
953
-86
556
1636
1668
822
-278
-1445
-1735
-1121
-858
-557
-189
-514
-845
-777
-407
413
1233
1406
863
393
337
714
1504
1534
576
-382
-1039
-1215
-967
-573
-428
-734
-741
-597
-501
-76
576
1156
1088
949
1583
2014
1405
581
1048
2308
2537
1586
-38
-1146
-715
-522
-2007
-2935
-1715
-1005
-2307
-3205
-2753
-1710
-294
312
-531
-974
-76
553
692
1355
1999
2057
1501
623
439
1198
1656
977
-79
-848
-1276
-1190
-1217
-1410
-1068
-787
-843
-639
-156
188
325
600
592
153
99
356
755
973
566
10
-392
-501
-544
-742
-865
-1210
-1151
-456
-2
234
290
641
1442
1978
2051
1841
1754
1406
822
1254
1938
1767
1060
21
-766
-788
-720
-1428
-1869
-1305
-1504
-2518
-2455
-1620
-998
-444
-238
-662
-549
428
994
1157
1389
1405
1139
672
415
620
1033
1049
441
-144
-654
-1012
-1116
-1532
-1721
-1380
-1117
-922
-671
-347
-130
26
285
343
241
111
134
268
82
-243
-468
-463
-306
-313
-536
-984
-1004
-437
-30
195
233
372
1042
1880
2231
1999
2065
2084
1294
986
1426
1512
1063
378
-453
-940
-484
-325
-1126
-1257
-991
-1574
-1873
-1164
-508
-419
-366
-409
-412
297
967
998
1231
1554
1359
825
365
203
310
548
336
-234
-414
-536
-813
-1077
-1383
-1413
-1347
-1319
-1117
-949
-740
-480
-150
174
198
167
61
-168
-249
-312
-437
-509
-544
-703
-922
-798
-462
-175
28
80
168
477
1047
1779
2129
1997
1882
1954
1876
1584
1638
1733
1130
201
-470
-629
-221
2
-599
-1382
-1449
-1261
-1225
-731
-12
80
-301
-592
-556
87
1095
1496
1009
584
665
829
992
1039
556
-225
-641
-582
-496
-461
-443
-882
-1483
-1576
-1383
-1283
-1117
-817
-804
-1144
-1191
-742
-247
-12
-97
-425
-725
-786
-651
-427
-348
-711
-1324
-1426
-708
211
532
248
219
977
1987
2529
2365
1903
1643
1734
2042
2145
2046
1790
870
-462
-1100
-510
363
264
-639
-1574
-1900
-1346
-532
56
336
133
-372
-586
19
1106
1802
1622
769
227
501
1075
1510
1463
653
-460
-1000
-854
-595
-355
-409
-1135
-1873
-1941
-1460
-912
-605
-577
-994
-1598
-1637
-984
-258
-91
-462
-1041
-1442
-1215
-627
-295
-384
-836
-1433
-1660
-970
182
716
619
592
968
1756
2696
3187
2860
2107
1444
1215
1633
2209
1936
607
-808
-1361
-1024
-273
288
57
-865
-1685
-1647
-798
292
1052
862
-49
-450
241
1421
2239
2189
1360
467
242
659
1274
1501
766
-505
-1280
-1321
-987
-601
-706
-1381
-1918
-1957
-1651
-1058
-436
-360
-886
-1391
-1448
-1103
-576
-311
-550
-1126
-1665
-1733
-1337
-939
-854
-1095
-1366
-1258
-642
101
506
779
1193
1562
1938
2524
3053
3030
2492
2041
1925
1972
1688
684
-313
-510
-461
-821
-1081
-807
-537
-695
-927
-857
-313
425
672
323
112
545
1298
1847
1967
1781
1530
1247
1047
1206
1370
879
-88
-869
-1248
-1258
-978
-927
-1397
-1895
-2083
-2006
-1586
-936
-558
-738
-1108
-1202
-1073
-974
-866
-737
-915
-1410
-1716
-1603
-1436
-1502
-1635
-1645
-1380
-694
-45
167
379
916
1567
2222
2827
3054
2731
2289
2140
2260
2451
2153
1007
-272
-833
-824
-668
-463
-502
-1064
-1662
-1590
-804
272
1026
938
340
180
773
1668
2395
2623
2239
1577
1159
1243
1739
2052
1516
280
-893
-1518
-1524
-1105
-898
-1385
-2133
-2501
-2320
-1670
-862
-409
-571
-975
-1067
-868
-677
-574
-609
-870
-1288
-1572
-1631
-1609
-1528
-1514
-1636
-1576
-1165
-629
-95
477
967
1322
1813
2338
2604
2656
2581
2452
2341
2098
1454
550
-10
-177
-456
-786
-892
-1024
-1396
-1629
-1341
-697
-48
256
111
42
498
1260
1959
2410
2396
1998
1683
1623
1762
2065
1961
1024
-72
-598
-749
-903
-1085
-1482
-2107
-2408
-2218
-1901
-1596
-1363
-1301
-1277
-1035
-627
-387
-415
-509
-615
-886
-1177
-1151
-946
-1034
-1478
-1909
-1960
-1491
-759
-312
-223
-40
430
1091
1835
2356
2425
2295
2249
2251
2310
2350
1914
948
101
-258
-311
-222
-236
-703
-1422
-1716
-1335
-610
59
294
-23
-340
-22
865
1817
2359
2297
1899
1711
1996
2430
2549
2124
1282
439
-119
-418
-583
-835
-1359
-2035
-2506
-2510
-2128
-1682
-1519
-1664
-1803
-1648
-1160
-604
-365
-468
-626
-720
-783
-758
-643
-719
-1121
-1489
-1443
-1059
-666
-529
-559
-314
507
1433
1708
1468
1448
1785
2058
2069
1902
1643
1290
753
46
-333
-48
253
-138
-888
-1326
-1269
-897
-493
-279
-207
-184
-237
-137
559
1588
2056
1748
1355
1446
2012
2660
2809
2189
1260
658
403
224
-10
-474
-1287
-2116
-2472
-2355
-2105
-1894
-1818
-1940
-2051
-1831
-1327
-941
-828
-787
-742
-659
-487
-386
-411
-520
-697
-788
-583
-142
95
-50
-171
58
707
1461
1692
1471
1388
1475
1485
1521
1650
1529
908
91
-393
-207
342
424
-166
-734
-821
-590
-298
-79
-44
-195
-406
-478
-128
644
1247
1222
893
860
1243
1799
2240
2191
1641
1075
750
606
569
399
-131
-934
-1659
-2032
-2092
-2035
-2094
-2314
-2502
-2479
-2151
-1678
-1482
-1575
-1547
-1281
-936
-620
-385
-311
-423
-565
-391
249
922
980
566
386
750
1427
1874
1683
1203
1042
1094
1033
1070
1246
1004
266
-344
-466
-148
332
390
-172
-702
-619
-137
359
694
626
152
-272
-273
175
767
987
679
310
356
807
1375
1782
1781
1398
942
640
544
582
490
45
-668
-1311
-1600
-1595
-1585
-1789
-2213
-2636
-2742
-2472
-2147
-2081
-2153
-2054
-1715
-1261
-858
-593
-437
-321
-104
420
1078
1411
1320
1158
1314
1889
2497
2491
1872
1385
1317
1210
973
881
761
278
-394
-916
-967
-315
498
503
-232
-692
-411
273
939
1235
937
368
83
238
672
1054
971
416
-81
-109
225
639
899
837
534
276
220
301
373
250
-202
-787
-1152
-1280
-1369
-1510
-1705
-2000
-2317
-2503
-2567
-2625
-2679
-2674
-2585
-2401
-2104
-1750
-1429
-1129
-798
-292
447
1137
1463
1544
1797
2395
3022
3202
2797
2276
2137
2141
1857
1372
916
403
-228
-788
-1033
-791
-279
-124
-503
-727
-256
534
1061
1208
1139
1044
1019
1038
1122
1290
1306
940
446
256
388
555
536
242
-193
-466
-439
-228
16
123
-115
-612
-933
-860
-705
-846
-1240
-1623
-1856
-1985
-2133
-2392
-2691
-2867
-2883
-2868
-2867
-2790
-2565
-2224
-1802
-1212
-465
270
877
1394
1939
2591
3264
3669
3612
3364
3258
3124
2673
2054
1565
1151
558
-249
-954
-1140
-841
-624
-818
-1049
-829
-215
401
793
1026
1260
1464
1519
1566
1811
2020
1818
1299
871
716
713
653
352
-148
-571
-806
-984
-1125
-1118
-1060
-1136
-1270
-1273
-1171
-1118
-1128
-1170
-1300
-1519
-1771
-2051
-2318
-2507
-2631
-2757
-2868
-2869
-2782
-2679
-2547
-2249
-1633
-790
-10
569
1124
1813
2584
3255
3629
3738
3800
3775
3417
2832
2399
2098
1540
674
-121
-509
-535
-574
-882
-1205
-1101
-587
-100
155
412
855
1317
1573
1672
1841
2086
2196
2069
1811
1579
1412
1187
757
209
-219
-515
-844
-1222
-1529
-1730
-1857
-1911
-1888
-1827
-1756
-1679
-1603
-1533
-1474
-1469
-1583
-1799
-2017
-2189
-2339
-2451
-2491
-2493
-2521
-2545
-2437
-2057
-1430
-787
-306
102
649
1366
2066
2549
2853
3184
3499
3507
3145
2730
2488
2264
1793
1071
423
139
90
-70
-375
-524
-371
-124
24
172
512
1009
1392
1519
1561
1733
2020
2206
2125
1848
1588
1423
1226
890
489
107
-273
-689
-1126
-1525
-1809
-1956
-2037
-2132
-2229
-2229
-2096
-1903
-1749
-1674
-1654
-1636
-1599
-1589
-1657
-1777
-1866
-1898
-1927
-1994
-2086
-2089
-1892
-1536
-1162
-821
-433
74
647
1134
1487
1822
2204
2489
2535
2423
2327
2290
2213
1942
1491
1112
948
848
671
511
469
504
548
589
673
847
1064
1189
1185
1192
1304
1486
1633
1654
1550
1389
1212
1005
767
510
245
-26
-339
-706
-1079
-1384
-1608
-1784
-1938
-2080
-2190
-2224
-2162
-2041
-1915
-1800
-1714
-1681
-1672
-1632
-1576
-1564
-1613
-1703
-1818
-1887
-1804
-1603
-1442
-1375
-1296
-1092
-744
-343
-12
234
513
892
1244
1437
1530
1633
1763
1862
1896
1893
1906
1941
1966
1944
1876
1800
1738
1689
1652
1631
1599
1525
1403
1278
1190
1135
1109
1090
1062
1020
977
936
880
798
694
563
382
149
-106
-363
-629
-912
-1214
-1507
-1749
-1908
-2007
-2087
-2163
-2202
-2194
-2138
-2038
-1931
-1856
-1821
-1815
-1830
-1875
-1960
-2044
-2054
-1979
-1870
-1755
-1618
-1446
-1223
-958
-697
-458
-188
130
452
744
1021
1281
1508
1732
1973
2203
2393
2533
2616
2631
2607
2570
2496
2356
2177
1981
1751
1488
1215
962
772
683
668
681
712
771
856
940
996
1012
994
950
850
685
462
187
-114
-395
-648
-908
-1188
-1477
-1746
-1961
-2118
-2251
-2401
-2534
-2594
-2571
-2494
-2417
-2383
-2390
-2396
-2348
-2221
-2049
-1888
-1768
-1650
-1479
-1241
-971
-720
-515
-330
-136
64
271
499
730
934
1125
1348
1639
1958
2252
2475
2612
2681
2714
2711
2653
2542
2384
2174
1911
1627
1350
1077
829
635
515
472
498
567
656
757
868
980
1078
1133
1109
982
757
464
164
-109
-378
-671
-985
-1297
-1585
-1829
-2043
-2256
-2468
-2654
-2789
-2858
-2862
-2831
-2797
-2760
-2690
-2562
-2367
-2127
-1866
-1611
-1374
-1147
-913
-669
-420
-182
-2
109
178
258
378
528
672
793
930
1139
1444
1813
2174
2447
2625
2744
2822
2842
2788
2650
2420
2131
1828
1527
1236
980
781
641
566
546
556
584
631
703
794
886
967
1007
978
852
642
387
129
-129
-407
-702
-993
-1263
-1525
-1797
-2072
-2338
-2566
-2740
-2857
-2937
-3004
-3054
-3062
-2983
-2810
-2560
-2262
-1945
-1620
-1285
-949
-642
-382
-163
8
146
264
363
428
455
473
509
586
719
895
1107
1353
1624
1884
2108
2287
2414
2496
2532
2503
2381
2163
1878
1569
1282
1042
851
713
644
627
637
661
691
723
766
812
842
833
786
698
559
379
172
-50
-268
-473
-684
-928
-1205
-1494
-1773
-2033
-2256
-2449
-2629
-2799
-2946
-3054
-3096
-3060
-2948
-2758
-2489
-2147
-1760
-1359
-966
-596
-262
21
233
366
449
489
489
461
436
441
493
594
741
922
1124
1335
1536
1728
1901
2037
2128
2174
2179
2135
2035
1870
1658
1435
1234
1067
944
859
808
781
773
771
774
773
757
722
678
630
555
437
295
156
36
-75
-193
-337
-517
-736
-993
-1271
-1552
-1817
-2062
-2297
-2521
-2720
-2876
-2978
-3010
-2960
-2816
-2585
-2288
-1940
-1551
-1144
-755
-397
-77
197
421
596
697
711
661
591
548
556
609
696
806
934
1082
1237
1383
1509
1606
1673
1708
1717
1696
1636
1536
1409
1283
1166
1079
1027
988
944
897
858
826
796
764
713
637
545
452
348
224
88
-38
-144
-221
-269
-317
-399
-528
-703
-910
-1134
-1358
-1590
-1845
-2101
-2335
-2527
-2676
-2769
-2798
-2744
-2585
-2326
-1994
-1637
-1280
-934
-588
-250
56
312
522
679
770
796
779
754
749
779
839
916
1008
1109
1200
1277
1333
1378
1406
1420
1411
1367
1289
1187
1078
994
949
942
962
996
1032
1045
1037
1007
953
880
793
692
571
423
250
64
-112
-259
-361
-425
-459
-486
-522
-580
-675
-801
-950
-1121
-1310
-1518
-1746
-1988
-2221
-2420
-2559
-2626
-2609
-2497
-2289
-2004
-1669
-1318
-976
-645
-323
-17
263
507
691
810
878
920
956
996
1040
1093
1161
1231
1291
1320
1325
1307
1275
1234
1176
1098
1003
891
774
668
600
577
609
687
789
884
955
997
1013
994
941
853
730
575
398
206
8
-178
-338
-452
-514
-531
-528
-532
-562
-622
-705
-803
-913
-1042
-1197
-1380
-1584
-1787
-1967
-2108
-2193
-2209
-2140
-1982
-1754
-1487
-1203
-918
-633
-347
-70
183
405
592
733
829
900
964
1032
1105
1182
1252
1313
1350
1347
1306
1239
1156
1060
953
834
690
530
379
252
178
167
217
317
450
598
727
826
898
930
923
873
780
640
460
254
34
-187
-379
-520
-613
-669
-701
-723
-744
-775
-822
-888
-968
-1061
-1167
-1288
-1425
-1565
-1696
-1803
-1869
-1876
-1809
-1673
-1477
-1240
-984
-728
-476
-223
20
241
440
612
744
838
912
978
1046
1124
1216
1303
1379
1438
1457
1418
1333
1221
1094
956
804
636
455
278
126
26
-5
37
143
288
443
585
709
809
874
895
871
793
668
505
310
89
-143
-359
-542
-670
-748
-799
-838
-880
-925
-969
-1012
-1059
-1111
-1180
-1261
-1351
-1446
-1536
-1611
-1654
-1640
-1563
-1422
-1232
-1018
-796
-573
-353
-132
83
280
459
620
754
853
921
976
1031
1101
1196
1304
1403
1473
1495
1461
1379
1259
1119
968
811
640
450
255
77
-56
-124
-117
-49
63
205
347
466
550
598
615
602
564
490
368
204
12
-190
-379
-542
-671
-767
-835
-879
-914
-953
-1002
-1060
-1127
-1190
-1243
-1291
-1343
-1401
-1453
-1489
-1491
-1441
-1334
-1173
-980
-773
-568
-373
-184
4
181
345
506
663
802
915
1000
1065
1124
1196
1288
1392
1489
1565
1599
1575
1501
1386
1245
1087
924
754
569
376
192
42
-57
-92
-75
-18
63
143
212
268
306
324
319
287
225
136
15
-133
-299
-462
-606
-723
-818
-900
-982
-1058
-1130
-1198
-1265
-1329
-1385
-1427
-1459
-1480
-1493
-1498
-1489
-1456
-1376
-1241
-1059
-848
-628
-416
-218
-32
144
309
463
614
764
899
1011
1108
1187
1263
1347
1448
1551
1639
1698
1709
1674
1604
1511
1398
1269
1129
981
823
658
489
331
201
113
71
73
91
99
91
70
44
17
-7
-34
-76
-139
-220
-318
-425
-530
-632
-731
-820
-900
-980
-1072
-1174
-1286
-1403
-1512
-1599
-1665
-1713
-1735
-1739
-1727
-1689
-1618
-1508
-1353
-1158
-932
-685
-433
-191
29
222
392
543
684
817
939
1043
1125
1193
1265
1349
1448
1554
1648
1714
1741
1725
1671
1586
1485
1378
1272
1163
1041
900
747
596
462
354
281
235
202
168
123
66
-3
-72
-136
-189
-235
-279
-332
-399
-476
-552
-622
-681
-738
-802
-879
-971
-1076
-1197
-1328
-1461
-1582
-1684
-1759
-1810
-1839
-1843
-1813
-1744
-1627
-1463
-1255
-1014
-758
-501
-254
-20
201
405
594
775
943
1093
1210
1288
1335
1369
1410
1468
1537
1603
1650
1668
1652
1605
1530
1433
1338
1250
1168
1087
989
870
748
638
549
481
420
351
260
150
29
-94
-217
-329
-424
-504
-567
-620
-670
-723
-774
-821
-859
-891
-919
-960
-1019
-1099
-1199
-1313
-1435
-1552
-1658
-1752
-1824
-1876
-1894
-1872
-1800
-1674
-1498
-1280
-1030
-764
-498
-243
-2
220
428
625
820
1008
1176
1321
1431
1512
1566
1608
1646
1675
1689
1685
1660
1608
1536
1455
1376
1305
1245
1185
1117
1033
939
846
762
694
640
589
528
448
343
209
54
-104
-255
-387
-496
-592
-679
-758
-823
-876
-920
-952
-975
-1001
-1038
-1087
-1155
-1241
-1344
-1458
-1570
-1671
-1749
-1811
-1860
-1890
-1893
-1853
-1760
-1607
-1398
-1157
-900
-639
-379
-124
125
360
581
787
981
1155
1304
1427
1519
1591
1654
1717
1766
1791
1781
1728
1641
1535
1427
1335
1267
1224
1189
1149
1094
1027
954
887
830
784
743
693
618
515
383
229
64
-95
-240
-376
-508
-638
-764
-875
-965
-1038
-1095
-1138
-1169
-1195
-1226
-1282
-1363
-1470
-1591
-1705
-1802
-1878
-1936
-1978
-1998
-1988
-1935
-1836
-1690
-1506
-1289
-1049
-801
-557
-316
-81
149
378
609
835
1040
1218
1358
1464
1547
1622
1697
1762
1811
1827
1804
1735
1633
1515
1399
1303
1234
1185
1143
1096
1045
996
955
929
913
894
867
815
734
619
480
327
179
39
-90
-221
-363
-512
-661
-792
-903
-991
-1065
-1127
-1177
-1224
-1278
-1355
-1456
-1571
-1682
-1775
-1847
-1901
-1935
-1949
-1938
-1890
-1794
-1652
-1471
-1264
-1043
-822
-607
-396
-193
1
194
392
596
802
1001
1178
1325
1441
1538
1622
1690
1740
1760
1746
1697
1617
1517
1413
1316
1236
1167
1105
1044
976
907
849
809
791
786
781
762
720
645
541
416
283
149
18
-111
-240
-373
-511
-649
-781
-901
-1008
-1102
-1188
-1272
-1362
-1455
-1560
-1667
-1769
-1858
-1927
-1974
-1999
-1999
-1974
-1916
-1819
-1685
-1515
-1317
-1101
-879
-663
-452
-253
-64
118
303
486
668
848
1021
1177
1318
1440
1541
1622
1689
1737
1751
1730
1670
1585
1494
1410
1336
1273
1215
1159
1096
1027
956
890
837
806
786
765
733
681
602
503
394
281
167
48
-71
-198
-328
-463
-599
-730
-854
-970
-1080
-1192
-1304
-1417
-1530
-1641
-1747
-1845
-1923
-1976
-2000
-1996
-1959
-1888
-1786
-1656
-1498
-1322
-1134
-938
-741
-549
-360
-171
13
190
358
519
674
823
969
1104
1224
1328
1417
1488
1543
1582
1598
1588
1554
1500
1432
1358
1287
1221
1160
1108
1059
1009
955
906
864
828
789
740
682
616
537
450
355
254
154
53
-52
-166
-288
-414
-545
-673
-800
-930
-1067
-1205
-1337
-1460
-1568
-1660
-1741
-1809
-1860
-1889
-1892
-1864
-1807
-1718
-1603
-1464
-1303
-1128
-951
-780
-613
-454
-298
-141
11
162
310
454
594
730
863
987
1099
1194
1266
1318
1351
1371
1381
1381
1366
1339
1298
1252
1205
1158
1115
1075
1035
994
952
907
856
804
749
692
631
565
492
410
322
231
137
43
-52
-144
-237
-335
-441
-561
-695
-845
-1004
-1166
-1321
-1456
-1567
-1653
-1716
-1757
-1780
-1787
-1773
-1736
-1669
-1572
-1450
-1313
-1167
-1013
-855
-700
-548
-401
-259
-125
4
125
241
352
462
573
685
799
910
1009
1092
1154
1193
1215
1233
1248
1261
1269
1273
1266
1247
1218
1182
1141
1102
1062
1019
970
913
852
787
719
655
594
538
484
424
356
280
195
106
11
-84
-180
-285
-402
-534
-683
-845
-1014
-1174
-1316
-1433
-1521
-1580
-1616
-1632
-1631
-1619
-1587
-1538
-1475
-1396
-1312
-1222
-1128
-1024
-911
-787
-655
-520
-383
-248
-120
-3
109
217
325
436
550
664
772
871
956
1024
1072
1104
1132
1158
1182
1204
1220
1226
1222
1210
1189
1162
1126
1086
1040
986
920
844
764
686
619
564
517
470
419
357
288
211
123
23
-85
-200
-324
-458
-605
-758
-915
-1068
-1204
-1317
-1403
-1469
-1514
-1539
-1540
-1523
-1487
-1442
-1392
-1339
-1281
-1217
-1147
-1075
-996
-909
-807
-689
-562
-428
-300
-174
-53
70
190
306
417
523
625
724
820
909
989
1057
1113
1163
1205
1241
1266
1280
1284
1277
1263
1238
1205
1161
1109
1047
975
899
820
744
677
617
565
517
473
429
377
316
238
143
33
-90
-222
-360
-500
-638
-770
-890
-997
-1091
-1172
-1238
-1289
-1323
-1339
-1339
-1329
-1312
-1291
-1268
-1241
-1213
-1183
-1145
-1099
-1042
-971
-886
-787
-674
-547
-412
-270
-127
12
140
255
360
456
546
635
722
806
887
961
1024
1079
1131
1172
1205
1226
1230
1216
1193
1158
1107
1048
985
920
855
794
737
674
610
550
491
433
382
327
266
201
127
37
-67
-181
-303
-425
-537
-636
-726
-806
-879
-946
-1004
-1050
-1083
-1104
-1112
-1114
-1108
-1097
-1084
-1070
-1056
-1042
-1024
-996
-960
-913
-857
-797
-726
-641
-540
-423
-295
-154
-13
117
235
336
425
501
574
647
727
812
901
981
1052
1114
1159
1187
1198
1194
1170
1129
1078
1018
952
887
823
761
704
653
604
556
505
455
398
333
260
186
114
45
-25
-101
-183
-268
-356
-439
-514
-582
-644
-699
-747
-785
-817
-844
-870
-894
-915
-929
-934
-934
-934
-935
-935
-936
-933
-918
-896
-867
-827
-777
-716
-646
-564
-473
-375
-269
-157
-44
70
180
282
376
463
545
621
698
775
849
921
986
1033
1054
1053
1031
993
941
887
835
786
744
707
678
649
621
593
564
529
484
428
358
279
198
115
36
-34
-93
-141
-178
-211
-247
-286
-329
-375
-418
-458
-493
-528
-564
-600
-634
-664
-692
-716
-735
-749
-760
-767
-768
-765
-762
-756
-742
-720
-690
-652
-607
-557
-499
-429
-351
-269
-179
-86
12
111
209
303
390
467
536
598
653
697
731
754
764
765
756
738
710
680
649
623
602
586
573
558
539
514
479
435
384
327
265
203
143
87
38
-1
-40
-74
-106
-134
-157
-174
-189
-210
-234
-269
-308
-348
-385
-415
-441
-458
-474
-487
-500
-517
-534
-550
-559
-561
-558
-554
-549
-546
-539
-525
-505
-481
-447
-405
-351
-292
-225
-153
-80
-11
59
126
190
247
298
337
366
392
413
431
449
466
481
496
505
506
499
486
467
448
429
411
392
372
351
329
302
270
236
205
179
160
146
130
114
96
77
55
32
6
-20
-47
-75
-105
-137
-165
-191
-212
-227
-238
-249
-261
-277
-295
-319
-341
-366
-389
-408
-420
-426
-425
-418
-406
-394
-377
-355
-328
-297
-264
-227
-189
-149
-108
-65
-22
20
56
89
120
149
178
202
225
243
262
281
296
307
314
318
320
318
320
316
306
297
286
275
264
252
239
225
213
203
191
180
169
155
136
116
94
70
45
19
-9
-38
-65
-83
-93
-96
-96
-94
-94
-96
-103
-114
-134
-161
-188
-219
-247
-270
-286
-296
-296
-288
-271
-254
-241
-230
-219
-208
-198
-190
-184
-177
-170
-160
-149
-134
-117
-99
-81
-63
-44
-27
-13
-3
5
14
25
35
46
58
69
81
96
113
132
152
172
185
195
200
202
201
198
192
183
172
160
145
130
116
109
103
99
92
88
86
85
84
83
82
87
96
105
110
110
101
86
70
53
34
13
-6
-20
-26
-26
-25
-23
-23
-20
-14
-8
-8
-17
-34
-56
-76
-96
-113
-130
-144
-156
-161
-159
-156
-153
-155
-160
-162
-166
-164
-158
-150
-142
-133
-125
-114
-100
-85
-71
-53
-34
-14
5
22
31
32
31
29
29
29
28
28
29
33
37
43
50
52
59
66
73
78
83
88
95
100
104
110
117
129
141
155
166
176
181
181
179
174
165
158
154
147
138
130
117
101
84
62
36
8
-16
-39
-61
-85
-111
-138
-166
-196
-225
-249
-267
-281
-288
-291
-294
-296
-295
-291
-284
-274
-258
-243
-226
-209
-195
-185
-172
-157
-142
-122
-100
-80
-60
-41
-25
-10
9
30
54
80
108
136
164
187
205
217
233
250
268
289
309
330
350
367
383
396
407
415
419
421
418
412
399
378
353
321
287
253
218
180
137
95
49
6
-38
-85
-130
-174
-216
-257
-295
-331
-369
-408
-443
-476
-500
-516
-524
-527
-524
-512
-497
-478
-457
-437
-420
-404
-386
-365
-340
-307
-274
-244
-212
-180
-145
-110
-74
-41
-9
23
57
92
127
159
190
222
257
290
323
356
387
418
450
481
508
530
546
556
556
552
547
533
515
497
473
447
420
391
361
329
296
258
213
162
106
45
-15
-76
-135
-187
-234
-276
-315
-356
-396
-436
-471
-503
-529
-552
-565
-573
-579
-582
-581
-574
-563
-546
-522
-494
-461
-426
-392
-357
-322
-285
-244
-201
-158
-118
-77
-35
6
48
89
128
167
208
253
299
340
378
412
444
476
512
544
574
597
613
620
621
613
592
561
529
497
464
432
401
370
340
310
277
237
195
149
98
41
-15
-73
-135
-196
-254
-313
-365
-410
-450
-489
-525
-558
-589
-614
-634
-649
-662
-666
-662
-653
-637
-612
-584
-548
-509
-468
-428
-386
-343
-299
-254
-207
-159
-110
-57
-2
52
105
153
200
246
292
337
382
429
477
523
566
601
623
637
647
653
658
661
662
653
636
609
571
531
494
459
423
387
351
312
271
227
173
115
56
-7
-69
-131
-195
-257
-320
-379
-433
-486
-530
-569
-604
-632
-659
-681
-697
-708
-709
-704
-695
-677
-654
-625
-589
-550
-508
-465
-422
-376
-330
-282
-233
-182
-125
-65
-1
62
125
186
241
291
339
382
424
470
518
562
602
638
666
686
697
702
697
689
674
654
630
603
575
547
521
490
454
415
371
320
263
202
142
84
26
-31
-91
-150
-205
-259
-313
-366
-418
-468
-513
-558
-602
-641
-672
-695
-707
-713
-711
-702
-688
-673
-657
-635
-610
-577
-538
-495
-450
-402
-355
-306
-258
-209
-161
-109
-50
12
77
142
204
263
317
367
412
455
495
534
570
599
618
630
635
639
636
630
618
604
586
561
534
503
468
436
403
368
330
290
245
198
146
88
29
-26
-76
-124
-168
-211
-255
-299
-340
-382
-421
-460
-491
-518
-540
-559
-577
-590
-595
-593
-587
-572
-552
-528
-497
-469
-439
-409
-378
-344
-304
-262
-220
-177
-135
-95
-54
-9
36
85
137
194
248
302
351
395
430
459
485
508
529
545
554
556
555
551
543
534
522
508
492
472
450
422
390
355
320
286
251
216
177
133
86
38
-14
-66
-118
-169
-217
-262
-303
-338
-367
-396
-421
-450
-476
-498
-515
-529
-540
-546
-547
-544
-537
-525
-511
-494
-476
-454
-427
-396
-363
-330
-297
-262
-223
-182
-137
-89
-39
14
65
117
169
218
266
311
355
395
430
459
480
492
501
504
507
510
514
517
514
507
496
479
457
431
403
375
349
321
288
251
207
161
114
67
20
-26
-73
-119
-166
-212
-255
-296
-334
-366
-393
-414
-431
-445
-459
-470
-481
-492
-496
-493
-487
-476
-464
-451
-436
-418
-401
-382
-360
-333
-303
-268
-229
-187
-140
-93
-42
7
57
107
158
206
248
287
323
354
381
405
426
443
455
465
473
477
480
482
483
482
481
474
466
452
434
411
384
354
320
283
243
202
162
120
78
38
-3
-49
-93
-139
-182
-221
-258
-293
-328
-357
-382
-404
-421
-436
-449
-459
-463
-463
-462
-464
-463
-459
-448
-432
-414
-394
-373
-352
-329
-303
-274
-242
-206
-168
-125
-78
-31
18
65
110
151
189
225
259
291
321
344
365
382
394
404
411
419
425
426
427
424
418
411
403
393
380
362
342
316
289
259
223
186
144
104
65
27
-14
-58
-100
-141
-179
-214
-248
-281
-312
-338
-360
-377
-391
-401
-409
-413
-416
-417
-418
-416
-412
-407
-399
-389
-375
-358
-339
-317
-293
-266
-237
-203
-169
-131
-93
-55
-17
24
64
105
144
181
216
249
279
304
326
346
365
380
397
409
422
434
440
442
442
439
435
425
415
402
384
363
340
310
278
244
210
173
135
98
59
19
-20
-58
-99
-135
-167
-198
-229
-260
-287
-310
-331
-349
-364
-376
-387
-394
-402
-405
-408
-409
-411
-411
-408
-400
-388
-373
-355
-335
-313
-287
-259
-225
-191
-155
-118
-77
-35
5
45
84
118
153
189
220
250
275
299
320
337
351
362
371
379
388
395
396
394
389
383
375
364
350
333
317
298
277
253
224
193
161
127
94
60
26
-6
-38
-68
-99
-130
-158
-185
-209
-234
-256
-276
-295
-312
-326
-339
-349
-355
-361
-362
-363
-361
-357
-351
-343
-332
-316
-299
-278
-257
-235
-210
-185
-157
-129
-101
-70
-37
-3
28
58
88
116
144
170
195
216
236
251
265
277
287
295
302
307
309
307
305
299
293
284
271
260
246
233
220
205
190
172
152
132
109
88
63
40
18
-8
-30
-53
-76
-96
-118
-139
-159
-179
-194
-207
-218
-228
-237
-244
-249
-253
-256
-258
-258
-256
-251
-241
-230
-219
-207
-193
-177
-159
-140
-122
-103
-84
-64
-44
-25
-6
13
32
53
74
94
112
129
142
155
167
177
186
193
200
204
206
209
210
208
205
200
195
189
180
170
160
148
139
128
116
106
94
82
67
52
35
18
3
-13
-28
-42
-56
-69
-82
-95
-111
-126
-138
-147
-154
-161
-169
-174
-176
-179
-178
-179
-177
-175
-169
-164
-157
-146
-138
-128
-118
-107
-94
-79
-64
-50
-37
-23
-10
4
19
33
45
57
69
79
90
98
104
107
108
110
113
115
116
116
117
114
111
109
105
102
98
93
89
84
79
73
67
59
51
44
37
30
21
11
1
-11
-22
-31
-39
-48
-56
-65
-72
-76
-82
-87
-91
-94
-97
-97
-95
-93
-91
-90
-87
-83
-78
-73
-66
-60
-55
-49
-44
-37
-30
-22
-14
-6
3
12
22
31
37
43
48
53
56
60
62
65
63
64
63
61
60
59
59
60
60
58
56
53
47
45
41
37
32
28
25
23
21
19
14
11
8
6
1
-5
-9
-15
-20
-24
-27
-30
-33
-37
-38
-39
-38
-37
-35
-35
-34
-32
-29
-25
-22
-20
-20
-16
-13
-9
-4
0
3
5
9
13
17
20
23
24
25
27
28
27
27
23
20
18
15
12
7
3
-2
-7
-11
-14
-20
-21
-24
-26
-29
-31
-31
-32
-31
-32
-31
-32
-34
-35
-35
-34
-32
-32
-32
-31
-30
-30
-31
-32
-30
-27
-23
-19
-15
-11
-6
1
8
15
22
28
33
39
43
46
47
47
49
52
54
55
54
56
54
53
51
52
50
50
47
42
37
31
27
20
12
5
-1
-7
-14
-20
-26
-34
-40
-45
-51
-54
-61
-66
-71
-76
-80
-83
-83
-83
-83
-82
-79
-76
-75
-72
-69
-68
-65
-61
-58
-54
-50
-46
-39
-32
-24
-14
-6
2
9
20
31
42
54
64
74
86
98
111
121
129
134
141
146
149
150
149
146
143
142
140
135
131
122
115
107
100
93
85
75
65
55
45
34
23
9
-5
-20
-35
-48
-63
-77
-90
-103
-114
-123
-132
-138
-143
-149
-154
-156
-159
-160
-161
-160
-159
-156
-154
-152
-149
-146
-143
-137
-130
-123
-115
-105
-94
-80
-67
-52
-38
-23
-7
11
29
47
63
79
96
110
126
138
147
156
162
167
169
168
166
165
163
161
158
155
151
145
140
133
126
117
107
94
81
68
55
40
24
9
-6
-23
-40
-54
-69
-86
-102
-117
-128
-136
-145
-153
-159
-164
-166
-168
-168
-168
-167
-164
-161
-156
-151
-146
-141
-134
-126
-117
-108
-100
-90
-79
-67
-52
-38
-24
-8
9
25
43
61
80
96
110
125
140
152
164
174
182
189
194
197
198
200
199
197
195
190
185
178
170
161
151
141
129
118
106
92
77
64
48
31
15
-3
-20
-37
-54
-72
-90
-105
-120
-133
-144
-158
-165
-171
-176
-178
-180
-180
-180
-182
-181
-180
-177
-175
-172
-169
-162
-155
-148
-139
-128
-118
-106
-92
-78
-64
-50
-35
-22
-6
10
26
40
54
68
83
96
108
121
133
143
152
159
167
171
175
177
178
176
175
173
169
165
157
149
135
124
112
99
85
70
54
38
22
8
-5
-18
-32
-43
-54
-65
-75
-85
-96
-108
-118
-126
-133
-140
-146
-153
-158
-162
-163
-165
-163
-162
-160
-157
-153
-148
-141
-133
-124
-115
-104
-90
-76
-62
-48
-34
-21
-7
9
24
41
55
71
86
99
112
123
134
143
153
162
170
176
181
185
186
188
187
187
186
182
174
164
152
137
122
105
90
75
60
44
29
15
2
-11
-22
-33
-44
-54
-68
-80
-91
-102
-114
-123
-133
-142
-149
-154
-160
-167
-170
-170
-170
-169
-166
-164
-159
-152
-145
-135
-125
-114
-103
-90
-77
-62
-49
-36
-23
-8
5
20
33
47
61
72
82
91
102
113
123
132
141
147
153
159
161
163
164
165
163
162
155
147
137
127
118
107
97
85
73
61
47
33
18
5
-9
-21
-35
-47
-59
-72
-84
-96
-105
-115
-123
-133
-139
-146
-153
-156
-159
-161
-160
-159
-158
-155
-150
-145
-136
-127
-117
-107
-94
-79
-66
-55
-41
-29
-15
-2
12
23
35
46
57
68
77
87
95
103
111
119
125
132
136
141
144
147
149
150
150
150
147
141
135
128
121
110
101
86
75
63
50
40
27
14
4
-8
-18
-28
-39
-49
-59
-67
-76
-86
-94
-104
-113
-119
-125
-131
-134
-138
-141
-142
-140
-139
-138
-135
-130
-125
-118
-109
-102
-93
-83
-72
-62
-51
-39
-26
-16
-6
4
14
23
34
45
54
63
70
80
87
96
105
111
117
122
124
127
128
128
125
124
120
114
109
103
94
87
79
70
61
51
42
34
24
15
7
0
-8
-16
-25
-34
-45
-55
-64
-72
-81
-89
-96
-102
-107
-111
-114
-115
-115
-114
-113
-113
-112
-107
-103
-98
-92
-87
-82
-73
-63
-55
-45
-37
-27
-15
-4
7
16
26
35
43
53
61
69
78
87
95
102
107
112
116
119
120
121
120
118
115
114
111
106
101
94
87
78
71
63
55
48
40
32
25
19
11
3
-6
-14
-22
-31
-40
-49
-60
-69
-77
-86
-95
-101
-106
-109
-113
-115
-116
-117
-119
-119
-117
-113
-111
-107
-102
-97
-90
-83
-78
-68
-61
-51
-40
-29
-18
-8
2
12
20
30
40
48
56
65
72
79
82
86
92
95
96
97
96
96
94
90
87
84
80
75
71
69
66
61
56
51
44
39
33
27
19
12
5
-3
-10
-17
-25
-32
-40
-47
-52
-57
-64
-68
-72
-76
-80
-83
-85
-86
-87
-86
-86
-84
-84
-82
-80
-79
-74
-69
-64
-57
-50
-43
-34
-26
-17
-7
3
11
21
28
36
43
50
56
63
68
74
79
82
83
85
84
84
85
84
82
81
78
77
74
69
66
63
58
54
48
42
35
28
21
15
9
3
0
-6
-11
-15
-21
-27
-31
-35
-40
-45
-49
-54
-57
-63
-66
-71
-73
-74
-75
-76
-78
-76
-75
-74
-71
-68
-63
-59
-55
-49
-43
-38
-34
-30
-24
-17
-8
-1
6
13
19
24
30
35
41
47
52
56
59
59
61
62
64
66
66
65
64
63
59
57
53
50
45
41
36
30
23
18
12
8
5
1
-4
-9
-12
-16
-19
-23
-25
-29
-34
-37
-39
-42
-46
-50
-53
-54
-55
-56
-58
-59
-59
-60
-60
-59
-57
-56
-54
-50
-46
-40
-35
-31
-23
-17
-12
-4
3
11
18
25
32
38
44
48
52
56
58
60
61
62
62
62
61
62
61
58
56
53
52
49
47
43
38
32
28
24
21
16
11
4
0
-5
-8
-11
-15
-19
-23
-24
-25
-27
-30
-33
-34
-36
-36
-35
-36
-36
-37
-38
-39
-38
-37
-35
-35
-33
-31
-30
-29
-27
-26
-22
-17
-13
-10
-5
1
5
10
14
20
22
26
30
32
33
32
31
30
32
33
33
33
31
30
28
28
27
26
24
20
17
14
13
12
8
4
2
0
-3
-6
-9
-15
-20
-24
-27
-29
-31
-34
-34
-36
-36
-36
-37
-35
-35
-34
-31
-30
-29
-29
-29
-28
-27
-26
-25
-23
-21
-21
-18
-14
-11
-7
-4
1
5
7
11
14
19
23
26
28
30
33
34
35
37
37
39
39
37
35
33
32
30
28
25
23
20
18
16
14
11
9
6
4
1
-1
-5
-8
-13
-16
-20
-22
-24
-28
-31
-35
-37
-40
-41
-43
-43
-42
-39
-37
-35
-32
-28
-25
-23
-20
-16
-13
-9
-6
-4
-1
3
6
10
14
19
23
27
31
34
38
41
42
45
46
50
50
52
53
54
56
56
56
54
51
49
45
41
38
34
29
25
19
16
11
7
4
0
-4
-7
-11
-15
-21
-25
-28
-31
-34
-37
-42
-47
-50
-54
-56
-58
-60
-61
-62
-61
-61
-61
-61
-60
-57
-53
-48
-45
-41
-38
-35
-31
-25
-22
-17
-12
-7
-2
3
6
11
16
19
24
29
33
39
43
47
50
54
57
57
58
58
58
57
56
55
53
50
45
42
37
34
29
25
22
17
14
9
5
0
-4
-8
-12
-16
-21
-25
-29
-31
-36
-41
-45
-48
-52
-53
-55
-57
-58
-59
-59
-58
-57
-55
-52
-48
-45
-39
-36
-31
-28
-22
-16
-9
-4
2
6
11
15
20
25
29
32
36
40
43
46
50
53
55
56
58
59
61
60
59
57
56
53
51
48
44
39
36
32
28
24
20
16
12
9
6
2
-2
-6
-12
-15
-19
-24
-29
-34
-38
-40
-46
-49
-52
-55
-57
-60
-60
-60
-60
-60
-60
-58
-57
-54
-51
-49
-44
-40
-36
-32
-26
-20
-15
-9
-3
4
9
15
20
25
32
39
45
51
56
61
65
67
70
72
72
72
74
73
70
70
65
63
59
57
53
49
44
38
34
28
21
13
6
0
-7
-15
-22
-29
-37
-42
-49
-55
-60
-65
-70
-75
-78
-83
-86
-88
-90
-93
-92
-93
-92
-90
-90
-89
-87
-82
-78
-73
-68
-61
-54
-46
-39
-32
-23
-14
-6
4
13
24
32
40
49
57
65
73
80
85
91
95
99
102
105
107
107
107
108
107
106
105
101
94
89
84
78
71
62
53
44
36
25
15
5
-7
-18
-26
-36
-45
-52
-61
-66
-73
-79
-84
-90
-95
-99
-104
-106
-108
-111
-112
-112
-112
-110
-107
-103
-98
-92
-85
-78
-69
-59
-49
-38
-26
-15
-4
7
19
31
44
56
68
80
91
101
112
121
129
134
140
144
149
152
153
151
150
147
143
139
132
126
116
108
98
88
78
64
50
36
21
7
-6
-22
-37
-54
-69
-83
-96
-109
-121
-133
-144
-154
-161
-167
-174
-180
-185
-188
-188
-188
-186
-184
-181
-176
-171
-164
-156
-147
-138
-125
-113
-98
-83
-68
-50
-33
-14
3
21
38
56
73
91
108
125
139
151
163
174
182
191
197
200
203
207
208
207
205
200
195
187
181
172
161
149
134
118
103
85
69
52
36
20
4
-12
-28
-44
-59
-73
-87
-100
-112
-126
-141
-153
-162
-172
-181
-187
-193
-198
-200
-201
-201
-196
-194
-189
-182
-173
-164
-153
-142
-128
-115
-101
-86
-71
-53
-35
-16
3
21
38
56
74
89
103
117
130
142
156
168
176
181
185
188
190
192
192
189
185
180
175
169
162
152
141
128
118
105
93
80
64
48
32
15
-2
-16
-33
-50
-65
-82
-96
-110
-122
-134
-143
-153
-160
-166
-171
-174
-177
-176
-175
-173
-170
-166
-162
-157
-151
-143
-134
-124
-114
-102
-89
-73
-58
-44
-27
-10
6
23
41
55
71
85
100
112
124
134
144
151
159
165
168
171
172
173
175
174
171
168
163
157
150
143
135
125
111
100
85
72
57
41
27
10
-7
-23
-38
-53
-68
-82
-97
-109
-121
-131
-142
-149
-157
-163
-168
-172
-176
-181
-183
-184
-183
-182
-179
-175
-167
-161
-150
-141
-129
-116
-103
-88
-74
-58
-41
-25
-10
7
24
40
55
70
84
99
113
126
138
146
155
162
169
173
177
179
180
178
177
173
169
163
156
150
142
134
124
113
101
90
76
64
52
38
25
12
-2
-16
-32
-46
-60
-74
-88
-101
-115
-127
-137
-147
-152
-159
-163
-167
-168
-166
-163
-159
-156
-153
-146
-140
-132
-125
-116
-107
-97
-86
-73
-60
-49
-37
-24
-10
7
21
34
46
58
70
83
96
106
114
121
127
135
139
142
143
144
143
144
144
143
138
133
128
121
115
106
96
85
75
64
54
44
33
21
10
-1
-12
-22
-34
-46
-57
-66
-78
-87
-96
-104
-111
-116
-121
-126
-129
-131
-131
-131
-130
-129
-127
-123
-120
-116
-110
-104
-96
-88
-79
-69
-59
-49
-39
-27
-17
-6
7
19
30
42
52
63
73
81
90
96
102
106
108
110
111
112
111
109
110
108
106
103
98
93
89
84
80
74
67
62
55
46
38
30
22
13
3
-6
-16
-24
-33
-41
-48
-54
-60
-68
-74
-79
-83
-86
-89
-93
-95
-96
-97
-97
-96
-96
-94
-92
-89
-85
-82
-78
-72
-67
-61
-53
-45
-37
-29
-21
-13
-4
5
15
22
30
37
45
50
54
60
63
67
70
73
76
78
79
81
81
80
82
81
80
78
76
72
69
65
60
55
50
44
39
33
26
18
11
5
-3
-9
-15
-19
-24
-29
-32
-37
-42
-46
-50
-53
-56
-59
-62
-65
-67
-70
-71
-72
-73
-71
-69
-67
-63
-57
-54
-48
-43
-37
-30
-24
-17
-10
-4
0
5
11
16
20
26
30
34
39
43
47
50
53
56
59
62
61
61
60
57
55
54
51
48
45
43
38
35
32
28
25
21
17
12
8
4
0
-5
-10
-17
-21
-25
-28
-31
-35
-36
-39
-42
-46
-48
-52
-55
-57
-60
-62
-64
-64
-64
-62
-61
-58
-54
-50
-45
-38
-33
-29
-24
-20
-16
-12
-8
-3
0
3
6
9
14
20
25
28
31
33
38
43
48
49
49
50
50
51
51
49
47
45
43
44
43
41
39
36
34
33
32
31
28
22
18
15
12
11
8
5
0
-4
-7
-10
-12
-14
-19
-22
-23
-26
-29
-32
-33
-36
-36
-36
-36
-35
-35
-34
-34
-31
-29
-28
-26
-23
-21
-17
-15
-12
-9
-7
-5
-2
0
3
6
9
10
12
14
14
15
14
15
16
16
16
17
17
16
15
14
12
13
13
11
9
9
7
5
5
5
3
3
2
0
1
0
-1
-4
-5
-5
-6
-4
-5
-5
-4
-3
-4
-4
-6
-6
-6
-6
-4
-3
-3
-3
-3
-3
-3
-1
0
3
4
4
4
4
5
5
4
4
5
6
6
5
4
4
5
5
7
5
7
6
5
4
1
0
-2
-4
-6
-7
-10
-9
-10
-12
-11
-10
-10
-13
-13
-13
-13
-12
-11
-12
-13
-16
-17
-18
-19
-19
-18
-17
-17
-16
-14
-13
-11
-9
-9
-7
-5
-4
-3
-1
1
2
4
5
8
11
13
13
14
15
17
16
16
15
15
16
17
18
18
17
17
20
21
21
19
19
18
16
15
14
12
10
9
8
8
6
4
2
0
-2
-1
0
0
0
-2
-3
-3
-2
-2
-2
-5
-9
-11
-13
-15
-17
-19
-20
-21
-21
-19
-18
-17
-15
-12
-8
-2
0
2
3
6
8
9
10
9
9
10
11
11
12
14
14
15
17
19
22
24
26
25
24
23
22
21
22
20
18
15
14
12
8
5
3
1
0
-2
-5
-7
-10
-13
-16
-18
-20
-20
-21
-22
-24
-25
-26
-26
-25
-25
-26
-29
-30
-31
-31
-33
-33
-34
-34
-35
-35
-34
-32
-31
-31
-29
-27
-24
-21
-19
-17
-15
-12
-11
-9
-7
-5
-4
-1
1
2
5
6
10
12
15
17
18
21
21
24
26
26
28
28
28
28
29
30
31
30
31
28
27
25
24
22
21
20
19
17
15
14
14
14
15
15
14
13
10
9
8
6
6
5
2
2
0
-2
-2
-2
-5
-8
-8
-8
-6
-5
-5
-6
-8
-8
-8
-6
-4
-4
-4
-6
-6
-5
-5
-5
-3
-2
0
2
3
4
2
3
3
4
6
6
6
6
6
5
4
7
6
6
6
5
4
4
4
2
0
1
1
-1
-3
-5
-8
-9
-8
-10
-11
-13
-14
-16
-17
-18
-19
-19
-21
-21
-21
-20
-20
-20
-20
-19
-19
-19
-19
-20
-20
-20
-18
-17
-16
-13
-11
-11
-9
-7
-5
-4
-2
-2
-1
0
0
-1
1
1
5
8
9
11
12
13
16
19
21
23
22
21
22
21
20
21
19
19
17
16
15
14
14
14
13
11
10
11
9
9
9
6
5
3
3
-1
-3
-4
-4
-4
-4
-5
-5
-4
-5
-5
-5
-5
-6
-6
-7
-7
-8
-8
-9
-9
-8
-9
-10
-10
-10
-8
-6
-4
-3
-1
0
1
2
2
2
4
4
4
4
4
5
4
5
6
6
8
8
7
5
5
5
5
4
4
1
1
0
-2
-1
-1
-1
-2
-2
-3
-3
-4
-5
-6
-7
-9
-9
-8
-7
-5
-4
-3
-3
-2
-4
-2
-3
-2
1
0
-1
-2
-2
-2
-3
-2
-2
-2
-2
-2
-2
-2
-2
0
2
4
6
6
8
8
9
11
13
16
17
17
17
18
16
16
15
14
13
11
11
10
10
7
7
6
5
4
4
2
1
-1
-3
-4
-5
-8
-9
-12
-14
-18
-18
-19
-21
-20
-22
-21
-21
-20
-19
-18
-17
-17
-16
-16
-18
-19
-19
-18
-20
-18
-18
-17
-17
-16
-14
-13
-12
-9
-8
-5
-2
0
1
4
8
8
8
9
9
10
11
11
9
9
10
10
10
10
9
11
12
14
13
14
14
15
15
14
15
14
12
11
10
11
8
6
4
3
4
4
4
4
3
3
4
6
7
6
8
7
6
8
6
8
5
4
3
3
3
2
0
-3
-3
-3
-2
0
0
0
2
3
5
6
8
9
8
11
11
10
10
9
8
9
9
10
9
8
9
8
7
8
8
10
11
9
8
6
3
2
1
-1
-4
-6
-8
-10
-12
-15
-18
-23
-24
-25
-27
-28
-27
-29
-29
-31
-31
-31
-31
-31
-30
-28
-29
-28
-29
-26
-27
-26
-24
-26
-25
-25
-24
-23
-21
-17
-16
-13
-11
-7
-3
1
5
8
9
13
15
18
22
24
26
26
27
28
29
30
29
29
29
32
33
32
31
31
30
30
30
29
27
25
23
20
19
15
12
7
5
2
-1
-3
-4
-5
-8
-10
-12
-12
-11
-12
-15
-18
-19
-21
-20
-21
-22
-24
-24
-24
-24
-24
-27
-28
-27
-26
-23
-22
-20
-19
-18
-14
-11
-6
-4
-1
3
6
9
12
14
16
17
20
21
24
26
29
31
34
37
41
44
47
49
50
51
50
49
48
44
42
37
32
26
22
18
13
10
5
2
-2
-6
-8
-8
-10
-12
-13
-14
-16
-17
-18
-20
-23
-25
-29
-32
-36
-40
-45
-47
-48
-51
-52
-54
-55
-53
-53
-50
-47
-43
-41
-38
-35
-30
-28
-25
-21
-17
-13
-10
-8
-5
-3
-1
1
5
8
11
14
16
18
21
22
26
29
30
32
33
34
35
35
35
36
34
33
32
31
30
26
23
22
20
17
15
12
10
8
8
7
5
2
-1
-2
-4
-6
-7
-9
-13
-17
-21
-23
-26
-29
-31
-34
-37
-37
-37
-37
-38
-38
-35
-32
-30
-27
-25
-23
-22
-18
-15
-12
-9
-7
-6
-4
0
1
4
6
10
14
19
24
27
29
32
34
37
39
38
39
39
40
40
39
39
37
36
34
33
32
30
27
26
24
23
21
20
17
14
10
7
4
1
-2
-3
-5
-8
-10
-14
-17
-21
-22
-25
-26
-27
-28
-30
-30
-28
-29
-28
-27
-26
-24
-24
-22
-21
-20
-18
-17
-18
-17
-14
-12
-10
-8
-5
-2
0
3
5
4
7
10
12
14
16
18
18
18
19
17
16
16
17
18
19
18
19
19
20
19
18
18
18
17
15
12
8
5
4
2
0
-3
-6
-8
-9
-9
-11
-12
-12
-14
-15
-16
-18
-20
-20
-22
-24
-26
-26
-26
-27
-29
-31
-29
-30
-30
-32
-31
-30
-29
-27
-26
-23
-21
-19
-17
-13
-10
-8
-6
-6
-4
-2
0
1
2
3
5
7
9
11
11
15
18
21
22
23
23
23
25
25
26
27
27
25
25
23
22
20
20
21
20
20
19
19
19
19
19
17
16
16
14
12
10
9
8
6
5
4
0
-1
-2
-3
-2
-4
-5
-5
-6
-6
-7
-6
-7
-7
-8
-8
-10
-11
-11
-10
-9
-10
-9
-8
-7
-7
-5
-5
-5
-4
-2
-1
-1
-3
-1
-1
0
0
1
0
-1
0
1
0
-2
