4
3
4
3
4
5
6
7
8
10
9
8
8
10
10
8
6
5
3
4
6
7
8
9
11
10
9
7
9
9
9
9
10
12
13
13
14
12
11
11
11
12
10
10
8
6
5
4
5
5
4
2
1
-3
-2
-1
-3
-4
-6
-9
-12
-15
-15
-16
-16
-18
-18
-18
-18
-17
-16
-15
-17
-18
-17
-19
-21
-22
-22
-21
-22
-24
-25
-24
-23
-20
-20
-18
-16
-16
-15
-12
-9
-8
-5
-3
-2
-2
-1
-1
0
0
-1
0
0
-2
0
2
3
3
1
2
5
6
6
6
8
9
13
14
14
18
20
22
24
23
22
20
17
15
15
15
16
17
17
19
21
22
26
29
28
29
29
26
26
25
22
20
19
18
16
15
15
12
11
9
7
9
10
11
10
10
8
5
2
-4
-5
-9
-10
-12
-14
-12
-13
-16
-16
-15
-14
-14
-16
-16
-14
-15
-13
-14
-14
-15
-16
-16
-18
-17
-18
-21
-23
-25
-26
-27
-29
-27
-25
-24
-23
-22
-20
-18
-15
-15
-15
-13
-13
-10
-9
-8
-6
-6
-5
-6
-5
-5
-3
-4
-6
-5
-5
-2
1
2
1
4
3
5
6
6
5
5
4
3
1
0
1
4
5
4
6
5
4
6
8
8
6
7
6
6
5
5
5
6
7
6
7
9
10
11
14
16
17
17
16
16
15
16
16
14
15
16
16
15
15
15
17
17
15
14
13
13
15
17
17
17
15
14
11
9
7
7
7
5
7
6
7
5
5
3
3
2
0
-2
-3
-5
-5
-5
-3
-4
-3
-4
-4
-4
-4
-5
-5
-6
-7
-8
-9
-10
-13
-16
-19
-19
-22
-24
-25
-25
-25
-26
-26
-25
-25
-25
-24
-22
-22
-21
-20
-20
-19
-16
-13
-12
-9
-9
-7
-7
-7
-6
-6
-7
-8
-6
-3
1
2
1
2
3
4
3
4
5
7
6
3
4
4
4
6
5
4
4
3
2
1
2
0
0
1
1
3
4
5
7
5
4
1
-3
-2
-2
-4
-3
-3
-3
-2
1
4
5
5
6
8
10
10
14
12
9
8
7
8
10
7
6
5
5
5
6
7
8
9
9
11
11
8
9
8
8
7
7
7
5
6
9
10
9
9
9
8
7
7
8
8
9
11
11
12
11
6
3
2
1
1
1
0
2
2
2
1
1
1
2
2
1
1
0
1
-1
-2
-2
-3
-1
-2
-3
-5
-7
-8
-10
-13
-14
-13
-12
-10
-10
-10
-7
-4
-2
-2
0
-1
-2
-1
-2
-2
-3
-5
-6
-8
-8
-8
-6
-5
-3
-3
-1
0
1
1
3
4
2
0
-2
-2
0
0
0
-1
0
1
2
-1
-4
-4
-5
-5
-8
-9
-7
-5
-4
-4
-4
-6
-8
-8
-8
-6
-7
-7
-8
-8
-7
-6
-9
-9
-9
-9
-9
-9
-10
-8
-5
-4
-4
-2
-1
1
3
4
4
4
4
3
4
3
3
3
2
4
5
7
5
6
6
10
13
16
18
18
18
15
14
13
13
10
7
7
7
6
5
6
6
6
5
2
-1
0
-1
-2
-2
-4
-6
-7
-9
-8
-8
-7
-7
-8
-9
-10
-10
-8
-7
-5
-5
-5
-5
-3
-1
-1
0
-1
-3
-2
-2
-3
-3
-2
0
0
0
0
-2
2
3
3
3
5
7
10
12
14
15
17
18
18
17
16
15
13
12
11
9
10
11
9
9
11
10
10
10
8
8
6
7
7
7
8
9
10
9
8
6
4
2
0
1
2
-1
-3
-4
-5
-6
-8
-9
-10
-13
-17
-19
-21
-21
-21
-22
-23
-24
-26
-28
-28
-29
-30
-32
-31
-29
-28
-27
-29
-29
-28
-25
-24
-22
-23
-21
-20
-19
-18
-16
-14
-13
-14
-13
-13
-13
-12
-12
-11
-11
-9
-7
-6
-7
-6
-4
-2
0
3
6
10
11
13
16
20
20
22
22
25
27
29
32
32
32
32
32
33
36
39
40
39
40
41
43
43
43
42
41
39
36
34
34
33
34
37
35
35
33
31
30
31
30
28
26
23
20
18
13
9
5
0
-5
-8
-12
-18
-23
-28
-31
-33
-35
-36
-36
-38
-41
-43
-46
-45
-47
-48
-48
-50
-51
-51
-53
-54
-53
-53
-53
-54
-54
-55
-56
-55
-51
-47
-45
-43
-42
-42
-40
-38
-35
-32
-29
-25
-18
-14
-9
-5
1
5
10
15
20
23
26
29
34
37
39
42
47
53
58
62
65
70
70
71
71
71
72
71
72
73
72
71
68
65
65
65
63
61
61
57
52
48
42
38
34
30
29
25
21
17
12
7
1
-6
-11
-17
-23
-28
-35
-41
-45
-51
-59
-63
-68
-73
-76
-80
-81
-84
-87
-91
-93
-94
-95
-95
-97
-100
-100
-100
-101
-102
-102
-102
-102
-100
-99
-97
-92
-87
-81
-75
-68
-62
-56
-50
-46
-40
-33
-25
-15
-5
5
16
27
39
47
57
68
78
88
99
109
115
121
127
133
139
143
148
152
154
158
159
160
160
160
160
161
160
157
156
155
150
146
139
132
127
119
111
103
95
86
78
70
59
48
38
28
18
7
-4
-16
-30
-43
-58
-75
-92
-105
-120
-135
-148
-162
-174
-185
-195
-203
-211
-216
-220
-226
-230
-234
-237
-239
-240
-239
-238
-234
-232
-229
-223
-219
-211
-201
-191
-180
-169
-155
-143
-128
-114
-101
-88
-73
-56
-39
-18
1
20
40
61
82
100
122
142
161
180
197
215
230
245
258
270
283
296
308
317
325
328
333
335
336
333
330
325
318
311
302
291
278
265
251
234
217
200
181
159
137
115
92
69
43
16
-11
-38
-66
-92
-119
-147
-173
-200
-225
-247
-269
-288
-308
-328
-348
-365
-382
-396
-409
-417
-424
-430
-433
-434
-432
-429
-424
-416
-407
-397
-387
-375
-358
-343
-322
-303
-282
-258
-233
-207
-179
-150
-119
-88
-57
-24
9
43
76
111
147
181
214
245
275
304
334
362
389
413
436
456
473
489
505
519
528
534
540
544
544
542
535
525
514
502
485
469
448
426
404
380
353
326
295
264
231
198
166
132
97
59
23
-15
-51
-90
-126
-164
-199
-234
-268
-300
-331
-361
-387
-413
-438
-461
-482
-502
-520
-535
-546
-554
-561
-567
-569
-566
-558
-547
-536
-523
-506
-489
-472
-452
-429
-404
-378
-351
-323
-296
-266
-236
-205
-174
-141
-109
-76
-44
-9
25
56
88
120
151
179
207
235
264
289
312
333
354
375
393
409
424
435
447
455
459
465
469
468
465
459
451
441
428
414
396
377
357
335
313
289
266
241
216
190
163
136
110
84
58
32
9
-18
-45
-72
-99
-123
-150
-174
-196
-214
-235
-252
-268
-281
-289
-300
-308
-316
-324
-328
-329
-330
-331
-330
-326
-320
-314
-306
-296
-285
-274
-261
-249
-232
-215
-198
-182
-165
-144
-123
-104
-83
-65
-46
-26
-5
12
30
50
65
82
99
115
131
146
160
173
184
196
206
216
224
232
239
245
250
254
259
262
262
261
258
253
248
242
235
227
220
211
199
186
173
158
144
127
110
91
72
54
36
20
1
-17
-34
-50
-64
-79
-93
-109
-124
-140
-152
-163
-174
-185
-196
-205
-210
-217
-221
-223
-224
-225
-226
-224
-221
-219
-216
-213
-209
-204
-196
-188
-181
-172
-162
-151
-137
-125
-113
-101
-88
-76
-62
-49
-37
-25
-11
2
15
29
40
52
61
70
80
90
101
110
117
125
133
139
143
147
150
154
156
158
158
160
162
160
160
161
159
154
150
145
139
135
132
128
125
120
114
107
99
92
82
71
62
51
41
28
17
8
-1
-9
-17
-24
-34
-44
-54
-62
-68
-78
-85
-92
-95
-97
-100
-103
-106
-110
-112
-110
-110
-108
-110
-110
-105
-100
-96
-94
-87
-82
-78
-74
-75
-68
-67
-64
-58
-50
-43
-37
-30
-25
-15
-10
-2
6
12
16
21
27
32
32
33
37
38
38
39
38
39
39
35
34
33
36
28
28
27
24
20
12
14
7
7
4
1
0
-3
-3
-8
-4
-7
-9
-6
-10
-13
-15
-13
-15
-15
-12
-14
-10
-11
-11
-11
-16
-15
-14
-15
-22
-24
-21
-23
-20
-25
-19
-7
-15
-14
-6
3
3
5
8
16
26
17
23
33
37
40
44
51
52
56
54
60
62
61
63
70
73
72
66
69
73
68
64
63
67
66
57
59
62
58
53
49
37
35
29
15
11
10
2
-5
-7
-18
-26
-27
-35
-38
-46
-54
-56
-65
-64
-76
-78
-86
-81
-84
-94
-89
-103
-96
-98
-105
-102
-104
-98
-103
-99
-100
-91
-85
-91
-75
-76
-61
-66
-63
-56
-49
-41
-41
-21
-20
-10
-11
-7
8
11
18
20
34
45
40
49
63
73
70
78
90
90
99
95
102
115
111
116
118
128
117
126
131
131
126
122
137
128
118
119
108
112
108
88
97
84
71
65
50
50
41
20
15
26
2
-17
0
-35
-25
-49
-50
-62
-84
-64
-107
-92
-115
-119
-103
-151
-116
-164
-121
-152
-177
-129
-191
-109
-208
-140
-159
-153
-146
-192
-108
-181
-124
-159
-130
-111
-156
-105
-121
-90
-110
-87
-72
-77
-48
-70
-25
-31
-26
-5
-3
23
22
22
42
66
50
56
90
92
99
108
121
132
133
158
158
166
158
208
176
188
201
205
253
184
243
191
289
193
183
249
208
221
158
204
158
227
125
113
204
143
92
119
120
80
50
63
18
53
-12
-54
32
-78
-26
-134
-62
-124
-124
-139
-191
-105
-247
-147
-252
-147
-256
-258
-168
-303
-196
-313
-186
-319
-212
-264
-305
-141
-385
-169
-259
-206
-241
-270
-150
-252
-138
-264
-135
-110
-175
-107
-138
-34
-134
-50
-56
-50
16
-89
23
-12
71
13
39
117
63
143
90
148
126
163
197
179
219
178
211
282
222
211
248
314
282
236
273
278
317
239
211
299
370
235
184
281
256
279
128
152
253
184
126
74
157
138
80
-19
98
103
-87
-26
-27
-24
-77
-120
-128
-47
-117
-204
-115
-198
-101
-262
-240
-177
-211
-236
-341
-148
-280
-161
-279
-329
-118
-239
-245
-290
-228
-213
-179
-212
-288
-132
-172
-163
-113
-205
-113
-130
-98
-120
-76
-118
-57
14
-107
34
-42
20
6
12
65
77
97
-3
150
163
107
137
131
214
173
173
138
210
207
97
248
241
191
175
251
232
190
257
193
232
215
170
179
218
203
27
200
219
106
88
58
148
84
51
-22
94
69
-57
53
-16
-79
-36
-76
-91
-82
-137
-171
-157
-104
-249
-169
-172
-273
-169
-240
-226
-294
-231
-265
-269
-187
-329
-280
-160
-225
-269
-195
-157
-257
-141
-127
-288
-8
-156
-144
-62
-84
-66
5
1
-179
192
47
17
43
60
158
57
180
17
174
166
108
119
131
204
83
184
181
210
241
127
174
277
213
174
152
210
265
180
134
169
228
189
172
167
187
199
155
110
145
182
94
53
121
132
47
57
-3
63
64
42
-115
0
43
-86
-67
-124
-36
-117
-4
-334
-125
10
-300
-222
-183
-170
-160
-221
-336
-158
-119
-368
-251
-73
-377
-253
-288
-149
-244
-363
-289
-105
72
-562
-232
92
-157
-269
-213
-42
-26
-72
-250
4
201
-141
-84
125
143
68
-73
92
284
153
-85
207
362
96
128
286
267
189
209
154
300
237
104
221
273
274
157
285
282
206
245
233
172
126
233
139
118
178
78
195
181
-2
118
232
26
-61
27
85
73
-141
-153
159
46
-209
-3
-34
-62
-27
-142
-178
-67
-93
-187
-192
-133
-112
-243
-129
-212
-266
-71
-283
-411
1
-218
-480
-104
-226
-305
-133
-320
-418
-13
-190
-550
-83
-51
-324
-238
-152
-48
-57
-293
-213
233
-52
-349
113
142
-38
-14
38
230
183
-93
127
416
143
27
165
381
386
43
120
440
426
167
139
367
476
243
102
410
384
217
232
327
305
196
246
241
227
177
125
146
182
129
34
114
88
4
-33
-12
6
-104
-25
-142
-170
-97
-6
-233
-381
-52
-82
-153
-444
-310
36
-262
-361
-356
-69
-203
-346
-344
-223
25
-580
-406
-116
-29
-445
-597
-70
-128
-102
-640
-313
142
-209
-345
-374
-13
-158
-110
-235
-235
203
-79
-44
-198
59
199
-121
14
-9
290
154
43
106
279
498
71
184
323
490
397
-9
368
620
367
83
382
537
405
319
256
474
512
253
163
426
461
176
197
344
270
255
123
128
194
141
56
114
94
-63
-17
86
-47
-133
-89
-120
-131
-192
-141
-285
-225
-271
-233
-118
-422
-375
-255
-261
-310
-290
-452
-397
-76
-277
-413
-330
-334
-292
-151
-195
-414
-377
-155
-233
-251
-255
-448
-203
-41
-204
-235
-260
-315
-82
7
-272
-251
-117
-68
70
-68
-157
-37
33
175
19
63
113
49
234
188
197
227
182
206
424
396
162
382
310
316
515
293
324
453
442
324
392
429
392
390
280
427
474
305
208
397
364
253
289
196
291
166
43
226
132
-22
-16
108
56
-16
-139
-187
66
-125
-228
-227
-200
-137
-406
-257
-179
-388
-296
-294
-403
-364
-350
-440
-293
-331
-522
-335
-267
-398
-399
-446
-321
-95
-473
-558
-135
-174
-434
-273
-135
-460
-215
-46
-311
-53
-117
-335
2
67
-180
-70
30
-56
196
49
-130
204
85
111
290
152
95
235
289
286
343
210
249
408
374
364
344
395
412
403
390
341
393
381
367
340
345
320
238
354
329
228
308
212
161
293
171
24
172
201
43
63
-26
-53
131
-67
-218
-17
-18
-208
-232
-225
-179
-238
-354
-307
-215
-335
-513
-305
-225
-477
-498
-371
-438
-374
-366
-477
-355
-282
-459
-374
-173
-403
-411
-237
-169
-144
-304
-316
-73
124
-157
-316
59
43
-56
12
-40
54
142
2
33
295
144
59
294
240
245
280
165
298
438
315
294
444
419
392
471
421
396
480
442
412
449
428
407
421
448
358
342
384
318
284
277
261
246
204
143
151
113
45
60
25
-86
-60
-35
-167
-199
-211
-278
-312
-332
-352
-362
-407
-451
-521
-514
-522
-569
-559
-643
-581
-516
-643
-745
-635
-529
-630
-604
-602
-568
-382
-554
-618
-359
-306
-401
-295
-206
-273
-102
-167
-219
75
63
-23
180
303
223
258
335
395
517
472
457
628
638
600
622
649
717
752
732
695
711
703
669
683
644
584
613
646
595
530
483
429
415
342
264
248
202
143
134
94
-5
-40
-32
-79
-189
-231
-268
-312
-332
-419
-463
-450
-506
-528
-559
-623
-599
-600
-681
-704
-670
-678
-735
-694
-625
-667
-725
-658
-541
-592
-642
-649
-507
-413
-533
-521
-400
-319
-331
-345
-214
-120
-113
-159
-74
107
77
40
164
362
428
358
353
585
763
652
606
807
909
863
837
848
983
987
875
912
1012
992
911
848
817
852
768
651
676
659
578
510
452
406
345
245
177
115
22
-50
-120
-182
-234
-315
-434
-439
-469
-606
-649
-696
-764
-805
-898
-897
-859
-985
-1045
-987
-991
-990
-1025
-1083
-1026
-963
-1039
-1021
-967
-925
-848
-914
-868
-691
-661
-673
-608
-516
-427
-407
-386
-264
-128
-84
-86
-3
176
262
264
343
479
611
653
711
809
901
976
952
1004
1137
1191
1203
1213
1257
1256
1219
1221
1245
1229
1174
1141
1124
1096
1036
948
910
879
802
736
696
639
541
448
391
325
218
132
44
-42
-115
-224
-343
-424
-476
-578
-697
-753
-827
-923
-995
-1056
-1120
-1187
-1239
-1290
-1308
-1327
-1365
-1382
-1413
-1402
-1358
-1341
-1315
-1335
-1296
-1179
-1138
-1135
-1046
-961
-903
-817
-762
-691
-549
-454
-390
-244
-107
-8
101
212
341
479
556
651
790
891
991
1090
1151
1240
1325
1360
1384
1420
1420
1426
1465
1457
1437
1386
1336
1314
1275
1249
1195
1117
1075
1031
967
895
819
745
676
609
537
449
361
301
222
123
29
-75
-152
-234
-337
-452
-546
-635
-721
-792
-898
-966
-1032
-1117
-1158
-1204
-1271
-1350
-1383
-1405
-1431
-1449
-1505
-1482
-1453
-1456
-1436
-1399
-1322
-1282
-1275
-1233
-1106
-1006
-974
-855
-728
-642
-535
-420
-270
-157
-80
32
220
387
435
501
673
836
910
930
1005
1129
1186
1198
1243
1288
1312
1301
1296
1315
1296
1236
1218
1263
1240
1143
1077
1064
1068
1021
933
908
867
800
754
695
636
551
465
384
324
254
158
75
-4
-92
-187
-304
-392
-433
-504
-599
-662
-722
-786
-843
-917
-973
-1007
-1063
-1096
-1103
-1150
-1189
-1184
-1187
-1185
-1167
-1175
-1164
-1118
-1096
-1077
-992
-901
-855
-816
-739
-614
-505
-439
-362
-229
-103
-43
-11
94
231
326
377
419
511
597
645
673
728
772
781
810
836
852
851
833
857
888
860
815
805
809
799
777
737
722
724
687
639
620
613
578
524
467
424
386
340
299
241
178
116
65
18
-49
-107
-167
-229
-275
-341
-422
-480
-512
-561
-613
-641
-681
-728
-766
-800
-807
-810
-841
-861
-846
-823
-829
-823
-783
-716
-673
-657
-601
-513
-419
-383
-324
-214
-116
-69
-50
44
165
238
265
293
341
393
424
447
472
515
530
530
553
546
529
520
533
549
502
469
470
478
471
438
417
383
352
325
304
282
251
213
172
151
123
74
45
23
-12
-40
-84
-141
-181
-203
-232
-260
-278
-308
-353
-375
-386
-401
-415
-444
-453
-472
-482
-487
-504
-480
-458
-453
-458
-456
-413
-395
-364
-314
-279
-236
-210
-153
-90
-44
-2
67
178
201
181
240
347
437
449
435
459
523
562
541
536
558
574
555
538
535
512
492
477
460
420
374
347
336
324
301
259
214
178
143
108
67
29
-5
-42
-69
-125
-181
-203
-246
-297
-331
-361
-408
-451
-476
-497
-512
-537
-561
-569
-582
-602
-618
-614
-597
-595
-622
-625
-588
-543
-507
-499
-483
-450
-376
-327
-321
-256
-170
-115
-83
-21
87
167
191
241
376
494
478
475
583
706
746
715
721
801
831
769
737
769
777
719
658
639
610
527
460
465
452
361
272
250
254
195
116
89
77
38
-20
-42
-36
-84
-157
-186
-184
-230
-310
-351
-366
-392
-452
-508
-517
-540
-615
-675
-675
-658
-683
-730
-747
-732
-716
-707
-695
-680
-692
-690
-641
-576
-532
-544
-522
-445
-379
-364
-330
-229
-150
-107
-41
63
159
177
217
373
529
537
500
599
772
850
811
799
879
935
887
846
872
884
829
768
768
749
656
572
574
600
521
410
379
389
355
277
239
239
195
106
60
78
58
-42
-116
-124
-139
-214
-293
-314
-335
-415
-501
-532
-545
-608
-686
-707
-683
-706
-776
-814
-789
-772
-778
-776
-749
-723
-731
-708
-659
-597
-581
-586
-534
-472
-437
-400
-315
-233
-192
-147
-48
50
85
108
239
411
443
396
456
626
724
681
639
698
770
757
712
725
746
703
634
626
645
569
476
465
506
477
369
314
326
330
281
245
246
226
171
147
185
194
106
29
26
27
-30
-104
-128
-133
-177
-259
-323
-349
-402
-474
-502
-504
-542
-619
-665
-643
-627
-663
-690
-684
-680
-701
-697
-662
-630
-619
-611
-579
-540
-515
-483
-391
-311
-273
-244
-153
-34
18
57
163
325
381
345
392
553
675
659
612
649
723
716
666
679
712
697
628
586
595
553
477
447
461
426
334
276
284
300
262
209
188
165
115
87
108
111
39
-21
-21
-16
-69
-141
-164
-157
-193
-272
-332
-357
-368
-405
-429
-437
-473
-539
-580
-564
-543
-559
-595
-613
-604
-596
-574
-552
-539
-502
-484
-453
-439
-444
-376
-283
-219
-221
-196
-97
-12
36
82
203
328
332
306
387
544
620
575
558
627
692
672
620
648
691
668
600
565
556
517
470
443
453
413
313
257
252
251
223
179
132
83
43
36
42
11
-65
-105
-105
-130
-184
-233
-240
-255
-299
-354
-389
-414
-452
-476
-471
-462
-501
-572
-595
-564
-536
-554
-591
-605
-589
-580
-570
-555
-529
-495
-470
-454
-446
-391
-304
-238
-194
-159
-88
11
51
71
166
331
402
350
353
490
641
659
613
636
718
741
690
668
712
728
667
598
600
590
506
437
436
449
387
279
219
225
222
184
136
83
33
-8
-13
-8
-58
-126
-148
-138
-159
-209
-236
-247
-262
-296
-327
-337
-381
-418
-416
-373
-351
-416
-483
-473
-416
-398
-431
-446
-439
-441
-442
-427
-378
-361
-354
-364
-360
-302
-269
-197
-163
-135
-88
-14
75
80
105
215
363
385
310
328
462
580
561
496
532
615
615
539
535
579
537
441
404
428
374
268
204
219
236
152
51
-7
-6
-28
-63
-99
-155
-205
-231
-203
-209
-265
-300
-299
-292
-326
-373
-372
-369
-373
-379
-380
-387
-417
-422
-376
-312
-335
-382
-396
-353
-297
-303
-267
-270
-242
-238
-240
-179
-176
-103
-120
-121
-120
-93
40
67
117
102
205
321
330
368
421
604
609
578
585
697
840
778
741
741
807
779
688
685
677
639
520
473
473
402
309
211
211
159
69
0
-69
-117
-190
-217
-233
-297
-376
-406
-405
-435
-505
-525
-525
-560
-618
-644
-606
-623
-672
-672
-635
-617
-682
-708
-650
-585
-579
-631
-620
-564
-536
-500
-454
-418
-419
-418
-360
-306
-270
-246
-179
-137
-126
-108
7
131
157
176
237
377
418
410
519
713
787
695
704
887
1036
1001
926
967
1041
1009
923
937
988
903
761
725
775
704
544
464
466
432
304
214
170
131
52
10
6
-70
-185
-251
-206
-233
-353
-427
-431
-441
-542
-595
-590
-631
-721
-801
-775
-766
-849
-938
-930
-844
-871
-942
-957
-906
-870
-908
-857
-813
-788
-801
-788
-654
-615
-531
-505
-440
-380
-336
-197
-88
13
12
139
281
350
364
475
711
785
754
730
891
1062
1053
1032
1076
1172
1124
1058
1129
1213
1174
994
954
1017
995
860
742
746
704
616
532
484
420
321
277
259
195
48
-40
-27
-42
-121
-225
-259
-304
-389
-427
-432
-467
-602
-696
-698
-704
-772
-888
-898
-867
-894
-960
-1009
-988
-995
-1036
-1016
-992
-977
-1012
-1008
-904
-858
-786
-772
-743
-716
-681
-546
-449
-362
-337
-249
-98
-49
14
146
362
428
349
426
600
768
752
753
871
959
935
851
952
1078
1057
916
870
942
945
856
791
799
770
696
651
632
581
507
463
469
438
322
241
236
232
180
125
96
26
-50
-78
-69
-116
-249
-335
-346
-346
-429
-523
-543
-528
-563
-659
-691
-699
-713
-769
-785
-761
-787
-831
-864
-792
-740
-705
-721
-717
-665
-595
-519
-471
-381
-311
-203
-155
-158
-74
116
312
298
216
302
497
631
602
603
682
744
710
658
724
776
719
615
602
614
552
452
420
436
390
302
228
216
191
139
121
91
52
-23
-48
-27
-51
-85
-115
-103
-137
-191
-188
-187
-200
-271
-303
-294
-314
-352
-413
-405
-394
-442
-481
-503
-479
-491
-530
-499
-473
-438
-488
-513
-425
-366
-274
-311
-325
-272
-195
-65
-63
-6
38
158
227
176
250
407
593
552
466
533
684
782
711
697
752
763
677
609
677
702
606
482
457
471
398
295
253
247
182
71
2
-34
-81
-132
-157
-164
-220
-298
-310
-289
-313
-370
-395
-390
-422
-470
-477
-459
-482
-529
-537
-511
-532
-582
-582
-536
-499
-550
-595
-559
-526
-522
-558
-517
-445
-437
-441
-441
-331
-239
-176
-147
-134
-75
-4
104
181
232
282
372
448
450
489
631
777
779
698
715
845
937
898
855
890
914
839
758
777
814
762
663
612
575
499
400
371
378
304
163
56
29
18
-31
-90
-152
-213
-288
-333
-346
-388
-446
-490
-505
-523
-548
-548
-565
-612
-652
-661
-654
-700
-759
-766
-713
-689
-727
-754
-724
-686
-693
-709
-674
-613
-594
-597
-584
-508
-412
-357
-329
-324
-279
-197
-100
-23
20
107
213
281
286
345
512
637
633
565
619
749
804
801
818
897
884
803
773
832
872
795
739
740
738
655
577
588
598
553
455
410
391
328
269
253
243
143
8
-36
1
-19
-125
-210
-242
-265
-332
-388
-407
-448
-504
-540
-529
-556
-627
-677
-661
-626
-669
-725
-723
-678
-697
-749
-746
-680
-625
-657
-662
-611
-514
-464
-460
-433
-405
-353
-301
-205
-138
-100
-43
49
136
134
164
260
393
414
354
376
469
557
560
602
662
650
574
532
617
679
656
598
593
612
572
545
545
556
503
407
359
338
317
299
312
307
248
156
123
125
94
34
-28
-64
-99
-147
-189
-208
-226
-262
-297
-332
-370
-399
-420
-435
-464
-476
-481
-490
-511
-514
-477
-464
-472
-530
-535
-514
-465
-409
-397
-356
-369
-357
-333
-280
-236
-210
-133
-112
-85
-62
-11
49
66
79
106
193
223
219
234
297
371
372
367
373
431
427
403
412
415
425
384
389
391
360
296
261
302
279
231
191
206
214
160
124
121
130
78
20
33
38
28
2
-6
-1
-50
-82
-105
-95
-138
-172
-169
-176
-219
-294
-268
-210
-212
-307
-306
-269
-260
-269
-343
-273
-237
-253
-273
-203
-127
-163
-188
-250
-144
-97
-119
-75
-97
-102
-151
-94
-41
-13
-29
-94
-47
-42
-3
32
102
137
109
119
125
192
227
246
267
245
230
223
247
259
241
258
283
260
188
142
155
181
173
141
151
150
119
79
90
153
156
120
55
75
73
79
107
70
41
-8
35
-8
-14
-31
-49
7
-109
-118
-195
-107
-93
-188
-175
-193
-161
-235
-262
-196
-168
-150
-282
-280
-235
-194
-194
-245
-220
-266
-202
-259
-198
-185
-210
-241
-253
-232
-239
-164
-177
-149
-157
-137
-90
-65
-55
-31
35
73
104
123
154
192
194
202
249
308
287
262
269
275
269
242
259
277
258
249
259
294
296
260
221
228
263
257
292
284
266
242
253
226
223
171
159
185
173
139
92
111
21
50
-42
-33
-38
-112
-120
-179
-129
-226
-217
-293
-298
-278
-322
-289
-349
-348
-412
-375
-369
-388
-374
-370
-300
-319
-344
-362
-315
-280
-303
-294
-264
-217
-221
-245
-225
-211
-154
-109
-79
-47
-36
11
40
88
100
132
183
203
194
193
246
277
269
226
259
323
331
307
278
302
327
314
284
282
326
326
322
330
334
317
272
264
283
296
276
248
235
208
184
142
107
123
65
23
-13
3
-25
-84
-140
-181
-153
-189
-214
-260
-247
-239
-279
-320
-318
-289
-288
-300
-337
-305
-299
-314
-327
-320
-282
-273
-259
-279
-235
-229
-240
-222
-201
-184
-194
-161
-138
-106
-115
-102
-69
-39
-21
-21
5
29
47
43
69
106
140
159
163
160
175
214
232
220
200
207
247
269
278
267
259
260
230
234
231
240
257
234
223
220
226
206
154
135
114
129
99
55
50
59
62
-10
-18
-24
-2
-46
-68
-69
-76
-75
-167
-131
-133
-115
-152
-180
-147
-153
-141
-231
-192
-179
-154
-182
-202
-132
-131
-148
-191
-156
-135
-134
-139
-142
-66
-68
-101
-109
-77
-51
-98
-82
-63
-25
-33
-48
-37
-17
13
-21
4
43
48
37
52
87
106
139
92
97
122
145
160
128
119
112
155
115
102
120
143
142
91
61
59
114
116
60
67
103
104
52
2
16
70
104
-16
-27
46
74
47
-28
-16
58
88
-12
-25
29
96
26
-48
-40
36
96
-20
-27
-30
94
-4
-124
-85
-45
28
-79
-142
-104
-6
-105
-199
-211
-93
-74
-158
-252
-160
-51
-213
-224
-222
-81
-54
-164
-223
-118
19
-86
-133
-127
20
50
-18
-73
26
136
71
-12
-29
98
109
48
-30
36
151
72
-41
-26
34
86
17
-56
-53
91
77
-50
-41
4
101
23
-17
18
162
188
88
51
122
238
168
121
180
324
329
218
136
158
291
202
176
183
281
314
118
13
56
149
79
-52
-99
32
72
-117
-275
-91
-28
-101
-303
-316
-94
-91
-242
-396
-211
-129
-238
-363
-278
-72
-91
-255
-313
-149
-78
-203
-278
-163
-26
-41
-183
-217
-73
-31
-130
-190
-132
-61
-88
-169
-183
-84
-55
-109
-109
-56
8
-13
-56
-7
66
98
92
101
143
201
215
212
259
305
346
396
420
458
484
491
482
469
477
489
498
474
421
386
361
337
256
192
167
117
54
-55
-113
-93
-90
-177
-252
-269
-264
-331
-398
-393
-338
-310
-407
-476
-455
-424
-473
-502
-408
-340
-344
-418
-425
-331
-288
-316
-299
-200
-162
-194
-240
-161
-47
-70
-124
-66
0
-32
-81
-74
9
40
-28
-43
29
56
-11
-48
12
73
55
36
111
184
201
200
258
361
424
423
466
577
649
642
636
676
707
669
634
614
603
554
478
421
366
303
176
89
35
-8
-85
-165
-197
-228
-272
-330
-365
-378
-385
-414
-428
-410
-426
-458
-471
-475
-461
-442
-424
-408
-386
-409
-433
-413
-392
-361
-331
-290
-268
-263
-240
-181
-105
-77
-50
-52
-44
-27
-29
-4
6
18
1
-13
-32
-41
-34
-31
-7
25
76
105
122
180
259
340
387
435
512
596
660
692
744
796
827
807
775
770
729
659
581
536
488
416
310
215
154
66
-15
-105
-156
-211
-256
-297
-335
-356
-397
-420
-464
-496
-506
-532
-571
-585
-606
-618
-637
-641
-651
-658
-650
-675
-679
-683
-667
-640
-582
-527
-491
-447
-379
-316
-263
-217
-169
-107
-89
-65
-34
18
58
58
67
77
93
77
90
140
190
238
277
341
423
500
582
663
745
818
866
918
969
1016
1041
1055
1056
1023
975
916
845
766
677
587
504
404
305
203
116
33
-61
-142
-212
-252
-301
-343
-376
-402
-407
-437
-465
-495
-524
-567
-627
-665
-700
-734
-772
-801
-800
-806
-812
-825
-814
-790
-788
-759
-720
-660
-603
-544
-457
-370
-294
-244
-199
-149
-113
-81
-43
0
50
85
112
141
160
184
198
226
260
310
369
418
478
539
609
683
743
797
856
913
952
971
991
1007
1011
986
940
895
833
743
630
524
433
344
247
149
63
-3
-77
-155
-238
-306
-355
-411
-445
-469
-480
-503
-542
-565
-602
-634
-682
-734
-780
-820
-850
-876
-884
-885
-879
-868
-848
-828
-800
-773
-733
-689
-631
-559
-487
-406
-329
-252
-173
-112
-67
-15
41
95
141
189
242
289
323
347
394
437
474
512
557
620
671
721
778
844
907
949
983
1023
1059
1075
1065
1058
1051
1022
967
893
824
739
641
541
448
355
248
138
42
-34
-109
-191
-272
-347
-404
-464
-522
-573
-624
-668
-715
-755
-794
-831
-869
-905
-934
-955
-965
-980
-993
-986
-965
-939
-905
-878
-839
-789
-732
-667
-592
-510
-426
-330
-240
-153
-60
21
88
147
200
254
306
353
395
430
460
477
488
511
546
580
607
641
688
735
768
806
863
913
945
962
982
1002
998
977
953
928
881
809
737
666
586
484
360
247
139
36
-75
-180
-267
-357
-450
-536
-608
-665
-724
-784
-831
-862
-894
-928
-959
-988
-999
-1005
-1009
-1003
-997
-991
-971
-947
-914
-869
-819
-768
-708
-637
-563
-476
-391
-310
-215
-123
-36
50
144
236
300
357
400
440
476
502
524
546
559
567
575
593
614
637
658
676
708
741
776
809
841
875
906
931
952
967
972
963
937
897
849
794
724
638
541
446
343
224
100
-25
-146
-271
-390
-497
-591
-682
-775
-848
-898
-935
-970
-998
-1004
-998
-1004
-1009
-1006
-991
-983
-976
-954
-915
-876
-845
-808
-752
-689
-637
-582
-518
-441
-365
-288
-212
-140
-63
11
87
161
232
294
346
392
427
461
487
505
519
534
548
558
560
569
585
603
626
651
684
713
738
766
790
822
849
865
878
884
885
871
848
813
758
691
605
518
425
327
220
109
-1
-112
-229
-345
-450
-547
-642
-725
-794
-850
-895
-939
-966
-983
-991
-994
-998
-989
-976
-955
-930
-899
-868
-831
-784
-731
-680
-623
-558
-499
-433
-368
-295
-223
-152
-86
-25
44
109
168
223
282
338
392
435
466
497
522
540
550
559
562
568
570
580
601
621
642
657
674
698
719
740
756
773
785
790
793
789
779
752
710
660
601
532
449
358
263
166
59
-49
-152
-258
-366
-470
-564
-649
-727
-799
-861
-911
-955
-984
-1003
-1013
-1020
-1019
-1004
-977
-948
-920
-885
-842
-791
-742
-690
-635
-572
-512
-447
-378
-306
-232
-164
-96
-28
41
103
160
221
277
329
377
421
458
491
514
531
546
559
565
567
570
571
573
578
584
595
604
616
632
645
658
672
687
701
709
710
706
697
677
647
607
554
494
424
343
258
167
75
-21
-121
-220
-320
-412
-507
-592
-669
-736
-796
-845
-881
-904
-923
-937
-937
-923
-905
-879
-849
-810
-763
-713
-667
-612
-553
-501
-441
-385
-321
-258
-198
-140
-83
-25
25
75
127
171
215
251
291
328
358
385
405
425
430
433
433
434
433
427
419
415
416
418
422
433
450
462
471
479
495
512
523
532
542
549
548
544
538
521
492
453
406
352
291
222
145
65
-16
-100
-179
-258
-334
-411
-481
-540
-595
-644
-690
-725
-747
-763
-768
-764
-751
-738
-721
-695
-658
-626
-591
-555
-509
-464
-419
-369
-323
-270
-227
-180
-131
-81
-30
12
53
91
130
160
187
219
246
269
286
301
317
326
327
332
338
345
349
349
350
355
362
368
378
391
401
415
426
438
454
463
469
468
467
465
456
444
420
395
362
320
270
216
158
96
32
-30
-89
-150
-218
-278
-327
-369
-410
-450
-485
-513
-534
-551
-561
-566
-566
-558
-546
-532
-511
-485
-460
-434
-411
-381
-352
-322
-292
-255
-221
-187
-154
-123
-84
-56
-27
-5
25
49
71
96
118
143
162
177
190
205
219
225
231
236
247
255
262
270
280
289
297
305
316
332
345
351
362
375
385
388
392
393
388
379
364
349
325
293
255
214
177
134
89
37
-13
-60
-106
-149
-190
-224
-254
-286
-318
-343
-365
-382
-400
-416
-420
-419
-418
-416
-408
-397
-387
-372
-357
-338
-317
-299
-279
-259
-237
-214
-193
-168
-144
-115
-91
-68
-45
-22
3
18
39
59
80
101
119
134
144
156
164
168
173
182
190
199
209
219
234
244
256
266
276
285
294
302
310
315
312
309
306
298
287
270
250
229
204
177
148
115
79
45
12
-20
-50
-86
-119
-148
-178
-202
-223
-242
-261
-276
-287
-298
-307
-313
-314
-313
-310
-304
-300
-292
-281
-268
-257
-243
-226
-209
-189
-172
-148
-131
-112
-92
-68
-43
-25
-3
17
37
52
69
86
99
111
116
127
134
145
152
156
162
170
176
179
186
193
200
206
215
225
231
235
238
240
239
237
237
229
218
206
195
181
166
148
126
104
80
55
30
5
-24
-50
-73
-95
-114
-131
-151
-169
-185
-200
-211
-224
-234
-244
-248
-253
-255
-256
-254
-249
-245
-238
-230
-221
-212
-198
-181
-164
-143
-124
-106
-85
-64
-38
-18
0
14
32
49
66
81
90
101
109
118
126
133
139
142
147
149
154
156
158
162
164
166
169
171
172
171
168
164
159
155
152
144
134
124
115
103
91
78
61
45
27
11
-5
-21
-40
-58
-75
-94
-107
-123
-136
-148
-160
-170
-178
-184
-190
-196
-201
-205
-209
-211
-209
-209
-206
-202
-196
-189
-180
-168
-157
-140
-126
-109
-95
-77
-57
-34
-14
5
23
42
62
77
94
109
121
129
138
148
154
156
158
164
167
169
171
172
174
175
177
179
178
175
175
174
174
175
173
168
161
154
145
132
119
105
90
75
58
43
24
4
-11
-27
-42
-58
-72
-85
-100
-113
-125
-134
-144
-154
-163
-170
-176
-182
-189
-196
-200
-202
-205
-205
-202
-200
-199
-192
-185
-175
-165
-155
-144
-127
-111
-95
-76
-57
-39
-25
-8
11
32
50
65
80
96
109
117
121
127
134
138
142
144
146
143
140
140
141
140
139
138
138
136
133
129
126
124
119
115
109
103
95
88
80
65
52
39
30
19
8
-1
-11
-21
-31
-43
-53
-62
-73
-81
-90
-95
-102
-107
-111
-117
-121
-127
-133
-136
-142
-147
-150
-153
-156
-156
-153
-153
-149
-143
-134
-123
-107
-93
-76
-60
-42
-22
-6
10
21
35
45
56
67
76
85
88
91
93
95
95
94
91
90
88
88
88
89
91
90
91
94
97
99
103
104
105
105
102
101
99
95
91
82
77
73
70
61
52
42
31
19
7
0
-9
-21
-33
-42
-48
-55
-63
-71
-75
-81
-87
-93
-96
-102
-111
-116
-120
-122
-124
-125
-126
-125
-125
-122
-116
-109
-101
-93
-78
-63
-50
-41
-29
-17
-6
4
14
26
37
46
53
58
62
65
67
69
70
71
69
66
63
62
62
60
59
61
64
65
64
66
66
68
67
70
75
80
80
80
77
68
58
49
41
32
22
14
8
3
-6
-19
-28
-35
-43
-51
-56
-63
-70
-79
-85
-91
-96
-101
-105
-106
-109
-113
-119
-123
-125
-127
-125
-121
-114
-109
-103
-93
-85
-75
-65
-52
-39
-27
-15
-4
8
23
34
41
49
54
59
65
69
74
74
74
74
72
71
70
71
69
68
68
70
72
76
80
81
83
84
88
91
91
94
95
100
102
101
101
99
96
90
84
75
68
61
51
40
31
20
13
4
-5
-13
-21
-30
-38
-48
-61
-74
-84
-95
-105
-110
-116
-120
-127
-132
-136
-138
-144
-145
-142
-139
-135
-130
-121
-111
-103
-93
-82
-68
-57
-48
-38
-29
-22
-16
-9
-2
3
9
13
17
17
18
21
23
23
24
26
32
38
45
51
56
63
70
78
86
94
104
110
115
120
125
129
131
132
129
127
125
119
115
108
101
92
82
72
65
55
44
32
21
10
-4
-17
-32
-45
-56
-68
-79
-88
-95
-101
-108
-113
-116
-121
-126
-130
-132
-133
-133
-131
-129
-123
-115
-107
-101
-92
-80
-70
-59
-48
-39
-29
-24
-22
-19
-18
-16
-14
-12
-10
-6
-3
-1
0
2
2
3
6
14
18
23
32
41
49
57
65
77
88
99
108
115
122
123
126
129
130
132
131
127
124
118
110
101
91
82
73
67
60
55
51
42
32
22
13
4
-3
-8
-15
-23
-31
-39
-49
-63
-73
-80
-87
-91
-95
-97
-99
-100
-100
-98
-96
-90
-86
-80
-74
-69
-66
-65
-65
-63
-61
-59
-60
-61
-60
-64
-64
-63
-61
-61
-60
-58
-55
-51
-49
-46
-44
-38
-32
-25
-16
-4
8
21
31
44
57
69
83
94
107
115
121
123
122
120
114
112
108
105
100
94
88
79
72
67
62
56
48
43
38
32
25
20
15
9
1
-4
-9
-15
-21
-30
-37
-42
-46
-49
-54
-59
-63
-67
-69
-73
-74
-76
-76
-75
-73
-70
-69
-66
-63
-59
-57
-52
-50
-46
-44
-44
-41
-38
-37
-35
-32
-30
-25
-20
-17
-13
-6
0
7
14
22
30
40
49
58
66
71
77
81
86
89
91
93
93
91
88
85
83
81
79
76
74
72
67
63
58
52
45
37
29
22
12
0
-8
-14
-22
-29
-39
-46
-54
-61
-70
-76
-83
-90
-97
-99
-100
-99
-98
-95
-90
-86
-80
-74
-65
-55
-46
-37
-29
-23
-18
-15
-11
-9
-7
-8
-9
-8
-8
-7
-7
-7
-7
-5
-2
-1
7
11
16
21
26
33
40
46
52
56
61
65
69
72
72
73
72
69
66
62
58
52
48
45
41
36
30
27
24
20
18
14
12
9
7
3
0
-4
-10
-13
-20
-26
-31
-39
-49
-58
-65
-70
-73
-76
-77
-76
-73
-67
-60
-51
-43
-35
-27
-19
-13
-8
-3
-1
0
2
0
0
-2
-4
-9
-14
-15
-16
-16
-12
-10
-5
-1
1
5
8
14
18
25
32
41
52
59
66
72
76
77
77
75
71
68
63
55
46
37
30
22
14
10
9
8
8
10
10
11
10
10
7
5
0
-7
-14
-20
-27
-31
-37
-45
-52
-61
-69
-77
-82
-85
-87
-89
-88
-83
-76
-70
-64
-56
-50
-44
-37
-28
-21
-14
-9
-3
3
8
11
12
11
9
10
9
8
6
7
9
10
11
14
19
23
28
35
42
49
54
60
64
66
68
69
68
67
65
61
53
48
41
34
27
18
12
7
5
4
4
5
6
8
11
14
15
13
10
8
5
1
-7
-14
-22
-27
-37
-45
-53
-59
-64
-67
-69
-71
-70
-68
-63
-59
-55
-48
-41
-35
-27
-18
-9
-3
0
4
7
11
14
16
18
18
17
16
13
10
8
7
6
8
6
9
12
14
16
17
18
19
21
26
31
37
41
45
47
46
45
42
36
33
28
23
19
16
13
9
4
1
0
1
0
-1
-2
-1
-3
-4
-5
-4
-7
-9
-13
-17
-21
-26
-30
-33
-37
-41
-45
-47
-49
-48
-47
-45
-44
-43
-40
-38
-34
-27
-23
-17
-10
-3
6
13
16
18
22
24
25
24
25
23
22
18
15
14
13
12
12
12
12
12
14
15
20
22
22
20
20
18
16
15
12
10
7
3
-1
-4
-8
-11
-15
-20
-25
-30
-35
-39
-39
-37
-31
-29
-26
-24
-21
-18
-15
-10
-7
-2
3
4
4
2
-2
-3
-6
-9
-12
-16
-16
-16
-16
-13
-12
-9
-5
-2
3
7
11
15
20
28
33
40
47
52
57
61
65
68
69
66
63
62
57
53
48
42
38
32
27
23
18
14
14
9
4
1
-3
-8
-10
-13
-13
-11
-12
-14
-17
-21
-26
-32
-37
-41
-43
-47
-50
-51
-52
-53
-52
-52
-51
-50
-47
-44
-41
-36
-33
-30
-26
-24
-25
-28
-30
-33
-34
-37
-38
-38
-37
-38
-37
-36
-36
-34
-30
-23
-15
-9
-2
10
22
30
37
42
49
50
51
52
55
56
58
58
56
54
53
53
50
47
42
38
32
28
24
23
22
21
22
21
20
18
15
13
7
2
-2
-6
-10
-14
-18
-21
-22
-22
-23
-26
-29
-30
-29
-25
-21
-18
-14
-8
-2
2
3
3
4
2
0
-2
-1
-4
-6
-7
-10
-14
-18
-21
-24
-25
-25
-23
-23
-19
-18
-17
-14
-11
-4
0
7
15
21
26
28
31
31
33
35
36
36
35
32
29
26
22
19
14
9
4
0
-5
-7
-11
-10
-9
-8
-8
-9
-9
-11
-12
-14
-14
-15
-14
-14
-15
-15
-18
-20
-22
-23
-21
-16
-10
-4
2
8
11
15
17
17
20
23
25
28
29
29
26
21
16
12
8
4
1
-1
-2
-3
-8
-13
-17
-22
-25
-26
-28
-30
-29
-28
-23
-20
-17
-14
-10
-9
-5
-4
-4
-4
-1
0
0
-1
-2
-3
-5
-9
-13
-13
-12
-10
-8
-6
-5
-6
-6
-9
-8
-7
-4
1
3
5
2
0
0
-1
-3
-4
-2
-1
4
4
5
4
2
1
0
0
1
2
4
7
12
14
17
19
21
23
25
27
25
23
20
17
14
12
9
6
6
5
3
3
1
0
0
1
2
4
5
3
4
5
7
10
13
14
15
12
9
8
6
6
6
7
7
5
6
2
-3
-7
-9
-10
-11
-9
-11
-10
-9
-9
-9
-11
-16
-17
-19
-19
-20
-22
-24
-26
-27
-29
-31
-28
-25
-21
-17
-14
-11
-7
-4
-1
5
11
13
17
21
24
27
30
33
34
36
37
36
33
28
23
19
14
8
5
1
-5
-9
-13
-17
-18
-19
-15
-14
-11
-7
-4
0
4
5
8
12
14
15
18
18
18
17
14
10
7
4
-1
-2
-4
-6
-9
-16
-23
-27
-29
-30
-30
-31
-31
-28
-27
-26
-24
-23
-21
-21
-21
-22
-25
-28
-29
-28
-26
-25
-23
-21
-16
-16
-13
-9
-4
1
7
11
14
16
18
20
24
24
23
22
20
18
15
15
12
9
7
5
3
1
-2
-6
-9
-10
-12
-9
-9
-8
-5
-2
-1
0
4
8
10
11
14
16
18
21
24
25
26
26
26
29
28
26
26
28
28
29
28
27
27
26
26
27
27
28
28
27
24
22
19
16
14
14
15
15
16
15
16
16
13
12
12
14
16
17
19
21
21
22
22
24
24
22
20
15
6
-2
-12
-22
-32
-43
-51
-60
-69
-80
-91
-101
-109
-114
-119
-122
-124
-123
-121
-117
-111
-105
-99
-93
-87
-80
-76
-69
-61
-52
-44
-35
-28
-20
-12
-4
4
13
19
25
30
35
40
43
49
52
53
57
61
66
69
73
76
77
80
83
86
89
91
95
99
103
105
107
107
106
107
107
108
107
104
102
100
94
90
84
75
68
59
47
34
17
0
-15
-28
-42
-55
-68
-81
-92
-103
-116
-124
-130
-131
-133
-134
-133
-133
-131
-131
-128
-126
-121
-113
-107
-103
-96
-88
-79
-70
-60
-49
-41
-34
-27
-20
-11
-4
4
12
19
28
34
38
41
46
50
53
54
55
57
59
59
61
62
63
64
63
63
63
64
66
66
68
71
73
75
76
77
76
76
73
73
74
74
74
75
73
67
60
49
41
32
24
16
7
-2
-7
-16
-27
-38
-48
-57
-63
-65
-68
-71
-73
-73
-74
-75
-74
-71
-69
-67
-65
-63
-60
-58
-56
-54
-53
-50
-48
-46
-43
-40
-36
-33
-29
-27
-24
-24
-25
-23
-22
-25
-26
-27
-29
-29
-31
-33
-34
-33
-33
-31
-27
-22
-15
-10
-6
-2
2
5
10
16
22
29
35
44
49
55
57
59
62
62
63
65
66
69
70
70
67
64
60
55
49
46
42
40
36
33
29
26
21
16
14
10
7
4
5
4
6
7
9
9
7
4
0
-1
-3
-6
-6
-5
-6
-7
-8
-7
-10
-11
-14
-15
-18
-21
-22
-25
-30
-36
-40
-44
-49
-52
-57
-58
-60
-59
-61
-63
-65
-66
-67
-66
-62
-57
-51
-44
-40
-34
-29
-21
-14
-6
4
12
21
27
33
38
41
43
47
50
54
55
57
60
60
56
56
57
57
55
55
57
57
56
54
51
49
44
42
37
33
30
28
25
23
20
19
15
11
6
3
0
-2
-5
-7
-9
-11
-14
-17
-21
-25
-30
-34
-39
-43
-46
-50
-54
-58
-61
-65
-71
-78
-82
-84
-85
-88
-89
-90
-91
-91
-90
-86
-80
-74
-67
-57
-47
-37
-28
-20
-11
0
8
17
25
32
41
50
57
59
62
66
68
73
79
85
88
92
93
91
87
83
81
78
76
74
72
70
65
63
57
52
43
36
31
26
22
17
14
12
9
5
1
-3
-7
-12
-16
-18
-23
-28
-36
-41
-46
-53
-57
-60
-62
-62
-64
-63
-63
-63
-64
-66
-68
-69
-67
-65
-60
-53
-47
-40
-35
-32
-28
-25
-22
-16
-9
-1
6
12
19
24
31
35
39
43
49
54
56
56
58
56
55
51
48
47
42
38
35
32
29
24
20
16
11
8
4
3
1
1
2
2
1
-5
-11
-18
-23
-25
-26
-27
-29
-30
-26
-24
-24
-23
-21
-22
-21
-20
-19
-17
-12
-10
-11
-8
-9
-11
-11
-11
-10
-10
-9
-10
-10
-10
-12
-14
-14
-16
-16
-14
-11
-9
-6
-4
-2
0
1
1
4
8
12
18
24
28
31
32
31
31
32
34
34
36
37
39
41
40
36
31
28
24
21
20
19
17
17
13
10
7
4
3
0
0
-1
-4
-5
-8
-12
-16
-20
-24
-28
-31
-33
-34
-37
-40
-43
-44
-44
-44
-44
-43
-41
-39
-35
-32
-31
-30
-30
-32
-32
-32
-31
-30
-28
-25
-24
-21
-20
-16
-14
-10
-6
0
8
16
23
29
37
43
49
54
59
65
70
74
77
80
78
77
74
71
68
66
62
57
52
48
42
35
28
21
12
4
-2
-7
-13
-19
-22
-23
-26
-30
-35
-40
-44
-46
-48
-50
-49
-49
-51
-52
-55
-60
-62
-63
-62
-61
-56
-49
-42
-37
-34
-31
-27
-24
-23
-22
-18
-14
-12
-11
-11
-7
-6
-7
-7
-8
-7
-6
-3
-1
3
7
12
17
22
28
36
43
49
54
59
64
68
70
71
74
74
72
71
69
67
66
63
59
54
48
43
39
33
27
22
16
10
2
-7
-15
-24
-31
-37
-43
-47
-51
-54
-57
-60
-64
-70
-72
-75
-77
-78
-78
-77
-76
-75
-74
-72
-67
-63
-58
-53
-46
-40
-33
-26
-20
-15
-11
-8
-3
1
6
11
18
24
28
32
35
36
39
45
50
57
61
65
68
71
73
71
72
71
72
73
71
71
71
71
70
67
64
58
53
45
38
32
26
20
14
7
0
-7
-16
-25
-32
-37
-42
-47
-51
-53
-57
-60
-62
-65
-69
-72
-75
-77
-77
-78
-76
-77
-75
-73
-69
-64
-57
-50
-45
-42
-40
-38
-37
-34
-30
-28
-24
-19
-13
-8
-2
5
10
17
19
21
24
29
36
42
46
49
52
54
56
58
60
65
69
73
78
81
83
85
86
87
86
85
82
77
72
67
61
54
49
42
35
27
21
15
9
1
-8
-15
-20
-26
-32
-40
-47
-55
-63
-72
-80
-87
-92
-94
-96
-98
-99
-99
-98
-96
-91
-85
-79
-74
-68
-65
-62
-59
-53
-49
-45
-38
-31
-24
-18
-14
-9
-5
0
5
11
19
28
34
38
41
42
45
50
54
59
65
67
70
71
72
75
75
77
75
75
71
68
63
59
57
53
53
50
47
43
38
34
29
24
19
15
10
6
0
-4
-7
-11
-17
-22
-27
-31
-35
-39
-44
-48
-52
-54
-56
-58
-59
-58
-58
-58
-58
-59
-59
-57
-54
-49
-46
-43
-40
-38
-34
-30
-27
-24
-18
-15
-11
-9
-5
-2
-2
-1
1
4
6
7
10
12
15
17
20
22
26
28
29
30
31
34
37
38
40
42
42
41
36
33
31
33
32
33
34
34
33
32
30
28
30
33
34
32
30
28
24
20
15
11
4
-2
-9
-15
-21
-26
-32
-36
-39
-42
-46
-50
-52
-51
-51
-50
-51
-52
-52
-52
-50
-47
-42
-38
-32
-29
-24
-20
-16
-13
-10
-9
-6
-3
0
3
6
9
10
11
12
13
12
15
15
18
20
23
27
32
36
37
37
39
38
37
36
37
37
38
38
39
39
35
32
31
31
29
27
25
21
14
7
2
-2
-4
-6
-8
-10
-12
-17
-19
-22
-25
-28
-30
-32
-33
-38
-43
-47
-50
-52
-52
-52
-50
-47
-44
-40
-38
-36
-33
-28
-23
-19
-14
-11
-10
-6
-5
-4
-2
0
4
6
7
7
9
11
15
18
20
21
19
16
15
14
15
17
18
19
21
24
25
28
28
30
31
32
31
30
30
29
30
29
28
26
23
22
21
21
19
15
12
10
10
10
9
9
7
5
0
-4
-7
-12
-19
-23
-25
-28
-28
-29
-31
-33
-32
-32
-34
-35
-36
-36
-35
-31
-27
-24
-19
-16
-14
-10
-9
-8
-6
-3
-1
0
2
4
6
7
5
5
5
6
7
7
8
9
9
9
10
13
16
19
21
23
24
24
24
21
22
22
23
25
24
24
21
20
18
16
16
16
15
14
13
13
11
5
1
-4
-7
-11
-14
-17
-20
-24
-29
-33
-35
-38
-39
-40
-42
-41
-41
-41
-39
-38
-37
-36
-34
-32
-31
-29
-29
-27
-24
-21
-16
-10
-5
-4
-4
-2
-1
1
4
6
10
15
17
19
21
25
27
27
30
33
34
36
36
36
38
38
39
40
38
35
33
31
30
29
27
26
25
22
22
21
20
21
23
21
19
18
17
15
13
11
9
5
-1
-5
-8
-12
-17
-19
-21
-23
-28
-32
-35
-37
-39
-39
-39
-41
-40
-37
-36
-36
-36
-37
-37
-36
-35
-33
-31
-26
-24
-19
-19
-18
-19
-16
-12
-10
-8
-5
-1
4
9
14
18
21
24
27
29
30
28
28
30
29
28
26
23
19
16
14
13
14
14
13
14
15
15
16
15
14
15
17
18
18
18
18
16
13
11
8
6
5
5
6
5
3
-2
-6
-8
-11
-14
-16
-17
-19
-22
-25
-27
-30
-31
-31
-29
-27
-25
-24
-24
-23
-22
-20
-21
-20
-22
-22
-22
-21
-20
-18
-16
-13
-11
-9
-7
-6
-4
-1
3
6
8
10
15
19
20
21
21
18
17
17
18
18
19
19
15
13
15
16
18
21
21
21
22
20
19
18
21
22
22
23
25
25
25
24
22
21
19
17
15
9
7
4
0
-4
-8
-11
-16
-20
-23
-26
-28
-30
-32
-35
-39
-39
-40
-39
-40
-41
-42
-41
-41
-42
-39
-37
-34
-29
-26
-20
-17
-11
-7
-3
3
6
9
11
13
16
20
23
28
30
30
31
33
34
34
37
39
39
38
37
36
36
35
34
32
30
29
28
27
25
24
23
21
18
15
12
11
9
8
9
9
8
7
6
4
3
1
1
-2
-6
-12
-16
-22
-28
-33
-37
-40
-42
-43
-45
-47
-47
-48
-49
-50
-51
-50
-52
-51
-49
-47
-45
-43
-39
-34
-28
-22
-18
-13
-9
-7
-2
2
4
5
6
7
9
10
10
10
10
10
12
14
14
15
14
14
15
16
18
18
20
21
22
23
23
23
23
24
26
28
31
32
33
34
35
36
36
35
34
33
32
33
32
32
30
28
29
30
29
27
21
18
13
7
1
-5
-10
-15
-19
-21
-26
-29
-35
-41
-44
-46
-45
-44
-43
-42
-41
-41
-41
-39
-36
-34
-32
-29
-26
-22
-21
-17
-14
-9
-6
-1
3
8
12
13
13
12
12
10
8
8
9
9
8
9
10
14
15
17
19
21
20
20
21
19
19
18
20
22
22
21
20
18
17
20
22
21
22
20
18
13
7
1
-4
-6
-7
-8
-10
-13
-15
-18
-19
-21
-23
-26
-28
-29
-29
-31
-33
-37
-39
-42
-44
-43
-42
-40
-37
-33
-30
-26
-22
-19
-13
-5
0
3
7
11
15
18
21
21
21
20
18
20
19
18
18
15
14
9
5
1
0
0
0
0
-1
2
1
4
6
8
10
13
18
23
27
30
30
31
29
26
24
21
18
16
16
14
11
8
4
2
1
1
1
3
5
6
7
7
6
5
3
0
-2
-4
-8
-10
-11
-10
-12
-15
-17
-20
-21
-22
-24
-22
-18
-16
-13
-11
-10
-10
-9
-7
-2
3
6
8
11
12
13
11
9
6
3
0
-2
-3
-2
-3
-4
-5
-3
-2
-1
2
4
7
10
12
11
12
10
11
9
9
8
7
7
5
3
-1
-4
-4
-7
-7
-9
-11
-13
-16
-18
-23
-27
-29
-32
-31
-29
-28
-26
-26
-27
-27
-28
-27
-27
-24
-24
-21
-19
-15
-11
-6
-1
4
6
11
15
19
22
24
27
29
33
37
38
38
37
38
37
38
39
41
42
40
39
35
29
26
24
22
18
14
9
4
0
-5
-11
-14
-15
-17
-18
-19
-19
-18
-19
-20
-18
-19
-20
-19
-17
-14
-14
-15
-17
-17
-18
-18
-16
-14
-16
-16
-19
-24
-25
-30
-35
-37
-38
-36
-34
-34
-32
-29
-25
-21
-17
-12
-9
-7
-5
-3
-1
1
4
4
5
5
5
7
7
8
9
10
9
9
10
12
15
16
17
20
23
26
34
40
49
58
67
74
79
85
89
92
94
93
92
89
85
77
71
65
59
53
45
38
29
21
12
7
1
-7
-13
-16
-22
-27
-32
-35
-40
-42
-45
-49
-54
-58
-61
-64
-69
-72
-79
-83
-87
-91
-96
-98
-98
-102
-103
-105
-105
-102
-97
-90
-84
-77
-70
-63
-54
-47
-41
-34
-28
-22
-18
-14
-10
-6
-4
-2
2
5
8
11
13
17
19
24
29
34
41
46
52
59
62
65
68
72
