10
10
11
10
10
9
9
8
6
5
4
2
2
3
2
2
2
3
2
0
1
2
1
1
0
1
1
2
2
2
2
1
1
1
0
-2
-2
-2
-3
-4
-4
-5
-6
-6
-6
-6
-6
-6
-7
-6
-6
-6
-6
-4
-6
-7
-6
-7
-6
-6
-7
-9
-8
-9
-9
-11
-11
-11
-11
-12
-12
-12
-12
-12
-13
-12
-13
-13
-12
-11
-10
-9
-9
-8
-7
-7
-7
-5
-5
-4
-4
-2
-2
0
1
1
2
1
2
2
2
3
5
5
6
7
9
9
10
11
11
13
13
13
14
15
15
15
14
15
14
13
12
13
13
12
12
12
10
10
9
8
8
6
5
5
3
2
0
0
0
0
0
-1
-2
-3
-4
-3
-3
-4
-3
-2
-2
-3
-3
-1
-2
-1
0
0
1
0
1
0
0
0
0
-1
-1
-2
-3
-4
-5
-6
-6
-8
-9
-9
-9
-9
-10
-10
-9
-10
-10
-10
-9
-8
-8
-8
-7
-6
-5
-5
-4
-5
-5
-4
-4
-4
-4
-5
-4
-4
-4
-4
-5
-4
-5
-4
-3
-2
-1
0
0
0
0
0
2
1
3
4
4
5
6
7
8
7
7
8
7
7
7
6
6
6
4
5
5
4
5
6
6
6
7
7
6
7
6
6
6
5
6
4
4
3
2
1
1
0
-1
-1
-2
-2
-2
-3
-3
-4
-3
-4
-4
-5
-5
-5
-5
-5
-5
-5
-4
-4
-3
-3
-2
0
1
-1
0
1
2
2
3
4
4
6
5
6
5
7
8
9
8
8
8
7
7
6
5
6
6
4
4
3
3
2
2
1
1
1
1
0
-1
0
-1
-1
-2
-2
-2
-3
-4
-4
-4
-3
-5
-4
-4
-6
-6
-6
-6
-7
-7
-7
-8
-7
-7
-7
-7
-5
-4
-5
-4
-4
-3
-3
-4
-2
-1
-2
-2
0
1
0
0
-1
0
0
1
0
0
0
0
-1
-1
-1
-2
-2
-1
-1
0
-1
0
-1
0
0
-1
-1
-1
-2
-1
0
-1
-1
-1
-1
-1
-1
-2
-3
-3
-4
-5
-4
-5
-5
-5
-4
-3
-3
-2
-2
-1
-2
-2
-1
-2
-2
-2
-4
-2
-1
-1
-1
-1
0
0
1
3
2
3
3
3
3
3
4
5
5
6
7
7
9
7
7
8
8
7
7
8
9
9
9
8
8
8
8
9
7
6
6
7
7
7
7
7
7
6
6
6
6
6
6
5
4
4
3
3
4
2
1
0
0
-1
-1
-1
-1
-2
-2
-3
-3
-3
-4
-5
-5
-4
-6
-6
-6
-6
-5
-6
-5
-5
-6
-7
-8
-9
-8
-8
-7
-7
-6
-6
-6
-6
-6
-7
-7
-6
-6
-6
-5
-5
-5
-5
-4
-4
-4
-5
-6
-5
-5
-5
-3
-4
-4
-5
-5
-4
-5
-5
-4
-5
-4
-5
-4
-3
-4
-2
-2
-2
-1
-1
-2
-1
0
0
1
0
1
2
1
2
3
3
4
3
4
4
5
6
5
6
7
6
6
5
5
5
6
5
5
5
7
6
6
6
6
6
4
4
4
5
4
3
3
2
3
2
2
3
2
3
4
4
3
4
5
4
4
4
4
4
3
4
2
2
1
2
2
2
2
3
3
3
2
2
1
1
0
1
1
0
0
0
0
-1
-2
-1
-2
-2
-3
-4
-4
-3
-2
-1
-3
-4
-3
-3
-3
-2
-3
-4
-2
-3
-1
-1
0
1
1
1
1
-1
-2
-2
-2
-2
-1
-1
-1
-1
-1
-2
-3
-4
-4
-4
-3
-4
-3
-3
-2
-2
-2
-3
-2
-2
-2
-2
0
-1
1
1
1
1
-1
-1
-2
-4
-5
-3
-4
-5
-4
-5
-6
-6
-6
-6
-6
-6
-4
-4
-3
-3
-1
0
-2
-2
-3
-3
-3
-1
-2
0
0
1
0
0
-1
-1
-1
-1
-1
1
1
1
3
3
6
5
6
6
5
5
6
7
8
10
10
11
10
10
10
10
9
10
9
10
10
11
13
12
13
13
12
10
10
9
9
8
8
7
5
6
5
4
3
3
2
1
2
1
1
0
-2
-3
-5
-5
-5
-6
-6
-5
-6
-6
-8
-9
-9
-11
-11
-12
-12
-12
-12
-13
-14
-15
-15
-17
-17
-17
-17
-16
-16
-16
-13
-14
-15
-14
-14
-15
-15
-15
-14
-14
-14
-13
-14
-13
-12
-10
-11
-10
-8
-7
-6
-6
-5
-6
-5
-3
-2
-1
0
0
2
3
5
6
6
6
7
6
8
9
9
9
11
11
10
11
11
12
12
12
15
16
17
18
20
19
18
16
14
13
13
13
16
16
17
17
18
17
16
16
17
16
16
17
18
18
20
18
17
14
10
7
8
6
7
6
5
6
5
1
0
-1
-3
-5
-7
-10
-9
-11
-10
-7
-6
-6
-6
-9
-11
-12
-14
-13
-11
-9
-8
-7
-11
-11
-11
-15
-17
-20
-19
-17
-16
-14
-12
-11
-11
-11
-13
-12
-8
-7
-4
-1
-1
1
-1
-4
-2
-1
0
3
3
4
7
7
6
8
9
9
8
6
3
1
-4
-6
-4
-4
0
3
2
1
-2
-7
-9
-9
-9
-4
0
5
8
7
6
4
3
0
0
0
-1
-2
-4
-4
-1
-3
-3
-1
-1
1
-1
-4
-3
-2
-6
-8
-10
-11
-8
-11
-13
-12
-10
-12
-13
-14
-12
-4
-2
-3
-3
-1
0
-2
-8
-6
0
-1
-3
-2
2
5
0
-6
-4
-1
-1
-3
-3
2
4
1
-4
-2
7
14
15
15
21
23
15
6
8
18
24
25
21
20
17
5
-5
-3
10
23
24
22
20
16
8
-1
8
30
36
28
8
-5
-15
-24
-28
-9
41
64
37
-4
-43
-58
-70
-82
-62
-10
38
39
5
-28
-39
-42
-43
-44
-25
1
7
-9
-29
-31
-22
-14
-3
7
15
12
2
-7
-5
0
6
10
17
29
30
26
26
32
40
43
42
48
56
55
48
35
21
14
4
-1
4
11
15
16
11
9
9
1
-4
2
13
19
21
16
10
9
-1
-20
-26
-19
0
8
8
10
6
2
-19
-55
-53
-38
-34
-28
-46
-82
-93
-99
-112
-97
-50
-31
-29
-46
-112
-129
-101
-87
-33
10
21
39
18
-25
-32
-11
20
45
49
36
28
18
-1
5
17
31
50
35
9
-7
-28
-18
1
19
51
55
48
42
20
2
13
36
61
91
97
94
91
76
53
39
37
41
41
33
31
30
34
30
17
22
30
15
-4
-17
-20
-13
-7
-15
-7
10
7
-5
-25
-35
-20
-9
-19
-17
-3
12
18
1
-14
-6
1
-13
-28
-29
-9
6
0
-6
1
-1
-23
-49
-60
-49
-32
-26
-14
4
12
-4
-32
-46
-41
-30
-25
-18
-2
8
-2
-22
-27
-14
-7
-12
-16
-12
-10
-23
-43
-43
-23
-11
-10
-11
-3
6
4
-6
-6
3
2
-10
-23
-28
-27
-30
-32
-24
-15
-10
-9
-6
6
24
35
39
45
39
28
10
-1
0
3
3
7
8
6
2
-2
7
22
36
38
34
23
7
-3
-4
4
22
34
35
28
18
7
-1
-2
3
11
21
22
13
1
-8
-12
-9
-5
6
20
26
18
6
-3
-9
-17
-18
-14
-11
-10
-14
-16
-12
-6
0
6
9
9
2
-10
-16
-17
-17
-17
-13
-8
-8
-18
-25
-22
-10
-1
3
10
16
20
16
3
-7
-9
-10
-14
-15
-12
-1
6
7
5
4
4
-1
-8
-12
-9
2
8
12
16
17
13
8
5
9
16
22
29
37
40
42
41
42
49
57
64
65
57
50
39
31
28
29
29
31
32
28
21
14
6
4
1
-5
-12
-15
-18
-18
-17
-20
-23
-23
-27
-30
-32
-32
-25
-18
-17
-19
-21
-27
-35
-48
-52
-49
-42
-45
-54
-61
-66
-68
-73
-77
-74
-68
-71
-79
-86
-87
-80
-75
-69
-60
-46
-38
-36
-39
-39
-30
-19
-14
-8
-1
11
22
29
35
45
59
69
72
70
67
66
64
59
54
51
47
47
44
44
48
52
53
50
44
40
37
40
41
45
52
56
57
52
45
41
39
37
32
27
21
14
4
-3
-6
-8
-13
-19
-24
-30
-40
-56
-73
-90
-105
-118
-127
-130
-132
-129
-127
-124
-119
-111
-101
-90
-78
-66
-53
-39
-28
-14
4
24
47
67
87
107
122
133
143
150
154
157
158
160
165
168
169
169
166
161
152
142
138
139
139
136
132
129
130
124
115
111
108
100
87
70
56
45
29
12
-4
-19
-35
-57
-81
-102
-122
-145
-171
-198
-225
-258
-291
-325
-351
-371
-386
-396
-399
-391
-382
-367
-354
-338
-315
-293
-274
-256
-231
-201
-168
-130
-91
-46
0
46
92
134
172
205
235
260
282
300
313
326
338
349
361
373
383
388
389
387
382
371
355
336
316
295
271
248
225
206
188
168
144
115
82
48
9
-33
-76
-120
-163
-203
-243
-279
-315
-350
-379
-410
-439
-472
-502
-528
-552
-572
-581
-582
-573
-557
-537
-511
-477
-438
-398
-352
-300
-246
-191
-135
-77
-16
44
101
159
218
277
333
385
432
476
515
544
567
582
589
594
596
595
590
583
576
563
546
526
503
480
455
424
392
354
314
273
228
185
138
88
41
-6
-54
-103
-152
-199
-245
-290
-333
-374
-415
-459
-502
-543
-581
-615
-642
-664
-675
-681
-681
-675
-661
-643
-614
-578
-534
-483
-430
-373
-311
-248
-187
-122
-54
14
82
148
208
267
323
381
432
480
523
561
591
614
630
638
641
638
628
613
592
571
548
521
494
469
444
410
373
335
298
257
215
174
128
80
29
-22
-74
-124
-171
-219
-262
-305
-345
-388
-430
-471
-512
-554
-595
-634
-668
-696
-715
-732
-740
-738
-730
-716
-694
-665
-631
-590
-544
-491
-435
-379
-319
-254
-187
-117
-49
18
86
155
220
279
337
392
441
488
529
564
592
615
632
643
645
643
635
623
607
589
568
545
520
495
467
441
413
382
347
309
267
221
172
123
75
27
-20
-69
-118
-165
-209
-252
-295
-336
-376
-415
-455
-496
-535
-569
-597
-620
-639
-654
-660
-659
-650
-635
-609
-571
-530
-486
-439
-387
-333
-273
-213
-151
-85
-16
52
119
186
254
320
382
442
497
547
592
627
657
678
692
700
702
698
689
675
659
641
619
594
567
539
508
471
434
394
351
300
246
191
133
74
13
-47
-104
-161
-215
-269
-324
-375
-426
-476
-524
-572
-618
-663
-705
-744
-781
-813
-836
-850
-854
-852
-841
-822
-794
-759
-717
-670
-616
-557
-497
-432
-364
-294
-221
-147
-71
9
91
169
245
323
396
462
524
579
629
672
707
731
747
760
767
769
764
757
748
737
722
703
679
647
613
578
537
492
443
391
336
277
215
151
89
26
-37
-97
-156
-213
-271
-326
-383
-438
-493
-547
-599
-649
-696
-737
-772
-802
-823
-835
-839
-833
-821
-799
-769
-729
-686
-638
-582
-523
-459
-389
-319
-245
-169
-96
-20
61
142
224
302
381
452
518
578
631
678
719
751
775
792
803
806
803
797
784
766
745
723
697
665
628
588
546
495
440
380
319
254
188
119
50
-19
-86
-154
-217
-277
-337
-395
-450
-504
-558
-612
-663
-709
-754
-793
-825
-856
-876
-886
-891
-887
-872
-848
-816
-774
-726
-672
-614
-551
-485
-417
-346
-271
-195
-118
-39
44
129
209
290
372
448
518
584
643
695
739
774
801
822
834
837
838
832
824
809
786
765
740
710
678
643
604
558
505
449
388
324
259
192
126
56
-10
-77
-143
-208
-270
-333
-393
-449
-504
-559
-612
-661
-710
-755
-791
-826
-852
-870
-879
-880
-872
-854
-827
-794
-750
-703
-649
-587
-525
-459
-390
-317
-241
-165
-88
-6
76
155
230
305
379
447
511
571
623
667
702
729
749
762
766
763
757
745
731
711
690
668
639
608
575
539
499
453
401
349
294
234
173
112
49
-14
-76
-136
-194
-249
-306
-360
-410
-461
-510
-557
-603
-648
-690
-730
-764
-792
-813
-826
-827
-821
-807
-781
-750
-708
-660
-606
-546
-481
-415
-344
-272
-197
-124
-49
32
111
192
272
349
425
496
563
623
678
726
763
790
810
821
826
820
810
799
779
759
736
709
678
644
607
567
520
470
415
358
295
230
161
91
21
-50
-119
-186
-249
-312
-373
-433
-487
-542
-599
-650
-702
-750
-795
-838
-873
-903
-923
-937
-941
-935
-919
-891
-855
-810
-759
-699
-634
-564
-491
-415
-334
-253
-171
-89
-3
84
169
256
342
426
506
581
647
707
759
800
832
858
874
881
879
873
859
840
816
789
762
729
693
656
614
568
515
458
394
331
262
187
112
38
-36
-109
-177
-244
-306
-368
-426
-478
-531
-582
-630
-677
-721
-762
-799
-831
-855
-873
-883
-882
-872
-854
-825
-786
-738
-684
-622
-556
-486
-413
-340
-265
-190
-112
-35
44
124
203
280
358
432
503
568
627
679
724
757
781
797
806
806
796
781
762
739
713
681
650
618
582
544
506
463
416
363
308
250
188
122
58
-7
-73
-135
-196
-253
-305
-356
-405
-449
-489
-529
-568
-604
-637
-669
-698
-725
-747
-760
-767
-767
-755
-734
-705
-667
-621
-570
-513
-453
-389
-324
-259
-194
-126
-60
6
75
142
211
277
342
406
467
525
576
621
661
689
708
719
722
717
705
688
667
643
615
586
557
527
493
460
424
384
341
295
243
192
137
80
21
-36
-93
-146
-197
-245
-290
-331
-370
-406
-440
-475
-507
-537
-567
-597
-622
-647
-665
-677
-685
-683
-675
-659
-636
-606
-569
-526
-477
-426
-372
-317
-262
-206
-149
-93
-38
19
78
135
191
247
303
357
405
451
490
524
550
569
579
584
581
572
557
538
518
495
469
444
420
395
368
341
312
281
246
209
171
132
89
44
0
-43
-86
-125
-162
-197
-230
-261
-290
-315
-340
-365
-387
-410
-432
-453
-470
-487
-496
-504
-505
-499
-487
-468
-440
-408
-370
-327
-281
-234
-185
-135
-86
-36
13
60
107
156
203
252
299
343
387
427
462
493
516
536
545
549
546
535
519
496
469
440
409
376
344
313
281
252
222
191
157
121
82
41
1
-44
-90
-135
-180
-222
-262
-299
-331
-360
-388
-412
-432
-451
-471
-488
-504
-521
-534
-547
-557
-563
-563
-559
-546
-526
-499
-464
-422
-375
-325
-271
-215
-157
-101
-46
9
61
111
160
210
259
307
351
395
440
478
513
544
567
585
595
594
589
578
556
530
500
469
434
399
362
327
296
263
231
200
166
130
93
53
14
-27
-71
-113
-153
-192
-229
-262
-291
-319
-341
-360
-376
-387
-400
-410
-420
-429
-438
-444
-450
-453
-451
-447
-433
-414
-391
-362
-323
-281
-234
-187
-138
-87
-36
13
60
107
151
193
234
272
309
346
380
414
445
472
496
514
529
534
529
521
503
481
452
417
382
345
307
268
230
193
158
124
91
59
28
-6
-40
-77
-113
-151
-189
-227
-262
-295
-326
-351
-374
-392
-406
-418
-425
-431
-437
-442
-445
-450
-453
-455
-455
-453
-445
-434
-417
-392
-362
-326
-284
-238
-189
-140
-89
-39
9
55
98
140
179
217
254
288
324
357
388
420
448
472
491
506
517
515
508
494
473
447
416
383
348
315
278
244
211
179
149
120
92
63
31
-2
-34
-70
-108
-147
-185
-223
-260
-293
-321
-346
-367
-383
-396
-405
-411
-420
-425
-431
-437
-442
-446
-449
-448
-444
-436
-422
-400
-372
-340
-302
-257
-208
-159
-106
-54
-3
46
93
138
182
223
262
300
338
377
411
445
480
509
535
556
573
581
580
573
558
538
512
479
446
410
376
339
304
271
235
203
171
138
107
69
33
-5
-47
-89
-134
-176
-218
-258
-295
-328
-358
-381
-403
-419
-430
-442
-452
-460
-468
-474
-483
-489
-492
-493
-487
-478
-461
-437
-408
-369
-328
-280
-227
-175
-120
-63
-11
41
92
140
185
228
271
310
349
389
425
460
494
525
550
569
583
589
585
574
555
530
498
463
426
385
343
302
263
223
184
145
107
68
28
-13
-58
-105
-152
-202
-254
-303
-350
-396
-433
-467
-498
-521
-541
-554
-563
-571
-577
-579
-581
-583
-583
-578
-576
-565
-548
-529
-500
-464
-421
-371
-314
-253
-188
-119
-50
16
81
144
203
259
309
358
408
456
503
547
591
634
669
703
728
748
763
763
757
741
719
688
646
602
555
506
456
405
357
308
260
214
165
115
63
7
-50
-110
-173
-237
-300
-360
-419
-473
-518
-560
-594
-624
-647
-662
-675
-686
-692
-696
-699
-700
-699
-695
-687
-673
-653
-623
-586
-543
-490
-431
-366
-295
-223
-147
-72
-1
69
135
198
259
315
369
423
475
526
574
621
665
706
741
767
787
797
794
786
767
736
699
656
608
557
505
451
399
350
297
246
196
145
92
37
-23
-82
-145
-208
-271
-333
-391
-446
-494
-536
-573
-603
-627
-645
-657
-666
-672
-675
-678
-677
-675
-671
-664
-653
-636
-612
-581
-542
-497
-443
-382
-317
-247
-176
-106
-35
33
98
159
219
276
327
379
431
479
527
572
617
659
697
728
753
769
776
770
759
738
708
671
628
581
533
485
435
386
340
294
246
199
149
97
43
-15
-73
-132
-194
-253
-312
-367
-417
-459
-497
-531
-557
-577
-594
-602
-610
-619
-622
-625
-625
-625
-622
-615
-605
-590
-567
-537
-500
-458
-406
-350
-291
-225
-163
-95
-31
29
90
148
205
257
306
358
406
456
503
546
593
633
666
697
717
734
738
731
718
693
662
623
578
535
487
438
391
341
296
249
202
155
104
52
-6
-62
-118
-180
-241
-300
-357
-412
-460
-503
-539
-571
-594
-613
-628
-639
-646
-653
-657
-661
-663
-664
-661
-653
-642
-626
-599
-569
-530
-483
-430
-370
-306
-239
-172
-104
-36
29
92
153
213
271
327
381
438
493
548
599
648
696
734
768
792
809
817
809
797
775
744
706
663
616
568
516
464
411
359
307
251
198
140
80
17
-49
-116
-182
-250
-317
-381
-440
-494
-540
-579
-613
-642
-664
-680
-694
-704
-711
-719
-723
-727
-727
-722
-713
-698
-679
-649
-613
-570
-520
-463
-402
-336
-266
-197
-126
-56
14
81
147
212
275
337
398
459
520
578
631
684
730
770
803
823
837
842
834
816
788
754
711
663
613
560
504
449
391
337
282
225
170
114
56
-5
-67
-129
-190
-250
-308
-362
-411
-457
-495
-527
-554
-576
-591
-602
-609
-617
-622
-626
-632
-633
-633
-633
-626
-618
-604
-583
-556
-518
-480
-433
-380
-323
-260
-198
-134
-65
1
67
134
199
266
327
389
451
512
572
625
673
719
755
786
804
814
816
805
785
757
720
677
629
578
523
468
413
356
301
247
193
142
91
39
-11
-62
-116
-163
-211
-256
-300
-339
-376
-409
-435
-460
-481
-498
-514
-529
-544
-558
-574
-588
-601
-614
-624
-633
-639
-638
-633
-621
-601
-577
-545
-506
-462
-413
-356
-298
-237
-169
-103
-36
38
107
179
249
319
391
457
521
578
630
675
710
738
755
761
760
745
721
692
653
608
557
505
451
398
343
288
236
188
140
93
49
6
-35
-74
-111
-144
-174
-204
-232
-254
-278
-294
-310
-323
-336
-350
-363
-376
-391
-409
-428
-446
-467
-487
-508
-524
-538
-547
-553
-552
-544
-531
-510
-482
-446
-404
-356
-305
-247
-184
-119
-52
21
93
167
239
311
382
451
515
569
619
661
692
716
730
735
728
712
687
653
614
567
516
465
412
359
304
252
204
157
114
73
37
6
-27
-56
-82
-104
-125
-144
-160
-175
-189
-199
-210
-220
-231
-243
-257
-270
-287
-308
-330
-355
-382
-409
-436
-464
-491
-516
-535
-550
-558
-559
-555
-541
-520
-489
-453
-409
-359
-301
-239
-172
-102
-29
45
118
191
266
334
398
455
505
550
584
611
628
635
636
622
601
576
542
502
458
411
362
313
264
216
173
130
91
57
26
-1
-26
-48
-63
-80
-93
-103
-114
-123
-133
-141
-150
-159
-172
-184
-201
-217
-235
-257
-281
-307
-334
-365
-395
-423
-449
-473
-493
-506
-513
-515
-509
-494
-469
-435
-394
-344
-286
-223
-155
-84
-10
68
145
219
293
363
431
491
543
589
628
658
680
692
697
690
674
650
619
581
536
488
438
387
336
282
234
186
140
101
67
36
10
-14
-35
-53
-68
-82
-95
-108
-123
-136
-152
-168
-184
-204
-226
-247
-272
-300
-329
-360
-393
-427
-462
-499
-533
-562
-591
-613
-629
-637
-639
-633
-619
-591
-553
-508
-454
-392
-323
-250
-175
-94
-15
64
143
215
286
352
412
463
508
548
579
601
615
619
618
604
583
556
522
484
442
396
350
304
259
215
175
139
107
81
62
42
29
16
4
-4
-12
-22
-33
-46
-60
-75
-93
-112
-133
-155
-179
-205
-233
-265
-297
-330
-367
-402
-439
-475
-506
-537
-564
-585
-600
-605
-600
-586
-559
-524
-479
-423
-366
-299
-228
-155
-77
0
76
150
220
288
353
414
467
514
557
589
617
636
644
647
642
627
606
579
543
502
458
414
367
323
282
240
206
173
145
123
103
86
71
57
45
33
20
5
-11
-26
-45
-62
-80
-99
-119
-142
-164
-187
-212
-241
-269
-301
-334
-369
-403
-436
-469
-497
-520
-536
-544
-544
-538
-522
-497
-464
-421
-373
-321
-263
-203
-144
-81
-20
41
99
156
207
255
302
343
379
410
434
452
464
467
465
453
437
413
384
352
315
277
240
202
170
139
109
88
69
55
44
35
30
23
17
13
8
3
-4
-12
-20
-30
-39
-50
-60
-72
-87
-100
-115
-135
-155
-178
-204
-231
-260
-289
-317
-341
-364
-380
-391
-396
-395
-386
-370
-348
-319
-285
-246
-204
-163
-118
-72
-28
17
59
96
136
172
204
234
260
282
299
313
323
326
325
320
310
296
277
257
233
209
183
160
138
118
103
92
81
75
71
70
71
72
73
74
74
75
73
71
68
61
53
46
36
25
11
-5
-22
-43
-65
-89
-115
-143
-173
-202
-231
-258
-284
-304
-321
-334
-340
-341
-336
-328
-312
-292
-267
-238
-207
-178
-144
-111
-78
-46
-13
16
44
73
97
119
140
157
172
185
193
198
201
198
193
186
176
164
152
138
124
113
102
94
88
83
80
80
82
86
91
95
98
101
102
101
101
97
91
84
75
63
53
39
22
8
-11
-31
-53
-77
-102
-128
-156
-182
-208
-231
-254
-272
-288
-301
-307
-310
-308
-301
-290
-274
-256
-234
-210
-184
-156
-126
-97
-65
-35
-4
27
56
84
111
137
163
184
203
220
234
246
253
260
262
262
260
257
252
246
239
234
228
223
218
215
211
208
205
204
200
194
190
184
175
165
154
141
126
110
90
71
50
26
2
-23
-49
-76
-103
-131
-160
-185
-210
-236
-257
-280
-300
-316
-333
-344
-351
-355
-354
-352
-345
-335
-322
-304
-285
-264
-241
-219
-191
-164
-139
-109
-82
-54
-26
2
28
54
78
101
121
142
159
175
190
200
212
221
229
232
235
236
234
233
230
226
223
217
211
209
203
196
191
184
175
165
152
139
121
104
85
64
41
18
-5
-28
-52
-76
-100
-122
-145
-167
-187
-206
-228
-246
-265
-283
-300
-315
-329
-338
-346
-350
-349
-345
-339
-328
-314
-297
-277
-255
-231
-207
-181
-154
-125
-98
-70
-42
-15
15
44
73
101
133
161
188
215
240
260
278
292
305
315
322
325
328
329
327
326
323
319
316
311
302
298
292
282
271
258
242
225
206
184
163
138
111
86
62
37
14
-7
-32
-53
-74
-98
-122
-145
-169
-197
-221
-247
-272
-295
-318
-337
-350
-364
-374
-377
-378
-376
-368
-360
-347
-332
-315
-298
-278
-257
-233
-208
-180
-151
-120
-89
-55
-20
14
48
83
117
150
180
204
226
245
261
275
287
295
302
307
311
315
319
321
322
323
322
318
313
306
297
286
271
253
234
213
189
165
140
116
92
68
44
21
-5
-29
-55
-82
-111
-142
-172
-205
-238
-269
-303
-332
-359
-384
-406
-423
-438
-449
-455
-458
-456
-452
-442
-433
-419
-401
-381
-359
-331
-301
-268
-232
-194
-151
-108
-63
-17
27
71
114
154
194
229
261
291
316
340
360
379
396
412
425
437
447
455
460
462
461
458
450
440
426
413
396
376
357
336
314
291
266
240
214
186
156
124
91
54
18
-23
-66
-108
-152
-198
-241
-284
-327
-367
-405
-439
-470
-497
-522
-542
-558
-573
-583
-589
-593
-589
-581
-569
-550
-525
-498
-466
-429
-387
-340
-291
-240
-185
-131
-78
-27
25
73
121
166
208
250
289
327
364
398
430
459
487
512
532
549
561
570
575
575
571
563
551
538
521
501
481
458
432
406
378
346
313
276
233
188
140
88
33
-24
-81
-139
-197
-253
-308
-362
-411
-459
-505
-547
-585
-621
-653
-682
-706
-725
-741
-751
-756
-751
-742
-724
-700
-668
-627
-581
-530
-473
-414
-351
-285
-219
-154
-88
-23
41
104
165
225
285
343
398
451
503
549
595
634
669
700
726
747
761
769
773
770
763
751
734
715
691
664
634
603
567
527
486
438
388
334
277
218
153
86
19
-52
-122
-190
-257
-322
-385
-446
-503
-555
-604
-649
-691
-729
-764
-794
-821
-840
-854
-862
-863
-856
-843
-821
-793
-758
-716
-669
-615
-557
-496
-431
-365
-297
-229
-161
-90
-22
46
114
178
243
306
366
423
478
528
574
616
652
683
712
733
748
758
762
764
759
749
737
720
699
674
647
615
579
540
497
451
401
349
294
238
180
120
60
0
-60
-120
-179
-237
-294
-349
-403
-452
-500
-544
-586
-622
-655
-681
-702
-722
-733
-739
-738
-733
-722
-704
-682
-654
-622
-583
-540
-493
-442
-388
-332
-273
-212
-149
-87
-23
38
99
160
220
278
333
384
433
478
517
554
584
612
635
654
667
674
680
679
674
665
651
633
610
583
553
521
484
444
402
356
308
259
208
157
104
52
-1
-55
-108
-159
-212
-262
-313
-361
-408
-451
-491
-529
-563
-593
-620
-642
-659
-670
-678
-681
-680
-671
-660
-645
-625
-600
-572
-538
-501
-462
-420
-374
-325
-274
-221
-168
-111
-57
0
57
113
167
220
270
317
362
405
443
478
509
537
561
581
597
609
617
621
619
612
603
589
571
550
526
498
467
432
396
358
316
272
229
182
135
88
41
-8
-56
-103
-151
-196
-241
-284
-325
-364
-400
-434
-464
-491
-516
-535
-550
-563
-571
-574
-572
-568
-558
-547
-529
-509
-486
-457
-424
-389
-352
-312
-270
-225
-177
-129
-81
-31
18
68
117
163
210
254
297
339
375
411
443
470
494
513
526
537
542
544
540
535
524
510
494
473
449
422
393
362
327
292
253
213
174
133
88
47
3
-39
-79
-123
-163
-202
-239
-275
-306
-336
-364
-388
-409
-426
-441
-452
-462
-466
-469
-469
-465
-460
-449
-435
-420
-400
-377
-352
-324
-295
-263
-229
-194
-158
-122
-83
-44
-7
29
67
104
140
176
208
242
272
300
325
348
367
385
399
410
417
420
421
418
412
403
390
375
360
341
320
298
274
248
221
194
165
133
103
72
41
10
-21
-51
-79
-109
-136
-160
-184
-207
-228
-247
-264
-278
-292
-303
-312
-319
-325
-326
-325
-325
-320
-313
-304
-293
-278
-263
-246
-227
-204
-182
-161
-135
-109
-85
-59
-34
-9
16
41
65
86
108
130
150
172
188
205
219
231
242
249
256
260
260
260
258
252
246
239
226
217
204
187
171
155
136
116
97
75
51
27
2
-24
-48
-73
-96
-120
-141
-162
-181
-200
-218
-231
-244
-255
-264
-272
-277
-281
-283
-285
-283
-280
-274
-267
-257
-245
-231
-212
-196
-174
-152
-128
-104
-80
-55
-29
-3
23
50
76
100
126
149
172
193
213
231
247
262
273
282
288
296
296
296
294
290
283
276
266
255
244
230
216
199
181
162
142
121
98
76
51
28
4
-20
-43
-64
-87
-107
-127
-146
-162
-177
-190
-203
-212
-221
-226
-232
-235
-238
-238
-237
-237
-234
-230
-223
-214
-202
-190
-176
-159
-143
-123
-104
-82
-61
-40
-18
4
26
49
72
93
113
133
153
170
188
203
217
230
241
249
256
260
261
260
256
251
244
234
223
212
197
182
165
146
128
107
86
63
41
14
-10
-36
-61
-85
-107
-130
-150
-169
-186
-200
-213
-224
-235
-243
-250
-255
-258
-261
-263
-262
-261
-259
-253
-245
-236
-226
-213
-201
-184
-169
-151
-130
-112
-91
-70
-50
-28
-6
16
38
62
84
108
130
153
174
196
217
236
254
267
280
290
298
305
308
310
311
310
307
301
294
284
275
263
249
232
212
191
167
144
116
87
59
29
-1
-31
-61
-90
-117
-141
-166
-188
-210
-229
-245
-262
-277
-290
-304
-313
-322
-329
-334
-336
-337
-334
-330
-322
-312
-301
-289
-275
-258
-240
-220
-201
-180
-159
-137
-115
-92
-69
-45
-21
4
30
54
79
104
127
150
171
191
210
227
241
255
268
278
287
295
302
308
312
314
315
313
308
302
295
283
268
254
236
214
192
168
144
119
92
65
38
12
-15
-39
-63
-88
-111
-131
-154
-172
-190
-207
-221
-233
-246
-255
-261
-268
-272
-274
-274
-272
-268
-260
-253
-244
-233
-222
-209
-196
-181
-166
-152
-135
-118
-100
-82
-63
-44
-24
-5
14
31
50
68
85
102
118
134
150
163
177
191
203
214
224
231
240
244
247
249
250
246
241
236
226
215
203
187
173
157
139
119
101
82
62
43
22
1
-17
-38
-56
-74
-92
-108
-124
-137
-151
-160
-171
-178
-184
-190
-193
-193
-195
-193
-190
-188
-184
-176
-170
-161
-151
-144
-133
-122
-112
-99
-87
-74
-61
-48
-36
-22
-10
3
16
31
41
55
68
77
89
100
109
121
130
139
147
155
160
164
169
170
172
172
168
164
157
150
142
133
123
112
99
87
72
60
47
32
18
5
-9
-22
-36
-51
-61
-74
-86
-96
-106
-115
-122
-128
-133
-133
-135
-137
-135
-134
-131
-128
-122
-118
-114
-107
-103
-95
-90
-84
-76
-69
-61
-52
-45
-37
-29
-20
-13
-3
5
13
20
26
32
37
43
48
54
60
65
68
73
77
80
82
82
84
84
83
81
79
77
71
66
61
53
48
40
31
26
18
11
4
-4
-13
-21
-29
-40
-47
-56
-65
-71
-79
-86
-90
-95
-98
-98
-99
-100
-96
-95
-92
-85
-80
-73
-65
-58
-48
-39
-30
-20
-8
2
12
24
35
43
55
64
71
80
86
92
98
101
104
105
107
108
110
111
109
111
112
110
109
108
106
103
100
96
91
88
81
75
69
61
56
49
41
34
26
18
8
0
-10
-20
-31
-43
-53
-66
-76
-86
-95
-104
-111
-120
-126
-133
-140
-143
-147
-147
-149
-149
-149
-148
-145
-141
-136
-128
-122
-112
-104
-94
-81
-71
-59
-47
-35
-24
-15
-2
8
20
27
35
45
52
60
68
74
79
85
89
92
97
101
102
106
108
105
108
106
104
104
102
98
96
94
90
87
83
78
76
73
68
63
60
52
46
39
29
23
17
7
-1
-9
-20
-29
-38
-45
-53
-60
-68
-74
-80
-88
-94
-98
-104
-106
-111
-113
-115
-116
-114
-112
-108
-103
-98
-91
-85
-78
-71
-63
-53
-46
-37
-28
-21
-14
-7
-1
7
14
19
25
32
37
43
49
52
55
60
64
68
70
73
77
78
81
83
85
85
86
89
87
88
86
86
85
84
82
78
75
70
66
58
51
44
37
30
21
14
6
-2
-9
-19
-27
-35
-43
-50
-59
-66
-72
-79
-84
-89
-94
-97
-99
-100
-101
-99
-100
-99
-94
-91
-89
-84
-81
-76
-72
-67
-62
-55
-50
-44
-37
-31
-25
-18
-12
-5
-1
5
10
17
22
28
34
39
47
53
57
64
69
75
81
86
91
97
101
104
108
111
112
112
112
111
110
106
101
95
89
81
74
67
59
50
39
28
18
7
-4
-13
-21
-30
-40
-48
-58
-65
-70
-76
-81
-85
-89
-91
-93
-95
-94
-93
-93
-94
-92
-93
-95
-94
-95
-93
-91
-90
-87
-85
-83
-79
-73
-67
-62
-55
-49
-44
-37
-32
-24
-14
-9
-1
7
15
24
33
41
49
58
66
73
79
85
89
94
97
98
101
102
104
104
102
101
99
97
93
89
84
78
71
66
60
51
44
36
26
19
10
0
-7
-16
-24
-30
-37
-43
-50
-55
-59
-64
-68
-72
-73
-74
-77
-77
-79
-77
-76
-75
-74
-72
-70
-69
-67
-63
-60
-57
-54
-50
-47
-42
-37
-34
-28
-24
-20
-14
-8
-1
5
12
19
27
32
40
46
55
61
67
75
80
85
89
93
96
99
101
100
98
95
91
87
84
78
72
67
59
49
42
34
25
17
9
0
-7
-16
-23
-30
-35
-42
-47
-52
-56
-61
-63
-66
-67
-70
-73
-73
-74
-76
-77
-77
-77
-76
-75
-73
-72
-70
-67
-64
-61
-59
-53
-50
-44
-40
-36
-30
-24
-19
-11
-5
1
9
17
25
32
39
46
53
58
65
70
74
79
84
85
88
91
93
94
95
95
93
90
86
82
77
71
63
56
49
42
34
27
18
8
1
-7
-16
-22
-30
-38
-45
-51
-57
-63
-69
-74
-77
-81
-84
-87
-90
-90
-91
-90
-89
-88
-87
-84
-82
-79
-75
-72
-67
-61
-57
-52
-45
-40
-32
-25
-18
-11
-4
3
11
18
25
32
39
44
52
57
61
66
71
77
82
85
87
89
90
91
92
91
90
90
88
84
80
76
70
65
60
54
47
39
32
26
17
11
4
-3
-10
-17
-24
-31
-36
-43
-49
-55
-59
-64
-69
-72
-76
-79
-82
-85
-86
-85
-85
-84
-83
-81
-79
-75
-72
-68
-64
-60
-53
-47
-42
-36
-29
-24
-17
-9
-2
4
11
16
22
30
34
39
45
50
54
59
61
65
69
71
73
74
74
75
74
73
73
71
68
65
61
57
53
48
44
39
33
27
19
12
6
-1
-8
-15
-23
-32
-37
-44
-49
-54
-57
-62
-64
-67
-69
-70
-72
-74
-73
-73
-73
-72
-70
-69
-66
-63
-59
-54
-51
-46
-41
-35
-29
-25
-19
-14
-8
-1
3
7
13
19
25
30
36
41
46
50
55
59
63
65
69
71
74
76
76
76
77
76
76
73
72
71
67
65
62
58
54
51
46
41
36
30
24
18
13
6
0
-6
-11
-16
-21
-28
-34
-38
-44
-49
-52
-57
-59
-61
-64
-67
-67
-69
-71
-71
-70
-67
-65
-62
-59
-54
-51
-47
-44
-40
-36
-30
-26
-20
-17
-13
-8
-5
-1
2
7
10
14
18
21
24
28
33
35
38
42
43
45
47
48
49
51
50
50
50
50
48
48
45
44
41
38
35
30
27
22
19
15
9
5
0
-4
-10
-14
-19
-23
-29
-31
-35
-39
-42
-43
-45
-47
-47
-49
-50
-50
-50
-49
-48
-46
-45
-43
-42
-38
-37
-35
-31
-28
-23
-20
-17
-14
-9
-5
-2
2
4
7
10
14
16
19
20
23
24
26
27
28
30
30
30
31
32
30
30
32
32
31
31
30
29
28
27
24
21
21
18
17
14
12
9
8
6
3
0
-2
-6
-8
-10
-12
-15
-18
-21
-22
-22
-23
-26
-27
-27
-27
-27
-27
-26
-25
-23
-22
-21
-20
-17
-16
-15
-13
-11
-9
-7
-6
-2
2
4
5
9
10
13
13
15
18
20
21
22
22
21
21
22
22
22
21
19
20
17
17
16
16
16
15
14
13
12
11
9
7
6
4
3
1
0
0
-1
-2
-4
-5
-7
-9
-11
-13
-15
-16
-17
-18
-20
-21
-23
-23
-23
-23
-22
-24
-22
-22
-22
-22
-20
-20
-18
-16
-15
-14
-12
-11
-9
-7
-4
-2
1
4
6
7
9
12
13
16
16
18
19
20
22
23
23
25
23
24
24
24
25
25
26
25
24
22
22
21
20
19
17
17
15
14
13
12
11
9
8
6
4
2
0
-2
-5
-6
-8
-9
-12
-13
-15
-14
-17
-18
-20
-21
-22
-25
-26
-27
-28
-29
-29
-28
-28
-28
-26
-25
-24
-22
-21
-20
-17
-16
-14
-11
-10
-7
-5
-1
2
3
4
6
9
11
13
13
14
15
16
17
18
18
19
19
19
20
20
18
19
18
18
19
19
19
17
17
17
17
17
15
14
13
13
12
10
8
6
4
3
0
-1
-3
-4
-7
-8
-8
-9
-10
-12
-14
-18
-18
-20
-22
-23
-24
-25
-25
-27
-27
-28
-28
-28
-28
-27
-27
-25
-25
-23
-22
-20
-19
-19
-19
-19
-16
-15
-14
-14
-14
-11
-11
-10
-8
-6
-5
-2
-1
-1
1
1
2
3
4
5
8
7
9
10
11
13
16
17
20
23
24
26
26
27
26
26
25
25
25
23
23
22
22
22
22
21
20
19
18
15
13
11
9
7
6
3
1
1
-1
-2
-3
-5
-4
-4
-4
-5
-6
-6
-7
-8
-8
-10
-11
-11
-12
-14
-14
-14
-12
-11
-11
-9
-9
-7
-9
-7
-6
-6
-5
-6
-3
-2
-3
-2
-1
0
1
2
4
6
7
9
13
15
17
19
21
23
24
25
27
27
26
26
28
27
26
27
27
26
26
25
23
20
19
16
12
9
6
1
-3
-5
-9
-11
-14
-15
-18
-19
-19
-20
-22
-23
-24
-25
-25
-27
-27
-27
-28
-27
-27
-26
-26
-26
-26
-25
-25
-23
-22
-23
-21
-20
-19
-17
-18
-15
-14
-12
-9
-7
-2
0
2
5
8
10
13
16
19
20
23
25
27
28
29
29
30
30
29
30
28
27
26
25
23
20
18
16
13
9
6
3
-1
-4
-8
-11
-14
-17
-21
-24
-26
-28
-31
-33
-34
-36
-38
-38
-38
-40
-39
-40
-39
-38
-36
-35
-34
-32
-29
-27
-25
-21
-21
-18
-17
-15
-14
-13
-12
-8
-5
-3
-2
1
5
7
10
14
18
20
25
28
30
33
36
38
41
43
45
45
48
50
49
47
47
45
42
42
38
36
34
30
26
23
20
15
11
9
6
3
0
-4
-7
-10
-14
-18
-21
-25
-28
-30
-33
-35
-38
-40
-42
-44
-44
-44
-42
-42
-41
-40
-39
-36
-36
-35
-32
-30
-29
-26
-24
-21
-17
-14
-10
-6
-3
3
6
11
15
19
24
26
29
33
35
39
41
43
47
48
51
54
56
59
58
59
59
58
58
56
54
52
48
45
43
38
34
30
26
22
17
13
8
4
-1
-7
-10
-16
-21
-25
-30
-34
-37
-41
-45
-49
-51
-52
-55
-57
-57
-56
-57
-58
-58
-56
-54
-53
-49
-46
-45
-40
-37
-32
-30
-26
-20
-16
-12
-8
-4
2
7
11
16
21
24
27
31
35
37
41
43
45
48
49
51
52
53
53
53
53
51
49
48
45
42
38
34
31
27
23
18
14
9
4
-1
-6
-11
-15
-19
-24
-29
-33
-36
-41
-45
-46
-50
-51
-53
-55
-56
-58
-58
-58
-58
-58
-57
-55
-53
-51
-49
-46
-42
-38
-34
-30
-24
-19
-15
-9
-4
0
7
12
15
20
23
28
32
37
41
46
48
52
54
58
60
62
63
64
64
62
62
59
58
56
54
51
47
43
39
34
30
25
19
14
8
3
-3
-9
-13
-19
-25
-30
-34
-40
-44
-49
-52
-54
-58
-60
-65
-67
-68
-71
-73
-73
-74
-76
-74
-73
-73
-70
-68
-64
-61
-57
-53
-48
-44
-39
-34
-29
-24
-18
-13
-6
1
7
12
18
25
31
37
43
48
53
57
60
63
65
66
67
68
68
68
67
66
65
64
62
60
58
55
53
50
47
45
40
37
33
29
25
21
17
13
9
4
1
-3
-5
-10
-12
-16
-19
-21
-25
-26
-29
-31
-33
-35
-36
-36
-36
-35
-37
-34
-32
-30
-28
-26
-24
-21
-18
-15
-12
-8
-5
-2
0
3
6
9
13
15
17
18
20
22
23
26
26
26
26
26
25
26
25
23
23
22
20
20
18
18
17
14
13
10
6
4
1
-2
-5
-8
-11
-16
-20
-24
-25
-29
-31
-34
-37
-38
-39
-40
-43
-44
-44
-45
-44
-45
-44
-42
-42
-39
-36
-35
-32
-27
-24
-21
-18
-13
-8
-4
1
5
9
12
16
21
23
27
30
32
36
39
43
44
46
47
50
50
51
51
51
52
52
52
50
49
47
45
43
41
37
35
32
28
25
21
16
12
7
3
-1
-5
-8
-13
-18
-21
-25
-29
-33
-35
-38
-42
-46
-49
-51
-55
-57
-59
-63
-63
-63
-64
-64
-61
-61
-59
-56
-53
-52
-47
-43
-41
-38
-36
-32
-27
-23
-20
-15
-10
-7
-3
0
4
8
11
14
18
21
23
27
30
30
34
34
35
38
37
37
37
38
38
37
36
35
34
32
30
29
27
24
22
19
17
14
11
8
5
3
0
-1
-4
-7
-10
-12
-13
-17
-18
-19
-21
-22
-24
-23
-23
-24
-25
-24
-25
-23
-24
-22
-20
-19
-17
-16
-14
-12
-10
-7
-6
-3
-2
1
4
7
12
14
18
20
23
25
28
30
30
32
33
33
33
32
33
33
34
34
34
32
31
31
29
27
26
23
22
21
18
14
12
11
7
4
3
-1
-3
-6
-8
-11
-13
-16
-17
-18
-21
-24
-25
-27
-28
-30
-30
-30
-29
-29
-31
-30
-29
-29
-28
-26
-24
-22
-20
-18
-16
-12
-10
-7
-2
-1
1
3
6
9
9
13
15
17
20
22
24
25
26
28
30
31
31
32
32
32
32
32
34
33
32
31
29
28
25
25
23
19
17
13
8
5
3
0
-3
-7
-9
-13
-15
-18
-21
-24
-26
-27
-29
-30
-31
-33
-33
-36
-36
-35
-35
-35
-36
-34
-33
-32
-31
-29
-28
-26
-22
-21
-19
-16
-16
-15
-13
-10
-7
-5
-4
-2
1
1
3
4
7
7
9
11
11
14
13
15
17
17
19
18
19
18
18
17
15
14
13
10
9
6
5
3
0
-3
-5
-8
-11
-13
-15
-16
-18
-22
-23
-24
-28
-30
-30
-31
-32
-33
-33
-33
-33
-32
-32
-30
-30
-27
-26
-25
-23
-21
-18
-14
-11
-8
-5
-3
0
3
6
8
10
15
17
20
24
26
29
31
32
34
36
38
41
43
44
46
45
47
47
48
49
48
49
46
46
43
42
41
38
34
32
28
26
23
18
15
11
6
2
-3
-5
-9
-12
-15
-17
-20
-24
-27
-27
-30
-31
-33
-35
-35
-35
-35
-35
-34
-34
-33
-32
-31
-30
-28
-26
-25
-22
-20
-18
-15
-12
-10
-7
-4
-1
2
4
7
8
12
15
17
18
20
22
24
24
26
28
29
30
30
31
32
31
30
29
29
28
27
25
24
22
20
19
17
14
11
9
6
2
-1
-3
-5
-6
-10
-10
-13
-16
-19
-22
-24
-25
-27
-28
-28
-28
-29
-30
-31
-32
-31
-31
-30
-29
-27
-27
-25
-23
-21
-19
-18
-15
-14
-12
-9
-7
-4
-2
0
2
5
6
8
9
10
12
14
16
17
18
19
21
22
24
24
25
24
26
25
24
23
22
22
21
23
21
19
17
17
14
13
12
9
7
5
1
-1
-3
-6
-7
-8
-9
-11
-13
-14
-17
-17
-19
-20
-20
-20
-21
-21
-21
-22
-22
-22
-23
-22
-21
