-25
-29
-33
-38
-40
-39
-41
-41
-42
-43
-41
-37
-35
-35
-33
-30
-28
-23
-19
-19
-19
-21
-23
-25
-25
-25
-22
-18
-16
-17
-15
-11
-6
-1
2
5
9
15
20
24
25
27
28
30
30
30
28
26
26
24
22
18
16
14
14
13
14
15
17
19
22
23
23
23
25
25
23
21
20
20
21
20
18
17
19
23
25
27
29
29
30
34
33
32
31
28
28
25
22
20
19
19
19
16
14
11
9
6
2
-2
-5
-8
-10
-10
-12
-13
-14
-13
-12
-13
-14
-14
-14
-16
-20
-22
-25
-27
-31
-34
-37
-40
-42
-43
-45
-45
-47
-47
-47
-44
-40
-38
-38
-36
-33
-32
-30
-29
-26
-24
-20
-16
-13
-9
-8
-3
3
4
7
10
14
19
23
26
26
27
28
29
29
29
27
27
27
25
23
19
17
16
14
15
16
18
18
17
15
13
12
11
12
9
6
3
0
-2
-8
-13
-20
-26
-29
-30
-30
-30
-30
-28
-27
-27
-27
-27
-28
-29
-29
-30
-29
-26
-23
-23
-23
-23
-21
-19
-17
-16
-14
-9
-4
1
3
6
9
13
19
21
23
25
29
33
34
35
33
31
30
29
28
28
26
22
20
20
20
19
19
20
22
25
26
27
27
29
29
32
32
33
32
30
27
26
25
21
19
18
15
14
14
14
12
9
6
3
1
3
3
2
1
2
0
-1
-3
-8
-12
-16
-19
-20
-23
-24
-26
-27
-27
-23
-21
-18
-16
-17
-15
-16
-18
-18
-18
-22
-23
-22
-22
-21
-22
-21
-23
-23
-24
-24
-26
-27
-27
-26
-24
-26
-28
-32
-35
-38
-41
-43
-46
-49
-48
-45
-41
-37
-33
-31
-28
-21
-15
-7
-2
4
7
12
17
21
24
28
32
34
34
35
37
40
43
45
47
50
49
50
53
55
57
58
59
58
58
56
52
46
43
40
34
30
24
17
11
5
-1
-8
-15
-23
-28
-33
-36
-41
-44
-46
-47
-48
-48
-50
-50
-49
-49
-47
-44
-43
-41
-37
-37
-32
-29
-26
-21
-18
-15
-13
-9
-6
-4
-3
2
5
8
13
17
22
25
28
29
30
32
33
33
34
35
38
42
46
47
49
51
53
54
56
58
57
55
50
46
40
36
30
25
18
11
6
2
-4
-8
-12
-15
-18
-23
-27
-32
-34
-36
-35
-39
-41
-43
-41
-40
-39
-38
-38
-37
-35
-35
-35
-35
-34
-30
-26
-24
-24
-26
-26
-22
-18
-13
-10
-8
-5
-2
1
1
-1
-3
-4
-3
-4
-4
-6
-7
-6
-4
1
3
7
8
9
11
14
12
10
7
3
5
7
6
4
1
1
2
5
7
7
6
6
6
5
4
2
2
1
0
1
1
2
4
7
8
6
5
5
5
6
3
0
-1
1
2
1
1
0
1
1
2
0
-1
-2
-2
-4
-9
-12
-14
-16
-17
-16
-16
-15
-12
-10
-5
-1
3
7
9
12
14
16
19
22
25
26
29
32
34
37
39
39
38
38
35
36
35
32
32
32
30
29
28
27
25
21
18
15
13
13
10
7
3
-1
-5
-8
-11
-12
-14
-14
-15
-16
-17
-21
-22
-24
-27
-30
-33
-37
-38
-42
-45
-49
-51
-54
-57
-57
-57
-54
-51
-50
-49
-45
-42
-38
-37
-36
-34
-34
-31
-29
-26
-23
-19
-15
-12
-10
-8
-4
1
5
8
12
15
18
21
24
25
29
33
37
41
46
49
52
56
60
62
63
67
69
71
72
71
70
69
66
65
63
59
55
49
45
37
31
24
19
11
3
-4
-11
-14
-21
-26
-34
-41
-46
-51
-54
-58
-60
-62
-64
-65
-67
-68
-69
-68
-67
-65
-63
-60
-57
-54
-48
-42
-39
-35
-30
-28
-25
-21
-16
-13
-9
-6
-5
-3
2
6
9
10
11
13
16
19
20
21
20
22
24
27
29
30
31
33
38
39
39
38
38
39
39
39
38
34
30
28
26
23
18
14
9
5
1
-2
-6
-11
-15
-19
-21
-20
-23
-25
-29
-32
-31
-31
-30
-29
-28
-24
-19
-17
-13
-10
-4
-1
3
5
4
6
9
10
15
19
21
25
27
30
33
36
38
41
43
45
44
41
40
39
38
37
33
30
28
25
21
19
18
16
11
8
4
-3
-8
-13
-16
-19
-24
-30
-35
-38
-39
-41
-45
-46
-46
-47
-47
-47
-47
-46
-44
-41
-37
-35
-31
-28
-25
-23
-21
-19
-18
-14
-8
-1
4
7
12
15
16
18
18
19
22
24
25
25
28
30
30
28
27
24
20
19
17
13
13
9
5
2
-1
-6
-11
-13
-15
-17
-18
-19
-19
-20
-19
-20
-18
-16
-12
-9
-6
-3
-2
2
5
6
5
5
6
5
4
2
-1
-2
-4
-5
-8
-8
-8
-6
-4
-4
-2
1
2
5
6
10
13
17
21
22
24
24
25
27
26
25
23
19
18
16
13
9
6
1
-5
-7
-10
-12
-14
-17
-20
-21
-23
-23
-25
-29
-32
-32
-30
-30
-29
-29
-29
-28
-27
-26
-25
-23
-22
-19
-19
-18
-17
-17
-16
-14
-10
-8
-7
-7
-6
-2
2
6
10
15
20
26
29
33
35
37
40
44
47
48
51
51
55
58
59
60
59
62
64
66
64
61
59
57
54
53
49
45
42
39
34
28
23
17
13
8
1
-4
-7
-12
-15
-20
-28
-33
-36
-38
-44
-49
-53
-58
-62
-66
-70
-76
-82
-85
-88
-89
-91
-93
-91
-89
-86
-83
-79
-75
-72
-67
-61
-55
-49
-45
-39
-32
-26
-20
-13
-7
-2
2
7
15
24
32
37
42
49
54
61
64
64
64
67
70
71
71
71
70
67
63
60
57
53
49
45
40
38
34
31
28
27
23
22
20
20
20
19
18
16
15
13
10
7
3
-1
-4
-6
-8
-10
-14
-17
-19
-21
-24
-26
-27
-30
-31
-35
-36
-39
-42
-46
-48
-48
-50
-48
-47
-47
-46
-45
-41
-38
-34
-30
-25
-22
-18
-15
-11
-9
-5
-3
2
5
8
11
14
15
15
15
16
17
18
19
20
21
21
22
24
26
27
28
31
31
32
34
32
31
30
29
29
26
25
25
23
22
18
17
14
12
12
8
6
3
1
-3
-7
-9
-10
-13
-15
-15
-17
-16
-17
-16
-15
-15
-16
-15
-16
-18
-21
-20
-20
-19
-18
-18
-18
-18
-16
-16
-16
-15
-17
-18
-18
-16
-15
-15
-14
-15
-16
-19
-20
-20
-21
-19
-18
-16
-17
-16
-14
-12
-10
-9
-8
-9
-10
-10
-9
-7
-4
-3
3
6
7
12
15
19
24
27
30
28
29
30
31
35
36
37
37
35
37
34
32
33
33
33
32
30
28
25
23
22
21
20
18
18
15
13
13
13
12
13
11
10
8
4
2
-2
-7
-8
-12
-16
-19
-21
-21
-25
-26
-27
-31
-34
-38
-38
-38
-39
-37
-34
-33
-32
-31
-30
-29
-26
-22
-20
-19
-16
-13
-12
-12
-12
-12
-12
-10
-8
-5
-4
-2
1
1
0
-1
-1
-2
-2
-2
-2
0
1
4
7
7
13
19
24
28
33
35
34
34
33
27
24
21
20
19
18
19
16
13
11
9
7
6
8
13
15
15
14
10
5
-1
-6
-9
-10
-10
-8
-10
-13
-10
-14
-15
-12
-6
0
2
4
3
-2
-8
-16
-22
-30
-36
-39
-43
-44
-42
-40
-38
-39
-36
-35
-36
-31
-24
-15
-8
0
4
3
4
6
7
8
10
13
16
14
15
9
6
7
11
21
30
39
47
54
58
58
58
56
53
52
52
49
44
40
37
34
33
37
42
45
45
42
36
29
22
17
10
2
-10
-20
-35
-48
-60
-68
-68
-68
-65
-62
-66
-68
-71
-72
-70
-68
-59
-55
-52
-46
-46
-42
-38
-33
-26
-23
-18
-16
-21
-23
-25
-22
-19
-16
-12
-11
-11
-8
-5
0
8
17
25
28
31
34
37
44
51
61
68
69
66
61
54
48
47
47
46
46
44
39
32
24
16
11
5
4
0
-4
-9
-15
-23
-33
-38
-39
-42
-41
-41
-42
-41
-40
-34
-27
-19
-9
-3
0
1
4
11
17
23
31
30
29
24
20
17
15
16
17
18
18
16
14
11
8
10
11
13
13
11
7
0
-5
-13
-20
-21
-21
-16
-15
-17
-19
-24
-30
-35
-37
-40
-42
-42
-45
-48
-49
-52
-46
-44
-40
-36
-37
-34
-32
-30
-25
-26
-24
-23
-21
-15
-9
1
12
16
23
26
29
38
46
61
76
92
106
112
117
115
112
110
108
108
109
107
109
107
102
96
91
86
80
73
65
55
41
27
12
-2
-14
-24
-30
-37
-45
-57
-73
-90
-106
-117
-123
-127
-125
-125
-128
-133
-138
-140
-144
-146
-147
-148
-149
-151
-154
-154
-155
-156
-150
-144
-138
-125
-115
-103
-95
-84
-74
-65
-49
-35
-20
-7
6
23
38
53
71
89
110
126
144
158
172
184
193
199
200
203
208
209
214
217
216
211
204
197
192
186
180
175
164
152
135
115
94
75
59
46
32
20
4
-14
-28
-44
-56
-68
-80
-88
-96
-102
-108
-115
-120
-124
-127
-130
-131
-134
-137
-141
-145
-149
-157
-166
-172
-177
-181
-182
-182
-178
-174
-169
-162
-154
-147
-137
-126
-115
-104
-94
-86
-76
-70
-60
-46
-30
-8
13
38
62
79
96
109
120
131
140
153
159
162
165
162
163
167
172
179
184
188
192
190
191
189
189
188
185
184
176
163
152
138
122
108
97
90
81
71
65
57
47
35
27
21
15
12
8
0
-11
-26
-39
-51
-64
-73
-85
-103
-125
-149
-181
-214
-246
-273
-296
-313
-322
-334
-347
-360
-372
-382
-388
-395
-399
-404
-409
-411
-411
-402
-384
-356
-317
-273
-222
-169
-115
-59
-8
37
75
114
153
189
228
270
306
338
367
394
415
435
461
483
502
516
525
524
512
500
492
488
491
498
499
497
484
463
437
412
392
373
356
332
302
266
221
180
145
118
97
76
49
13
-35
-93
-154
-213
-271
-323
-370
-417
-467
-522
-580
-638
-688
-728
-760
-787
-810
-835
-860
-888
-909
-920
-920
-906
-881
-850
-809
-763
-711
-653
-584
-500
-409
-314
-216
-121
-35
44
125
204
286
373
462
548
620
681
728
765
805
851
902
947
973
976
958
930
902
879
868
867
862
841
800
745
677
615
567
534
509
484
449
402
343
281
219
164
121
83
47
2
-59
-132
-213
-296
-374
-443
-501
-554
-612
-677
-749
-824
-894
-955
-1000
-1035
-1061
-1077
-1096
-1114
-1129
-1134
-1123
-1096
-1055
-1004
-951
-897
-840
-777
-702
-614
-508
-385
-262
-140
-28
67
155
247
341
440
544
650
738
799
837
852
865
894
944
998
1040
1061
1051
1007
953
910
889
891
902
902
873
809
727
643
570
521
497
482
457
416
362
295
225
167
123
92
64
35
-8
-72
-149
-234
-319
-389
-442
-482
-522
-572
-635
-711
-795
-872
-939
-986
-1012
-1029
-1040
-1060
-1089
-1113
-1128
-1123
-1101
-1063
-1012
-961
-912
-860
-805
-730
-636
-528
-407
-287
-172
-70
18
106
192
282
375
470
571
658
716
759
783
805
846
899
955
991
1007
999
952
903
867
847
844
848
847
818
764
699
632
576
541
532
531
519
491
451
402
347
298
265
243
226
206
171
123
52
-30
-115
-193
-260
-317
-363
-420
-498
-585
-674
-769
-857
-922
-965
-998
-1027
-1049
-1084
-1121
-1148
-1163
-1159
-1140
-1114
-1082
-1043
-1000
-944
-882
-791
-680
-555
-421
-299
-180
-66
44
160
259
349
437
505
554
585
605
635
686
765
833
880
920
929
904
869
849
838
828
828
821
774
715
662
607
558
529
533
540
538
522
489
451
405
354
314
282
260
247
231
214
176
121
59
-20
-95
-166
-234
-299
-381
-471
-566
-664
-754
-830
-884
-911
-940
-959
-972
-999
-1025
-1052
-1068
-1070
-1071
-1054
-1029
-1007
-970
-923
-843
-737
-633
-496
-354
-236
-123
-11
113
222
310
411
491
542
583
596
611
639
697
781
844
897
934
926
909
883
862
851
837
831
792
716
645
568
498
451
431
435
429
418
384
320
266
218
170
138
115
100
91
82
71
46
21
-8
-41
-67
-101
-151
-211
-284
-368
-461
-552
-635
-710
-761
-794
-828
-857
-882
-909
-937
-967
-987
-1001
-1015
-1011
-1004
-988
-962
-913
-827
-728
-610
-462
-316
-194
-74
54
190
306
416
514
583
628
653
673
692
725
790
866
915
932
935
917
882
859
852
843
824
793
725
620
518
430
348
295
285
284
277
262
223
154
88
37
-1
-22
-25
-24
-36
-51
-66
-83
-114
-151
-173
-185
-201
-237
-283
-350
-446
-550
-646
-727
-776
-807
-824
-837
-856
-868
-888
-902
-902
-893
-859
-819
-789
-770
-764
-751
-715
-652
-544
-414
-271
-123
-4
102
213
336
482
613
725
811
828
812
789
770
782
825
907
969
975
970
932
873
841
832
849
852
834
780
656
514
374
249
174
142
141
142
134
112
57
4
-39
-79
-91
-78
-68
-77
-94
-113
-143
-171
-196
-227
-250
-261
-278
-306
-341
-401
-497
-599
-689
-767
-822
-849
-864
-884
-898
-921
-949
-957
-939
-903
-855
-798
-757
-747
-744
-734
-708
-641
-526
-390
-252
-120
-4
92
187
325
490
641
762
840
852
812
773
752
743
786
875
939
956
955
927
861
810
802
799
800
810
773
659
528
405
279
184
140
120
103
110
130
117
87
63
26
-16
-45
-51
-34
-6
35
53
26
-20
-82
-163
-235
-260
-252
-251
-286
-356
-481
-645
-790
-876
-903
-897
-869
-840
-843
-884
-934
-950
-935
-887
-799
-705
-647
-633
-633
-639
-636
-590
-505
-407
-318
-218
-132
-84
12
199
410
577
672
720
672
591
602
654
717
822
995
1099
1040
956
869
728
641
697
792
830
862
858
705
500
357
231
96
34
79
126
173
252
293
236
151
111
55
3
55
165
230
252
265
196
32
-115
-189
-238
-243
-166
-104
-150
-274
-418
-590
-770
-876
-906
-910
-892
-888
-936
-996
-1064
-1073
-1010
-984
-988
-975
-962
-984
-994
-940
-879
-791
-588
-447
-341
-60
246
449
694
1146
1543
1613
1536
1297
802
347
187
200
193
335
571
502
236
11
-283
-637
-700
-424
-184
92
544
795
678
552
572
572
682
1059
1480
1680
1749
1822
1657
1098
474
129
-57
-244
-219
-62
-131
-293
-433
-783
-1194
-1275
-1103
-927
-580
-216
-157
-181
-195
-331
-468
-325
-26
117
179
78
-263
-647
-960
-1151
-1233
-1180
-1090
-1045
-1079
-1274
-1484
-1635
-1646
-1361
-910
-431
-31
348
606
595
976
1641
2019
2337
2588
2241
1129
303
-33
-652
-846
-304
-38
-240
-273
-346
-1059
-1482
-1135
-851
-387
690
1679
1934
1946
1950
1507
1151
1380
1756
1910
1958
1882
1354
575
-184
-880
-1286
-1386
-1298
-990
-541
-310
-411
-482
-515
-675
-602
-138
304
547
693
600
239
-124
-422
-661
-744
-703
-716
-819
-895
-1092
-1373
-1491
-1485
-1289
-938
-601
-415
-415
-600
-985
-1237
-1231
-1032
-613
-109
186
156
152
83
43
603
1178
1506
2089
2581
2025
743
107
-496
-1273
-846
72
336
584
1070
513
-757
-1030
-994
-1195
-439
992
1677
1801
2232
2153
1211
666
855
1123
1290
1581
1757
1407
628
-295
-971
-1276
-1500
-1388
-646
27
44
-172
-268
-594
-986
-857
-460
-20
464
648
576
434
33
-590
-946
-886
-880
-901
-674
-573
-868
-1350
-1561
-1381
-1236
-1092
-834
-611
-622
-908
-888
-730
-694
-436
49
657
662
371
424
279
657
1438
1756
2128
2738
2642
952
-406
-835
-1822
-1813
-450
312
428
1061
1248
-234
-1208
-1063
-1186
-727
820
2181
2385
2433
2594
1667
385
-5
379
673
783
1207
1241
503
-520
-1334
-1655
-1830
-1770
-1051
-108
271
23
-188
-409
-887
-1037
-788
-290
350
602
472
296
22
-649
-1213
-1090
-941
-970
-799
-500
-504
-968
-1231
-1075
-799
-659
-676
-556
-471
-707
-949
-651
-160
11
288
815
728
59
-6
326
839
1899
2668
3162
3711
3362
1431
-450
-1102
-1924
-2031
-549
609
1010
1420
1233
-352
-1732
-1893
-1871
-1238
335
1812
2389
2511
2565
1623
122
-514
-126
377
652
1217
1403
661
-494
-1538
-2116
-2375
-2264
-1508
-416
204
111
-133
-433
-1024
-1445
-1290
-709
105
678
754
668
356
-411
-1155
-1282
-1117
-1071
-816
-379
-245
-608
-1035
-1075
-964
-890
-815
-520
-199
-305
-344
-105
113
261
410
721
820
666
527
504
1395
2438
2702
3379
4091
3194
913
-511
-1087
-2080
-1747
-106
821
1234
1594
1091
-475
-1542
-1772
-1918
-1166
475
1849
2404
2594
2516
1329
-74
-405
-71
145
246
717
846
138
-843
-1656
-2047
-2315
-2262
-1478
-601
-218
-241
-361
-682
-1299
-1611
-1409
-848
-118
332
490
506
164
-553
-1163
-1264
-1103
-993
-795
-473
-372
-627
-868
-729
-562
-579
-518
-267
-69
-329
-510
-275
142
574
893
1227
1172
932
806
675
1372
2272
2916
4099
4784
3587
1095
-383
-1350
-2539
-2039
-480
720
1609
1921
1063
-543
-1559
-2201
-2570
-1775
-97
1597
2751
3376
3078
1494
-58
-513
-566
-789
-594
207
478
-41
-709
-1289
-1894
-2598
-2766
-2076
-1146
-464
-82
27
-385
-1138
-1490
-1376
-921
-273
229
649
721
214
-580
-1255
-1472
-1473
-1228
-721
-289
-93
-359
-603
-545
-561
-707
-708
-366
-274
-358
-186
264
789
1011
1298
1500
1270
952
731
1253
2439
3382
4380
5150
4582
2156
-255
-1377
-2390
-2542
-1214
324
1544
2195
1685
130
-1305
-2207
-2778
-2240
-557
1341
2788
3559
3572
2453
768
-325
-693
-831
-929
-465
202
156
-565
-1372
-1948
-2638
-3166
-2869
-2050
-1251
-730
-460
-513
-1013
-1537
-1623
-1234
-615
86
637
811
534
-199
-940
-1263
-1217
-980
-671
-244
-37
-313
-756
-1000
-969
-951
-922
-588
-235
-147
-84
133
377
499
787
1295
1469
1424
1385
1692
2581
3210
3768
4456
4485
2852
328
-1002
-1750
-2164
-1447
-187
1061
1874
1767
530
-794
-1492
-2170
-2162
-924
817
2201
3009
3468
2915
1376
135
-307
-455
-650
-511
-112
20
-354
-1094
-1653
-2057
-2489
-2621
-2251
-1602
-1090
-777
-755
-1081
-1457
-1676
-1450
-799
-67
470
600
376
-186
-975
-1463
-1481
-1152
-696
-318
-38
-236
-812
-1291
-1463
-1480
-1428
-847
-33
564
660
410
311
198
176
298
625
1202
1842
2938
3940
4188
4479
4418
3101
684
-1194
-1800
-1976
-1195
-22
765
1636
1973
1021
-650
-1517
-1588
-1595
-814
872
2454
3136
3191
2980
1963
512
-102
61
283
287
300
312
-125
-1051
-2003
-2394
-2435
-2344
-1818
-1224
-783
-557
-839
-1432
-1858
-1924
-1899
-1432
-375
475
792
493
-252
-1118
-1856
-2003
-1566
-850
-286
9
134
-304
-1067
-1632
-1833
-1765
-1434
-643
56
327
295
125
82
-26
21
458
759
1047
1329
2108
3246
3997
4815
4830
3708
1486
-768
-1716
-2041
-1555
-344
966
2094
2261
1313
-149
-1171
-1613
-1823
-1087
563
2196
3195
3433
3217
2216
747
37
57
121
11
111
166
-244
-862
-1560
-2075
-2246
-2236
-1924
-1343
-801
-597
-931
-1475
-1877
-1907
-1533
-914
-2
604
530
35
-654
-1317
-1950
-2009
-1599
-993
-398
-195
-247
-788
-1449
-1901
-2077
-1740
-1231
-647
-170
93
422
510
524
715
698
540
443
885
2258
3855
5188
5482
4437
2390
-325
-2286
-2934
-2356
-887
630
1810
2290
1734
325
-1166
-2001
-2229
-1494
462
2780
4441
4687
3716
2137
561
-251
-135
529
1030
1178
983
382
-621
-1818
-2572
-2827
-2517
-1813
-894
-120
33
-333
-1125
-1752
-1982
-1677
-857
-122
471
697
342
-380
-1147
-1698
-1890
-1614
-1054
-609
-475
-644
-1071
-1463
-1825
-1947
-1738
-1566
-1192
-780
-653
-494
-245
77
541
1065
1446
1321
1382
2337
3710
5002
5198
3883
1693
-579
-2012
-2409
-1637
-71
1368
1858
1149
99
-753
-1606
-2221
-2048
-789
1332
3642
5164
4970
3288
1171
-307
-597
136
1130
1713
1753
1205
21
-1282
-2228
-2782
-2816
-2246
-1165
-101
324
-98
-1036
-1744
-1996
-1834
-1095
-139
479
541
116
-643
-1430
-1958
-2077
-1529
-712
-122
-80
-548
-1280
-1949
-2032
-1819
-1285
-777
-695
-792
-1176
-1366
-1395
-1163
-479
281
973
1322
1716
2037
2657
3127
3677
4465
4163
2287
-51
-1159
-1477
-1025
74
816
1421
1743
773
-1098
-2165
-2131
-1847
-870
987
2913
4019
4026
3211
1818
387
-218
230
1088
1502
1424
1023
278
-897
-2068
-2370
-1988
-1256
-577
-78
160
-159
-1129
-2090
-2153
-1645
-893
-61
581
684
65
-885
-1717
-1979
-1964
-1520
-686
-103
-89
-650
-1213
-1743
-1985
-1838
-1241
-652
-471
-620
-1159
-1619
-2002
-1741
-733
602
1631
1907
1612
970
1369
2878
4269
4783
4311
2661
164
-1513
-2053
-1684
-368
985
1570
1548
1014
-11
-1172
-2019
-2136
-1250
550
2770
4518
4609
3294
1804
802
639
1164
1654
1533
836
-253
-1312
-1929
-2137
-1915
-1269
-431
131
196
-129
-855
-1647
-1930
-1618
-876
61
646
621
183
-524
-1286
-1879
-2159
-2092
-1632
-1096
-866
-1021
-1519
-1952
-1943
-1423
-933
-445
-215
-535
-1064
-1710
-1932
-1902
-1406
-441
574
1257
1381
1210
930
1464
2572
3850
4544
3965
2029
-331
-1507
-1714
-1127
155
1213
1680
1637
871
-384
-1290
-1511
-1357
-420
1423
3215
4103
3685
2592
1403
660
904
1898
2693
2457
1561
125
-1534
-2794
-3149
-2554
-1404
34
875
856
184
-1015
-2055
-2277
-1711
-852
7
511
457
19
-711
-1647
-2027
-1705
-1280
-877
-666
-949
-1904
-2746
-2815
-2224
-1356
-451
106
-174
-1015
-1903
-2423
-2297
-1498
-492
472
1420
1731
1164
550
771
1666
2994
4497
4775
3516
1260
-850
-1916
-1828
-728
449
1310
1891
1564
189
-1065
-1265
-977
-460
863
2548
3780
3967
3229
1980
844
708
1557
2598
2878
2224
801
-979
-2359
-3185
-3052
-1997
-691
123
114
-349
-1013
-1466
-1548
-1042
-107
557
735
412
-168
-935
-1635
-1752
-1412
-910
-558
-381
-768
-1789
-2822
-3410
-3163
-2251
-1143
-235
25
-558
-1700
-2369
-2199
-1471
-309
462
683
609
597
604
1162
2556
3643
4177
3808
2138
-92
-1176
-946
-567
107
873
1135
907
55
-1095
-1541
-787
160
959
1878
2670
3023
2559
1766
1298
1404
2122
3156
3792
3241
1871
98
-1653
-2532
-2566
-1823
-697
100
-52
-814
-1460
-1991
-2111
-1532
-403
660
1077
950
354
-315
-997
-1535
-1558
-1289
-837
-552
-413
-788
-1533
-2238
-2799
-2685
-2193
-1472
-805
-792
-1366
-2006
-2300
-2246
-1209
-109
17
245
518
152
-51
1169
2551
3477
4104
2968
587
-688
-533
-267
171
1111
1476
1032
110
-1172
-1841
-1307
-11
903
1462
2139
2676
2631
1920
1369
1127
1516
2730
3818
3937
3104
1995
337
-1178
-1736
-1634
-1065
-455
-86
-281
-632
-1146
-1793
-1818
-1267
-590
-172
46
110
86
-50
-332
-529
-770
-1105
-1410
-1444
-1231
-1295
-1649
-2046
-2282
-2106
-1729
-1184
-982
-1251
-1523
-1871
-2279
-2285
-1131
-143
-144
-56
225
146
346
1378
2069
3055
3844
2241
-441
-1317
-458
319
983
1442
1210
789
50
-1174
-1664
-463
1216
1709
1519
1636
2096
2325
2038
1679
1554
2158
3166
3637
3165
2210
1455
331
-691
-987
-870
-752
-781
-893
-1273
-1295
-1147
-1112
-922
-608
-339
-441
-541
-385
-14
165
-66
-267
-646
-1173
-1392
-1263
-1214
-1586
-2120
-2652
-2824
-2712
-2452
-1895
-1535
-1390
-1325
-1501
-1810
-1279
-285
-162
-184
281
434
497
1423
2314
2743
3048
1926
-747
-1981
-812
227
336
490
225
-507
-740
-811
-750
267
1635
1843
1260
1327
2085
2697
2725
2446
2195
2398
3126
3365
2731
1944
1476
821
50
-413
-789
-947
-1046
-1269
-1347
-1144
-911
-802
-492
-185
-118
-15
18
27
241
349
60
-409
-777
-1105
-1163
-941
-843
-1110
-1777
-2520
-3032
-3062
-2711
-2109
-1664
-1759
-1590
-1453
-1737
-988
-106
45
242
1028
830
219
1660
2803
2954
2704
801
-1722
-1397
576
738
175
-131
-1151
-2198
-2346
-1833
-554
1517
2371
1173
10
321
1725
2723
3017
2922
2864
3101
3165
2871
2439
2371
2297
1624
928
201
-698
-1491
-1768
-1700
-1352
-629
-526
-897
-959
-776
-750
-407
322
729
1032
1080
537
-245
-690
-769
-745
-421
-445
-1249
-2267
-2942
-3085
-2978
-2553
-2181
-2126
-2189
-2403
-2552
-2084
-934
-218
-60
337
872
1267
1957
2583
2710
2667
1727
-482
-1861
-1006
325
517
-260
-1562
-2843
-3088
-2754
-2323
-859
1017
1435
430
-30
880
2403
3452
3512
3064
2802
3003
3177
2966
2901
3206
3006
1984
1057
141
-1072
-1690
-1648
-1396
-1002
-647
-831
-1266
-1028
-371
184
626
1093
1352
1142
744
519
474
379
433
562
326
-329
-1223
-2305
-2952
-2710
-2347
-2366
-2598
-2909
-3144
-2927
-2381
-1713
-874
-317
-215
156
574
789
1984
3517
3827
2910
1053
-1078
-1423
281
1077
136
-983
-2243
-3653
-4080
-3492
-2372
-645
457
-330
-1577
-1114
870
2601
3397
3401
2938
2692
2783
2854
3025
3484
3698
3007
1979
1137
232
-550
-931
-1034
-1130
-1211
-1548
-2016
-1956
-1292
-514
184
890
1228
1149
881
581
534
718
815
851
949
672
-107
-1091
-1785
-1902
-1739
-1662
-2148
-2855
-3104
-3026
-3088
-2557
-1478
-813
-508
-24
243
473
2167
3768
3659
2968
1848
16
-258
1337
1752
652
-306
-1714
-3633
-3944
-3004
-2309
-1303
-684
-1919
-3292
-2520
-366
1525
2658
2637
2036
1874
2139
2544
3295
3974
3951
3120
1779
754
478
333
-217
-481
-621
-1209
-1997
-2426
-2362
-1826
-985
-516
-425
-280
319
904
1087
1097
1002
947
900
1105
1206
844
80
-650
-901
-1036
-1072
-919
-1178
-1974
-2467
-2721
-3020
-2192
-869
-768
-1090
-611
-95
570
2691
3993
3290
2541
1563
62
552
2784
3188
1709
127
-2015
-3531
-2760
-1543
-1199
-860
-1077
-2827
-4000
-2949
-711
1267
2027
1129
-101
196
1582
2635
3222
3496
3167
2328
1574
999
668
722
403
-494
-1463
-2007
-2258
-2208
-1772
-1577
-1597
-1563
-1392
-883
4
847
1012
692
348
231
556
1184
1497
1027
223
-360
-541
-598
-510
-498
-1082
-1606
-1865
-2040
-1794
-991
-636
-1096
-960
-89
955
2692
3983
3438
1938
840
525
1351
3056
3337
1695
-178
-1482
-2084
-1824
-1055
-604
-686
-1533
-2958
-3483
-2254
-144
1065
683
-421
-787
229
1666
2678
2947
2510
1816
1308
1161
1215
1339
1115
275
-821
-1611
-1910
-1920
-1763
-1602
-1762
-2260
-2434
-1888
-1010
-101
527
452
-20
-243
41
710
1436
1484
635
-482
-844
-493
-39
341
122
-601
-1423
-1879
-1757
-1022
4
192
-657
-1121
-562
1009
2702
3418
2995
1819
908
806
1627
2659
2759
1572
-186
-1273
-1125
-603
-323
-284
-563
-1430
-2303
-2271
-1251
218
901
69
-1131
-928
483
1781
2351
2138
1451
1098
1115
1095
1289
1512
960
-195
-1050
-1404
-1373
-1148
-1177
-1576
-2090
-2469
-2510
-2003
-1178
-567
-548
-946
-1108
-706
117
1021
1368
843
95
-392
-439
-116
328
343
-158
-572
-1216
-1537
-793
-55
93
-187
-839
-1466
-642
1470
2421
2581
2296
679
-51
1600
3227
3207
2495
1052
-843
-894
258
309
201
566
-191
-1851
-2278
-1298
138
1235
765
-928
-1643
-616
837
1843
2112
1566
939
672
784
1505
2181
1718
391
-665
-1269
-1367
-844
-569
-956
-1551
-2237
-2839
-2573
-1467
-614
-660
-1291
-1948
-2085
-1381
-350
406
502
38
-389
-479
-274
24
343
193
-278
-440
-844
-1189
-686
65
147
-264
-538
-671
369
2118
2430
1910
1256
476
608
1779
2613
2390
1828
660
-533
-1
922
686
314
66
-810
-1401
-888
-137
540
1000
211
-1115
-861
711
1900
2144
1518
690
531
916
1318
1645
1652
894
-262
-1120
-1292
-762
-325
-792
-1676
-2214
-2501
-2383
-1781
-1186
-1080
-1419
-1743
-2009
-1742
-919
-435
-410
-710
-904
-681
-356
-64
-41
-270
-469
-473
-246
-206
-165
272
269
-179
-99
287
756
1593
2226
2040
1303
765
806
1502
2386
2184
939
-104
-56
769
1052
541
193
127
-342
-947
-782
207
1287
1311
-80
-1289
-664
987
1869
1747
1221
668
499
781
1215
1638
1498
421
-700
-1058
-839
-472
-452
-1012
-1612
-1756
-1892
-2003
-1591
-1217
-1418
-1731
-1839
-1896
-1594
-953
-845
-1271
-1612
-1665
-1352
-748
-262
-461
-888
-893
-875
-586
26
295
154
-51
113
751
1991
2979
2550
1883
1690
1202
1137
2070
2666
2123
1094
-156
-1010
-93
1399
1168
140
-180
-460
-814
-270
656
1031
941
146
-905
-433
1448
2569
2146
1251
655
552
1051
1524
1571
1390
694
-378
-935
-714
-445
-676
-1226
-1910
-2233
-1993
-1798
-1652
-1439
-1603
-2062
-2230
-2026
-1729
-1403
-1228
-1459
-1711
-1760
-1780
-1457
-947
-790
-1083
-1521
-1531
-1150
-604
-193
-46
83
-39
53
836
2121
3412
3447
2143
980
1218
2794
3888
3155
1209
-246
-288
311
923
1433
1495
851
-317
-1157
-609
1223
2596
1950
33
-1128
-747
699
2154
2529
1809
876
442
726
1637
2430
2095
845
-303
-810
-674
-384
-522
-1087
-1727
-2192
-2329
-2098
-1684
-1404
-1380
-1722
-2432
-2770
-2440
-1941
-1487
-1373
-1797
-2281
-2141
-1751
-1717
-1635
-1538
-1668
-1721
-1644
-1413
-1053
-656
-360
-280
-112
545
1873
3057
3064
2283
1603
1720
2798
3622
2855
1259
569
676
626
588
778
905
781
274
-275
91
1428
2249
1701
621
84
532
1520
2111
2150
1935
1485
1121
1459
2240
2599
2256
1257
50
-482
-385
-401
-680
-1109
-1627
-1960
-2035
-2067
-2071
-2089
-2173
-2097
-1899
-1942
-2122
-2138
-2163
-2323
-2513
-2626
-2376
-1875
-1605
-1665
-1855
-2033
-2047
-1705
-1373
-1338
-1134
-892
-846
-280
1009
1962
1923
1509
1320
1696
2812
3461
2516
1190
844
871
685
864
1259
1085
482
-157
-439
439
2042
2561
1514
360
266
1193
2464
3100
2691
1790
1263
1538
2359
3055
3026
2178
991
298
464
818
681
-78
-1210
-2133
-2323
-1924
-1540
-1413
-1584
-1937
-2058
-1949
-1824
-1744
-1864
-2163
-2411
-2438
-2295
-2136
-2193
-2491
-2594
-2448
-2401
-2236
-1894
-1644
-1366
-1180
-1376
-1298
-290
1008
1603
1311
611
471
1465
2672
2964
2331
1315
391
-45
292
1325
2146
1626
-113
-1501
-1134
764
2503
2653
1464
249
-89
725
2317
3537
3526
2491
1277
942
2012
3541
3976
2998
1454
266
46
648
1185
900
-299
-1756
-2465
-2164
-1406
-864
-1056
-1875
-2404
-2257
-1907
-1562
-1311
-1559
-2167
-2416
-2315
-2313
-2418
-2511
-2649
-2764
-2668
-2305
-1893
-1553
-1182
-1091
-1342
-875
697
1786
1407
483
-17
316
1565
2452
1818
841
636
205
-571
-102
1313
1644
515
-836
-1300
-138
1985
2953
2002
647
194
682
1871
3305
3908
3080
1657
1037
1750
3005
3639
3109
1754
594
393
836
1211
1174
503
-733
-1735
-1734
-1020
-510
-701
-1344
-1970
-2293
-2135
-1554
-1164
-1480
-2182
-2679
-2747
-2415
-2019
-2076
-2548
-2913
-2914
-2590
-2107
-1670
-1361
-1204
-989
-253
852
1280
764
328
518
1072
1729
1817
1038
373
130
-639
-1267
-224
1269
1069
-290
-1234
-1213
-10
1623
1998
1100
485
542
1036
2391
4063
4437
3353
2137
1699
2244
3357
3868
3084
1659
525
57
317
976
1134
224
-1218
-2058
-1699
-774
-327
-531
-1039
-1636
-1988
-1771
-1321
-1169
-1383
-1826
-2260
-2346
-2189
-2143
-2154
-2202
-2550
-2859
-2580
-1969
-1416
-970
-900
-1077
-546
528
858
571
629
691
551
766
915
505
316
135
-936
-1371
130
1341
534
-776
-1339
-1112
162
1566
1421
486
415
799
1203
2349
3594
3595
2858
2486
2574
3135
3964
4035
3049
1957
1270
827
732
848
509
-453
-1414
-1742
-1393
-891
-789
-1037
-1358
-1700
-1810
-1447
-976
-920
-1223
-1560
-1764
-1720
-1520
-1548
-1854
-2123
-2166
-1990
-1641
-1294
-1171
-1258
-1133
-239
920
934
-144
-655
-47
732
925
339
-512
-540
-179
-881
-1606
-528
730
21
-1357
-1546
-684
635
1520
935
-136
-39
566
834
1678
2942
3044
2151
1686
1951
2682
3538
3602
2615
1622
1226
1164
1434
1813
1458
229
-905
-1127
-573
12
-64
-783
-1542
-1951
-1933
-1481
-998
-1138
-1752
-2065
-1886
-1578
-1350
-1261
-1368
-1529
-1499
-1280
-915
-455
-312
-559
-219
1213
2112
1103
-319
-252
729
1176
704
-359
-1108
-1025
-1342
-2525
-2337
-248
477
-1405
-2946
-2272
-422
1228
1514
144
-980
-465
565
1470
2816
3485
2260
844
1103
2393
3578
4010
2973
1103
291
792
1374
1723
1718
659
-843
-1136
-192
598
623
77
-689
-1051
-753
-407
-458
-749
-1222
-1694
-1715
-1468
-1567
-1819
-1759
-1639
-1742
-1760
-1513
-1062
-461
-63
-84
190
1318
2165
1620
649
693
1341
1500
956
-38
-895
-990
-1140
-2196
-2592
-1351
-755
-2111
-3209
-2585
-1246
-85
306
-497
-1129
-369
623
1139
2064
2825
2224
1397
1756
2682
3370
3528
2699
1418
911
998
903
822
694
-77
-986
-1074
-584
-206
-149
-403
-588
-218
203
-1
-370
-477
-693
-864
-567
-464
-1057
-1563
-1594
-1594
-1310
-662
-519
-835
-798
-631
-319
1169
2789
2155
249
-65
1077
1984
2182
1358
-141
-693
-648
-1745
-2407
-696
496
-1433
-3743
-3637
-1978
-220
532
-652
-2222
-1974
-833
-80
1175
2441
1824
329
348
1655
2976
3824
3428
1808
744
946
1281
1436
1570
801
-832
-1620
-1013
-207
50
-212
-830
-1190
-917
-504
-229
15
-178
-841
-976
-412
-147
-385
-643
-938
-966
-362
103
7
81
237
99
927
2727
2831
957
106
1002
1830
1997
1407
-95
-988
-749
-1427
-2610
-1639
-51
-1162
-3351
-3586
-2440
-1147
-108
-470
-1839
-1949
-985
-556
191
1630
1667
270
-202
551
1405
2283
2610
1591
427
257
325
416
980
955
-375
-1492
-1306
-575
14
186
-358
-1047
-1029
-628
-307
103
216
-398
-924
-664
-199
27
122
-69
-337
-24
556
794
1035
1323
1181
1437
2767
3417
2320
1353
1725
2248
2265
1921
909
-153
-363
-825
-1976
-1772
-328
-646
-2739
-3641
-2787
-1600
-624
-486
-1536
-2176
-1463
-693
-236
752
1362
520
-455
-245
595
1405
1827
1264
69
-567
-516
-348
-92
-6
-691
-1685
-1968
-1541
-984
-662
-740
-1048
-1157
-1076
-955
-603
-180
-192
-420
-379
-281
-266
-109
0
-4
445
1152
1299
1196
1528
1966
2533
3553
3884
2842
2120
2600
2864
2539
2444
2006
862
107
-309
-1015
-885
181
-149
-1999
-2789
-2071
-1320
-694
-269
-856
-1706
-1483
-650
65
861
1222
460
-442
-338
371
942
1120
650
-369
-1226
-1436
-1141
-791
-914
-1598
-2289
-2537
-2422
-2082
-1689
-1609
-1836
-2027
-2100
-1983
-1480
-954
-953
-1214
-1232
-1079
-792
-326
-120
-231
67
827
1394
1727
2057
2314
2849
3653
3659
2933
2973
3581
3276
2488
2305
2160
1574
1032
320
-497
-301
448
40
-958
-912
-395
-372
-193
301
286
-13
127
502
844
1251
1362
921
522
576
708
611
388
62
-527
-1247
-1627
-1498
-1369
-1681
-2179
-2497
-2662
-2689
-2504
-2305
-2296
-2413
-2641
-2917
-2836
-2308
-1950
-2114
-2346
-2276
-2018
-1695
-1338
-939
-421
149
610
1021
1470
1988
2832
3819
3964
3246
3031
3611
3824
3371
2945
2626
2174
1550
599
-152
310
1170
537
-1047
-1459
-597
127
372
489
468
445
664
1120
1818
2539
2649
2048
1530
1633
2036
2133
1607
709
-23
-542
-1072
-1379
-1359
-1615
-2395
-3060
-3218
-3147
-3015
-2844
-2875
-3128
-3290
-3304
-3273
-3115
-2876
-2843
-2992
-3010
-2835
-2612
-2331
-1879
-1322
-871
-532
-37
641
1283
2030
3003
3444
2949
2630
3249
3818
3515
2911
2472
2057
1669
1186
548
450
989
791
-558
-1353
-662
357
718
687
596
554
843
1511
2269
2821
2964
2655
2267
2258
2599
2834
2539
1713
787
147
-233
-425
-487
-796
-1611
-2407
-2592
-2447
-2483
-2610
-2709
-2990
-3355
-3451
-3384
-3460
-3581
-3586
-3598
-3596
-3413
-3177
-3119
-2936
-2227
-1325
-821
-580
-118
562
1353
2324
2941
2642
2252
2704
3241
2961
2507
2436
2202
1591
987
499
390
858
960
-80
-1106
-827
103
599
806
1017
991
908
1383
2373
3182
3460
3360
3056
2760
2799
3095
3104
2579
1778
884
62
-303
-208
-318
-988
-1762
-2194
-2332
-2287
-2080
-1939
-2148
-2638
-3061
-3181
-3056
-2995
-3240
-3665
-3869
-3743
-3615
-3696
-3646
-3080
-2210
-1611
-1389
-1116
-489
442
1431
2019
1942
1755
2112
2646
2640
2285
2128
2035
1639
1003
483
429
754
689
-211
-1083
-959
-223
215
294
401
576
785
1220
1959
2758
3295
3427
3295
3205
3343
3541
3462
3017
2393
1752
1100
497
106
-126
-465
-1000
-1476
-1695
-1747
-1755
-1727
-1762
-2021
-2436
-2745
-2813
-2762
-2812
-3062
-3351
-3452
-3391
-3333
-3196
-2764
-2154
-1702
-1497
-1301
-851
-92
740
1255
1318
1241
1324
1484
1546
1558
1576
1432
987
398
61
234
620
559
-131
-811
-851
-386
62
275
325
311
386
751
1431
2207
2783
2978
2864
2764
2955
3293
3376
3022
2401
1808
1390
1089
777
431
87
-276
-638
-872
-963
-1065
-1209
-1320
-1488
-1828
-2210
-2429
-2497
-2539
-2613
-2765
-2988
-3141
-3050
-2644
-2031
-1469
-1180
-1088
-909
-416
340
1020
1237
1024
839
941
1118
1086
879
669
510
295
-28
-267
-202
-7
-110
-536
-828
-713
-381
-117
37
154
274
460
791
1273
1817
2255
2435
2361
2245
2296
2488
2590
2385
1880
1295
847
589
451
331
111
-250
-612
-778
-726
-616
-593
-708
-978
-1366
-1705
-1819
-1791
-1861
-2094
-2379
-2637
-2790
-2615
-2045
-1390
-1041
-1044
-1092
-793
-54
744
1131
1041
799
718
884
1153
1290
1148
763
289
-26
0
228
276
-49
-531
-832
-769
-447
-158
-78
-120
-110
60
432
944
1386
1642
1819
2022
2190
2230
2172
2100
2013
1832
1512
1085
624
215
-51
-158
-232
-418
-709
-955
-1017
-899
-751
-750
-948
-1234
-1464
-1578
-1607
-1624
-1696
-1830
-2005
-2138
-2052
-1666
-1177
-875
-811
-782
-561
-102
408
698
722
660
632
625
645
729
803
720
443
145
88
297
473
355
52
-150
-146
-18
132
259
325
300
242
308
612
1030
1325
1413
1410
1433
1490
1527
1515
1470
1385
1216
938
638
428
312
216
83
-122
-379
-597
-705
-733
-773
-898
-1108
-1326
-1483
-1584
-1661
-1721
-1788
-1896
-1991
-1958
-1742
-1422
-1137
-940
-777
-558
-284
-19
219
435
581
584
472
365
364
447
513
464
322
206
213
304
388
409
381
358
387
462
566
702
834
883
839
823
944
1165
1340
1371
1285
1205
1189
1179
1109
998
872
708
506
348
271
208
89
-66
-179
-227
-244
-288
-395
-551
-694
-814
-933
-1066
-1219
-1393
-1555
-1679
-1783
-1881
-1944
-1927
-1826
-1670
-1513
-1377
-1232
-1061
-872
-655
-404
-167
-25
21
73
221
434
597
638
618
651
761
881
950
979
992
996
996
1014
1035
1039
1008
944
866
826
848
899
932
934
917
892
879
883
887
877
836
730
574
444
364
268
105
-83
-229
-320
-380
-469
-632
-841
-997
-1060
-1077
-1117
-1217
-1359
-1474
-1517
-1505
-1503
-1540
-1579
-1548
-1422
-1244
-1095
-1021
-1007
-954
-778
-526
-328
-246
-225
-166
-10
217
433
586
697
804
935
1104
1282
1413
1469
1467
1446
1441
1441
1398
1276
1104
944
833
765
717
669
612
555
503
476
490
539
601
644
641
582
495
428
380
311
216
100
-51
-235
-431
-632
-839
-1038
-1218
-1373
-1502
-1611
-1717
-1803
-1823
-1777
-1704
-1630
-1534
-1390
-1185
-960
-761
-612
-498
-373
-197
2
137
163
137
150
236
367
474
512
518
557
645
757
860
938
969
969
991
1062
1143
1161
1094
985
891
841
822
793
727
618
500
403
346
330
331
317
264
192
132
109
111
105
66
4
-62
-132
-219
-327
-460
-610
-758
-890
-1008
-1119
-1222
-1333
-1439
-1493
-1474
-1413
-1350
-1281
-1185
-1045
-881
-722
-573
-429
-273
-120
29
155
243
290
330
393
481
564
614
632
642
662
690
719
741
750
738
721
720
744
770
767
737
709
703
716
729
724
681
614
545
485
447
442
438
390
302
211
146
116
105
73
-8
-120
-240
-362
-480
-592
-708
-832
-946
-1047
-1134
-1192
-1228
-1272
-1308
-1293
-1216
-1120
-1038
-967
-884
-771
-648
-545
-454
-338
-205
-89
-6
60
133
228
344
449
524
589
652
713
770
818
838
830
818
821
832
833
805
762
728
707
697
697
688
649
598
561
542
512
466
418
390
392
386
339
261
190
145
113
82
25
-84
-237
-393
-528
-647
-771
-909
-1056
-1187
-1279
-1333
-1364
-1374
-1355
-1309
-1235
-1132
-1010
-881
-756
-635
-517
-405
-300
-192
-73
42
122
166
208
279
389
507
589
625
645
667
701
741
772
764
724
689
686
701
701
670
623
592
598
628
646
626
575
523
496
487
473
435
382
338
306
274
229
171
110
57
11
-43
-121
-238
-387
-535
-656
-754
-848
-956
-1069
-1168
-1224
-1235
-1218
-1178
-1115
-1052
-975
-870
-738
-606
-490
-398
-322
-246
-163
-84
-24
21
60
103
157
224
297
362
408
445
478
516
560
600
621
618
607
605
604
597
580
564
559
569
589
600
589
565
544
529
525
523
509
476
434
392
359
330
297
246
183
119
49
-30
-123
-238
-364
-484
-585
-675
-764
-853
-938
-998
-1019
-1002
-954
-893
-824
-746
-658
-556
-447
-354
-288
-232
-180
-137
-118
-107
-100
-87
-57
-15
13
40
75
114
156
206
253
288
318
350
380
406
434
454
467
482
501
513
524
536
544
532
501
467
448
446
444
434
408
374
344
329
319
308
282
234
169
101
31
-50
-147
-263
-389
-513
-630
-732
-822
-896
-949
-969
-945
-878
-787
-694
-602
-506
-393
-269
-156
-62
7
54
82
99
113
121
123
123
122
126
132
133
127
120
126
144
162
171
173
178
190
212
236
262
286
312
343
369
381
388
395
394
377
354
332
317
299
273
239
201
168
144
122
91
47
-18
-108
-208
-291
-360
-435
-532
-646
-763
-849
-892
-902
-900
-882
-848
-785
-684
-557
-425
-302
-182
-63
61
183
294
370
419
457
494
532
567
578
560
537
517
497
468
427
379
339
304
271
229
190
165
155
160
171
190
212
232
246
254
263
278
290
286
267
237
210
179
140
92
40
-16
-73
-133
-194
-265
-348
-442
-544
-639
-712
-773
-845
-929
-1011
-1066
-1075
-1037
-972
-897
-815
-711
-582
-434
-275
-117
23
145
262
377
480
557
610
644
681
726
777
805
812
804
793
781
768
744
708
666
622
578
539
500
453
407
368
347
335
328
308
264
212
171
141
109
66
12
-51
-119
-182
-239
-291
-345
-408
-474
-537
-601
-668
-744
-828
-913
-994
-1066
-1130
-1195
-1259
-1309
-1337
-1338
-1300
-1221
-1119
-1003
-874
-725
-560
-375
-184
-2
168
323
472
606
716
806
880
940
994
1042
1073
1078
1064
1041
1009
979
954
922
869
807
758
727
710
694
668
640
625
631
643
636
600
543
489
447
404
350
268
160
41
-77
-181
-275
-371
-482
-608
-734
-846
-940
-1027
-1111
-1196
-1275
-1335
-1380
-1419
-1450
-1468
-1456
-1413
-1332
-1227
-1110
-981
-845
-693
-522
-342
-168
0
160
310
436
547
649
736
817
894
959
1013
1058
1083
1087
1072
1054
1034
1012
979
932
880
829
784
748
722
711
702
692
681
667
648
623
588
546
508
474
434
373
286
175
53
-66
-182
-302
-437
-595
-765
-925
-1068
-1195
-1310
-1423
-1530
-1622
-1691
-1739
-1765
-1770
-1739
-1666
-1561
-1427
-1283
-1133
-974
-792
-596
-400
-210
-29
139
293
439
569
677
768
851
917
976
1022
1047
1044
1021
986
955
930
911
891
868
846
829
823
826
839
859
880
896
900
899
898
893
883
866
841
801
743
665
566
446
310
158
-1
-166
-339
-520
-712
-904
-1086
-1246
-1382
-1506
-1623
-1721
-1789
-1825
-1832
-1806
-1750
-1666
-1561
-1440
-1308
-1168
-1015
-853
-681
-506
-336
-179
-39
95
224
354
472
569
645
710
769
822
858
865
854
842
835
837
841
841
832
823
826
837
855
882
916
949
978
1007
1035
1059
1081
1103
1120
1121
1091
1026
935
829
712
580
425
245
45
-165
-380
-592
-792
-987
-1175
-1353
-1509
-1636
-1735
-1804
-1842
-1851
-1823
-1764
-1682
-1584
-1473
-1351
-1218
-1076
-932
-785
-635
-490
-352
-221
-93
32
157
277
380
461
522
571
608
637
656
662
659
657
657
658
655
646
638
641
656
680
707
732
759
791
827
863
900
932
959
978
981
958
915
856
780
692
589
463
313
153
-9
-168
-320
-470
-617
-762
-901
-1025
-1129
-1210
-1260
-1279
-1268
-1235
-1187
-1126
-1052
-966
-864
-760
-652
-548
-449
-352
-259
-172
-88
-2
82
155
213
255
282
303
314
317
315
309
303
290
276
260
243
234
231
238
254
278
304
324
348
379
425
482
547
614
670
713
745
760
749
709
647
568
471
359
236
100
-46
-193
-330
-454
-562
-658
-753
-840
-912
-952
-964
-946
-901
-837
-765
-689
-609
-518
-415
-312
-216
-129
-50
25
103
175
236
285
328
362
388
405
409
394
368
339
308
284
263
239
215
195
181
170
168
176
191
208
228
240
241
244
250
260
277
308
339
360
369
365
346
321
284
229
154
56
-58
-184
-315
-445
-574
-698
-815
-918
-1003
-1069
-1117
-1137
-1124
-1076
-999
-895
-775
-647
-518
-387
-255
-128
0
118
222
309
383
449
513
573
620
650
663
665
657
643
618
584
541
497
456
424
401
381
360
342
326
317
316
318
324
329
333
336
339
341
351
364
374
379
376
359
326
271
199
111
12
-98
-219
-346
-473
-595
-714
-821
-915
-997
-1068
-1119
-1154
-1169
-1160
-1124
-1067
-991
-896
-790
-677
-558
-437
-323
-211
-97
13
116
218
318
413
505
588
657
710
751
776
785
783
766
730
682
629
574
527
485
447
407
368
331
300
279
266
257
252
255
266
277
292
312
331
344
349
341
322
286
232
156
65
-33
-140
-254
-374
-497
-623
-740
-851
-951
-1039
-1112
-1166
-1198
-1199
-1167
-1105
-1018
-914
-798
-670
-534
-396
-271
-163
-64
28
106
180
246
303
358
412
463
507
542
570
590
605
617
622
617
604
588
567
549
528
507
487
461
422
378
342
316
301
292
286
280
278
283
300
319
330
331
324
306
272
221
153
71
-21
-115
-211
-313
-420
-535
-651
-759
-855
-939
-1010
-1067
-1101
-1104
-1078
-1028
-957
-868
-767
-658
-539
-414
-297
-192
-99
-14
68
147
222
283
333
373
409
435
454
464
464
459
454
448
445
440
435
434
442
454
465
480
487
484
468
450
437
434
436
434
431
428
428
434
441
443
436
416
384
340
288
220
138
47
-45
-135
-226
-327
-436
-552
-668
-779
-887
-984
-1065
-1128
-1167
-1181
-1175
-1148
-1096
-1018
-920
-810
-695
-584
-480
-376
-270
-166
-62
36
128
214
293
357
401
427
443
454
465
473
472
467
464
465
480
506
536
564
581
585
581
575
572
571
569
570
572
576
577
577
577
574
568
555
527
485
428
354
266
171
78
-13
-103
-198
-302
-413
-526
-634
-730
-818
-902
-976
-1038
-1080
-1096
-1090
-1069
-1030
-969
-891
-801
-707
-618
-543
-470
-394
-310
-224
-137
-56
14
77
135
185
223
253
275
294
317
341
365
386
409
433
468
512
554
588
606
608
603
603
607
611
617
624
629
630
635
638
640
636
626
599
558
504
436
355
265
172
82
-3
-87
-176
-278
-392
-507
-619
-717
-807
-886
-956
-1009
-1044
-1055
-1041
-1011
-963
-902
-828
-748
-666
-588
-519
-451
-376
-297
-219
-141
-70
-10
43
90
128
158
180
196
208
225
241
261
283
308
340
381
425
466
500
525
540
555
572
591
608
626
641
654
665
673
680
681
673
653
620
575
521
451
371
282
191
102
14
-74
-166
-267
-369
-469
-563
-646
-721
-790
-849
-901
-938
-960
-964
-948
-913
-865
-808
-745
-679
-614
-551
-485
-416
-347
-282
-218
-157
-94
-34
20
67
107
144
180
214
243
269
288
306
330
363
404
441
474
498
519
539
557
574
590
603
617
632
642
646
646
644
640
633
624
606
576
536
481
414
339
261
173
79
-16
-110
-205
-299
-396
-492
-582
-661
-731
-791
-844
-890
-924
-940
-934
-910
-871
-828
-782
-736
-686
-634
-582
-532
-484
-439
-387
-330
-267
-203
-142
-85
-25
36
98
156
206
247
280
315
356
402
448
488
522
555
588
622
649
667
676
684
690
695
700
701
698
697
699
702
701
685
659
622
570
509
436
351
254
148
43
-58
-157
-255
-359
-461
-557
-639
-711
-776
-835
-884
-925
-947
-945
-924
-887
-845
-800
-752
-700
-645
-592
-544
-502
-463
-425
-383
-332
-282
-229
-173
-117
-60
-4
52
105
152
190
230
271
314
358
403
446
487
528
568
604
632
650
661
668
671
674
673
667
663
660
653
639
617
585
546
499
443
376
299
215
130
49
-28
-102
-180
-264
-345
-417
-481
-540
-598
-655
-708
-748
-770
-773
-758
-733
-698
-657
-611
-563
-514
-469
-432
-402
-372
-342
-310
-275
-241
-210
-177
-139
-98
-54
-14
20
53
86
119
153
187
226
270
318
365
409
446
482
512
537
557
574
585
591
593
588
583
576
568
556
537
512
479
440
394
342
280
213
143
73
5
-61
-127
-195
-263
-327
-389
-437
-481
-520
-556
-585
-603
-609
-601
-585
-562
-534
-503
-469
-434
-397
-365
-339
-315
-291
-268
-243
-218
-196
-178
-158
-135
-109
-81
-51
-21
11
45
76
110
147
188
234
277
316
349
380
409
438
463
481
494
500
503
503
500
493
483
471
456
436
411
383
351
314
269
220
168
116
62
7
-51
-109
-170
-229
-282
-330
-373
-414
-450
-480
-502
-514
-517
-513
-502
-486
-465
-442
-413
-382
-352
-321
-295
-272
-252
-233
-213
-196
-179
-162
-146
-130
-112
-91
-67
-38
-8
20
49
79
117
156
194
229
261
293
329
364
397
423
441
454
463
473
472
465
453
438
419
399
375
349
317
282
245
207
166
124
77
28
-19
-64
-108
-150
-188
-221
-254
-284
-308
-333
-353
-366
-379
-382
-380
-373
-362
-352
-336
-316
-288
-256
-224
-195
-171
-151
-129
-109
-91
-75
-59
-40
-22
-3
15
34
54
72
88
105
124
142
154
163
170
177
190
204
214
221
226
228
229
229
223
214
205
196
184
170
153
133
111
91
70
47
27
5
-24
-56
-86
-112
-136
-148
-157
-168
-177
-182
-187
-190
-189
-191
-194
-192
-188
-180
-175
-171
-167
-160
-147
-134
-123
-111
-102
-93
-84
-77
-70
-57
-44
-24
-2
21
46
71
95
118
141
161
180
199
214
220
221
219
218
220
220
217
209
197
184
172
161
150
139
124
107
87
72
54
37
18
-4
-29
-52
-74
-94
-115
-136
-156
-175
-187
-196
-200
-200
-198
-193
-187
-177
-168
-159
-149
-142
-135
-123
-112
-97
-85
-76
-67
-56
-45
-32
-20
-10
-3
6
17
32
50
67
83
102
122
146
170
189
199
207
215
223
228
229
223
213
197
180
160
138
116
91
67
47
30
14
-5
-28
-51
-70
-82
-89
-97
-110
-126
-142
-154
-159
-162
-167
-174
-182
-185
-188
-189
-192
-195
-195
-190
-181
-172
-160
-153
-149
-141
-130
-118
-101
-83
-67
-55
-44
-34
-22
-4
17
36
57
78
98
116
133
150
166
184
205
226
249
266
276
283
287
288
287
281
268
250
228
203
180
156
127
101
80
58
36
14
-11
-37
-63
-86
-107
-128
-145
-164
-183
-197
-206
-211
-217
-222
-225
-226
-220
-215
-208
-200
-191
-183
-171
-154
-139
-128
-119
-113
-104
-92
-79
-65
-56
-45
-36
-26
-14
1
17
34
51
68
83
102
123
144
161
178
194
210
226
242
251
255
257
256
251
241
228
210
189
168
148
125
101
79
59
43
29
15
-2
-22
-42
-62
-80
-97
-112
-127
-140
-154
-166
-177
-187
-198
-203
-206
-206
-205
-203
-200
-192
-179
-163
-147
-132
-118
-105
-93
-81
-67
-59
-51
-43
-36
-28
-18
-9
-2
7
20
34
46
58
68
82
96
110
125
136
147
158
170
179
184
187
185
177
166
150
133
118
102
86
68
49
33
16
6
-4
-15
-26
-40
-51
-60
-67
-71
-76
-79
-85
-90
-94
-97
-99
-99
-98
-98
-98
-96
-96
-98
-97
-93
-86
-78
-69
-60
-51
-45
-38
-30
-22
-13
-4
7
15
23
27
33
40
49
57
61
65
70
76
83
87
91
97
103
109
116
118
116
112
108
103
97
89
75
64
53
42
27
12
-2
-17
-30
-43
-55
-64
-72
-78
-84
-88
-89
-89
-89
-87
-89
-91
-90
-89
-87
-85
-84
-82
-77
-68
-61
-55
-52
-48
-39
-30
-19
-10
-6
1
8
17
22
31
39
47
57
67
74
80
85
87
89
91
95
96
95
92
87
82
80
80
77
70
62
50
40
32
23
10
-4
-17
-30
-43
-54
-66
-77
-86
-91
-101
-109
-112
-113
-113
-113
-111
-108
-102
-91
-83
-78
-75
-70
-66
-56
-47
-40
-36
-29
-22
-15
-6
2
11
23
33
41
47
51
52
58
65
70
75
79
82
87
93
96
100
102
104
110
117
123
128
126
122
118
115
113
107
98
88
75
60
46
33
16
1
-12
-26
-39
-54
-69
-85
-100
-111
-122
-131
-137
-144
-151
-153
-153
-152
-148
-143
-134
-124
-116
-109
-102
-95
-89
-79
-71
-62
-53
-44
-38
-29
-19
-11
-2
7
14
24
33
46
57
70
78
83
87
94
102
109
115
116
116
117
118
120
120
114
106
98
94
87
79
66
52
39
32
27
21
13
3
-9
-18
-27
-36
-49
-62
-71
-81
-86
-91
-101
-108
-114
-114
-112
-105
-100
-94
-86
-79
-71
-60
-52
-46
-42
-36
-31
-26
-21
-19
-17
-16
-13
-8
-2
7
12
17
23
28
36
44
53
61
66
72
77
85
91
94
99
104
112
119
123
124
118
110
102
98
95
90
82
69
56
45
36
30
18
7
-4
-15
-23
-34
-48
-62
-75
-86
-92
-95
-98
-103
-107
-109
-110
-109
-109
-107
-102
-96
-91
-84
-79
-76
-73
-70
-66
-60
-54
-48
-43
-42
-39
-36
-30
-23
-15
-8
2
11
21
28
31
36
42
46
52
59
67
75
81
86
90
95
96
97
95
91
85
77
69
61
52
44
41
38
32
29
22
16
8
3
-3
-9
-14
-18
-23
-28
-34
-38
-42
-48
-52
-55
-55
-55
-55
-57
-58
-57
-56
-50
-46
-46
-46
-45
-47
-49
-51
-53
-57
-58
-55
-54
-51
-47
-42
-39
-33
-24
-15
-4
10
21
32
45
56
68
76
82
88
92
95
94
91
87
84
79
73
66
59
52
48
47
45
39
34
28
26
25
23
18
10
5
-2
-7
-11
-14
-18
-20
-23
-23
-24
-22
-22
-22
-21
-20
-23
-26
-28
-31
-34
-37
-40
-43
-45
-46
-49
-50
-55
-57
-59
-59
-58
-56
-56
-56
-52
-47
-42
-37
-32
-25
-15
-5
5
14
19
25
31
36
41
41
40
38
37
33
29
24
20
19
19
20
20
20
20
20
23
29
31
31
31
31
31
30
30
29
27
26
27
27
27
25
25
27
29
27
24
18
11
4
-1
-7
-14
-21
-27
-32
-39
-43
-49
-52
-52
-51
-51
-50
-49
-49
-48
-46
-45
-43
-39
-37
-35
-33
-30
-30
-27
-24
-22
-21
-20
-18
-17
-17
-15
-15
-13
-11
-8
-2
4
10
14
17
20
24
28
31
32
31
31
33
33
35
39
43
47
55
63
69
73
77
79
79
82
81
79
75
69
62
56
50
40
29
19
11
4
-3
-9
-15
-22
-26
-29
-30
-29
-30
-32
-33
-33
-33
-35
-39
-43
-48
-51
-56
-60
-64
-68
-73
-78
-81
-81
-81
-77
-74
-70
-67
-61
-55
-49
-43
-40
-33
-26
-17
-9
-2
3
7
13
20
26
34
37
40
45
51
58
62
65
68
69
70
75
76
74
72
68
65
61
56
51
44
36
30
25
20
15
8
4
-2
-6
-7
-7
-10
-13
-18
-20
-21
-25
-29
-36
-44
-53
-60
-66
-70
-75
-81
-85
-89
-92
-94
-95
-93
-91
-84
-77
-69
-60
-51
-41
-31
-19
-9
1
9
15
21
28
37
46
54
60
68
74
82
88
96
101
105
107
108
108
105
101
96
93
88
84
78
69
59
50
42
35
29
21
13
5
-1
-4
-5
-4
-6
-9
-12
-17
-24
-31
-38
-46
-55
-64
-69
-74
-79
-83
-88
-94
-97
-98
-96
-95
-91
-89
-86
-80
-73
-67
-62
-55
-49
-41
-34
-28
-24
-18
-11
-1
7
18
28
37
45
53
60
67
73
81
87
92
96
98
96
95
93
90
85
80
74
65
56
48
38
27
19
13
5
0
-5
-10
-14
-17
-17
-21
-26
-31
-34
-38
-43
-47
-52
-58
-61
-64
-65
-67
-70
-74
-76
-79
-81
-80
-77
-76
-73
-69
-62
-57
-50
-43
-36
-29
-23
-18
-12
-7
-1
9
18
28
37
44
53
61
70
75
80
85
88
90
91
91
91
91
89
86
81
79
76
70
66
58
50
41
34
26
17
7
-2
-10
-17
-24
-28
-32
-35
-39
-44
-46
-49
-51
-53
-57
-60
-63
-65
-69
-73
-77
-79
-82
-84
-85
-83
-81
-78
-73
-68
-62
-53
-44
-37
-30
-25
-18
-11
0
11
19
29
38
49
60
70
77
83
89
93
96
98
96
94
91
89
86
79
71
64
57
50
43
37
32
26
21
15
11
7
4
3
0
-4
-8
-13
-17
-20
-25
-32
-38
-44
-51
-56
-61
-65
-68
-72
-75
-78
-81
-82
-84
-84
-81
-80
-77
-75
-70
-65
-60
-53
-47
-39
-31
-26
-18
-8
0
9
17
25
33
43
53
61
68
74
79
83
88
93
95
97
98
97
93
87
82
78
72
65
58
50
42
35
26
19
13
7
3
0
-4
-7
-14
-22
-26
-31
-35
-40
-46
-51
-56
-59
-61
-61
-61
-64
-67
-70
-73
-71
-70
-70
-68
-68
-66
-62
-58
-55
-53
-50
-45
-40
-32
-27
-23
-17
-10
-2
5
14
21
29
34
39
45
48
51
55
58
61
62
63
63
61
61
61
60
59
56
54
51
47
42
38
34
31
27
25
24
22
23
21
18
13
12
9
6
2
-3
-9
-14
-18
-21
-22
-24
-26
-29
-31
-34
-34
-35
-37
-37
-38
-37
-37
-33
-31
-28
-26
-24
-21
-18
-15
-14
-12
-11
-8
-6
-4
-4
-5
-5
-4
-4
-4
-2
-1
1
1
0
0
-1
-2
-4
-4
-5
-7
-9
-11
-12
-12
-13
-13
-11
-10
-6
-4
-2
1
6
9
12
16
18
20
23
26
26
27
28
30
31
33
33
31
30
28
28
27
25
23
20
18
17
15
13
12
10
7
4
0
-3
-6
-9
-11
-14
-16
-17
-19
-22
-25
-29
-31
-33
-34
-37
-39
-40
-42
-43
-44
-45
-46
-46
-48
-51
-53
-52
-53
-53
-51
-51
-48
-45
-42
-36
-33
-26
-21
-15
-7
2
10
17
22
28
34
40
47
52
58
62
68
72
76
80
82
85
87
88
90
90
89
87
87
86
85
83
78
72
67
63
56
49
43
35
28
19
10
1
-7
-15
-22
-30
-34
-43
-51
-57
-61
-67
-74
-80
-86
-92
-97
-102
-105
-108
-108
-110
-111
-109
-107
-102
-94
-86
-78
-70
-60
-50
-39
-30
-21
-11
-1
10
19
29
38
46
53
60
67
73
79
84
85
87
90
92
94
96
97
98
97
97
96
94
90
85
80
75
69
62
52
44
36
28
19
11
-2
-11
-23
-33
-43
-55
-65
-75
-85
-95
-102
-110
-118
-124
-129
-133
-136
-138
-138
-138
-136
-132
-130
-123
-116
-106
-95
-87
-75
-63
-50
-38
-25
-12
-1
10
23
34
46
57
68
77
86
94
102
109
113
117
121
124
125
126
128
128
127
124
121
116
114
110
105
98
89
80
69
58
50
39
28
16
5
-4
-14
-21
-30
-40
-49
-57
-65
-70
-77
-82
-89
-95
-99
-105
-110
-114
-116
-119
-119
-115
-112
-107
-101
-95
-87
-81
-74
-65
-57
-48
-39
-28
-18
-9
1
12
21
34
45
54
62
70
78
85
91
97
101
104
107
112
114
115
115
116
113
109
106
101
95
88
79
69
59
48
39
29
17
8
-3
-14
-24
-33
-43
-55
-65
-73
-83
-89
-96
-103
-108
-114
-118
-122
-123
-123
-123
-123
-123
-120
-117
-111
-104
-97
-88
-78
-70
-59
-47
-35
-23
-13
-1
13
23
33
41
51
59
67
74
80
86
90
95
100
102
103
104
105
104
104
104
103
99
95
92
87
81
76
69
61
52
44
35
25
15
4
-8
-18
-28
-35
-43
-51
-59
-67
-74
-81
-87
-92
-99
-104
-107
-112
-114
-113
-112
-111
-107
-103
-96
-88
-80
-71
-61
-53
-42
-30
-18
-8
1
11
22
32
43
51
59
67
76
84
92
96
101
106
109
111
114
115
115
117
116
115
113
110
105
99
92
84
77
68
57
45
32
22
11
-2
-14
-24
-34
-44
-53
-62
-68
-75
-82
-89
-94
-99
-105
-111
-115
-117
-120
-121
-122
-120
-119
-116
-111
-105
-100
-94
-85
-76
-68
-60
-51
-41
-29
-18
-7
2
11
20
29
37
43
50
58
65
71
74
76
80
82
84
88
89
90
89
89
89
87
84
81
78
74
70
63
58
51
43
33
24
15
5
-3
-11
-19
-27
-34
-41
-46
-50
-55
-60
-66
-68
-71
-73
-75
-77
-77
-78
-78
-76
-74
-71
-67
-62
-54
-50
-42
-35
-27
-17
-10
-4
3
11
16
22
26
30
35
38
44
48
50
52
53
53
54
57
60
62
64
66
67
67
65
65
63
60
54
49
42
34
27
21
13
4
-5
-11
-18
-24
-30
-36
-41
-44
-47
-50
-53
-56
-56
-59
-60
-60
-60
-60
-60
-59
-57
-54
-51
-48
-44
-41
-36
-31
-25
-20
-13
-7
0
8
15
22
26
31
35
41
45
48
49
51
53
55
57
56
57
58
59
61
61
60
58
57
55
55
53
50
46
42
35
29
21
12
5
-6
-16
-27
-37
-47
-55
-65
-73
-81
-87
-90
-95
-98
-100
-99
-96
-93
-91
-88
-85
-81
-75
-70
-62
-56
-52
-46
-38
-31
-23
-15
-8
1
10
22
31
41
50
57
65
74
82
89
95
98
100
103
105
107
109
108
107
105
104
103
98
92
86
81
73
65
57
49
38
28
17
7
-6
-17
-30
-42
-52
-63
-73
-84
-92
-99
-106
-111
-116
-121
-123
-125
-126
-125
-122
-119
-115
-107
-101
-92
-84
-75
-65
-56
-46
-38
-29
-19
-10
-1
8
20
31
44
54
67
78
87
96
105
112
117
124
128
132
135
136
136
134
131
126
119
112
103
94
82
71
60
48
34
16
1
-15
-30
-43
-58
-72
-87
-100
-113
-124
-135
-146
-157
-166
-172
-176
-180
-183
-182
-179
-172
-166
-157
-148
-136
-122
-107
-90
-71
-54
-37
-20
-4
14
29
45
57
72
87
99
112
125
135
146
157
167
176
182
187
190
192
195
195
195
194
191
185
177
169
158
147
135
123
110
93
77
59
39
19
-2
-22
-45
-66
-87
-107
-127
-145
-161
-174
-187
-202
-213
-222
-228
-231
-232
-233
-231
-227
-219
-211
-199
-187
-175
-161
-146
-128
-109
-87
-67
-45
-21
0
21
41
61
77
93
108
121
134
144
154
163
170
178
183
186
186
186
185
183
179
172
165
158
149
138
127
114
101
87
74
61
46
32
17
0
-17
-29
-44
-58
-74
-88
-101
-113
-122
-132
-141
-149
-156
-161
-166
-170
-171
-170
-168
-165
-160
-157
-150
-142
-133
-124
-112
-98
-83
-67
-51
-37
-22
-6
10
26
41
53
65
75
86
95
104
113
120
125
131
137
139
142
144
146
146
145
145
144
142
137
132
127
122
116
107
97
87
78
69
58
46
33
19
6
-7
-19
-30
-43
-55
-66
-76
-86
-95
-105
-113
-121
-127
-133
-138
-142
-141
-140
-136
-135
-131
-126
-122
-115
-107
-97
-86
-76
-66
-54
-43
-32
-19
-8
3
13
21
31
43
51
58
64
