0.008033 0.220271 0.059805 0.071206 0.641034 0.162420 0.622807 0.261411 -0.197420 -0.170241 -0.008128 0.080169 
-0.143625 0.248885 0.183467 -0.003039 0.229581 0.529306 0.453965 0.138497 -0.294837 -0.102782 -0.087957 0.083126 
-0.131209 0.277663 0.038474 -0.020432 0.084995 0.179811 0.097244 -0.031488 -0.175378 0.101881 -0.133734 0.093722 
-0.239374 -0.103353 -0.017639 -0.053868 0.135430 0.027895 -0.025815 -0.060962 -0.446545 0.289911 -0.244496 0.116565 
-0.210453 0.055484 0.101275 -0.368198 -0.176909 0.037123 -0.323666 0.077744 -0.380203 0.240437 -0.332123 0.068345 
-0.030083 0.118381 0.136203 -0.302801 0.136825 -0.039639 -0.120460 0.230176 -0.037320 0.321252 -0.150381 0.072036 
0.043441 -0.099076 -0.065350 -0.392762 0.251842 -0.154864 -0.359773 0.382331 0.059628 0.096966 -0.100630 -0.005881 
0.207999 -0.021314 0.068079 -0.239386 0.018021 0.101281 -0.209619 0.329444 0.386336 -0.154979 0.160233 -0.032885 
0.189338 -0.406907 -0.047125 0.070330 0.281967 0.122302 -0.167093 0.206459 0.356923 -0.046577 0.190646 -0.036041 
0.180992 -0.289700 -0.155810 0.178120 0.350922 -0.105736 -0.071237 0.300833 0.464397 -0.326922 0.218885 -0.076606 
0.103953 -0.064689 -0.384712 0.334899 0.338968 0.192883 0.224517 0.073180 0.004719 -0.094884 0.320223 -0.025841 
0.093723 0.220013 -0.306353 0.210969 0.388385 0.074514 -0.348117 0.055135 -0.276011 -0.077811 0.058447 -0.034371 
0.130073 0.321315 0.211322 0.338703 -0.243217 -0.021315 -0.210148 0.195855 0.092337 -0.127792 0.038559 -0.001405 
0.020976 0.259032 0.039241 -0.127316 0.237285 0.265549 -0.385020 0.209218 -0.587340 0.000031 0.105890 -0.021337 
-0.055690 0.316446 0.209198 -0.416927 0.046981 0.031872 -0.587916 0.018243 -0.435137 -0.082842 0.121505 -0.016382 
0.014816 0.099849 0.159125 -0.164146 0.220892 -0.192491 -0.528514 -0.119735 -0.229412 -0.033854 0.216862 -0.081504 
0.005505 0.192258 -0.033185 0.063927 0.528671 -0.329020 -0.522534 -0.083912 -0.349370 0.164786 0.085816 -0.077995 
0.103592 0.195458 -0.010101 0.386062 0.068579 -0.464336 -0.243008 -0.161507 -0.072096 0.330250 -0.140332 -0.058610 
-0.016091 0.098616 0.138619 0.921532 0.096723 -0.417910 -0.054501 -0.058285 -0.206476 0.319820 -0.207988 -0.097757 
0.028219 -0.119386 0.058356 0.650898 0.004481 -0.274724 0.622833 0.414287 -0.533289 0.221474 -0.174647 -0.027486 
-0.105991 -0.304649 0.033600 0.424762 -0.254359 -0.103475 0.570262 0.303084 -0.359215 -0.059467 -0.104521 -0.014447 
-0.090428 -0.272725 0.522315 0.412960 -0.426609 0.009892 0.607674 0.183210 -0.340274 -0.060426 0.040807 -0.036105 
-0.014062 -0.298979 0.527323 0.254154 -0.456101 0.062510 0.631434 0.088327 -0.149384 -0.057001 0.125938 -0.025811 
0.009283 -0.027381 0.387205 0.116177 -0.552376 0.475198 0.036382 -0.405614 -0.229138 -0.172245 0.054817 -0.079214 
0.062428 0.137235 0.450971 -0.251379 -0.487437 0.503398 0.080211 -0.435390 -0.225595 -0.086314 0.040374 -0.116553 
0.073210 0.165721 0.119444 -0.530187 -0.628529 0.054750 -0.086352 -0.183746 -0.284742 0.013756 -0.051675 -0.077745 
0.076860 0.274874 -0.190215 -0.570725 -0.553754 0.006533 -0.150735 -0.089745 -0.255540 0.304369 -0.001291 -0.058557 
0.094604 -0.048845 -0.223159 -0.652639 -0.376274 -0.230898 -0.497854 0.101535 -0.347988 0.406959 -0.092145 -0.055360 
0.132999 0.110318 -0.034373 -0.326210 -0.051159 -0.038980 -0.443122 0.329514 -0.292150 0.415059 -0.048498 0.024236 
0.024819 0.030636 -0.179707 -0.103076 0.198064 -0.012932 -0.602753 0.239146 -0.255113 0.238044 -0.030287 0.025877 
0.112299 -0.046925 -0.363474 -0.438252 0.141954 -0.079828 -0.761268 0.431723 -0.078641 0.031556 -0.043826 0.031321 
-0.098322 0.192156 -0.250288 -0.129489 -0.416106 -0.116809 -0.127548 0.156279 -0.054104 -0.086594 0.040554 0.077600 
-0.033443 0.110763 -0.576353 -0.078866 -0.326111 -0.302892 -0.359214 0.190669 -0.278170 -0.090859 -0.125829 0.004767 
0.055029 0.253122 -0.350383 -0.540171 -0.373411 0.097665 -0.055731 0.260265 -0.285592 0.132124 0.043864 0.008667 
0.008366 0.286726 -0.232291 -0.112318 -0.297341 0.151985 0.118636 -0.041952 -0.313001 0.105593 -0.046281 -0.039061 
0.097038 0.203301 -0.201163 0.000019 -0.157389 0.167249 0.182312 0.039571 -0.013270 0.206181 -0.032619 -0.014278 
0.002266 0.193059 0.063398 -0.123087 -0.102037 0.674769 -0.319085 0.023068 0.052460 0.241196 0.150029 0.003939 
-0.102403 0.440430 0.100047 0.268270 -0.277146 0.763945 -0.077913 -0.072642 0.128043 0.232060 0.121154 0.055126 
-0.067584 0.603628 0.150171 0.160266 -0.035627 0.609017 -0.304789 0.168939 0.298925 0.387781 0.131832 0.005819 
-0.081229 0.476691 0.122679 0.148236 -0.387209 0.493771 -0.149376 -0.194494 0.314323 0.359882 0.272444 -0.023851 
-0.035281 0.500138 -0.169067 0.473341 -0.575043 -0.155202 0.273011 -0.292075 0.511349 0.290671 -0.013093 -0.067971 
-0.070891 0.287047 0.036570 0.238476 -0.658347 -0.325967 -0.174180 -0.328036 0.672362 0.205211 0.033822 -0.072151 
-0.014893 0.035313 -0.103041 0.212257 -0.487626 -0.278895 -0.031414 -0.415368 0.638728 0.064031 0.052335 -0.050422 
0.045299 0.091478 -0.115744 0.159217 0.153913 -0.090123 0.020787 -0.377101 0.692700 0.179368 -0.046509 -0.054630 
0.112693 0.094528 0.159535 0.236833 0.210615 -0.131051 0.335587 -0.346838 0.607129 0.458176 0.119760 0.065278 
0.252785 0.030553 0.350898 0.353941 0.243087 0.072214 0.383868 -0.554617 0.369456 0.383727 0.164662 0.103760 
0.313314 0.146342 0.612860 0.037903 0.111829 -0.078914 0.507746 -0.944489 0.447541 0.485474 0.129258 0.055071 
0.210903 0.213407 0.782433 -0.238586 -0.146273 -0.222065 0.435054 -0.678469 0.605059 0.341558 0.221348 0.045818 
0.191700 -0.151338 0.533556 -0.399006 0.139673 -0.098675 0.106478 -0.619051 0.458567 0.208034 0.264827 0.032879 
0.157145 -0.131001 0.145063 -0.260766 0.143912 0.052209 0.284075 -0.458349 0.463792 -0.041731 0.258698 0.023676 
-0.044157 0.182807 0.034739 -0.112729 0.744041 0.165704 0.157052 0.190906 0.061281 -0.216993 0.146363 0.046312 
0.068743 0.168333 -0.036684 0.252030 0.872379 0.284522 0.188524 0.161768 -0.273286 -0.114321 0.128014 0.063807 
-0.087972 0.237431 0.113087 0.208688 0.241104 0.501511 0.451353 0.189414 -0.369487 -0.055689 -0.031511 0.084350 
-0.171758 0.221848 0.149884 0.035029 0.111892 0.330988 0.152845 0.274816 -0.321391 0.024470 -0.135552 0.110273 
-0.229894 -0.067865 -0.050716 0.016013 0.069176 0.019418 0.069324 -0.099296 -0.213651 0.277519 -0.229120 0.096431 
-0.238244 0.048233 0.085522 -0.340819 -0.214728 -0.114365 -0.258221 0.007307 -0.371623 0.271554 -0.315656 0.076983 
-0.182948 0.081173 0.185009 -0.512025 0.088700 -0.037290 -0.122475 0.238102 -0.084809 0.149556 -0.237636 0.057045 
0.048177 0.039978 -0.062455 -0.380898 0.156597 -0.212437 -0.362416 0.145617 -0.054863 0.233346 -0.162470 0.014213 
0.158183 -0.014358 0.072869 -0.324592 0.033749 -0.006313 -0.186764 0.323171 0.296416 -0.082422 0.148963 -0.029791 
0.190077 -0.413605 -0.068683 -0.032705 0.307751 0.110775 -0.174636 0.297693 0.370006 -0.097405 0.229498 -0.005130 
0.266916 -0.158400 -0.160602 0.099354 0.226378 -0.125861 -0.216167 0.103410 0.372320 -0.274248 0.291699 -0.058277 
0.061469 -0.158722 -0.275124 0.448913 0.349898 0.260548 0.223262 0.037432 0.110689 -0.239202 0.272265 -0.024067 
0.210937 0.090547 -0.336051 0.251864 0.369604 0.086079 -0.399372 0.107377 -0.196299 -0.249681 0.213535 -0.058803 
0.178820 0.614599 0.066622 0.003756 -0.329332 0.247257 -0.182294 0.073883 -0.074267 0.066442 0.011533 -0.019925 
0.059226 0.101113 -0.014167 -0.125189 0.234847 0.260450 -0.336265 0.318374 -0.535178 0.051298 0.097676 -0.011115 
-0.041715 0.206199 0.111577 -0.468678 0.364154 0.203306 -0.532200 0.154506 -0.615238 -0.148917 0.016657 -0.036343 
-0.047454 0.154915 0.108911 -0.099823 0.055113 -0.001098 -0.476023 0.107393 -0.308232 0.109352 0.156160 -0.046054 
-0.026793 -0.038267 0.130654 -0.007834 0.577632 -0.413607 -0.569560 -0.122416 -0.250798 0.037829 0.137851 -0.068552 
0.011037 0.258118 0.085354 0.577420 0.162397 -0.492452 -0.267245 -0.337654 -0.052022 0.236741 -0.130215 -0.086035 
0.062828 0.213558 0.079072 0.920295 -0.038888 -0.570618 -0.217997 -0.067715 -0.122995 0.403662 -0.197706 -0.085096 
0.008317 -0.027687 0.135887 0.805835 -0.039996 -0.278672 0.653165 0.227190 -0.380884 0.107451 -0.260941 -0.013250 
-0.141924 -0.274519 0.052827 0.533197 -0.219011 -0.016754 0.613636 0.394530 -0.508631 -0.031413 -0.211165 -0.017716 
-0.024575 -0.165686 0.484467 0.267130 -0.746857 -0.135879 0.619542 0.298099 -0.284444 -0.012702 -0.014470 -0.046248 
-0.042178 -0.290220 0.594237 0.232044 -0.311267 -0.046134 0.799514 -0.145542 -0.209684 -0.078429 0.095064 -0.021649 
0.042590 -0.087104 0.592136 0.032393 -0.442896 0.251783 0.060990 -0.489513 -0.080351 -0.178367 0.032714 -0.082624 
0.073949 0.155663 0.453536 -0.245303 -0.643873 0.504993 0.140871 -0.356923 -0.169814 -0.054538 0.098146 -0.113834 
0.076097 0.106747 0.033503 -0.431367 -0.503565 0.047032 -0.102859 -0.259516 -0.266139 0.061700 -0.019502 -0.100208 
0.087665 0.162740 -0.120623 -0.507882 -0.606914 0.140416 -0.105556 0.020925 -0.317286 0.163870 -0.056940 -0.054665 
0.055843 0.017333 -0.285267 -0.610586 -0.527823 -0.058928 -0.394116 0.000065 -0.338845 0.406503 -0.082378 -0.046625 
0.161400 0.044671 0.057957 -0.276849 -0.077626 0.146784 -0.494343 0.436992 -0.318517 0.454875 -0.085989 0.000134 
0.065128 0.097869 -0.188152 -0.314981 0.253670 0.199454 -0.763342 0.178215 -0.177901 0.252661 -0.047459 0.055823 
0.107045 0.039648 -0.346713 -0.428013 0.061713 -0.082402 -0.802968 0.329935 -0.188825 0.024851 -0.074703 0.026516 
-0.016056 -0.012493 -0.297894 -0.259713 -0.156456 -0.182895 -0.271013 0.092483 0.004623 -0.014842 0.063606 0.065789 
-0.138307 -0.005699 -0.771180 -0.310544 -0.474555 -0.541055 -0.394203 0.067058 -0.366132 -0.061781 -0.067587 0.037888 
0.043829 0.139282 -0.526812 -0.063941 -0.124082 -0.236299 0.037979 0.137745 -0.261417 0.140032 -0.023940 0.030451 
0.008393 0.279490 -0.224026 -0.115631 -0.372444 0.152792 0.039014 -0.043608 -0.245212 0.097927 -0.048167 -0.027254 
0.049796 0.228944 -0.316103 0.139840 -0.036214 0.109979 0.129613 0.259290 -0.128692 0.242045 -0.083740 -0.018151 
0.118006 0.331542 -0.072992 -0.005954 -0.189094 0.508036 0.077953 0.074351 -0.031072 0.280904 0.059289 0.002436 
-0.054401 0.442041 0.073049 0.112715 -0.260782 0.771768 -0.181014 0.058247 0.274893 0.137589 0.065933 0.013926 
-0.029285 0.675161 0.113921 0.147100 0.057136 0.602736 -0.324699 0.278277 0.196998 0.239142 0.171944 0.025151 
-0.062147 0.507380 0.141414 0.099717 -0.602271 0.750740 -0.368277 -0.077655 0.269014 0.421608 0.215120 -0.008011 
-0.033403 0.327566 0.075340 0.182726 -0.618165 -0.006346 -0.136925 -0.093694 0.360724 0.233340 0.088126 -0.072151 
-0.082056 0.298572 0.058393 0.227321 -0.667282 -0.352809 -0.371319 -0.243942 0.612544 0.202939 0.000767 -0.089771 
-0.094650 -0.015575 -0.120799 0.195362 -0.778974 -0.227912 -0.258241 -0.495079 0.634994 0.106570 0.018524 -0.066037 
0.006136 0.089641 -0.110799 0.156087 0.154083 -0.086945 0.013366 -0.359535 0.681370 0.183179 -0.045870 -0.054229 
0.083248 0.149707 0.068428 0.162932 0.374018 -0.153414 0.270698 -0.457479 0.566433 0.241802 0.063911 0.025790 
0.312798 0.017264 -0.025249 0.566571 0.199771 0.110593 0.619840 -0.558023 0.445868 0.368397 0.082361 0.070879 
0.327917 0.133275 0.031080 0.453814 0.294280 0.171208 0.691704 -0.407622 0.481547 0.494535 0.119860 0.007622 
0.292829 0.293717 0.378710 0.172141 -0.001410 -0.043614 0.342608 -0.234494 0.542139 0.312396 0.267586 -0.032933 
2.221351 1.134285 0.489183 0.482120 -0.512305 -0.454458 1.291359 -0.896214 0.263473 -0.404674 0.065220 0.045014 
2.488550 1.031953 1.873108 1.208079 0.254193 0.248122 1.853116 -0.035702 0.475225 -0.013506 -0.016685 0.002019 
2.034794 0.992908 2.095029 1.030434 0.424305 0.241859 1.489253 0.033141 0.259823 0.139360 0.059059 -0.004352 
2.069291 1.159981 2.182149 0.910917 0.630762 0.291181 1.968811 0.336574 0.335626 0.381105 0.126790 -0.002751 
1.923705 1.195816 2.702548 0.892058 0.740893 0.408171 1.707741 0.202095 0.520992 0.425400 0.157190 0.006466 
1.694925 1.168555 2.848207 1.352239 0.810255 0.745316 1.204930 0.299783 0.938734 0.504076 0.118673 0.025078 
1.721886 1.163569 2.783525 1.364670 0.771631 0.754433 1.339278 0.550520 1.035773 0.644032 0.174959 0.023138 
1.504354 1.262178 3.130691 1.379577 1.199638 0.374000 0.829940 0.331748 1.362413 0.773191 0.238660 0.024494 
1.565916 1.310563 2.908476 1.467252 1.401125 0.474257 1.239722 0.743241 1.003472 0.677492 0.345657 0.015161 
1.491710 1.607441 2.757518 1.260573 1.220285 0.494359 1.296361 0.171627 0.841096 0.889306 0.515319 -0.024770 
1.546124 1.284129 2.422235 1.235539 1.089485 0.521504 1.424813 0.814477 0.912321 0.688651 0.390354 -0.006549 
1.798054 1.136323 1.889519 0.673410 1.017346 1.056101 2.051556 1.086674 0.930295 0.429487 0.174899 -0.015182 
2.067934 1.087249 1.780503 0.881198 1.140804 0.930048 2.473767 1.392523 0.477696 0.461934 0.048725 -0.053056 
2.207102 0.826750 2.186020 1.158922 1.331164 0.742206 2.548126 1.431543 0.311021 0.310756 -0.122676 -0.036207 
2.031838 1.137889 1.653494 0.885494 1.690590 1.594905 2.548904 0.703492 0.078086 0.475351 0.100355 -0.053569 
1.798130 0.983935 1.683645 0.361202 2.520151 1.412899 3.716123 0.393145 -0.244156 0.335544 -0.152685 0.035966 
2.030159 0.338074 1.857394 0.055140 2.498489 1.494571 4.202128 0.018345 -0.364708 0.526310 -0.051316 0.027527 
1.646804 0.197073 1.972826 -0.261857 2.192412 1.725825 4.460638 0.057578 -0.214159 0.527790 -0.042128 -0.035150 
1.436398 0.052296 2.296371 0.225395 1.834491 1.484403 4.486862 -0.021826 -0.170153 0.601939 -0.206359 -0.024088 
1.124107 0.189800 2.313817 0.244968 1.697423 1.208421 4.192767 -0.014024 -0.204848 0.499744 -0.203539 -0.023736 
0.885809 -0.053340 2.456422 0.270180 1.450059 1.093696 4.114968 -0.293433 -0.052956 0.422254 -0.250499 -0.002757 
0.591957 0.134055 2.403232 0.288480 1.550944 1.481245 4.148492 0.053697 -0.292775 0.202962 -0.135428 0.004502 
0.296834 0.489057 2.234360 0.092028 1.784484 1.678216 4.417003 0.035342 -0.193497 0.384504 -0.277441 0.008684 
0.304699 0.094526 2.588216 -0.123192 1.933389 1.907426 4.528530 -0.258185 0.121347 0.368400 -0.407388 0.042297 
0.269758 0.101261 2.482219 0.313891 1.575291 1.664236 4.757292 -0.189994 0.201770 0.427736 -0.486806 0.030478 
0.344450 -0.076219 2.533974 0.592611 1.506894 1.393747 4.648003 -0.146415 0.316103 0.392953 -0.479418 0.040210 
0.358813 -0.245639 2.555327 0.769676 1.406967 1.585324 4.495158 -0.302136 0.126066 0.449931 -0.435403 0.037619 
0.137983 -0.124223 2.375210 0.860578 1.005918 1.642595 4.452375 -0.353344 0.250152 0.164277 -0.269613 -0.009054 
-0.172321 -0.099695 2.458628 0.739414 1.110685 1.934539 4.206246 -0.510027 0.288700 0.076635 -0.243846 0.045848 
-0.660466 -0.422601 2.480196 0.785246 1.253782 1.910109 4.106540 -0.281139 0.271068 -0.088978 -0.215852 0.066676 
-0.890683 0.020736 2.718909 0.533698 0.948329 1.812874 4.446904 -0.183676 0.146838 -0.016702 -0.288466 0.071897 
-0.891763 0.376118 3.081298 0.449439 0.949480 1.442193 4.297452 -0.210577 0.527579 0.009158 -0.309188 0.044835 
-0.677876 0.267776 2.901782 0.601243 1.039039 1.353991 4.057569 -0.107083 0.405971 -0.166141 -0.231798 0.046165 
-0.631800 0.241741 2.746011 0.414322 1.100239 1.688974 3.903171 -0.314991 0.374849 -0.178826 -0.224133 0.028845 
-0.802744 0.385363 2.097338 0.533959 1.782384 1.654227 3.476367 -0.405043 0.551860 -0.277442 -0.155326 0.030718 
-0.744800 0.140479 2.318831 0.512061 1.719671 1.770215 3.684050 -0.482158 0.333191 -0.220269 -0.089615 0.037452 
-0.943182 0.167661 1.956539 0.355722 2.271040 1.388035 3.650039 -0.687870 0.101767 0.250587 -0.234760 0.015638 
-1.018126 0.238755 1.470988 0.599261 2.707700 1.207564 3.516818 -0.993577 0.088560 0.335797 -0.181946 0.021197 
-0.940789 0.046785 1.590925 0.225866 2.626454 1.374036 3.162651 -0.910050 0.129471 0.448038 -0.231925 0.032689 
-0.828978 0.071965 1.511606 -0.427656 2.472338 1.244831 2.897316 -1.153689 0.114333 0.525439 -0.246890 0.006603 
-0.915288 -0.079932 2.044608 -0.055687 2.377777 1.499269 3.256053 -0.768748 -0.009552 0.107779 -0.079404 0.079538 
-0.741165 -0.386329 2.801398 -0.146668 1.799916 1.630485 3.280188 -0.433913 0.058437 -0.042952 -0.115841 0.091515 
-0.761828 -0.377889 2.561933 -0.140855 1.728552 1.762468 3.502259 -0.937713 0.034640 -0.243602 0.011983 0.135737 
-0.739195 -0.299077 2.265651 -0.036127 1.747667 1.380111 3.284312 -0.967148 -0.120358 -0.209534 0.080977 0.173918 
-0.853889 -0.390009 2.058221 -0.142499 1.847411 1.393027 3.119329 -0.833791 -0.038108 -0.357276 0.131017 0.190364 
-1.017048 -0.351497 1.525819 0.040295 1.334952 1.211586 2.920629 -0.840688 0.148092 -0.521222 0.101760 0.181542 
-1.069572 -0.241978 1.580197 0.038174 1.134461 0.792254 3.146274 -0.512173 0.256826 -0.406797 -0.020076 0.127546 
-1.350353 -0.353930 1.551609 -0.421247 1.214660 0.756700 2.977440 -0.290766 0.470269 -0.437947 -0.040976 0.119795 
-1.475348 -0.279033 1.418874 -0.535866 1.129989 0.806445 3.150026 -0.639606 0.484240 -0.228292 -0.026892 0.080345 
-1.569454 -0.057481 1.252110 -0.109566 1.351282 0.675980 3.030228 -0.700543 0.235333 -0.337386 0.194873 0.055352 
-1.712827 0.095792 1.408651 -0.142990 1.067539 0.927866 3.087233 -0.875961 0.154522 -0.422939 0.271602 0.053991 
-1.769793 0.111048 1.404008 0.028558 1.021094 0.935316 2.905961 -1.206230 0.203254 -0.334002 0.290625 0.044376 
-2.017797 0.053757 1.223623 -0.003718 1.089143 0.762108 2.452128 -1.324338 0.232293 -0.164002 0.356626 0.063410 
-2.076801 -0.242431 1.090329 -0.066397 1.059820 0.737664 2.551274 -1.310147 0.226653 -0.153126 0.288973 0.095430 
-2.264754 -0.501403 0.862395 -0.478594 0.879841 1.198275 2.699471 -1.119677 0.332033 -0.147424 0.298909 0.123199 
-2.268438 -0.608954 0.884352 -0.627416 0.835958 0.728794 3.106598 -0.826069 0.017908 -0.188746 0.308245 0.123762 
-2.136319 -0.527249 0.397274 -0.724194 0.786304 0.566205 2.955404 -0.752018 -0.064149 -0.091994 0.278539 0.068039 
-2.174016 -0.699284 0.028935 -0.787248 0.971299 0.631371 2.394465 -0.680790 0.213443 0.087296 0.233195 0.082143 
-2.221561 -0.758263 0.017872 -0.697030 0.816057 0.419300 2.444736 -0.550316 0.222451 0.141933 0.207748 0.041605 
-1.889744 -0.756316 -0.197735 -0.979468 0.966125 1.024414 2.183411 -0.619005 0.265954 -0.098379 0.366138 0.050252 
-1.878105 -0.895861 0.029720 -1.070040 1.071607 0.920128 2.127569 -0.564253 0.404532 -0.226721 0.419950 0.064830 
-1.495151 -0.985885 0.569435 -1.057324 0.911216 1.035667 2.466356 -0.818702 0.339927 -0.540154 0.310558 0.129819 
-1.159372 -0.940099 0.559362 -1.055979 0.764974 1.118208 2.342474 -1.077530 0.476050 -0.582811 0.231900 0.161712 
-0.462320 -0.682966 0.958342 -0.394476 0.679137 0.813655 2.111940 -1.014866 0.406174 -0.998609 -0.025037 0.147953 
0.358203 -0.913928 1.417843 -0.237653 0.770796 1.039265 2.606564 -0.961698 0.544343 -0.896630 -0.048772 0.174048 
1.752965 -0.060206 1.985965 1.175064 1.008748 2.258142 2.952515 -0.447234 1.124456 -0.816890 0.088071 0.110253 
2.805347 0.899612 2.333551 1.402421 0.977346 1.976776 2.411476 0.023537 0.404860 -0.921192 -0.018915 0.064859 
3.526372 2.030570 1.487816 0.647345 0.425368 1.634388 1.560770 0.451629 -0.142705 -0.697434 -0.073074 -0.037310 
4.040681 2.364115 1.078182 0.376703 1.707658 2.225826 1.337387 0.385020 -0.246883 -0.648844 -0.287754 -0.045275 
5.073059 1.762439 1.528630 -0.249607 2.571887 2.131487 1.064428 0.236181 -0.090350 -0.884641 -0.314764 -0.008351 
4.718353 1.909766 1.198916 0.299637 2.025699 2.096428 0.939937 0.148503 -0.294396 -0.908052 -0.273474 -0.020841 
3.972789 1.786022 0.816113 0.592481 1.735670 1.749256 0.688733 0.057475 -0.373925 -0.698169 -0.282823 -0.051106 
4.284551 1.993041 0.474404 0.047178 1.790595 2.088368 0.875272 -0.310747 -0.474462 -0.556708 -0.279230 -0.055480 
5.255224 1.578275 0.140679 -0.167534 2.088147 1.837639 0.956033 -0.325853 -0.602534 -0.441581 -0.240311 -0.061103 
4.894845 1.708450 -0.098220 -0.154156 1.671785 2.168878 1.060702 -0.492143 -0.651234 -0.364115 -0.228881 -0.062325 
4.254855 1.730726 -0.085962 0.026017 1.723163 2.205027 0.857291 -0.521141 -0.521458 -0.350434 -0.296760 -0.077066 
4.364614 1.404366 -0.071780 0.286181 1.800180 1.866555 0.573250 -0.195626 -0.625523 -0.481310 -0.287119 -0.075095 
4.963262 1.303543 -0.239836 0.281658 2.216046 1.446218 0.440529 0.128060 -0.705273 -0.641709 -0.315099 -0.063991 
4.815062 1.085551 -0.417857 0.316107 1.867535 1.867246 0.563908 0.098040 -0.624071 -0.726497 -0.330391 -0.055228 
4.323089 1.240486 -0.466988 0.474085 1.937215 1.946754 0.940410 0.061287 -0.562118 -0.628253 -0.350976 -0.058541 
4.337174 1.450588 -0.687401 0.211296 2.060775 2.192904 0.802731 0.011396 -0.461725 -0.529485 -0.291639 -0.055044 
4.267726 1.596263 -0.511415 -0.088317 1.525759 2.049831 1.043983 0.047030 -0.479744 -0.521423 -0.247875 -0.033818 
4.479882 1.731897 -0.052340 0.431225 1.521662 1.426832 0.770076 0.299615 -0.361748 -0.633244 -0.179678 -0.019173 
4.498843 1.509945 0.100992 1.012042 1.840647 1.413418 0.937995 0.351313 -0.534957 -0.692962 -0.245166 -0.013510 
4.299483 2.171401 0.047644 0.396689 2.024041 2.069480 0.842352 0.080310 -0.376643 -0.559680 -0.269730 -0.051546 
3.658698 2.208371 0.770423 0.567796 1.174816 1.131092 0.412456 -0.014891 -0.172583 -0.217960 -0.152706 -0.047313 
3.959983 2.436391 0.782395 0.754523 1.443888 1.621125 1.180569 0.364813 -0.273477 -0.550233 -0.259064 -0.039571 
5.768162 2.418787 0.576457 1.168899 2.728269 2.177125 0.921154 0.323199 0.100103 -0.624711 -0.269875 -0.034527 
5.719813 3.042168 0.797441 1.054108 2.619783 1.894195 0.773039 0.777925 0.189703 -0.707846 -0.312783 -0.062144 
4.281002 2.734299 1.256181 1.191149 1.739003 1.859067 1.296656 0.754750 0.001126 -0.530668 -0.264591 -0.043829 
4.425879 2.774196 1.070343 0.808999 1.597224 1.742767 1.411388 0.728564 -0.038674 -0.442230 -0.238022 -0.037238 
4.624047 2.874437 0.758993 0.480219 1.788473 2.152743 1.412592 0.717330 0.086677 -0.320118 -0.266455 -0.056800 
5.937177 2.634272 -0.194878 0.707533 2.534299 1.810518 0.790866 0.839293 0.454630 -0.359022 -0.335796 -0.097618 
4.975274 2.422229 0.161288 0.663431 2.014294 1.736537 0.927710 0.778115 0.465142 -0.235432 -0.249644 -0.087820 
4.706061 2.301483 0.298133 0.661231 1.856170 1.654336 0.809348 0.592065 0.476077 -0.116451 -0.279785 -0.109937 
4.570142 2.288531 0.064573 0.580043 2.008417 1.757172 0.876807 0.531304 0.333693 -0.134822 -0.282157 -0.105408 
5.864858 2.306647 -0.422364 0.462903 2.176813 1.765817 0.740997 0.651865 0.248623 -0.116915 -0.194622 -0.076134 
5.293338 2.453150 0.131112 0.466122 2.137191 2.045683 1.271115 0.569662 -0.016795 -0.137303 -0.157250 -0.042876 
4.788354 2.925540 0.481700 0.123280 2.157746 3.143752 1.719251 0.199555 -0.283181 -0.108194 -0.086983 0.029194 
4.652083 2.926475 0.737205 0.180747 2.079315 2.901033 2.032467 0.295907 -0.172751 -0.137361 0.005501 0.072976 
4.596297 2.839072 0.729658 0.197796 2.358763 2.714124 2.002509 0.298814 -0.056684 -0.033079 0.193342 0.118871 
4.574074 2.836776 0.691393 0.081880 2.576357 2.923210 2.144729 0.236128 -0.203897 0.065243 0.231523 0.144715 
4.043203 2.610121 1.009832 0.547133 2.336435 2.527240 2.174468 0.001880 -0.304648 0.188188 0.159420 0.113274 
3.730253 2.651015 1.298556 0.815268 1.857665 2.047707 1.495839 0.356206 0.015202 0.118904 0.150070 0.056309 
3.386197 2.360110 1.694701 1.619903 2.204823 1.754030 1.178160 0.344810 0.065313 0.121097 0.101686 0.028118 
3.628263 2.904653 1.665690 1.291674 1.588817 1.492504 1.444655 0.927724 0.820753 0.227454 0.028004 0.009387 
3.090622 2.412937 1.753771 1.250026 1.282033 1.351477 1.420620 1.135127 0.696719 0.361687 0.115594 0.022506 
3.113930 2.555848 1.971782 1.186026 1.209441 0.785049 1.185756 0.972271 0.585041 0.416299 0.180424 0.030280 
2.995030 2.464584 2.201453 1.509686 1.279465 0.880902 1.061239 0.851688 0.604636 0.252981 0.076383 0.023153 
3.133805 2.721741 2.106302 1.461430 1.769019 1.061813 1.389282 0.560721 0.469971 0.252335 -0.014510 0.020186 
3.156150 2.560289 1.966425 1.370042 1.862175 1.107470 1.218010 0.480253 0.429748 0.160536 -0.130173 0.004603 
3.109826 2.476209 2.062285 1.027022 1.325869 0.987464 1.125455 0.737569 -0.023233 0.163331 -0.111539 -0.003610 
3.248116 2.347723 1.707949 1.030653 1.581407 0.914008 0.999020 0.352828 0.224380 0.145296 -0.053123 0.012288 
3.654772 3.028293 2.104418 0.597576 0.969997 0.251325 1.401481 0.416626 0.504231 0.059057 -0.122741 -0.012682 
3.957780 3.224370 2.158994 0.498526 1.178530 -0.118346 1.397531 0.389283 0.702139 0.199655 -0.184356 -0.017779 
3.741632 3.248251 1.621063 0.469924 1.437249 0.155862 1.296194 0.260605 0.827784 0.119788 -0.120004 -0.008643 
3.523000 3.001338 2.060109 0.510713 1.166832 0.444641 1.222000 0.444344 0.546127 -0.040277 -0.005561 0.005247 
3.647806 3.361585 1.993679 0.572359 1.526097 0.634497 1.677904 0.397369 0.333536 0.122345 -0.139877 0.000425 
3.683933 3.194280 2.061796 0.623035 2.066292 0.744418 1.891137 0.395695 0.621577 -0.022858 -0.170916 0.000147 
3.816050 3.050589 2.215661 0.290202 2.163150 0.879392 2.271072 0.341183 0.697080 -0.131265 -0.118100 0.029081 
3.812060 3.473234 1.777994 0.103281 2.317794 0.601755 2.085147 0.624028 0.945689 0.080737 -0.099914 0.011030 
4.008750 3.284062 1.690835 -0.308304 2.181921 0.325769 2.261659 0.821515 0.750239 0.093314 0.022015 0.052587 
4.125559 3.250835 1.594120 -0.614758 2.048215 0.132271 2.133579 0.539776 0.756314 0.171312 0.026442 0.073331 
4.132553 3.369242 1.563427 -0.650141 1.775172 -0.014954 2.072478 0.368612 0.631272 0.066486 0.023373 0.071788 
3.725310 2.793402 1.275021 0.066951 1.047009 -0.165247 1.859813 0.343288 0.291190 0.212346 0.032199 0.048125 
3.477212 2.885047 1.407625 0.294586 0.716603 0.317025 1.812613 0.340615 0.312923 0.179406 0.109110 0.036588 
3.446165 3.067368 1.908296 0.144683 1.078065 0.355033 1.930683 0.271984 0.252864 -0.021630 -0.005934 0.022051 
3.771810 3.246852 1.947663 0.281351 1.560477 -0.224287 2.622245 0.249304 0.386134 -0.030370 -0.097241 0.041433 
3.328787 3.062756 2.221453 0.554124 1.462823 0.243317 1.428060 0.406825 0.204635 -0.116777 -0.022152 0.008073 
3.167433 2.827841 1.677899 0.469498 1.512532 -0.392671 1.325056 0.732704 0.327413 -0.213046 -0.161561 -0.002843 
3.052829 2.533783 1.853054 0.365172 1.419764 -0.936886 1.203425 0.408182 0.157494 0.170038 -0.242041 0.028904 
3.050361 2.617735 1.261409 -0.355561 2.170220 -0.497769 1.597059 0.526874 0.022223 -0.073995 -0.300113 0.020233 
3.111579 2.796779 1.548291 -0.397248 2.082368 -0.584561 1.971384 0.744360 0.301748 -0.069487 -0.357073 0.013087 
3.202196 2.976300 1.614941 -0.766014 2.454639 -0.227769 2.258828 0.593906 0.238221 -0.228442 -0.307091 0.024169 
3.089725 2.764851 1.506706 -0.620760 2.323188 0.247638 2.025188 0.578056 0.164343 -0.094527 -0.429878 0.013092 
3.093673 2.375369 1.727355 -0.298384 1.898436 -0.098618 1.657998 0.622217 0.135723 -0.139302 -0.435921 -0.011644 
3.052275 2.532371 1.411659 -0.177360 1.656839 -0.417262 1.755978 0.619452 0.242379 -0.274807 -0.319068 -0.018553 
2.952042 1.956777 1.731153 0.146922 1.440634 0.027338 1.517705 0.292330 -0.120747 -0.012630 -0.335019 -0.011356 
3.473784 1.738192 1.339259 0.853669 2.013894 -0.389628 1.340309 -0.278676 0.047970 -0.102802 -0.224890 0.024004 
3.400879 1.970942 1.210357 0.893785 2.199885 -0.226352 1.342326 -0.125849 -0.007447 -0.237710 -0.196948 0.030332 
3.346541 1.975854 1.099206 0.289151 1.928586 -0.482659 1.329588 -0.108095 0.276771 -0.134387 -0.158160 0.040344 
2.985094 1.859813 1.297242 0.281264 1.654389 -0.370485 1.460621 0.268701 0.232273 -0.259927 -0.004267 0.044702 
3.058382 2.512520 1.748801 -0.592091 1.286905 -0.470115 2.528975 0.800975 0.748160 0.090214 -0.021798 0.022054 
3.001284 2.436458 1.743225 -0.717368 1.011922 -0.271462 2.855577 0.961834 0.597198 0.104275 -0.001887 -0.005787 
2.995993 2.495132 1.660170 -0.272934 0.899927 -0.014385 2.972149 0.946084 0.331570 0.202844 -0.077830 -0.012676 
2.936752 2.337106 1.389013 0.133391 0.966779 0.393413 2.543152 1.368762 0.100366 0.420228 -0.096694 -0.022955 
2.897554 2.310246 1.488474 -0.136293 1.262950 0.448081 2.725196 1.311129 -0.048450 0.404241 -0.021773 -0.004292 
2.740234 2.475140 1.266340 0.228585 1.633687 0.189724 2.659174 1.158102 -0.461564 0.364383 0.016488 0.043153 
2.713930 2.468070 1.148146 0.112966 1.777131 0.005213 2.657787 1.251683 -0.236311 0.240504 -0.001597 0.042325 
2.606191 2.282275 1.075768 -0.153449 1.926045 0.517730 2.574004 1.095920 0.017626 0.122113 -0.060942 0.032653 
2.674015 2.362676 1.005084 -0.295348 1.942674 0.545483 2.591239 1.196146 0.118761 0.034271 -0.081295 0.016774 
2.720614 2.263592 0.873139 -0.291634 1.891616 0.704514 2.544691 1.220300 0.265742 -0.000714 -0.069941 0.006858 
2.772485 2.186657 1.003988 0.063624 2.001435 0.865833 2.056141 1.269303 0.393973 -0.024412 -0.036023 0.004103 
2.908932 2.359076 1.133894 -0.219334 1.513231 0.081095 1.945084 1.224837 0.270870 -0.098335 0.044457 0.000298 
2.734214 2.083692 1.299760 -0.110542 1.796521 0.037815 1.540871 1.086092 0.411009 0.324358 0.094153 0.027249 
2.804386 1.869254 1.338392 -0.254409 1.986518 -0.125007 1.762556 1.046898 0.502390 0.389033 0.076517 0.039059 
2.714955 1.899720 1.177960 -0.145310 1.754275 -0.440101 1.464445 0.946034 0.250607 0.299208 -0.153528 0.038805 
2.705640 2.026800 1.302952 -0.254716 2.254365 -0.224587 1.270852 0.904410 0.330600 0.135255 -0.112650 0.041298 
2.658094 2.079394 1.242502 0.225722 2.047447 -0.102259 1.014430 1.119989 0.247466 -0.237619 -0.022979 0.016414 
2.935408 1.977309 1.457736 -0.152766 2.136578 0.120476 0.974147 0.672660 0.429275 -0.234359 -0.104740 0.018750 
3.104735 2.052828 1.526367 -0.210658 2.058070 0.412548 1.062173 0.536831 0.650386 -0.124400 0.018187 0.030953 
3.108441 2.099683 1.505339 0.081857 1.720023 0.317229 1.290254 0.453922 0.660573 -0.043180 -0.008437 0.033662 
2.951988 2.015025 1.162951 0.362608 1.113649 0.212057 1.304595 0.726378 0.823353 0.113406 0.073554 0.028980 
2.910717 2.323292 0.882477 0.499021 1.696120 0.405934 1.682558 0.373174 0.977295 0.165119 0.103817 0.038034 
2.605969 2.065364 1.152933 0.547549 1.862867 0.584943 1.295689 0.581055 0.912290 0.149431 0.026199 0.039340 
2.468428 1.847918 1.050650 0.277450 2.040922 1.079331 1.503753 0.033622 0.666456 -0.014562 -0.032784 0.054680 
2.509324 1.816961 0.837616 -0.082351 1.989712 1.315796 1.722084 0.265395 0.630923 -0.240859 -0.206825 0.040993 
2.512633 1.638089 0.762718 -0.145566 1.844921 1.340490 1.940333 0.370273 0.331306 -0.149801 -0.187673 0.045437 
2.718724 1.646947 0.601422 0.101831 1.398095 1.330733 2.417091 0.002279 0.390574 -0.204149 -0.008105 0.038802 
2.762041 1.770066 0.540978 0.240866 1.580079 1.021212 2.004166 0.044721 0.457337 -0.369295 0.060463 0.034594 
2.745277 1.783248 0.686244 0.586268 2.149169 1.026955 2.108282 0.471981 0.574576 -0.169597 0.280208 0.053111 
2.564781 1.686339 1.039267 0.650996 1.903516 1.082189 1.535994 0.484251 0.871508 0.021911 0.236796 0.018119 
2.581142 2.008797 1.146279 0.457021 2.321419 0.573241 0.971755 0.490434 0.703181 -0.038368 0.376181 0.012573 
2.366344 1.790822 1.586346 0.935887 2.240470 1.073398 0.803660 0.944396 0.847418 0.035384 0.360671 0.012043 
2.341131 1.887237 1.532771 1.116916 1.886755 0.632206 1.265168 0.790379 1.037721 0.015740 0.379004 0.024728 
2.382157 1.928792 1.492675 0.678275 2.361294 0.665953 1.262868 0.827813 1.107289 0.238157 0.302709 0.031596 
2.313148 1.825876 1.441995 1.041970 2.255527 0.456536 1.577310 0.894224 0.828747 0.406935 0.300463 0.038502 
2.431391 1.765532 1.400290 0.271385 1.857400 0.120811 0.821280 0.199430 0.777250 0.396991 0.205875 0.044911 
2.311579 1.548437 1.474486 0.150405 1.670617 0.240874 0.543892 0.120488 0.404250 0.132831 0.162242 0.043580 
2.404195 1.793465 1.995068 -0.023710 1.454957 0.196271 0.465549 0.768831 0.146453 0.204067 -0.040151 0.026032 
2.393668 1.850804 2.144612 -0.072465 1.864287 0.590050 0.401950 0.976880 0.461684 0.037783 -0.223442 0.030833 
2.431563 1.991311 1.947692 -0.359407 2.632159 1.096740 1.130089 0.994877 0.262344 0.145656 -0.083542 0.037568 
2.462634 2.248142 1.288022 -0.328602 2.685516 1.295150 0.967104 1.240572 0.247518 0.425857 0.061943 0.013294 
2.535760 2.194537 1.435817 -0.270043 2.252864 0.792815 0.911654 1.057453 0.517625 0.353972 0.159636 0.009271 
2.483345 2.191686 0.994698 0.062099 1.880141 0.517243 0.839147 0.628423 0.679411 0.316662 0.175180 0.000566 
2.455737 2.181791 1.382360 0.136892 1.632463 0.009777 0.821973 0.998844 0.953367 0.290361 0.194777 0.010682 
2.430209 2.128391 1.266515 0.055757 1.258034 -0.154464 1.339587 0.956741 1.005965 0.353671 0.104883 0.023847 
2.536921 1.952836 1.493306 -0.454187 1.843296 -0.108998 1.481819 1.222773 0.821814 0.297565 0.067462 0.026264 
2.638377 1.748511 1.585396 -0.588217 1.567238 0.190001 1.608154 0.995463 0.527387 0.255844 0.245494 0.040664 
2.642055 1.870000 1.119505 -0.448959 1.624575 0.144031 1.554857 0.995048 0.299149 0.100659 0.181424 0.038895 
2.387538 1.816928 1.099158 -0.154401 2.048354 -0.043333 1.463942 0.682892 -0.069223 0.183018 0.007466 0.067468 
2.495641 1.717215 1.771591 0.098499 1.968826 0.523152 2.058839 0.694831 0.165946 0.220369 -0.037686 0.060965 
2.592349 1.775377 1.651866 0.204865 2.266831 0.438770 2.298335 0.902898 0.319143 0.342535 -0.017861 0.068676 
2.645235 1.705170 1.933885 -0.139817 2.292607 0.484158 2.237796 0.850620 0.355380 0.391073 -0.116445 0.067317 
2.651581 1.391798 1.831037 0.409155 1.983719 0.872947 2.173839 0.467890 0.515863 0.121235 0.173183 0.073916 
2.570044 1.764875 1.485453 0.261665 1.157519 0.683699 1.445691 0.320959 0.308710 0.258145 0.055992 0.025212 
2.345695 1.545468 1.242540 0.105053 0.879979 0.211069 0.663683 0.219376 0.322632 0.194337 0.218763 0.021317 
2.467015 1.862841 1.140589 0.431845 1.156638 0.366739 1.221320 0.393683 0.411214 0.499503 0.251356 0.043056 
2.493561 2.374311 1.035056 0.275763 1.594957 0.543075 1.104301 1.092701 0.697563 0.495144 0.322008 0.024595 
2.573545 2.466688 1.416258 -0.024086 1.475459 0.489684 1.532061 0.997836 0.868221 0.201097 0.160376 0.022645 
2.569391 2.277872 1.397448 0.066544 1.762047 0.936786 1.388206 0.943230 0.531951 0.029754 -0.111918 0.028082 
2.623355 2.273945 1.198922 -0.007590 1.933746 1.172061 1.616905 1.240370 0.610658 -0.239917 -0.197742 0.008125 
2.720068 2.042413 1.164513 -0.345367 1.632915 0.595442 1.711202 1.091777 0.556595 -0.320158 -0.178662 0.015884 
2.775084 1.880173 0.936755 0.000175 1.963543 1.240364 1.273809 1.322453 0.304178 -0.300649 -0.084737 0.017260 
2.642809 1.412774 1.133915 0.157176 1.801190 1.538540 1.769573 1.314662 0.234768 -0.203486 0.031471 0.029285 
2.695259 1.620353 1.271685 -0.329440 1.275929 0.720823 1.449992 0.867148 0.201540 -0.076519 0.143519 0.018491 
2.685821 1.904867 1.137412 -0.226834 0.825357 1.226348 1.095360 0.611493 0.337312 -0.236463 0.184093 -0.006260 
2.522902 1.795944 1.207318 0.225248 0.725241 1.126598 1.054191 0.420718 0.547398 0.148936 0.285710 0.020333 
2.729616 2.335013 1.289052 0.066939 0.803534 1.536639 1.520534 0.294632 0.489082 -0.041960 0.334125 0.033734 
2.556454 2.239291 1.377250 0.523354 1.160373 1.818439 1.558808 0.472954 0.298094 -0.048927 0.179672 0.039562 
2.514375 2.139597 1.550183 0.634940 1.514927 1.752405 1.683220 0.565326 0.344231 -0.043057 0.072990 0.047402 
2.359949 2.104034 1.652385 0.410862 2.050481 1.621837 1.758759 0.715238 -0.043702 0.044077 -0.097890 0.064873 
2.303665 1.801601 1.677892 -0.033648 1.586408 1.045482 1.185057 0.667861 0.046492 0.210330 -0.044143 0.050766 
2.187646 1.862667 1.405640 0.150093 2.046289 1.223887 1.498431 0.977305 0.364390 0.422759 0.042167 0.036076 
2.335009 1.953256 1.330547 0.136471 2.175342 1.278561 1.114236 1.499717 0.650110 0.521584 0.098622 0.013758 
2.562516 1.901595 1.315483 0.234918 1.947576 0.971066 0.956271 1.523822 0.378998 0.555361 0.257829 0.011970 
2.771537 1.906610 1.362689 0.107013 2.004134 1.168084 0.674605 1.676628 0.464836 0.676380 0.240746 0.003417 
2.599529 2.093615 1.560453 -0.080929 2.005863 0.984778 0.686401 1.574396 0.352673 0.642982 0.159168 0.003291 
2.391055 2.126166 1.394280 0.015758 1.871725 0.721638 0.950123 1.453696 -0.100352 0.573402 0.186582 0.009986 
2.212918 1.968114 1.140779 0.025972 1.975452 1.008086 1.586576 1.370551 0.032922 0.462224 0.206725 0.001953 
2.247842 2.223395 1.581915 -0.201330 1.868124 1.082202 1.449078 1.397889 0.076672 0.396665 0.114504 -0.001405 
2.380842 2.182421 1.708705 -0.201005 1.684241 1.050247 1.179273 1.324741 -0.079630 0.384560 0.122616 -0.012270 
2.444137 2.113658 1.625914 -0.469514 1.279642 1.019608 0.880440 1.039757 -0.038186 0.386518 0.261557 -0.010021 
2.444607 2.176004 1.601589 -0.802503 1.301583 0.983126 1.054640 1.752811 -0.336501 0.263848 0.137293 -0.053138 
2.394092 2.140148 1.136250 -0.640290 1.907937 0.705209 1.052881 2.043564 0.014711 0.298118 0.116780 -0.045365 
2.349570 2.066727 0.900220 -0.630780 2.098502 0.787425 1.227800 1.978897 0.332215 0.038898 0.118782 -0.042479 
2.449030 2.287632 0.917273 -0.765309 1.961065 0.519269 1.278969 2.027141 0.176083 0.173888 0.008963 -0.031547 
2.415103 2.201015 0.809125 -0.449363 1.745944 0.138778 1.444100 1.526841 0.258576 0.167495 0.009835 0.013975 
2.694526 2.289915 1.244444 -0.441211 1.257632 -0.231310 1.845413 1.605372 0.189552 -0.020020 0.234248 0.010063 
2.605571 2.128825 1.844597 -0.666642 1.382560 -0.312979 1.410943 1.403527 0.409876 0.160976 0.041345 0.020079 
2.384895 2.015775 1.698525 -0.551915 1.678708 -0.080188 1.534154 1.736379 0.320841 0.248678 0.131766 0.001314 
2.303838 2.201542 1.601684 -0.525403 1.766888 0.242983 1.540713 1.545988 0.525330 0.424198 0.258462 -0.010198 
1.956781 2.286451 1.682038 -0.605529 1.158365 0.497024 1.340041 1.229749 0.269543 0.510642 0.359549 -0.029248 
2.148563 2.634486 1.597997 -0.404512 1.186569 0.350628 1.294741 1.298798 0.149621 0.489263 0.406412 -0.017838 
2.253978 2.722383 1.536561 -0.613488 0.937004 0.180977 1.053613 0.972796 0.437997 0.419712 0.326528 0.020681 
2.272374 2.466038 1.763728 -0.781527 0.505349 0.373817 0.897541 1.083955 0.225021 0.236710 0.181650 0.017287 
2.488950 2.385132 1.691622 -0.862872 1.166858 0.627767 0.891638 1.229158 0.386285 0.100471 -0.016230 0.011069 
2.380862 1.985382 1.987464 -0.839702 1.426869 0.516452 0.752721 1.453032 0.028418 0.069896 -0.053541 -0.003839 
2.091746 1.856427 2.261844 -0.316060 1.593807 0.868233 0.833622 1.252953 -0.211756 -0.230270 -0.086142 0.008574 
2.180316 1.675234 2.010346 -0.274253 1.596936 0.692272 0.785173 0.836232 -0.157309 0.042487 -0.032724 0.014203 
2.247666 1.772943 2.122247 -0.354458 1.768390 0.265433 1.009723 0.955068 0.016121 -0.004273 -0.001420 0.024357 
2.324346 1.995868 1.721133 -0.337472 1.797149 0.352068 1.292211 0.864389 0.362809 0.201290 0.015930 0.041979 
2.349468 2.438904 1.387049 -0.402809 2.106860 0.232375 0.837951 1.177969 0.637304 0.298729 0.113925 0.009198 
2.279821 2.458723 1.602473 -0.438154 1.639804 0.155204 0.675906 1.412263 0.425332 0.498064 0.175911 0.003607 
2.296543 2.576090 1.598734 -0.428063 1.757922 0.597970 0.532581 0.983364 0.389627 0.533058 0.365922 0.002745 
2.250500 2.566520 1.607220 -0.058285 1.887636 0.754593 0.363346 1.275071 0.707026 0.721059 0.456376 0.002731 
2.226857 2.499802 1.693812 -0.098545 1.944968 0.841580 0.748829 1.174549 0.656053 0.702932 0.393858 0.010060 
2.242879 2.368845 1.811643 0.197606 1.579401 1.437408 0.944727 1.361666 0.452996 0.523166 0.269988 0.012412 
2.373972 2.016509 1.762259 0.306473 1.560541 0.978085 0.403796 1.634155 0.492239 0.573139 0.269670 -0.011211 
2.291557 2.170631 1.412073 -0.091328 1.035541 1.238739 0.654880 1.154214 0.654988 0.476392 0.303635 -0.009646 
2.305577 1.963201 1.327511 0.003844 0.612840 1.479517 0.590966 0.939448 0.601778 0.345300 0.185790 -0.006284 
2.311311 1.817426 1.135803 -0.490238 0.807334 0.932296 0.583400 0.841565 0.609667 0.421025 0.146472 -0.003568 
2.227566 2.209668 1.405336 -0.634761 0.852476 0.714215 0.679311 0.855323 0.781822 0.213717 0.145313 -0.003631 
2.025444 1.322847 2.444946 -0.321358 1.380335 0.302576 1.599818 0.816828 0.313194 0.636675 0.179890 -0.009828 
1.998366 1.302529 2.003024 -0.263408 1.612200 0.439544 1.675479 0.800426 -0.089584 0.713977 0.360765 -0.019687 
2.012438 1.373671 2.095698 0.042847 1.773410 0.536957 1.368088 0.417088 -0.230992 0.722175 0.416433 -0.010273 
2.251051 1.192925 2.219256 -0.113478 1.542956 0.389778 1.206284 0.322543 -0.342727 0.785392 0.321877 0.004738 
2.434410 1.844065 1.319881 -0.306955 0.927439 1.194838 0.284418 0.038832 0.074589 0.404097 0.084807 0.016630 
2.626627 1.973533 1.786390 0.314105 0.751367 0.833569 0.216760 0.257680 0.220105 0.405404 0.083126 0.006248 
2.473777 2.266957 1.740683 0.349724 0.491087 0.567485 0.612121 0.280709 -0.113845 0.576815 -0.033251 0.001489 
2.312706 1.956654 1.438692 0.461095 1.156500 0.882103 0.753351 -0.068605 -0.040177 0.662169 0.248869 -0.011267 
2.412452 1.845094 1.323798 0.587084 1.221753 0.903284 0.872058 0.214204 -0.067048 0.669789 0.204648 -0.007918 
2.254987 1.779899 0.784836 0.139915 1.189590 0.743451 0.785741 0.160540 0.200614 0.652555 0.054941 -0.023093 
2.195547 1.732660 1.013204 0.036255 1.401383 0.925307 0.625236 0.213762 0.388837 0.679929 0.011170 -0.005479 
2.201890 1.974393 1.540444 0.427208 1.258438 0.602046 0.915244 0.599869 0.663749 0.514421 -0.008299 0.033238 
2.253885 2.289839 1.530949 0.279895 1.335198 0.726989 1.208585 0.714781 0.554192 0.662408 0.124337 0.052872 
2.296928 2.121488 1.757859 0.197546 1.630357 0.546306 1.038876 0.613161 0.700934 0.582052 0.154086 0.056604 
2.364521 2.250477 1.704396 0.196220 1.474067 0.693963 0.999230 0.466393 0.860683 0.587619 0.213863 0.056849 
2.370697 2.143969 1.584080 0.376834 1.262249 0.266462 0.509676 0.505626 0.743133 0.398679 0.361925 0.031890 
2.183862 1.977228 1.311114 0.168758 1.063209 0.256149 0.567845 0.289251 0.748634 0.343773 0.302402 0.019762 
2.285248 1.935253 0.963936 0.580820 0.838815 -0.056258 0.173400 0.497414 0.185722 0.240577 0.273398 -0.006994 
2.071234 1.927830 0.961961 0.241172 0.719008 -0.353574 0.216227 0.777211 0.302620 0.071061 0.387650 -0.045931 
2.103109 1.692970 1.192275 0.432724 0.498315 0.123087 0.240091 0.575026 0.231968 0.086641 0.305217 -0.030562 
2.277432 1.973082 1.493702 0.772413 1.777984 0.191985 0.181839 0.677921 0.587960 0.121622 0.306372 -0.020100 
2.329840 2.269181 2.011131 0.803890 1.311348 0.469426 0.737226 1.240818 0.804780 0.168096 0.498258 0.014016 
2.325516 2.188131 1.990310 0.849040 1.205608 0.835228 0.886589 1.179258 0.607693 0.410255 0.316982 0.021270 
2.272987 2.099598 1.972379 1.030356 1.528102 0.470396 0.658942 1.343871 0.702110 0.393270 0.042744 0.033922 
2.347713 2.125478 1.492254 0.578946 0.984493 0.555087 1.240334 1.039665 0.440027 0.358332 -0.087421 0.019392 
2.268527 1.974904 0.719771 -0.054550 0.524281 -0.008744 0.921515 -0.001816 0.105113 0.172781 -0.085736 0.021175 
2.249933 1.904820 0.881207 -0.215412 0.224039 -0.162056 1.006777 -0.024257 0.133436 0.069310 0.014597 0.036508 
2.565725 2.004894 1.338027 -0.075815 0.611977 0.182312 1.182871 -0.000037 0.585705 -0.009901 0.027523 0.048512 
2.435915 1.930710 1.716805 0.044454 0.610145 0.226377 0.896710 0.178275 0.647248 -0.049167 0.351916 0.052065 
2.276380 2.065147 1.956671 0.213552 0.510543 0.276224 0.445204 0.650663 0.758061 -0.094717 0.210873 0.038197 
2.325581 2.220431 1.623220 0.411945 1.044665 0.282194 0.151247 0.473315 0.665412 -0.182252 0.303023 0.019424 
2.255697 2.307935 1.589500 0.068594 0.827395 0.393650 0.204588 0.230980 0.172413 0.099387 0.322711 0.026984 
2.279759 2.219255 1.272914 0.144807 0.699425 0.434934 0.427251 0.252489 0.262170 -0.030694 0.110103 0.037062 
2.406070 2.364859 1.327508 0.151214 0.646463 0.429477 0.487152 0.527153 0.016985 0.229783 0.065366 0.026618 
2.493257 2.086180 1.469565 -0.078163 0.774780 0.250746 0.299587 0.923279 -0.007942 0.463676 -0.042981 0.033477 
2.462934 2.036250 1.387090 0.127171 0.598051 -0.049168 -0.116893 0.666200 0.034687 0.319884 0.041351 0.030037 
2.193131 2.201308 1.514813 0.339439 0.796148 -0.095927 -0.226151 0.391021 0.158459 0.418827 0.189880 0.051597 
2.062663 1.994666 1.541400 0.476525 0.856555 -0.238707 0.013157 0.316780 0.390955 0.348059 0.187690 0.057062 
2.094673 1.959108 1.573478 0.251261 -0.003348 -0.248674 0.459878 0.331220 0.341169 0.227482 0.004986 0.073154 
2.124882 1.834443 1.493044 0.170892 0.179665 -0.223066 0.621423 0.470515 0.407510 -0.016811 -0.034475 0.051641 
2.240296 1.965896 1.672701 -0.003938 0.269885 -0.544033 1.005459 0.072532 0.646726 -0.320706 -0.058254 0.037185 
2.392925 2.098791 1.954960 -0.131314 0.639139 0.015291 1.219797 0.278467 0.312514 -0.124486 0.049114 0.036638 
2.427834 2.299808 1.654043 0.093653 0.822859 0.251974 1.037583 0.207893 0.241413 -0.186180 0.121785 0.035633 
2.448005 2.325645 1.581788 0.175191 1.009333 0.772277 1.135111 -0.004195 0.361246 -0.075941 0.197758 0.041391 
2.562270 2.274035 1.540698 0.688252 1.147634 1.222720 0.777723 0.478554 0.159805 0.423210 0.116302 0.042027 
